0 33 32 31
0 1 2 3
1 0 33 32
1 2 3 4
2 1 0 33
2 3 4 5
3 2 1 0
3 4 5 6
4 3 2 1
4 5 6 7
5 4 3 2
5 6 7 8
6 5 4 3
6 7 8 9
7 6 5 4
7 8 9 10
8 7 6 5
8 9 10 11
9 8 7 6
9 10 11 12
10 9 8 7
10 11 12 13
11 10 9 8
11 12 13 14
12 13 14 15
12 11 10 9
13 14 15 34
13 12 11 10
14 15 34 35
14 13 12 11
15 34 35 36
15 14 13 12
16 49 48 47
16 17 18 19
17 16 49 48
17 18 19 20
18 17 16 49
18 19 20 21
19 18 17 16
19 20 21 22
20 19 18 17
20 21 22 23
21 20 19 18
21 22 23 24
22 21 20 19
22 23 24 25
23 22 21 20
23 24 25 26
24 23 22 21
24 25 26 27
25 24 23 22
25 26 27 28
26 25 24 23
26 27 28 29
27 26 25 24
27 28 29 30
28 27 26 25
28 29 30 31
29 28 27 26
29 30 31 32
30 29 28 27
30 31 32 33
31 30 29 28
31 32 33 0
32 31 30 29
32 33 0 1
33 32 31 30
33 0 1 2
34 35 36 50
34 15 14 13
35 36 50 51
35 34 15 14
36 50 51 70
36 35 34 15
37 69 68 67
37 38 39 40
38 37 69 68
38 39 40 41
39 38 37 69
39 40 41 42
40 39 38 37
40 41 42 43
41 40 39 38
41 42 43 44
42 41 40 39
42 43 44 45
43 42 41 40
43 44 45 46
44 43 42 41
44 45 46 47
45 44 43 42
45 46 47 48
46 45 44 43
46 47 48 49
47 46 45 44
47 48 49 16
48 47 46 45
48 49 16 17
49 48 47 46
49 16 17 18
50 51 70 84
50 36 35 34
51 70 84 95
51 50 36 35
52 83 82 81
52 53 54 55
53 52 83 82
53 54 55 56
54 53 52 83
54 55 56 57
55 54 53 52
55 56 57 58
56 55 54 53
56 57 58 59
57 56 55 54
57 58 59 60
58 57 56 55
58 59 60 61
59 58 57 56
59 60 61 62
60 59 58 57
60 61 62 63
61 60 59 58
61 62 63 64
62 61 60 59
62 63 64 65
63 62 61 60
63 64 65 66
64 63 62 61
64 65 66 67
65 64 63 62
65 66 67 68
66 65 64 63
66 67 68 69
67 66 65 64
67 68 69 37
68 67 66 65
68 69 37 38
69 68 67 66
69 37 38 39
70 84 95 96
70 51 50 36
71 94 93 92
71 72 73 74
72 71 94 93
72 73 74 75
73 72 71 94
73 74 75 76
74 73 72 71
74 75 76 77
75 74 73 72
75 76 77 78
76 75 74 73
76 77 78 79
77 76 75 74
77 78 79 80
78 77 76 75
78 79 80 81
79 78 77 76
79 80 81 82
80 79 78 77
80 81 82 83
81 80 79 78
81 82 83 52
82 81 80 79
82 83 52 53
83 82 81 80
83 52 53 54
84 95 96 100
84 70 51 50
85 98 97 103
85 86 87 88
86 85 98 97
86 87 88 89
87 86 85 98
87 88 89 90
88 87 86 85
88 89 90 91
89 88 87 86
89 90 91 92
90 89 88 87
90 91 92 93
91 90 89 88
91 92 93 94
92 91 90 89
92 93 94 71
93 92 91 90
93 94 71 72
94 93 92 91
94 71 72 73
95 96 100 101
95 84 70 51
96 100 101 106
96 95 84 70
97 103 102 109
97 98 85 86
98 97 103 102
98 85 86 87
99 105 104 110
100 101 106 107
100 96 95 84
101 106 107 111
101 100 96 95
102 109 108 115
102 103 97 98
103 102 109 108
103 97 98 85
104 110 117 116
104 105 99 -1
105 104 110 117
106 107 111 112
106 101 100 96
107 111 112 118
107 106 101 100
108 115 114 113
108 109 102 103
109 108 115 114
109 102 103 97
110 117 116 123
110 104 105 99
111 112 118 124
111 107 106 101
112 118 124 129
112 111 107 106
113 121 120 119
113 114 115 108
114 113 121 120
114 115 108 109
115 114 113 121
115 108 109 102
116 123 122 128
116 117 110 104
117 116 123 122
117 110 104 105
117 110 104 99
118 124 129 130
118 112 111 107
119 126 125 132
119 120 121 113
120 119 126 125
120 121 113 114
121 120 119 126
121 113 114 115
122 128 127 134
122 123 116 117
123 122 128 127
123 116 117 110
124 129 130 135
124 118 112 111
125 132 131 139
125 126 119 120
126 125 132 131
126 119 120 121
127 134 133 141
127 128 122 123
128 127 134 133
128 122 123 116
129 130 135 136
129 124 118 112
130 135 136 142
130 129 124 118
131 139 138 137
131 132 125 126
132 131 139 138
132 125 126 119
133 141 140 147
133 134 127 128
134 133 141 140
134 127 128 122
135 136 142 143
135 130 129 124
136 142 143 148
136 135 130 129
137 145 144 151
137 138 139 131
138 137 145 144
138 139 131 132
139 138 137 145
139 131 132 125
140 147 146 153
140 141 133 134
141 140 147 146
141 133 134 127
142 143 148 149
142 136 135 130
143 148 149 154
143 142 136 135
144 151 150 157
144 145 137 138
145 144 151 150
145 137 138 139
146 153 152 159
146 147 140 141
147 146 153 152
147 140 141 133
148 149 154 160
148 143 142 136
149 154 160 161
149 148 143 142
150 157 156 155
150 151 144 145
151 150 157 156
151 144 145 137
152 159 158 165
152 153 146 147
153 152 159 158
153 146 147 140
154 160 161 166
154 149 148 143
155 163 162 169
155 156 157 150
156 155 163 162
156 157 150 151
157 156 155 163
157 150 151 144
158 165 164 171
158 159 152 153
159 158 165 164
159 152 153 146
160 161 166 167
160 154 149 148
161 166 167 172
161 160 154 149
162 169 168 176
162 163 155 156
163 162 169 168
163 155 156 157
164 171 170 178
164 165 158 159
165 164 171 170
165 158 159 152
166 167 172 173
166 161 160 154
167 172 173 179
167 166 161 160
168 176 175 174
168 169 162 163
169 168 176 175
169 162 163 155
170 178 177 184
170 171 164 165
171 170 178 177
171 164 165 158
172 173 179 180
172 167 166 161
173 179 180 185
173 172 167 166
174 182 181 188
174 175 176 168
175 174 182 181
175 176 168 169
176 175 174 182
176 168 169 162
177 184 183 190
177 178 170 171
178 177 184 183
178 170 171 164
179 180 185 186
179 173 172 167
180 185 186 191
180 179 173 172
181 188 187 194
181 182 174 175
182 181 188 187
182 174 175 176
183 190 189 195
183 184 177 178
184 183 190 189
184 177 178 170
185 186 191 196
185 180 179 173
186 191 196 197
186 185 180 179
187 194 193 192
187 188 181 182
188 187 194 193
188 181 182 174
189 195 200 207
189 190 183 184
190 189 195 200
190 183 184 177
191 196 197 201
191 186 185 180
192 199 198 205
192 193 194 187
193 192 199 198
193 194 187 188
194 193 192 199
194 187 188 181
195 200 207 206
195 189 190 183
196 197 201 202
196 191 186 185
197 201 202 208
197 196 191 186
198 205 204 203
198 199 192 193
199 198 205 204
199 192 193 194
200 207 206 214
200 195 189 190
201 202 208 209
201 197 196 191
202 208 209 215
202 201 197 196
203 211 210 218
203 204 205 198
204 203 211 210
204 205 198 199
205 204 203 211
205 198 199 192
206 214 213 212
206 207 200 195
207 206 214 213
207 200 195 189
208 209 215 216
208 202 201 197
209 215 216 221
209 208 202 201
210 218 217 224
210 211 203 204
211 210 218 217
211 203 204 205
212 220 219 226
212 213 214 206
213 212 220 219
213 214 206 207
214 213 212 220
214 206 207 200
215 216 221 222
215 209 208 202
216 221 222 227
216 215 209 208
217 224 223 229
217 218 210 211
218 217 224 223
218 210 211 203
219 226 225 231
219 220 212 213
220 219 226 225
220 212 213 214
221 222 227 232
221 216 215 209
222 227 232 233
222 221 216 215
223 229 228 235
223 224 217 218
224 223 229 228
224 217 218 210
225 231 230 236
225 226 219 220
226 225 231 230
226 219 220 212
227 232 233 237
227 222 221 216
228 235 234 240
228 229 223 224
229 228 235 234
229 223 224 217
230 236 241 247
230 231 225 226
231 230 236 241
231 225 226 219
232 233 237 238
232 227 222 221
233 237 238 242
233 232 227 222
234 240 239 245
234 235 228 229
235 234 240 239
235 228 229 223
236 241 247 246
236 230 231 225
237 238 242 243
237 233 232 227
238 242 243 248
238 237 233 232
239 245 244 251
239 240 234 235
240 239 245 244
240 234 235 228
241 247 246 253
241 236 230 231
242 243 248 249
242 238 237 233
243 248 249 254
243 242 238 237
244 251 250 257
244 245 239 240
245 244 251 250
245 239 240 234
246 253 252 259
246 247 241 236
247 246 253 252
247 241 236 230
248 249 254 255
248 243 242 238
249 254 255 260
249 248 243 242
250 257 256 263
250 251 244 245
251 250 257 256
251 244 245 239
252 259 258 265
252 253 246 247
253 252 259 258
253 246 247 241
254 255 260 266
254 249 248 243
255 260 266 267
255 254 249 248
256 263 262 261
256 257 250 251
257 256 263 262
257 250 251 244
258 265 264 271
258 259 252 253
259 258 265 264
259 252 253 246
260 266 267 272
260 255 254 249
261 269 268 275
261 262 263 256
262 261 269 268
262 263 256 257
263 262 261 269
263 256 257 250
264 271 270 277
264 265 258 259
265 264 271 270
265 258 259 252
266 267 272 273
266 260 255 254
267 272 273 278
267 266 260 255
268 275 274 281
268 269 261 262
269 268 275 274
269 261 262 263
270 277 276 283
270 271 264 265
271 270 277 276
271 264 265 258
272 273 278 279
272 267 266 260
273 278 279 284
273 272 267 266
274 281 280 287
274 275 268 269
275 274 281 280
275 268 269 261
276 283 282 289
276 277 270 271
277 276 283 282
277 270 271 264
278 279 284 285
278 273 272 267
279 284 285 290
279 278 273 272
280 287 286 294
280 281 274 275
281 280 287 286
281 274 275 268
282 289 288 296
282 283 276 277
283 282 289 288
283 276 277 270
284 285 290 291
284 279 278 273
285 290 291 297
285 284 279 278
286 294 293 292
286 287 280 281
287 286 294 293
287 280 281 274
288 296 295 300
288 289 282 283
289 288 296 295
289 282 283 276
290 291 297 301
290 285 284 279
291 297 301 302
291 290 285 284
292 299 298 304
292 293 294 286
293 292 299 298
293 294 286 287
294 293 292 299
294 286 287 280
295 300 305 312
295 296 288 289
296 295 300 305
296 288 289 282
297 301 302 306
297 291 290 285
298 304 303 310
298 299 292 293
299 298 304 303
299 292 293 294
300 305 312 311
300 295 296 288
301 302 306 307
301 297 291 290
302 306 307 313
302 301 297 291
303 310 309 308
303 304 298 299
304 303 310 309
304 298 299 292
305 312 311 318
305 300 295 296
306 307 313 314
306 302 301 297
307 313 314 319
307 306 302 301
308 316 315 322
308 309 310 303
309 308 316 315
309 310 303 304
310 309 308 316
310 303 304 298
311 318 317 324
311 312 305 300
312 311 318 317
312 305 300 295
313 314 319 320
313 307 306 302
314 319 320 325
314 313 307 306
315 322 321 329
315 316 308 309
316 315 322 321
316 308 309 310
317 324 323 331
317 318 311 312
318 317 324 323
318 311 312 305
319 320 325 326
319 314 313 307
320 325 326 332
320 319 314 313
321 329 328 327
321 322 315 316
322 321 329 328
322 315 316 308
323 331 330 336
323 324 317 318
324 323 331 330
324 317 318 311
325 326 332 337
325 320 319 314
326 332 337 338
326 325 320 319
327 334 333 340
327 328 329 321
328 327 334 333
328 329 321 322
329 328 327 334
329 321 322 315
330 336 335 342
330 331 323 324
331 330 336 335
331 323 324 317
332 337 338 343
332 326 325 320
333 340 339 346
333 334 327 328
334 333 340 339
334 327 328 329
335 342 341 348
335 336 330 331
336 335 342 341
336 330 331 323
337 338 343 344
337 332 326 325
338 343 344 349
338 337 332 326
339 346 345 352
339 340 333 334
340 339 346 345
340 333 334 327
341 348 347 354
341 342 335 336
342 341 348 347
342 335 336 330
343 344 349 350
343 338 337 332
344 349 350 355
344 343 338 337
345 352 351 358
345 346 339 340
346 345 352 351
346 339 340 333
347 354 353 360
347 348 341 342
348 347 354 353
348 341 342 335
349 350 355 356
349 344 343 338
350 355 356 361
350 349 344 343
351 358 357 364
351 352 345 346
352 351 358 357
352 345 346 339
353 360 359 366
353 354 347 348
354 353 360 359
354 347 348 341
355 356 361 362
355 350 349 344
356 361 362 367
356 355 350 349
357 364 363 369
357 358 351 352
358 357 364 363
358 351 352 345
359 366 365 370
359 360 353 354
360 359 366 365
360 353 354 347
361 362 367 371
361 356 355 350
362 367 371 372
362 361 356 355
363 369 368 374
363 364 357 358
364 363 369 368
364 357 358 351
365 370 375 381
365 366 359 360
366 365 370 375
366 359 360 353
367 371 372 376
367 362 361 356
368 374 373 379
368 369 363 364
369 368 374 373
369 363 364 357
370 375 381 380
370 365 366 359
371 372 376 377
371 367 362 361
372 376 377 382
372 371 367 362
373 379 378 385
373 374 368 369
374 373 379 378
374 368 369 363
375 381 380 387
375 370 365 366
376 377 382 383
376 372 371 367
377 382 383 388
377 376 372 371
378 385 384 391
378 379 373 374
379 378 385 384
379 373 374 368
380 387 386 393
380 381 375 370
381 380 387 386
381 375 370 365
382 383 388 389
382 377 376 372
383 388 389 394
383 382 377 376
384 391 390 398
384 385 378 379
385 384 391 390
385 378 379 373
386 393 392 400
386 387 380 381
387 386 393 392
387 380 381 375
388 389 394 395
388 383 382 377
389 394 395 401
389 388 383 382
390 398 397 396
390 391 384 385
391 390 398 397
391 384 385 378
392 400 399 405
392 393 386 387
393 392 400 399
393 386 387 380
394 395 401 406
394 389 388 383
395 401 406 407
395 394 389 388
396 403 402 409
396 397 398 390
397 396 403 402
397 398 390 391
398 397 396 403
398 390 391 384
399 405 404 411
399 400 392 393
400 399 405 404
400 392 393 386
401 406 407 412
401 395 394 389
402 409 408 415
402 403 396 397
403 402 409 408
403 396 397 398
404 411 410 417
404 405 399 400
405 404 411 410
405 399 400 392
406 407 412 413
406 401 395 394
407 412 413 418
407 406 401 395
408 415 414 421
408 409 402 403
409 408 415 414
409 402 403 396
410 417 416 423
410 411 404 405
411 410 417 416
411 404 405 399
412 413 418 419
412 407 406 401
413 418 419 424
413 412 407 406
414 421 420 427
414 415 408 409
415 414 421 420
415 408 409 402
416 423 422 429
416 417 410 411
417 416 423 422
417 410 411 404
418 419 424 425
418 413 412 407
419 424 425 430
419 418 413 412
420 427 426 433
420 421 414 415
421 420 427 426
421 414 415 408
422 429 428 435
422 423 416 417
423 422 429 428
423 416 417 410
424 425 430 431
424 419 418 413
425 430 431 436
425 424 419 418
426 433 432 438
426 427 420 421
427 426 433 432
427 420 421 414
428 435 434 440
428 429 422 423
429 428 435 434
429 422 423 416
430 431 436 441
430 425 424 419
431 436 441 442
431 430 425 424
432 438 437 444
432 433 426 427
433 432 438 437
433 426 427 420
434 440 439 446
434 435 428 429
435 434 440 439
435 428 429 422
436 441 442 447
436 431 430 425
437 444 443 449
437 438 432 433
438 437 444 443
438 432 433 426
439 446 445 451
439 440 434 435
440 439 446 445
440 434 435 428
441 442 447 448
441 436 431 430
442 447 448 452
442 441 436 431
443 449 455 454
443 444 437 438
444 443 449 455
444 437 438 432
445 451 450 457
445 446 439 440
446 445 451 450
446 439 440 434
447 448 452 453
447 442 441 436
448 452 453 458
448 447 442 441
449 455 454 461
449 443 444 437
450 457 456 463
450 451 445 446
451 450 457 456
451 445 446 439
452 453 458 459
452 448 447 442
453 458 459 464
453 452 448 447
454 461 460 466
454 455 449 443
455 454 461 460
455 449 443 444
456 463 462 468
456 457 450 451
457 456 463 462
457 450 451 445
458 459 464 469
458 453 452 448
459 464 469 474
459 458 453 452
460 466 465 471
460 461 454 455
461 460 466 465
461 454 455 449
462 468 467 473
462 463 456 457
463 462 468 467
463 456 457 450
464 469 474 475
464 459 458 453
465 471 470 477
465 466 460 461
466 465 471 470
466 460 461 454
467 473 472 479
467 468 462 463
468 467 473 472
468 462 463 456
469 474 475 480
469 464 459 458
470 477 476 483
470 471 465 466
471 470 477 476
471 465 466 460
472 479 478 485
472 473 467 468
473 472 479 478
473 467 468 462
474 475 480 481
474 469 464 459
475 480 481 486
475 474 469 464
476 483 482 488
476 477 470 471
477 476 483 482
477 470 471 465
478 485 484 489
478 479 472 473
479 478 485 484
479 472 473 467
480 481 486 487
480 475 474 469
481 486 487 490
481 480 475 474
482 488 493 492
482 483 476 477
483 482 488 493
483 476 477 470
484 489 495 494
484 485 478 479
485 484 489 495
485 478 479 472
486 487 490 491
486 481 480 475
487 490 491 496
487 486 481 480
488 493 492 498
488 482 483 476
489 495 494 500
489 484 485 478
490 491 496 501
490 487 486 481
491 496 501 506
491 490 487 486
492 498 497 503
492 493 488 482
493 492 498 497
493 488 482 483
494 500 499 505
494 495 489 484
495 494 500 499
495 489 484 485
496 501 506 507
496 491 490 487
497 503 502 508
497 498 492 493
498 497 503 502
498 492 493 488
499 505 504 510
499 500 494 495
500 499 505 504
500 494 495 489
501 506 507 511
501 496 491 490
502 508 513 519
502 503 497 498
503 502 508 513
503 497 498 492
504 510 509 515
504 505 499 500
505 504 510 509
505 499 500 494
506 507 511 512
506 501 496 491
507 511 512 516
507 506 501 496
508 513 519 518
508 502 503 497
509 515 514 521
509 510 504 505
510 509 515 514
510 504 505 499
511 512 516 517
511 507 506 501
512 516 517 522
512 511 507 506
513 519 518 525
513 508 502 503
514 521 520 527
514 515 509 510
515 514 521 520
515 509 510 504
516 517 522 523
516 512 511 507
517 522 523 528
517 516 512 511
518 525 524 529
518 519 513 508
519 518 525 524
519 513 508 502
520 527 526 531
520 521 514 515
521 520 527 526
521 514 515 509
522 523 528 532
522 517 516 512
523 528 532 537
523 522 517 516
524 529 534 533
524 525 518 519
525 524 529 534
525 518 519 513
526 531 530 536
526 527 520 521
527 526 531 530
527 520 521 514
528 532 537 538
528 523 522 517
529 534 533 540
529 524 525 518
530 536 535 542
530 531 526 527
531 530 536 535
531 526 527 520
532 537 538 543
532 528 523 522
533 540 539 545
533 534 529 524
534 533 540 539
534 529 524 525
535 542 541 547
535 536 530 531
536 535 542 541
536 530 531 526
537 538 543 544
537 532 528 523
538 543 544 548
538 537 532 528
539 545 551 550
539 540 533 534
540 539 545 551
540 533 534 529
541 547 546 552
541 542 535 536
542 541 547 546
542 535 536 530
543 544 548 549
543 538 537 532
544 548 549 553
544 543 538 537
545 551 550 555
545 539 540 533
546 552 556 560
546 547 541 542
547 546 552 556
547 541 542 535
548 549 553 554
548 544 543 538
549 553 554 557
549 548 544 543
550 555 558 563
550 551 545 539
551 550 555 558
551 545 539 540
552 556 560 559
552 546 547 541
553 554 557 561
553 549 548 544
554 557 561 566
554 553 549 548
555 558 563 562
555 550 551 545
556 560 559 565
556 552 546 547
557 561 566 567
557 554 553 549
558 563 562 568
558 555 550 551
559 565 564 570
559 560 556 552
560 559 565 564
560 556 552 546
561 566 567 571
561 557 554 553
562 568 574 573
562 563 558 555
563 562 568 574
563 558 555 550
564 570 569 576
564 565 559 560
565 564 570 569
565 559 560 556
566 567 571 572
566 561 557 554
567 571 572 577
567 566 561 557
568 574 573 579
568 562 563 558
569 576 575 581
569 570 564 565
570 569 576 575
570 564 565 559
571 572 577 578
571 567 566 561
572 577 578 582
572 571 567 566
573 579 585 584
573 574 568 562
574 573 579 585
574 568 562 563
575 581 580 587
575 576 569 570
576 575 581 580
576 569 570 564
577 578 582 583
577 572 571 567
578 582 583 588
578 577 572 571
579 585 584 589
579 573 574 568
580 587 586 591
580 581 575 576
581 580 587 586
581 575 576 569
582 583 588 592
582 578 577 572
583 588 592 596
583 582 578 577
584 589 593 598
584 585 579 573
585 584 589 593
585 579 573 574
586 591 590 595
586 587 580 581
587 586 591 590
587 580 581 575
588 592 596 597
588 583 582 578
589 593 598 603
589 584 585 579
590 595 594 600
590 591 586 587
591 590 595 594
591 586 587 580
592 596 597 601
592 588 583 582
593 598 603 608
593 589 584 585
594 600 599 605
594 595 590 591
595 594 600 599
595 590 591 586
596 597 601 602
596 592 588 583
597 601 602 606
597 596 592 588
598 603 608 613
598 593 589 584
599 605 604 610
599 600 594 595
600 599 605 604
600 594 595 590
601 602 606 607
601 597 596 592
602 606 607 611
602 601 597 596
603 608 613 616
603 598 593 589
604 610 609 614
604 605 599 600
605 604 610 609
605 599 600 594
606 607 611 612
606 602 601 597
607 611 612 615
607 606 602 601
608 613 616 619
608 603 598 593
609 614 617 621
609 610 604 605
610 609 614 617
610 604 605 599
611 612 615 618
611 607 606 602
612 615 618 622
612 611 607 606
613 616 619 625
613 608 603 598
614 617 621 620
614 609 610 604
615 618 622 623
615 612 611 607
616 619 625 624
616 613 608 603
617 621 620 627
617 614 609 610
618 622 623 628
618 615 612 611
619 625 624 630
619 616 613 608
620 627 626 632
620 621 617 614
621 620 627 626
621 617 614 609
622 623 628 629
622 618 615 612
623 628 629 633
623 622 618 615
624 630 636 635
624 625 619 616
625 624 630 636
625 619 616 613
626 632 631 638
626 627 620 621
627 626 632 631
627 620 621 617
628 629 633 634
628 623 622 618
629 633 634 639
629 628 623 622
630 636 635 641
630 624 625 619
631 638 637 643
631 632 626 627
632 631 638 637
632 626 627 620
633 634 639 640
633 629 628 623
634 639 640 644
634 633 629 628
635 641 646 645
635 636 630 624
636 635 641 646
636 630 624 625
637 643 642 648
637 638 631 632
638 637 643 642
638 631 632 626
639 640 644 649
639 634 633 629
640 644 649 653
640 639 634 633
641 646 645 650
641 635 636 630
642 648 647 652
642 643 637 638
643 642 648 647
643 637 638 631
644 649 653 654
644 640 639 634
645 650 655 660
645 646 641 635
646 645 650 655
646 641 635 636
647 652 651 657
647 648 642 643
648 647 652 651
648 642 643 637
649 653 654 658
649 644 640 639
650 655 660 665
650 645 646 641
651 657 656 662
651 652 647 648
652 651 657 656
652 647 648 642
653 654 658 659
653 649 644 640
654 658 659 663
654 653 649 644
655 660 665 670
655 650 645 646
656 662 661 667
656 657 651 652
657 656 662 661
657 651 652 647
658 659 663 664
658 654 653 649
659 663 664 668
659 658 654 653
660 665 670 674
660 655 650 645
661 667 666 672
661 662 656 657
662 661 667 666
662 656 657 651
663 664 668 669
663 659 658 654
664 668 669 673
664 663 659 658
665 670 674 679
665 660 655 650
666 672 671 676
666 667 661 662
667 666 672 671
667 661 662 656
668 669 673 677
668 664 663 659
669 673 677 682
669 668 664 663
670 674 679 678
670 665 660 655
671 676 675 681
671 672 666 667
672 671 676 675
672 666 667 661
673 677 682 683
673 669 668 664
674 679 678 684
674 670 665 660
675 681 680 686
675 676 671 672
676 675 681 680
676 671 672 666
677 682 683 687
677 673 669 668
678 684 690 689
678 679 674 670
679 678 684 690
679 674 670 665
680 686 685 691
680 681 675 676
681 680 686 685
681 675 676 671
682 683 687 688
682 677 673 669
683 687 688 692
683 682 677 673
684 690 689 694
684 678 679 674
685 691 696 695
685 686 680 681
686 685 691 696
686 680 681 675
687 688 692 693
687 683 682 677
688 692 693 697
688 687 683 682
689 694 698 701
689 690 684 678
690 689 694 698
690 684 678 679
691 696 695 699
691 685 686 680
692 693 697 700
692 688 687 683
693 697 700 703
693 692 688 687
694 698 701 704
694 689 690 684
695 699 702 705
695 696 691 685
696 695 699 702
696 691 685 686
697 700 703 706
697 693 692 688
698 701 704 708
698 694 689 690
699 702 705 709
699 695 696 691
700 703 706 710
700 697 693 692
701 704 708 707
701 698 694 689
702 705 709 712
702 699 695 696
703 706 710 713
703 700 697 693
704 708 707 711
704 701 698 694
705 709 712 715
705 702 699 695
706 710 713 716
706 703 700 697
707 711 714 718
707 708 704 701
708 707 711 714
708 704 701 698
709 712 715 719
709 705 702 699
710 713 716 720
710 706 703 700
711 714 718 717
711 707 708 704
712 715 719 722
712 709 705 702
713 716 720 723
713 710 706 703
714 718 717 721
714 711 707 708
715 719 722 725
715 712 709 705
716 720 723 726
716 713 710 706
717 721 724 727
717 718 714 711
718 717 721 724
718 714 711 707
719 722 725 728
719 715 712 709
720 723 726 729
720 716 713 710
721 724 727 730
721 717 718 714
722 725 728 731
722 719 715 712
723 726 729 743
723 720 716 713
724 727 730 744
724 721 717 718
725 728 731 745
725 722 719 715
726 729 743 755
726 723 720 716
727 730 744 756
727 724 721 717
728 731 745 757
728 725 722 719
729 743 755 764
729 726 723 720
730 744 756 765
730 727 724 721
731 745 757 766
731 728 725 722
732 749 748 747
732 733 734 735
733 732 749 748
733 734 735 736
734 733 732 749
734 735 736 737
735 734 733 732
735 736 737 738
736 735 734 733
736 737 738 739
737 738 739 740
737 736 735 734
738 739 740 741
738 737 736 735
739 740 741 742
739 738 737 736
740 741 742 750
740 739 738 737
741 742 750 751
741 740 739 738
742 750 751 752
742 741 740 739
743 755 764 773
743 729 726 723
744 756 765 775
744 730 727 724
745 757 766 776
745 731 728 725
746 760 759 758
746 747 748 749
747 746 760 759
747 748 749 732
748 747 746 760
748 749 732 733
749 748 747 746
749 732 733 734
750 751 752 753
750 742 741 740
751 752 753 754
751 750 742 741
752 753 754 761
752 751 750 742
753 754 761 762
753 752 751 750
754 761 762 763
754 753 752 751
755 764 773 783
755 743 729 726
756 765 775 774
756 744 730 727
757 766 776 785
757 745 731 728
758 769 768 767
758 759 760 746
759 758 769 768
759 760 746 747
760 759 758 769
760 746 747 748
761 762 763 770
761 754 753 752
762 763 770 771
762 761 754 753
763 770 771 772
763 762 761 754
764 773 783 791
764 755 743 729
765 775 774 784
765 756 744 730
766 776 785 793
766 757 745 731
767 779 778 777
767 768 769 758
768 767 779 778
768 769 758 759
769 768 767 779
769 758 759 760
770 771 772 780
770 763 762 761
771 772 780 781
771 770 763 762
772 780 781 782
772 771 770 763
773 783 791 799
773 764 755 743
774 784 792 800
774 775 765 756
775 774 784 792
775 765 756 744
776 785 793 801
776 766 757 745
777 788 787 786
777 778 779 767
778 777 788 787
778 779 767 768
779 778 777 788
779 767 768 769
780 781 782 789
780 772 771 770
781 782 789 790
781 780 772 771
782 789 790 796
782 781 780 772
783 791 799 806
783 773 764 755
784 792 800 807
784 774 775 765
785 793 801 808
785 776 766 757
786 795 794 803
786 787 788 777
787 786 795 794
787 788 777 778
788 787 786 795
788 777 778 779
789 790 796 797
789 782 781 780
790 796 797 798
790 789 782 781
791 799 806 814
791 783 773 764
792 800 807 815
792 784 774 775
793 801 808 816
793 785 776 766
794 803 802 811
794 795 786 787
795 794 803 802
795 786 787 788
796 797 798 804
796 790 789 782
797 798 804 805
797 796 790 789
798 804 805 812
798 797 796 790
799 806 814 821
799 791 783 773
800 807 815 822
800 792 784 774
801 808 816 823
801 793 785 776
802 811 810 809
802 803 794 795
803 802 811 810
803 794 795 786
804 805 812 813
804 798 797 796
805 812 813 819
805 804 798 797
806 814 821 828
806 799 791 783
807 815 822 829
807 800 792 784
808 816 823 830
808 801 793 785
809 818 817 825
809 810 811 802
810 809 818 817
810 811 802 803
811 810 809 818
811 802 803 794
812 813 819 820
812 805 804 798
813 819 820 826
813 812 805 804
814 821 828 835
814 806 799 791
815 822 829 836
815 807 800 792
816 823 830 837
816 808 801 793
817 825 824 832
817 818 809 810
818 817 825 824
818 809 810 811
819 820 826 827
819 813 812 805
820 826 827 833
820 819 813 812
821 828 835 842
821 814 806 799
822 829 836 843
822 815 807 800
823 830 837 844
823 816 808 801
824 832 831 839
824 825 817 818
825 824 832 831
825 817 818 809
826 827 833 834
826 820 819 813
827 833 834 840
827 826 820 819
828 835 842 849
828 821 814 806
829 836 843 850
829 822 815 807
830 837 844 851
830 823 816 808
831 839 838 846
831 832 824 825
832 831 839 838
832 824 825 817
833 834 840 841
833 827 826 820
834 840 841 847
834 833 827 826
835 842 849 856
835 828 821 814
836 843 850 857
836 829 822 815
837 844 851 858
837 830 823 816
838 846 845 853
838 839 831 832
839 838 846 845
839 831 832 824
840 841 847 848
840 834 833 827
841 847 848 854
841 840 834 833
842 849 856 863
842 835 828 821
843 850 857 864
843 836 829 822
844 851 858 865
844 837 830 823
845 853 852 860
845 846 838 839
846 845 853 852
846 838 839 831
847 848 854 855
847 841 840 834
848 854 855 861
848 847 841 840
849 856 863 869
849 842 835 828
850 857 864 871
850 843 836 829
851 858 865 872
851 844 837 830
852 860 859 866
852 853 845 846
853 852 860 859
853 845 846 838
854 855 861 862
854 848 847 841
855 861 862 867
855 854 848 847
856 863 869 876
856 849 842 835
857 864 871 870
857 850 843 836
858 865 872 878
858 851 844 837
859 866 873 880
859 860 852 853
860 859 866 873
860 852 853 845
861 862 867 868
861 855 854 848
862 867 868 874
862 861 855 854
863 869 876 882
863 856 849 842
864 871 870 877
864 857 850 843
865 872 878 884
865 858 851 844
866 873 880 879
866 859 860 852
867 868 874 875
867 862 861 855
868 874 875 881
868 867 862 861
869 876 882 888
869 863 856 849
870 877 883 889
870 871 864 857
871 870 877 883
871 864 857 850
872 878 884 890
872 865 858 851
873 880 879 886
873 866 859 860
874 875 881 887
874 868 867 862
875 881 887 892
875 874 868 867
876 882 888 894
876 869 863 856
877 883 889 895
877 870 871 864
878 884 890 896
878 872 865 858
879 886 885 891
879 880 873 866
880 879 886 885
880 873 866 859
881 887 892 893
881 875 874 868
882 888 894 900
882 876 869 863
883 889 895 901
883 877 870 871
884 890 896 902
884 878 872 865
885 891 897 904
885 886 879 880
886 885 891 897
886 879 880 873
887 892 893 898
887 881 875 874
888 894 900 906
888 882 876 869
889 895 901 907
889 883 877 870
890 896 902 908
890 884 878 872
891 897 904 903
891 885 886 879
892 893 898 899
892 887 881 875
893 898 899 905
893 892 887 881
894 900 906 911
894 888 882 876
895 901 907 912
895 889 883 877
896 902 908 913
896 890 884 878
897 904 903 909
897 891 885 886
898 899 905 910
898 893 892 887
899 905 910 915
899 898 893 892
900 906 911 917
900 894 888 882
901 907 912 918
901 895 889 883
902 908 913 919
902 896 890 884
903 909 914 921
903 904 897 891
904 903 909 914
904 897 891 885
905 910 915 916
905 899 898 893
906 911 917 923
906 900 894 888
907 912 918 924
907 901 895 889
908 913 919 925
908 902 896 890
909 914 921 920
909 903 904 897
910 915 916 922
910 905 899 898
911 917 923 929
911 906 900 894
912 918 924 930
912 907 901 895
913 919 925 931
913 908 902 896
914 921 920 926
914 909 903 904
915 916 922 927
915 910 905 899
916 922 927 928
916 915 910 905
917 923 929 935
917 911 906 900
918 924 930 936
918 912 907 901
919 925 931 937
919 913 908 902
920 926 933 932
920 921 914 909
921 920 926 933
921 914 909 903
922 927 928 934
922 916 915 910
923 929 935 941
923 917 911 906
924 930 936 942
924 918 912 907
925 931 937 943
925 919 913 908
926 933 932 938
926 920 921 914
927 928 934 939
927 922 916 915
928 934 939 940
928 927 922 916
929 935 941 946
929 923 917 911
930 936 942 947
930 924 918 912
931 937 943 948
931 925 919 913
932 938 944 949
932 933 926 920
933 932 938 944
933 926 920 921
934 939 940 945
934 928 927 922
935 941 946 951
935 929 923 917
936 942 947 952
936 930 924 918
937 943 948 953
937 931 925 919
938 944 949 954
938 932 933 926
939 940 945 950
939 934 928 927
940 945 950 955
940 939 934 928
941 946 951 957
941 935 929 923
942 947 952 958
942 936 930 924
943 948 953 959
943 937 931 925
944 949 954 960
944 938 932 933
945 950 955 956
945 940 939 934
946 951 957 962
946 941 935 929
947 952 958 963
947 942 936 930
948 953 959 964
948 943 937 931
949 954 960 965
949 944 938 932
950 955 956 961
950 945 940 939
951 957 962 967
951 946 941 935
952 958 963 968
952 947 942 936
953 959 964 969
953 948 943 937
954 960 965 970
954 949 944 938
955 956 961 966
955 950 945 940
956 961 966 971
956 955 950 945
957 962 967 972
957 951 946 941
958 963 968 973
958 952 947 942
959 964 969 974
959 953 948 943
960 965 970 975
960 954 949 944
961 966 971 976
961 956 955 950
962 967 972 977
962 957 951 946
963 968 973 978
963 958 952 947
964 969 974 979
964 959 953 948
965 970 975 980
965 960 954 949
966 971 976 981
966 961 956 955
967 972 977 982
967 962 957 951
968 973 978 983
968 963 958 952
969 974 979 984
969 964 959 953
970 975 980 986
970 965 960 954
971 976 981 987
971 966 961 956
972 977 982 988
972 967 962 957
973 978 983 989
973 968 963 958
974 979 984 990
974 969 964 959
975 980 986 985
975 970 965 960
976 981 987 992
976 971 966 961
977 982 988 993
977 972 967 962
978 983 989 994
978 973 968 963
979 984 990 995
979 974 969 964
980 986 985 991
980 975 970 965
981 987 992 997
981 976 971 966
982 988 993 998
982 977 972 967
983 989 994 999
983 978 973 968
984 990 995 1000
984 979 974 969
985 991 996 1001
985 986 980 975
986 985 991 996
986 980 975 970
987 992 997 1002
987 981 976 971
988 993 998 1004
988 982 977 972
989 994 999 1005
989 983 978 973
990 995 1000 1006
990 984 979 974
991 996 1001 1007
991 985 986 980
992 997 1002 1003
992 987 981 976
993 998 1004 1009
993 988 982 977
994 999 1005 1010
994 989 983 978
995 1000 1006 1011
995 990 984 979
996 1001 1007 1012
996 991 985 986
997 1002 1003 1008
997 992 987 981
998 1004 1009 1014
998 993 988 982
999 1005 1010 1015
999 994 989 983
1000 1006 1011 1016
1000 995 990 984
1001 1007 1012 1017
1001 996 991 985
1002 1003 1008 1013
1002 997 992 987
1003 1008 1013 1018
1003 1002 997 992
1004 1009 1014 1019
1004 998 993 988
1005 1010 1015 1020
1005 999 994 989
1006 1011 1016 1021
1006 1000 995 990
1007 1012 1017 1022
1007 1001 996 991
1008 1013 1018 1023
1008 1003 1002 997
1009 1014 1019 1024
1009 1004 998 993
1010 1015 1020 1025
1010 1005 999 994
1011 1016 1021 1026
1011 1006 1000 995
1012 1017 1022 1027
1012 1007 1001 996
1013 1018 1023 1028
1013 1008 1003 1002
1014 1019 1024 1030
1014 1009 1004 998
1015 1020 1025 1031
1015 1010 1005 999
1016 1021 1026 1032
1016 1011 1006 1000
1017 1022 1027 1033
1017 1012 1007 1001
1018 1023 1028 1029
1018 1013 1008 1003
1019 1024 1030 1035
1019 1014 1009 1004
1020 1025 1031 1036
1020 1015 1010 1005
1021 1026 1032 1037
1021 1016 1011 1006
1022 1027 1033 1038
1022 1017 1012 1007
1023 1028 1029 1034
1023 1018 1013 1008
1024 1030 1035 1040
1024 1019 1014 1009
1025 1031 1036 1041
1025 1020 1015 1010
1026 1032 1037 1042
1026 1021 1016 1011
1027 1033 1038 1043
1027 1022 1017 1012
1028 1029 1034 1039
1028 1023 1018 1013
1029 1034 1039 1044
1029 1028 1023 1018
1030 1035 1040 1046
1030 1024 1019 1014
1031 1036 1041 1047
1031 1025 1020 1015
1032 1037 1042 1048
1032 1026 1021 1016
1033 1038 1043 1049
1033 1027 1022 1017
1034 1039 1044 1045
1034 1029 1028 1023
1035 1040 1046 1051
1035 1030 1024 1019
1036 1041 1047 1052
1036 1031 1025 1020
1037 1042 1048 1053
1037 1032 1026 1021
1038 1043 1049 1054
1038 1033 1027 1022
1039 1044 1045 1050
1039 1034 1029 1028
1040 1046 1051 1056
1040 1035 1030 1024
1041 1047 1052 1057
1041 1036 1031 1025
1042 1048 1053 1058
1042 1037 1032 1026
1043 1049 1054 1059
1043 1038 1033 1027
1044 1045 1050 1055
1044 1039 1034 1029
1045 1050 1055 1060
1045 1044 1039 1034
1046 1051 1056 1061
1046 1040 1035 1030
1047 1052 1057 1062
1047 1041 1036 1031
1048 1053 1058 1063
1048 1042 1037 1032
1049 1054 1059 1064
1049 1043 1038 1033
1050 1055 1060 1065
1050 1045 1044 1039
1051 1056 1061 1066
1051 1046 1040 1035
1052 1057 1062 1067
1052 1047 1041 1036
1053 1058 1063 1068
1053 1048 1042 1037
1054 1059 1064 1069
1054 1049 1043 1038
1055 1060 1065 1070
1055 1050 1045 1044
1056 1061 1066 1071
1056 1051 1046 1040
1057 1062 1067 1072
1057 1052 1047 1041
1058 1063 1068 1073
1058 1053 1048 1042
1059 1064 1069 1074
1059 1054 1049 1043
1060 1065 1070 1075
1060 1055 1050 1045
1061 1066 1071 1076
1061 1056 1051 1046
1062 1067 1072 1077
1062 1057 1052 1047
1063 1068 1073 1078
1063 1058 1053 1048
1064 1069 1074 1079
1064 1059 1054 1049
1065 1070 1075 1080
1065 1060 1055 1050
1066 1071 1076 1082
1066 1061 1056 1051
1067 1072 1077 1083
1067 1062 1057 1052
1068 1073 1078 1084
1068 1063 1058 1053
1069 1074 1079 1085
1069 1064 1059 1054
1070 1075 1080 1081
1070 1065 1060 1055
1071 1076 1082 1087
1071 1066 1061 1056
1072 1077 1083 1088
1072 1067 1062 1057
1073 1078 1084 1089
1073 1068 1063 1058
1074 1079 1085 1091
1074 1069 1064 1059
1075 1080 1081 1086
1075 1070 1065 1060
1076 1082 1087 1093
1076 1071 1066 1061
1077 1083 1088 1094
1077 1072 1067 1062
1078 1084 1089 1095
1078 1073 1068 1063
1079 1085 1091 1090
1079 1074 1069 1064
1080 1081 1086 1092
1080 1075 1070 1065
1081 1086 1092 1097
1081 1080 1075 1070
1082 1087 1093 1099
1082 1076 1071 1066
1083 1088 1094 1100
1083 1077 1072 1067
1084 1089 1095 1101
1084 1078 1073 1068
1085 1091 1090 1096
1085 1079 1074 1069
1086 1092 1097 1098
1086 1081 1080 1075
1087 1093 1099 1104
1087 1082 1076 1071
1088 1094 1100 1105
1088 1083 1077 1072
1089 1095 1101 1106
1089 1084 1078 1073
1090 1096 1102 1107
1090 1091 1085 1079
1091 1090 1096 1102
1091 1085 1079 1074
1092 1097 1098 1103
1092 1086 1081 1080
1093 1099 1104 1109
1093 1087 1082 1076
1094 1100 1105 1111
1094 1088 1083 1077
1095 1101 1106 1112
1095 1089 1084 1078
1096 1102 1107 1113
1096 1090 1091 1085
1097 1098 1103 1108
1097 1092 1086 1081
1098 1103 1108 1114
1098 1097 1092 1086
1099 1104 1109 1115
1099 1093 1087 1082
1100 1105 1111 1110
1100 1094 1088 1083
1101 1106 1112 1117
1101 1095 1089 1084
1102 1107 1113 1118
1102 1096 1090 1091
1103 1108 1114 1119
1103 1098 1097 1092
1104 1109 1115 1120
1104 1099 1093 1087
1105 1111 1110 1116
1105 1100 1094 1088
1106 1112 1117 1122
1106 1101 1095 1089
1107 1113 1118 1123
1107 1102 1096 1090
1108 1114 1119 1124
1108 1103 1098 1097
1109 1115 1120 1125
1109 1104 1099 1093
1110 1116 1121 1126
1110 1111 1105 1100
1111 1110 1116 1121
1111 1105 1100 1094
1112 1117 1122 1127
1112 1106 1101 1095
1113 1118 1123 1128
1113 1107 1102 1096
1114 1119 1124 1129
1114 1108 1103 1098
1115 1120 1125 1130
1115 1109 1104 1099
1116 1121 1126 1131
1116 1110 1111 1105
1117 1122 1127 1132
1117 1112 1106 1101
1118 1123 1128 1133
1118 1113 1107 1102
1119 1124 1129 1134
1119 1114 1108 1103
1120 1125 1130 1135
1120 1115 1109 1104
1121 1126 1131 1136
1121 1116 1110 1111
1122 1127 1132 1137
1122 1117 1112 1106
1123 1128 1133 1138
1123 1118 1113 1107
1124 1129 1134 1139
1124 1119 1114 1108
1125 1130 1135 1140
1125 1120 1115 1109
1126 1131 1136 1141
1126 1121 1116 1110
1127 1132 1137 1142
1127 1122 1117 1112
1128 1133 1138 1143
1128 1123 1118 1113
1129 1134 1139 1144
1129 1124 1119 1114
1130 1135 1140 1145
1130 1125 1120 1115
1131 1136 1141 1146
1131 1126 1121 1116
1132 1137 1142 1147
1132 1127 1122 1117
1133 1138 1143 1148
1133 1128 1123 1118
1134 1139 1144 1149
1134 1129 1124 1119
1135 1140 1145 1150
1135 1130 1125 1120
1136 1141 1146 1151
1136 1131 1126 1121
1137 1142 1147 1152
1137 1132 1127 1122
1138 1143 1148 1153
1138 1133 1128 1123
1139 1144 1149 1154
1139 1134 1129 1124
1140 1145 1150 1155
1140 1135 1130 1125
1141 1146 1151 1156
1141 1136 1131 1126
1142 1147 1152 1157
1142 1137 1132 1127
1143 1148 1153 1158
1143 1138 1133 1128
1144 1149 1154 1159
1144 1139 1134 1129
1145 1150 1155 1160
1145 1140 1135 1130
1146 1151 1156 1161
1146 1141 1136 1131
1147 1152 1157 1162
1147 1142 1137 1132
1148 1153 1158 1164
1148 1143 1138 1133
1149 1154 1159 1165
1149 1144 1139 1134
1150 1155 1160 1166
1150 1145 1140 1135
1151 1156 1161 1167
1151 1146 1141 1136
1152 1157 1162 1168
1152 1147 1142 1137
1153 1158 1164 1163
1153 1148 1143 1138
1154 1159 1165 1170
1154 1149 1144 1139
1155 1160 1166 1171
1155 1150 1145 1140
1156 1161 1167 1172
1156 1151 1146 1141
1157 1162 1168 1173
1157 1152 1147 1142
1158 1164 1163 1169
1158 1153 1148 1143
1159 1165 1170 1175
1159 1154 1149 1144
1160 1166 1171 1176
1160 1155 1150 1145
1161 1167 1172 1177
1161 1156 1151 1146
1162 1168 1173 1178
1162 1157 1152 1147
1163 1169 1174 1179
1163 1164 1158 1153
1164 1163 1169 1174
1164 1158 1153 1148
1165 1170 1175 1180
1165 1159 1154 1149
1166 1171 1176 1181
1166 1160 1155 1150
1167 1172 1177 1182
1167 1161 1156 1151
1168 1173 1178 1183
1168 1162 1157 1152
1169 1174 1179 1184
1169 1163 1164 1158
1170 1175 1180 1185
1170 1165 1159 1154
1171 1176 1181 1186
1171 1166 1160 1155
1172 1177 1182 1187
1172 1167 1161 1156
1173 1178 1183 1188
1173 1168 1162 1157
1174 1179 1184 1189
1174 1169 1163 1164
1175 1180 1185 1190
1175 1170 1165 1159
1176 1181 1186 1191
1176 1171 1166 1160
1177 1182 1187 1192
1177 1172 1167 1161
1178 1183 1188 1193
1178 1173 1168 1162
1179 1184 1189 1194
1179 1174 1169 1163
1180 1185 1190 1195
1180 1175 1170 1165
1181 1186 1191 1196
1181 1176 1171 1166
1182 1187 1192 1197
1182 1177 1172 1167
1183 1188 1193 1198
1183 1178 1173 1168
1184 1189 1194 1199
1184 1179 1174 1169
1185 1190 1195 1200
1185 1180 1175 1170
1186 1191 1196 1201
1186 1181 1176 1171
1187 1192 1197 1202
1187 1182 1177 1172
1188 1193 1198 1203
1188 1183 1178 1173
1189 1194 1199 1204
1189 1184 1179 1174
1190 1195 1200 1205
1190 1185 1180 1175
1191 1196 1201 1206
1191 1186 1181 1176
1192 1197 1202 1207
1192 1187 1182 1177
1193 1198 1203 1208
1193 1188 1183 1178
1194 1199 1204 1209
1194 1189 1184 1179
1195 1200 1205 1210
1195 1190 1185 1180
1196 1201 1206 1211
1196 1191 1186 1181
1197 1202 1207 1212
1197 1192 1187 1182
1198 1203 1208 1213
1198 1193 1188 1183
1199 1204 1209 1214
1199 1194 1189 1184
1200 1205 1210 1215
1200 1195 1190 1185
1201 1206 1211 1216
1201 1196 1191 1186
1202 1207 1212 1217
1202 1197 1192 1187
1203 1208 1213 1218
1203 1198 1193 1188
1204 1209 1214 1219
1204 1199 1194 1189
1205 1210 1215 1220
1205 1200 1195 1190
1206 1211 1216 1221
1206 1201 1196 1191
1207 1212 1217 1222
1207 1202 1197 1192
1208 1213 1218 1223
1208 1203 1198 1193
1209 1214 1219 1224
1209 1204 1199 1194
1210 1215 1220 1225
1210 1205 1200 1195
1211 1216 1221 1226
1211 1206 1201 1196
1212 1217 1222 1227
1212 1207 1202 1197
1213 1218 1223 1228
1213 1208 1203 1198
1214 1219 1224 1229
1214 1209 1204 1199
1215 1220 1225 1230
1215 1210 1205 1200
1216 1221 1226 1231
1216 1211 1206 1201
1217 1222 1227 1232
1217 1212 1207 1202
1218 1223 1228 1233
1218 1213 1208 1203
1219 1224 1229 1234
1219 1214 1209 1204
1220 1225 1230 1235
1220 1215 1210 1205
1221 1226 1231 1236
1221 1216 1211 1206
1222 1227 1232 1237
1222 1217 1212 1207
1223 1228 1233 1238
1223 1218 1213 1208
1224 1229 1234 1239
1224 1219 1214 1209
1225 1230 1235 1240
1225 1220 1215 1210
1226 1231 1236 1241
1226 1221 1216 1211
1227 1232 1237 1242
1227 1222 1217 1212
1228 1233 1238 1243
1228 1223 1218 1213
1229 1234 1239 1244
1229 1224 1219 1214
1230 1235 1240 1245
1230 1225 1220 1215
1231 1236 1241 1246
1231 1226 1221 1216
1232 1237 1242 1247
1232 1227 1222 1217
1233 1238 1243 1248
1233 1228 1223 1218
1234 1239 1244 1249
1234 1229 1224 1219
1235 1240 1245 1250
1235 1230 1225 1220
1236 1241 1246 1251
1236 1231 1226 1221
1237 1242 1247 1252
1237 1232 1227 1222
1238 1243 1248 1253
1238 1233 1228 1223
1239 1244 1249 1254
1239 1234 1229 1224
1240 1245 1250 1255
1240 1235 1230 1225
1241 1246 1251 1256
1241 1236 1231 1226
1242 1247 1252 1257
1242 1237 1232 1227
1243 1248 1253 1258
1243 1238 1233 1228
1244 1249 1254 1259
1244 1239 1234 1229
1245 1250 1255 1260
1245 1240 1235 1230
1246 1251 1256 1261
1246 1241 1236 1231
1247 1252 1257 1262
1247 1242 1237 1232
1248 1253 1258 1263
1248 1243 1238 1233
1249 1254 1259 1264
1249 1244 1239 1234
1250 1255 1260 1265
1250 1245 1240 1235
1251 1256 1261 1266
1251 1246 1241 1236
1252 1257 1262 1267
1252 1247 1242 1237
1253 1258 1263 1268
1253 1248 1243 1238
1254 1259 1264 1269
1254 1249 1244 1239
1255 1260 1265 1270
1255 1250 1245 1240
1256 1261 1266 1271
1256 1251 1246 1241
1257 1262 1267 1272
1257 1252 1247 1242
1258 1263 1268 1273
1258 1253 1248 1243
1259 1264 1269 1274
1259 1254 1249 1244
1260 1265 1270 1275
1260 1255 1250 1245
1261 1266 1271 1276
1261 1256 1251 1246
1262 1267 1272 1277
1262 1257 1252 1247
1263 1268 1273 1278
1263 1258 1253 1248
1264 1269 1274 1279
1264 1259 1254 1249
1265 1270 1275 1280
1265 1260 1255 1250
1266 1271 1276 1281
1266 1261 1256 1251
1267 1272 1277 1282
1267 1262 1257 1252
1268 1273 1278 1283
1268 1263 1258 1253
1269 1274 1279 1284
1269 1264 1259 1254
1270 1275 1280 1285
1270 1265 1260 1255
1271 1276 1281 1286
1271 1266 1261 1256
1272 1277 1282 1287
1272 1267 1262 1257
1273 1278 1283 1288
1273 1268 1263 1258
1274 1279 1284 1289
1274 1269 1264 1259
1275 1280 1285 1290
1275 1270 1265 1260
1276 1281 1286 1291
1276 1271 1266 1261
1277 1282 1287 1292
1277 1272 1267 1262
1278 1283 1288 1293
1278 1273 1268 1263
1279 1284 1289 1294
1279 1274 1269 1264
1280 1285 1290 1295
1280 1275 1270 1265
1281 1286 1291 1296
1281 1276 1271 1266
1282 1287 1292 1297
1282 1277 1272 1267
1283 1288 1293 1298
1283 1278 1273 1268
1284 1289 1294 1299
1284 1279 1274 1269
1285 1290 1295 1300
1285 1280 1275 1270
1286 1291 1296 1301
1286 1281 1276 1271
1287 1292 1297 1302
1287 1282 1277 1272
1288 1293 1298 1303
1288 1283 1278 1273
1289 1294 1299 1304
1289 1284 1279 1274
1290 1295 1300 1305
1290 1285 1280 1275
1291 1296 1301 1306
1291 1286 1281 1276
1292 1297 1302 1307
1292 1287 1282 1277
1293 1298 1303 1308
1293 1288 1283 1278
1294 1299 1304 1309
1294 1289 1284 1279
1295 1300 1305 1310
1295 1290 1285 1280
1296 1301 1306 1311
1296 1291 1286 1281
1297 1302 1307 1312
1297 1292 1287 1282
1298 1303 1308 1313
1298 1293 1288 1283
1299 1304 1309 1314
1299 1294 1289 1284
1300 1305 1310 1315
1300 1295 1290 1285
1301 1306 1311 1316
1301 1296 1291 1286
1302 1307 1312 1317
1302 1297 1292 1287
1303 1308 1313 1318
1303 1298 1293 1288
1304 1309 1314 1319
1304 1299 1294 1289
1305 1310 1315 1320
1305 1300 1295 1290
1306 1311 1316 1321
1306 1301 1296 1291
1307 1312 1317 1322
1307 1302 1297 1292
1308 1313 1318 1323
1308 1303 1298 1293
1309 1314 1319 1324
1309 1304 1299 1294
1310 1315 1320 1325
1310 1305 1300 1295
1311 1316 1321 1326
1311 1306 1301 1296
1312 1317 1322 1327
1312 1307 1302 1297
1313 1318 1323 1328
1313 1308 1303 1298
1314 1319 1324 1329
1314 1309 1304 1299
1315 1320 1325 1330
1315 1310 1305 1300
1316 1321 1326 1331
1316 1311 1306 1301
1317 1322 1327 1332
1317 1312 1307 1302
1318 1323 1328 1333
1318 1313 1308 1303
1319 1324 1329 1334
1319 1314 1309 1304
1320 1325 1330 1335
1320 1315 1310 1305
1321 1326 1331 1336
1321 1316 1311 1306
1322 1327 1332 1337
1322 1317 1312 1307
1323 1328 1333 1338
1323 1318 1313 1308
1324 1329 1334 1339
1324 1319 1314 1309
1325 1330 1335 1340
1325 1320 1315 1310
1326 1331 1336 1341
1326 1321 1316 1311
1327 1332 1337 1342
1327 1322 1317 1312
1328 1333 1338 1343
1328 1323 1318 1313
1329 1334 1339 1344
1329 1324 1319 1314
1330 1335 1340 1345
1330 1325 1320 1315
1331 1336 1341 1346
1331 1326 1321 1316
1332 1337 1342 1347
1332 1327 1322 1317
1333 1338 1343 1348
1333 1328 1323 1318
1334 1339 1344 1349
1334 1329 1324 1319
1335 1340 1345 1350
1335 1330 1325 1320
1336 1341 1346 1351
1336 1331 1326 1321
1337 1342 1347 1352
1337 1332 1327 1322
1338 1343 1348 1353
1338 1333 1328 1323
1339 1344 1349 1354
1339 1334 1329 1324
1340 1345 1350 1355
1340 1335 1330 1325
1341 1346 1351 1356
1341 1336 1331 1326
1342 1347 1352 1357
1342 1337 1332 1327
1343 1348 1353 1358
1343 1338 1333 1328
1344 1349 1354 1359
1344 1339 1334 1329
1345 1350 1355 1360
1345 1340 1335 1330
1346 1351 1356 1361
1346 1341 1336 1331
1347 1352 1357 1362
1347 1342 1337 1332
1348 1353 1358 1363
1348 1343 1338 1333
1349 1354 1359 1364
1349 1344 1339 1334
1350 1355 1360 1365
1350 1345 1340 1335
1351 1356 1361 1366
1351 1346 1341 1336
1352 1357 1362 1367
1352 1347 1342 1337
1353 1358 1363 1368
1353 1348 1343 1338
1354 1359 1364 1369
1354 1349 1344 1339
1355 1360 1365 1370
1355 1350 1345 1340
1356 1361 1366 1371
1356 1351 1346 1341
1357 1362 1367 1372
1357 1352 1347 1342
1358 1363 1368 1373
1358 1353 1348 1343
1359 1364 1369 1374
1359 1354 1349 1344
1360 1365 1370 1375
1360 1355 1350 1345
1361 1366 1371 1376
1361 1356 1351 1346
1362 1367 1372 1377
1362 1357 1352 1347
1363 1368 1373 1378
1363 1358 1353 1348
1364 1369 1374 1379
1364 1359 1354 1349
1365 1370 1375 1380
1365 1360 1355 1350
1366 1371 1376 1381
1366 1361 1356 1351
1367 1372 1377 1382
1367 1362 1357 1352
1368 1373 1378 1383
1368 1363 1358 1353
1369 1374 1379 1384
1369 1364 1359 1354
1370 1375 1380 1385
1370 1365 1360 1355
1371 1376 1381 1386
1371 1366 1361 1356
1372 1377 1382 1387
1372 1367 1362 1357
1373 1378 1383 1388
1373 1368 1363 1358
1374 1379 1384 1389
1374 1369 1364 1359
1375 1380 1385 1390
1375 1370 1365 1360
1376 1381 1386 1391
1376 1371 1366 1361
1377 1382 1387 1392
1377 1372 1367 1362
1378 1383 1388 1393
1378 1373 1368 1363
1379 1384 1389 1394
1379 1374 1369 1364
1380 1385 1390 1395
1380 1375 1370 1365
1381 1386 1391 1396
1381 1376 1371 1366
1382 1387 1392 1397
1382 1377 1372 1367
1383 1388 1393 1398
1383 1378 1373 1368
1384 1389 1394 1399
1384 1379 1374 1369
1385 1390 1395 1400
1385 1380 1375 1370
1386 1391 1396 1401
1386 1381 1376 1371
1387 1392 1397 1402
1387 1382 1377 1372
1388 1393 1398 1403
1388 1383 1378 1373
1389 1394 1399 1404
1389 1384 1379 1374
1390 1395 1400 1406
1390 1385 1380 1375
1391 1396 1401 1407
1391 1386 1381 1376
1392 1397 1402 1408
1392 1387 1382 1377
1393 1398 1403 1409
1393 1388 1383 1378
1394 1399 1404 1405
1394 1389 1384 1379
1395 1400 1406 1411
1395 1390 1385 1380
1396 1401 1407 1412
1396 1391 1386 1381
1397 1402 1408 1413
1397 1392 1387 1382
1398 1403 1409 1414
1398 1393 1388 1383
1399 1404 1405 1410
1399 1394 1389 1384
1400 1406 1411 1416
1400 1395 1390 1385
1401 1407 1412 1417
1401 1396 1391 1386
1402 1408 1413 1418
1402 1397 1392 1387
1403 1409 1414 1419
1403 1398 1393 1388
1404 1405 1410 1415
1404 1399 1394 1389
1405 1410 1415 1420
1405 1404 1399 1394
1406 1411 1416 1421
1406 1400 1395 1390
1407 1412 1417 1422
1407 1401 1396 1391
1408 1413 1418 1423
1408 1402 1397 1392
1409 1414 1419 1424
1409 1403 1398 1393
1410 1415 1420 1425
1410 1405 1404 1399
1411 1416 1421 1426
1411 1406 1400 1395
1412 1417 1422 1427
1412 1407 1401 1396
1413 1418 1423 1428
1413 1408 1402 1397
1414 1419 1424 1429
1414 1409 1403 1398
1415 1420 1425 1430
1415 1410 1405 1404
1416 1421 1426 1431
1416 1411 1406 1400
1417 1422 1427 1432
1417 1412 1407 1401
1418 1423 1428 1433
1418 1413 1408 1402
1419 1424 1429 1434
1419 1414 1409 1403
1420 1425 1430 1435
1420 1415 1410 1405
1421 1426 1431 1436
1421 1416 1411 1406
1422 1427 1432 1437
1422 1417 1412 1407
1423 1428 1433 1438
1423 1418 1413 1408
1424 1429 1434 1439
1424 1419 1414 1409
1425 1430 1435 1440
1425 1420 1415 1410
1426 1431 1436 1441
1426 1421 1416 1411
1427 1432 1437 1442
1427 1422 1417 1412
1428 1433 1438 1443
1428 1423 1418 1413
1429 1434 1439 1444
1429 1424 1419 1414
1430 1435 1440 1445
1430 1425 1420 1415
1431 1436 1441 1446
1431 1426 1421 1416
1432 1437 1442 1447
1432 1427 1422 1417
1433 1438 1443 1448
1433 1428 1423 1418
1434 1439 1444 1449
1434 1429 1424 1419
1435 1440 1445 1450
1435 1430 1425 1420
1436 1441 1446 1451
1436 1431 1426 1421
1437 1442 1447 1452
1437 1432 1427 1422
1438 1443 1448 1453
1438 1433 1428 1423
1439 1444 1449 1454
1439 1434 1429 1424
1440 1445 1450 1455
1440 1435 1430 1425
1441 1446 1451 1456
1441 1436 1431 1426
1442 1447 1452 1457
1442 1437 1432 1427
1443 1448 1453 1458
1443 1438 1433 1428
1444 1449 1454 1459
1444 1439 1434 1429
1445 1450 1455 1460
1445 1440 1435 1430
1446 1451 1456 1461
1446 1441 1436 1431
1447 1452 1457 1462
1447 1442 1437 1432
1448 1453 1458 1463
1448 1443 1438 1433
1449 1454 1459 1464
1449 1444 1439 1434
1450 1455 1460 1465
1450 1445 1440 1435
1451 1456 1461 1466
1451 1446 1441 1436
1452 1457 1462 1467
1452 1447 1442 1437
1453 1458 1463 1468
1453 1448 1443 1438
1454 1459 1464 1469
1454 1449 1444 1439
1455 1460 1465 1470
1455 1450 1445 1440
1456 1461 1466 1471
1456 1451 1446 1441
1457 1462 1467 1472
1457 1452 1447 1442
1458 1463 1468 1473
1458 1453 1448 1443
1459 1464 1469 1474
1459 1454 1449 1444
1460 1465 1470 1475
1460 1455 1450 1445
1461 1466 1471 1476
1461 1456 1451 1446
1462 1467 1472 1477
1462 1457 1452 1447
1463 1468 1473 1478
1463 1458 1453 1448
1464 1469 1474 1479
1464 1459 1454 1449
1465 1470 1475 1480
1465 1460 1455 1450
1466 1471 1476 1481
1466 1461 1456 1451
1467 1472 1477 1482
1467 1462 1457 1452
1468 1473 1478 1483
1468 1463 1458 1453
1469 1474 1479 1484
1469 1464 1459 1454
1470 1475 1480 1485
1470 1465 1460 1455
1471 1476 1481 1486
1471 1466 1461 1456
1472 1477 1482 1487
1472 1467 1462 1457
1473 1478 1483 1488
1473 1468 1463 1458
1474 1479 1484 1489
1474 1469 1464 1459
1475 1480 1485 1490
1475 1470 1465 1460
1476 1481 1486 1491
1476 1471 1466 1461
1477 1482 1487 1492
1477 1472 1467 1462
1478 1483 1488 1493
1478 1473 1468 1463
1479 1484 1489 1494
1479 1474 1469 1464
1480 1485 1490 1495
1480 1475 1470 1465
1481 1486 1491 1496
1481 1476 1471 1466
1482 1487 1492 1497
1482 1477 1472 1467
1483 1488 1493 1498
1483 1478 1473 1468
1484 1489 1494 1499
1484 1479 1474 1469
1485 1490 1495 1500
1485 1480 1475 1470
1486 1491 1496 1501
1486 1481 1476 1471
1487 1492 1497 1502
1487 1482 1477 1472
1488 1493 1498 1503
1488 1483 1478 1473
1489 1494 1499 1504
1489 1484 1479 1474
1490 1495 1500 1505
1490 1485 1480 1475
1491 1496 1501 1506
1491 1486 1481 1476
1492 1497 1502 1507
1492 1487 1482 1477
1493 1498 1503 1508
1493 1488 1483 1478
1494 1499 1504 1509
1494 1489 1484 1479
1495 1500 1505 1510
1495 1490 1485 1480
1496 1501 1506 1511
1496 1491 1486 1481
1497 1502 1507 1512
1497 1492 1487 1482
1498 1503 1508 1513
1498 1493 1488 1483
1499 1504 1509 1514
1499 1494 1489 1484
1500 1505 1510 1515
1500 1495 1490 1485
1501 1506 1511 1516
1501 1496 1491 1486
1502 1507 1512 1517
1502 1497 1492 1487
1503 1508 1513 1518
1503 1498 1493 1488
1504 1509 1514 1519
1504 1499 1494 1489
1505 1510 1515 1520
1505 1500 1495 1490
1506 1511 1516 1521
1506 1501 1496 1491
1507 1512 1517 1522
1507 1502 1497 1492
1508 1513 1518 1523
1508 1503 1498 1493
1509 1514 1519 1524
1509 1504 1499 1494
1510 1515 1520 1525
1510 1505 1500 1495
1511 1516 1521 1526
1511 1506 1501 1496
1512 1517 1522 1527
1512 1507 1502 1497
1513 1518 1523 1528
1513 1508 1503 1498
1514 1519 1524 1529
1514 1509 1504 1499
1515 1520 1525 1530
1515 1510 1505 1500
1516 1521 1526 1531
1516 1511 1506 1501
1517 1522 1527 1532
1517 1512 1507 1502
1518 1523 1528 1533
1518 1513 1508 1503
1519 1524 1529 1534
1519 1514 1509 1504
1520 1525 1530 1535
1520 1515 1510 1505
1521 1526 1531 1536
1521 1516 1511 1506
1522 1527 1532 1537
1522 1517 1512 1507
1523 1528 1533 1538
1523 1518 1513 1508
1524 1529 1534 1539
1524 1519 1514 1509
1525 1530 1535 1540
1525 1520 1515 1510
1526 1531 1536 1541
1526 1521 1516 1511
1527 1532 1537 1542
1527 1522 1517 1512
1528 1533 1538 1543
1528 1523 1518 1513
1529 1534 1539 1544
1529 1524 1519 1514
1530 1535 1540 1545
1530 1525 1520 1515
1531 1536 1541 1546
1531 1526 1521 1516
1532 1537 1542 1547
1532 1527 1522 1517
1533 1538 1543 1548
1533 1528 1523 1518
1534 1539 1544 1549
1534 1529 1524 1519
1535 1540 1545 1550
1535 1530 1525 1520
1536 1541 1546 1551
1536 1531 1526 1521
1537 1542 1547 1552
1537 1532 1527 1522
1538 1543 1548 1553
1538 1533 1528 1523
1539 1544 1549 1554
1539 1534 1529 1524
1540 1545 1550 1555
1540 1535 1530 1525
1541 1546 1551 1556
1541 1536 1531 1526
1542 1547 1552 1557
1542 1537 1532 1527
1543 1548 1553 1558
1543 1538 1533 1528
1544 1549 1554 1559
1544 1539 1534 1529
1545 1550 1555 1560
1545 1540 1535 1530
1546 1551 1556 1561
1546 1541 1536 1531
1547 1552 1557 1562
1547 1542 1537 1532
1548 1553 1558 1563
1548 1543 1538 1533
1549 1554 1559 1564
1549 1544 1539 1534
1550 1555 1560 1565
1550 1545 1540 1535
1551 1556 1561 1566
1551 1546 1541 1536
1552 1557 1562 1567
1552 1547 1542 1537
1553 1558 1563 1568
1553 1548 1543 1538
1554 1559 1564 1569
1554 1549 1544 1539
1555 1560 1565 1570
1555 1550 1545 1540
1556 1561 1566 1571
1556 1551 1546 1541
1557 1562 1567 1572
1557 1552 1547 1542
1558 1563 1568 1573
1558 1553 1548 1543
1559 1564 1569 1574
1559 1554 1549 1544
1560 1565 1570 1575
1560 1555 1550 1545
1561 1566 1571 1576
1561 1556 1551 1546
1562 1567 1572 1577
1562 1557 1552 1547
1563 1568 1573 1578
1563 1558 1553 1548
1564 1569 1574 1579
1564 1559 1554 1549
1565 1570 1575 1580
1565 1560 1555 1550
1566 1571 1576 1581
1566 1561 1556 1551
1567 1572 1577 1582
1567 1562 1557 1552
1568 1573 1578 1583
1568 1563 1558 1553
1569 1574 1579 1584
1569 1564 1559 1554
1570 1575 1580 1585
1570 1565 1560 1555
1571 1576 1581 1586
1571 1566 1561 1556
1572 1577 1582 1587
1572 1567 1562 1557
1573 1578 1583 1588
1573 1568 1563 1558
1574 1579 1584 1589
1574 1569 1564 1559
1575 1580 1585 1590
1575 1570 1565 1560
1576 1581 1586 1591
1576 1571 1566 1561
1577 1582 1587 1592
1577 1572 1567 1562
1578 1583 1588 1593
1578 1573 1568 1563
1579 1584 1589 1594
1579 1574 1569 1564
1580 1585 1590 1595
1580 1575 1570 1565
1581 1586 1591 1597
1581 1576 1571 1566
1582 1587 1592 1598
1582 1577 1572 1567
1583 1588 1593 1599
1583 1578 1573 1568
1584 1589 1594 1600
1584 1579 1574 1569
1585 1590 1595 1596
1585 1580 1575 1570
1586 1591 1597 1602
1586 1581 1576 1571
1587 1592 1598 1603
1587 1582 1577 1572
1588 1593 1599 1604
1588 1583 1578 1573
1589 1594 1600 1605
1589 1584 1579 1574
1590 1595 1596 1601
1590 1585 1580 1575
1591 1597 1602 1607
1591 1586 1581 1576
1592 1598 1603 1608
1592 1587 1582 1577
1593 1599 1604 1609
1593 1588 1583 1578
1594 1600 1605 1610
1594 1589 1584 1579
1595 1596 1601 1606
1595 1590 1585 1580
1596 1601 1606 1611
1596 1595 1590 1585
1597 1602 1607 1612
1597 1591 1586 1581
1598 1603 1608 1613
1598 1592 1587 1582
1599 1604 1609 1614
1599 1593 1588 1583
1600 1605 1610 1615
1600 1594 1589 1584
1601 1606 1611 1616
1601 1596 1595 1590
1602 1607 1612 1617
1602 1597 1591 1586
1603 1608 1613 1618
1603 1598 1592 1587
1604 1609 1614 1619
1604 1599 1593 1588
1605 1610 1615 1620
1605 1600 1594 1589
1606 1611 1616 1621
1606 1601 1596 1595
1607 1612 1617 1622
1607 1602 1597 1591
1608 1613 1618 1623
1608 1603 1598 1592
1609 1614 1619 1624
1609 1604 1599 1593
1610 1615 1620 1625
1610 1605 1600 1594
1611 1616 1621 1626
1611 1606 1601 1596
1612 1617 1622 1628
1612 1607 1602 1597
1613 1618 1623 1629
1613 1608 1603 1598
1614 1619 1624 1630
1614 1609 1604 1599
1615 1620 1625 1631
1615 1610 1605 1600
1616 1621 1626 1632
1616 1611 1606 1601
1617 1622 1628 1627
1617 1612 1607 1602
1618 1623 1629 1635
1618 1613 1608 1603
1619 1624 1630 1636
1619 1614 1609 1604
1620 1625 1631 1637
1620 1615 1610 1605
1621 1626 1632 1633
1621 1616 1611 1606
1622 1628 1627 1634
1622 1617 1612 1607
1623 1629 1635 1640
1623 1618 1613 1608
1624 1630 1636 1641
1624 1619 1614 1609
1625 1631 1637 1643
1625 1620 1615 1610
1626 1632 1633 1638
1626 1621 1616 1611
1627 1634 1639 1645
1627 1628 1622 1617
1628 1627 1634 1639
1628 1622 1617 1612
1629 1635 1640 1646
1629 1623 1618 1613
1630 1636 1641 1642
1630 1624 1619 1614
1631 1637 1643 1648
1631 1625 1620 1615
1632 1633 1638 1644
1632 1626 1621 1616
1633 1638 1644 1649
1633 1632 1626 1621
1634 1639 1645 1650
1634 1627 1628 1622
1635 1640 1646 1651
1635 1629 1623 1618
1636 1641 1642 1647
1636 1630 1624 1619
1637 1643 1648 1653
1637 1631 1625 1620
1638 1644 1649 1654
1638 1633 1632 1626
1639 1645 1650 1655
1639 1634 1627 1628
1640 1646 1651 1656
1640 1635 1629 1623
1641 1642 1647 1652
1641 1636 1630 1624
1642 1647 1652 1657
1642 1641 1636 1630
1643 1648 1653 1658
1643 1637 1631 1625
1644 1649 1654 1659
1644 1638 1633 1632
1645 1650 1655 1660
1645 1639 1634 1627
1646 1651 1656 1661
1646 1640 1635 1629
1647 1652 1657 1662
1647 1642 1641 1636
1648 1653 1658 1663
1648 1643 1637 1631
1649 1654 1659 1664
1649 1644 1638 1633
1650 1655 1660 1665
1650 1645 1639 1634
1651 1656 1661 1666
1651 1646 1640 1635
1652 1657 1662 1667
1652 1647 1642 1641
1653 1658 1663 1668
1653 1648 1643 1637
1654 1659 1664 1669
1654 1649 1644 1638
1655 1660 1665 1671
1655 1650 1645 1639
1656 1661 1666 1672
1656 1651 1646 1640
1657 1662 1667 1673
1657 1652 1647 1642
1658 1663 1668 1674
1658 1653 1648 1643
1659 1664 1669 1675
1659 1654 1649 1644
1660 1665 1671 1670
1660 1655 1650 1645
1661 1666 1672 1677
1661 1656 1651 1646
1662 1667 1673 1678
1662 1657 1652 1647
1663 1668 1674 1679
1663 1658 1653 1648
1664 1669 1675 1680
1664 1659 1654 1649
1665 1671 1670 1676
1665 1660 1655 1650
1666 1672 1677 1682
1666 1661 1656 1651
1667 1673 1678 1683
1667 1662 1657 1652
1668 1674 1679 1684
1668 1663 1658 1653
1669 1675 1680 1685
1669 1664 1659 1654
1670 1676 1681 1687
1670 1671 1665 1660
1671 1670 1676 1681
1671 1665 1660 1655
1672 1677 1682 1688
1672 1666 1661 1656
1673 1678 1683 1689
1673 1667 1662 1657
1674 1679 1684 1690
1674 1668 1663 1658
1675 1680 1685 1691
1675 1669 1664 1659
1676 1681 1687 1686
1676 1670 1671 1665
1677 1682 1688 1694
1677 1672 1666 1661
1678 1683 1689 1695
1678 1673 1667 1662
1679 1684 1690 1696
1679 1674 1668 1663
1680 1685 1691 1692
1680 1675 1669 1664
1681 1687 1686 1693
1681 1676 1670 1671
1682 1688 1694 1699
1682 1677 1672 1666
1683 1689 1695 1700
1683 1678 1673 1667
1684 1690 1696 1701
1684 1679 1674 1668
1685 1691 1692 1697
1685 1680 1675 1669
1686 1693 1698 1704
1686 1687 1681 1676
1687 1686 1693 1698
1687 1681 1676 1670
1688 1694 1699 1705
1688 1682 1677 1672
1689 1695 1700 1706
1689 1683 1678 1673
1690 1696 1701 1707
1690 1684 1679 1674
1691 1692 1697 1702
1691 1685 1680 1675
1692 1697 1702 1703
1692 1691 1685 1680
1693 1698 1704 1709
1693 1686 1687 1681
1694 1699 1705 1710
1694 1688 1682 1677
1695 1700 1706 1711
1695 1689 1683 1678
1696 1701 1707 1712
1696 1690 1684 1679
1697 1702 1703 1708
1697 1692 1691 1685
1698 1704 1709 1714
1698 1693 1686 1687
1699 1705 1710 1715
1699 1694 1688 1682
1700 1706 1711 1716
1700 1695 1689 1683
1701 1707 1712 1717
1701 1696 1690 1684
1702 1703 1708 1713
1702 1697 1692 1691
1703 1708 1713 1718
1703 1702 1697 1692
1704 1709 1714 1719
1704 1698 1693 1686
1705 1710 1715 1720
1705 1699 1694 1688
1706 1711 1716 1721
1706 1700 1695 1689
1707 1712 1717 1722
1707 1701 1696 1690
1708 1713 1718 1723
1708 1703 1702 1697
1709 1714 1719 1724
1709 1704 1698 1693
1710 1715 1720 1725
1710 1705 1699 1694
1711 1716 1721 1726
1711 1706 1700 1695
1712 1717 1722 1727
1712 1707 1701 1696
1713 1718 1723 1728
1713 1708 1703 1702
1714 1719 1724 1729
1714 1709 1704 1698
1715 1720 1725 1730
1715 1710 1705 1699
1716 1721 1726 1731
1716 1711 1706 1700
1717 1722 1727 1732
1717 1712 1707 1701
1718 1723 1728 1733
1718 1713 1708 1703
1719 1724 1729 1734
1719 1714 1709 1704
1720 1725 1730 1735
1720 1715 1710 1705
1721 1726 1731 1736
1721 1716 1711 1706
1722 1727 1732 1737
1722 1717 1712 1707
1723 1728 1733 1738
1723 1718 1713 1708
1724 1729 1734 1739
1724 1719 1714 1709
1725 1730 1735 1740
1725 1720 1715 1710
1726 1731 1736 1741
1726 1721 1716 1711
1727 1732 1737 1742
1727 1722 1717 1712
1728 1733 1738 1743
1728 1723 1718 1713
1729 1734 1739 1744
1729 1724 1719 1714
1730 1735 1740 1745
1730 1725 1720 1715
1731 1736 1741 1746
1731 1726 1721 1716
1732 1737 1742 1747
1732 1727 1722 1717
1733 1738 1743 1748
1733 1728 1723 1718
1734 1739 1744 1749
1734 1729 1724 1719
1735 1740 1745 1750
1735 1730 1725 1720
1736 1741 1746 1751
1736 1731 1726 1721
1737 1742 1747 1752
1737 1732 1727 1722
1738 1743 1748 1753
1738 1733 1728 1723
1739 1744 1749 1755
1739 1734 1729 1724
1740 1745 1750 1756
1740 1735 1730 1725
1741 1746 1751 1757
1741 1736 1731 1726
1742 1747 1752 1758
1742 1737 1732 1727
1743 1748 1753 1754
1743 1738 1733 1728
1744 1749 1755 1761
1744 1739 1734 1729
1745 1750 1756 1762
1745 1740 1735 1730
1746 1751 1757 1763
1746 1741 1736 1731
1747 1752 1758 1764
1747 1742 1737 1732
1748 1753 1754 1759
1748 1743 1738 1733
1749 1755 1761 1760
1749 1744 1739 1734
1750 1756 1762 1768
1750 1745 1740 1735
1751 1757 1763 1769
1751 1746 1741 1736
1752 1758 1764 1771
1752 1747 1742 1737
1753 1754 1759 1765
1753 1748 1743 1738
1754 1759 1765 1766
1754 1753 1748 1743
1755 1761 1760 1767
1755 1749 1744 1739
1756 1762 1768 1775
1756 1750 1745 1740
1757 1763 1769 1770
1757 1751 1746 1741
1758 1764 1771 1777
1758 1752 1747 1742
1759 1765 1766 1772
1759 1754 1753 1748
1760 1767 1774 1773
1760 1761 1755 1749
1761 1760 1767 1774
1761 1755 1749 1744
1762 1768 1775 1781
1762 1756 1750 1745
1763 1769 1770 1776
1763 1757 1751 1746
1764 1771 1777 1783
1764 1758 1752 1747
1765 1766 1772 1778
1765 1759 1754 1753
1766 1772 1778 1784
1766 1765 1759 1754
1767 1774 1773 1780
1767 1760 1761 1755
1768 1775 1781 1787
1768 1762 1756 1750
1769 1770 1776 1782
1769 1763 1757 1751
1770 1776 1782 1788
1770 1769 1763 1757
1771 1777 1783 1789
1771 1764 1758 1752
1772 1778 1784 1785
1772 1766 1765 1759
1773 1780 1779 1786
1773 1774 1767 1760
1774 1773 1780 1779
1774 1767 1760 1761
1775 1781 1787 1793
1775 1768 1762 1756
1776 1782 1788 1794
1776 1770 1769 1763
1777 1783 1789 1795
1777 1771 1764 1758
1778 1784 1785 1790
1778 1772 1766 1765
1779 1786 1792 1791
1779 1780 1773 1774
1780 1779 1786 1792
1780 1773 1774 1767
1781 1787 1793 1799
1781 1775 1768 1762
1782 1788 1794 1800
1782 1776 1770 1769
1783 1789 1795 1801
1783 1777 1771 1764
1784 1785 1790 1796
1784 1778 1772 1766
1785 1790 1796 1802
1785 1784 1778 1772
1786 1792 1791 1798
1786 1779 1780 1773
1787 1793 1799 1805
1787 1781 1775 1768
1788 1794 1800 1806
1788 1782 1776 1770
1789 1795 1801 1807
1789 1783 1777 1771
1790 1796 1802 1803
1790 1785 1784 1778
1791 1798 1797 1804
1791 1792 1786 1779
1792 1791 1798 1797
1792 1786 1779 1780
1793 1799 1805 1812
1793 1787 1781 1775
1794 1800 1806 1813
1794 1788 1782 1776
1795 1801 1807 1814
1795 1789 1783 1777
1796 1802 1803 1808
1796 1790 1785 1784
1797 1804 1811 1810
1797 1798 1791 1792
1798 1797 1804 1811
1798 1791 1792 1786
1799 1805 1812 1819
1799 1793 1787 1781
1800 1806 1813 1820
1800 1794 1788 1782
1801 1807 1814 1821
1801 1795 1789 1783
1802 1803 1808 1809
1802 1796 1790 1785
1803 1808 1809 1815
1803 1802 1796 1790
1804 1811 1810 1818
1804 1797 1798 1791
1805 1812 1819 1825
1805 1799 1793 1787
1806 1813 1820 1826
1806 1800 1794 1788
1807 1814 1821 1827
1807 1801 1795 1789
1808 1809 1815 1816
1808 1803 1802 1796
1809 1815 1816 1822
1809 1808 1803 1802
1810 1818 1817 1824
1810 1811 1804 1797
1811 1810 1818 1817
1811 1804 1797 1798
1812 1819 1825 1832
1812 1805 1799 1793
1813 1820 1826 1833
1813 1806 1800 1794
1814 1821 1827 1834
1814 1807 1801 1795
1815 1816 1822 1828
1815 1809 1808 1803
1816 1822 1828 1829
1816 1815 1809 1808
1817 1824 1823 1831
1817 1818 1810 1811
1818 1817 1824 1823
1818 1810 1811 1804
1819 1825 1832 1838
1819 1812 1805 1799
1820 1826 1833 1839
1820 1813 1806 1800
1821 1827 1834 1840
1821 1814 1807 1801
1822 1828 1829 1835
1822 1816 1815 1809
1823 1831 1830 1837
1823 1824 1817 1818
1824 1823 1831 1830
1824 1817 1818 1810
1825 1832 1838 1845
1825 1819 1812 1805
1826 1833 1839 1846
1826 1820 1813 1806
1827 1834 1840 1847
1827 1821 1814 1807
1828 1829 1835 1836
1828 1822 1816 1815
1829 1835 1836 1841
1829 1828 1822 1816
1830 1837 1844 1843
1830 1831 1823 1824
1831 1830 1837 1844
1831 1823 1824 1817
1832 1838 1845 1852
1832 1825 1819 1812
1833 1839 1846 1853
1833 1826 1820 1813
1834 1840 1847 1854
1834 1827 1821 1814
1835 1836 1841 1842
1835 1829 1828 1822
1836 1841 1842 1848
1836 1835 1829 1828
1837 1844 1843 1851
1837 1830 1831 1823
1838 1845 1852 1859
1838 1832 1825 1819
1839 1846 1853 1860
1839 1833 1826 1820
1840 1847 1854 1862
1840 1834 1827 1821
1841 1842 1848 1849
1841 1836 1835 1829
1842 1848 1849 1855
1842 1841 1836 1835
1843 1851 1850 1858
1843 1844 1837 1830
1844 1843 1851 1850
1844 1837 1830 1831
1845 1852 1859 1867
1845 1838 1832 1825
1846 1853 1860 1861
1846 1839 1833 1826
1847 1854 1862 1869
1847 1840 1834 1827
1848 1849 1855 1856
1848 1842 1841 1836
1849 1855 1856 1863
1849 1848 1842 1841
1850 1858 1857 1866
1850 1851 1843 1844
1851 1850 1858 1857
1851 1843 1844 1837
1852 1859 1867 1874
1852 1845 1838 1832
1853 1860 1861 1868
1853 1846 1839 1833
1854 1862 1869 1876
1854 1847 1840 1834
1855 1856 1863 1864
1855 1849 1848 1842
1856 1863 1864 1870
1856 1855 1849 1848
1857 1866 1865 1873
1857 1858 1850 1851
1858 1857 1866 1865
1858 1850 1851 1843
1859 1867 1874 1881
1859 1852 1845 1838
1860 1861 1868 1875
1860 1853 1846 1839
1861 1868 1875 1882
1861 1860 1853 1846
1862 1869 1876 1884
1862 1854 1847 1840
1863 1864 1870 1871
1863 1856 1855 1849
1864 1870 1871 1877
1864 1863 1856 1855
1865 1873 1872 1880
1865 1866 1857 1858
1866 1865 1873 1872
1866 1857 1858 1850
1867 1874 1881 1890
1867 1859 1852 1845
1868 1875 1882 1883
1868 1861 1860 1853
1869 1876 1884 1892
1869 1862 1854 1847
1870 1871 1877 1878
1870 1864 1863 1856
1871 1877 1878 1885
1871 1870 1864 1863
1872 1880 1879 1888
1872 1873 1865 1866
1873 1872 1880 1879
1873 1865 1866 1857
1874 1881 1890 1889
1874 1867 1859 1852
1875 1882 1883 1891
1875 1868 1861 1860
1876 1884 1892 1900
1876 1869 1862 1854
1877 1878 1885 1886
1877 1871 1870 1864
1878 1885 1886 1893
1878 1877 1871 1870
1879 1888 1887 1897
1879 1880 1872 1873
1880 1879 1888 1887
1880 1872 1873 1865
1881 1890 1889 1898
1881 1874 1867 1859
1882 1883 1891 1899
1882 1875 1868 1861
1883 1891 1899 1908
1883 1882 1875 1868
1884 1892 1900 1910
1884 1876 1869 1862
1885 1886 1893 1894
1885 1878 1877 1871
1886 1893 1894 1901
1886 1885 1878 1877
1887 1897 1896 1895
1887 1888 1879 1880
1888 1887 1897 1896
1888 1879 1880 1872
1889 1898 1907 1906
1889 1890 1881 1874
1890 1889 1898 1907
1890 1881 1874 1867
1891 1899 1908 1909
1891 1883 1882 1875
1892 1900 1910 1918
1892 1884 1876 1869
1893 1894 1901 1902
1893 1886 1885 1878
1894 1901 1902 1903
1894 1893 1886 1885
1895 1905 1904 1915
1895 1896 1897 1887
1896 1895 1905 1904
1896 1897 1887 1888
1897 1896 1895 1905
1897 1887 1888 1879
1898 1907 1906 1916
1898 1889 1890 1881
1899 1908 1909 1917
1899 1891 1883 1882
1900 1910 1918 1927
1900 1892 1884 1876
1901 1902 1903 1911
1901 1894 1893 1886
1902 1903 1911 1912
1902 1901 1894 1893
1903 1911 1912 1913
1903 1902 1901 1894
1904 1915 1914 1923
1904 1905 1895 1896
1905 1904 1915 1914
1905 1895 1896 1897
1906 1916 1925 1924
1906 1907 1898 1889
1907 1906 1916 1925
1907 1898 1889 1890
1908 1909 1917 1926
1908 1899 1891 1883
1909 1917 1926 1936
1909 1908 1899 1891
1910 1918 1927 1938
1910 1900 1892 1884
1911 1912 1913 1919
1911 1903 1902 1901
1912 1913 1919 1920
1912 1911 1903 1902
1913 1919 1920 1921
1913 1912 1911 1903
1914 1923 1922 1933
1914 1915 1904 1905
1915 1914 1923 1922
1915 1904 1905 1895
1916 1925 1924 1935
1916 1906 1907 1898
1917 1926 1936 1937
1917 1909 1908 1899
1918 1927 1938 1949
1918 1910 1900 1892
1919 1920 1921 1928
1919 1913 1912 1911
1920 1921 1928 1929
1920 1919 1913 1912
1921 1928 1929 1930
1921 1920 1919 1913
1922 1933 1932 1931
1922 1923 1914 1915
1923 1922 1933 1932
1923 1914 1915 1904
1924 1935 1934 1947
1924 1925 1916 1906
1925 1924 1935 1934
1925 1916 1906 1907
1926 1936 1937 1948
1926 1917 1909 1908
1927 1938 1949 1962
1927 1918 1910 1900
1928 1929 1930 1939
1928 1921 1920 1919
1929 1930 1939 1940
1929 1928 1921 1920
1930 1939 1940 1941
1930 1929 1928 1921
1931 1946 1945 1944
1931 1932 1933 1922
1932 1931 1946 1945
1932 1933 1922 1923
1933 1932 1931 1946
1933 1922 1923 1914
1934 1947 1960 1964
1934 1935 1924 1925
1935 1934 1947 1960
1935 1924 1925 1916
1936 1937 1948 1961
1936 1926 1917 1909
1937 1948 1961 1965
1937 1936 1926 1917
1938 1949 1962 1966
1938 1927 1918 1910
1939 1940 1941 1942
1939 1930 1929 1928
1940 1941 1942 1950
1940 1939 1930 1929
1941 1942 1950 1951
1941 1940 1939 1930
1942 1950 1951 1952
1942 1941 1940 1939
1943 1959 1958 1957
1943 1944 1945 1946
1944 1943 1959 1958
1944 1945 1946 1931
1945 1944 1943 1959
1945 1946 1931 1932
1946 1945 1944 1943
1946 1931 1932 1933
1947 1960 1964 1963
1947 1934 1935 1924
1948 1961 1965 1968
1948 1937 1936 1926
1949 1962 1966 1969
1949 1938 1927 1918
1950 1951 1952 1953
1950 1942 1941 1940
1951 1952 1953 1954
1951 1950 1942 1941
1952 1953 1954 1955
1952 1951 1950 1942
1953 1954 1955 1956
1953 1952 1951 1950
1954 1955 1956 1957
1954 1953 1952 1951
1955 1956 1957 1958
1955 1954 1953 1952
1956 1955 1954 1953
1956 1957 1958 1959
1957 1956 1955 1954
1957 1958 1959 1943
1958 1957 1956 1955
1958 1959 1943 1944
1959 1958 1957 1956
1959 1943 1944 1945
1960 1964 1963 1967
1960 1947 1934 1935
1961 1965 1968 1971
1961 1948 1937 1936
1962 1966 1969 1972
1962 1949 1938 1927
1963 1967 1970 1974
1963 1964 1960 1947
1964 1963 1967 1970
1964 1960 1947 1934
1965 1968 1971 1975
1965 1961 1948 1937
1966 1969 1972 1976
1966 1962 1949 1938
1967 1970 1974 1973
1967 1963 1964 1960
1968 1971 1975 1979
1968 1965 1961 1948
1969 1972 1976 1980
1969 1966 1962 1949
1970 1974 1973 1978
1970 1967 1963 1964
1971 1975 1979 1982
1971 1968 1965 1961
1972 1976 1980 1984
1972 1969 1966 1962
1973 1978 1977 1981
1973 1974 1970 1967
1974 1973 1978 1977
1974 1970 1967 1963
1975 1979 1982 1983
1975 1971 1968 1965
1976 1980 1984 1988
1976 1972 1969 1966
1977 1981 1986 1985
1977 1978 1973 1974
1978 1977 1981 1986
1978 1973 1974 1970
1979 1982 1983 1987
1979 1975 1971 1968
1980 1984 1988 1992
1980 1976 1972 1969
1981 1986 1985 1990
1981 1977 1978 1973
1982 1983 1987 1991
1982 1979 1975 1971
1983 1987 1991 1994
1983 1982 1979 1975
1984 1988 1992 1995
1984 1980 1976 1972
1985 1990 1989 1993
1985 1986 1981 1977
1986 1985 1990 1989
1986 1981 1977 1978
1987 1991 1994 1997
1987 1983 1982 1979
1988 1992 1995 1998
1988 1984 1980 1976
1989 1993 1996 2000
1989 1990 1985 1986
1990 1989 1993 1996
1990 1985 1986 1981
1991 1994 1997 2001
1991 1987 1983 1982
1992 1995 1998 2003
1992 1988 1984 1980
1993 1996 2000 1999
1993 1989 1990 1985
1994 1997 2001 2002
1994 1991 1987 1983
1995 1998 2003 2006
1995 1992 1988 1984
1996 2000 1999 2004
1996 1993 1989 1990
1997 2001 2002 2005
1997 1994 1991 1987
1998 2003 2006 2010
1998 1995 1992 1988
1999 2004 2007 2012
1999 2000 1996 1993
2000 1999 2004 2007
2000 1996 1993 1989
2001 2002 2005 2008
2001 1997 1994 1991
2002 2005 2008 2009
2002 2001 1997 1994
2003 2006 2010 2014
2003 1998 1995 1992
2004 2007 2012 2011
2004 1999 2000 1996
2005 2008 2009 2013
2005 2002 2001 1997
2006 2010 2014 2018
2006 2003 1998 1995
2007 2012 2011 2016
2007 2004 1999 2000
2008 2009 2013 2017
2008 2005 2002 2001
2009 2013 2017 2020
2009 2008 2005 2002
2010 2014 2018 2021
2010 2006 2003 1998
2011 2016 2015 2019
2011 2012 2007 2004
2012 2011 2016 2015
2012 2007 2004 1999
2013 2017 2020 2024
2013 2009 2008 2005
2014 2018 2021 2025
2014 2010 2006 2003
2015 2019 2023 2022
2015 2016 2011 2012
2016 2015 2019 2023
2016 2011 2012 2007
2017 2020 2024 2028
2017 2013 2009 2008
2018 2021 2025 2029
2018 2014 2010 2006
2019 2023 2022 2027
2019 2015 2016 2011
2020 2024 2028 2031
2020 2017 2013 2009
2021 2025 2029 2032
2021 2018 2014 2010
2022 2027 2026 2030
2022 2023 2019 2015
2023 2022 2027 2026
2023 2019 2015 2016
2024 2028 2031 2034
2024 2020 2017 2013
2025 2029 2032 2036
2025 2021 2018 2014
2026 2030 2033 2038
2026 2027 2022 2023
2027 2026 2030 2033
2027 2022 2023 2019
2028 2031 2034 2035
2028 2024 2020 2017
2029 2032 2036 2040
2029 2025 2021 2018
2030 2033 2038 2037
2030 2026 2027 2022
2031 2034 2035 2039
2031 2028 2024 2020
2032 2036 2040 2044
2032 2029 2025 2021
2033 2038 2037 2041
2033 2030 2026 2027
2034 2035 2039 2042
2034 2031 2028 2024
2035 2039 2042 2043
2035 2034 2031 2028
2036 2040 2044 2047
2036 2032 2029 2025
2037 2041 2045 2049
2037 2038 2033 2030
2038 2037 2041 2045
2038 2033 2030 2026
2039 2042 2043 2046
2039 2035 2034 2031
2040 2044 2047 2052
2040 2036 2032 2029
2041 2045 2049 2048
2041 2037 2038 2033
2042 2043 2046 2050
2042 2039 2035 2034
2043 2046 2050 2051
2043 2042 2039 2035
2044 2047 2052 2056
2044 2040 2036 2032
2045 2049 2048 2054
2045 2041 2037 2038
2046 2050 2051 2055
2046 2043 2042 2039
2047 2052 2056 2060
2047 2044 2040 2036
2048 2054 2053 2057
2048 2049 2045 2041
2049 2048 2054 2053
2049 2045 2041 2037
2050 2051 2055 2058
2050 2046 2043 2042
2051 2055 2058 2059
2051 2050 2046 2043
2052 2056 2060 2061
2052 2047 2044 2040
2053 2057 2063 2062
2053 2054 2048 2049
2054 2053 2057 2063
2054 2048 2049 2045
2055 2058 2059 2064
2055 2051 2050 2046
2056 2060 2061 2065
2056 2052 2047 2044
2057 2063 2062 2067
2057 2053 2054 2048
2058 2059 2064 2068
2058 2055 2051 2050
2059 2064 2068 2069
2059 2058 2055 2051
2060 2061 2065 2070
2060 2056 2052 2047
2061 2065 2070 2071
2061 2060 2056 2052
2062 2067 2066 2072
2062 2063 2057 2053
2063 2062 2067 2066
2063 2057 2053 2054
2064 2068 2069 2073
2064 2059 2058 2055
2065 2070 2071 2074
2065 2061 2060 2056
2066 2072 2077 2076
2066 2067 2062 2063
2067 2066 2072 2077
2067 2062 2063 2057
2068 2069 2073 2078
2068 2064 2059 2058
2069 2073 2078 2083
2069 2068 2064 2059
2070 2071 2074 2075
2070 2065 2061 2060
2071 2074 2075 2079
2071 2070 2065 2061
2072 2077 2076 2082
2072 2066 2067 2062
2073 2078 2083 2087
2073 2069 2068 2064
2074 2075 2079 2080
2074 2071 2070 2065
2075 2079 2080 2084
2075 2074 2071 2070
2076 2082 2081 2086
2076 2077 2072 2066
2077 2076 2082 2081
2077 2072 2066 2067
2078 2083 2087 2091
2078 2073 2069 2068
2079 2080 2084 2085
2079 2075 2074 2071
2080 2084 2085 2088
2080 2079 2075 2074
2081 2086 2090 2095
2081 2082 2076 2077
2082 2081 2086 2090
2082 2076 2077 2072
2083 2087 2091 2096
2083 2078 2073 2069
2084 2085 2088 2089
2084 2080 2079 2075
2085 2088 2089 2092
2085 2084 2080 2079
2086 2090 2095 2094
2086 2081 2082 2076
2087 2091 2096 2102
2087 2083 2078 2073
2088 2089 2092 2093
2088 2085 2084 2080
2089 2092 2093 2097
2089 2088 2085 2084
2090 2095 2094 2101
2090 2086 2081 2082
2091 2096 2102 2103
2091 2087 2083 2078
2092 2093 2097 2098
2092 2089 2088 2085
2093 2097 2098 2099
2093 2092 2089 2088
2094 2101 2100 2106
2094 2095 2090 2086
2095 2094 2101 2100
2095 2090 2086 2081
2096 2102 2103 2107
2096 2091 2087 2083
2097 2098 2099 2104
2097 2093 2092 2089
2098 2099 2104 2105
2098 2097 2093 2092
2099 2104 2105 2108
2099 2098 2097 2093
2100 2106 2111 2110
2100 2101 2094 2095
2101 2100 2106 2111
2101 2094 2095 2090
2102 2103 2107 2112
2102 2096 2091 2087
2103 2107 2112 2113
2103 2102 2096 2091
2104 2105 2108 2109
2104 2099 2098 2097
2105 2108 2109 2114
2105 2104 2099 2098
2106 2111 2110 2117
2106 2100 2101 2094
2107 2112 2113 2118
2107 2103 2102 2096
2108 2109 2114 2115
2108 2105 2104 2099
2109 2114 2115 2119
2109 2108 2105 2104
2110 2117 2116 2121
2110 2111 2106 2100
2111 2110 2117 2116
2111 2106 2100 2101
2112 2113 2118 2122
2112 2107 2103 2102
2113 2118 2122 2123
2113 2112 2107 2103
2114 2115 2119 2120
2114 2109 2108 2105
2115 2119 2120 2124
2115 2114 2109 2108
2116 2121 2127 2126
2116 2117 2110 2111
2117 2116 2121 2127
2117 2110 2111 2106
2118 2122 2123 2128
2118 2113 2112 2107
2119 2120 2124 2125
2119 2115 2114 2109
2120 2124 2125 2129
2120 2119 2115 2114
2121 2127 2126 2132
2121 2116 2117 2110
2122 2123 2128 2133
2122 2118 2113 2112
2123 2128 2133 2134
2123 2122 2118 2113
2124 2125 2129 2130
2124 2120 2119 2115
2125 2129 2130 2135
2125 2124 2120 2119
2126 2132 2131 2137
2126 2127 2121 2116
2127 2126 2132 2131
2127 2121 2116 2117
2128 2133 2134 2138
2128 2123 2122 2118
2129 2130 2135 2136
2129 2125 2124 2120
2130 2135 2136 2139
2130 2129 2125 2124
2131 2137 2141 2146
2131 2132 2126 2127
2132 2131 2137 2141
2132 2126 2127 2121
2133 2134 2138 2142
2133 2128 2123 2122
2134 2138 2142 2147
2134 2133 2128 2123
2135 2136 2139 2140
2135 2130 2129 2125
2136 2139 2140 2143
2136 2135 2130 2129
2137 2141 2146 2145
2137 2131 2132 2126
2138 2142 2147 2148
2138 2134 2133 2128
2139 2140 2143 2144
2139 2136 2135 2130
2140 2143 2144 2149
2140 2139 2136 2135
2141 2146 2145 2152
2141 2137 2131 2132
2142 2147 2148 2153
2142 2138 2134 2133
2143 2144 2149 2150
2143 2140 2139 2136
2144 2149 2150 2154
2144 2143 2140 2139
2145 2152 2151 2157
2145 2146 2141 2137
2146 2145 2152 2151
2146 2141 2137 2131
2147 2148 2153 2158
2147 2142 2138 2134
2148 2153 2158 2163
2148 2147 2142 2138
2149 2150 2154 2155
2149 2144 2143 2140
2150 2154 2155 2156
2150 2149 2144 2143
2151 2157 2162 2161
2151 2152 2145 2146
2152 2151 2157 2162
2152 2145 2146 2141
2153 2158 2163 2164
2153 2148 2147 2142
2154 2155 2156 2159
2154 2150 2149 2144
2155 2156 2159 2160
2155 2154 2150 2149
2156 2159 2160 2165
2156 2155 2154 2150
2157 2162 2161 2168
2157 2151 2152 2145
2158 2163 2164 2169
2158 2153 2148 2147
2159 2160 2165 2166
2159 2156 2155 2154
2160 2165 2166 2170
2160 2159 2156 2155
2161 2168 2167 2172
2161 2162 2157 2151
2162 2161 2168 2167
2162 2157 2151 2152
2163 2164 2169 2173
2163 2158 2153 2148
2164 2169 2173 2178
2164 2163 2158 2153
2165 2166 2170 2171
2165 2160 2159 2156
2166 2170 2171 2174
2166 2165 2160 2159
2167 2172 2177 2176
2167 2168 2161 2162
2168 2167 2172 2177
2168 2161 2162 2157
2169 2173 2178 2179
2169 2164 2163 2158
2170 2171 2174 2175
2170 2166 2165 2160
2171 2174 2175 2180
2171 2170 2166 2165
2172 2177 2176 2183
2172 2167 2168 2161
2173 2178 2179 2184
2173 2169 2164 2163
2174 2175 2180 2181
2174 2171 2170 2166
2175 2180 2181 2186
2175 2174 2171 2170
2176 2183 2182 2188
2176 2177 2172 2167
2177 2176 2183 2182
2177 2172 2167 2168
2178 2179 2184 2185
2178 2173 2169 2164
2179 2184 2185 2189
2179 2178 2173 2169
2180 2181 2186 2187
2180 2175 2174 2171
2181 2186 2187 2191
2181 2180 2175 2174
2182 2188 2194 2199
2182 2183 2176 2177
2183 2182 2188 2194
2183 2176 2177 2172
2184 2185 2189 2190
2184 2179 2178 2173
2185 2189 2190 2195
2185 2184 2179 2178
2186 2187 2191 2192
2186 2181 2180 2175
2187 2191 2192 2193
2187 2186 2181 2180
2188 2194 2199 2198
2188 2182 2183 2176
2189 2190 2195 2200
2189 2185 2184 2179
2190 2195 2200 2201
2190 2189 2185 2184
2191 2192 2193 2196
2191 2187 2186 2181
2192 2193 2196 2197
2192 2191 2187 2186
2193 2196 2197 2202
2193 2192 2191 2187
2194 2199 2198 2204
2194 2188 2182 2183
2195 2200 2201 2205
2195 2190 2189 2185
2196 2197 2202 2203
2196 2193 2192 2191
2197 2202 2203 2207
2197 2196 2193 2192
2198 2204 2209 2215
2198 2199 2194 2188
2199 2198 2204 2209
2199 2194 2188 2182
2200 2201 2205 2206
2200 2195 2190 2189
2201 2205 2206 2210
2201 2200 2195 2190
2202 2203 2207 2208
2202 2197 2196 2193
2203 2207 2208 2212
2203 2202 2197 2196
2204 2209 2215 2214
2204 2198 2199 2194
2205 2206 2210 2211
2205 2201 2200 2195
2206 2210 2211 2216
2206 2205 2201 2200
2207 2208 2212 2213
2207 2203 2202 2197
2208 2212 2213 2218
2208 2207 2203 2202
2209 2215 2214 2222
2209 2204 2198 2199
2210 2211 2216 2217
2210 2206 2205 2201
2211 2216 2217 2223
2211 2210 2206 2205
2212 2213 2218 2219
2212 2208 2207 2203
2213 2218 2219 2220
2213 2212 2208 2207
2214 2222 2221 2227
2214 2215 2209 2204
2215 2214 2222 2221
2215 2209 2204 2198
2216 2217 2223 2224
2216 2211 2210 2206
2217 2223 2224 2228
2217 2216 2211 2210
2218 2219 2220 2225
2218 2213 2212 2208
2219 2220 2225 2226
2219 2218 2213 2212
2220 2225 2226 2230
2220 2219 2218 2213
2221 2227 2233 2232
2221 2222 2214 2215
2222 2221 2227 2233
2222 2214 2215 2209
2223 2224 2228 2229
2223 2217 2216 2211
2224 2228 2229 2234
2224 2223 2217 2216
2225 2226 2230 2231
2225 2220 2219 2218
2226 2230 2231 2236
2226 2225 2220 2219
2227 2233 2232 2239
2227 2221 2222 2214
2228 2229 2234 2235
2228 2224 2223 2217
2229 2234 2235 2240
2229 2228 2224 2223
2230 2231 2236 2237
2230 2226 2225 2220
2231 2236 2237 2242
2231 2230 2226 2225
2232 2239 2238 2244
2232 2233 2227 2221
2233 2232 2239 2238
2233 2227 2221 2222
2234 2235 2240 2241
2234 2229 2228 2224
2235 2240 2241 2245
2235 2234 2229 2228
2236 2237 2242 2243
2236 2231 2230 2226
2237 2242 2243 2247
2237 2236 2231 2230
2238 2244 2249 2255
2238 2239 2232 2233
2239 2238 2244 2249
2239 2232 2233 2227
2240 2241 2245 2246
2240 2235 2234 2229
2241 2245 2246 2250
2241 2240 2235 2234
2242 2243 2247 2248
2242 2237 2236 2231
2243 2247 2248 2252
2243 2242 2237 2236
2244 2249 2255 2254
2244 2238 2239 2232
2245 2246 2250 2251
2245 2241 2240 2235
2246 2250 2251 2256
2246 2245 2241 2240
2247 2248 2252 2253
2247 2243 2242 2237
2248 2252 2253 2258
2248 2247 2243 2242
2249 2255 2254 2261
2249 2244 2238 2239
2250 2251 2256 2257
2250 2246 2245 2241
2251 2256 2257 2262
2251 2250 2246 2245
2252 2253 2258 2259
2252 2248 2247 2243
2253 2258 2259 2260
2253 2252 2248 2247
2254 2261 2266 2272
2254 2255 2249 2244
2255 2254 2261 2266
2255 2249 2244 2238
2256 2257 2262 2263
2256 2251 2250 2246
2257 2262 2263 2267
2257 2256 2251 2250
2258 2259 2260 2264
2258 2253 2252 2248
2259 2260 2264 2265
2259 2258 2253 2252
2260 2264 2265 2269
2260 2259 2258 2253
2261 2266 2272 2271
2261 2254 2255 2249
2262 2263 2267 2268
2262 2257 2256 2251
2263 2267 2268 2273
2263 2262 2257 2256
2264 2265 2269 2270
2264 2260 2259 2258
2265 2269 2270 2275
2265 2264 2260 2259
2266 2272 2271 2278
2266 2261 2254 2255
2267 2268 2273 2274
2267 2263 2262 2257
2268 2273 2274 2279
2268 2267 2263 2262
2269 2270 2275 2276
2269 2265 2264 2260
2270 2275 2276 2282
2270 2269 2265 2264
2271 2278 2277 2284
2271 2272 2266 2261
2272 2271 2278 2277
2272 2266 2261 2254
2273 2274 2279 2280
2273 2268 2267 2263
2274 2279 2280 2281
2274 2273 2268 2267
2275 2276 2282 2283
2275 2270 2269 2265
2276 2282 2283 2287
2276 2275 2270 2269
2277 2284 2290 2289
2277 2278 2271 2272
2278 2277 2284 2290
2278 2271 2272 2266
2279 2280 2281 2285
2279 2274 2273 2268
2280 2281 2285 2286
2280 2279 2274 2273
2281 2285 2286 2291
2281 2280 2279 2274
2282 2283 2287 2288
2282 2276 2275 2270
2283 2287 2288 2293
2283 2282 2276 2275
2284 2290 2289 2296
2284 2277 2278 2271
2285 2286 2291 2292
2285 2281 2280 2279
2286 2291 2292 2297
2286 2285 2281 2280
2287 2288 2293 2294
2287 2283 2282 2276
2288 2293 2294 2299
2288 2287 2283 2282
2289 2296 2295 2301
2289 2290 2284 2277
2290 2289 2296 2295
2290 2284 2277 2278
2291 2292 2297 2298
2291 2286 2285 2281
2292 2297 2298 2302
2292 2291 2286 2285
2293 2294 2299 2300
2293 2288 2287 2283
2294 2299 2300 2304
2294 2293 2288 2287
2295 2301 2307 2306
2295 2296 2289 2290
2296 2295 2301 2307
2296 2289 2290 2284
2297 2298 2302 2303
2297 2292 2291 2286
2298 2302 2303 2308
2298 2297 2292 2291
2299 2300 2304 2305
2299 2294 2293 2288
2300 2304 2305 2310
2300 2299 2294 2293
2301 2307 2306 2313
2301 2295 2296 2289
2302 2303 2308 2309
2302 2298 2297 2292
2303 2308 2309 2314
2303 2302 2298 2297
2304 2305 2310 2311
2304 2300 2299 2294
2305 2310 2311 2316
2305 2304 2300 2299
2306 2313 2312 2318
2306 2307 2301 2295
2307 2306 2313 2312
2307 2301 2295 2296
2308 2309 2314 2315
2308 2303 2302 2298
2309 2314 2315 2319
2309 2308 2303 2302
2310 2311 2316 2317
2310 2305 2304 2300
2311 2316 2317 2321
2311 2310 2305 2304
2312 2318 2324 2330
2312 2313 2306 2307
2313 2312 2318 2324
2313 2306 2307 2301
2314 2315 2319 2320
2314 2309 2308 2303
2315 2319 2320 2325
2315 2314 2309 2308
2316 2317 2321 2322
2316 2311 2310 2305
2317 2321 2322 2323
2317 2316 2311 2310
2318 2324 2330 2329
2318 2312 2313 2306
2319 2320 2325 2326
2319 2315 2314 2309
2320 2325 2326 2331
2320 2319 2315 2314
2321 2322 2323 2327
2321 2317 2316 2311
2322 2323 2327 2328
2322 2321 2317 2316
2323 2327 2328 2333
2323 2322 2321 2317
2324 2330 2329 2336
2324 2318 2312 2313
2325 2326 2331 2332
2325 2320 2319 2315
2326 2331 2332 2337
2326 2325 2320 2319
2327 2328 2333 2334
2327 2323 2322 2321
2328 2333 2334 2340
2328 2327 2323 2322
2329 2336 2335 2342
2329 2330 2324 2318
2330 2329 2336 2335
2330 2324 2318 2312
2331 2332 2337 2338
2331 2326 2325 2320
2332 2337 2338 2339
2332 2331 2326 2325
2333 2334 2340 2341
2333 2328 2327 2323
2334 2340 2341 2345
2334 2333 2328 2327
2335 2342 2348 2347
2335 2336 2329 2330
2336 2335 2342 2348
2336 2329 2330 2324
2337 2338 2339 2343
2337 2332 2331 2326
2338 2339 2343 2344
2338 2337 2332 2331
2339 2343 2344 2349
2339 2338 2337 2332
2340 2341 2345 2346
2340 2334 2333 2328
2341 2345 2346 2351
2341 2340 2334 2333
2342 2348 2347 2354
2342 2335 2336 2329
2343 2344 2349 2350
2343 2339 2338 2337
2344 2349 2350 2355
2344 2343 2339 2338
2345 2346 2351 2352
2345 2341 2340 2334
2346 2351 2352 2357
2346 2345 2341 2340
2347 2354 2353 2359
2347 2348 2342 2335
2348 2347 2354 2353
2348 2342 2335 2336
2349 2350 2355 2356
2349 2344 2343 2339
2350 2355 2356 2360
2350 2349 2344 2343
2351 2352 2357 2358
2351 2346 2345 2341
2352 2357 2358 2362
2352 2351 2346 2345
2353 2359 2365 2364
2353 2354 2347 2348
2354 2353 2359 2365
2354 2347 2348 2342
2355 2356 2360 2361
2355 2350 2349 2344
2356 2360 2361 2366
2356 2355 2350 2349
2357 2358 2362 2363
2357 2352 2351 2346
2358 2362 2363 2368
2358 2357 2352 2351
2359 2365 2364 2371
2359 2353 2354 2347
2360 2361 2366 2367
2360 2356 2355 2350
2361 2366 2367 2372
2361 2360 2356 2355
2362 2363 2368 2369
2362 2358 2357 2352
2363 2368 2369 2374
2363 2362 2358 2357
2364 2371 2370 2376
2364 2365 2359 2353
2365 2364 2371 2370
2365 2359 2353 2354
2366 2367 2372 2373
2366 2361 2360 2356
2367 2372 2373 2377
2367 2366 2361 2360
2368 2369 2374 2375
2368 2363 2362 2358
2369 2374 2375 2379
2369 2368 2363 2362
2370 2376 2381 2388
2370 2371 2364 2365
2371 2370 2376 2381
2371 2364 2365 2359
2372 2373 2377 2378
2372 2367 2366 2361
2373 2377 2378 2382
2373 2372 2367 2366
2374 2375 2379 2380
2374 2369 2368 2363
2375 2379 2380 2385
2375 2374 2369 2368
2376 2381 2388 2387
2376 2370 2371 2364
2377 2378 2382 2383
2377 2373 2372 2367
2378 2382 2383 2384
2378 2377 2373 2372
2379 2380 2385 2386
2379 2375 2374 2369
2380 2385 2386 2391
2380 2379 2375 2374
2381 2388 2387 2394
2381 2376 2370 2371
2382 2383 2384 2389
2382 2378 2377 2373
2383 2384 2389 2390
2383 2382 2378 2377
2384 2389 2390 2395
2384 2383 2382 2378
2385 2386 2391 2392
2385 2380 2379 2375
2386 2391 2392 2398
2386 2385 2380 2379
2387 2394 2393 2401
2387 2388 2381 2376
2388 2387 2394 2393
2388 2381 2376 2370
2389 2390 2395 2396
2389 2384 2383 2382
2390 2395 2396 2397
2390 2389 2384 2383
2391 2392 2398 2399
2391 2386 2385 2380
2392 2398 2399 2400
2392 2391 2386 2385
2393 2401 2407 2406
2393 2394 2387 2388
2394 2393 2401 2407
2394 2387 2388 2381
2395 2396 2397 2402
2395 2390 2389 2384
2396 2397 2402 2403
2396 2395 2390 2389
2397 2402 2403 2408
2397 2396 2395 2390
2398 2399 2400 2404
2398 2392 2391 2386
2399 2400 2404 2405
2399 2398 2392 2391
2400 2404 2405 2410
2400 2399 2398 2392
2401 2407 2406 2413
2401 2393 2394 2387
2402 2403 2408 2409
2402 2397 2396 2395
2403 2408 2409 2414
2403 2402 2397 2396
2404 2405 2410 2411
2404 2400 2399 2398
2405 2410 2411 2417
2405 2404 2400 2399
2406 2413 2412 2419
2406 2407 2401 2393
2407 2406 2413 2412
2407 2401 2393 2394
2408 2409 2414 2415
2408 2403 2402 2397
2409 2414 2415 2416
2409 2408 2403 2402
2410 2411 2417 2418
2410 2405 2404 2400
2411 2417 2418 2423
2411 2410 2405 2404
2412 2419 2426 2425
2412 2413 2406 2407
2413 2412 2419 2426
2413 2406 2407 2401
2414 2415 2416 2420
2414 2409 2408 2403
2415 2416 2420 2421
2415 2414 2409 2408
2416 2420 2421 2422
2416 2415 2414 2409
2417 2418 2423 2424
2417 2411 2410 2405
2418 2423 2424 2429
2418 2417 2411 2410
2419 2426 2425 2433
2419 2412 2413 2406
2420 2421 2422 2427
2420 2416 2415 2414
2421 2422 2427 2428
2421 2420 2416 2415
2422 2427 2428 2434
2422 2421 2420 2416
2423 2424 2429 2430
2423 2418 2417 2411
2424 2429 2430 2431
2424 2423 2418 2417
2425 2433 2432 2438
2425 2426 2419 2412
2426 2425 2433 2432
2426 2419 2412 2413
2427 2428 2434 2435
2427 2422 2421 2420
2428 2434 2435 2439
2428 2427 2422 2421
2429 2430 2431 2436
2429 2424 2423 2418
2430 2431 2436 2437
2430 2429 2424 2423
2431 2436 2437 2442
2431 2430 2429 2424
2432 2438 2444 2451
2432 2433 2425 2426
2433 2432 2438 2444
2433 2425 2426 2419
2434 2435 2439 2440
2434 2428 2427 2422
2435 2439 2440 2441
2435 2434 2428 2427
2436 2437 2442 2443
2436 2431 2430 2429
2437 2442 2443 2448
2437 2436 2431 2430
2438 2444 2451 2450
2438 2432 2433 2425
2439 2440 2441 2445
2439 2435 2434 2428
2440 2441 2445 2446
2440 2439 2435 2434
2441 2445 2446 2447
2441 2440 2439 2435
2442 2443 2448 2449
2442 2437 2436 2431
2443 2448 2449 2454
2443 2442 2437 2436
2444 2451 2450 2457
2444 2438 2432 2433
2445 2446 2447 2452
2445 2441 2440 2439
2446 2447 2452 2453
2446 2445 2441 2440
2447 2452 2453 2458
2447 2446 2445 2441
2448 2449 2454 2455
2448 2443 2442 2437
2449 2454 2455 2460
2449 2448 2443 2442
2450 2457 2456 2462
2450 2451 2444 2438
2451 2450 2457 2456
2451 2444 2438 2432
2452 2453 2458 2459
2452 2447 2446 2445
2453 2458 2459 2463
2453 2452 2447 2446
2454 2455 2460 2461
2454 2449 2448 2443
2455 2460 2461 2465
2455 2454 2449 2448
2456 2462 2469 2468
2456 2457 2450 2451
2457 2456 2462 2469
2457 2450 2451 2444
2458 2459 2463 2464
2458 2453 2452 2447
2459 2463 2464 2470
2459 2458 2453 2452
2460 2461 2465 2466
2460 2455 2454 2449
2461 2465 2466 2467
2461 2460 2455 2454
2462 2469 2468 2476
2462 2456 2457 2450
2463 2464 2470 2471
2463 2459 2458 2453
2464 2470 2471 2472
2464 2463 2459 2458
2465 2466 2467 2473
2465 2461 2460 2455
2466 2467 2473 2474
2466 2465 2461 2460
2467 2473 2474 2480
2467 2466 2465 2461
2468 2476 2475 2482
2468 2469 2462 2456
2469 2468 2476 2475
2469 2462 2456 2457
2470 2471 2472 2477
2470 2464 2463 2459
2471 2472 2477 2478
2471 2470 2464 2463
2472 2477 2478 2479
2472 2471 2470 2464
2473 2474 2480 2481
2473 2467 2466 2465
2474 2480 2481 2486
2474 2473 2467 2466
2475 2482 2489 2488
2475 2476 2468 2469
2476 2475 2482 2489
2476 2468 2469 2462
2477 2478 2479 2483
2477 2472 2471 2470
2478 2479 2483 2484
2478 2477 2472 2471
2479 2483 2484 2485
2479 2478 2477 2472
2480 2481 2486 2487
2480 2474 2473 2467
2481 2486 2487 2493
2481 2480 2474 2473
2482 2489 2488 2496
2482 2475 2476 2468
2483 2484 2485 2490
2483 2479 2478 2477
2484 2485 2490 2491
2484 2483 2479 2478
2485 2490 2491 2492
2485 2484 2483 2479
2486 2487 2493 2494
2486 2481 2480 2474
2487 2493 2494 2500
2487 2486 2481 2480
2488 2496 2495 2502
2488 2489 2482 2475
2489 2488 2496 2495
2489 2482 2475 2476
2490 2491 2492 2497
2490 2485 2484 2483
2491 2492 2497 2498
2491 2490 2485 2484
2492 2497 2498 2499
2492 2491 2490 2485
2493 2494 2500 2501
2493 2487 2486 2481
2494 2500 2501 2505
2494 2493 2487 2486
2495 2502 2508 2515
2495 2496 2488 2489
2496 2495 2502 2508
2496 2488 2489 2482
2497 2498 2499 2503
2497 2492 2491 2490
2498 2499 2503 2504
2498 2497 2492 2491
2499 2503 2504 2509
2499 2498 2497 2492
2500 2501 2505 2506
2500 2494 2493 2487
2501 2505 2506 2507
2501 2500 2494 2493
2502 2508 2515 2514
2502 2495 2496 2488
2503 2504 2509 2510
2503 2499 2498 2497
2504 2509 2510 2511
2504 2503 2499 2498
2505 2506 2507 2512
2505 2501 2500 2494
2506 2507 2512 2513
2506 2505 2501 2500
2507 2512 2513 2519
2507 2506 2505 2501
2508 2515 2514 2521
2508 2502 2495 2496
2509 2510 2511 2516
2509 2504 2503 2499
2510 2511 2516 2517
2510 2509 2504 2503
2511 2516 2517 2518
2511 2510 2509 2504
2512 2513 2519 2520
2512 2507 2506 2505
2513 2519 2520 2525
2513 2512 2507 2506
2514 2521 2527 2534
2514 2515 2508 2502
2515 2514 2521 2527
2515 2508 2502 2495
2516 2517 2518 2522
2516 2511 2510 2509
2517 2518 2522 2523
2517 2516 2511 2510
2518 2522 2523 2524
2518 2517 2516 2511
2519 2520 2525 2526
2519 2513 2512 2507
2520 2525 2526 2531
2520 2519 2513 2512
2521 2527 2534 2533
2521 2514 2515 2508
2522 2523 2524 2528
2522 2518 2517 2516
2523 2524 2528 2529
2523 2522 2518 2517
2524 2528 2529 2530
2524 2523 2522 2518
2525 2526 2531 2532
2525 2520 2519 2513
2526 2531 2532 2538
2526 2525 2520 2519
2527 2534 2533 2541
2527 2521 2514 2515
2528 2529 2530 2535
2528 2524 2523 2522
2529 2530 2535 2536
2529 2528 2524 2523
2530 2535 2536 2537
2530 2529 2528 2524
2531 2532 2538 2539
2531 2526 2525 2520
2532 2538 2539 2545
2532 2531 2526 2525
2533 2541 2540 2547
2533 2534 2527 2521
2534 2533 2541 2540
2534 2527 2521 2514
2535 2536 2537 2542
2535 2530 2529 2528
2536 2537 2542 2543
2536 2535 2530 2529
2537 2542 2543 2544
2537 2536 2535 2530
2538 2539 2545 2546
2538 2532 2531 2526
2539 2545 2546 2551
2539 2538 2532 2531
2540 2547 2554 2553
2540 2541 2533 2534
2541 2540 2547 2554
2541 2533 2534 2527
2542 2543 2544 2548
2542 2537 2536 2535
2543 2544 2548 2549
2543 2542 2537 2536
2544 2548 2549 2550
2544 2543 2542 2537
2545 2546 2551 2552
2545 2539 2538 2532
2546 2551 2552 2558
2546 2545 2539 2538
2547 2554 2553 2561
2547 2540 2541 2533
2548 2549 2550 2555
2548 2544 2543 2542
2549 2550 2555 2556
2549 2548 2544 2543
2550 2555 2556 2557
2550 2549 2548 2544
2551 2552 2558 2559
2551 2546 2545 2539
2552 2558 2559 2565
2552 2551 2546 2545
2553 2561 2560 2567
2553 2554 2547 2540
2554 2553 2561 2560
2554 2547 2540 2541
2555 2556 2557 2562
2555 2550 2549 2548
2556 2557 2562 2563
2556 2555 2550 2549
2557 2562 2563 2564
2557 2556 2555 2550
2558 2559 2565 2566
2558 2552 2551 2546
2559 2565 2566 2571
2559 2558 2552 2551
2560 2567 2573 2579
2560 2561 2553 2554
2561 2560 2567 2573
2561 2553 2554 2547
2562 2563 2564 2568
2562 2557 2556 2555
2563 2564 2568 2569
2563 2562 2557 2556
2564 2568 2569 2570
2564 2563 2562 2557
2565 2566 2571 2572
2565 2559 2558 2552
2566 2571 2572 2576
2566 2565 2559 2558
2567 2573 2579 2578
2567 2560 2561 2553
2568 2569 2570 2574
2568 2564 2563 2562
2569 2570 2574 2575
2569 2568 2564 2563
2570 2574 2575 2580
2570 2569 2568 2564
2571 2572 2576 2577
2571 2566 2565 2559
2572 2576 2577 -1
2572 2571 2566 2565
2573 2579 2578 2583
2573 2567 2560 2561
2574 2575 2580 2581
2574 2570 2569 2568
2575 2580 2581 2582
2575 2574 2570 2569
2576 2572 2571 2566
2577 2576 2572 2571
2578 2583 2590 2605
2578 2579 2573 2567
2579 2578 2583 2590
2579 2573 2567 2560
2580 2581 2582 2584
2580 2575 2574 2570
2581 2582 2584 2585
2581 2580 2575 2574
2582 2584 2585 2586
2582 2581 2580 2575
2583 2590 2605 2604
2583 2578 2579 2573
2584 2585 2586 2587
2584 2582 2581 2580
2585 2586 2587 2588
2585 2584 2582 2581
2586 2587 2588 2589
2586 2585 2584 2582
2587 2588 2589 2591
2587 2586 2585 2584
2588 2589 2591 2592
2588 2587 2586 2585
2589 2591 2592 2593
2589 2588 2587 2586
2590 2605 2604 2625
2590 2583 2578 2579
2591 2592 2593 2594
2591 2589 2588 2587
2592 2593 2594 2595
2592 2591 2589 2588
2593 2594 2595 2596
2593 2592 2591 2589
2594 2595 2596 2597
2594 2593 2592 2591
2595 2596 2597 2598
2595 2594 2593 2592
2596 2597 2598 2599
2596 2595 2594 2593
2597 2598 2599 2600
2597 2596 2595 2594
2598 2599 2600 2601
2598 2597 2596 2595
2599 2600 2601 2602
2599 2598 2597 2596
2600 2601 2602 2603
2600 2599 2598 2597
2601 2602 2603 2606
2601 2600 2599 2598
2602 2603 2606 2607
2602 2601 2600 2599
2603 2606 2607 2608
2603 2602 2601 2600
2604 2625 2624 2640
2604 2605 2590 2583
2605 2604 2625 2624
2605 2590 2583 2578
2606 2607 2608 2609
2606 2603 2602 2601
2607 2608 2609 2610
2607 2606 2603 2602
2608 2609 2610 2611
2608 2607 2606 2603
2609 2610 2611 2612
2609 2608 2607 2606
2610 2611 2612 2613
2610 2609 2608 2607
2611 2612 2613 2614
2611 2610 2609 2608
2612 2613 2614 2615
2612 2611 2610 2609
2613 2614 2615 2616
2613 2612 2611 2610
2614 2615 2616 2617
2614 2613 2612 2611
2615 2616 2617 2618
2615 2614 2613 2612
2616 2617 2618 2619
2616 2615 2614 2613
2617 2618 2619 2620
2617 2616 2615 2614
2618 2619 2620 2621
2618 2617 2616 2615
2619 2620 2621 2622
2619 2618 2617 2616
2620 2621 2622 2623
2620 2619 2618 2617
2621 2622 2623 2626
2621 2620 2619 2618
2622 2623 2626 2627
2622 2621 2620 2619
2623 2626 2627 2628
2623 2622 2621 2620
2624 2640 2660 2659
2624 2625 2604 2605
2625 2624 2640 2660
2625 2604 2605 2590
2626 2627 2628 2629
2626 2623 2622 2621
2627 2628 2629 2630
2627 2626 2623 2622
2628 2629 2630 2631
2628 2627 2626 2623
2629 2630 2631 2632
2629 2628 2627 2626
2630 2631 2632 2633
2630 2629 2628 2627
2631 2632 2633 2634
2631 2630 2629 2628
2632 2633 2634 2635
2632 2631 2630 2629
2633 2634 2635 2636
2633 2632 2631 2630
2634 2635 2636 2637
2634 2633 2632 2631
2635 2636 2637 2638
2635 2634 2633 2632
2636 2637 2638 2639
2636 2635 2634 2633
2637 2638 2639 2641
2637 2636 2635 2634
2638 2639 2641 2642
2638 2637 2636 2635
2639 2641 2642 2643
2639 2638 2637 2636
2640 2660 2659 2678
2640 2624 2625 2604
2641 2642 2643 2644
2641 2639 2638 2637
2642 2643 2644 2645
2642 2641 2639 2638
2643 2644 2645 2646
2643 2642 2641 2639
2644 2645 2646 2647
2644 2643 2642 2641
2645 2646 2647 2648
2645 2644 2643 2642
2646 2647 2648 2649
2646 2645 2644 2643
2647 2648 2649 2650
2647 2646 2645 2644
2648 2649 2650 2651
2648 2647 2646 2645
2649 2650 2651 2652
2649 2648 2647 2646
2650 2651 2652 2653
2650 2649 2648 2647
2651 2652 2653 2654
2651 2650 2649 2648
2652 2653 2654 2655
2652 2651 2650 2649
2653 2654 2655 2656
2653 2652 2651 2650
2654 2655 2656 2657
2654 2653 2652 2651
2655 2656 2657 2658
2655 2654 2653 2652
2656 2657 2658 2661
2656 2655 2654 2653
2657 2658 2661 2662
2657 2656 2655 2654
2658 2661 2662 2663
2658 2657 2656 2655
2659 2678 2677 2676
2659 2660 2640 2624
2660 2659 2678 2677
2660 2640 2624 2625
2661 2662 2663 2664
2661 2658 2657 2656
2662 2663 2664 2665
2662 2661 2658 2657
2663 2664 2665 2666
2663 2662 2661 2658
2664 2665 2666 2667
2664 2663 2662 2661
2665 2666 2667 2668
2665 2664 2663 2662
2666 2667 2668 2669
2666 2665 2664 2663
2667 2668 2669 2670
2667 2666 2665 2664
2668 2669 2670 2671
2668 2667 2666 2665
2669 2670 2671 2672
2669 2668 2667 2666
2670 2671 2672 2673
2670 2669 2668 2667
2671 2672 2673 2674
2671 2670 2669 2668
2672 2673 2674 2675
2672 2671 2670 2669
2673 2674 2675 2679
2673 2672 2671 2670
2674 2675 2679 2680
2674 2673 2672 2671
2675 2679 2680 2676
2675 2674 2673 2672
2676 2680 2679 2675
2676 2677 2678 2659
2677 2676 2680 2679
2677 2678 2659 2660
2678 2677 2676 2680
2678 2659 2660 2640
2679 2680 2676 2677
2679 2675 2674 2673
2680 2679 2675 2674
2680 2676 2677 2678
