0 95 94 93
0 1 2 3
1 0 95 94
1 2 3 4
2 1 0 95
2 3 4 5
3 2 1 0
3 4 5 6
4 3 2 1
4 5 6 7
5 4 3 2
5 6 7 8
6 5 4 3
6 7 8 9
7 6 5 4
7 8 9 10
8 7 6 5
8 9 10 11
9 8 7 6
9 10 11 12
10 9 8 7
10 11 12 13
11 10 9 8
11 12 13 14
12 11 10 9
12 13 14 15
13 12 11 10
13 14 15 16
14 13 12 11
14 15 16 17
15 14 13 12
15 16 17 18
16 15 14 13
16 17 18 19
17 16 15 14
17 18 19 20
18 17 16 15
18 19 20 21
19 18 17 16
19 20 21 22
20 19 18 17
20 21 22 23
21 20 19 18
21 22 23 24
22 21 20 19
22 23 24 25
23 22 21 20
23 24 25 26
24 23 22 21
24 25 26 27
25 24 23 22
25 26 27 28
26 25 24 23
26 27 28 29
27 26 25 24
27 28 29 30
28 29 30 31
28 27 26 25
29 30 31 32
29 28 27 26
30 31 32 96
30 29 28 27
31 32 96 97
31 30 29 28
32 96 97 98
32 31 30 29
33 138 137 136
33 34 35 36
34 33 138 137
34 35 36 37
35 34 33 138
35 36 37 38
36 35 34 33
36 37 38 39
37 36 35 34
37 38 39 40
38 37 36 35
38 39 40 41
39 38 37 36
39 40 41 42
40 39 38 37
40 41 42 43
41 40 39 38
41 42 43 44
42 41 40 39
42 43 44 45
43 42 41 40
43 44 45 46
44 43 42 41
44 45 46 47
45 44 43 42
45 46 47 48
46 45 44 43
46 47 48 49
47 46 45 44
47 48 49 50
48 47 46 45
48 49 50 51
49 48 47 46
49 50 51 52
50 49 48 47
50 51 52 53
51 50 49 48
51 52 53 54
52 51 50 49
52 53 54 55
53 52 51 50
53 54 55 56
54 53 52 51
54 55 56 57
55 54 53 52
55 56 57 58
56 55 54 53
56 57 58 59
57 56 55 54
57 58 59 60
58 57 56 55
58 59 60 61
59 58 57 56
59 60 61 62
60 59 58 57
60 61 62 63
61 60 59 58
61 62 63 64
62 61 60 59
62 63 64 65
63 62 61 60
63 64 65 66
64 63 62 61
64 65 66 67
65 64 63 62
65 66 67 68
66 65 64 63
66 67 68 69
67 66 65 64
67 68 69 70
68 67 66 65
68 69 70 71
69 68 67 66
69 70 71 72
70 69 68 67
70 71 72 73
71 70 69 68
71 72 73 74
72 71 70 69
72 73 74 75
73 72 71 70
73 74 75 76
74 73 72 71
74 75 76 77
75 74 73 72
75 76 77 78
76 75 74 73
76 77 78 79
77 76 75 74
77 78 79 80
78 77 76 75
78 79 80 81
79 78 77 76
79 80 81 82
80 79 78 77
80 81 82 83
81 80 79 78
81 82 83 84
82 81 80 79
82 83 84 85
83 82 81 80
83 84 85 86
84 83 82 81
84 85 86 87
85 84 83 82
85 86 87 88
86 85 84 83
86 87 88 89
87 86 85 84
87 88 89 90
88 87 86 85
88 89 90 91
89 88 87 86
89 90 91 92
90 89 88 87
90 91 92 93
91 90 89 88
91 92 93 94
92 91 90 89
92 93 94 95
93 92 91 90
93 94 95 0
94 93 92 91
94 95 0 1
95 94 93 92
95 0 1 2
96 97 98 139
96 32 31 30
97 98 139 140
97 96 32 31
98 139 140 146
98 97 96 32
99 145 144 143
99 100 101 102
100 99 145 144
100 101 102 103
101 100 99 145
101 102 103 104
102 101 100 99
102 103 104 105
103 102 101 100
103 104 105 106
104 103 102 101
104 105 106 107
105 104 103 102
105 106 107 108
106 105 104 103
106 107 108 109
107 106 105 104
107 108 109 110
108 107 106 105
108 109 110 111
109 108 107 106
109 110 111 112
110 109 108 107
110 111 112 113
111 110 109 108
111 112 113 114
112 111 110 109
112 113 114 115
113 112 111 110
113 114 115 116
114 113 112 111
114 115 116 117
115 114 113 112
115 116 117 118
116 115 114 113
116 117 118 119
117 116 115 114
117 118 119 120
118 117 116 115
118 119 120 121
119 118 117 116
119 120 121 122
120 119 118 117
120 121 122 123
121 120 119 118
121 122 123 124
122 121 120 119
122 123 124 125
123 122 121 120
123 124 125 126
124 123 122 121
124 125 126 127
125 124 123 122
125 126 127 128
126 125 124 123
126 127 128 129
127 126 125 124
127 128 129 130
128 127 126 125
128 129 130 131
129 128 127 126
129 130 131 132
130 129 128 127
130 131 132 133
131 130 129 128
131 132 133 134
132 131 130 129
132 133 134 135
133 132 131 130
133 134 135 136
134 133 132 131
134 135 136 137
135 134 133 132
135 136 137 138
136 135 134 133
136 137 138 33
137 136 135 134
137 138 33 34
138 137 136 135
138 33 34 35
139 140 146 149
139 98 97 96
140 146 149 150
140 139 98 97
141 148 147 153
141 142 143 144
142 141 148 147
142 143 144 145
143 142 141 148
143 144 145 99
144 143 142 141
144 145 99 100
145 144 143 142
145 99 100 101
146 149 150 154
146 140 139 98
147 153 152 151
147 148 141 142
148 147 153 152
148 141 142 143
149 150 154 155
149 146 140 139
150 154 155 158
150 149 146 140
151 157 156 161
151 152 153 147
152 151 157 156
152 153 147 148
153 152 151 157
153 147 148 141
154 155 158 159
154 150 149 146
155 158 159 162
155 154 150 149
156 161 160 165
156 157 151 152
157 156 161 160
157 151 152 153
158 159 162 163
158 155 154 150
159 162 163 166
159 158 155 154
160 165 164 168
160 161 156 157
161 160 165 164
161 156 157 151
162 163 166 169
162 159 158 155
163 166 169 170
163 162 159 158
164 168 167 172
164 165 160 161
165 164 168 167
165 160 161 156
166 169 170 173
166 163 162 159
167 172 171 176
167 168 164 165
168 167 172 171
168 164 165 160
169 170 173 174
169 166 163 162
170 173 174 177
170 169 166 163
171 176 175 179
171 172 167 168
172 171 176 175
172 167 168 164
173 174 177 178
173 170 169 166
174 177 178 180
174 173 170 169
175 179 182 181
175 176 171 172
176 175 179 182
176 171 172 167
177 178 180 183
177 174 173 170
178 180 183 186
178 177 174 173
179 182 181 185
179 175 176 171
180 183 186 187
180 178 177 174
181 185 184 189
181 182 179 175
182 181 185 184
182 179 175 176
183 186 187 190
183 180 178 177
184 189 188 193
184 185 181 182
185 184 189 188
185 181 182 179
186 187 190 191
186 183 180 178
187 190 191 194
187 186 183 180
188 193 192 197
188 189 184 185
189 188 193 192
189 184 185 181
190 191 194 195
190 187 186 183
191 194 195 198
191 190 187 186
192 197 196 200
192 193 188 189
193 192 197 196
193 188 189 184
194 195 198 201
194 191 190 187
195 198 201 204
195 194 191 190
196 200 199 203
196 197 192 193
197 196 200 199
197 192 193 188
198 201 204 205
198 195 194 191
199 203 202 207
199 200 196 197
200 199 203 202
200 196 197 192
201 204 205 208
201 198 195 194
202 207 206 211
202 203 199 200
203 202 207 206
203 199 200 196
204 205 208 209
204 201 198 195
205 208 209 212
205 204 201 198
206 211 210 215
206 207 202 203
207 206 211 210
207 202 203 199
208 209 212 213
208 205 204 201
209 212 213 216
209 208 205 204
210 215 214 218
210 211 206 207
211 210 215 214
211 206 207 202
212 213 216 219
212 209 208 205
213 216 219 221
213 212 209 208
214 218 217 220
214 215 210 211
215 214 218 217
215 210 211 206
216 219 221 222
216 213 212 209
217 220 223 227
217 218 214 215
218 217 220 223
218 214 215 210
219 221 222 224
219 216 213 212
220 223 227 226
220 217 218 214
221 222 224 225
221 219 216 213
222 224 225 228
222 221 219 216
223 227 226 231
223 220 217 218
224 225 228 229
224 222 221 219
225 228 229 232
225 224 222 221
226 231 230 234
226 227 223 220
227 226 231 230
227 223 220 217
228 229 232 235
228 225 224 222
229 232 235 238
229 228 225 224
230 234 233 237
230 231 226 227
231 230 234 233
231 226 227 223
232 235 238 239
232 229 228 225
233 237 236 241
233 234 230 231
234 233 237 236
234 230 231 226
235 238 239 242
235 232 229 228
236 241 240 244
236 237 233 234
237 236 241 240
237 233 234 230
238 239 242 243
238 235 232 229
239 242 243 245
239 238 235 232
240 244 248 247
240 241 236 237
241 240 244 248
241 236 237 233
242 243 245 246
242 239 238 235
243 245 246 249
243 242 239 238
244 248 247 251
244 240 241 236
245 246 249 252
245 243 242 239
246 249 252 253
246 245 243 242
247 251 250 254
247 248 244 240
248 247 251 250
248 244 240 241
249 252 253 255
249 246 245 243
250 254 258 257
250 251 247 248
251 250 254 258
251 247 248 244
252 253 255 256
252 249 246 245
253 255 256 259
253 252 249 246
254 258 257 261
254 250 251 247
255 256 259 260
255 253 252 249
256 259 260 262
256 255 253 252
257 261 264 266
257 258 254 250
258 257 261 264
258 254 250 251
259 260 262 263
259 256 255 253
260 262 263 265
260 259 256 255
261 264 266 269
261 257 258 254
262 263 265 267
262 260 259 256
263 265 267 268
263 262 260 259
264 266 269 272
264 261 257 258
265 267 268 270
265 263 262 260
266 269 272 274
266 264 261 257
267 268 270 271
267 265 263 262
268 270 271 273
268 267 265 263
269 272 274 276
269 266 264 261
270 271 273 275
270 268 267 265
271 273 275 277
271 270 268 267
272 274 276 279
272 269 266 264
273 275 277 280
273 271 270 268
274 276 279 278
274 272 269 266
275 277 280 282
275 273 271 270
276 279 278 281
276 274 272 269
277 280 282 285
277 275 273 271
278 281 284 283
278 279 276 274
279 278 281 284
279 276 274 272
280 282 285 287
280 277 275 273
281 284 283 286
281 278 279 276
282 285 287 289
282 280 277 275
283 286 288 290
283 284 281 278
284 283 286 288
284 281 278 279
285 287 289 291
285 282 280 277
286 288 290 292
286 283 284 281
287 289 291 293
287 285 282 280
288 290 292 295
288 286 283 284
289 291 293 296
289 287 285 282
290 292 295 294
290 288 286 283
291 293 296 298
291 289 287 285
292 295 294 297
292 290 288 286
293 296 298 300
293 291 289 287
294 297 299 302
294 295 292 290
295 294 297 299
295 292 290 288
296 298 300 303
296 293 291 289
297 299 302 301
297 294 295 292
298 300 303 305
298 296 293 291
299 302 301 304
299 297 294 295
300 303 305 307
300 298 296 293
301 304 306 309
301 302 299 297
302 301 304 306
302 299 297 294
303 305 307 310
303 300 298 296
304 306 309 308
304 301 302 299
305 307 310 312
305 303 300 298
306 309 308 311
306 304 301 302
307 310 312 314
307 305 303 300
308 311 313 316
308 309 306 304
309 308 311 313
309 306 304 301
310 312 314 317
310 307 305 303
311 313 316 315
311 308 309 306
312 314 317 319
312 310 307 305
313 316 315 318
313 311 308 309
314 317 319 321
314 312 310 307
315 318 320 322
315 316 313 311
316 315 318 320
316 313 311 308
317 319 321 323
317 314 312 310
318 320 322 324
318 315 316 313
319 321 323 325
319 317 314 312
320 322 324 326
320 318 315 316
321 323 325 327
321 319 317 314
322 324 326 328
322 320 318 315
323 325 327 329
323 321 319 317
324 326 328 330
324 322 320 318
325 327 329 331
325 323 321 319
326 328 330 332
326 324 322 320
327 329 331 333
327 325 323 321
328 330 332 334
328 326 324 322
329 331 333 335
329 327 325 323
330 332 334 336
330 328 326 324
331 333 335 337
331 329 327 325
332 334 336 338
332 330 328 326
333 335 337 339
333 331 329 327
334 336 338 340
334 332 330 328
335 337 339 341
335 333 331 329
336 338 340 342
336 334 332 330
337 339 341 343
337 335 333 331
338 340 342 345
338 336 334 332
339 341 343 346
339 337 335 333
340 342 345 344
340 338 336 334
341 343 346 348
341 339 337 335
342 345 344 347
342 340 338 336
343 346 348 350
343 341 339 337
344 347 349 351
344 345 342 340
345 344 347 349
345 342 340 338
346 348 350 352
346 343 341 339
347 349 351 353
347 344 345 342
348 350 352 354
348 346 343 341
349 351 353 355
349 347 344 345
350 352 354 356
350 348 346 343
351 353 355 357
351 349 347 344
352 354 356 358
352 350 348 346
353 355 357 359
353 351 349 347
354 356 358 360
354 352 350 348
355 357 359 362
355 353 351 349
356 358 360 363
356 354 352 350
357 359 362 361
357 355 353 351
358 360 363 365
358 356 354 352
359 362 361 364
359 357 355 353
360 363 365 367
360 358 356 354
361 364 366 368
361 362 359 357
362 361 364 366
362 359 357 355
363 365 367 369
363 360 358 356
364 366 368 370
364 361 362 359
365 367 369 371
365 363 360 358
366 368 370 372
366 364 361 362
367 369 371 373
367 365 363 360
368 370 372 374
368 366 364 361
369 371 373 375
369 367 365 363
370 372 374 376
370 368 366 364
371 373 375 377
371 369 367 365
372 374 376 378
372 370 368 366
373 375 377 379
373 371 369 367
374 376 378 381
374 372 370 368
375 377 379 382
375 373 371 369
376 378 381 380
376 374 372 370
377 379 382 384
377 375 373 371
378 381 380 383
378 376 374 372
379 382 384 386
379 377 375 373
380 383 385 387
380 381 378 376
381 380 383 385
381 378 376 374
382 384 386 388
382 379 377 375
383 385 387 389
383 380 381 378
384 386 388 390
384 382 379 377
385 387 389 391
385 383 380 381
386 388 390 392
386 384 382 379
387 389 391 393
387 385 383 380
388 390 392 394
388 386 384 382
389 391 393 395
389 387 385 383
390 392 394 396
390 388 386 384
391 393 395 397
391 389 387 385
392 394 396 398
392 390 388 386
393 395 397 399
393 391 389 387
394 396 398 400
394 392 390 388
395 397 399 401
395 393 391 389
396 398 400 402
396 394 392 390
397 399 401 403
397 395 393 391
398 400 402 404
398 396 394 392
399 401 403 405
399 397 395 393
400 402 404 406
400 398 396 394
401 403 405 407
401 399 397 395
402 404 406 408
402 400 398 396
403 405 407 409
403 401 399 397
404 406 408 410
404 402 400 398
405 407 409 411
405 403 401 399
406 408 410 412
406 404 402 400
407 409 411 413
407 405 403 401
408 410 412 414
408 406 404 402
409 411 413 415
409 407 405 403
410 412 414 416
410 408 406 404
411 413 415 417
411 409 407 405
412 414 416 418
412 410 408 406
413 415 417 419
413 411 409 407
414 416 418 420
414 412 410 408
415 417 419 421
415 413 411 409
416 418 420 422
416 414 412 410
417 419 421 423
417 415 413 411
418 420 422 424
418 416 414 412
419 421 423 425
419 417 415 413
420 422 424 426
420 418 416 414
421 423 425 427
421 419 417 415
422 424 426 428
422 420 418 416
423 425 427 429
423 421 419 417
424 426 428 430
424 422 420 418
425 427 429 431
425 423 421 419
426 428 430 432
426 424 422 420
427 429 431 433
427 425 423 421
428 430 432 434
428 426 424 422
429 431 433 435
429 427 425 423
430 432 434 436
430 428 426 424
431 433 435 437
431 429 427 425
432 434 436 438
432 430 428 426
433 435 437 439
433 431 429 427
434 436 438 440
434 432 430 428
435 437 439 441
435 433 431 429
436 438 440 442
436 434 432 430
437 439 441 443
437 435 433 431
438 440 442 444
438 436 434 432
439 441 443 445
439 437 435 433
440 442 444 446
440 438 436 434
441 443 445 447
441 439 437 435
442 444 446 448
442 440 438 436
443 445 447 449
443 441 439 437
444 446 448 450
444 442 440 438
445 447 449 451
445 443 441 439
446 448 450 452
446 444 442 440
447 449 451 453
447 445 443 441
448 450 452 454
448 446 444 442
449 451 453 455
449 447 445 443
450 452 454 456
450 448 446 444
451 453 455 457
451 449 447 445
452 454 456 458
452 450 448 446
453 455 457 459
453 451 449 447
454 456 458 460
454 452 450 448
455 457 459 461
455 453 451 449
456 458 460 462
456 454 452 450
457 459 461 463
457 455 453 451
458 460 462 464
458 456 454 452
459 461 463 465
459 457 455 453
460 462 464 466
460 458 456 454
461 463 465 467
461 459 457 455
462 464 466 468
462 460 458 456
463 465 467 469
463 461 459 457
464 466 468 470
464 462 460 458
465 467 469 471
465 463 461 459
466 468 470 472
466 464 462 460
467 469 471 473
467 465 463 461
468 470 472 474
468 466 464 462
469 471 473 475
469 467 465 463
470 472 474 476
470 468 466 464
471 473 475 477
471 469 467 465
472 474 476 478
472 470 468 466
473 475 477 479
473 471 469 467
474 476 478 480
474 472 470 468
475 477 479 481
475 473 471 469
476 478 480 482
476 474 472 470
477 479 481 483
477 475 473 471
478 480 482 484
478 476 474 472
479 481 483 485
479 477 475 473
480 482 484 486
480 478 476 474
481 483 485 487
481 479 477 475
482 484 486 488
482 480 478 476
483 485 487 489
483 481 479 477
484 486 488 490
484 482 480 478
485 487 489 491
485 483 481 479
486 488 490 492
486 484 482 480
487 489 491 493
487 485 483 481
488 490 492 494
488 486 484 482
489 491 493 495
489 487 485 483
490 492 494 496
490 488 486 484
491 493 495 497
491 489 487 485
492 494 496 498
492 490 488 486
493 495 497 499
493 491 489 487
494 496 498 500
494 492 490 488
495 497 499 501
495 493 491 489
496 498 500 502
496 494 492 490
497 499 501 504
497 495 493 491
498 500 502 505
498 496 494 492
499 501 504 503
499 497 495 493
500 502 505 507
500 498 496 494
501 504 503 506
501 499 497 495
502 505 507 509
502 500 498 496
503 506 508 510
503 504 501 499
504 503 506 508
504 501 499 497
505 507 509 511
505 502 500 498
506 508 510 512
506 503 504 501
507 509 511 513
507 505 502 500
508 510 512 514
508 506 503 504
509 511 513 515
509 507 505 502
510 512 514 516
510 508 506 503
511 513 515 517
511 509 507 505
512 514 516 518
512 510 508 506
513 515 517 519
513 511 509 507
514 516 518 520
514 512 510 508
515 517 519 521
515 513 511 509
516 518 520 522
516 514 512 510
517 519 521 523
517 515 513 511
518 520 522 524
518 516 514 512
519 521 523 525
519 517 515 513
520 522 524 526
520 518 516 514
521 523 525 527
521 519 517 515
522 524 526 528
522 520 518 516
523 525 527 529
523 521 519 517
524 526 528 530
524 522 520 518
525 527 529 531
525 523 521 519
526 528 530 532
526 524 522 520
527 529 531 533
527 525 523 521
528 530 532 534
528 526 524 522
529 531 533 535
529 527 525 523
530 532 534 536
530 528 526 524
531 533 535 537
531 529 527 525
532 534 536 538
532 530 528 526
533 535 537 539
533 531 529 527
534 536 538 540
534 532 530 528
535 537 539 541
535 533 531 529
536 538 540 542
536 534 532 530
537 539 541 543
537 535 533 531
538 540 542 544
538 536 534 532
539 541 543 545
539 537 535 533
540 542 544 546
540 538 536 534
541 543 545 547
541 539 537 535
542 544 546 548
542 540 538 536
543 545 547 549
543 541 539 537
544 546 548 550
544 542 540 538
545 547 549 551
545 543 541 539
546 548 550 552
546 544 542 540
547 549 551 553
547 545 543 541
548 550 552 554
548 546 544 542
549 551 553 555
549 547 545 543
550 552 554 556
550 548 546 544
551 553 555 557
551 549 547 545
552 554 556 558
552 550 548 546
553 555 557 559
553 551 549 547
554 556 558 560
554 552 550 548
555 557 559 561
555 553 551 549
556 558 560 562
556 554 552 550
557 559 561 563
557 555 553 551
558 560 562 564
558 556 554 552
559 561 563 565
559 557 555 553
560 562 564 566
560 558 556 554
561 563 565 567
561 559 557 555
562 564 566 568
562 560 558 556
563 565 567 569
563 561 559 557
564 566 568 571
564 562 560 558
565 567 569 572
565 563 561 559
566 568 571 570
566 564 562 560
567 569 572 574
567 565 563 561
568 571 570 573
568 566 564 562
569 572 574 576
569 567 565 563
570 573 575 577
570 571 568 566
571 570 573 575
571 568 566 564
572 574 576 578
572 569 567 565
573 575 577 579
573 570 571 568
574 576 578 580
574 572 569 567
575 577 579 581
575 573 570 571
576 578 580 582
576 574 572 569
577 579 581 583
577 575 573 570
578 580 582 584
578 576 574 572
579 581 583 585
579 577 575 573
580 582 584 586
580 578 576 574
581 583 585 587
581 579 577 575
582 584 586 588
582 580 578 576
583 585 587 589
583 581 579 577
584 586 588 590
584 582 580 578
585 587 589 591
585 583 581 579
586 588 590 592
586 584 582 580
587 589 591 593
587 585 583 581
588 590 592 594
588 586 584 582
589 591 593 595
589 587 585 583
590 592 594 596
590 588 586 584
591 593 595 597
591 589 587 585
592 594 596 598
592 590 588 586
593 595 597 599
593 591 589 587
594 596 598 600
594 592 590 588
595 597 599 601
595 593 591 589
596 598 600 602
596 594 592 590
597 599 601 603
597 595 593 591
598 600 602 604
598 596 594 592
599 601 603 605
599 597 595 593
600 602 604 606
600 598 596 594
601 603 605 607
601 599 597 595
602 604 606 608
602 600 598 596
603 605 607 609
603 601 599 597
604 606 608 610
604 602 600 598
605 607 609 611
605 603 601 599
606 608 610 612
606 604 602 600
607 609 611 613
607 605 603 601
608 610 612 614
608 606 604 602
609 611 613 615
609 607 605 603
610 612 614 616
610 608 606 604
611 613 615 617
611 609 607 605
612 614 616 618
612 610 608 606
613 615 617 619
613 611 609 607
614 616 618 620
614 612 610 608
615 617 619 621
615 613 611 609
616 618 620 622
616 614 612 610
617 619 621 623
617 615 613 611
618 620 622 624
618 616 614 612
619 621 623 625
619 617 615 613
620 622 624 626
620 618 616 614
621 623 625 627
621 619 617 615
622 624 626 628
622 620 618 616
623 625 627 629
623 621 619 617
624 626 628 630
624 622 620 618
625 627 629 631
625 623 621 619
626 628 630 632
626 624 622 620
627 629 631 633
627 625 623 621
628 630 632 634
628 626 624 622
629 631 633 635
629 627 625 623
630 632 634 636
630 628 626 624
631 633 635 637
631 629 627 625
632 634 636 638
632 630 628 626
633 635 637 639
633 631 629 627
634 636 638 640
634 632 630 628
635 637 639 641
635 633 631 629
636 638 640 642
636 634 632 630
637 639 641 643
637 635 633 631
638 640 642 644
638 636 634 632
639 641 643 645
639 637 635 633
640 642 644 646
640 638 636 634
641 643 645 647
641 639 637 635
642 644 646 648
642 640 638 636
643 645 647 649
643 641 639 637
644 646 648 650
644 642 640 638
645 647 649 651
645 643 641 639
646 648 650 652
646 644 642 640
647 649 651 653
647 645 643 641
648 650 652 654
648 646 644 642
649 651 653 655
649 647 645 643
650 652 654 656
650 648 646 644
651 653 655 657
651 649 647 645
652 654 656 658
652 650 648 646
653 655 657 659
653 651 649 647
654 656 658 660
654 652 650 648
655 657 659 661
655 653 651 649
656 658 660 662
656 654 652 650
657 659 661 663
657 655 653 651
658 660 662 664
658 656 654 652
659 661 663 665
659 657 655 653
660 662 664 666
660 658 656 654
661 663 665 667
661 659 657 655
662 664 666 668
662 660 658 656
663 665 667 669
663 661 659 657
664 666 668 670
664 662 660 658
665 667 669 671
665 663 661 659
666 668 670 672
666 664 662 660
667 669 671 673
667 665 663 661
668 670 672 674
668 666 664 662
669 671 673 675
669 667 665 663
670 672 674 676
670 668 666 664
671 673 675 677
671 669 667 665
672 674 676 678
672 670 668 666
673 675 677 679
673 671 669 667
674 676 678 681
674 672 670 668
675 677 679 682
675 673 671 669
676 678 681 684
676 674 672 670
677 679 682 685
677 675 673 671
678 681 684 687
678 676 674 672
679 682 685 688
679 677 675 673
680 683 686 689
681 684 687 690
681 678 676 674
682 685 688 691
682 679 677 675
683 686 689 692
684 687 690 693
684 681 678 676
685 688 691 694
685 682 679 677
686 689 692 695
686 683 680 -1
687 690 693 696
687 684 681 678
688 691 694 697
688 685 682 679
689 692 695 698
689 686 683 680
690 693 696 699
690 687 684 681
691 694 697 700
691 688 685 682
692 695 698 701
692 689 686 683
693 696 699 702
693 690 687 684
694 697 700 703
694 691 688 685
695 698 701 704
695 692 689 686
696 699 702 705
696 693 690 687
697 700 703 706
697 694 691 688
698 701 704 707
698 695 692 689
699 702 705 708
699 696 693 690
700 703 706 709
700 697 694 691
701 704 707 710
701 698 695 692
702 705 708 711
702 699 696 693
703 706 709 712
703 700 697 694
704 707 710 713
704 701 698 695
705 708 711 714
705 702 699 696
706 709 712 715
706 703 700 697
707 710 713 716
707 704 701 698
708 711 714 717
708 705 702 699
709 712 715 718
709 706 703 700
710 713 716 719
710 707 704 701
711 714 717 720
711 708 705 702
712 715 718 721
712 709 706 703
713 716 719 722
713 710 707 704
714 717 720 723
714 711 708 705
715 718 721 724
715 712 709 706
716 719 722 725
716 713 710 707
717 720 723 726
717 714 711 708
718 721 724 727
718 715 712 709
719 722 725 728
719 716 713 710
720 723 726 729
720 717 714 711
721 724 727 730
721 718 715 712
722 725 728 731
722 719 716 713
723 726 729 732
723 720 717 714
724 727 730 733
724 721 718 715
725 728 731 734
725 722 719 716
726 729 732 735
726 723 720 717
727 730 733 736
727 724 721 718
728 731 734 737
728 725 722 719
729 732 735 738
729 726 723 720
730 733 736 739
730 727 724 721
731 734 737 -1
731 728 725 722
732 735 738 740
732 729 726 723
733 736 739 741
733 730 727 724
734 731 728 725
735 738 740 742
735 732 729 726
736 739 741 743
736 733 730 727
737 734 731 728
738 740 742 744
738 735 732 729
739 741 743 745
739 736 733 730
740 742 744 746
740 738 735 732
741 743 745 747
741 739 736 733
742 744 746 748
742 740 738 735
743 745 747 749
743 741 739 736
744 746 748 750
744 742 740 738
745 747 749 751
745 743 741 739
746 748 750 752
746 744 742 740
747 749 751 753
747 745 743 741
748 750 752 754
748 746 744 742
749 751 753 755
749 747 745 743
750 752 754 756
750 748 746 744
751 753 755 757
751 749 747 745
752 754 756 758
752 750 748 746
753 755 757 759
753 751 749 747
754 756 758 760
754 752 750 748
755 757 759 761
755 753 751 749
756 758 760 762
756 754 752 750
757 759 761 763
757 755 753 751
758 760 762 764
758 756 754 752
759 761 763 765
759 757 755 753
760 762 764 766
760 758 756 754
761 763 765 767
761 759 757 755
762 764 766 768
762 760 758 756
763 765 767 769
763 761 759 757
764 766 768 770
764 762 760 758
765 767 769 771
765 763 761 759
766 768 770 772
766 764 762 760
767 769 771 773
767 765 763 761
768 770 772 774
768 766 764 762
769 771 773 775
769 767 765 763
770 772 774 776
770 768 766 764
771 773 775 777
771 769 767 765
772 774 776 778
772 770 768 766
773 775 777 779
773 771 769 767
774 776 778 780
774 772 770 768
775 777 779 781
775 773 771 769
776 778 780 782
776 774 772 770
777 779 781 783
777 775 773 771
778 780 782 784
778 776 774 772
779 781 783 785
779 777 775 773
780 782 784 786
780 778 776 774
781 783 785 787
781 779 777 775
782 784 786 788
782 780 778 776
783 785 787 789
783 781 779 777
784 786 788 790
784 782 780 778
785 787 789 791
785 783 781 779
786 788 790 792
786 784 782 780
787 789 791 793
787 785 783 781
788 790 792 794
788 786 784 782
789 791 793 795
789 787 785 783
790 792 794 796
790 788 786 784
791 793 795 797
791 789 787 785
792 794 796 798
792 790 788 786
793 795 797 799
793 791 789 787
794 796 798 800
794 792 790 788
795 797 799 801
795 793 791 789
796 798 800 802
796 794 792 790
797 799 801 803
797 795 793 791
798 800 802 804
798 796 794 792
799 801 803 805
799 797 795 793
800 802 804 806
800 798 796 794
801 803 805 807
801 799 797 795
802 804 806 808
802 800 798 796
803 805 807 809
803 801 799 797
804 806 808 810
804 802 800 798
805 807 809 811
805 803 801 799
806 808 810 812
806 804 802 800
807 809 811 813
807 805 803 801
808 810 812 814
808 806 804 802
809 811 813 815
809 807 805 803
810 812 814 817
810 808 806 804
811 813 815 818
811 809 807 805
812 814 817 820
812 810 808 806
813 815 818 821
813 811 809 807
814 817 820 823
814 812 810 808
815 818 821 824
815 813 811 809
816 819 822 825
817 820 823 826
817 814 812 810
818 821 824 827
818 815 813 811
819 822 825 828
820 823 826 829
820 817 814 812
821 824 827 830
821 818 815 813
822 825 828 831
822 819 816 -1
823 826 829 832
823 820 817 814
824 827 830 833
824 821 818 815
825 828 831 834
825 822 819 816
826 829 832 835
826 823 820 817
827 830 833 836
827 824 821 818
828 831 834 837
828 825 822 819
829 832 835 838
829 826 823 820
830 833 836 839
830 827 824 821
831 834 837 840
831 828 825 822
832 835 838 841
832 829 826 823
833 836 839 842
833 830 827 824
834 837 840 843
834 831 828 825
835 838 841 844
835 832 829 826
836 839 842 845
836 833 830 827
837 840 843 846
837 834 831 828
838 841 844 847
838 835 832 829
839 842 845 848
839 836 833 830
840 843 846 849
840 837 834 831
841 844 847 850
841 838 835 832
842 845 848 851
842 839 836 833
843 846 849 852
843 840 837 834
844 847 850 853
844 841 838 835
845 848 851 854
845 842 839 836
846 849 852 855
846 843 840 837
847 850 853 856
847 844 841 838
848 851 854 857
848 845 842 839
849 852 855 858
849 846 843 840
850 853 856 859
850 847 844 841
851 854 857 860
851 848 845 842
852 855 858 861
852 849 846 843
853 856 859 862
853 850 847 844
854 857 860 863
854 851 848 845
855 858 861 864
855 852 849 846
856 859 862 865
856 853 850 847
857 860 863 866
857 854 851 848
858 861 864 867
858 855 852 849
859 862 865 868
859 856 853 850
860 863 866 869
860 857 854 851
861 864 867 870
861 858 855 852
862 865 868 871
862 859 856 853
863 866 869 872
863 860 857 854
864 867 870 873
864 861 858 855
865 868 871 874
865 862 859 856
866 869 872 875
866 863 860 857
867 870 873 876
867 864 861 858
868 871 874 877
868 865 862 859
869 872 875 878
869 866 863 860
870 873 876 879
870 867 864 861
871 874 877 880
871 868 865 862
872 875 878 881
872 869 866 863
873 876 879 882
873 870 867 864
874 877 880 883
874 871 868 865
875 878 881 884
875 872 869 866
876 879 882 -1
876 873 870 867
877 880 883 885
877 874 871 868
878 881 884 886
878 875 872 869
879 876 873 870
880 883 885 887
880 877 874 871
881 884 886 888
881 878 875 872
882 879 876 873
883 885 887 889
883 880 877 874
884 886 888 890
884 881 878 875
885 887 889 891
885 883 880 877
886 888 890 892
886 884 881 878
887 889 891 893
887 885 883 880
888 890 892 894
888 886 884 881
889 891 893 895
889 887 885 883
890 892 894 896
890 888 886 884
891 893 895 897
891 889 887 885
892 894 896 898
892 890 888 886
893 895 897 899
893 891 889 887
894 896 898 900
894 892 890 888
895 897 899 901
895 893 891 889
896 898 900 902
896 894 892 890
897 899 901 903
897 895 893 891
898 900 902 904
898 896 894 892
899 901 903 905
899 897 895 893
900 902 904 906
900 898 896 894
901 903 905 907
901 899 897 895
902 904 906 908
902 900 898 896
903 905 907 909
903 901 899 897
904 906 908 910
904 902 900 898
905 907 909 911
905 903 901 899
906 908 910 912
906 904 902 900
907 909 911 913
907 905 903 901
908 910 912 914
908 906 904 902
909 911 913 915
909 907 905 903
910 912 914 916
910 908 906 904
911 913 915 917
911 909 907 905
912 914 916 918
912 910 908 906
913 915 917 919
913 911 909 907
914 916 918 920
914 912 910 908
915 917 919 921
915 913 911 909
916 918 920 922
916 914 912 910
917 919 921 923
917 915 913 911
918 920 922 924
918 916 914 912
919 921 923 925
919 917 915 913
920 922 924 926
920 918 916 914
921 923 925 927
921 919 917 915
922 924 926 928
922 920 918 916
923 925 927 929
923 921 919 917
924 926 928 930
924 922 920 918
925 927 929 931
925 923 921 919
926 928 930 932
926 924 922 920
927 929 931 933
927 925 923 921
928 930 932 934
928 926 924 922
929 931 933 935
929 927 925 923
930 932 934 936
930 928 926 924
931 933 935 937
931 929 927 925
932 934 936 938
932 930 928 926
933 935 937 939
933 931 929 927
934 936 938 940
934 932 930 928
935 937 939 941
935 933 931 929
936 938 940 942
936 934 932 930
937 939 941 943
937 935 933 931
938 940 942 944
938 936 934 932
939 941 943 945
939 937 935 933
940 942 944 946
940 938 936 934
941 943 945 947
941 939 937 935
942 944 946 948
942 940 938 936
943 945 947 949
943 941 939 937
944 946 948 950
944 942 940 938
945 947 949 951
945 943 941 939
946 948 950 952
946 944 942 940
947 949 951 953
947 945 943 941
948 950 952 954
948 946 944 942
949 951 953 955
949 947 945 943
950 952 954 956
950 948 946 944
951 953 955 957
951 949 947 945
952 954 956 958
952 950 948 946
953 955 957 959
953 951 949 947
954 956 958 960
954 952 950 948
955 957 959 961
955 953 951 949
956 958 960 962
956 954 952 950
957 959 961 963
957 955 953 951
958 960 962 964
958 956 954 952
959 961 963 965
959 957 955 953
960 962 964 966
960 958 956 954
961 963 965 967
961 959 957 955
962 964 966 968
962 960 958 956
963 965 967 969
963 961 959 957
964 966 968 970
964 962 960 958
965 967 969 971
965 963 961 959
966 968 970 972
966 964 962 960
967 969 971 973
967 965 963 961
968 970 972 974
968 966 964 962
969 971 973 975
969 967 965 963
970 972 974 976
970 968 966 964
971 973 975 977
971 969 967 965
972 974 976 978
972 970 968 966
973 975 977 979
973 971 969 967
974 976 978 980
974 972 970 968
975 977 979 981
975 973 971 969
976 978 980 982
976 974 972 970
977 979 981 983
977 975 973 971
978 980 982 984
978 976 974 972
979 981 983 985
979 977 975 973
980 982 984 986
980 978 976 974
981 983 985 987
981 979 977 975
982 984 986 988
982 980 978 976
983 985 987 989
983 981 979 977
984 986 988 990
984 982 980 978
985 987 989 991
985 983 981 979
986 988 990 992
986 984 982 980
987 989 991 993
987 985 983 981
988 990 992 994
988 986 984 982
989 991 993 995
989 987 985 983
990 992 994 996
990 988 986 984
991 993 995 997
991 989 987 985
992 994 996 998
992 990 988 986
993 995 997 999
993 991 989 987
994 996 998 1000
994 992 990 988
995 997 999 1001
995 993 991 989
996 998 1000 1002
996 994 992 990
997 999 1001 1003
997 995 993 991
998 1000 1002 1004
998 996 994 992
999 1001 1003 1005
999 997 995 993
1000 1002 1004 1006
1000 998 996 994
1001 1003 1005 1007
1001 999 997 995
1002 1004 1006 1008
1002 1000 998 996
1003 1005 1007 1009
1003 1001 999 997
1004 1006 1008 1010
1004 1002 1000 998
1005 1007 1009 1011
1005 1003 1001 999
1006 1008 1010 1012
1006 1004 1002 1000
1007 1009 1011 1013
1007 1005 1003 1001
1008 1010 1012 1014
1008 1006 1004 1002
1009 1011 1013 1015
1009 1007 1005 1003
1010 1012 1014 1016
1010 1008 1006 1004
1011 1013 1015 1017
1011 1009 1007 1005
1012 1014 1016 1018
1012 1010 1008 1006
1013 1015 1017 1019
1013 1011 1009 1007
1014 1016 1018 1020
1014 1012 1010 1008
1015 1017 1019 1021
1015 1013 1011 1009
1016 1018 1020 1022
1016 1014 1012 1010
1017 1019 1021 1023
1017 1015 1013 1011
1018 1020 1022 1024
1018 1016 1014 1012
1019 1021 1023 1025
1019 1017 1015 1013
1020 1022 1024 1026
1020 1018 1016 1014
1021 1023 1025 1027
1021 1019 1017 1015
1022 1024 1026 1028
1022 1020 1018 1016
1023 1025 1027 1029
1023 1021 1019 1017
1024 1026 1028 1030
1024 1022 1020 1018
1025 1027 1029 1031
1025 1023 1021 1019
1026 1028 1030 1032
1026 1024 1022 1020
1027 1029 1031 1033
1027 1025 1023 1021
1028 1030 1032 1034
1028 1026 1024 1022
1029 1031 1033 1035
1029 1027 1025 1023
1030 1032 1034 1036
1030 1028 1026 1024
1031 1033 1035 1037
1031 1029 1027 1025
1032 1034 1036 1038
1032 1030 1028 1026
1033 1035 1037 1039
1033 1031 1029 1027
1034 1036 1038 1040
1034 1032 1030 1028
1035 1037 1039 1041
1035 1033 1031 1029
1036 1038 1040 1042
1036 1034 1032 1030
1037 1039 1041 1043
1037 1035 1033 1031
1038 1040 1042 1044
1038 1036 1034 1032
1039 1041 1043 1045
1039 1037 1035 1033
1040 1042 1044 1046
1040 1038 1036 1034
1041 1043 1045 1047
1041 1039 1037 1035
1042 1044 1046 1048
1042 1040 1038 1036
1043 1045 1047 1049
1043 1041 1039 1037
1044 1046 1048 1050
1044 1042 1040 1038
1045 1047 1049 1051
1045 1043 1041 1039
1046 1048 1050 1052
1046 1044 1042 1040
1047 1049 1051 1053
1047 1045 1043 1041
1048 1050 1052 1054
1048 1046 1044 1042
1049 1051 1053 1055
1049 1047 1045 1043
1050 1052 1054 1056
1050 1048 1046 1044
1051 1053 1055 1057
1051 1049 1047 1045
1052 1054 1056 1058
1052 1050 1048 1046
1053 1055 1057 1059
1053 1051 1049 1047
1054 1056 1058 1060
1054 1052 1050 1048
1055 1057 1059 1061
1055 1053 1051 1049
1056 1058 1060 1062
1056 1054 1052 1050
1057 1059 1061 1063
1057 1055 1053 1051
1058 1060 1062 1064
1058 1056 1054 1052
1059 1061 1063 1065
1059 1057 1055 1053
1060 1062 1064 1066
1060 1058 1056 1054
1061 1063 1065 1067
1061 1059 1057 1055
1062 1064 1066 1068
1062 1060 1058 1056
1063 1065 1067 1069
1063 1061 1059 1057
1064 1066 1068 1070
1064 1062 1060 1058
1065 1067 1069 1071
1065 1063 1061 1059
1066 1068 1070 1072
1066 1064 1062 1060
1067 1069 1071 1073
1067 1065 1063 1061
1068 1070 1072 1074
1068 1066 1064 1062
1069 1071 1073 1075
1069 1067 1065 1063
1070 1072 1074 1076
1070 1068 1066 1064
1071 1073 1075 1077
1071 1069 1067 1065
1072 1074 1076 1078
1072 1070 1068 1066
1073 1075 1077 1079
1073 1071 1069 1067
1074 1076 1078 1080
1074 1072 1070 1068
1075 1077 1079 1081
1075 1073 1071 1069
1076 1078 1080 1082
1076 1074 1072 1070
1077 1079 1081 1083
1077 1075 1073 1071
1078 1080 1082 1084
1078 1076 1074 1072
1079 1081 1083 1085
1079 1077 1075 1073
1080 1082 1084 1086
1080 1078 1076 1074
1081 1083 1085 1087
1081 1079 1077 1075
1082 1084 1086 1088
1082 1080 1078 1076
1083 1085 1087 1089
1083 1081 1079 1077
1084 1086 1088 1090
1084 1082 1080 1078
1085 1087 1089 1091
1085 1083 1081 1079
1086 1088 1090 1092
1086 1084 1082 1080
1087 1089 1091 1093
1087 1085 1083 1081
1088 1090 1092 1094
1088 1086 1084 1082
1089 1091 1093 1095
1089 1087 1085 1083
1090 1092 1094 1096
1090 1088 1086 1084
1091 1093 1095 1097
1091 1089 1087 1085
1092 1094 1096 1098
1092 1090 1088 1086
1093 1095 1097 1099
1093 1091 1089 1087
1094 1096 1098 1100
1094 1092 1090 1088
1095 1097 1099 1101
1095 1093 1091 1089
1096 1098 1100 1102
1096 1094 1092 1090
1097 1099 1101 1103
1097 1095 1093 1091
1098 1100 1102 1104
1098 1096 1094 1092
1099 1101 1103 1105
1099 1097 1095 1093
1100 1102 1104 1106
1100 1098 1096 1094
1101 1103 1105 1107
1101 1099 1097 1095
1102 1104 1106 1108
1102 1100 1098 1096
1103 1105 1107 1109
1103 1101 1099 1097
1104 1106 1108 1110
1104 1102 1100 1098
1105 1107 1109 1111
1105 1103 1101 1099
1106 1108 1110 1112
1106 1104 1102 1100
1107 1109 1111 1113
1107 1105 1103 1101
1108 1110 1112 1114
1108 1106 1104 1102
1109 1111 1113 1116
1109 1107 1105 1103
1110 1112 1114 1115
1110 1108 1106 1104
1111 1113 1116 1118
1111 1109 1107 1105
1112 1114 1115 1117
1112 1110 1108 1106
1113 1116 1118 1120
1113 1111 1109 1107
1114 1115 1117 1119
1114 1112 1110 1108
1115 1117 1119 1121
1115 1114 1112 1110
1116 1118 1120 1122
1116 1113 1111 1109
1117 1119 1121 1123
1117 1115 1114 1112
1118 1120 1122 1124
1118 1116 1113 1111
1119 1121 1123 1125
1119 1117 1115 1114
1120 1122 1124 1126
1120 1118 1116 1113
1121 1123 1125 1127
1121 1119 1117 1115
1122 1124 1126 1128
1122 1120 1118 1116
1123 1125 1127 1129
1123 1121 1119 1117
1124 1126 1128 1130
1124 1122 1120 1118
1125 1127 1129 1131
1125 1123 1121 1119
1126 1128 1130 1132
1126 1124 1122 1120
1127 1129 1131 1133
1127 1125 1123 1121
1128 1130 1132 1134
1128 1126 1124 1122
1129 1131 1133 1135
1129 1127 1125 1123
1130 1132 1134 1136
1130 1128 1126 1124
1131 1133 1135 1137
1131 1129 1127 1125
1132 1134 1136 1138
1132 1130 1128 1126
1133 1135 1137 1139
1133 1131 1129 1127
1134 1136 1138 1140
1134 1132 1130 1128
1135 1137 1139 1141
1135 1133 1131 1129
1136 1138 1140 1142
1136 1134 1132 1130
1137 1139 1141 1143
1137 1135 1133 1131
1138 1140 1142 1144
1138 1136 1134 1132
1139 1141 1143 1145
1139 1137 1135 1133
1140 1142 1144 1146
1140 1138 1136 1134
1141 1143 1145 1147
1141 1139 1137 1135
1142 1144 1146 1148
1142 1140 1138 1136
1143 1145 1147 1149
1143 1141 1139 1137
1144 1146 1148 1150
1144 1142 1140 1138
1145 1147 1149 1151
1145 1143 1141 1139
1146 1148 1150 1152
1146 1144 1142 1140
1147 1149 1151 1153
1147 1145 1143 1141
1148 1150 1152 1155
1148 1146 1144 1142
1149 1151 1153 1154
1149 1147 1145 1143
1150 1152 1155 1157
1150 1148 1146 1144
1151 1153 1154 1156
1151 1149 1147 1145
1152 1155 1157 1159
1152 1150 1148 1146
1153 1154 1156 1158
1153 1151 1149 1147
1154 1156 1158 1160
1154 1153 1151 1149
1155 1157 1159 1161
1155 1152 1150 1148
1156 1158 1160 1162
1156 1154 1153 1151
1157 1159 1161 1163
1157 1155 1152 1150
1158 1160 1162 1164
1158 1156 1154 1153
1159 1161 1163 1165
1159 1157 1155 1152
1160 1162 1164 1166
1160 1158 1156 1154
1161 1163 1165 1167
1161 1159 1157 1155
1162 1164 1166 1168
1162 1160 1158 1156
1163 1165 1167 1169
1163 1161 1159 1157
1164 1166 1168 1170
1164 1162 1160 1158
1165 1167 1169 1171
1165 1163 1161 1159
1166 1168 1170 1172
1166 1164 1162 1160
1167 1169 1171 1173
1167 1165 1163 1161
1168 1170 1172 1174
1168 1166 1164 1162
1169 1171 1173 1175
1169 1167 1165 1163
1170 1172 1174 1176
1170 1168 1166 1164
1171 1173 1175 1177
1171 1169 1167 1165
1172 1174 1176 1178
1172 1170 1168 1166
1173 1175 1177 1179
1173 1171 1169 1167
1174 1176 1178 1180
1174 1172 1170 1168
1175 1177 1179 1181
1175 1173 1171 1169
1176 1178 1180 1182
1176 1174 1172 1170
1177 1179 1181 1183
1177 1175 1173 1171
1178 1180 1182 1184
1178 1176 1174 1172
1179 1181 1183 1185
1179 1177 1175 1173
1180 1182 1184 1186
1180 1178 1176 1174
1181 1183 1185 1187
1181 1179 1177 1175
1182 1184 1186 1188
1182 1180 1178 1176
1183 1185 1187 1189
1183 1181 1179 1177
1184 1186 1188 1190
1184 1182 1180 1178
1185 1187 1189 1191
1185 1183 1181 1179
1186 1188 1190 1192
1186 1184 1182 1180
1187 1189 1191 1193
1187 1185 1183 1181
1188 1190 1192 1194
1188 1186 1184 1182
1189 1191 1193 1195
1189 1187 1185 1183
1190 1192 1194 1196
1190 1188 1186 1184
1191 1193 1195 1197
1191 1189 1187 1185
1192 1194 1196 1198
1192 1190 1188 1186
1193 1195 1197 1199
1193 1191 1189 1187
1194 1196 1198 1200
1194 1192 1190 1188
1195 1197 1199 1201
1195 1193 1191 1189
1196 1198 1200 1202
1196 1194 1192 1190
1197 1199 1201 1203
1197 1195 1193 1191
1198 1200 1202 1204
1198 1196 1194 1192
1199 1201 1203 1205
1199 1197 1195 1193
1200 1202 1204 1206
1200 1198 1196 1194
1201 1203 1205 1207
1201 1199 1197 1195
1202 1204 1206 1208
1202 1200 1198 1196
1203 1205 1207 1209
1203 1201 1199 1197
1204 1206 1208 1210
1204 1202 1200 1198
1205 1207 1209 1212
1205 1203 1201 1199
1206 1208 1210 1211
1206 1204 1202 1200
1207 1209 1212 1214
1207 1205 1203 1201
1208 1210 1211 1213
1208 1206 1204 1202
1209 1212 1214 1216
1209 1207 1205 1203
1210 1211 1213 1215
1210 1208 1206 1204
1211 1213 1215 1217
1211 1210 1208 1206
1212 1214 1216 1218
1212 1209 1207 1205
1213 1215 1217 1219
1213 1211 1210 1208
1214 1216 1218 1220
1214 1212 1209 1207
1215 1217 1219 1221
1215 1213 1211 1210
1216 1218 1220 1222
1216 1214 1212 1209
1217 1219 1221 1223
1217 1215 1213 1211
1218 1220 1222 1224
1218 1216 1214 1212
1219 1221 1223 1225
1219 1217 1215 1213
1220 1222 1224 1226
1220 1218 1216 1214
1221 1223 1225 1227
1221 1219 1217 1215
1222 1224 1226 1228
1222 1220 1218 1216
1223 1225 1227 1229
1223 1221 1219 1217
1224 1226 1228 1230
1224 1222 1220 1218
1225 1227 1229 1231
1225 1223 1221 1219
1226 1228 1230 1232
1226 1224 1222 1220
1227 1229 1231 1233
1227 1225 1223 1221
1228 1230 1232 1234
1228 1226 1224 1222
1229 1231 1233 1235
1229 1227 1225 1223
1230 1232 1234 1236
1230 1228 1226 1224
1231 1233 1235 1237
1231 1229 1227 1225
1232 1234 1236 1238
1232 1230 1228 1226
1233 1235 1237 1239
1233 1231 1229 1227
1234 1236 1238 1241
1234 1232 1230 1228
1235 1237 1239 1240
1235 1233 1231 1229
1236 1238 1241 1243
1236 1234 1232 1230
1237 1239 1240 1242
1237 1235 1233 1231
1238 1241 1243 1245
1238 1236 1234 1232
1239 1240 1242 1244
1239 1237 1235 1233
1240 1242 1244 1246
1240 1239 1237 1235
1241 1243 1245 1248
1241 1238 1236 1234
1242 1244 1246 1247
1242 1240 1239 1237
1243 1245 1248 1250
1243 1241 1238 1236
1244 1246 1247 1249
1244 1242 1240 1239
1245 1248 1250 1252
1245 1243 1241 1238
1246 1247 1249 1251
1246 1244 1242 1240
1247 1249 1251 1253
1247 1246 1244 1242
1248 1250 1252 1255
1248 1245 1243 1241
1249 1251 1253 1254
1249 1247 1246 1244
1250 1252 1255 1257
1250 1248 1245 1243
1251 1253 1254 1256
1251 1249 1247 1246
1252 1255 1257 1259
1252 1250 1248 1245
1253 1254 1256 1258
1253 1251 1249 1247
1254 1256 1258 1260
1254 1253 1251 1249
1255 1257 1259 1262
1255 1252 1250 1248
1256 1258 1260 1261
1256 1254 1253 1251
1257 1259 1262 1264
1257 1255 1252 1250
1258 1260 1261 1263
1258 1256 1254 1253
1259 1262 1264 1266
1259 1257 1255 1252
1260 1261 1263 1265
1260 1258 1256 1254
1261 1263 1265 1267
1261 1260 1258 1256
1262 1264 1266 1268
1262 1259 1257 1255
1263 1265 1267 1269
1263 1261 1260 1258
1264 1266 1268 1270
1264 1262 1259 1257
1265 1267 1269 1271
1265 1263 1261 1260
1266 1268 1270 1273
1266 1264 1262 1259
1267 1269 1271 1272
1267 1265 1263 1261
1268 1270 1273 1275
1268 1266 1264 1262
1269 1271 1272 1274
1269 1267 1265 1263
1270 1273 1275 1278
1270 1268 1266 1264
1271 1272 1274 1276
1271 1269 1267 1265
1272 1274 1276 1277
1272 1271 1269 1267
1273 1275 1278 1280
1273 1270 1268 1266
1274 1276 1277 1279
1274 1272 1271 1269
1275 1278 1280 1282
1275 1273 1270 1268
1276 1277 1279 1281
1276 1274 1272 1271
1277 1279 1281 1283
1277 1276 1274 1272
1278 1280 1282 1284
1278 1275 1273 1270
1279 1281 1283 1285
1279 1277 1276 1274
1280 1282 1284 1286
1280 1278 1275 1273
1281 1283 1285 1287
1281 1279 1277 1276
1282 1284 1286 1288
1282 1280 1278 1275
1283 1285 1287 1289
1283 1281 1279 1277
1284 1286 1288 1290
1284 1282 1280 1278
1285 1287 1289 1291
1285 1283 1281 1279
1286 1288 1290 1292
1286 1284 1282 1280
1287 1289 1291 1293
1287 1285 1283 1281
1288 1290 1292 1295
1288 1286 1284 1282
1289 1291 1293 1294
1289 1287 1285 1283
1290 1292 1295 1297
1290 1288 1286 1284
1291 1293 1294 1296
1291 1289 1287 1285
1292 1295 1297 1301
1292 1290 1288 1286
1293 1294 1296 1298
1293 1291 1289 1287
1294 1296 1298 1299
1294 1293 1291 1289
1295 1297 1301 1300
1295 1292 1290 1288
1296 1298 1299 1302
1296 1294 1293 1291
1297 1301 1300 1304
1297 1295 1292 1290
1298 1299 1302 1303
1298 1296 1294 1293
1299 1302 1303 1305
1299 1298 1296 1294
1300 1304 1307 1306
1300 1301 1297 1295
1301 1300 1304 1307
1301 1297 1295 1292
1302 1303 1305 1308
1302 1299 1298 1296
1303 1305 1308 1309
1303 1302 1299 1298
1304 1307 1306 1312
1304 1300 1301 1297
1305 1308 1309 1313
1305 1303 1302 1299
1306 1312 1311 1310
1306 1307 1304 1300
1307 1306 1312 1311
1307 1304 1300 1301
1308 1309 1313 1314
1308 1305 1303 1302
1309 1313 1314 1317
1309 1308 1305 1303
1310 1316 1315 1320
1310 1311 1312 1306
1311 1310 1316 1315
1311 1312 1306 1307
1312 1311 1310 1316
1312 1306 1307 1304
1313 1314 1317 1318
1313 1309 1308 1305
1314 1317 1318 1321
1314 1313 1309 1308
1315 1320 1319 1324
1315 1316 1310 1311
1316 1315 1320 1319
1316 1310 1311 1312
1317 1318 1321 1322
1317 1314 1313 1309
1318 1321 1322 1325
1318 1317 1314 1313
1319 1324 1323 1328
1319 1320 1315 1316
1320 1319 1324 1323
1320 1315 1316 1310
1321 1322 1325 1326
1321 1318 1317 1314
1322 1325 1326 1329
1322 1321 1318 1317
1323 1328 1327 1331
1323 1324 1319 1320
1324 1323 1328 1327
1324 1319 1320 1315
1325 1326 1329 1332
1325 1322 1321 1318
1326 1329 1332 1335
1326 1325 1322 1321
1327 1331 1330 1334
1327 1328 1323 1324
1328 1327 1331 1330
1328 1323 1324 1319
1329 1332 1335 1336
1329 1326 1325 1322
1330 1334 1333 1338
1330 1331 1327 1328
1331 1330 1334 1333
1331 1327 1328 1323
1332 1335 1336 1339
1332 1329 1326 1325
1333 1338 1337 1342
1333 1334 1330 1331
1334 1333 1338 1337
1334 1330 1331 1327
1335 1336 1339 1340
1335 1332 1329 1326
1336 1339 1340 1343
1336 1335 1332 1329
1337 1342 1341 1346
1337 1338 1333 1334
1338 1337 1342 1341
1338 1333 1334 1330
1339 1340 1343 1344
1339 1336 1335 1332
1340 1343 1344 1347
1340 1339 1336 1335
1341 1346 1345 1351
1341 1342 1337 1338
1342 1341 1346 1345
1342 1337 1338 1333
1343 1344 1347 1348
1343 1340 1339 1336
1344 1347 1348 1352
1344 1343 1340 1339
1345 1351 1350 1349
1345 1346 1341 1342
1346 1345 1351 1350
1346 1341 1342 1337
1347 1348 1352 1353
1347 1344 1343 1340
1348 1352 1353 1356
1348 1347 1344 1343
1349 1355 1354 1359
1349 1350 1351 1345
1350 1349 1355 1354
1350 1351 1345 1346
1351 1350 1349 1355
1351 1345 1346 1341
1352 1353 1356 1357
1352 1348 1347 1344
1353 1356 1357 1360
1353 1352 1348 1347
1354 1359 1358 1364
1354 1355 1349 1350
1355 1354 1359 1358
1355 1349 1350 1351
1356 1357 1360 1361
1356 1353 1352 1348
1357 1360 1361 1365
1357 1356 1353 1352
1358 1364 1363 1362
1358 1359 1354 1355
1359 1358 1364 1363
1359 1354 1355 1349
1360 1361 1365 1366
1360 1357 1356 1353
1361 1365 1366 1369
1361 1360 1357 1356
1362 1368 1367 1373
1362 1363 1364 1358
1363 1362 1368 1367
1363 1364 1358 1359
1364 1363 1362 1368
1364 1358 1359 1354
1365 1366 1369 1370
1365 1361 1360 1357
1366 1369 1370 1371
1366 1365 1361 1360
1367 1373 1372 1377
1367 1368 1362 1363
1368 1367 1373 1372
1368 1362 1363 1364
1369 1370 1371 1374
1369 1366 1365 1361
1370 1371 1374 1375
1370 1369 1366 1365
1371 1374 1375 1378
1371 1370 1369 1366
1372 1377 1376 1381
1372 1373 1367 1368
1373 1372 1377 1376
1373 1367 1368 1362
1374 1375 1378 1379
1374 1371 1370 1369
1375 1378 1379 1382
1375 1374 1371 1370
1376 1381 1380 1386
1376 1377 1372 1373
1377 1376 1381 1380
1377 1372 1373 1367
1378 1379 1382 1383
1378 1375 1374 1371
1379 1382 1383 1384
1379 1378 1375 1374
1380 1386 1385 1391
1380 1381 1376 1377
1381 1380 1386 1385
1381 1376 1377 1372
1382 1383 1384 1387
1382 1379 1378 1375
1383 1384 1387 1388
1383 1382 1379 1378
1384 1387 1388 1389
1384 1383 1382 1379
1385 1391 1390 1397
1385 1386 1380 1381
1386 1385 1391 1390
1386 1380 1381 1376
1387 1388 1389 1392
1387 1384 1383 1382
1388 1389 1392 1393
1388 1387 1384 1383
1389 1392 1393 1394
1389 1388 1387 1384
1390 1397 1396 1447
1390 1391 1385 1386
1391 1390 1397 1396
1391 1385 1386 1380
1392 1393 1394 1395
1392 1389 1388 1387
1393 1394 1395 1398
1393 1392 1389 1388
1394 1395 1398 1399
1394 1393 1392 1389
1395 1398 1399 1400
1395 1394 1393 1392
1396 1447 1446 1495
1396 1397 1390 1391
1397 1396 1447 1446
1397 1390 1391 1385
1398 1399 1400 1401
1398 1395 1394 1393
1399 1400 1401 1402
1399 1398 1395 1394
1400 1401 1402 1403
1400 1399 1398 1395
1401 1402 1403 1404
1401 1400 1399 1398
1402 1403 1404 1405
1402 1401 1400 1399
1403 1404 1405 1406
1403 1402 1401 1400
1404 1405 1406 1407
1404 1403 1402 1401
1405 1406 1407 1408
1405 1404 1403 1402
1406 1407 1408 1409
1406 1405 1404 1403
1407 1408 1409 1410
1407 1406 1405 1404
1408 1409 1410 1411
1408 1407 1406 1405
1409 1410 1411 1412
1409 1408 1407 1406
1410 1411 1412 1413
1410 1409 1408 1407
1411 1412 1413 1414
1411 1410 1409 1408
1412 1413 1414 1415
1412 1411 1410 1409
1413 1414 1415 1416
1413 1412 1411 1410
1414 1415 1416 1417
1414 1413 1412 1411
1415 1416 1417 1418
1415 1414 1413 1412
1416 1417 1418 1419
1416 1415 1414 1413
1417 1418 1419 1420
1417 1416 1415 1414
1418 1419 1420 1421
1418 1417 1416 1415
1419 1420 1421 1422
1419 1418 1417 1416
1420 1421 1422 1423
1420 1419 1418 1417
1421 1422 1423 1424
1421 1420 1419 1418
1422 1423 1424 1425
1422 1421 1420 1419
1423 1424 1425 1426
1423 1422 1421 1420
1424 1425 1426 1427
1424 1423 1422 1421
1425 1426 1427 1428
1425 1424 1423 1422
1426 1427 1428 1429
1426 1425 1424 1423
1427 1428 1429 1430
1427 1426 1425 1424
1428 1429 1430 1431
1428 1427 1426 1425
1429 1430 1431 1432
1429 1428 1427 1426
1430 1431 1432 1433
1430 1429 1428 1427
1431 1432 1433 1434
1431 1430 1429 1428
1432 1433 1434 1435
1432 1431 1430 1429
1433 1434 1435 1436
1433 1432 1431 1430
1434 1435 1436 1437
1434 1433 1432 1431
1435 1436 1437 1438
1435 1434 1433 1432
1436 1437 1438 1439
1436 1435 1434 1433
1437 1438 1439 1440
1437 1436 1435 1434
1438 1439 1440 1441
1438 1437 1436 1435
1439 1440 1441 1442
1439 1438 1437 1436
1440 1441 1442 1443
1440 1439 1438 1437
1441 1442 1443 1444
1441 1440 1439 1438
1442 1443 1444 1445
1442 1441 1440 1439
1443 1444 1445 1448
1443 1442 1441 1440
1444 1445 1448 1449
1444 1443 1442 1441
1445 1448 1449 1450
1445 1444 1443 1442
1446 1495 1494 1493
1446 1447 1396 1397
1447 1446 1495 1494
1447 1396 1397 1390
1448 1449 1450 1451
1448 1445 1444 1443
1449 1450 1451 1452
1449 1448 1445 1444
1450 1451 1452 1453
1450 1449 1448 1445
1451 1452 1453 1454
1451 1450 1449 1448
1452 1453 1454 1455
1452 1451 1450 1449
1453 1454 1455 1456
1453 1452 1451 1450
1454 1455 1456 1457
1454 1453 1452 1451
1455 1456 1457 1458
1455 1454 1453 1452
1456 1457 1458 1459
1456 1455 1454 1453
1457 1458 1459 1460
1457 1456 1455 1454
1458 1459 1460 1461
1458 1457 1456 1455
1459 1460 1461 1462
1459 1458 1457 1456
1460 1461 1462 1463
1460 1459 1458 1457
1461 1462 1463 1464
1461 1460 1459 1458
1462 1463 1464 1465
1462 1461 1460 1459
1463 1464 1465 1466
1463 1462 1461 1460
1464 1465 1466 1467
1464 1463 1462 1461
1465 1466 1467 1468
1465 1464 1463 1462
1466 1467 1468 1469
1466 1465 1464 1463
1467 1468 1469 1470
1467 1466 1465 1464
1468 1469 1470 1471
1468 1467 1466 1465
1469 1470 1471 1472
1469 1468 1467 1466
1470 1471 1472 1473
1470 1469 1468 1467
1471 1472 1473 1474
1471 1470 1469 1468
1472 1473 1474 1475
1472 1471 1470 1469
1473 1474 1475 1476
1473 1472 1471 1470
1474 1475 1476 1477
1474 1473 1472 1471
1475 1476 1477 1478
1475 1474 1473 1472
1476 1477 1478 1479
1476 1475 1474 1473
1477 1478 1479 1480
1477 1476 1475 1474
1478 1479 1480 1481
1478 1477 1476 1475
1479 1480 1481 1482
1479 1478 1477 1476
1480 1481 1482 1483
1480 1479 1478 1477
1481 1482 1483 1484
1481 1480 1479 1478
1482 1483 1484 1485
1482 1481 1480 1479
1483 1484 1485 1486
1483 1482 1481 1480
1484 1485 1486 1487
1484 1483 1482 1481
1485 1486 1487 1488
1485 1484 1483 1482
1486 1487 1488 1489
1486 1485 1484 1483
1487 1488 1489 1490
1487 1486 1485 1484
1488 1489 1490 1491
1488 1487 1486 1485
1489 1490 1491 1492
1489 1488 1487 1486
1490 1491 1492 1496
1490 1489 1488 1487
1491 1492 1496 1497
1491 1490 1489 1488
1492 1496 1497 1498
1492 1491 1490 1489
1493 1541 1540 1539
1493 1494 1495 1446
1494 1493 1541 1540
1494 1495 1446 1447
1495 1494 1493 1541
1495 1446 1447 1396
1496 1497 1498 1499
1496 1492 1491 1490
1497 1498 1499 1500
1497 1496 1492 1491
1498 1499 1500 1501
1498 1497 1496 1492
1499 1500 1501 1502
1499 1498 1497 1496
1500 1501 1502 1503
1500 1499 1498 1497
1501 1502 1503 1504
1501 1500 1499 1498
1502 1503 1504 1505
1502 1501 1500 1499
1503 1504 1505 1506
1503 1502 1501 1500
1504 1505 1506 1507
1504 1503 1502 1501
1505 1506 1507 1508
1505 1504 1503 1502
1506 1507 1508 1509
1506 1505 1504 1503
1507 1508 1509 1510
1507 1506 1505 1504
1508 1509 1510 1511
1508 1507 1506 1505
1509 1510 1511 1512
1509 1508 1507 1506
1510 1511 1512 1513
1510 1509 1508 1507
1511 1512 1513 1514
1511 1510 1509 1508
1512 1513 1514 1515
1512 1511 1510 1509
1513 1514 1515 1516
1513 1512 1511 1510
1514 1515 1516 1517
1514 1513 1512 1511
1515 1516 1517 1518
1515 1514 1513 1512
1516 1517 1518 1519
1516 1515 1514 1513
1517 1518 1519 1520
1517 1516 1515 1514
1518 1519 1520 1521
1518 1517 1516 1515
1519 1520 1521 1522
1519 1518 1517 1516
1520 1521 1522 1523
1520 1519 1518 1517
1521 1522 1523 1524
1521 1520 1519 1518
1522 1523 1524 1525
1522 1521 1520 1519
1523 1524 1525 1526
1523 1522 1521 1520
1524 1525 1526 1527
1524 1523 1522 1521
1525 1526 1527 1528
1525 1524 1523 1522
1526 1527 1528 1529
1526 1525 1524 1523
1527 1528 1529 1530
1527 1526 1525 1524
1528 1529 1530 1531
1528 1527 1526 1525
1529 1530 1531 1532
1529 1528 1527 1526
1530 1531 1532 1533
1530 1529 1528 1527
1531 1532 1533 1534
1531 1530 1529 1528
1532 1533 1534 1535
1532 1531 1530 1529
1533 1534 1535 1536
1533 1532 1531 1530
1534 1535 1536 1537
1534 1533 1532 1531
1535 1536 1537 1538
1535 1534 1533 1532
1536 1537 1538 1539
1536 1535 1534 1533
1537 1536 1535 1534
1537 1538 1539 1540
1538 1537 1536 1535
1538 1539 1540 1541
1539 1538 1537 1536
1539 1540 1541 1493
1540 1539 1538 1537
1540 1541 1493 1494
1541 1540 1539 1538
1541 1493 1494 1495
