0 29 28 27
0 1 2 3
1 0 29 28
1 2 3 4
2 1 0 29
2 3 4 5
3 2 1 0
3 4 5 6
4 3 2 1
4 5 6 7
5 4 3 2
5 6 7 8
6 5 4 3
6 7 8 9
7 6 5 4
7 8 9 10
8 7 6 5
8 9 10 11
9 8 7 6
9 10 11 12
10 9 8 7
10 11 12 13
11 10 9 8
11 12 13 14
12 11 10 9
12 13 14 15
13 12 11 10
13 14 15 16
14 15 16 17
14 13 12 11
15 16 17 30
15 14 13 12
16 17 30 31
16 15 14 13
17 30 31 48
17 16 15 14
18 47 46 45
18 19 20 21
19 18 47 46
19 20 21 22
20 19 18 47
20 21 22 23
21 20 19 18
21 22 23 24
22 21 20 19
22 23 24 25
23 22 21 20
23 24 25 26
24 23 22 21
24 25 26 27
25 24 23 22
25 26 27 28
26 25 24 23
26 27 28 29
27 26 25 24
27 28 29 0
28 27 26 25
28 29 0 1
29 28 27 26
29 0 1 2
30 31 48 49
30 17 16 15
31 48 49 62
31 30 17 16
32 61 60 59
32 33 34 35
33 32 61 60
33 34 35 36
34 33 32 61
34 35 36 37
35 34 33 32
35 36 37 38
36 35 34 33
36 37 38 39
37 36 35 34
37 38 39 40
38 37 36 35
38 39 40 41
39 38 37 36
39 40 41 42
40 39 38 37
40 41 42 43
41 40 39 38
41 42 43 44
42 41 40 39
42 43 44 45
43 42 41 40
43 44 45 46
44 43 42 41
44 45 46 47
45 44 43 42
45 46 47 18
46 45 44 43
46 47 18 19
47 46 45 44
47 18 19 20
48 49 62 79
48 31 30 17
49 62 79 90
49 48 31 30
50 78 77 76
50 51 52 53
51 50 78 77
51 52 53 54
52 51 50 78
52 53 54 55
53 52 51 50
53 54 55 56
54 53 52 51
54 55 56 57
55 54 53 52
55 56 57 58
56 55 54 53
56 57 58 59
57 56 55 54
57 58 59 60
58 57 56 55
58 59 60 61
59 58 57 56
59 60 61 32
60 59 58 57
60 61 32 33
61 60 59 58
61 32 33 34
62 79 90 91
62 49 48 31
63 89 88 87
63 64 65 66
64 63 89 88
64 65 66 67
65 64 63 89
65 66 67 68
66 65 64 63
66 67 68 69
67 66 65 64
67 68 69 70
68 67 66 65
68 69 70 71
69 68 67 66
69 70 71 72
70 69 68 67
70 71 72 73
71 70 69 68
71 72 73 74
72 71 70 69
72 73 74 75
73 72 71 70
73 74 75 76
74 73 72 71
74 75 76 77
75 74 73 72
75 76 77 78
76 75 74 73
76 77 78 50
77 76 75 74
77 78 50 51
78 77 76 75
78 50 51 52
79 90 91 97
79 62 49 48
80 96 95 94
80 81 82 83
81 80 96 95
81 82 83 84
82 81 80 96
82 83 84 85
83 82 81 80
83 84 85 86
84 83 82 81
84 85 86 87
85 84 83 82
85 86 87 88
86 85 84 83
86 87 88 89
87 86 85 84
87 88 89 63
88 87 86 85
88 89 63 64
89 88 87 86
89 63 64 65
90 91 97 101
90 79 62 49
91 97 101 102
91 90 79 62
92 100 99 98
92 93 94 95
93 92 100 99
93 94 95 96
94 93 92 100
94 95 96 80
95 94 93 92
95 96 80 81
96 95 94 93
96 80 81 82
97 101 102 106
97 91 90 79
98 105 104 103
98 99 100 92
99 98 105 104
99 100 92 93
100 99 98 105
100 92 93 94
101 102 106 107
101 97 91 90
102 106 107 111
102 101 97 91
103 110 109 108
103 104 105 98
104 103 110 109
104 105 98 99
105 104 103 110
105 98 99 100
106 107 111 116
106 102 101 97
107 111 116 117
107 106 102 101
108 115 114 113
108 109 110 103
109 108 115 114
109 110 103 104
110 109 108 115
110 103 104 105
111 116 117 121
111 107 106 102
112 120 119 118
112 113 114 115
113 112 120 119
113 114 115 108
114 113 112 120
114 115 108 109
115 114 113 112
115 108 109 110
116 117 121 125
116 111 107 106
117 121 125 130
117 116 111 107
118 124 123 122
118 119 120 112
119 118 124 123
119 120 112 113
120 119 118 124
120 112 113 114
121 125 130 131
121 117 116 111
122 129 128 127
122 123 124 118
123 122 129 128
123 124 118 119
124 123 122 129
124 118 119 120
125 130 131 135
125 121 117 116
126 134 133 132
126 127 128 129
127 126 134 133
127 128 129 122
128 127 126 134
128 129 122 123
129 128 127 126
129 122 123 124
130 131 135 139
130 125 121 117
131 135 139 143
131 130 125 121
132 138 137 136
132 133 134 126
133 132 138 137
133 134 126 127
134 133 132 138
134 126 127 128
135 139 143 144
135 131 130 125
136 142 141 140
136 137 138 132
137 136 142 141
137 138 132 133
138 137 136 142
138 132 133 134
139 143 144 148
139 135 131 130
140 147 146 145
140 141 142 136
141 140 147 146
141 142 136 137
142 141 140 147
142 136 137 138
143 144 148 152
143 139 135 131
144 148 152 156
144 143 139 135
145 151 150 149
145 146 147 140
146 145 151 150
146 147 140 141
147 146 145 151
147 140 141 142
148 152 156 157
148 144 143 139
149 155 154 153
149 150 151 145
150 149 155 154
150 151 145 146
151 150 149 155
151 145 146 147
152 156 157 161
152 148 144 143
153 160 159 158
153 154 155 149
154 153 160 159
154 155 149 150
155 154 153 160
155 149 150 151
156 157 161 165
156 152 148 144
157 161 165 166
157 156 152 148
158 164 163 162
158 159 160 153
159 158 164 163
159 160 153 154
160 159 158 164
160 153 154 155
161 165 166 170
161 157 156 152
162 169 168 167
162 163 164 158
163 162 169 168
163 164 158 159
164 163 162 169
164 158 159 160
165 166 170 171
165 161 157 156
166 170 171 175
166 165 161 157
167 174 173 172
167 168 169 162
168 167 174 173
168 169 162 163
169 168 167 174
169 162 163 164
170 171 175 179
170 166 165 161
171 175 179 180
171 170 166 165
172 178 177 176
172 173 174 167
173 172 178 177
173 174 167 168
174 173 172 178
174 167 168 169
175 179 180 184
175 171 170 166
176 183 182 181
176 177 178 172
177 176 183 182
177 178 172 173
178 177 176 183
178 172 173 174
179 180 184 188
179 175 171 170
180 184 188 191
180 179 175 171
181 187 186 185
181 182 183 176
182 181 187 186
182 183 176 177
183 182 181 187
183 176 177 178
184 188 191 192
184 180 179 175
185 190 189 195
185 186 187 181
186 185 190 189
186 187 181 182
187 186 185 190
187 181 182 183
188 191 192 196
188 184 180 179
189 195 194 193
189 190 185 186
190 189 195 194
190 185 186 187
191 192 196 200
191 188 184 180
192 196 200 204
192 191 188 184
193 199 198 197
193 194 195 189
194 193 199 198
194 195 189 190
195 194 193 199
195 189 190 185
196 200 204 205
196 192 191 188
197 203 202 201
197 198 199 193
198 197 203 202
198 199 193 194
199 198 197 203
199 193 194 195
200 204 205 208
200 196 192 191
201 207 206 210
201 202 203 197
202 201 207 206
202 203 197 198
203 202 201 207
203 197 198 199
204 205 208 211
204 200 196 192
205 208 211 212
205 204 200 196
206 210 209 215
206 207 201 202
207 206 210 209
207 201 202 203
208 211 212 216
208 205 204 200
209 215 214 213
209 210 206 207
210 209 215 214
210 206 207 201
211 212 216 217
211 208 205 204
212 216 217 221
212 211 208 205
213 220 219 218
213 214 215 209
214 213 220 219
214 215 209 210
215 214 213 220
215 209 210 206
216 217 221 225
216 212 211 208
217 221 225 226
217 216 212 211
218 224 223 222
218 219 220 213
219 218 224 223
219 220 213 214
220 219 218 224
220 213 214 215
221 225 226 230
221 217 216 212
222 229 228 227
222 223 224 218
223 222 229 228
223 224 218 219
224 223 222 229
224 218 219 220
225 226 230 234
225 221 217 216
226 230 234 238
226 225 221 217
227 233 232 231
227 228 229 222
228 227 233 232
228 229 222 223
229 228 227 233
229 222 223 224
230 234 238 239
230 226 225 221
231 237 236 235
231 232 233 227
232 231 237 236
232 233 227 228
233 232 231 237
233 227 228 229
234 238 239 243
234 230 226 225
235 242 241 240
235 236 237 231
236 235 242 241
236 237 231 232
237 236 235 242
237 231 232 233
238 239 243 247
238 234 230 226
239 243 247 250
239 238 234 230
240 246 245 244
240 241 242 235
241 240 246 245
241 242 235 236
242 241 240 246
242 235 236 237
243 247 250 251
243 239 238 234
244 249 248 253
244 245 246 240
245 244 249 248
245 246 240 241
246 245 244 249
246 240 241 242
247 250 251 254
247 243 239 238
248 253 252 256
248 249 244 245
249 248 253 252
249 244 245 246
250 251 254 257
250 247 243 239
251 254 257 258
251 250 247 243
252 256 255 261
252 253 248 249
253 252 256 255
253 248 249 244
254 257 258 262
254 251 250 247
255 261 260 259
255 256 252 253
256 255 261 260
256 252 253 248
257 258 262 263
257 254 251 250
258 262 263 267
258 257 254 251
259 266 265 264
259 260 261 255
260 259 266 265
260 261 255 256
261 260 259 266
261 255 256 252
262 263 267 270
262 258 257 254
263 267 270 271
263 262 258 257
264 269 268 273
264 265 266 259
265 264 269 268
265 266 259 260
266 265 264 269
266 259 260 261
267 270 271 274
267 263 262 258
268 273 272 278
268 269 264 265
269 268 273 272
269 264 265 266
270 271 274 275
270 267 263 262
271 274 275 279
271 270 267 263
272 278 277 276
272 273 268 269
273 272 278 277
273 268 269 264
274 275 279 282
274 271 270 267
275 279 282 283
275 274 271 270
276 281 280 286
276 277 278 272
277 276 281 280
277 278 272 273
278 277 276 281
278 272 273 268
279 282 283 287
279 275 274 271
280 286 285 284
280 281 276 277
281 280 286 285
281 276 277 278
282 283 287 290
282 279 275 274
283 287 290 293
283 282 279 275
284 289 288 292
284 285 286 280
285 284 289 288
285 286 280 281
286 285 284 289
286 280 281 276
287 290 293 294
287 283 282 279
288 292 291 296
288 289 284 285
289 288 292 291
289 284 285 286
290 293 294 297
290 287 283 282
291 296 295 300
291 292 288 289
292 291 296 295
292 288 289 284
293 294 297 301
293 290 287 283
294 297 301 304
294 293 290 287
295 300 299 298
295 296 291 292
296 295 300 299
296 291 292 288
297 301 304 305
297 294 293 290
298 303 302 307
298 299 300 295
299 298 303 302
299 300 295 296
300 299 298 303
300 295 296 291
301 304 305 308
301 297 294 293
302 307 306 310
302 303 298 299
303 302 307 306
303 298 299 300
304 305 308 311
304 301 297 294
305 308 311 312
305 304 301 297
306 310 309 314
306 307 302 303
307 306 310 309
307 302 303 298
308 311 312 315
308 305 304 301
309 314 313 318
309 310 306 307
310 309 314 313
310 306 307 302
311 312 315 316
311 308 305 304
312 315 316 319
312 311 308 305
313 318 317 322
313 314 309 310
314 313 318 317
314 309 310 306
315 316 319 323
315 312 311 308
316 319 323 324
316 315 312 311
317 322 321 320
317 318 313 314
318 317 322 321
318 313 314 309
319 323 324 327
319 316 315 312
320 326 325 329
320 321 322 317
321 320 326 325
321 322 317 318
322 321 320 326
322 317 318 313
323 324 327 330
323 319 316 315
324 327 330 333
324 323 319 316
325 329 328 332
325 326 320 321
326 325 329 328
326 320 321 322
327 330 333 334
327 324 323 319
328 332 331 336
328 329 325 326
329 328 332 331
329 325 326 320
330 333 334 337
330 327 324 323
331 336 335 339
331 332 328 329
332 331 336 335
332 328 329 325
333 334 337 340
333 330 327 324
334 337 340 343
334 333 330 327
335 339 338 342
335 336 331 332
336 335 339 338
336 331 332 328
337 340 343 344
337 334 333 330
338 342 341 346
338 339 335 336
339 338 342 341
339 335 336 331
340 343 344 347
340 337 334 333
341 346 345 349
341 342 338 339
342 341 346 345
342 338 339 335
343 344 347 350
343 340 337 334
344 347 350 351
344 343 340 337
345 349 348 353
345 346 341 342
346 345 349 348
346 341 342 338
347 350 351 354
347 344 343 340
348 353 352 357
348 349 345 346
349 348 353 352
349 345 346 341
350 351 354 355
350 347 344 343
351 354 355 358
351 350 347 344
352 357 356 360
352 353 348 349
353 352 357 356
353 348 349 345
354 355 358 361
354 351 350 347
355 358 361 362
355 354 351 350
356 360 359 364
356 357 352 353
357 356 360 359
357 352 353 348
358 361 362 365
358 355 354 351
359 364 363 367
359 360 356 357
360 359 364 363
360 356 357 352
361 362 365 368
361 358 355 354
362 365 368 370
362 361 358 355
363 367 366 369
363 364 359 360
364 363 367 366
364 359 360 356
365 368 370 371
365 362 361 358
366 369 373 372
366 367 363 364
367 366 369 373
367 363 364 359
368 370 371 374
368 365 362 361
369 373 372 376
369 366 367 363
370 371 374 377
370 368 365 362
371 374 377 380
371 370 368 365
372 376 375 379
372 373 369 366
373 372 376 375
373 369 366 367
374 377 380 381
374 371 370 368
375 379 378 382
375 376 372 373
376 375 379 378
376 372 373 369
377 380 381 383
377 374 371 370
378 382 385 384
378 379 375 376
379 378 382 385
379 375 376 372
380 381 383 386
380 377 374 371
381 383 386 387
381 380 377 374
382 385 384 389
382 378 379 375
383 386 387 390
383 381 380 377
384 389 388 392
384 385 382 378
385 384 389 388
385 382 378 379
386 387 390 391
386 383 381 380
387 390 391 393
387 386 383 381
388 392 395 394
388 389 384 385
389 388 392 395
389 384 385 382
390 391 393 396
390 387 386 383
391 393 396 397
391 390 387 386
392 395 394 398
392 388 389 384
393 396 397 399
393 391 390 387
394 398 402 401
394 395 392 388
395 394 398 402
395 392 388 389
396 397 399 400
396 393 391 390
397 399 400 403
397 396 393 391
398 402 401 404
398 394 395 392
399 400 403 405
399 397 396 393
400 403 405 406
400 399 397 396
401 404 408 407
401 402 398 394
402 401 404 408
402 398 394 395
403 405 406 409
403 400 399 397
404 408 407 410
404 401 402 398
405 406 409 411
405 403 400 399
406 409 411 414
406 405 403 400
407 410 413 412
407 408 404 401
408 407 410 413
408 404 401 402
409 411 414 415
409 406 405 403
410 413 412 416
410 407 408 404
411 414 415 417
411 409 406 405
412 416 418 420
412 413 410 407
413 412 416 418
413 410 407 408
414 415 417 419
414 411 409 406
415 417 419 421
415 414 411 409
416 418 420 423
416 412 413 410
417 419 421 422
417 415 414 411
418 420 423 425
418 416 412 413
419 421 422 424
419 417 415 414
420 423 425 428
420 418 416 412
421 422 424 426
421 419 417 415
422 424 426 427
422 421 419 417
423 425 428 432
423 420 418 416
424 426 427 429
424 422 421 419
425 428 432 431
425 423 420 418
426 427 429 430
426 424 422 421
427 429 430 433
427 426 424 422
428 432 431 434
428 425 423 420
429 430 433 435
429 427 426 424
430 433 435 436
430 429 427 426
431 434 438 437
431 432 428 425
432 431 434 438
432 428 425 423
433 435 436 439
433 430 429 427
434 438 437 440
434 431 432 428
435 436 439 441
435 433 430 429
436 439 441 443
436 435 433 430
437 440 442 445
437 438 434 431
438 437 440 442
438 434 431 432
439 441 443 444
439 436 435 433
440 442 445 447
440 437 438 434
441 443 444 446
441 439 436 435
442 445 447 450
442 440 437 438
443 444 446 448
443 441 439 436
444 446 448 451
444 443 441 439
445 447 450 449
445 442 440 437
446 448 451 452
446 444 443 441
447 450 449 453
447 445 442 440
448 451 452 454
448 446 444 443
449 453 455 458
449 450 447 445
450 449 453 455
450 447 445 442
451 452 454 456
451 448 446 444
452 454 456 457
452 451 448 446
453 455 458 461
453 449 450 447
454 456 457 459
454 452 451 448
455 458 461 463
455 453 449 450
456 457 459 460
456 454 452 451
457 459 460 462
457 456 454 452
458 461 463 466
458 455 453 449
459 460 462 464
459 457 456 454
460 462 464 465
460 459 457 456
461 463 466 469
461 458 455 453
462 464 465 467
462 460 459 457
463 466 469 468
463 461 458 455
464 465 467 470
464 462 460 459
465 467 470 472
465 464 462 460
466 469 468 471
466 463 461 458
467 470 472 473
467 465 464 462
468 471 474 476
468 469 466 463
469 468 471 474
469 466 463 461
470 472 473 475
470 467 465 464
471 474 476 478
471 468 469 466
472 473 475 477
472 470 467 465
473 475 477 479
473 472 470 467
474 476 478 482
474 471 468 469
475 477 479 480
475 473 472 470
476 478 482 481
476 474 471 468
477 479 480 483
477 475 473 472
478 482 481 484
478 476 474 471
479 480 483 485
479 477 475 473
480 483 485 486
480 479 477 475
481 484 487 490
481 482 478 476
482 481 484 487
482 478 476 474
483 485 486 488
483 480 479 477
484 487 490 492
484 481 482 478
485 486 488 489
485 483 480 479
486 488 489 491
486 485 483 480
487 490 492 496
487 484 481 482
488 489 491 493
488 486 485 483
489 491 493 494
489 488 486 485
490 492 496 495
490 487 484 481
491 493 494 497
491 489 488 486
492 496 495 499
492 490 487 484
493 494 497 498
493 491 489 488
494 497 498 500
494 493 491 489
495 499 501 504
495 496 492 490
496 495 499 501
496 492 490 487
497 498 500 502
497 494 493 491
498 500 502 503
498 497 494 493
499 501 504 506
499 495 496 492
500 502 503 505
500 498 497 494
501 504 506 509
501 499 495 496
502 503 505 507
502 500 498 497
503 505 507 510
503 502 500 498
504 506 509 508
504 501 499 495
505 507 510 511
505 503 502 500
506 509 508 512
506 504 501 499
507 510 511 513
507 505 503 502
508 512 514 517
508 509 506 504
509 508 512 514
509 506 504 501
510 511 513 515
510 507 505 503
511 513 515 516
511 510 507 505
512 514 517 520
512 508 509 506
513 515 516 518
513 511 510 507
514 517 520 523
514 512 508 509
515 516 518 519
515 513 511 510
516 518 519 521
516 515 513 511
517 520 523 522
517 514 512 508
518 519 521 524
518 516 515 513
519 521 524 525
519 518 516 515
520 523 522 526
520 517 514 512
521 524 525 527
521 519 518 516
522 526 529 532
522 523 520 517
523 522 526 529
523 520 517 514
524 525 527 528
524 521 519 518
525 527 528 530
525 524 521 519
526 529 532 531
526 522 523 520
527 528 530 533
527 525 524 521
528 530 533 534
528 527 525 524
529 532 531 535
529 526 522 523
530 533 534 536
530 528 527 525
531 535 537 539
531 532 529 526
532 531 535 537
532 529 526 522
533 534 536 538
533 530 528 527
534 536 538 540
534 533 530 528
535 537 539 542
535 531 532 529
536 538 540 541
536 534 533 530
537 539 542 544
537 535 531 532
538 540 541 543
538 536 534 533
539 542 544 547
539 537 535 531
540 541 543 545
540 538 536 534
541 543 545 548
541 540 538 536
542 544 547 546
542 539 537 535
543 545 548 549
543 541 540 538
544 547 546 550
544 542 539 537
545 548 549 551
545 543 541 540
546 550 552 556
546 547 544 542
547 546 550 552
547 544 542 539
548 549 551 553
548 545 543 541
549 551 553 554
549 548 545 543
550 552 556 555
550 546 547 544
551 553 554 557
551 549 548 545
552 556 555 559
552 550 546 547
553 554 557 558
553 551 549 548
554 557 558 560
554 553 551 549
555 559 561 564
555 556 552 550
556 555 559 561
556 552 550 546
557 558 560 562
557 554 553 551
558 560 562 563
558 557 554 553
559 561 564 566
559 555 556 552
560 562 563 565
560 558 557 554
561 564 566 568
561 559 555 556
562 563 565 567
562 560 558 557
563 565 567 569
563 562 560 558
564 566 568 571
564 561 559 555
565 567 569 570
565 563 562 560
566 568 571 573
566 564 561 559
567 569 570 572
567 565 563 562
568 571 573 576
568 566 564 561
569 570 572 574
569 567 565 563
570 572 574 575
570 569 567 565
571 573 576 578
571 568 566 564
572 574 575 577
572 570 569 567
573 576 578 580
573 571 568 566
574 575 577 579
574 572 570 569
575 577 579 581
575 574 572 570
576 578 580 582
576 573 571 568
577 579 581 583
577 575 574 572
578 580 582 584
578 576 573 571
579 581 583 585
579 577 575 574
580 582 584 586
580 578 576 573
581 583 585 587
581 579 577 575
582 584 586 589
582 580 578 576
583 585 587 590
583 581 579 577
584 586 589 588
584 582 580 578
585 587 590 592
585 583 581 579
586 589 588 591
586 584 582 580
587 590 592 594
587 585 583 581
588 591 593 595
588 589 586 584
589 588 591 593
589 586 584 582
590 592 594 596
590 587 585 583
591 593 595 597
591 588 589 586
592 594 596 598
592 590 587 585
593 595 597 599
593 591 588 589
594 596 598 600
594 592 590 587
595 597 599 601
595 593 591 588
596 598 600 602
596 594 592 590
597 599 601 603
597 595 593 591
598 600 602 604
598 596 594 592
599 601 603 605
599 597 595 593
600 602 604 606
600 598 596 594
601 603 605 607
601 599 597 595
602 604 606 608
602 600 598 596
603 605 607 609
603 601 599 597
604 606 608 610
604 602 600 598
605 607 609 611
605 603 601 599
606 608 610 612
606 604 602 600
607 609 611 613
607 605 603 601
608 610 612 614
608 606 604 602
609 611 613 615
609 607 605 603
610 612 614 616
610 608 606 604
611 613 615 617
611 609 607 605
612 614 616 618
612 610 608 606
613 615 617 619
613 611 609 607
614 616 618 620
614 612 610 608
615 617 619 621
615 613 611 609
616 618 620 622
616 614 612 610
617 619 621 623
617 615 613 611
618 620 622 624
618 616 614 612
619 621 623 625
619 617 615 613
620 622 624 626
620 618 616 614
621 623 625 627
621 619 617 615
622 624 626 628
622 620 618 616
623 625 627 629
623 621 619 617
624 626 628 630
624 622 620 618
625 627 629 631
625 623 621 619
626 628 630 632
626 624 622 620
627 629 631 633
627 625 623 621
628 630 632 634
628 626 624 622
629 631 633 635
629 627 625 623
630 632 634 636
630 628 626 624
631 633 635 637
631 629 627 625
632 634 636 638
632 630 628 626
633 635 637 639
633 631 629 627
634 636 638 640
634 632 630 628
635 637 639 641
635 633 631 629
636 638 640 642
636 634 632 630
637 639 641 643
637 635 633 631
638 640 642 644
638 636 634 632
639 641 643 645
639 637 635 633
640 642 644 647
640 638 636 634
641 643 645 648
641 639 637 635
642 644 647 646
642 640 638 636
643 645 648 650
643 641 639 637
644 647 646 649
644 642 640 638
645 648 650 652
645 643 641 639
646 649 651 653
646 647 644 642
647 646 649 651
647 644 642 640
648 650 652 654
648 645 643 641
649 651 653 655
649 646 647 644
650 652 654 656
650 648 645 643
651 653 655 657
651 649 646 647
652 654 656 658
652 650 648 645
653 655 657 660
653 651 649 646
654 656 658 661
654 652 650 648
655 657 660 664
655 653 651 649
656 658 661 665
656 654 652 650
657 660 664 669
657 655 653 651
658 661 665 670
658 656 654 652
659 662 663 667
660 664 669 674
660 657 655 653
661 665 670 675
661 658 656 654
662 663 667 668
663 667 668 673
663 662 659 -1
664 669 674 678
664 660 657 655
665 670 675 679
665 661 658 656
666 677 681 685
666 672 671 -1
667 668 673 677
667 663 662 659
668 673 677 681
668 667 663 662
669 674 678 682
669 664 660 657
670 675 679 683
670 665 661 658
671 676 680 684
671 672 666 -1
672 671 676 680
673 677 681 685
673 668 667 663
674 678 682 686
674 669 664 660
675 679 683 687
675 670 665 661
676 680 684 688
676 671 672 -1
677 681 685 689
677 673 668 667
677 673 666 -1
678 682 686 690
678 674 669 664
679 683 687 691
679 675 670 665
680 684 688 692
680 676 671 672
681 685 689 693
681 677 673 668
681 677 666 -1
682 686 690 694
682 678 674 669
683 687 691 695
683 679 675 670
684 688 692 696
684 680 676 671
685 689 693 697
685 681 677 673
685 681 677 666
686 690 694 698
686 682 678 674
687 691 695 699
687 683 679 675
688 692 696 700
688 684 680 676
689 693 697 701
689 685 681 677
690 694 698 702
690 686 682 678
691 695 699 703
691 687 683 679
692 696 700 704
692 688 684 680
693 697 701 705
693 689 685 681
694 698 702 706
694 690 686 682
695 699 703 707
695 691 687 683
696 700 704 708
696 692 688 684
697 701 705 709
697 693 689 685
698 702 706 710
698 694 690 686
699 703 707 711
699 695 691 687
700 704 708 712
700 696 692 688
701 705 709 713
701 697 693 689
702 706 710 714
702 698 694 690
703 707 711 715
703 699 695 691
704 708 712 716
704 700 696 692
705 709 713 717
705 701 697 693
706 710 714 718
706 702 698 694
707 711 715 719
707 703 699 695
708 712 716 720
708 704 700 696
709 713 717 721
709 705 701 697
710 714 718 722
710 706 702 698
711 715 719 723
711 707 703 699
712 716 720 724
712 708 704 700
713 717 721 725
713 709 705 701
714 718 722 726
714 710 706 702
715 719 723 727
715 711 707 703
716 720 724 728
716 712 708 704
717 721 725 729
717 713 709 705
718 722 726 731
718 714 710 706
719 723 727 732
719 715 711 707
720 724 728 733
720 716 712 708
721 725 729 730
721 717 713 709
722 726 731 735
722 718 714 710
723 727 732 736
723 719 715 711
724 728 733 737
724 720 716 712
725 729 730 734
725 721 717 713
726 731 735 739
726 722 718 714
727 732 736 740
727 723 719 715
728 733 737 741
728 724 720 716
729 730 734 738
729 725 721 717
730 734 738 742
730 729 725 721
731 735 739 743
731 726 722 718
732 736 740 744
732 727 723 719
733 737 741 745
733 728 724 720
734 738 742 746
734 730 729 725
735 739 743 747
735 731 726 722
736 740 744 748
736 732 727 723
737 741 745 749
737 733 728 724
738 742 746 750
738 734 730 729
739 743 747 751
739 735 731 726
740 744 748 752
740 736 732 727
741 745 749 753
741 737 733 728
742 746 750 754
742 738 734 730
743 747 751 756
743 739 735 731
744 748 752 757
744 740 736 732
745 749 753 758
745 741 737 733
746 750 754 759
746 742 738 734
747 751 756 755
747 743 739 735
748 752 757 761
748 744 740 736
749 753 758 762
749 745 741 737
750 754 759 763
750 746 742 738
751 756 755 760
751 747 743 739
752 757 761 765
752 748 744 740
753 758 762 766
753 749 745 741
754 759 763 767
754 750 746 742
755 760 764 768
755 756 751 747
756 755 760 764
756 751 747 743
757 761 765 769
757 752 748 744
758 762 766 770
758 753 749 745
759 763 767 771
759 754 750 746
760 764 768 772
760 755 756 751
761 765 769 773
761 757 752 748
762 766 770 774
762 758 753 749
763 767 771 775
763 759 754 750
764 768 772 776
764 760 755 756
765 769 773 777
765 761 757 752
766 770 774 778
766 762 758 753
767 771 775 779
767 763 759 754
768 772 776 780
768 764 760 755
769 773 777 781
769 765 761 757
770 774 778 782
770 766 762 758
771 775 779 783
771 767 763 759
772 776 780 784
772 768 764 760
773 777 781 785
773 769 765 761
774 778 782 786
774 770 766 762
775 779 783 787
775 771 767 763
776 780 784 788
776 772 768 764
777 781 785 789
777 773 769 765
778 782 786 790
778 774 770 766
779 783 787 791
779 775 771 767
780 784 788 792
780 776 772 768
781 785 789 793
781 777 773 769
782 786 790 794
782 778 774 770
783 787 791 795
783 779 775 771
784 788 792 796
784 780 776 772
785 789 793 797
785 781 777 773
786 790 794 798
786 782 778 774
787 791 795 799
787 783 779 775
788 792 796 800
788 784 780 776
789 793 797 801
789 785 781 777
790 794 798 802
790 786 782 778
791 795 799 803
791 787 783 779
792 796 800 804
792 788 784 780
793 797 801 805
793 789 785 781
794 798 802 806
794 790 786 782
795 799 803 807
795 791 787 783
796 800 804 808
796 792 788 784
797 801 805 809
797 793 789 785
798 802 806 810
798 794 790 786
799 803 807 811
799 795 791 787
800 804 808 812
800 796 792 788
801 805 809 813
801 797 793 789
802 806 810 814
802 798 794 790
803 807 811 815
803 799 795 791
804 808 812 816
804 800 796 792
805 809 813 817
805 801 797 793
806 810 814 818
806 802 798 794
807 811 815 819
807 803 799 795
808 812 816 820
808 804 800 796
809 813 817 821
809 805 801 797
810 814 818 822
810 806 802 798
811 815 819 823
811 807 803 799
812 816 820 824
812 808 804 800
813 817 821 825
813 809 805 801
814 818 822 826
814 810 806 802
815 819 823 827
815 811 807 803
816 820 824 828
816 812 808 804
817 821 825 829
817 813 809 805
818 822 826 830
818 814 810 806
819 823 827 831
819 815 811 807
820 824 828 832
820 816 812 808
821 825 829 833
821 817 813 809
822 826 830 834
822 818 814 810
823 827 831 835
823 819 815 811
824 828 832 836
824 820 816 812
825 829 833 837
825 821 817 813
826 830 834 838
826 822 818 814
827 831 835 839
827 823 819 815
828 832 836 840
828 824 820 816
829 833 837 841
829 825 821 817
830 834 838 842
830 826 822 818
831 835 839 843
831 827 823 819
832 836 840 844
832 828 824 820
833 837 841 845
833 829 825 821
834 838 842 846
834 830 826 822
835 839 843 847
835 831 827 823
836 840 844 848
836 832 828 824
837 841 845 849
837 833 829 825
838 842 846 850
838 834 830 826
839 843 847 851
839 835 831 827
840 844 848 852
840 836 832 828
841 845 849 853
841 837 833 829
842 846 850 854
842 838 834 830
843 847 851 855
843 839 835 831
844 848 852 856
844 840 836 832
845 849 853 857
845 841 837 833
846 850 854 858
846 842 838 834
847 851 855 859
847 843 839 835
848 852 856 860
848 844 840 836
849 853 857 861
849 845 841 837
850 854 858 862
850 846 842 838
851 855 859 863
851 847 843 839
852 856 860 864
852 848 844 840
853 857 861 865
853 849 845 841
854 858 862 866
854 850 846 842
855 859 863 867
855 851 847 843
856 860 864 868
856 852 848 844
857 861 865 869
857 853 849 845
858 862 866 870
858 854 850 846
859 863 867 871
859 855 851 847
860 864 868 872
860 856 852 848
861 865 869 873
861 857 853 849
862 866 870 874
862 858 854 850
863 867 871 875
863 859 855 851
864 868 872 876
864 860 856 852
865 869 873 877
865 861 857 853
866 870 874 878
866 862 858 854
867 871 875 879
867 863 859 855
868 872 876 880
868 864 860 856
869 873 877 881
869 865 861 857
870 874 878 882
870 866 862 858
871 875 879 883
871 867 863 859
872 876 880 884
872 868 864 860
873 877 881 885
873 869 865 861
874 878 882 886
874 870 866 862
875 879 883 887
875 871 867 863
876 880 884 888
876 872 868 864
877 881 885 889
877 873 869 865
878 882 886 890
878 874 870 866
879 883 887 891
879 875 871 867
880 884 888 892
880 876 872 868
881 885 889 893
881 877 873 869
882 886 890 894
882 878 874 870
883 887 891 895
883 879 875 871
884 888 892 896
884 880 876 872
885 889 893 897
885 881 877 873
886 890 894 898
886 882 878 874
887 891 895 899
887 883 879 875
888 892 896 900
888 884 880 876
889 893 897 901
889 885 881 877
890 894 898 902
890 886 882 878
891 895 899 903
891 887 883 879
892 896 900 904
892 888 884 880
893 897 901 905
893 889 885 881
894 898 902 906
894 890 886 882
895 899 903 907
895 891 887 883
896 900 904 908
896 892 888 884
897 901 905 909
897 893 889 885
898 902 906 910
898 894 890 886
899 903 907 911
899 895 891 887
900 904 908 912
900 896 892 888
901 905 909 913
901 897 893 889
902 906 910 914
902 898 894 890
903 907 911 915
903 899 895 891
904 908 912 916
904 900 896 892
905 909 913 917
905 901 897 893
906 910 914 918
906 902 898 894
907 911 915 919
907 903 899 895
908 912 916 920
908 904 900 896
909 913 917 921
909 905 901 897
910 914 918 922
910 906 902 898
911 915 919 923
911 907 903 899
912 916 920 924
912 908 904 900
913 917 921 925
913 909 905 901
914 918 922 926
914 910 906 902
915 919 923 927
915 911 907 903
916 920 924 928
916 912 908 904
917 921 925 929
917 913 909 905
918 922 926 930
918 914 910 906
919 923 927 931
919 915 911 907
920 924 928 932
920 916 912 908
921 925 929 933
921 917 913 909
922 926 930 934
922 918 914 910
923 927 931 935
923 919 915 911
924 928 932 936
924 920 916 912
925 929 933 937
925 921 917 913
926 930 934 938
926 922 918 914
927 931 935 939
927 923 919 915
928 932 936 940
928 924 920 916
929 933 937 941
929 925 921 917
930 934 938 942
930 926 922 918
931 935 939 943
931 927 923 919
932 936 940 944
932 928 924 920
933 937 941 945
933 929 925 921
934 938 942 946
934 930 926 922
935 939 943 947
935 931 927 923
936 940 944 948
936 932 928 924
937 941 945 949
937 933 929 925
938 942 946 950
938 934 930 926
939 943 947 951
939 935 931 927
940 944 948 952
940 936 932 928
941 945 949 953
941 937 933 929
942 946 950 954
942 938 934 930
943 947 951 956
943 939 935 931
944 948 952 957
944 940 936 932
945 949 953 958
945 941 937 933
946 950 954 959
946 942 938 934
947 951 956 955
947 943 939 935
948 952 957 961
948 944 940 936
949 953 958 962
949 945 941 937
950 954 959 963
950 946 942 938
951 956 955 960
951 947 943 939
952 957 961 965
952 948 944 940
953 958 962 966
953 949 945 941
954 959 963 967
954 950 946 942
955 960 964 968
955 956 951 947
956 955 960 964
956 951 947 943
957 961 965 969
957 952 948 944
958 962 966 970
958 953 949 945
959 963 967 971
959 954 950 946
960 964 968 972
960 955 956 951
961 965 969 973
961 957 952 948
962 966 970 974
962 958 953 949
963 967 971 975
963 959 954 950
964 968 972 976
964 960 955 956
965 969 973 977
965 961 957 952
966 970 974 978
966 962 958 953
967 971 975 979
967 963 959 954
968 972 976 980
968 964 960 955
969 973 977 981
969 965 961 957
970 974 978 982
970 966 962 958
971 975 979 983
971 967 963 959
972 976 980 984
972 968 964 960
973 977 981 985
973 969 965 961
974 978 982 986
974 970 966 962
975 979 983 987
975 971 967 963
976 980 984 988
976 972 968 964
977 981 985 989
977 973 969 965
978 982 986 990
978 974 970 966
979 983 987 991
979 975 971 967
980 984 988 992
980 976 972 968
981 985 989 993
981 977 973 969
982 986 990 994
982 978 974 970
983 987 991 995
983 979 975 971
984 988 992 996
984 980 976 972
985 989 993 997
985 981 977 973
986 990 994 998
986 982 978 974
987 991 995 999
987 983 979 975
988 992 996 1000
988 984 980 976
989 993 997 1001
989 985 981 977
990 994 998 1002
990 986 982 978
991 995 999 1003
991 987 983 979
992 996 1000 1004
992 988 984 980
993 997 1001 1005
993 989 985 981
994 998 1002 1006
994 990 986 982
995 999 1003 1007
995 999 1003 1012
995 991 987 983
996 1000 1004 1008
996 992 988 984
997 1001 1005 1009
997 993 989 985
998 1002 1006 1010
998 994 990 986
999 1003 1007 1011
999 1003 1012 -1
999 995 991 987
1000 1004 1008 1013
1000 996 992 988
1001 1005 1009 1014
1001 997 993 989
1002 1006 1010 1015
1002 998 994 990
1003 1007 1011 -1
1003 1007 1012 -1
1003 999 995 991
1004 1008 1013 1017
1004 1000 996 992
1005 1009 1014 1018
1005 1001 997 993
1006 1010 1015 1019
1006 1002 998 994
1007 1011 1012 -1
1007 1003 999 995
1008 1013 1017 1016
1008 1004 1000 996
1009 1014 1018 1022
1009 1005 1001 997
1010 1015 1019 1023
1010 1006 1002 998
1011 1007 1003 999
1012 1011 1007 1003
1012 1011 1007 999
1013 1017 1016 1021
1013 1008 1004 1000
1014 1018 1022 1025
1014 1009 1005 1001
1015 1019 1023 1026
1015 1010 1006 1002
1016 1021 1020 1024
1016 1017 1013 1008
1017 1016 1021 1020
1017 1013 1008 1004
1018 1022 1025 1027
1018 1014 1009 1005
1019 1023 1026 1028
1019 1015 1010 1006
1020 1021 1016 1017
1021 1020 1024 -1
1021 1016 1017 1013
1022 1025 1027 1029
1022 1018 1014 1009
1023 1026 1028 1030
1023 1019 1015 1010
1024 1020 1021 1016
1025 1027 1029 1031
1025 1022 1018 1014
1026 1028 1030 1032
1026 1023 1019 1015
1027 1029 1031 1033
1027 1025 1022 1018
1028 1030 1032 1034
1028 1026 1023 1019
1029 1031 1033 1035
1029 1027 1025 1022
1030 1032 1034 1036
1030 1028 1026 1023
1031 1033 1035 1037
1031 1029 1027 1025
1032 1034 1036 1038
1032 1030 1028 1026
1033 1035 1037 1039
1033 1031 1029 1027
1034 1036 1038 1040
1034 1032 1030 1028
1035 1037 1039 1041
1035 1033 1031 1029
1036 1038 1040 1042
1036 1034 1032 1030
1037 1039 1041 1043
1037 1035 1033 1031
1038 1040 1042 1044
1038 1036 1034 1032
1039 1041 1043 1045
1039 1037 1035 1033
1040 1042 1044 1046
1040 1038 1036 1034
1041 1043 1045 1047
1041 1039 1037 1035
1042 1044 1046 1048
1042 1040 1038 1036
1043 1045 1047 1049
1043 1041 1039 1037
1044 1046 1048 1050
1044 1042 1040 1038
1045 1047 1049 1051
1045 1043 1041 1039
1046 1048 1050 1052
1046 1044 1042 1040
1047 1049 1051 1053
1047 1045 1043 1041
1048 1050 1052 1054
1048 1046 1044 1042
1049 1051 1053 1055
1049 1047 1045 1043
1050 1052 1054 1056
1050 1048 1046 1044
1051 1053 1055 1057
1051 1049 1047 1045
1052 1054 1056 1058
1052 1050 1048 1046
1053 1055 1057 1059
1053 1051 1049 1047
1054 1056 1058 1060
1054 1052 1050 1048
1055 1057 1059 1061
1055 1053 1051 1049
1056 1058 1060 1062
1056 1054 1052 1050
1057 1059 1061 1063
1057 1055 1053 1051
1058 1060 1062 1064
1058 1056 1054 1052
1059 1061 1063 1065
1059 1057 1055 1053
1060 1062 1064 1066
1060 1058 1056 1054
1061 1063 1065 1068
1061 1059 1057 1055
1062 1064 1066 1067
1062 1060 1058 1056
1063 1065 1068 1070
1063 1061 1059 1057
1064 1066 1067 1069
1064 1062 1060 1058
1065 1068 1070 1072
1065 1063 1061 1059
1066 1067 1069 1071
1066 1064 1062 1060
1067 1069 1071 1073
1067 1066 1064 1062
1068 1070 1072 1074
1068 1065 1063 1061
1069 1071 1073 1075
1069 1067 1066 1064
1070 1072 1074 1076
1070 1068 1065 1063
1071 1073 1075 1077
1071 1069 1067 1066
1072 1074 1076 1079
1072 1070 1068 1065
1073 1075 1077 1078
1073 1071 1069 1067
1074 1076 1079 1081
1074 1072 1070 1068
1075 1077 1078 1080
1075 1073 1071 1069
1076 1079 1081 1083
1076 1074 1072 1070
1077 1078 1080 1082
1077 1075 1073 1071
1078 1080 1082 1084
1078 1077 1075 1073
1079 1081 1083 1085
1079 1076 1074 1072
1080 1082 1084 1086
1080 1078 1077 1075
1081 1083 1085 1088
1081 1079 1076 1074
1082 1084 1086 1087
1082 1080 1078 1077
1083 1085 1088 1090
1083 1081 1079 1076
1084 1086 1087 1089
1084 1082 1080 1078
1085 1088 1090 1092
1085 1083 1081 1079
1086 1087 1089 1091
1086 1084 1082 1080
1087 1089 1091 1093
1087 1086 1084 1082
1088 1090 1092 1094
1088 1085 1083 1081
1089 1091 1093 1095
1089 1087 1086 1084
1090 1092 1094 1096
1090 1088 1085 1083
1091 1093 1095 1097
1091 1089 1087 1086
1092 1094 1096 1098
1092 1090 1088 1085
1093 1095 1097 1099
1093 1091 1089 1087
1094 1096 1098 1100
1094 1092 1090 1088
1095 1097 1099 1101
1095 1093 1091 1089
1096 1098 1100 1102
1096 1094 1092 1090
1097 1099 1101 1103
1097 1095 1093 1091
1098 1100 1102 1105
1098 1096 1094 1092
1099 1101 1103 1104
1099 1097 1095 1093
1100 1102 1105 1107
1100 1098 1096 1094
1101 1103 1104 1106
1101 1099 1097 1095
1102 1105 1107 1109
1102 1100 1098 1096
1103 1104 1106 1108
1103 1101 1099 1097
1104 1106 1108 1110
1104 1103 1101 1099
1105 1107 1109 1111
1105 1102 1100 1098
1106 1108 1110 1112
1106 1104 1103 1101
1107 1109 1111 1113
1107 1105 1102 1100
1108 1110 1112 1114
1108 1106 1104 1103
1109 1111 1113 1115
1109 1107 1105 1102
1110 1112 1114 1116
1110 1108 1106 1104
1111 1113 1115 1117
1111 1109 1107 1105
1112 1114 1116 1118
1112 1110 1108 1106
1113 1115 1117 1120
1113 1111 1109 1107
1114 1116 1118 1119
1114 1112 1110 1108
1115 1117 1120 1122
1115 1113 1111 1109
1116 1118 1119 1121
1116 1114 1112 1110
1117 1120 1122 1124
1117 1115 1113 1111
1118 1119 1121 1123
1118 1116 1114 1112
1119 1121 1123 1125
1119 1118 1116 1114
1120 1122 1124 1126
1120 1117 1115 1113
1121 1123 1125 1127
1121 1119 1118 1116
1122 1124 1126 1128
1122 1120 1117 1115
1123 1125 1127 1129
1123 1121 1119 1118
1124 1126 1128 1130
1124 1122 1120 1117
1125 1127 1129 1131
1125 1123 1121 1119
1126 1128 1130 1133
1126 1124 1122 1120
1127 1129 1131 1134
1127 1125 1123 1121
1128 1130 1133 1132
1128 1126 1124 1122
1129 1131 1134 1136
1129 1127 1125 1123
1130 1133 1132 1135
1130 1128 1126 1124
1131 1134 1136 1138
1131 1129 1127 1125
1132 1135 1137 1139
1132 1133 1130 1128
1133 1132 1135 1137
1133 1130 1128 1126
1134 1136 1138 1140
1134 1131 1129 1127
1135 1137 1139 1141
1135 1132 1133 1130
1136 1138 1140 1142
1136 1134 1131 1129
1137 1139 1141 1143
1137 1135 1132 1133
1138 1140 1142 1144
1138 1136 1134 1131
1139 1141 1143 1145
1139 1137 1135 1132
1140 1142 1144 1146
1140 1138 1136 1134
1141 1143 1145 1147
1141 1139 1137 1135
1142 1144 1146 1148
1142 1140 1138 1136
1143 1145 1147 1149
1143 1141 1139 1137
1144 1146 1148 1150
1144 1142 1140 1138
1145 1147 1149 1152
1145 1143 1141 1139
1146 1148 1150 1151
1146 1144 1142 1140
1147 1149 1152 1154
1147 1145 1143 1141
1148 1150 1151 1153
1148 1146 1144 1142
1149 1152 1154 1156
1149 1147 1145 1143
1150 1151 1153 1155
1150 1148 1146 1144
1151 1153 1155 1157
1151 1150 1148 1146
1152 1154 1156 1158
1152 1149 1147 1145
1153 1155 1157 1159
1153 1151 1150 1148
1154 1156 1158 1160
1154 1152 1149 1147
1155 1157 1159 1161
1155 1153 1151 1150
1156 1158 1160 1163
1156 1154 1152 1149
1157 1159 1161 1162
1157 1155 1153 1151
1158 1160 1163 1165
1158 1156 1154 1152
1159 1161 1162 1164
1159 1157 1155 1153
1160 1163 1165 1167
1160 1158 1156 1154
1161 1162 1164 1166
1161 1159 1157 1155
1162 1164 1166 1168
1162 1161 1159 1157
1163 1165 1167 1169
1163 1160 1158 1156
1164 1166 1168 1170
1164 1162 1161 1159
1165 1167 1169 1171
1165 1163 1160 1158
1166 1168 1170 1172
1166 1164 1162 1161
1167 1169 1171 1174
1167 1165 1163 1160
1168 1170 1172 1173
1168 1166 1164 1162
1169 1171 1174 1176
1169 1167 1165 1163
1170 1172 1173 1175
1170 1168 1166 1164
1171 1174 1176 1178
1171 1169 1167 1165
1172 1173 1175 1177
1172 1170 1168 1166
1173 1175 1177 1179
1173 1172 1170 1168
1174 1176 1178 1180
1174 1171 1169 1167
1175 1177 1179 1181
1175 1173 1172 1170
1176 1178 1180 1182
1176 1174 1171 1169
1177 1179 1181 1183
1177 1175 1173 1172
1178 1180 1182 1185
1178 1176 1174 1171
1179 1181 1183 1184
1179 1177 1175 1173
1180 1182 1185 1187
1180 1178 1176 1174
1181 1183 1184 1186
1181 1179 1177 1175
1182 1185 1187 1189
1182 1180 1178 1176
1183 1184 1186 1188
1183 1181 1179 1177
1184 1186 1188 1190
1184 1183 1181 1179
1185 1187 1189 1191
1185 1182 1180 1178
1186 1188 1190 1192
1186 1184 1183 1181
1187 1189 1191 1193
1187 1185 1182 1180
1188 1190 1192 1194
1188 1186 1184 1183
1189 1191 1193 1195
1189 1187 1185 1182
1190 1192 1194 1196
1190 1188 1186 1184
1191 1193 1195 1197
1191 1189 1187 1185
1192 1194 1196 1198
1192 1190 1188 1186
1193 1195 1197 1200
1193 1191 1189 1187
1194 1196 1198 1199
1194 1192 1190 1188
1195 1197 1200 1202
1195 1193 1191 1189
1196 1198 1199 1201
1196 1194 1192 1190
1197 1200 1202 1205
1197 1195 1193 1191
1198 1199 1201 1203
1198 1196 1194 1192
1199 1201 1203 1204
1199 1198 1196 1194
1200 1202 1205 1207
1200 1197 1195 1193
1201 1203 1204 1206
1201 1199 1198 1196
1202 1205 1207 1210
1202 1200 1197 1195
1203 1204 1206 1208
1203 1201 1199 1198
1204 1206 1208 1209
1204 1203 1201 1199
1205 1207 1210 1212
1205 1202 1200 1197
1206 1208 1209 1211
1206 1204 1203 1201
1207 1210 1212 1215
1207 1205 1202 1200
1208 1209 1211 1213
1208 1206 1204 1203
1209 1211 1213 1214
1209 1208 1206 1204
1210 1212 1215 1217
1210 1207 1205 1202
1211 1213 1214 1216
1211 1209 1208 1206
1212 1215 1217 1220
1212 1210 1207 1205
1213 1214 1216 1218
1213 1211 1209 1208
1214 1216 1218 1219
1214 1213 1211 1209
1215 1217 1220 1222
1215 1212 1210 1207
1216 1218 1219 1221
1216 1214 1213 1211
1217 1220 1222 1226
1217 1215 1212 1210
1218 1219 1221 1223
1218 1216 1214 1213
1219 1221 1223 1224
1219 1218 1216 1214
1220 1222 1226 1225
1220 1217 1215 1212
1221 1223 1224 1227
1221 1219 1218 1216
1222 1226 1225 1229
1222 1220 1217 1215
1223 1224 1227 1230
1223 1221 1219 1218
1224 1227 1230 1233
1224 1223 1221 1219
1225 1229 1228 1232
1225 1226 1222 1220
1226 1225 1229 1228
1226 1222 1220 1217
1227 1230 1233 1236
1227 1224 1223 1221
1228 1232 1231 1235
1228 1229 1225 1226
1229 1228 1232 1231
1229 1225 1226 1222
1230 1233 1236 1239
1230 1227 1224 1223
1231 1235 1234 1238
1231 1232 1228 1229
1232 1231 1235 1234
1232 1228 1229 1225
1233 1236 1239 1240
1233 1230 1227 1224
1234 1238 1237 1242
1234 1235 1231 1232
1235 1234 1238 1237
1235 1231 1232 1228
1236 1239 1240 1243
1236 1233 1230 1227
1237 1242 1241 1245
1237 1238 1234 1235
1238 1237 1242 1241
1238 1234 1235 1231
1239 1240 1243 1246
1239 1236 1233 1230
1240 1243 1246 1247
1240 1239 1236 1233
1241 1245 1244 1249
1241 1242 1237 1238
1242 1241 1245 1244
1242 1237 1238 1234
1243 1246 1247 1250
1243 1240 1239 1236
1244 1249 1248 1253
1244 1245 1241 1242
1245 1244 1249 1248
1245 1241 1242 1237
1246 1247 1250 1251
1246 1243 1240 1239
1247 1250 1251 1254
1247 1246 1243 1240
1248 1253 1252 1256
1248 1249 1244 1245
1249 1248 1253 1252
1249 1244 1245 1241
1250 1251 1254 1257
1250 1247 1246 1243
1251 1254 1257 1258
1251 1250 1247 1246
1252 1256 1255 1260
1252 1253 1248 1249
1253 1252 1256 1255
1253 1248 1249 1244
1254 1257 1258 1261
1254 1251 1250 1247
1255 1260 1259 1264
1255 1256 1252 1253
1256 1255 1260 1259
1256 1252 1253 1248
1257 1258 1261 1262
1257 1254 1251 1250
1258 1261 1262 1265
1258 1257 1254 1251
1259 1264 1263 1267
1259 1260 1255 1256
1260 1259 1264 1263
1260 1255 1256 1252
1261 1262 1265 1268
1261 1258 1257 1254
1262 1265 1268 1269
1262 1261 1258 1257
1263 1267 1266 1271
1263 1264 1259 1260
1264 1263 1267 1266
1264 1259 1260 1255
1265 1268 1269 1272
1265 1262 1261 1258
1266 1271 1270 1275
1266 1267 1263 1264
1267 1266 1271 1270
1267 1263 1264 1259
1268 1269 1272 1273
1268 1265 1262 1261
1269 1272 1273 1276
1269 1268 1265 1262
1270 1275 1274 1278
1270 1271 1266 1267
1271 1270 1275 1274
1271 1266 1267 1263
1272 1273 1276 1279
1272 1269 1268 1265
1273 1276 1279 1282
1273 1272 1269 1268
1274 1278 1277 1281
1274 1275 1270 1271
1275 1274 1278 1277
1275 1270 1271 1266
1276 1279 1282 1283
1276 1273 1272 1269
1277 1281 1280 1285
1277 1278 1274 1275
1278 1277 1281 1280
1278 1274 1275 1270
1279 1282 1283 1286
1279 1276 1273 1272
1280 1285 1284 1289
1280 1281 1277 1278
1281 1280 1285 1284
1281 1277 1278 1274
1282 1283 1286 1287
1282 1279 1276 1273
1283 1286 1287 1290
1283 1282 1279 1276
1284 1289 1288 1292
1284 1285 1280 1281
1285 1284 1289 1288
1285 1280 1281 1277
1286 1287 1290 1293
1286 1283 1282 1279
1287 1290 1293 1296
1287 1286 1283 1282
1288 1292 1291 1295
1288 1289 1284 1285
1289 1288 1292 1291
1289 1284 1285 1280
1290 1293 1296 1297
1290 1287 1286 1283
1291 1295 1294 1299
1291 1292 1288 1289
1292 1291 1295 1294
1292 1288 1289 1284
1293 1296 1297 1300
1293 1290 1287 1286
1294 1299 1298 1303
1294 1295 1291 1292
1295 1294 1299 1298
1295 1291 1292 1288
1296 1297 1300 1301
1296 1293 1290 1287
1297 1300 1301 1304
1297 1296 1293 1290
1298 1303 1302 1307
1298 1299 1294 1295
1299 1298 1303 1302
1299 1294 1295 1291
1300 1301 1304 1305
1300 1297 1296 1293
1301 1304 1305 1308
1301 1300 1297 1296
1302 1307 1306 1310
1302 1303 1298 1299
1303 1302 1307 1306
1303 1298 1299 1294
1304 1305 1308 1311
1304 1301 1300 1297
1305 1308 1311 1314
1305 1304 1301 1300
1306 1310 1309 1313
1306 1307 1302 1303
1307 1306 1310 1309
1307 1302 1303 1298
1308 1311 1314 1315
1308 1305 1304 1301
1309 1313 1312 1317
1309 1310 1306 1307
1310 1309 1313 1312
1310 1306 1307 1302
1311 1314 1315 1318
1311 1308 1305 1304
1312 1317 1316 1321
1312 1313 1309 1310
1313 1312 1317 1316
1313 1309 1310 1306
1314 1315 1318 1319
1314 1311 1308 1305
1315 1318 1319 1322
1315 1314 1311 1308
1316 1321 1320 1325
1316 1317 1312 1313
1317 1316 1321 1320
1317 1312 1313 1309
1318 1319 1322 1323
1318 1315 1314 1311
1319 1322 1323 1326
1319 1318 1315 1314
1320 1325 1324 1329
1320 1321 1316 1317
1321 1320 1325 1324
1321 1316 1317 1312
1322 1323 1326 1327
1322 1319 1318 1315
1323 1326 1327 1330
1323 1322 1319 1318
1324 1329 1328 1333
1324 1325 1320 1321
1325 1324 1329 1328
1325 1320 1321 1316
1326 1327 1330 1331
1326 1323 1322 1319
1327 1330 1331 1334
1327 1326 1323 1322
1328 1333 1332 1336
1328 1329 1324 1325
1329 1328 1333 1332
1329 1324 1325 1320
1330 1331 1334 1337
1330 1327 1326 1323
1331 1334 1337 1340
1331 1330 1327 1326
1332 1336 1335 1339
1332 1333 1328 1329
1333 1332 1336 1335
1333 1328 1329 1324
1334 1337 1340 1341
1334 1331 1330 1327
1335 1339 1338 1343
1335 1336 1332 1333
1336 1335 1339 1338
1336 1332 1333 1328
1337 1340 1341 1344
1337 1334 1331 1330
1338 1343 1342 1347
1338 1339 1335 1336
1339 1338 1343 1342
1339 1335 1336 1332
1340 1341 1344 1345
1340 1337 1334 1331
1341 1344 1345 1348
1341 1340 1337 1334
1342 1347 1346 1351
1342 1343 1338 1339
1343 1342 1347 1346
1343 1338 1339 1335
1344 1345 1348 1349
1344 1341 1340 1337
1345 1348 1349 1352
1345 1344 1341 1340
1346 1351 1350 1355
1346 1347 1342 1343
1347 1346 1351 1350
1347 1342 1343 1338
1348 1349 1352 1353
1348 1345 1344 1341
1349 1352 1353 1356
1349 1348 1345 1344
1350 1355 1354 1359
1350 1351 1346 1347
1351 1350 1355 1354
1351 1346 1347 1342
1352 1353 1356 1357
1352 1349 1348 1345
1353 1356 1357 1360
1353 1352 1349 1348
1354 1359 1358 1363
1354 1355 1350 1351
1355 1354 1359 1358
1355 1350 1351 1346
1356 1357 1360 1361
1356 1353 1352 1349
1357 1360 1361 1364
1357 1356 1353 1352
1358 1363 1362 1367
1358 1359 1354 1355
1359 1358 1363 1362
1359 1354 1355 1350
1360 1361 1364 1365
1360 1357 1356 1353
1361 1364 1365 1368
1361 1360 1357 1356
1362 1367 1366 1371
1362 1363 1358 1359
1363 1362 1367 1366
1363 1358 1359 1354
1364 1365 1368 1369
1364 1361 1360 1357
1365 1368 1369 1372
1365 1364 1361 1360
1366 1371 1370 1375
1366 1367 1362 1363
1367 1366 1371 1370
1367 1362 1363 1358
1368 1369 1372 1373
1368 1365 1364 1361
1369 1372 1373 1376
1369 1368 1365 1364
1370 1375 1374 1379
1370 1371 1366 1367
1371 1370 1375 1374
1371 1366 1367 1362
1372 1373 1376 1377
1372 1369 1368 1365
1373 1376 1377 1380
1373 1372 1369 1368
1374 1379 1378 1383
1374 1375 1370 1371
1375 1374 1379 1378
1375 1370 1371 1366
1376 1377 1380 1381
1376 1373 1372 1369
1377 1380 1381 1384
1377 1376 1373 1372
1378 1383 1382 1388
1378 1379 1374 1375
1379 1378 1383 1382
1379 1374 1375 1370
1380 1381 1384 1385
1380 1377 1376 1373
1381 1384 1385 1389
1381 1380 1377 1376
1382 1388 1387 1386
1382 1383 1378 1379
1383 1382 1388 1387
1383 1378 1379 1374
1384 1385 1389 1390
1384 1381 1380 1377
1385 1389 1390 1393
1385 1384 1381 1380
1386 1392 1391 1396
1386 1387 1388 1382
1387 1386 1392 1391
1387 1388 1382 1383
1388 1387 1386 1392
1388 1382 1383 1378
1389 1390 1393 1394
1389 1385 1384 1381
1390 1393 1394 1397
1390 1389 1385 1384
1391 1396 1395 1400
1391 1392 1386 1387
1392 1391 1396 1395
1392 1386 1387 1388
1393 1394 1397 1398
1393 1390 1389 1385
1394 1397 1398 1401
1394 1393 1390 1389
1395 1400 1399 1404
1395 1396 1391 1392
1396 1395 1400 1399
1396 1391 1392 1386
1397 1398 1401 1402
1397 1394 1393 1390
1398 1401 1402 1405
1398 1397 1394 1393
1399 1404 1403 1409
1399 1400 1395 1396
1400 1399 1404 1403
1400 1395 1396 1391
1401 1402 1405 1406
1401 1398 1397 1394
1402 1405 1406 1407
1402 1401 1398 1397
1403 1409 1408 1413
1403 1404 1399 1400
1404 1403 1409 1408
1404 1399 1400 1395
1405 1406 1407 1410
1405 1402 1401 1398
1406 1407 1410 1411
1406 1405 1402 1401
1407 1410 1411 1414
1407 1406 1405 1402
1408 1413 1412 1417
1408 1409 1403 1404
1409 1408 1413 1412
1409 1403 1404 1399
1410 1411 1414 1415
1410 1407 1406 1405
1411 1414 1415 1418
1411 1410 1407 1406
1412 1417 1416 1421
1412 1413 1408 1409
1413 1412 1417 1416
1413 1408 1409 1403
1414 1415 1418 1419
1414 1411 1410 1407
1415 1418 1419 1422
1415 1414 1411 1410
1416 1421 1420 1426
1416 1417 1412 1413
1417 1416 1421 1420
1417 1412 1413 1408
1418 1419 1422 1423
1418 1415 1414 1411
1419 1422 1423 1427
1419 1418 1415 1414
1420 1426 1425 1424
1420 1421 1416 1417
1421 1420 1426 1425
1421 1416 1417 1412
1422 1423 1427 1428
1422 1419 1418 1415
1423 1427 1428 1431
1423 1422 1419 1418
1424 1430 1429 1434
1424 1425 1426 1420
1425 1424 1430 1429
1425 1426 1420 1421
1426 1425 1424 1430
1426 1420 1421 1416
1427 1428 1431 1432
1427 1423 1422 1419
1428 1431 1432 1435
1428 1427 1423 1422
1429 1434 1433 1439
1429 1430 1424 1425
1430 1429 1434 1433
1430 1424 1425 1426
1431 1432 1435 1436
1431 1428 1427 1423
1432 1435 1436 1437
1432 1431 1428 1427
1433 1439 1438 1443
1433 1434 1429 1430
1434 1433 1439 1438
1434 1429 1430 1424
1435 1436 1437 1440
1435 1432 1431 1428
1436 1437 1440 1441
1436 1435 1432 1431
1437 1440 1441 1444
1437 1436 1435 1432
1438 1443 1442 1447
1438 1439 1433 1434
1439 1438 1443 1442
1439 1433 1434 1429
1440 1441 1444 1445
1440 1437 1436 1435
1441 1444 1445 1448
1441 1440 1437 1436
1442 1447 1446 1451
1442 1443 1438 1439
1443 1442 1447 1446
1443 1438 1439 1433
1444 1445 1448 1449
1444 1441 1440 1437
1445 1448 1449 1452
1445 1444 1441 1440
1446 1451 1450 1455
1446 1447 1442 1443
1447 1446 1451 1450
1447 1442 1443 1438
1448 1449 1452 1453
1448 1445 1444 1441
1449 1452 1453 1456
1449 1448 1445 1444
1450 1455 1454 1460
1450 1451 1446 1447
1451 1450 1455 1454
1451 1446 1447 1442
1452 1453 1456 1457
1452 1449 1448 1445
1453 1456 1457 1458
1453 1452 1449 1448
1454 1460 1459 1465
1454 1455 1450 1451
1455 1454 1460 1459
1455 1450 1451 1446
1456 1457 1458 1461
1456 1453 1452 1449
1457 1458 1461 1462
1457 1456 1453 1452
1458 1461 1462 1466
1458 1457 1456 1453
1459 1465 1464 1463
1459 1460 1454 1455
1460 1459 1465 1464
1460 1454 1455 1450
1461 1462 1466 1467
1461 1458 1457 1456
1462 1466 1467 1470
1462 1461 1458 1457
1463 1469 1468 1473
1463 1464 1465 1459
1464 1463 1469 1468
1464 1465 1459 1460
1465 1464 1463 1469
1465 1459 1460 1454
1466 1467 1470 1471
1466 1462 1461 1458
1467 1470 1471 1474
1467 1466 1462 1461
1468 1473 1472 1478
1468 1469 1463 1464
1469 1468 1473 1472
1469 1463 1464 1465
1470 1471 1474 1475
1470 1467 1466 1462
1471 1474 1475 1476
1471 1470 1467 1466
1472 1478 1477 1482
1472 1473 1468 1469
1473 1472 1478 1477
1473 1468 1469 1463
1474 1475 1476 1479
1474 1471 1470 1467
1475 1476 1479 1480
1475 1474 1471 1470
1476 1479 1480 1483
1476 1475 1474 1471
1477 1482 1481 1486
1477 1478 1472 1473
1478 1477 1482 1481
1478 1472 1473 1468
1479 1480 1483 1484
1479 1476 1475 1474
1480 1483 1484 1487
1480 1479 1476 1475
1481 1486 1485 1490
1481 1482 1477 1478
1482 1481 1486 1485
1482 1477 1478 1472
1483 1484 1487 1488
1483 1480 1479 1476
1484 1487 1488 1491
1484 1483 1480 1479
1485 1490 1489 1495
1485 1486 1481 1482
1486 1485 1490 1489
1486 1481 1482 1477
1487 1488 1491 1492
1487 1484 1483 1480
1488 1491 1492 1493
1488 1487 1484 1483
1489 1495 1494 1499
1489 1490 1485 1486
1490 1489 1495 1494
1490 1485 1486 1481
1491 1492 1493 1496
1491 1488 1487 1484
1492 1493 1496 1497
1492 1491 1488 1487
1493 1496 1497 1500
1493 1492 1491 1488
1494 1499 1498 1503
1494 1495 1489 1490
1495 1494 1499 1498
1495 1489 1490 1485
1496 1497 1500 1501
1496 1493 1492 1491
1497 1500 1501 1504
1497 1496 1493 1492
1498 1503 1502 1508
1498 1499 1494 1495
1499 1498 1503 1502
1499 1494 1495 1489
1500 1501 1504 1505
1500 1497 1496 1493
1501 1504 1505 1506
1501 1500 1497 1496
1502 1508 1507 1512
1502 1503 1498 1499
1503 1502 1508 1507
1503 1498 1499 1494
1504 1505 1506 1509
1504 1501 1500 1497
1505 1506 1509 1510
1505 1504 1501 1500
1506 1509 1510 1513
1506 1505 1504 1501
1507 1512 1511 1516
1507 1508 1502 1503
1508 1507 1512 1511
1508 1502 1503 1498
1509 1510 1513 1514
1509 1506 1505 1504
1510 1513 1514 1517
1510 1509 1506 1505
1511 1516 1515 1521
1511 1512 1507 1508
1512 1511 1516 1515
1512 1507 1508 1502
1513 1514 1517 1518
1513 1510 1509 1506
1514 1517 1518 1519
1514 1513 1510 1509
1515 1521 1520 1525
1515 1516 1511 1512
1516 1515 1521 1520
1516 1511 1512 1507
1517 1518 1519 1522
1517 1514 1513 1510
1518 1519 1522 1523
1518 1517 1514 1513
1519 1522 1523 1526
1519 1518 1517 1514
1520 1525 1524 1529
1520 1521 1515 1516
1521 1520 1525 1524
1521 1515 1516 1511
1522 1523 1526 1527
1522 1519 1518 1517
1523 1526 1527 1530
1523 1522 1519 1518
1524 1529 1528 1533
1524 1525 1520 1521
1525 1524 1529 1528
1525 1520 1521 1515
1526 1527 1530 1531
1526 1523 1522 1519
1527 1530 1531 1534
1527 1526 1523 1522
1528 1533 1532 1537
1528 1529 1524 1525
1529 1528 1533 1532
1529 1524 1525 1520
1530 1531 1534 1535
1530 1527 1526 1523
1531 1534 1535 1538
1531 1530 1527 1526
1532 1537 1536 1542
1532 1533 1528 1529
1533 1532 1537 1536
1533 1528 1529 1524
1534 1535 1538 1539
1534 1531 1530 1527
1535 1538 1539 1540
1535 1534 1531 1530
1536 1542 1541 1546
1536 1537 1532 1533
1537 1536 1542 1541
1537 1532 1533 1528
1538 1539 1540 1543
1538 1535 1534 1531
1539 1540 1543 1544
1539 1538 1535 1534
1540 1543 1544 1547
1540 1539 1538 1535
1541 1546 1545 1550
1541 1542 1536 1537
1542 1541 1546 1545
1542 1536 1537 1532
1543 1544 1547 1548
1543 1540 1539 1538
1544 1547 1548 1551
1544 1543 1540 1539
1545 1550 1549 1554
1545 1546 1541 1542
1546 1545 1550 1549
1546 1541 1542 1536
1547 1548 1551 1552
1547 1544 1543 1540
1548 1551 1552 1555
1548 1547 1544 1543
1549 1554 1553 1558
1549 1550 1545 1546
1550 1549 1554 1553
1550 1545 1546 1541
1551 1552 1555 1556
1551 1548 1547 1544
1552 1555 1556 1559
1552 1551 1548 1547
1553 1558 1557 1563
1553 1554 1549 1550
1554 1553 1558 1557
1554 1549 1550 1545
1555 1556 1559 1560
1555 1552 1551 1548
1556 1559 1560 1561
1556 1555 1552 1551
1557 1563 1562 1567
1557 1558 1553 1554
1558 1557 1563 1562
1558 1553 1554 1549
1559 1560 1561 1564
1559 1556 1555 1552
1560 1561 1564 1565
1560 1559 1556 1555
1561 1564 1565 1568
1561 1560 1559 1556
1562 1567 1566 1572
1562 1563 1557 1558
1563 1562 1567 1566
1563 1557 1558 1553
1564 1565 1568 1569
1564 1561 1560 1559
1565 1568 1569 1570
1565 1564 1561 1560
1566 1572 1571 1577
1566 1567 1562 1563
1567 1566 1572 1571
1567 1562 1563 1557
1568 1569 1570 1573
1568 1565 1564 1561
1569 1570 1573 1574
1569 1568 1565 1564
1570 1573 1574 1578
1570 1569 1568 1565
1571 1577 1576 1575
1571 1572 1566 1567
1572 1571 1577 1576
1572 1566 1567 1562
1573 1574 1578 1579
1573 1570 1569 1568
1574 1578 1579 1582
1574 1573 1570 1569
1575 1581 1580 1585
1575 1576 1577 1571
1576 1575 1581 1580
1576 1577 1571 1572
1577 1576 1575 1581
1577 1571 1572 1566
1578 1579 1582 1583
1578 1574 1573 1570
1579 1582 1583 1586
1579 1578 1574 1573
1580 1585 1584 1589
1580 1581 1575 1576
1581 1580 1585 1584
1581 1575 1576 1577
1582 1583 1586 1587
1582 1579 1578 1574
1583 1586 1587 1590
1583 1582 1579 1578
1584 1589 1588 1593
1584 1585 1580 1581
1585 1584 1589 1588
1585 1580 1581 1575
1586 1587 1590 1591
1586 1583 1582 1579
1587 1590 1591 1594
1587 1586 1583 1582
1588 1593 1592 1597
1588 1589 1584 1585
1589 1588 1593 1592
1589 1584 1585 1580
1590 1591 1594 1595
1590 1587 1586 1583
1591 1594 1595 1598
1591 1590 1587 1586
1592 1597 1596 1601
1592 1593 1588 1589
1593 1592 1597 1596
1593 1588 1589 1584
1594 1595 1598 1599
1594 1591 1590 1587
1595 1598 1599 1602
1595 1594 1591 1590
1596 1601 1600 1606
1596 1597 1592 1593
1597 1596 1601 1600
1597 1592 1593 1588
1598 1599 1602 1603
1598 1595 1594 1591
1599 1602 1603 1604
1599 1598 1595 1594
1600 1606 1605 1611
1600 1601 1596 1597
1601 1600 1606 1605
1601 1596 1597 1592
1602 1603 1604 1607
1602 1599 1598 1595
1603 1604 1607 1608
1603 1602 1599 1598
1604 1607 1608 1609
1604 1603 1602 1599
1605 1611 1610 1625
1605 1606 1600 1601
1606 1605 1611 1610
1606 1600 1601 1596
1607 1608 1609 1612
1607 1604 1603 1602
1608 1609 1612 1613
1608 1607 1604 1603
1609 1612 1613 1614
1609 1608 1607 1604
1610 1625 1624 1623
1610 1611 1605 1606
1611 1610 1625 1624
1611 1605 1606 1600
1612 1613 1614 1615
1612 1609 1608 1607
1613 1614 1615 1616
1613 1612 1609 1608
1614 1615 1616 1617
1614 1613 1612 1609
1615 1616 1617 1618
1615 1614 1613 1612
1616 1617 1618 1619
1616 1615 1614 1613
1617 1618 1619 1620
1617 1616 1615 1614
1618 1619 1620 1621
1618 1617 1616 1615
1619 1620 1621 1622
1619 1618 1617 1616
1620 1621 1622 1626
1620 1619 1618 1617
1621 1622 1626 1627
1621 1620 1619 1618
1622 1626 1627 1628
1622 1621 1620 1619
1623 1639 1638 1656
1623 1624 1625 1610
1624 1623 1639 1638
1624 1625 1610 1611
1625 1624 1623 1639
1625 1610 1611 1605
1626 1627 1628 1629
1626 1622 1621 1620
1627 1628 1629 1630
1627 1626 1622 1621
1628 1629 1630 1631
1628 1627 1626 1622
1629 1630 1631 1632
1629 1628 1627 1626
1630 1631 1632 1633
1630 1629 1628 1627
1631 1632 1633 1634
1631 1630 1629 1628
1632 1633 1634 1635
1632 1631 1630 1629
1633 1634 1635 1636
1633 1632 1631 1630
1634 1635 1636 1637
1634 1633 1632 1631
1635 1636 1637 1640
1635 1634 1633 1632
1636 1637 1640 1641
1636 1635 1634 1633
1637 1640 1641 1642
1637 1636 1635 1634
1638 1656 1655 1669
1638 1639 1623 1624
1639 1638 1656 1655
1639 1623 1624 1625
1640 1641 1642 1643
1640 1637 1636 1635
1641 1642 1643 1644
1641 1640 1637 1636
1642 1643 1644 1645
1642 1641 1640 1637
1643 1644 1645 1646
1643 1642 1641 1640
1644 1645 1646 1647
1644 1643 1642 1641
1645 1646 1647 1648
1645 1644 1643 1642
1646 1647 1648 1649
1646 1645 1644 1643
1647 1648 1649 1650
1647 1646 1645 1644
1648 1649 1650 1651
1648 1647 1646 1645
1649 1650 1651 1652
1649 1648 1647 1646
1650 1651 1652 1653
1650 1649 1648 1647
1651 1652 1653 1654
1651 1650 1649 1648
1652 1653 1654 1657
1652 1651 1650 1649
1653 1654 1657 1658
1653 1652 1651 1650
1654 1657 1658 1659
1654 1653 1652 1651
1655 1669 1668 1687
1655 1656 1638 1639
1656 1655 1669 1668
1656 1638 1639 1623
1657 1658 1659 1660
1657 1654 1653 1652
1658 1659 1660 1661
1658 1657 1654 1653
1659 1660 1661 1662
1659 1658 1657 1654
1660 1661 1662 1663
1660 1659 1658 1657
1661 1662 1663 1664
1661 1660 1659 1658
1662 1663 1664 1665
1662 1661 1660 1659
1663 1664 1665 1666
1663 1662 1661 1660
1664 1665 1666 1667
1664 1663 1662 1661
1665 1666 1667 1670
1665 1664 1663 1662
1666 1667 1670 1671
1666 1665 1664 1663
1667 1670 1671 1672
1667 1666 1665 1664
1668 1687 1686 1702
1668 1669 1655 1656
1669 1668 1687 1686
1669 1655 1656 1638
1670 1671 1672 1673
1670 1667 1666 1665
1671 1672 1673 1674
1671 1670 1667 1666
1672 1673 1674 1675
1672 1671 1670 1667
1673 1674 1675 1676
1673 1672 1671 1670
1674 1675 1676 1677
1674 1673 1672 1671
1675 1676 1677 1678
1675 1674 1673 1672
1676 1677 1678 1679
1676 1675 1674 1673
1677 1678 1679 1680
1677 1676 1675 1674
1678 1679 1680 1681
1678 1677 1676 1675
1679 1680 1681 1682
1679 1678 1677 1676
1680 1681 1682 1683
1680 1679 1678 1677
1681 1682 1683 1684
1681 1680 1679 1678
1682 1683 1684 1685
1682 1681 1680 1679
1683 1684 1685 1688
1683 1682 1681 1680
1684 1685 1688 1689
1684 1683 1682 1681
1685 1688 1689 1690
1685 1684 1683 1682
1686 1702 1701 1700
1686 1687 1668 1669
1687 1686 1702 1701
1687 1668 1669 1655
1688 1689 1690 1691
1688 1685 1684 1683
1689 1690 1691 1692
1689 1688 1685 1684
1690 1691 1692 1693
1690 1689 1688 1685
1691 1692 1693 1694
1691 1690 1689 1688
1692 1693 1694 1695
1692 1691 1690 1689
1693 1694 1695 1696
1693 1692 1691 1690
1694 1695 1696 1697
1694 1693 1692 1691
1695 1696 1697 1698
1695 1694 1693 1692
1696 1697 1698 1699
1696 1695 1694 1693
1697 1698 1699 1703
1697 1696 1695 1694
1698 1699 1703 1704
1698 1697 1696 1695
1699 1703 1704 1705
1699 1698 1697 1696
1700 1712 1711 1710
1700 1701 1702 1686
1701 1700 1712 1711
1701 1702 1686 1687
1702 1701 1700 1712
1702 1686 1687 1668
1703 1704 1705 1706
1703 1699 1698 1697
1704 1705 1706 1707
1704 1703 1699 1698
1705 1706 1707 1708
1705 1704 1703 1699
1706 1707 1708 1709
1706 1705 1704 1703
1707 1708 1709 1710
1707 1706 1705 1704
1708 1709 1710 1711
1708 1707 1706 1705
1709 1710 1711 1712
1709 1708 1707 1706
1710 1711 1712 1700
1710 1709 1708 1707
1711 1710 1709 1708
1711 1712 1700 1701
1712 1711 1710 1709
1712 1700 1701 1702
