0 24 23 22
0 1 2 3
1 0 24 23
1 2 3 4
2 1 0 24
2 3 4 5
3 2 1 0
3 4 5 25
4 5 25 26
4 3 2 1
5 25 26 27
5 4 3 2
6 49 48 47
6 7 8 9
7 6 49 48
7 8 9 10
8 7 6 49
8 9 10 11
9 8 7 6
9 10 11 12
10 9 8 7
10 11 12 13
11 10 9 8
11 12 13 14
12 11 10 9
12 13 14 15
13 12 11 10
13 14 15 16
14 13 12 11
14 15 16 17
15 14 13 12
15 16 17 18
16 15 14 13
16 17 18 19
17 16 15 14
17 18 19 20
18 17 16 15
18 19 20 21
19 18 17 16
19 20 21 22
20 19 18 17
20 21 22 23
21 20 19 18
21 22 23 24
22 21 20 19
22 23 24 0
23 22 21 20
23 24 0 1
24 23 22 21
24 0 1 2
25 26 27 50
25 5 4 3
26 27 50 67
26 25 5 4
27 50 67 68
27 26 25 5
28 66 65 64
28 29 30 31
29 28 66 65
29 30 31 32
30 29 28 66
30 31 32 33
31 30 29 28
31 32 33 34
32 31 30 29
32 33 34 35
33 32 31 30
33 34 35 36
34 33 32 31
34 35 36 37
35 34 33 32
35 36 37 38
36 35 34 33
36 37 38 39
37 36 35 34
37 38 39 40
38 37 36 35
38 39 40 41
39 38 37 36
39 40 41 42
40 39 38 37
40 41 42 43
41 40 39 38
41 42 43 44
42 41 40 39
42 43 44 45
43 42 41 40
43 44 45 46
44 43 42 41
44 45 46 47
45 44 43 42
45 46 47 48
46 45 44 43
46 47 48 49
47 46 45 44
47 48 49 6
48 47 46 45
48 49 6 7
49 48 47 46
49 6 7 8
50 67 68 90
50 27 26 25
51 89 88 87
51 52 53 54
52 51 89 88
52 53 54 55
53 52 51 89
53 54 55 56
54 53 52 51
54 55 56 57
55 54 53 52
55 56 57 58
56 55 54 53
56 57 58 59
57 56 55 54
57 58 59 60
58 57 56 55
58 59 60 61
59 58 57 56
59 60 61 62
60 59 58 57
60 61 62 63
61 60 59 58
61 62 63 64
62 61 60 59
62 63 64 65
63 62 61 60
63 64 65 66
64 63 62 61
64 65 66 28
65 64 63 62
65 66 28 29
66 65 64 63
66 28 29 30
67 68 90 106
67 50 27 26
68 90 106 107
68 67 50 27
69 105 104 103
69 70 71 72
70 69 105 104
70 71 72 73
71 70 69 105
71 72 73 74
72 71 70 69
72 73 74 75
73 72 71 70
73 74 75 76
74 73 72 71
74 75 76 77
75 74 73 72
75 76 77 78
76 75 74 73
76 77 78 79
77 76 75 74
77 78 79 80
78 77 76 75
78 79 80 81
79 78 77 76
79 80 81 82
80 79 78 77
80 81 82 83
81 80 79 78
81 82 83 84
82 81 80 79
82 83 84 85
83 82 81 80
83 84 85 86
84 83 82 81
84 85 86 87
85 84 83 82
85 86 87 88
86 85 84 83
86 87 88 89
87 86 85 84
87 88 89 51
88 87 86 85
88 89 51 52
89 88 87 86
89 51 52 53
90 106 107 118
90 68 67 50
91 117 116 115
91 92 93 94
92 91 117 116
92 93 94 95
93 92 91 117
93 94 95 96
94 93 92 91
94 95 96 97
95 94 93 92
95 96 97 98
96 95 94 93
96 97 98 99
97 96 95 94
97 98 99 100
98 97 96 95
98 99 100 101
99 98 97 96
99 100 101 102
100 99 98 97
100 101 102 103
101 100 99 98
101 102 103 104
102 101 100 99
102 103 104 105
103 102 101 100
103 104 105 69
104 103 102 101
104 105 69 70
105 104 103 102
105 69 70 71
106 107 118 124
106 90 68 67
107 118 124 131
107 106 90 68
108 123 122 121
108 109 110 111
109 108 123 122
109 110 111 112
110 109 108 123
110 111 112 113
111 110 109 108
111 112 113 114
112 111 110 109
112 113 114 115
113 112 111 110
113 114 115 116
114 113 112 111
114 115 116 117
115 114 113 112
115 116 117 91
116 115 114 113
116 117 91 92
117 116 115 114
117 91 92 93
118 124 131 132
118 107 106 90
119 130 129 128
119 120 121 122
120 119 130 129
120 121 122 123
121 120 119 130
121 122 123 108
122 121 120 119
122 123 108 109
123 122 121 120
123 108 109 110
124 131 132 138
124 118 107 106
125 137 136 135
125 126 127 128
126 125 137 136
126 127 128 129
127 126 125 137
127 128 129 130
128 127 126 125
128 129 130 119
129 128 127 126
129 130 119 120
130 129 128 127
130 119 120 121
131 132 138 145
131 124 118 107
132 138 145 150
132 131 124 118
133 144 143 142
133 134 135 136
134 133 144 143
134 135 136 137
135 134 133 144
135 136 137 125
136 135 134 133
136 137 125 126
137 136 135 134
137 125 126 127
138 145 150 151
138 132 131 124
139 149 148 147
139 140 141 142
140 139 149 148
140 141 142 143
141 140 139 149
141 142 143 144
142 141 140 139
142 143 144 133
143 142 141 140
143 144 133 134
144 143 142 141
144 133 134 135
145 150 151 158
145 138 132 131
146 157 156 155
146 147 148 149
147 146 157 156
147 148 149 139
148 147 146 157
148 149 139 140
149 148 147 146
149 139 140 141
150 151 158 164
150 145 138 132
151 158 164 171
151 150 145 138
152 163 162 161
152 153 154 155
153 152 163 162
153 154 155 156
154 153 152 163
154 155 156 157
155 154 153 152
155 156 157 146
156 155 154 153
156 157 146 147
157 156 155 154
157 146 147 148
158 164 171 172
158 151 150 145
159 170 169 168
159 160 161 162
160 159 170 169
160 161 162 163
161 160 159 170
161 162 163 152
162 161 160 159
162 163 152 153
163 162 161 160
163 152 153 154
164 171 172 177
164 158 151 150
165 176 175 174
165 166 167 168
166 165 176 175
166 167 168 169
167 166 165 176
167 168 169 170
168 167 166 165
168 169 170 159
169 168 167 166
169 170 159 160
170 169 168 167
170 159 160 161
171 172 177 183
171 164 158 151
172 177 183 188
172 171 164 158
173 182 181 180
173 174 175 176
174 173 182 181
174 175 176 165
175 174 173 182
175 176 165 166
176 175 174 173
176 165 166 167
177 183 188 189
177 172 171 164
178 187 186 185
178 179 180 181
179 178 187 186
179 180 181 182
180 179 178 187
180 181 182 173
181 180 179 178
181 182 173 174
182 181 180 179
182 173 174 175
183 188 189 195
183 177 172 171
184 194 193 192
184 185 186 187
185 184 194 193
185 186 187 178
186 185 184 194
186 187 178 179
187 186 185 184
187 178 179 180
188 189 195 200
188 183 177 172
189 195 200 206
189 188 183 177
190 199 198 197
190 191 192 193
191 190 199 198
191 192 193 194
192 191 190 199
192 193 194 184
193 192 191 190
193 194 184 185
194 193 192 191
194 184 185 186
195 200 206 207
195 189 188 183
196 205 204 203
196 197 198 199
197 196 205 204
197 198 199 190
198 197 196 205
198 199 190 191
199 198 197 196
199 190 191 192
200 206 207 212
200 195 189 188
201 211 210 209
201 202 203 204
202 201 211 210
202 203 204 205
203 202 201 211
203 204 205 196
204 203 202 201
204 205 196 197
205 204 203 202
205 196 197 198
206 207 212 217
206 200 195 189
207 212 217 222
207 206 200 195
208 216 215 214
208 209 210 211
209 208 216 215
209 210 211 201
210 209 208 216
210 211 201 202
211 210 209 208
211 201 202 203
212 217 222 223
212 207 206 200
213 221 220 219
213 214 215 216
214 213 221 220
214 215 216 208
215 214 213 221
215 216 208 209
216 215 214 213
216 208 209 210
217 222 223 228
217 212 207 206
218 227 226 225
218 219 220 221
219 218 227 226
219 220 221 213
220 219 218 227
220 221 213 214
221 220 219 218
221 213 214 215
222 223 228 233
222 217 212 207
223 228 233 238
223 222 217 212
224 232 231 230
224 225 226 227
225 224 232 231
225 226 227 218
226 225 224 232
226 227 218 219
227 226 225 224
227 218 219 220
228 233 238 239
228 223 222 217
229 237 236 235
229 230 231 232
230 229 237 236
230 231 232 224
231 230 229 237
231 232 224 225
232 231 230 229
232 224 225 226
233 238 239 243
233 228 223 222
234 242 241 240
234 235 236 237
235 234 242 241
235 236 237 229
236 235 234 242
236 237 229 230
237 236 235 234
237 229 230 231
238 239 243 248
238 233 228 223
239 243 248 252
239 238 233 228
240 247 246 245
240 241 242 234
241 240 247 246
241 242 234 235
242 241 240 247
242 234 235 236
243 248 252 256
243 239 238 233
244 251 250 249
244 245 246 247
245 244 251 250
245 246 247 240
246 245 244 251
246 247 240 241
247 246 245 244
247 240 241 242
248 252 256 260
248 243 239 238
249 255 254 253
249 250 251 244
250 249 255 254
250 251 244 245
251 250 249 255
251 244 245 246
252 256 260 263
252 248 243 239
253 259 258 257
253 254 255 249
254 253 259 258
254 255 249 250
255 254 253 259
255 249 250 251
256 260 263 264
256 252 248 243
257 262 261 266
257 258 259 253
258 257 262 261
258 259 253 254
259 258 257 262
259 253 254 255
260 263 264 267
260 256 252 248
261 266 265 269
261 262 257 258
262 261 266 265
262 257 258 259
263 264 267 270
263 260 256 252
264 267 270 274
264 263 260 256
265 269 268 273
265 266 261 262
266 265 269 268
266 261 262 257
267 270 274 277
267 264 263 260
268 273 272 271
268 269 265 266
269 268 273 272
269 265 266 261
270 274 277 280
270 267 264 263
271 276 275 279
271 272 273 268
272 271 276 275
272 273 268 269
273 272 271 276
273 268 269 265
274 277 280 283
274 270 267 264
275 279 278 282
275 276 271 272
276 275 279 278
276 271 272 273
277 280 283 286
277 274 270 267
278 282 281 285
278 279 275 276
279 278 282 281
279 275 276 271
280 283 286 289
280 277 274 270
281 285 284 288
281 282 278 279
282 281 285 284
282 278 279 275
283 286 289 292
283 280 277 274
284 288 287 291
284 285 281 282
285 284 288 287
285 281 282 278
286 289 292 294
286 283 280 277
287 291 290 293
287 288 284 285
288 287 291 290
288 284 285 281
289 292 294 296
289 286 283 280
290 293 295 298
290 291 287 288
291 290 293 295
291 287 288 284
292 294 296 299
292 289 286 283
293 295 298 297
293 290 291 287
294 296 299 301
294 292 289 286
295 298 297 300
295 293 290 291
296 299 301 303
296 294 292 289
297 300 302 305
297 298 295 293
298 297 300 302
298 295 293 290
299 301 303 306
299 296 294 292
300 302 305 304
300 297 298 295
301 303 306 308
301 299 296 294
302 305 304 307
302 300 297 298
303 306 308 310
303 301 299 296
304 307 309 312
304 305 302 300
305 304 307 309
305 302 300 297
306 308 310 313
306 303 301 299
307 309 312 311
307 304 305 302
308 310 313 315
308 306 303 301
309 312 311 314
309 307 304 305
310 313 315 317
310 308 306 303
311 314 316 319
311 312 309 307
312 311 314 316
312 309 307 304
313 315 317 320
313 310 308 306
314 316 319 318
314 311 312 309
315 317 320 322
315 313 310 308
316 319 318 321
316 314 311 312
317 320 322 324
317 315 313 310
318 321 323 326
318 319 316 314
319 318 321 323
319 316 314 311
320 322 324 327
320 317 315 313
321 323 326 325
321 318 319 316
322 324 327 329
322 320 317 315
323 326 325 328
323 321 318 319
324 327 329 331
324 322 320 317
325 328 330 333
325 326 323 321
326 325 328 330
326 323 321 318
327 329 331 334
327 324 322 320
328 330 333 332
328 325 326 323
329 331 334 336
329 327 324 322
330 333 332 335
330 328 325 326
331 334 336 339
331 329 327 324
332 335 338 337
332 333 330 328
333 332 335 338
333 330 328 325
334 336 339 342
334 331 329 327
335 338 337 341
335 332 333 330
336 339 342 344
336 334 331 329
337 341 340 343
337 338 335 332
338 337 341 340
338 335 332 333
339 342 344 347
339 336 334 331
340 343 346 345
340 341 337 338
341 340 343 346
341 337 338 335
342 344 347 350
342 339 336 334
343 346 345 349
343 340 341 337
344 347 350 352
344 342 339 336
345 349 348 351
345 346 343 340
346 345 349 348
346 343 340 341
347 350 352 355
347 344 342 339
348 351 354 353
348 349 345 346
349 348 351 354
349 345 346 343
350 352 355 357
350 347 344 342
351 354 353 356
351 348 349 345
352 355 357 359
352 350 347 344
353 356 358 361
353 354 351 348
354 353 356 358
354 351 348 349
355 357 359 362
355 352 350 347
356 358 361 360
356 353 354 351
357 359 362 364
357 355 352 350
358 361 360 363
358 356 353 354
359 362 364 367
359 357 355 352
360 363 366 365
360 361 358 356
361 360 363 366
361 358 356 353
362 364 367 369
362 359 357 355
363 366 365 368
363 360 361 358
364 367 369 371
364 362 359 357
365 368 370 373
365 366 363 360
366 365 368 370
366 363 360 361
367 369 371 374
367 364 362 359
368 370 373 372
368 365 366 363
369 371 374 376
369 367 364 362
370 373 372 375
370 368 365 366
371 374 376 377
371 369 367 364
372 375 379 378
372 373 370 368
373 372 375 379
373 370 368 365
374 376 377 380
374 371 369 367
375 379 378 381
375 372 373 370
376 377 380 382
376 374 371 369
377 380 382 385
377 376 374 371
378 381 384 383
378 379 375 372
379 378 381 384
379 375 372 373
380 382 385 387
380 377 376 374
381 384 383 386
381 378 379 375
382 385 387 389
382 380 377 376
383 386 388 390
383 384 381 378
384 383 386 388
384 381 378 379
385 387 389 391
385 382 380 377
386 388 390 393
386 383 384 381
387 389 391 392
387 385 382 380
388 390 393 395
388 386 383 384
389 391 392 394
389 387 385 382
390 393 395 397
390 388 386 383
391 392 394 396
391 389 387 385
392 394 396 398
392 391 389 387
393 395 397 400
393 390 388 386
394 396 398 399
394 392 391 389
395 397 400 402
395 393 390 388
396 398 399 401
396 394 392 391
397 400 402 404
397 395 393 390
398 399 401 403
398 396 394 392
399 401 403 405
399 398 396 394
400 402 404 408
400 397 395 393
401 403 405 406
401 399 398 396
402 404 408 407
402 400 397 395
403 405 406 409
403 401 399 398
404 408 407 410
404 402 400 397
405 406 409 411
405 403 401 399
406 409 411 414
406 405 403 401
407 410 413 412
407 408 404 402
408 407 410 413
408 404 402 400
409 411 414 415
409 406 405 403
410 413 412 416
410 407 408 404
411 414 415 417
411 409 406 405
412 416 419 418
412 413 410 407
413 412 416 419
413 410 407 408
414 415 417 420
414 411 409 406
415 417 420 422
415 414 411 409
416 419 418 421
416 412 413 410
417 420 422 423
417 415 414 411
418 421 424 426
418 419 416 412
419 418 421 424
419 416 412 413
420 422 423 425
420 417 415 414
421 424 426 428
421 418 419 416
422 423 425 427
422 420 417 415
423 425 427 429
423 422 420 417
424 426 428 431
424 421 418 419
425 427 429 430
425 423 422 420
426 428 431 433
426 424 421 418
427 429 430 432
427 425 423 422
428 431 433 436
428 426 424 421
429 430 432 434
429 427 425 423
430 432 434 437
430 429 427 425
431 433 436 435
431 428 426 424
432 434 437 439
432 430 429 427
433 436 435 438
433 431 428 426
434 437 439 441
434 432 430 429
435 438 440 442
435 436 433 431
436 435 438 440
436 433 431 428
437 439 441 443
437 434 432 430
438 440 442 445
438 435 436 433
439 441 443 444
439 437 434 432
440 442 445 448
440 438 435 436
441 443 444 446
441 439 437 434
442 445 448 447
442 440 438 435
443 444 446 449
443 441 439 437
444 446 449 451
444 443 441 439
445 448 447 450
445 442 440 438
446 449 451 453
446 444 443 441
447 450 452 454
447 448 445 442
448 447 450 452
448 445 442 440
449 451 453 455
449 446 444 443
450 452 454 456
450 447 448 445
451 453 455 457
451 449 446 444
452 454 456 458
452 450 447 448
453 455 457 459
453 451 449 446
454 456 458 460
454 452 450 447
455 457 459 461
455 453 451 449
456 458 460 462
456 454 452 450
457 459 461 463
457 455 453 451
458 460 462 465
458 456 454 452
459 461 463 466
459 457 455 453
460 462 465 464
460 458 456 454
461 463 466 468
461 459 457 455
462 465 464 467
462 460 458 456
463 466 468 470
463 461 459 457
464 467 469 472
464 465 462 460
465 464 467 469
465 462 460 458
466 468 470 473
466 463 461 459
467 469 472 471
467 464 465 462
468 470 473 475
468 466 463 461
469 472 471 474
469 467 464 465
470 473 475 477
470 468 466 463
471 474 476 479
471 472 469 467
472 471 474 476
472 469 467 464
473 475 477 480
473 470 468 466
474 476 479 478
474 471 472 469
475 477 480 482
475 473 470 468
476 479 478 481
476 474 471 472
477 480 482 484
477 475 473 470
478 481 483 486
478 479 476 474
479 478 481 483
479 476 474 471
480 482 484 487
480 477 475 473
481 483 486 485
481 478 479 476
482 484 487 489
482 480 477 475
483 486 485 488
483 481 478 479
484 487 489 491
484 482 480 477
485 488 490 493
485 486 483 481
486 485 488 490
486 483 481 478
487 489 491 494
487 484 482 480
488 490 493 492
488 485 486 483
489 491 494 496
489 487 484 482
490 493 492 495
490 488 485 486
491 494 496 498
491 489 487 484
492 495 497 499
492 493 490 488
493 492 495 497
493 490 488 485
494 496 498 500
494 491 489 487
495 497 499 501
495 492 493 490
496 498 500 502
496 494 491 489
497 499 501 503
497 495 492 493
498 500 502 504
498 496 494 491
499 501 503 505
499 497 495 492
500 502 504 506
500 498 496 494
501 503 505 508
501 499 497 495
502 504 506 510
502 500 498 496
503 505 508 507
503 501 499 497
504 506 510 513
504 502 500 498
505 508 507 511
505 503 501 499
506 510 513 516
506 504 502 500
507 511 514 517
507 508 505 503
508 507 511 514
508 505 503 501
509 512 515 518
510 513 516 519
510 506 504 502
511 514 517 520
511 507 508 505
512 515 518 521
513 516 519 522
513 510 506 504
514 517 520 523
514 511 507 508
515 518 521 524
515 512 509 -1
516 519 522 525
516 513 510 506
517 520 523 526
517 514 511 507
518 521 524 527
518 515 512 509
519 522 525 528
519 516 513 510
520 523 526 529
520 517 514 511
521 524 527 530
521 518 515 512
522 525 528 531
522 519 516 513
523 526 529 532
523 520 517 514
524 527 530 533
524 521 518 515
525 528 531 534
525 522 519 516
526 529 532 535
526 523 520 517
527 530 533 536
527 524 521 518
528 531 534 537
528 525 522 519
529 532 535 538
529 526 523 520
530 533 536 540
530 527 524 521
531 534 537 541
531 528 525 522
532 535 538 542
532 529 526 523
533 536 540 539
533 530 527 524
534 537 541 544
534 531 528 525
535 538 542 545
535 532 529 526
536 540 539 543
536 533 530 527
537 541 544 547
537 534 531 528
538 542 545 548
538 535 532 529
539 543 546 549
539 540 536 533
540 539 543 546
540 536 533 530
541 544 547 550
541 537 534 531
542 545 548 551
542 538 535 532
543 546 549 552
543 539 540 536
544 547 550 553
544 541 537 534
545 548 551 554
545 542 538 535
546 549 552 555
546 543 539 540
547 550 553 556
547 544 541 537
548 551 554 558
548 545 542 538
549 552 555 560
549 546 543 539
550 553 556 557
550 547 544 541
551 554 558 562
551 548 545 542
552 555 560 559
552 549 546 543
553 556 557 561
553 550 547 544
554 558 562 565
554 551 548 545
555 560 559 563
555 552 549 546
556 557 561 564
556 553 550 547
557 561 564 567
557 556 553 550
558 562 565 568
558 554 551 548
559 563 566 569
559 560 555 552
560 559 563 566
560 555 552 549
561 564 567 570
561 557 556 553
562 565 568 572
562 558 554 551
563 566 569 573
563 559 560 555
564 567 570 574
564 561 557 556
565 568 572 571
565 562 558 554
566 569 573 577
566 563 559 560
567 570 574 578
567 564 561 557
568 572 571 575
568 565 562 558
569 573 577 576
569 566 563 559
570 574 578 579
570 567 564 561
571 575 580 583
571 572 568 565
572 571 575 580
572 568 565 562
573 577 576 581
573 569 566 563
574 578 579 582
574 570 567 564
575 580 583 587
575 571 572 568
576 581 585 584
576 577 573 569
577 576 581 585
577 573 569 566
578 579 582 586
578 574 570 567
579 582 586 589
579 578 574 570
580 583 587 591
580 575 571 572
581 585 584 588
581 576 577 573
582 586 589 590
582 579 578 574
583 587 591 595
583 580 575 571
584 588 593 592
584 585 581 576
585 584 588 593
585 581 576 577
586 589 590 594
586 582 579 578
587 591 595 598
587 583 580 575
588 593 592 596
588 584 585 581
589 590 594 597
589 586 582 579
590 594 597 600
590 589 586 582
591 595 598 602
591 587 583 580
592 596 599 603
592 593 588 584
593 592 596 599
593 588 584 585
594 597 600 601
594 590 589 586
595 598 602 605
595 591 587 583
596 599 603 606
596 592 593 588
597 600 601 604
597 594 590 589
598 602 605 608
598 595 591 587
599 603 606 609
599 596 592 593
600 601 604 607
600 597 594 590
601 604 607 610
601 600 597 594
602 605 608 612
602 598 595 591
603 606 609 613
603 599 596 592
604 607 610 611
604 601 600 597
605 608 612 615
605 602 598 595
606 609 613 617
606 603 599 596
607 610 611 614
607 604 601 600
608 612 615 619
608 605 602 598
609 613 617 616
609 606 603 599
610 611 614 618
610 607 604 601
611 614 618 621
611 610 607 604
612 615 619 624
612 608 605 602
613 617 616 620
613 609 606 603
614 618 621 622
614 611 610 607
615 619 624 623
615 612 608 605
616 620 625 628
616 617 613 609
617 616 620 625
617 613 609 606
618 621 622 626
618 614 611 610
619 624 623 627
619 615 612 608
620 625 628 631
620 616 617 613
621 622 626 629
621 618 614 611
622 626 629 632
622 621 618 614
623 627 630 634
623 624 619 615
624 623 627 630
624 619 615 612
625 628 631 636
625 620 616 617
626 629 632 633
626 622 621 618
627 630 634 638
627 623 624 619
628 631 636 635
628 625 620 616
629 632 633 637
629 626 622 621
630 634 638 641
630 627 623 624
631 636 635 639
631 628 625 620
632 633 637 640
632 629 626 622
633 637 640 643
633 632 629 626
634 638 641 645
634 630 627 623
635 639 642 646
635 636 631 628
636 635 639 642
636 631 628 625
637 640 643 644
637 633 632 629
638 641 645 648
638 634 630 627
639 642 646 649
639 635 636 631
640 643 644 647
640 637 633 632
641 645 648 651
641 638 634 630
642 646 649 652
642 639 635 636
643 644 647 650
643 640 637 633
644 647 650 653
644 643 640 637
645 648 651 655
645 641 638 634
646 649 652 656
646 642 639 635
647 650 653 654
647 644 643 640
648 651 655 658
648 645 641 638
649 652 656 659
649 646 642 639
650 653 654 657
650 647 644 643
651 655 658 661
651 648 645 641
652 656 659 662
652 649 646 642
653 654 657 660
653 650 647 644
654 657 660 663
654 653 650 647
655 658 661 664
655 651 648 645
656 659 662 666
656 652 649 646
657 660 663 667
657 654 653 650
658 661 664 668
658 655 651 648
659 662 666 665
659 656 652 649
660 663 667 670
660 657 654 653
661 664 668 671
661 658 655 651
662 666 665 669
662 659 656 652
663 667 670 673
663 660 657 654
664 668 671 675
664 661 658 655
665 669 672 676
665 666 662 659
666 665 669 672
666 662 659 656
667 670 673 674
667 663 660 657
668 671 675 678
668 664 661 658
669 672 676 679
669 665 666 662
670 673 674 677
670 667 663 660
671 675 678 681
671 668 664 661
672 676 679 682
672 669 665 666
673 674 677 680
673 670 667 663
674 677 680 683
674 673 670 667
675 678 681 684
675 671 668 664
676 679 682 685
676 672 669 665
677 680 683 686
677 674 673 670
678 681 684 688
678 675 671 668
679 682 685 689
679 676 672 669
680 683 686 690
680 677 674 673
681 684 688 687
681 678 675 671
682 685 689 692
682 679 676 672
683 686 690 693
683 680 677 674
684 688 687 691
684 681 678 675
685 689 692 695
685 682 679 676
686 690 693 696
686 683 680 677
687 691 694 697
687 688 684 681
688 687 691 694
688 684 681 678
689 692 695 698
689 685 682 679
690 693 696 699
690 686 683 680
691 694 697 700
691 687 688 684
692 695 698 701
692 689 685 682
693 696 699 702
693 690 686 683
694 697 700 703
694 691 687 688
695 698 701 704
695 692 689 685
696 699 702 705
696 693 690 686
697 700 703 706
697 694 691 687
698 701 704 707
698 695 692 689
699 702 705 708
699 696 693 690
700 703 706 709
700 697 694 691
701 704 707 710
701 698 695 692
702 705 708 711
702 699 696 693
703 706 709 712
703 700 697 694
704 707 710 713
704 701 698 695
705 708 711 714
705 702 699 696
706 709 712 715
706 703 700 697
707 710 713 716
707 704 701 698
708 711 714 717
708 705 702 699
709 712 715 718
709 706 703 700
710 713 716 719
710 707 704 701
711 714 717 720
711 708 705 702
712 715 718 721
712 709 706 703
713 716 719 722
713 710 707 704
714 717 720 723
714 711 708 705
715 718 721 724
715 712 709 706
716 719 722 725
716 713 710 707
717 720 723 726
717 714 711 708
718 721 724 727
718 715 712 709
719 722 725 728
719 716 713 710
720 723 726 729
720 717 714 711
721 724 727 730
721 718 715 712
722 725 728 736
722 719 716 713
723 726 729 731
723 720 717 714
724 727 730 732
724 721 718 715
725 728 736 739
725 722 719 716
726 729 731 733
726 723 720 717
727 730 732 735
727 724 721 718
728 736 739 743
728 725 722 719
729 731 733 737
729 726 723 720
730 732 735 734
730 727 724 721
731 733 737 741
731 729 726 723
732 735 734 738
732 730 727 724
733 737 741 740
733 731 729 726
734 738 742 745
734 735 732 730
735 734 738 742
735 732 730 727
736 739 743 746
736 728 725 722
737 741 740 744
737 733 731 729
738 742 745 748
738 734 735 732
739 743 746 749
739 736 728 725
740 744 747 750
740 741 737 733
741 740 744 747
741 737 733 731
742 745 748 751
742 738 734 735
743 746 749 752
743 739 736 728
744 747 750 753
744 740 741 737
745 748 751 754
745 742 738 734
746 749 752 755
746 743 739 736
747 750 753 756
747 744 740 741
748 751 754 757
748 745 742 738
749 752 755 758
749 746 743 739
750 753 756 759
750 747 744 740
751 754 757 760
751 748 745 742
752 755 758 761
752 749 746 743
753 756 759 762
753 750 747 744
754 757 760 763
754 751 748 745
755 758 761 764
755 752 749 746
756 759 762 765
756 753 750 747
757 760 763 766
757 754 751 748
758 761 764 -1
758 755 752 749
759 762 765 767
759 756 753 750
760 763 766 768
760 757 754 751
761 758 755 752
762 765 767 769
762 759 756 753
763 766 768 770
763 760 757 754
764 761 758 755
765 767 769 771
765 762 759 756
766 768 770 772
766 763 760 757
767 769 771 773
767 765 762 759
768 770 772 774
768 766 763 760
769 771 773 775
769 767 765 762
770 772 774 776
770 768 766 763
771 773 775 777
771 769 767 765
772 774 776 778
772 770 768 766
773 775 777 779
773 771 769 767
774 776 778 780
774 772 770 768
775 777 779 781
775 773 771 769
776 778 780 782
776 774 772 770
777 779 781 784
777 775 773 771
778 780 782 785
778 776 774 772
779 781 784 787
779 777 775 773
780 782 785 788
780 778 776 774
781 784 787 790
781 779 777 775
782 785 788 791
782 780 778 776
783 786 789 792
784 787 790 793
784 781 779 777
785 788 791 794
785 782 780 778
786 789 792 795
787 790 793 796
787 784 781 779
788 791 794 797
788 785 782 780
789 792 795 798
789 786 783 -1
790 793 796 799
790 787 784 781
791 794 797 800
791 788 785 782
792 795 798 801
792 789 786 783
793 796 799 802
793 790 787 784
794 797 800 803
794 791 788 785
795 798 801 804
795 792 789 786
796 799 802 805
796 793 790 787
797 800 803 806
797 794 791 788
798 801 804 -1
798 795 792 789
799 802 805 807
799 796 793 790
800 803 806 808
800 797 794 791
801 798 795 792
802 805 807 809
802 799 796 793
803 806 808 810
803 800 797 794
804 801 798 795
805 807 809 811
805 802 799 796
806 808 810 812
806 803 800 797
807 809 811 813
807 805 802 799
808 810 812 814
808 806 803 800
809 811 813 815
809 807 805 802
810 812 814 816
810 808 806 803
811 813 815 817
811 809 807 805
812 814 816 818
812 810 808 806
813 815 817 819
813 811 809 807
814 816 818 820
814 812 810 808
815 817 819 821
815 813 811 809
816 818 820 822
816 814 812 810
817 819 821 823
817 815 813 811
818 820 822 824
818 816 814 812
819 821 823 825
819 817 815 813
820 822 824 826
820 818 816 814
821 823 825 827
821 819 817 815
822 824 826 828
822 820 818 816
823 825 827 829
823 821 819 817
824 826 828 830
824 822 820 818
825 827 829 831
825 823 821 819
826 828 830 832
826 824 822 820
827 829 831 833
827 825 823 821
828 830 832 834
828 826 824 822
829 831 833 835
829 827 825 823
830 832 834 836
830 828 826 824
831 833 835 837
831 829 827 825
832 834 836 838
832 830 828 826
833 835 837 839
833 831 829 827
834 836 838 840
834 832 830 828
835 837 839 841
835 833 831 829
836 838 840 842
836 834 832 830
837 839 841 843
837 835 833 831
838 840 842 844
838 836 834 832
839 841 843 845
839 837 835 833
840 842 844 846
840 838 836 834
841 843 845 847
841 839 837 835
842 844 846 848
842 840 838 836
843 845 847 849
843 841 839 837
844 846 848 850
844 842 840 838
845 847 849 851
845 843 841 839
846 848 850 852
846 844 842 840
847 849 851 853
847 845 843 841
848 850 852 854
848 846 844 842
849 851 853 855
849 847 845 843
850 852 854 856
850 848 846 844
851 853 855 857
851 849 847 845
852 854 856 858
852 850 848 846
853 855 857 859
853 851 849 847
854 856 858 860
854 852 850 848
855 857 859 861
855 853 851 849
856 858 860 862
856 854 852 850
857 859 861 863
857 855 853 851
858 860 862 864
858 856 854 852
859 861 863 865
859 857 855 853
860 862 864 866
860 858 856 854
861 863 865 867
861 859 857 855
862 864 866 868
862 860 858 856
863 865 867 869
863 861 859 857
864 866 868 870
864 862 860 858
865 867 869 871
865 863 861 859
866 868 870 872
866 864 862 860
867 869 871 873
867 865 863 861
868 870 872 874
868 866 864 862
869 871 873 875
869 867 865 863
870 872 874 876
870 868 866 864
871 873 875 877
871 869 867 865
872 874 876 878
872 870 868 866
873 875 877 879
873 871 869 867
874 876 878 880
874 872 870 868
875 877 879 881
875 873 871 869
876 878 880 882
876 874 872 870
877 879 881 883
877 875 873 871
878 880 882 884
878 876 874 872
879 881 883 885
879 877 875 873
880 882 884 886
880 878 876 874
881 883 885 887
881 879 877 875
882 884 886 888
882 880 878 876
883 885 887 889
883 881 879 877
884 886 888 890
884 882 880 878
885 887 889 891
885 883 881 879
886 888 890 892
886 884 882 880
887 889 891 893
887 885 883 881
888 890 892 894
888 886 884 882
889 891 893 895
889 887 885 883
890 892 894 896
890 888 886 884
891 893 895 897
891 889 887 885
892 894 896 898
892 890 888 886
893 895 897 899
893 891 889 887
894 896 898 900
894 892 890 888
895 897 899 901
895 893 891 889
896 898 900 902
896 894 892 890
897 899 901 903
897 895 893 891
898 900 902 904
898 896 894 892
899 901 903 905
899 897 895 893
900 902 904 906
900 898 896 894
901 903 905 907
901 899 897 895
902 904 906 908
902 900 898 896
903 905 907 909
903 901 899 897
904 906 908 910
904 902 900 898
905 907 909 912
905 903 901 899
906 908 910 913
906 904 902 900
907 909 912 914
907 905 903 901
908 910 913 915
908 906 904 902
909 912 914 916
909 907 905 903
910 913 915 917
910 908 906 904
912 914 916 918
912 909 907 905
913 915 917 919
913 910 908 906
914 916 918 920
914 912 909 907
915 917 919 921
915 913 910 908
916 918 920 922
916 914 912 909
917 919 921 923
917 915 913 910
918 920 922 924
918 916 914 912
919 921 923 925
919 917 915 913
920 922 924 926
920 918 916 914
921 923 925 927
921 919 917 915
922 924 926 928
922 920 918 916
923 925 927 929
923 921 919 917
924 926 928 930
924 922 920 918
925 927 929 931
925 923 921 919
926 928 930 932
926 924 922 920
927 929 931 933
927 925 923 921
928 930 932 934
928 926 924 922
929 931 933 935
929 927 925 923
930 932 934 936
930 928 926 924
931 933 935 937
931 929 927 925
932 934 936 938
932 930 928 926
933 935 937 939
933 931 929 927
934 936 938 940
934 932 930 928
935 937 939 941
935 933 931 929
936 938 940 942
936 934 932 930
937 939 941 943
937 935 933 931
938 940 942 945
938 936 934 932
939 941 943 946
939 937 935 933
940 942 945 948
940 938 936 934
941 943 946 949
941 939 937 935
942 945 948 951
942 940 938 936
943 946 949 952
943 941 939 937
944 947 950 -1
945 948 951 953
945 942 940 938
946 949 952 954
946 943 941 939
948 951 953 955
948 945 942 940
949 952 954 956
949 946 943 941
950 947 944 -1
951 953 955 957
951 948 945 942
952 954 956 958
952 949 946 943
953 955 957 959
953 951 948 945
954 956 958 960
954 952 949 946
955 957 959 961
955 953 951 948
956 958 960 962
956 954 952 949
957 959 961 963
957 955 953 951
958 960 962 964
958 956 954 952
959 961 963 965
959 957 955 953
960 962 964 966
960 958 956 954
961 963 965 967
961 959 957 955
962 964 966 968
962 960 958 956
963 965 967 969
963 961 959 957
964 966 968 970
964 962 960 958
965 967 969 971
965 963 961 959
966 968 970 972
966 964 962 960
967 969 971 973
967 965 963 961
968 970 972 974
968 966 964 962
969 971 973 975
969 967 965 963
970 972 974 976
970 968 966 964
971 973 975 977
971 969 967 965
972 974 976 978
972 970 968 966
973 975 977 979
973 971 969 967
974 976 978 980
974 972 970 968
975 977 979 981
975 973 971 969
976 978 980 982
976 974 972 970
977 979 981 983
977 975 973 971
978 980 982 984
978 976 974 972
979 981 983 985
979 977 975 973
980 982 984 986
980 978 976 974
981 983 985 987
981 979 977 975
982 984 986 988
982 980 978 976
983 985 987 989
983 981 979 977
984 986 988 990
984 982 980 978
985 987 989 991
985 983 981 979
986 988 990 992
986 984 982 980
987 989 991 993
987 985 983 981
988 990 992 994
988 986 984 982
989 991 993 995
989 987 985 983
990 992 994 996
990 988 986 984
991 993 995 997
991 989 987 985
992 994 996 998
992 990 988 986
993 995 997 999
993 991 989 987
994 996 998 1000
994 992 990 988
995 997 999 1001
995 993 991 989
996 998 1000 1002
996 994 992 990
997 999 1001 1003
997 995 993 991
998 1000 1002 1004
998 996 994 992
999 1001 1003 1005
999 997 995 993
1000 1002 1004 1006
1000 998 996 994
1001 1003 1005 1007
1001 999 997 995
1002 1004 1006 1008
1002 1000 998 996
1003 1005 1007 1009
1003 1001 999 997
1004 1006 1008 1010
1004 1002 1000 998
1005 1007 1009 1011
1005 1003 1001 999
1006 1008 1010 1012
1006 1004 1002 1000
1007 1009 1011 1013
1007 1005 1003 1001
1008 1010 1012 1014
1008 1006 1004 1002
1009 1011 1013 1015
1009 1007 1005 1003
1010 1012 1014 1016
1010 1008 1006 1004
1011 1013 1015 1017
1011 1009 1007 1005
1012 1014 1016 1018
1012 1010 1008 1006
1013 1015 1017 1019
1013 1011 1009 1007
1014 1016 1018 1020
1014 1012 1010 1008
1015 1017 1019 1021
1015 1013 1011 1009
1016 1018 1020 1022
1016 1014 1012 1010
1017 1019 1021 1023
1017 1015 1013 1011
1018 1020 1022 1024
1018 1016 1014 1012
1019 1021 1023 1026
1019 1017 1015 1013
1020 1022 1024 1027
1020 1018 1016 1014
1021 1023 1026 1025
1021 1019 1017 1015
1022 1024 1027 1029
1022 1020 1018 1016
1023 1026 1025 1028
1023 1021 1019 1017
1024 1027 1029 1031
1024 1022 1020 1018
1025 1028 1030 1032
1025 1026 1023 1021
1026 1025 1028 1030
1026 1023 1021 1019
1027 1029 1031 1033
1027 1024 1022 1020
1028 1030 1032 1034
1028 1025 1026 1023
1029 1031 1033 1035
1029 1027 1024 1022
1030 1032 1034 1036
1030 1028 1025 1026
1031 1033 1035 1037
1031 1029 1027 1024
1032 1034 1036 1038
1032 1030 1028 1025
1033 1035 1037 1039
1033 1031 1029 1027
1034 1036 1038 1040
1034 1032 1030 1028
1035 1037 1039 1041
1035 1033 1031 1029
1036 1038 1040 1042
1036 1034 1032 1030
1037 1039 1041 1043
1037 1035 1033 1031
1038 1040 1042 1044
1038 1036 1034 1032
1039 1041 1043 1045
1039 1037 1035 1033
1040 1042 1044 1046
1040 1038 1036 1034
1041 1043 1045 1047
1041 1039 1037 1035
1042 1044 1046 1048
1042 1040 1038 1036
1043 1045 1047 1049
1043 1041 1039 1037
1044 1046 1048 1050
1044 1042 1040 1038
1045 1047 1049 1051
1045 1043 1041 1039
1046 1048 1050 1052
1046 1044 1042 1040
1047 1049 1051 1053
1047 1045 1043 1041
1048 1050 1052 1054
1048 1046 1044 1042
1049 1051 1053 1055
1049 1047 1045 1043
1050 1052 1054 1056
1050 1048 1046 1044
1051 1053 1055 1057
1051 1049 1047 1045
1052 1054 1056 1058
1052 1050 1048 1046
1053 1055 1057 1059
1053 1051 1049 1047
1054 1056 1058 1060
1054 1052 1050 1048
1055 1057 1059 1061
1055 1053 1051 1049
1056 1058 1060 1063
1056 1054 1052 1050
1057 1059 1061 1062
1057 1055 1053 1051
1058 1060 1063 1065
1058 1056 1054 1052
1059 1061 1062 1064
1059 1057 1055 1053
1060 1063 1065 1067
1060 1058 1056 1054
1061 1062 1064 1066
1061 1059 1057 1055
1062 1064 1066 1068
1062 1061 1059 1057
1063 1065 1067 1069
1063 1060 1058 1056
1064 1066 1068 1070
1064 1062 1061 1059
1065 1067 1069 1071
1065 1063 1060 1058
1066 1068 1070 1072
1066 1064 1062 1061
1067 1069 1071 1073
1067 1065 1063 1060
1068 1070 1072 1074
1068 1066 1064 1062
1069 1071 1073 1075
1069 1067 1065 1063
1070 1072 1074 1076
1070 1068 1066 1064
1071 1073 1075 1077
1071 1069 1067 1065
1072 1074 1076 1078
1072 1070 1068 1066
1073 1075 1077 1079
1073 1071 1069 1067
1074 1076 1078 1080
1074 1072 1070 1068
1075 1077 1079 1081
1075 1073 1071 1069
1076 1078 1080 1082
1076 1074 1072 1070
1077 1079 1081 1083
1077 1075 1073 1071
1078 1080 1082 1084
1078 1076 1074 1072
1079 1081 1083 1085
1079 1077 1075 1073
1080 1082 1084 1086
1080 1078 1076 1074
1081 1083 1085 1087
1081 1079 1077 1075
1082 1084 1086 1088
1082 1080 1078 1076
1083 1085 1087 1090
1083 1081 1079 1077
1084 1086 1088 1089
1084 1082 1080 1078
1085 1087 1090 1092
1085 1083 1081 1079
1086 1088 1089 1091
1086 1084 1082 1080
1087 1090 1092 1094
1087 1085 1083 1081
1088 1089 1091 1093
1088 1086 1084 1082
1089 1091 1093 1095
1089 1088 1086 1084
1090 1092 1094 1096
1090 1087 1085 1083
1091 1093 1095 1097
1091 1089 1088 1086
1092 1094 1096 1098
1092 1090 1087 1085
1093 1095 1097 1099
1093 1091 1089 1088
1094 1096 1098 1100
1094 1092 1090 1087
1095 1097 1099 1101
1095 1093 1091 1089
1096 1098 1100 1102
1096 1094 1092 1090
1097 1099 1101 1103
1097 1095 1093 1091
1098 1100 1102 1104
1098 1096 1094 1092
1099 1101 1103 1105
1099 1097 1095 1093
1100 1102 1104 1106
1100 1098 1096 1094
1101 1103 1105 1107
1101 1099 1097 1095
1102 1104 1106 1108
1102 1100 1098 1096
1103 1105 1107 1109
1103 1101 1099 1097
1104 1106 1108 1110
1104 1102 1100 1098
1105 1107 1109 1111
1105 1103 1101 1099
1106 1108 1110 1112
1106 1104 1102 1100
1107 1109 1111 1113
1107 1105 1103 1101
1108 1110 1112 1114
1108 1106 1104 1102
1109 1111 1113 1115
1109 1107 1105 1103
1110 1112 1114 1116
1110 1108 1106 1104
1111 1113 1115 1117
1111 1109 1107 1105
1112 1114 1116 1119
1112 1110 1108 1106
1113 1115 1117 1118
1113 1111 1109 1107
1114 1116 1119 1121
1114 1112 1110 1108
1115 1117 1118 1120
1115 1113 1111 1109
1116 1119 1121 1123
1116 1114 1112 1110
1117 1118 1120 1122
1117 1115 1113 1111
1118 1120 1122 1124
1118 1117 1115 1113
1119 1121 1123 1126
1119 1116 1114 1112
1120 1122 1124 1125
1120 1118 1117 1115
1121 1123 1126 1128
1121 1119 1116 1114
1122 1124 1125 1127
1122 1120 1118 1117
1123 1126 1128 1130
1123 1121 1119 1116
1124 1125 1127 1129
1124 1122 1120 1118
1125 1127 1129 1131
1125 1124 1122 1120
1126 1128 1130 1132
1126 1123 1121 1119
1127 1129 1131 1133
1127 1125 1124 1122
1128 1130 1132 1134
1128 1126 1123 1121
1129 1131 1133 1135
1129 1127 1125 1124
1130 1132 1134 1136
1130 1128 1126 1123
1131 1133 1135 1137
1131 1129 1127 1125
1132 1134 1136 1139
1132 1130 1128 1126
1133 1135 1137 1138
1133 1131 1129 1127
1134 1136 1139 1141
1134 1132 1130 1128
1135 1137 1138 1140
1135 1133 1131 1129
1136 1139 1141 1143
1136 1134 1132 1130
1137 1138 1140 1142
1137 1135 1133 1131
1138 1140 1142 1144
1138 1137 1135 1133
1139 1141 1143 1146
1139 1136 1134 1132
1140 1142 1144 1145
1140 1138 1137 1135
1141 1143 1146 1148
1141 1139 1136 1134
1142 1144 1145 1147
1142 1140 1138 1137
1143 1146 1148 1150
1143 1141 1139 1136
1144 1145 1147 1149
1144 1142 1140 1138
1145 1147 1149 1151
1145 1144 1142 1140
1146 1148 1150 1152
1146 1143 1141 1139
1147 1149 1151 1153
1147 1145 1144 1142
1148 1150 1152 1154
1148 1146 1143 1141
1149 1151 1153 1155
1149 1147 1145 1144
1150 1152 1154 1156
1150 1148 1146 1143
1151 1153 1155 1157
1151 1149 1147 1145
1152 1154 1156 1158
1152 1150 1148 1146
1153 1155 1157 1159
1153 1151 1149 1147
1154 1156 1158 1160
1154 1152 1150 1148
1155 1157 1159 1161
1155 1153 1151 1149
1156 1158 1160 1163
1156 1154 1152 1150
1157 1159 1161 1162
1157 1155 1153 1151
1158 1160 1163 1165
1158 1156 1154 1152
1159 1161 1162 1164
1159 1157 1155 1153
1160 1163 1165 1167
1160 1158 1156 1154
1161 1162 1164 1166
1161 1159 1157 1155
1162 1164 1166 1168
1162 1161 1159 1157
1163 1165 1167 1169
1163 1160 1158 1156
1164 1166 1168 1170
1164 1162 1161 1159
1165 1167 1169 1171
1165 1163 1160 1158
1166 1168 1170 1172
1166 1164 1162 1161
1167 1169 1171 1174
1167 1165 1163 1160
1168 1170 1172 1173
1168 1166 1164 1162
1169 1171 1174 1176
1169 1167 1165 1163
1170 1172 1173 1175
1170 1168 1166 1164
1171 1174 1176 1179
1171 1169 1167 1165
1172 1173 1175 1177
1172 1170 1168 1166
1173 1175 1177 1178
1173 1172 1170 1168
1174 1176 1179 1181
1174 1171 1169 1167
1175 1177 1178 1180
1175 1173 1172 1170
1176 1179 1181 1183
1176 1174 1171 1169
1177 1178 1180 1182
1177 1175 1173 1172
1178 1180 1182 1184
1178 1177 1175 1173
1179 1181 1183 1185
1179 1176 1174 1171
1180 1182 1184 1186
1180 1178 1177 1175
1181 1183 1185 1187
1181 1179 1176 1174
1182 1184 1186 1188
1182 1180 1178 1177
1183 1185 1187 1189
1183 1181 1179 1176
1184 1186 1188 1190
1184 1182 1180 1178
1185 1187 1189 1191
1185 1183 1181 1179
1186 1188 1190 1192
1186 1184 1182 1180
1187 1189 1191 1194
1187 1185 1183 1181
1188 1190 1192 1193
1188 1186 1184 1182
1189 1191 1194 1196
1189 1187 1185 1183
1190 1192 1193 1195
1190 1188 1186 1184
1191 1194 1196 1199
1191 1189 1187 1185
1192 1193 1195 1197
1192 1190 1188 1186
1193 1195 1197 1198
1193 1192 1190 1188
1194 1196 1199 1201
1194 1191 1189 1187
1195 1197 1198 1200
1195 1193 1192 1190
1196 1199 1201 1204
1196 1194 1191 1189
1197 1198 1200 1202
1197 1195 1193 1192
1198 1200 1202 1203
1198 1197 1195 1193
1199 1201 1204 1206
1199 1196 1194 1191
1200 1202 1203 1205
1200 1198 1197 1195
1201 1204 1206 1209
1201 1199 1196 1194
1202 1203 1205 1207
1202 1200 1198 1197
1203 1205 1207 1208
1203 1202 1200 1198
1204 1206 1209 1211
1204 1201 1199 1196
1205 1207 1208 1210
1205 1203 1202 1200
1206 1209 1211 1214
1206 1204 1201 1199
1207 1208 1210 1212
1207 1205 1203 1202
1208 1210 1212 1213
1208 1207 1205 1203
1209 1211 1214 1216
1209 1206 1204 1201
1210 1212 1213 1215
1210 1208 1207 1205
1211 1214 1216 1220
1211 1209 1206 1204
1212 1213 1215 1217
1212 1210 1208 1207
1213 1215 1217 1218
1213 1212 1210 1208
1214 1216 1220 1219
1214 1211 1209 1206
1215 1217 1218 1221
1215 1213 1212 1210
1216 1220 1219 1222
1216 1214 1211 1209
1217 1218 1221 1223
1217 1215 1213 1212
1218 1221 1223 1224
1218 1217 1215 1213
1219 1222 1225 1227
1219 1220 1216 1214
1220 1219 1222 1225
1220 1216 1214 1211
1221 1223 1224 1226
1221 1218 1217 1215
1222 1225 1227 1230
1222 1219 1220 1216
1223 1224 1226 1228
1223 1221 1218 1217
1224 1226 1228 1229
1224 1223 1221 1218
1225 1227 1230 1232
1225 1222 1219 1220
1226 1228 1229 1231
1226 1224 1223 1221
1227 1230 1232 1234
1227 1225 1222 1219
1228 1229 1231 1233
1228 1226 1224 1223
1229 1231 1233 1235
1229 1228 1226 1224
1230 1232 1234 1236
1230 1227 1225 1222
1231 1233 1235 1237
1231 1229 1228 1226
1232 1234 1236 1238
1232 1230 1227 1225
1233 1235 1237 1239
1233 1231 1229 1228
1234 1236 1238 1241
1234 1232 1230 1227
1235 1237 1239 1240
1235 1233 1231 1229
1236 1238 1241 1243
1236 1234 1232 1230
1237 1239 1240 1242
1237 1235 1233 1231
1238 1241 1243 1246
1238 1236 1234 1232
1239 1240 1242 1244
1239 1237 1235 1233
1240 1242 1244 1245
1240 1239 1237 1235
1241 1243 1246 1248
1241 1238 1236 1234
1242 1244 1245 1247
1242 1240 1239 1237
1243 1246 1248 1251
1243 1241 1238 1236
1244 1245 1247 1249
1244 1242 1240 1239
1245 1247 1249 1252
1245 1244 1242 1240
1246 1248 1251 1250
1246 1243 1241 1238
1247 1249 1252 1253
1247 1245 1244 1242
1248 1251 1250 1254
1248 1246 1243 1241
1249 1252 1253 1255
1249 1247 1245 1244
1250 1254 1257 1256
1250 1251 1248 1246
1251 1250 1254 1257
1251 1248 1246 1243
1252 1253 1255 1258
1252 1249 1247 1245
1253 1255 1258 1261
1253 1252 1249 1247
1254 1257 1256 1260
1254 1250 1251 1248
1255 1258 1261 1262
1255 1253 1252 1249
1256 1260 1259 1264
1256 1257 1254 1250
1257 1256 1260 1259
1257 1254 1250 1251
1258 1261 1262 1265
1258 1255 1253 1252
1259 1264 1263 1267
1259 1260 1256 1257
1260 1259 1264 1263
1260 1256 1257 1254
1261 1262 1265 1268
1261 1258 1255 1253
1262 1265 1268 1271
1262 1261 1258 1255
1263 1267 1266 1270
1263 1264 1259 1260
1264 1263 1267 1266
1264 1259 1260 1256
1265 1268 1271 1272
1265 1262 1261 1258
1266 1270 1269 1275
1266 1267 1263 1264
1267 1266 1270 1269
1267 1263 1264 1259
1268 1271 1272 1276
1268 1265 1262 1261
1269 1275 1274 1273
1269 1270 1266 1267
1270 1269 1275 1274
1270 1266 1267 1263
1271 1272 1276 1279
1271 1268 1265 1262
1272 1276 1279 1282
1272 1271 1268 1265
1273 1278 1277 1281
1273 1274 1275 1269
1274 1273 1278 1277
1274 1275 1269 1270
1275 1274 1273 1278
1275 1269 1270 1266
1276 1279 1282 1283
1276 1272 1271 1268
1277 1281 1280 1285
1277 1278 1273 1274
1278 1277 1281 1280
1278 1273 1274 1275
1279 1282 1283 1286
1279 1276 1272 1271
1280 1285 1284 1288
1280 1281 1277 1278
1281 1280 1285 1284
1281 1277 1278 1273
1282 1283 1286 1289
1282 1279 1276 1272
1283 1286 1289 1292
1283 1282 1279 1276
1284 1288 1287 1291
1284 1285 1280 1281
1285 1284 1288 1287
1285 1280 1281 1277
1286 1289 1292 1293
1286 1283 1282 1279
1287 1291 1290 1295
1287 1288 1284 1285
1288 1287 1291 1290
1288 1284 1285 1280
1289 1292 1293 1296
1289 1286 1283 1282
1290 1295 1294 1299
1290 1291 1287 1288
1291 1290 1295 1294
1291 1287 1288 1284
1292 1293 1296 1297
1292 1289 1286 1283
1293 1296 1297 1300
1293 1292 1289 1286
1294 1299 1298 1302
1294 1295 1290 1291
1295 1294 1299 1298
1295 1290 1291 1287
1296 1297 1300 1303
1296 1293 1292 1289
1297 1300 1303 1304
1297 1296 1293 1292
1298 1302 1301 1306
1298 1299 1294 1295
1299 1298 1302 1301
1299 1294 1295 1290
1300 1303 1304 1307
1300 1297 1296 1293
1301 1306 1305 1310
1301 1302 1298 1299
1302 1301 1306 1305
1302 1298 1299 1294
1303 1304 1307 1308
1303 1300 1297 1296
1304 1307 1308 1311
1304 1303 1300 1297
1305 1310 1309 1314
1305 1306 1301 1302
1306 1305 1310 1309
1306 1301 1302 1298
1307 1308 1311 1312
1307 1304 1303 1300
1308 1311 1312 1315
1308 1307 1304 1303
1309 1314 1313 1317
1309 1310 1305 1306
1310 1309 1314 1313
1310 1305 1306 1301
1311 1312 1315 1318
1311 1308 1307 1304
1312 1315 1318 1319
1312 1311 1308 1307
1313 1317 1316 1322
1313 1314 1309 1310
1314 1313 1317 1316
1314 1309 1310 1305
1315 1318 1319 1323
1315 1312 1311 1308
1316 1322 1321 1320
1316 1317 1313 1314
1317 1316 1322 1321
1317 1313 1314 1309
1318 1319 1323 1324
1318 1315 1312 1311
1319 1323 1324 1327
1319 1318 1315 1312
1320 1326 1325 1330
1320 1321 1322 1316
1321 1320 1326 1325
1321 1322 1316 1317
1322 1321 1320 1326
1322 1316 1317 1313
1323 1324 1327 1328
1323 1319 1318 1315
1324 1327 1328 1331
1324 1323 1319 1318
1325 1330 1329 1333
1325 1326 1320 1321
1326 1325 1330 1329
1326 1320 1321 1322
1327 1328 1331 1334
1327 1324 1323 1319
1328 1331 1334 1337
1328 1327 1324 1323
1329 1333 1332 1336
1329 1330 1325 1326
1330 1329 1333 1332
1330 1325 1326 1320
1331 1334 1337 1338
1331 1328 1327 1324
1332 1336 1335 1340
1332 1333 1329 1330
1333 1332 1336 1335
1333 1329 1330 1325
1334 1337 1338 1341
1334 1331 1328 1327
1335 1340 1339 1344
1335 1336 1332 1333
1336 1335 1340 1339
1336 1332 1333 1329
1337 1338 1341 1342
1337 1334 1331 1328
1338 1341 1342 1345
1338 1337 1334 1331
1339 1344 1343 1348
1339 1340 1335 1336
1340 1339 1344 1343
1340 1335 1336 1332
1341 1342 1345 1346
1341 1338 1337 1334
1342 1345 1346 1349
1342 1341 1338 1337
1343 1348 1347 1352
1343 1344 1339 1340
1344 1343 1348 1347
1344 1339 1340 1335
1345 1346 1349 1350
1345 1342 1341 1338
1346 1349 1350 1353
1346 1345 1342 1341
1347 1352 1351 1355
1347 1348 1343 1344
1348 1347 1352 1351
1348 1343 1344 1339
1349 1350 1353 1356
1349 1346 1345 1342
1350 1353 1356 1357
1350 1349 1346 1345
1351 1355 1354 1359
1351 1352 1347 1348
1352 1351 1355 1354
1352 1347 1348 1343
1353 1356 1357 1360
1353 1350 1349 1346
1354 1359 1358 1363
1354 1355 1351 1352
1355 1354 1359 1358
1355 1351 1352 1347
1356 1357 1360 1361
1356 1353 1350 1349
1357 1360 1361 1364
1357 1356 1353 1350
1358 1363 1362 1367
1358 1359 1354 1355
1359 1358 1363 1362
1359 1354 1355 1351
1360 1361 1364 1365
1360 1357 1356 1353
1361 1364 1365 1368
1361 1360 1357 1356
1362 1367 1366 1372
1362 1363 1358 1359
1363 1362 1367 1366
1363 1358 1359 1354
1364 1365 1368 1369
1364 1361 1360 1357
1365 1368 1369 1373
1365 1364 1361 1360
1366 1372 1371 1370
1366 1367 1362 1363
1367 1366 1372 1371
1367 1362 1363 1358
1368 1369 1373 1374
1368 1365 1364 1361
1369 1373 1374 1377
1369 1368 1365 1364
1370 1376 1375 1379
1370 1371 1372 1366
1371 1370 1376 1375
1371 1372 1366 1367
1372 1371 1370 1376
1372 1366 1367 1362
1373 1374 1377 1380
1373 1369 1368 1365
1374 1377 1380 1383
1374 1373 1369 1368
1375 1379 1378 1382
1375 1376 1370 1371
1376 1375 1379 1378
1376 1370 1371 1372
1377 1380 1383 1384
1377 1374 1373 1369
1378 1382 1381 1386
1378 1379 1375 1376
1379 1378 1382 1381
1379 1375 1376 1370
1380 1383 1384 1387
1380 1377 1374 1373
1381 1386 1385 1390
1381 1382 1378 1379
1382 1381 1386 1385
1382 1378 1379 1375
1383 1384 1387 1388
1383 1380 1377 1374
1384 1387 1388 1391
1384 1383 1380 1377
1385 1390 1389 1394
1385 1386 1381 1382
1386 1385 1390 1389
1386 1381 1382 1378
1387 1388 1391 1392
1387 1384 1383 1380
1388 1391 1392 1395
1388 1387 1384 1383
1389 1394 1393 1398
1389 1390 1385 1386
1390 1389 1394 1393
1390 1385 1386 1381
1391 1392 1395 1396
1391 1388 1387 1384
1392 1395 1396 1399
1392 1391 1388 1387
1393 1398 1397 1402
1393 1394 1389 1390
1394 1393 1398 1397
1394 1389 1390 1385
1395 1396 1399 1400
1395 1392 1391 1388
1396 1399 1400 1403
1396 1395 1392 1391
1397 1402 1401 1406
1397 1398 1393 1394
1398 1397 1402 1401
1398 1393 1394 1389
1399 1400 1403 1404
1399 1396 1395 1392
1400 1403 1404 1407
1400 1399 1396 1395
1401 1406 1405 1410
1401 1402 1397 1398
1402 1401 1406 1405
1402 1397 1398 1393
1403 1404 1407 1408
1403 1400 1399 1396
1404 1407 1408 1411
1404 1403 1400 1399
1405 1410 1409 1414
1405 1406 1401 1402
1406 1405 1410 1409
1406 1401 1402 1397
1407 1408 1411 1412
1407 1404 1403 1400
1408 1411 1412 1415
1408 1407 1404 1403
1409 1414 1413 1418
1409 1410 1405 1406
1410 1409 1414 1413
1410 1405 1406 1401
1411 1412 1415 1416
1411 1408 1407 1404
1412 1415 1416 1419
1412 1411 1408 1407
1413 1418 1417 1422
1413 1414 1409 1410
1414 1413 1418 1417
1414 1409 1410 1405
1415 1416 1419 1423
1415 1412 1411 1408
1416 1419 1423 1424
1416 1415 1412 1411
1417 1422 1421 1420
1417 1418 1413 1414
1418 1417 1422 1421
1418 1413 1414 1409
1419 1423 1424 1427
1419 1416 1415 1412
1420 1426 1425 1430
1420 1421 1422 1417
1421 1420 1426 1425
1421 1422 1417 1418
1422 1421 1420 1426
1422 1417 1418 1413
1423 1424 1427 1428
1423 1419 1416 1415
1424 1427 1428 1431
1424 1423 1419 1416
1425 1430 1429 1434
1425 1426 1420 1421
1426 1425 1430 1429
1426 1420 1421 1422
1427 1428 1431 1432
1427 1424 1423 1419
1428 1431 1432 1435
1428 1427 1424 1423
1429 1434 1433 1439
1429 1430 1425 1426
1430 1429 1434 1433
1430 1425 1426 1420
1431 1432 1435 1436
1431 1428 1427 1424
1432 1435 1436 1440
1432 1431 1428 1427
1433 1439 1438 1437
1433 1434 1429 1430
1434 1433 1439 1438
1434 1429 1430 1425
1435 1436 1440 1441
1435 1432 1431 1428
1436 1440 1441 1444
1436 1435 1432 1431
1437 1443 1442 1447
1437 1438 1439 1433
1438 1437 1443 1442
1438 1439 1433 1434
1439 1438 1437 1443
1439 1433 1434 1429
1440 1441 1444 1445
1440 1436 1435 1432
1441 1444 1445 1448
1441 1440 1436 1435
1442 1447 1446 1451
1442 1443 1437 1438
1443 1442 1447 1446
1443 1437 1438 1439
1444 1445 1448 1449
1444 1441 1440 1436
1445 1448 1449 1452
1445 1444 1441 1440
1446 1451 1450 1455
1446 1447 1442 1443
1447 1446 1451 1450
1447 1442 1443 1437
1448 1449 1452 1453
1448 1445 1444 1441
1449 1452 1453 1456
1449 1448 1445 1444
1450 1455 1454 1459
1450 1451 1446 1447
1451 1450 1455 1454
1451 1446 1447 1442
1452 1453 1456 1457
1452 1449 1448 1445
1453 1456 1457 1460
1453 1452 1449 1448
1454 1459 1458 1463
1454 1455 1450 1451
1455 1454 1459 1458
1455 1450 1451 1446
1456 1457 1460 1461
1456 1453 1452 1449
1457 1460 1461 1464
1457 1456 1453 1452
1458 1463 1462 1467
1458 1459 1454 1455
1459 1458 1463 1462
1459 1454 1455 1450
1460 1461 1464 1465
1460 1457 1456 1453
1461 1464 1465 1468
1461 1460 1457 1456
1462 1467 1466 1471
1462 1463 1458 1459
1463 1462 1467 1466
1463 1458 1459 1454
1464 1465 1468 1469
1464 1461 1460 1457
1465 1468 1469 1472
1465 1464 1461 1460
1466 1471 1470 1476
1466 1467 1462 1463
1467 1466 1471 1470
1467 1462 1463 1458
1468 1469 1472 1473
1468 1465 1464 1461
1469 1472 1473 1477
1469 1468 1465 1464
1470 1476 1475 1474
1470 1471 1466 1467
1471 1470 1476 1475
1471 1466 1467 1462
1472 1473 1477 1478
1472 1469 1468 1465
1473 1477 1478 1481
1473 1472 1469 1468
1474 1480 1479 1484
1474 1475 1476 1470
1475 1474 1480 1479
1475 1476 1470 1471
1476 1475 1474 1480
1476 1470 1471 1466
1477 1478 1481 1482
1477 1473 1472 1469
1478 1481 1482 1485
1478 1477 1473 1472
1479 1484 1483 1488
1479 1480 1474 1475
1480 1479 1484 1483
1480 1474 1475 1476
1481 1482 1485 1486
1481 1478 1477 1473
1482 1485 1486 1489
1482 1481 1478 1477
1483 1488 1487 1493
1483 1484 1479 1480
1484 1483 1488 1487
1484 1479 1480 1474
1485 1486 1489 1490
1485 1482 1481 1478
1486 1489 1490 1494
1486 1485 1482 1481
1487 1493 1492 1491
1487 1488 1483 1484
1488 1487 1493 1492
1488 1483 1484 1479
1489 1490 1494 1495
1489 1486 1485 1482
1490 1494 1495 1498
1490 1489 1486 1485
1491 1497 1496 1501
1491 1492 1493 1487
1492 1491 1497 1496
1492 1493 1487 1488
1493 1492 1491 1497
1493 1487 1488 1483
1494 1495 1498 1499
1494 1490 1489 1486
1495 1498 1499 1502
1495 1494 1490 1489
1496 1501 1500 1505
1496 1497 1491 1492
1497 1496 1501 1500
1497 1491 1492 1493
1498 1499 1502 1503
1498 1495 1494 1490
1499 1502 1503 1506
1499 1498 1495 1494
1500 1505 1504 1509
1500 1501 1496 1497
1501 1500 1505 1504
1501 1496 1497 1491
1502 1503 1506 1507
1502 1499 1498 1495
1503 1506 1507 1510
1503 1502 1499 1498
1504 1509 1508 1513
1504 1505 1500 1501
1505 1504 1509 1508
1505 1500 1501 1496
1506 1507 1510 1511
1506 1503 1502 1499
1507 1510 1511 1514
1507 1506 1503 1502
1508 1513 1512 1517
1508 1509 1504 1505
1509 1508 1513 1512
1509 1504 1505 1500
1510 1511 1514 1515
1510 1507 1506 1503
1511 1514 1515 1518
1511 1510 1507 1506
1512 1517 1516 1521
1512 1513 1508 1509
1513 1512 1517 1516
1513 1508 1509 1504
1514 1515 1518 1519
1514 1511 1510 1507
1515 1518 1519 1522
1515 1514 1511 1510
1516 1521 1520 1525
1516 1517 1512 1513
1517 1516 1521 1520
1517 1512 1513 1508
1518 1519 1522 1523
1518 1515 1514 1511
1519 1522 1523 1526
1519 1518 1515 1514
1520 1525 1524 1530
1520 1521 1516 1517
1521 1520 1525 1524
1521 1516 1517 1512
1522 1523 1526 1527
1522 1519 1518 1515
1523 1526 1527 1531
1523 1522 1519 1518
1524 1530 1529 1528
1524 1525 1520 1521
1525 1524 1530 1529
1525 1520 1521 1516
1526 1527 1531 1532
1526 1523 1522 1519
1527 1531 1532 1535
1527 1526 1523 1522
1528 1534 1533 1538
1528 1529 1530 1524
1529 1528 1534 1533
1529 1530 1524 1525
1530 1529 1528 1534
1530 1524 1525 1520
1531 1532 1535 1536
1531 1527 1526 1523
1532 1535 1536 1539
1532 1531 1527 1526
1533 1538 1537 1542
1533 1534 1528 1529
1534 1533 1538 1537
1534 1528 1529 1530
1535 1536 1539 1540
1535 1532 1531 1527
1536 1539 1540 1543
1536 1535 1532 1531
1537 1542 1541 1547
1537 1538 1533 1534
1538 1537 1542 1541
1538 1533 1534 1528
1539 1540 1543 1544
1539 1536 1535 1532
1540 1543 1544 1548
1540 1539 1536 1535
1541 1547 1546 1545
1541 1542 1537 1538
1542 1541 1547 1546
1542 1537 1538 1533
1543 1544 1548 1549
1543 1540 1539 1536
1544 1548 1549 1550
1544 1543 1540 1539
1545 1552 1551 1561
1545 1546 1547 1541
1546 1545 1552 1551
1546 1547 1541 1542
1547 1546 1545 1552
1547 1541 1542 1537
1548 1549 1550 1553
1548 1544 1543 1540
1549 1550 1553 1554
1549 1548 1544 1543
1550 1553 1554 1555
1550 1549 1548 1544
1551 1561 1560 1577
1551 1552 1545 1546
1552 1551 1561 1560
1552 1545 1546 1547
1553 1554 1555 1556
1553 1550 1549 1548
1554 1555 1556 1557
1554 1553 1550 1549
1555 1556 1557 1558
1555 1554 1553 1550
1556 1557 1558 1559
1556 1555 1554 1553
1557 1558 1559 1562
1557 1556 1555 1554
1558 1559 1562 1563
1558 1557 1556 1555
1559 1562 1563 1564
1559 1558 1557 1556
1560 1577 1576 1599
1560 1561 1551 1552
1561 1560 1577 1576
1561 1551 1552 1545
1562 1563 1564 1565
1562 1559 1558 1557
1563 1564 1565 1566
1563 1562 1559 1558
1564 1565 1566 1567
1564 1563 1562 1559
1565 1566 1567 1568
1565 1564 1563 1562
1566 1567 1568 1569
1566 1565 1564 1563
1567 1568 1569 1570
1567 1566 1565 1564
1568 1569 1570 1571
1568 1567 1566 1565
1569 1570 1571 1572
1569 1568 1567 1566
1570 1571 1572 1573
1570 1569 1568 1567
1571 1572 1573 1574
1571 1570 1569 1568
1572 1573 1574 1575
1572 1571 1570 1569
1573 1574 1575 1578
1573 1572 1571 1570
1574 1575 1578 1579
1574 1573 1572 1571
1575 1578 1579 1580
1575 1574 1573 1572
1576 1599 1598 1615
1576 1577 1560 1561
1577 1576 1599 1598
1577 1560 1561 1551
1578 1579 1580 1581
1578 1575 1574 1573
1579 1580 1581 1582
1579 1578 1575 1574
1580 1581 1582 1583
1580 1579 1578 1575
1581 1582 1583 1584
1581 1580 1579 1578
1582 1583 1584 1585
1582 1581 1580 1579
1583 1584 1585 1586
1583 1582 1581 1580
1584 1585 1586 1587
1584 1583 1582 1581
1585 1586 1587 1588
1585 1584 1583 1582
1586 1587 1588 1589
1586 1585 1584 1583
1587 1588 1589 1590
1587 1586 1585 1584
1588 1589 1590 1591
1588 1587 1586 1585
1589 1590 1591 1592
1589 1588 1587 1586
1590 1591 1592 1593
1590 1589 1588 1587
1591 1592 1593 1594
1591 1590 1589 1588
1592 1593 1594 1595
1592 1591 1590 1589
1593 1594 1595 1596
1593 1592 1591 1590
1594 1595 1596 1597
1594 1593 1592 1591
1595 1596 1597 1600
1595 1594 1593 1592
1596 1597 1600 1601
1596 1595 1594 1593
1597 1600 1601 1602
1597 1596 1595 1594
1598 1615 1614 1637
1598 1599 1576 1577
1599 1598 1615 1614
1599 1576 1577 1560
1600 1601 1602 1603
1600 1597 1596 1595
1601 1602 1603 1604
1601 1600 1597 1596
1602 1603 1604 1605
1602 1601 1600 1597
1603 1604 1605 1606
1603 1602 1601 1600
1604 1605 1606 1607
1604 1603 1602 1601
1605 1606 1607 1608
1605 1604 1603 1602
1606 1607 1608 1609
1606 1605 1604 1603
1607 1608 1609 1610
1607 1606 1605 1604
1608 1609 1610 1611
1608 1607 1606 1605
1609 1610 1611 1612
1609 1608 1607 1606
1610 1611 1612 1613
1610 1609 1608 1607
1611 1612 1613 1616
1611 1610 1609 1608
1612 1613 1616 1617
1612 1611 1610 1609
1613 1616 1617 1618
1613 1612 1611 1610
1614 1637 1636 1654
1614 1615 1598 1599
1615 1614 1637 1636
1615 1598 1599 1576
1616 1617 1618 1619
1616 1613 1612 1611
1617 1618 1619 1620
1617 1616 1613 1612
1618 1619 1620 1621
1618 1617 1616 1613
1619 1620 1621 1622
1619 1618 1617 1616
1620 1621 1622 1623
1620 1619 1618 1617
1621 1622 1623 1624
1621 1620 1619 1618
1622 1623 1624 1625
1622 1621 1620 1619
1623 1624 1625 1626
1623 1622 1621 1620
1624 1625 1626 1627
1624 1623 1622 1621
1625 1626 1627 1628
1625 1624 1623 1622
1626 1627 1628 1629
1626 1625 1624 1623
1627 1628 1629 1630
1627 1626 1625 1624
1628 1629 1630 1631
1628 1627 1626 1625
1629 1630 1631 1632
1629 1628 1627 1626
1630 1631 1632 1633
1630 1629 1628 1627
1631 1632 1633 1634
1631 1630 1629 1628
1632 1633 1634 1635
1632 1631 1630 1629
1633 1634 1635 1638
1633 1632 1631 1630
1634 1635 1638 1639
1634 1633 1632 1631
1635 1638 1639 1640
1635 1634 1633 1632
1636 1654 1653 1676
1636 1637 1614 1615
1637 1636 1654 1653
1637 1614 1615 1598
1638 1639 1640 1641
1638 1635 1634 1633
1639 1640 1641 1642
1639 1638 1635 1634
1640 1641 1642 1643
1640 1639 1638 1635
1641 1642 1643 1644
1641 1640 1639 1638
1642 1643 1644 1645
1642 1641 1640 1639
1643 1644 1645 1646
1643 1642 1641 1640
1644 1645 1646 1647
1644 1643 1642 1641
1645 1646 1647 1648
1645 1644 1643 1642
1646 1647 1648 1649
1646 1645 1644 1643
1647 1648 1649 1650
1647 1646 1645 1644
1648 1649 1650 1651
1648 1647 1646 1645
1649 1650 1651 1652
1649 1648 1647 1646
1650 1651 1652 1655
1650 1649 1648 1647
1651 1652 1655 1656
1651 1650 1649 1648
1652 1655 1656 1657
1652 1651 1650 1649
1653 1676 1675 1674
1653 1654 1636 1637
1654 1653 1676 1675
1654 1636 1637 1614
1655 1656 1657 1658
1655 1652 1651 1650
1656 1657 1658 1659
1656 1655 1652 1651
1657 1658 1659 1660
1657 1656 1655 1652
1658 1659 1660 1661
1658 1657 1656 1655
1659 1660 1661 1662
1659 1658 1657 1656
1660 1661 1662 1663
1660 1659 1658 1657
1661 1662 1663 1664
1661 1660 1659 1658
1662 1663 1664 1665
1662 1661 1660 1659
1663 1664 1665 1666
1663 1662 1661 1660
1664 1665 1666 1667
1664 1663 1662 1661
1665 1666 1667 1668
1665 1664 1663 1662
1666 1667 1668 1669
1666 1665 1664 1663
1667 1668 1669 1670
1667 1666 1665 1664
1668 1669 1670 1671
1668 1667 1666 1665
1669 1670 1671 1672
1669 1668 1667 1666
1670 1671 1672 1673
1670 1669 1668 1667
1671 1672 1673 1674
1671 1670 1669 1668
1672 1671 1670 1669
1672 1673 1674 1675
1673 1672 1671 1670
1673 1674 1675 1676
1674 1673 1672 1671
1674 1675 1676 1653
1675 1674 1673 1672
1675 1676 1653 1654
1676 1675 1674 1673
1676 1653 1654 1636
