0 58 57 56
0 1 2 3
1 0 58 57
1 2 3 4
2 1 0 58
2 3 4 5
3 2 1 0
3 4 5 6
4 3 2 1
4 5 6 7
5 4 3 2
5 6 7 8
6 5 4 3
6 7 8 9
7 6 5 4
7 8 9 10
8 9 10 59
8 7 6 5
9 10 59 60
9 8 7 6
10 59 60 61
10 9 8 7
11 123 122 121
11 12 13 14
12 11 123 122
12 13 14 15
13 12 11 123
13 14 15 16
14 13 12 11
14 15 16 17
15 14 13 12
15 16 17 18
16 15 14 13
16 17 18 19
17 16 15 14
17 18 19 20
18 17 16 15
18 19 20 21
19 18 17 16
19 20 21 22
20 19 18 17
20 21 22 23
21 20 19 18
21 22 23 24
22 21 20 19
22 23 24 25
23 22 21 20
23 24 25 26
24 23 22 21
24 25 26 27
25 24 23 22
25 26 27 28
26 25 24 23
26 27 28 29
27 26 25 24
27 28 29 30
28 27 26 25
28 29 30 31
29 28 27 26
29 30 31 32
30 29 28 27
30 31 32 33
31 30 29 28
31 32 33 34
32 31 30 29
32 33 34 35
33 32 31 30
33 34 35 36
34 33 32 31
34 35 36 37
35 34 33 32
35 36 37 38
36 35 34 33
36 37 38 39
37 36 35 34
37 38 39 40
38 37 36 35
38 39 40 41
39 38 37 36
39 40 41 42
40 39 38 37
40 41 42 43
41 40 39 38
41 42 43 44
42 41 40 39
42 43 44 45
43 42 41 40
43 44 45 46
44 43 42 41
44 45 46 47
45 44 43 42
45 46 47 48
46 45 44 43
46 47 48 49
47 46 45 44
47 48 49 50
48 47 46 45
48 49 50 51
49 48 47 46
49 50 51 52
50 49 48 47
50 51 52 53
51 50 49 48
51 52 53 54
52 51 50 49
52 53 54 55
53 52 51 50
53 54 55 56
54 53 52 51
54 55 56 57
55 54 53 52
55 56 57 58
56 55 54 53
56 57 58 0
57 56 55 54
57 58 0 1
58 57 56 55
58 0 1 2
59 60 61 124
59 10 9 8
60 61 124 125
60 59 10 9
61 124 125 130
61 60 59 10
62 129 128 127
62 63 64 65
63 62 129 128
63 64 65 66
64 63 62 129
64 65 66 67
65 64 63 62
65 66 67 68
66 65 64 63
66 67 68 69
67 66 65 64
67 68 69 70
68 67 66 65
68 69 70 71
69 68 67 66
69 70 71 72
70 69 68 67
70 71 72 73
71 70 69 68
71 72 73 74
72 71 70 69
72 73 74 75
73 72 71 70
73 74 75 76
74 73 72 71
74 75 76 77
75 74 73 72
75 76 77 78
76 75 74 73
76 77 78 79
77 76 75 74
77 78 79 80
78 77 76 75
78 79 80 81
79 78 77 76
79 80 81 82
80 79 78 77
80 81 82 83
81 80 79 78
81 82 83 84
82 81 80 79
82 83 84 85
83 82 81 80
83 84 85 86
84 83 82 81
84 85 86 87
85 84 83 82
85 86 87 88
86 85 84 83
86 87 88 89
87 86 85 84
87 88 89 90
88 87 86 85
88 89 90 91
89 88 87 86
89 90 91 92
90 89 88 87
90 91 92 93
91 90 89 88
91 92 93 94
92 91 90 89
92 93 94 95
93 92 91 90
93 94 95 96
94 93 92 91
94 95 96 97
95 94 93 92
95 96 97 98
96 95 94 93
96 97 98 99
97 96 95 94
97 98 99 100
98 97 96 95
98 99 100 101
99 98 97 96
99 100 101 102
100 99 98 97
100 101 102 103
101 100 99 98
101 102 103 104
102 101 100 99
102 103 104 105
103 102 101 100
103 104 105 106
104 103 102 101
104 105 106 107
105 104 103 102
105 106 107 108
106 105 104 103
106 107 108 109
107 106 105 104
107 108 109 110
108 107 106 105
108 109 110 111
109 108 107 106
109 110 111 112
110 109 108 107
110 111 112 113
111 110 109 108
111 112 113 114
112 111 110 109
112 113 114 115
113 112 111 110
113 114 115 116
114 113 112 111
114 115 116 117
115 114 113 112
115 116 117 118
116 115 114 113
116 117 118 119
117 116 115 114
117 118 119 120
118 117 116 115
118 119 120 121
119 118 117 116
119 120 121 122
120 119 118 117
120 121 122 123
121 120 119 118
121 122 123 11
122 121 120 119
122 123 11 12
123 122 121 120
123 11 12 13
124 125 130 134
124 61 60 59
125 130 134 137
125 124 61 60
126 133 132 131
126 127 128 129
127 126 133 132
127 128 129 62
128 127 126 133
128 129 62 63
129 128 127 126
129 62 63 64
130 134 137 140
130 125 124 61
131 136 135 139
131 132 133 126
132 131 136 135
132 133 126 127
133 132 131 136
133 126 127 128
134 137 140 143
134 130 125 124
135 139 138 142
135 136 131 132
136 135 139 138
136 131 132 133
137 140 143 146
137 134 130 125
138 142 141 145
138 139 135 136
139 138 142 141
139 135 136 131
140 143 146 149
140 137 134 130
141 145 144 148
141 142 138 139
142 141 145 144
142 138 139 135
143 146 149 153
143 140 137 134
144 148 147 152
144 145 141 142
145 144 148 147
145 141 142 138
146 149 153 158
146 143 140 137
147 152 151 150
147 148 144 145
148 147 152 151
148 144 145 141
149 153 158 163
149 146 143 140
150 156 155 154
150 151 152 147
151 150 156 155
151 152 147 148
152 151 150 156
152 147 148 144
153 158 163 167
153 149 146 143
154 161 160 159
154 155 156 150
155 154 161 160
155 156 150 151
156 155 154 161
156 150 151 152
157 162 166 170
158 163 167 171
158 153 149 146
159 165 164 169
159 160 161 154
160 159 165 164
160 161 154 155
161 160 159 165
161 154 155 156
162 166 170 174
163 167 171 175
163 158 153 149
164 169 168 173
164 165 159 160
165 164 169 168
165 159 160 161
166 170 174 179
166 162 157 -1
167 171 175 180
167 163 158 153
168 173 172 178
168 169 164 165
169 168 173 172
169 164 165 159
170 174 179 183
170 166 162 157
171 175 180 184
171 167 163 158
172 178 177 176
172 173 168 169
173 172 178 177
173 168 169 164
174 179 183 187
174 170 166 162
175 180 184 188
175 171 167 163
176 182 181 186
176 177 178 172
177 176 182 181
177 178 172 173
178 177 176 182
178 172 173 168
179 183 187 192
179 174 170 166
180 184 188 193
180 175 171 167
181 186 185 191
181 182 176 177
182 181 186 185
182 176 177 178
183 187 192 196
183 179 174 170
184 188 193 197
184 180 175 171
185 191 190 189
185 186 181 182
186 185 191 190
186 181 182 176
187 192 196 201
187 183 179 174
188 193 197 202
188 184 180 175
189 195 194 200
189 190 191 185
190 189 195 194
190 191 185 186
191 190 189 195
191 185 186 181
192 196 201 205
192 187 183 179
193 197 202 206
193 188 184 180
194 200 199 198
194 195 189 190
195 194 200 199
195 189 190 191
196 201 205 210
196 192 187 183
197 202 206 211
197 193 188 184
198 204 203 209
198 199 200 194
199 198 204 203
199 200 194 195
200 199 198 204
200 194 195 189
201 205 210 214
201 196 192 187
202 206 211 215
202 197 193 188
203 209 208 207
203 204 198 199
204 203 209 208
204 198 199 200
205 210 214 218
205 201 196 192
206 211 215 219
206 202 197 193
207 213 212 217
207 208 209 203
208 207 213 212
208 209 203 204
209 208 207 213
209 203 204 198
210 214 218 222
210 205 201 196
211 215 219 223
211 206 202 197
212 217 216 221
212 213 207 208
213 212 217 216
213 207 208 209
214 218 222 226
214 210 205 201
215 219 223 227
215 211 206 202
216 221 220 225
216 217 212 213
217 216 221 220
217 212 213 207
218 222 226 230
218 214 210 205
219 223 227 231
219 215 211 206
220 225 224 229
220 221 216 217
221 220 225 224
221 216 217 212
222 226 230 234
222 218 214 210
223 227 231 235
223 219 215 211
224 229 228 233
224 225 220 221
225 224 229 228
225 220 221 216
226 230 234 238
226 222 218 214
227 231 235 239
227 223 219 215
228 233 232 237
228 229 224 225
229 228 233 232
229 224 225 220
230 234 238 242
230 226 222 218
231 235 239 243
231 227 223 219
232 237 236 241
232 233 228 229
233 232 237 236
233 228 229 224
234 238 242 246
234 230 226 222
235 239 243 247
235 231 227 223
236 241 240 245
236 237 232 233
237 236 241 240
237 232 233 228
238 242 246 250
238 234 230 226
239 243 247 251
239 235 231 227
240 245 244 249
240 241 236 237
241 240 245 244
241 236 237 232
242 246 250 254
242 238 234 230
243 247 251 255
243 239 235 231
244 249 248 253
244 245 240 241
245 244 249 248
245 240 241 236
246 250 254 258
246 242 238 234
247 251 255 259
247 243 239 235
248 253 252 257
248 249 244 245
249 248 253 252
249 244 245 240
250 254 258 262
250 246 242 238
251 255 259 263
251 247 243 239
252 257 256 261
252 253 248 249
253 252 257 256
253 248 249 244
254 258 262 266
254 250 246 242
255 259 263 267
255 251 247 243
256 261 260 265
256 257 252 253
257 256 261 260
257 252 253 248
258 262 266 270
258 254 250 246
259 263 267 271
259 255 251 247
260 265 264 269
260 261 256 257
261 260 265 264
261 256 257 252
262 266 270 275
262 258 254 250
263 267 271 276
263 259 255 251
264 269 268 273
264 265 260 261
265 264 269 268
265 260 261 256
266 270 275 274
266 262 258 254
267 271 276 280
267 263 259 255
268 273 272 278
268 269 264 265
269 268 273 272
269 264 265 260
270 275 274 279
270 266 262 258
271 276 280 284
271 267 263 259
272 278 277 282
272 273 268 269
273 272 278 277
273 268 269 264
274 279 283 287
274 275 270 266
275 274 279 283
275 270 266 262
276 280 284 288
276 271 267 263
277 282 281 285
277 278 272 273
278 277 282 281
278 272 273 268
279 283 287 286
279 274 275 270
280 284 288 292
280 276 271 267
281 285 290 289
281 282 277 278
282 281 285 290
282 277 278 272
283 287 286 291
283 279 274 275
284 288 292 296
284 280 276 271
285 290 289 294
285 281 282 277
286 291 295 298
286 287 283 279
287 286 291 295
287 283 279 274
288 292 296 299
288 284 280 276
289 294 293 297
289 290 285 281
290 289 294 293
290 285 281 282
291 295 298 302
291 286 287 283
292 296 299 303
292 288 284 280
293 297 301 300
293 294 289 290
294 293 297 301
294 289 290 285
295 298 302 305
295 291 286 287
296 299 303 306
296 292 288 284
297 301 300 304
297 293 294 289
298 302 305 309
298 295 291 286
299 303 306 310
299 296 292 288
300 304 308 307
300 301 297 293
301 300 304 308
301 297 293 294
302 305 309 312
302 298 295 291
303 306 310 313
303 299 296 292
304 308 307 311
304 300 301 297
305 309 312 315
305 302 298 295
306 310 313 316
306 303 299 296
307 311 314 317
307 308 304 300
308 307 311 314
308 304 300 301
309 312 315 318
309 305 302 298
310 313 316 319
310 306 303 299
311 314 317 321
311 307 308 304
312 315 318 322
312 309 305 302
313 316 319 323
313 310 306 303
314 317 321 320
314 311 307 308
315 318 322 325
315 312 309 305
316 319 323 326
316 313 310 306
317 321 320 324
317 314 311 307
318 322 325 329
318 315 312 309
319 323 326 330
319 316 313 310
320 324 328 327
320 321 317 314
321 320 324 328
321 317 314 311
322 325 329 332
322 318 315 312
323 326 330 333
323 319 316 313
324 328 327 331
324 320 321 317
325 329 332 336
325 322 318 315
326 330 333 337
326 323 319 316
327 331 335 334
327 328 324 320
328 327 331 335
328 324 320 321
329 332 336 339
329 325 322 318
330 333 337 340
330 326 323 319
331 335 334 338
331 327 328 324
332 336 339 342
332 329 325 322
333 337 340 343
333 330 326 323
334 338 341 344
334 335 331 327
335 334 338 341
335 331 327 328
336 339 342 345
336 332 329 325
337 340 343 346
337 333 330 326
338 341 344 347
338 334 335 331
339 342 345 348
339 336 332 329
340 343 346 349
340 337 333 330
341 344 347 350
341 338 334 335
342 345 348 352
342 339 336 332
343 346 349 353
343 340 337 333
344 347 350 354
344 341 338 334
345 348 352 351
345 342 339 336
346 349 353 356
346 343 340 337
347 350 354 357
347 344 341 338
348 352 351 355
348 345 342 339
349 353 356 359
349 346 343 340
350 354 357 360
350 347 344 341
351 355 358 362
351 352 348 345
352 351 355 358
352 348 345 342
353 356 359 363
353 349 346 343
354 357 360 364
354 350 347 344
355 358 362 361
355 351 352 348
356 359 363 366
356 353 349 346
357 360 364 367
357 354 350 347
358 362 361 365
358 355 351 352
359 363 366 370
359 356 353 349
360 364 367 371
360 357 354 350
361 365 369 373
361 362 358 355
362 361 365 369
362 358 355 351
363 366 370 374
363 359 356 353
364 367 371 375
364 360 357 354
365 369 373 377
365 361 362 358
366 370 374 378
366 363 359 356
367 371 375 379
367 364 360 357
368 372 376 380
369 373 377 381
369 365 361 362
370 374 378 382
370 366 363 359
371 375 379 383
371 367 364 360
372 376 380 384
373 377 381 385
373 369 365 361
374 378 382 386
374 370 366 363
375 379 383 387
375 371 367 364
376 380 384 388
376 372 368 -1
377 381 385 390
377 373 369 365
378 382 386 391
378 374 370 366
379 383 387 392
379 375 371 367
380 384 388 393
380 376 372 368
381 385 390 389
381 377 373 369
382 386 391 396
382 378 374 370
383 387 392 397
383 379 375 371
384 388 393 394
384 380 376 372
385 390 389 395
385 381 377 373
386 391 396 400
386 382 378 374
387 392 397 401
387 383 379 375
388 393 394 398
388 384 380 376
389 395 399 404
389 390 385 381
390 389 395 399
390 385 381 377
391 396 400 405
391 386 382 378
392 397 401 406
392 387 383 379
393 394 398 402
393 388 384 380
394 398 402 407
394 393 388 384
395 399 404 403
395 389 390 385
396 400 405 409
396 391 386 382
397 401 406 410
397 392 387 383
398 402 407 411
398 394 393 388
399 404 403 408
399 395 389 390
400 405 409 413
400 396 391 386
401 406 410 414
401 397 392 387
402 407 411 415
402 398 394 393
403 408 412 417
403 404 399 395
404 403 408 412
404 399 395 389
405 409 413 418
405 400 396 391
406 410 414 419
406 401 397 392
407 411 415 416
407 402 398 394
408 412 417 421
408 403 404 399
409 413 418 422
409 405 400 396
410 414 419 424
410 406 401 397
411 415 416 420
411 407 402 398
412 417 421 427
412 408 403 404
413 418 422 428
413 409 405 400
414 419 424 423
414 410 406 401
415 416 420 425
415 411 407 402
416 420 425 426
416 415 411 407
417 421 427 431
417 412 408 403
418 422 428 432
418 413 409 405
419 424 423 429
419 414 410 406
420 425 426 430
420 416 415 411
421 427 431 435
421 417 412 408
422 428 432 436
422 418 413 409
423 429 433 437
423 424 419 414
424 423 429 433
424 419 414 410
425 426 430 434
425 420 416 415
426 430 434 438
426 425 420 416
427 431 435 440
427 421 417 412
428 432 436 441
428 422 418 413
429 433 437 442
429 423 424 419
430 434 438 439
430 426 425 420
431 435 440 445
431 427 421 417
432 436 441 446
432 428 422 418
433 437 442 447
433 429 423 424
434 438 439 443
434 430 426 425
435 440 445 449
435 431 427 421
436 441 446 450
436 432 428 422
437 442 447 451
437 433 429 423
438 439 443 444
438 434 430 426
439 443 444 448
439 438 434 430
440 445 449 454
440 435 431 427
441 446 450 455
441 436 432 428
442 447 451 456
442 437 433 429
443 444 448 452
443 439 438 434
444 448 452 453
444 443 439 438
445 449 454 459
445 440 435 431
446 450 455 460
446 441 436 432
447 451 456 461
447 442 437 433
448 452 453 457
448 444 443 439
449 454 459 464
449 445 440 435
450 455 460 465
450 446 441 436
451 456 461 466
451 447 442 437
452 453 457 458
452 448 444 443
453 457 458 462
453 452 448 444
454 459 464 468
454 449 445 440
455 460 465 469
455 450 446 441
456 461 466 470
456 451 447 442
457 458 462 463
457 453 452 448
458 462 463 467
458 457 453 452
459 464 468 472
459 454 449 445
460 465 469 473
460 455 450 446
461 466 470 474
461 456 451 447
462 463 467 471
462 458 457 453
463 467 471 475
463 462 458 457
464 468 472 478
464 459 454 449
465 469 473 479
465 460 455 450
466 470 474 480
466 461 456 451
467 471 475 476
467 463 462 458
468 472 478 477
468 464 459 454
469 473 479 484
469 465 460 455
470 474 480 485
470 466 461 456
471 475 476 481
471 467 463 462
472 478 477 483
472 468 464 459
473 479 484 489
473 469 465 460
474 480 485 490
474 470 466 461
475 476 481 482
475 471 467 463
476 481 482 486
476 475 471 467
477 483 488 494
477 478 472 468
478 477 483 488
478 472 468 464
479 484 489 495
479 473 469 465
480 485 490 496
480 474 470 466
481 482 486 487
481 476 475 471
482 486 487 491
482 481 476 475
483 488 494 493
483 477 478 472
484 489 495 500
484 479 473 469
485 490 496 501
485 480 474 470
486 487 491 492
486 482 481 476
487 491 492 497
487 486 482 481
488 494 493 499
488 483 477 478
489 495 500 505
489 484 479 473
490 496 501 506
490 485 480 474
491 492 497 498
491 487 486 482
492 497 498 502
492 491 487 486
493 499 504 -1
493 494 488 483
494 493 499 504
494 488 483 477
495 500 505 509
495 489 484 479
496 501 506 510
496 490 485 480
497 498 502 503
497 492 491 487
498 502 503 507
498 497 492 491
499 493 494 488
500 505 509 512
500 495 489 484
501 506 510 513
501 496 490 485
502 503 507 508
502 498 497 492
503 507 508 -1
503 502 498 497
504 499 493 494
505 509 512 514
505 500 495 489
506 510 513 515
506 501 496 490
507 508 511 -1
507 503 502 498
508 507 503 502
509 512 514 516
509 505 500 495
510 513 515 517
510 506 501 496
511 508 507 -1
512 514 516 518
512 509 505 500
513 515 517 519
513 510 506 501
514 516 518 520
514 512 509 505
515 517 519 521
515 513 510 506
516 518 520 522
516 514 512 509
517 519 521 523
517 515 513 510
518 520 522 524
518 516 514 512
519 521 523 525
519 517 515 513
520 522 524 526
520 518 516 514
521 523 525 527
521 519 517 515
522 524 526 528
522 520 518 516
523 525 527 529
523 521 519 517
524 526 528 530
524 522 520 518
525 527 529 531
525 523 521 519
526 528 530 532
526 524 522 520
527 529 531 533
527 525 523 521
528 530 532 534
528 526 524 522
529 531 533 535
529 527 525 523
530 532 534 536
530 528 526 524
531 533 535 537
531 529 527 525
532 534 536 538
532 530 528 526
533 535 537 539
533 531 529 527
534 536 538 540
534 532 530 528
535 537 539 542
535 533 531 529
536 538 540 541
536 534 532 530
537 539 542 544
537 535 533 531
538 540 541 543
538 536 534 532
539 542 544 547
539 537 535 533
540 541 543 545
540 538 536 534
541 543 545 548
541 540 538 536
542 544 547 546
542 539 537 535
543 545 548 550
543 541 540 538
544 547 546 549
544 542 539 537
545 548 550 552
545 543 541 540
546 549 551 553
546 547 544 542
547 546 549 551
547 544 542 539
548 550 552 554
548 545 543 541
549 551 553 555
549 546 547 544
550 552 554 556
550 548 545 543
551 553 555 557
551 549 546 547
552 554 556 558
552 550 548 545
553 555 557 559
553 551 549 546
554 556 558 560
554 552 550 548
555 557 559 561
555 553 551 549
556 558 560 562
556 554 552 550
557 559 561 563
557 555 553 551
558 560 562 564
558 556 554 552
559 561 563 565
559 557 555 553
560 562 564 566
560 558 556 554
561 563 565 567
561 559 557 555
562 564 566 568
562 560 558 556
563 565 567 569
563 561 559 557
564 566 568 570
564 562 560 558
565 567 569 571
565 563 561 559
566 568 570 572
566 564 562 560
567 569 571 574
567 565 563 561
568 570 572 575
568 566 564 562
569 571 574 573
569 567 565 563
570 572 575 577
570 568 566 564
571 574 573 576
571 569 567 565
572 575 577 579
572 570 568 566
573 576 578 580
573 574 571 569
574 573 576 578
574 571 569 567
575 577 579 581
575 572 570 568
576 578 580 582
576 573 574 571
577 579 581 583
577 575 572 570
578 580 582 584
578 576 573 574
579 581 583 585
579 577 575 572
580 582 584 586
580 578 576 573
581 583 585 587
581 579 577 575
582 584 586 588
582 580 578 576
583 585 587 589
583 581 579 577
584 586 588 590
584 582 580 578
585 587 589 591
585 583 581 579
586 588 590 592
586 584 582 580
587 589 591 593
587 585 583 581
588 590 592 594
588 586 584 582
589 591 593 595
589 587 585 583
590 592 594 596
590 588 586 584
591 593 595 597
591 589 587 585
592 594 596 598
592 590 588 586
593 595 597 599
593 591 589 587
594 596 598 600
594 592 590 588
595 597 599 601
595 593 591 589
596 598 600 602
596 594 592 590
597 599 601 603
597 595 593 591
598 600 602 604
598 596 594 592
599 601 603 605
599 597 595 593
600 602 604 606
600 598 596 594
601 603 605 607
601 599 597 595
602 604 606 608
602 600 598 596
603 605 607 609
603 601 599 597
604 606 608 610
604 602 600 598
605 607 609 611
605 603 601 599
606 608 610 612
606 604 602 600
607 609 611 613
607 605 603 601
608 610 612 614
608 606 604 602
609 611 613 615
609 607 605 603
610 612 614 616
610 608 606 604
611 613 615 617
611 609 607 605
612 614 616 618
612 610 608 606
613 615 617 619
613 611 609 607
614 616 618 621
614 612 610 608
615 617 619 622
615 613 611 609
616 618 621 620
616 614 612 610
617 619 622 624
617 615 613 611
618 621 620 623
618 616 614 612
619 622 624 630
619 617 615 613
620 623 625 631
620 621 618 616
621 620 623 625
621 618 616 614
622 624 630 635
622 619 617 615
623 625 631 636
623 620 621 618
624 630 635 639
624 622 619 617
625 631 636 640
625 623 620 621
626 633 632 637
626 627 628 629
627 626 633 632
627 628 629 -1
628 629 634 638
628 627 626 633
629 634 638 643
629 628 627 626
630 635 639 644
630 624 622 619
631 636 640 645
631 625 623 620
632 637 642 641
632 633 626 627
633 632 637 642
633 626 627 628
634 638 643 647
634 629 628 -1
635 639 644 648
635 630 624 622
636 640 645 649
636 631 625 623
637 642 641 646
637 632 633 626
638 643 647 651
638 634 629 628
639 644 648 652
639 635 630 624
640 645 649 653
640 636 631 625
641 646 650 654
641 642 637 632
642 641 646 650
642 637 632 633
643 647 651 655
643 638 634 629
644 648 652 657
644 639 635 630
645 649 653 658
645 640 636 631
646 650 654 659
646 641 642 637
647 651 655 656
647 643 638 634
648 652 657 661
648 644 639 635
649 653 658 662
649 645 640 636
650 654 659 663
650 646 641 642
650 646 641 632
651 655 656 660
651 647 643 638
652 657 661 665
652 648 644 639
653 658 662 666
653 649 645 640
654 659 663 667
654 650 646 641
655 656 660 664
655 651 647 643
656 660 664 668
656 655 651 647
657 661 665 669
657 652 648 644
658 662 666 670
658 653 649 645
659 663 667 671
659 654 650 646
660 664 668 672
660 656 655 651
661 665 669 673
661 657 652 648
662 666 670 674
662 658 653 649
663 667 671 675
663 659 654 650
664 668 672 676
664 660 656 655
665 669 673 677
665 661 657 652
666 670 674 678
666 662 658 653
667 671 675 679
667 663 659 654
668 672 676 680
668 664 660 656
669 673 677 681
669 665 661 657
670 674 678 682
670 666 662 658
671 675 679 683
671 667 663 659
672 676 680 684
672 668 664 660
673 677 681 685
673 669 665 661
674 678 682 686
674 670 666 662
675 679 683 687
675 671 667 663
676 680 684 688
676 672 668 664
677 681 685 690
677 673 669 665
678 682 686 691
678 674 670 666
679 683 687 692
679 675 671 667
680 684 688 689
680 676 672 668
681 685 690 694
681 677 673 669
682 686 691 695
682 678 674 670
683 687 692 696
683 679 675 671
684 688 689 693
684 680 676 672
685 690 694 698
685 681 677 673
686 691 695 699
686 682 678 674
687 692 696 700
687 683 679 675
688 689 693 697
688 684 680 676
689 693 697 701
689 688 684 680
690 694 698 702
690 685 681 677
691 695 699 703
691 686 682 678
692 696 700 704
692 687 683 679
693 697 701 705
693 689 688 684
694 698 702 706
694 690 685 681
695 699 703 707
695 691 686 682
696 700 704 708
696 692 687 683
697 701 705 709
697 693 689 688
698 702 706 710
698 694 690 685
699 703 707 711
699 695 691 686
700 704 708 712
700 696 692 687
701 705 709 713
701 697 693 689
702 706 710 714
702 698 694 690
703 707 711 715
703 699 695 691
704 708 712 716
704 700 696 692
705 709 713 717
705 701 697 693
706 710 714 718
706 702 698 694
707 711 715 719
707 703 699 695
708 712 716 720
708 704 700 696
709 713 717 721
709 705 701 697
710 714 718 722
710 706 702 698
711 715 719 723
711 707 703 699
712 716 720 724
712 708 704 700
713 717 721 725
713 709 705 701
714 718 722 726
714 710 706 702
715 719 723 727
715 711 707 703
716 720 724 728
716 712 708 704
717 721 725 729
717 713 709 705
718 722 726 730
718 714 710 706
719 723 727 731
719 715 711 707
720 724 728 732
720 716 712 708
721 725 729 733
721 717 713 709
722 726 730 734
722 718 714 710
723 727 731 735
723 719 715 711
724 728 732 736
724 720 716 712
725 729 733 737
725 721 717 713
726 730 734 738
726 722 718 714
727 731 735 739
727 723 719 715
728 732 736 740
728 724 720 716
729 733 737 741
729 725 721 717
730 734 738 742
730 726 722 718
731 735 739 743
731 727 723 719
732 736 740 744
732 728 724 720
733 737 741 745
733 729 725 721
734 738 742 746
734 730 726 722
735 739 743 747
735 731 727 723
736 740 744 748
736 732 728 724
737 741 745 749
737 733 729 725
738 742 746 750
738 734 730 726
739 743 747 751
739 735 731 727
740 744 748 752
740 736 732 728
741 745 749 753
741 737 733 729
742 746 750 754
742 738 734 730
743 747 751 755
743 739 735 731
744 748 752 756
744 740 736 732
745 749 753 757
745 741 737 733
746 750 754 758
746 742 738 734
747 751 755 759
747 743 739 735
748 752 756 760
748 744 740 736
749 753 757 761
749 745 741 737
750 754 758 762
750 746 742 738
751 755 759 763
751 747 743 739
752 756 760 764
752 748 744 740
753 757 761 765
753 749 745 741
754 758 762 766
754 750 746 742
755 759 763 767
755 751 747 743
756 760 764 768
756 752 748 744
757 761 765 769
757 753 749 745
758 762 766 770
758 754 750 746
759 763 767 771
759 755 751 747
760 764 768 772
760 756 752 748
761 765 769 773
761 757 753 749
762 766 770 774
762 758 754 750
763 767 771 775
763 759 755 751
764 768 772 776
764 760 756 752
765 769 773 777
765 761 757 753
766 770 774 778
766 762 758 754
767 771 775 779
767 763 759 755
768 772 776 780
768 764 760 756
769 773 777 781
769 765 761 757
770 774 778 782
770 766 762 758
771 775 779 783
771 767 763 759
772 776 780 784
772 768 764 760
773 777 781 785
773 769 765 761
774 778 782 786
774 770 766 762
775 779 783 787
775 771 767 763
776 780 784 788
776 772 768 764
777 781 785 789
777 773 769 765
778 782 786 790
778 774 770 766
779 783 787 791
779 775 771 767
780 784 788 792
780 776 772 768
781 785 789 793
781 777 773 769
782 786 790 794
782 778 774 770
783 787 791 795
783 779 775 771
784 788 792 796
784 780 776 772
785 789 793 797
785 781 777 773
786 790 794 798
786 782 778 774
787 791 795 799
787 783 779 775
788 792 796 800
788 784 780 776
789 793 797 801
789 785 781 777
790 794 798 802
790 786 782 778
791 795 799 803
791 787 783 779
792 796 800 804
792 788 784 780
793 797 801 805
793 789 785 781
794 798 802 806
794 790 786 782
795 799 803 807
795 791 787 783
796 800 804 808
796 792 788 784
797 801 805 809
797 793 789 785
798 802 806 810
798 794 790 786
799 803 807 811
799 795 791 787
800 804 808 812
800 796 792 788
801 805 809 813
801 797 793 789
802 806 810 814
802 798 794 790
803 807 811 815
803 799 795 791
804 808 812 816
804 800 796 792
805 809 813 817
805 801 797 793
806 810 814 818
806 802 798 794
807 811 815 819
807 803 799 795
808 812 816 820
808 804 800 796
809 813 817 821
809 805 801 797
810 814 818 822
810 806 802 798
811 815 819 823
811 807 803 799
812 816 820 824
812 808 804 800
813 817 821 825
813 809 805 801
814 818 822 826
814 810 806 802
815 819 823 827
815 811 807 803
816 820 824 828
816 812 808 804
817 821 825 829
817 813 809 805
818 822 826 830
818 814 810 806
819 823 827 831
819 815 811 807
820 824 828 832
820 816 812 808
821 825 829 833
821 817 813 809
822 826 830 834
822 818 814 810
823 827 831 835
823 819 815 811
824 828 832 836
824 820 816 812
825 829 833 837
825 821 817 813
826 830 834 838
826 822 818 814
827 831 835 839
827 823 819 815
828 832 836 840
828 824 820 816
829 833 837 841
829 825 821 817
830 834 838 842
830 826 822 818
831 835 839 843
831 827 823 819
832 836 840 844
832 828 824 820
833 837 841 845
833 829 825 821
834 838 842 846
834 830 826 822
835 839 843 847
835 831 827 823
836 840 844 848
836 832 828 824
837 841 845 849
837 833 829 825
838 842 846 850
838 834 830 826
839 843 847 851
839 835 831 827
840 844 848 852
840 836 832 828
841 845 849 853
841 837 833 829
842 846 850 854
842 838 834 830
843 847 851 855
843 839 835 831
844 848 852 856
844 840 836 832
845 849 853 857
845 841 837 833
846 850 854 858
846 842 838 834
847 851 855 859
847 843 839 835
848 852 856 860
848 844 840 836
849 853 857 861
849 845 841 837
850 854 858 862
850 846 842 838
851 855 859 863
851 847 843 839
852 856 860 864
852 848 844 840
853 857 861 865
853 849 845 841
854 858 862 866
854 850 846 842
855 859 863 867
855 851 847 843
856 860 864 868
856 852 848 844
857 861 865 869
857 853 849 845
858 862 866 870
858 854 850 846
859 863 867 871
859 855 851 847
860 864 868 872
860 856 852 848
861 865 869 873
861 857 853 849
862 866 870 874
862 858 854 850
863 867 871 875
863 859 855 851
864 868 872 876
864 860 856 852
865 869 873 877
865 861 857 853
866 870 874 878
866 862 858 854
867 871 875 879
867 863 859 855
868 872 876 880
868 864 860 856
869 873 877 881
869 865 861 857
870 874 878 882
870 866 862 858
871 875 879 883
871 867 863 859
872 876 880 884
872 868 864 860
873 877 881 885
873 869 865 861
874 878 882 886
874 870 866 862
875 879 883 887
875 871 867 863
876 880 884 888
876 872 868 864
877 881 885 889
877 873 869 865
878 882 886 890
878 874 870 866
879 883 887 891
879 875 871 867
880 884 888 892
880 876 872 868
881 885 889 893
881 877 873 869
882 886 890 894
882 878 874 870
883 887 891 895
883 879 875 871
884 888 892 896
884 880 876 872
885 889 893 897
885 881 877 873
886 890 894 898
886 882 878 874
887 891 895 899
887 883 879 875
888 892 896 900
888 884 880 876
889 893 897 901
889 885 881 877
890 894 898 902
890 886 882 878
891 895 899 903
891 887 883 879
892 896 900 904
892 888 884 880
893 897 901 905
893 889 885 881
894 898 902 906
894 890 886 882
895 899 903 907
895 891 887 883
896 900 904 908
896 892 888 884
897 901 905 909
897 893 889 885
898 902 906 910
898 894 890 886
899 903 907 911
899 895 891 887
900 904 908 912
900 896 892 888
901 905 909 913
901 897 893 889
902 906 910 914
902 898 894 890
903 907 911 915
903 899 895 891
904 908 912 916
904 900 896 892
905 909 913 917
905 901 897 893
906 910 914 918
906 902 898 894
907 911 915 919
907 903 899 895
908 912 916 920
908 904 900 896
909 913 917 921
909 905 901 897
910 914 918 922
910 906 902 898
911 915 919 923
911 907 903 899
912 916 920 924
912 908 904 900
913 917 921 925
913 909 905 901
914 918 922 926
914 910 906 902
915 919 923 927
915 911 907 903
916 920 924 928
916 912 908 904
917 921 925 929
917 913 909 905
918 922 926 930
918 914 910 906
919 923 927 931
919 915 911 907
920 924 928 932
920 916 912 908
921 925 929 933
921 917 913 909
922 926 930 934
922 918 914 910
923 927 931 935
923 919 915 911
924 928 932 936
924 920 916 912
925 929 933 937
925 921 917 913
926 930 934 938
926 922 918 914
927 931 935 939
927 923 919 915
928 932 936 940
928 924 920 916
929 933 937 941
929 925 921 917
930 934 938 942
930 926 922 918
931 935 939 943
931 927 923 919
932 936 940 944
932 928 924 920
933 937 941 945
933 929 925 921
934 938 942 946
934 930 926 922
935 939 943 947
935 931 927 923
936 940 944 948
936 932 928 924
937 941 945 949
937 933 929 925
938 942 946 950
938 934 930 926
939 943 947 951
939 935 931 927
940 944 948 952
940 936 932 928
941 945 949 953
941 937 933 929
942 946 950 954
942 938 934 930
943 947 951 955
943 939 935 931
944 948 952 956
944 940 936 932
945 949 953 957
945 941 937 933
946 950 954 958
946 942 938 934
947 951 955 959
947 943 939 935
948 952 956 960
948 944 940 936
949 953 957 961
949 945 941 937
950 954 958 962
950 946 942 938
951 955 959 963
951 947 943 939
952 956 960 964
952 948 944 940
953 957 961 965
953 949 945 941
954 958 962 966
954 950 946 942
955 959 963 967
955 951 947 943
956 960 964 968
956 952 948 944
957 961 965 969
957 953 949 945
958 962 966 970
958 954 950 946
959 963 967 971
959 955 951 947
960 964 968 972
960 956 952 948
961 965 969 973
961 957 953 949
962 966 970 974
962 958 954 950
963 967 971 975
963 959 955 951
964 968 972 976
964 960 956 952
965 969 973 977
965 961 957 953
966 970 974 978
966 962 958 954
967 971 975 979
967 963 959 955
968 972 976 980
968 964 960 956
969 973 977 981
969 965 961 957
970 974 978 982
970 966 962 958
971 975 979 983
971 967 963 959
972 976 980 984
972 968 964 960
973 977 981 985
973 969 965 961
974 978 982 986
974 970 966 962
975 979 983 987
975 971 967 963
976 980 984 988
976 972 968 964
977 981 985 989
977 973 969 965
978 982 986 990
978 974 970 966
979 983 987 991
979 975 971 967
980 984 988 992
980 976 972 968
981 985 989 993
981 977 973 969
982 986 990 994
982 978 974 970
983 987 991 995
983 979 975 971
984 988 992 996
984 980 976 972
985 989 993 997
985 981 977 973
986 990 994 998
986 982 978 974
987 991 995 999
987 983 979 975
988 992 996 1000
988 984 980 976
989 993 997 1001
989 985 981 977
990 994 998 1002
990 986 982 978
991 995 999 1003
991 987 983 979
992 996 1000 1004
992 988 984 980
993 997 1001 1005
993 989 985 981
994 998 1002 1006
994 990 986 982
995 999 1003 1007
995 991 987 983
996 1000 1004 1008
996 992 988 984
997 1001 1005 1009
997 993 989 985
998 1002 1006 1010
998 994 990 986
999 1003 1007 1011
999 995 991 987
1000 1004 1008 1012
1000 996 992 988
1001 1005 1009 1013
1001 997 993 989
1002 1006 1010 1014
1002 998 994 990
1003 1007 1011 1015
1003 999 995 991
1004 1008 1012 1016
1004 1000 996 992
1005 1009 1013 1017
1005 1001 997 993
1006 1010 1014 1018
1006 1002 998 994
1007 1011 1015 1019
1007 1003 999 995
1008 1012 1016 1020
1008 1004 1000 996
1009 1013 1017 1021
1009 1005 1001 997
1010 1014 1018 1022
1010 1006 1002 998
1011 1015 1019 1023
1011 1007 1003 999
1012 1016 1020 1024
1012 1008 1004 1000
1013 1017 1021 1025
1013 1009 1005 1001
1014 1018 1022 1026
1014 1010 1006 1002
1015 1019 1023 1027
1015 1011 1007 1003
1016 1020 1024 1028
1016 1012 1008 1004
1017 1021 1025 1029
1017 1013 1009 1005
1018 1022 1026 1030
1018 1014 1010 1006
1019 1023 1027 1031
1019 1015 1011 1007
1020 1024 1028 1032
1020 1016 1012 1008
1021 1025 1029 1033
1021 1017 1013 1009
1022 1026 1030 1034
1022 1018 1014 1010
1023 1027 1031 1035
1023 1019 1015 1011
1024 1028 1032 1036
1024 1020 1016 1012
1025 1029 1033 1037
1025 1021 1017 1013
1026 1030 1034 1038
1026 1022 1018 1014
1027 1031 1035 1039
1027 1023 1019 1015
1028 1032 1036 1040
1028 1024 1020 1016
1029 1033 1037 1041
1029 1025 1021 1017
1030 1034 1038 1042
1030 1026 1022 1018
1031 1035 1039 1043
1031 1027 1023 1019
1032 1036 1040 1044
1032 1028 1024 1020
1033 1037 1041 1045
1033 1029 1025 1021
1034 1038 1042 1046
1034 1030 1026 1022
1035 1039 1043 1047
1035 1031 1027 1023
1036 1040 1044 1048
1036 1032 1028 1024
1037 1041 1045 1049
1037 1033 1029 1025
1038 1042 1046 1050
1038 1034 1030 1026
1039 1043 1047 1051
1039 1035 1031 1027
1040 1044 1048 1052
1040 1036 1032 1028
1041 1045 1049 1053
1041 1037 1033 1029
1042 1046 1050 1054
1042 1038 1034 1030
1043 1047 1051 1055
1043 1039 1035 1031
1044 1048 1052 1056
1044 1040 1036 1032
1045 1049 1053 1057
1045 1041 1037 1033
1046 1050 1054 1058
1046 1042 1038 1034
1047 1051 1055 1059
1047 1043 1039 1035
1048 1052 1056 1060
1048 1044 1040 1036
1049 1053 1057 1061
1049 1045 1041 1037
1050 1054 1058 1062
1050 1046 1042 1038
1051 1055 1059 1063
1051 1047 1043 1039
1052 1056 1060 1064
1052 1048 1044 1040
1053 1057 1061 1065
1053 1049 1045 1041
1054 1058 1062 1066
1054 1050 1046 1042
1055 1059 1063 1067
1055 1051 1047 1043
1056 1060 1064 1068
1056 1052 1048 1044
1057 1061 1065 1069
1057 1053 1049 1045
1058 1062 1066 1070
1058 1054 1050 1046
1059 1063 1067 1071
1059 1055 1051 1047
1060 1064 1068 1072
1060 1056 1052 1048
1061 1065 1069 1073
1061 1057 1053 1049
1062 1066 1070 1074
1062 1058 1054 1050
1063 1067 1071 1075
1063 1059 1055 1051
1064 1068 1072 1076
1064 1060 1056 1052
1065 1069 1073 1077
1065 1061 1057 1053
1066 1070 1074 1078
1066 1062 1058 1054
1067 1071 1075 1079
1067 1063 1059 1055
1068 1072 1076 1080
1068 1064 1060 1056
1069 1073 1077 1081
1069 1065 1061 1057
1070 1074 1078 1082
1070 1066 1062 1058
1071 1075 1079 1083
1071 1067 1063 1059
1072 1076 1080 1084
1072 1068 1064 1060
1073 1077 1081 1085
1073 1069 1065 1061
1074 1078 1082 1086
1074 1070 1066 1062
1075 1079 1083 1087
1075 1071 1067 1063
1076 1080 1084 1088
1076 1072 1068 1064
1077 1081 1085 1089
1077 1073 1069 1065
1078 1082 1086 1090
1078 1074 1070 1066
1079 1083 1087 1091
1079 1075 1071 1067
1080 1084 1088 1092
1080 1076 1072 1068
1081 1085 1089 1093
1081 1077 1073 1069
1082 1086 1090 1094
1082 1078 1074 1070
1083 1087 1091 1095
1083 1079 1075 1071
1084 1088 1092 1096
1084 1080 1076 1072
1085 1089 1093 1097
1085 1081 1077 1073
1086 1090 1094 1098
1086 1082 1078 1074
1087 1091 1095 1099
1087 1083 1079 1075
1088 1092 1096 1100
1088 1084 1080 1076
1089 1093 1097 1101
1089 1085 1081 1077
1090 1094 1098 1102
1090 1086 1082 1078
1091 1095 1099 1103
1091 1087 1083 1079
1092 1096 1100 1104
1092 1088 1084 1080
1093 1097 1101 1105
1093 1089 1085 1081
1094 1098 1102 1106
1094 1090 1086 1082
1095 1099 1103 1107
1095 1091 1087 1083
1096 1100 1104 1108
1096 1092 1088 1084
1097 1101 1105 1109
1097 1093 1089 1085
1098 1102 1106 1110
1098 1094 1090 1086
1099 1103 1107 1111
1099 1095 1091 1087
1100 1104 1108 1112
1100 1096 1092 1088
1101 1105 1109 1113
1101 1097 1093 1089
1102 1106 1110 1114
1102 1098 1094 1090
1103 1107 1111 1115
1103 1099 1095 1091
1104 1108 1112 1116
1104 1100 1096 1092
1105 1109 1113 1117
1105 1101 1097 1093
1106 1110 1114 1118
1106 1102 1098 1094
1107 1111 1115 1119
1107 1103 1099 1095
1108 1112 1116 1120
1108 1104 1100 1096
1109 1113 1117 1121
1109 1105 1101 1097
1110 1114 1118 1122
1110 1106 1102 1098
1111 1115 1119 1123
1111 1107 1103 1099
1112 1116 1120 1124
1112 1108 1104 1100
1113 1117 1121 1125
1113 1109 1105 1101
1114 1118 1122 1126
1114 1110 1106 1102
1115 1119 1123 1127
1115 1111 1107 1103
1116 1120 1124 1128
1116 1112 1108 1104
1117 1121 1125 1129
1117 1113 1109 1105
1118 1122 1126 1130
1118 1114 1110 1106
1119 1123 1127 1131
1119 1115 1111 1107
1120 1124 1128 1132
1120 1116 1112 1108
1121 1125 1129 1133
1121 1117 1113 1109
1122 1126 1130 1134
1122 1118 1114 1110
1123 1127 1131 1135
1123 1119 1115 1111
1124 1128 1132 1136
1124 1120 1116 1112
1125 1129 1133 1137
1125 1121 1117 1113
1126 1130 1134 1138
1126 1122 1118 1114
1127 1131 1135 1139
1127 1123 1119 1115
1128 1132 1136 1140
1128 1124 1120 1116
1129 1133 1137 1141
1129 1125 1121 1117
1130 1134 1138 1142
1130 1126 1122 1118
1131 1135 1139 1143
1131 1127 1123 1119
1132 1136 1140 1144
1132 1128 1124 1120
1133 1137 1141 1145
1133 1129 1125 1121
1134 1138 1142 1146
1134 1130 1126 1122
1135 1139 1143 1147
1135 1131 1127 1123
1136 1140 1144 1148
1136 1132 1128 1124
1137 1141 1145 1149
1137 1133 1129 1125
1138 1142 1146 1150
1138 1134 1130 1126
1139 1143 1147 1151
1139 1135 1131 1127
1140 1144 1148 1152
1140 1136 1132 1128
1141 1145 1149 1153
1141 1137 1133 1129
1142 1146 1150 1154
1142 1138 1134 1130
1143 1147 1151 1155
1143 1139 1135 1131
1144 1148 1152 1156
1144 1140 1136 1132
1145 1149 1153 1157
1145 1141 1137 1133
1146 1150 1154 1158
1146 1142 1138 1134
1147 1151 1155 1159
1147 1143 1139 1135
1148 1152 1156 1160
1148 1144 1140 1136
1149 1153 1157 1161
1149 1145 1141 1137
1150 1154 1158 1162
1150 1146 1142 1138
1151 1155 1159 1163
1151 1147 1143 1139
1152 1156 1160 1164
1152 1148 1144 1140
1153 1157 1161 1165
1153 1149 1145 1141
1154 1158 1162 1166
1154 1150 1146 1142
1155 1159 1163 1167
1155 1151 1147 1143
1156 1160 1164 1168
1156 1152 1148 1144
1157 1161 1165 1169
1157 1153 1149 1145
1158 1162 1166 1170
1158 1154 1150 1146
1159 1163 1167 1171
1159 1155 1151 1147
1160 1164 1168 1172
1160 1156 1152 1148
1161 1165 1169 1173
1161 1157 1153 1149
1162 1166 1170 1174
1162 1158 1154 1150
1163 1167 1171 1175
1163 1159 1155 1151
1164 1168 1172 1176
1164 1160 1156 1152
1165 1169 1173 1177
1165 1161 1157 1153
1166 1170 1174 1178
1166 1162 1158 1154
1167 1171 1175 1179
1167 1163 1159 1155
1168 1172 1176 1180
1168 1164 1160 1156
1169 1173 1177 1181
1169 1165 1161 1157
1170 1174 1178 1182
1170 1166 1162 1158
1171 1175 1179 1183
1171 1167 1163 1159
1172 1176 1180 1184
1172 1168 1164 1160
1173 1177 1181 1185
1173 1169 1165 1161
1174 1178 1182 1186
1174 1170 1166 1162
1175 1179 1183 1187
1175 1171 1167 1163
1176 1180 1184 1188
1176 1172 1168 1164
1177 1181 1185 1189
1177 1173 1169 1165
1178 1182 1186 1190
1178 1174 1170 1166
1179 1183 1187 1191
1179 1175 1171 1167
1180 1184 1188 1192
1180 1176 1172 1168
1181 1185 1189 1193
1181 1177 1173 1169
1182 1186 1190 1194
1182 1178 1174 1170
1183 1187 1191 1195
1183 1179 1175 1171
1184 1188 1192 1196
1184 1180 1176 1172
1185 1189 1193 1197
1185 1181 1177 1173
1186 1190 1194 1198
1186 1182 1178 1174
1187 1191 1195 1199
1187 1183 1179 1175
1188 1192 1196 1200
1188 1184 1180 1176
1189 1193 1197 1201
1189 1185 1181 1177
1190 1194 1198 1202
1190 1186 1182 1178
1191 1195 1199 1203
1191 1187 1183 1179
1192 1196 1200 1204
1192 1188 1184 1180
1193 1197 1201 1205
1193 1189 1185 1181
1194 1198 1202 1206
1194 1190 1186 1182
1195 1199 1203 1207
1195 1191 1187 1183
1196 1200 1204 1208
1196 1192 1188 1184
1197 1201 1205 1209
1197 1193 1189 1185
1198 1202 1206 1210
1198 1194 1190 1186
1199 1203 1207 1211
1199 1195 1191 1187
1200 1204 1208 1212
1200 1196 1192 1188
1201 1205 1209 1213
1201 1197 1193 1189
1202 1206 1210 1214
1202 1198 1194 1190
1203 1207 1211 1215
1203 1199 1195 1191
1204 1208 1212 1216
1204 1200 1196 1192
1205 1209 1213 1217
1205 1201 1197 1193
1206 1210 1214 1218
1206 1202 1198 1194
1207 1211 1215 1219
1207 1203 1199 1195
1208 1212 1216 1220
1208 1204 1200 1196
1209 1213 1217 1221
1209 1205 1201 1197
1210 1214 1218 1222
1210 1206 1202 1198
1211 1215 1219 1223
1211 1207 1203 1199
1212 1216 1220 1224
1212 1208 1204 1200
1213 1217 1221 1225
1213 1209 1205 1201
1214 1218 1222 1226
1214 1210 1206 1202
1215 1219 1223 1227
1215 1211 1207 1203
1216 1220 1224 1228
1216 1212 1208 1204
1217 1221 1225 1229
1217 1213 1209 1205
1218 1222 1226 1230
1218 1214 1210 1206
1219 1223 1227 1231
1219 1215 1211 1207
1220 1224 1228 1232
1220 1216 1212 1208
1221 1225 1229 1233
1221 1217 1213 1209
1222 1226 1230 1234
1222 1218 1214 1210
1223 1227 1231 1235
1223 1219 1215 1211
1224 1228 1232 1236
1224 1220 1216 1212
1225 1229 1233 1237
1225 1221 1217 1213
1226 1230 1234 1238
1226 1222 1218 1214
1227 1231 1235 1239
1227 1223 1219 1215
1228 1232 1236 1240
1228 1224 1220 1216
1229 1233 1237 1241
1229 1225 1221 1217
1230 1234 1238 1242
1230 1226 1222 1218
1231 1235 1239 1243
1231 1227 1223 1219
1232 1236 1240 1244
1232 1228 1224 1220
1233 1237 1241 1245
1233 1229 1225 1221
1234 1238 1242 1246
1234 1230 1226 1222
1235 1239 1243 1247
1235 1231 1227 1223
1236 1240 1244 1248
1236 1232 1228 1224
1237 1241 1245 1249
1237 1233 1229 1225
1238 1242 1246 1250
1238 1234 1230 1226
1239 1243 1247 1251
1239 1235 1231 1227
1240 1244 1248 1252
1240 1236 1232 1228
1241 1245 1249 1253
1241 1237 1233 1229
1242 1246 1250 1254
1242 1238 1234 1230
1243 1247 1251 1255
1243 1239 1235 1231
1244 1248 1252 1256
1244 1240 1236 1232
1245 1249 1253 1257
1245 1241 1237 1233
1246 1250 1254 1258
1246 1242 1238 1234
1247 1251 1255 1259
1247 1243 1239 1235
1248 1252 1256 1260
1248 1244 1240 1236
1249 1253 1257 1261
1249 1245 1241 1237
1250 1254 1258 1262
1250 1246 1242 1238
1251 1255 1259 1263
1251 1247 1243 1239
1252 1256 1260 1264
1252 1248 1244 1240
1253 1257 1261 1265
1253 1249 1245 1241
1254 1258 1262 1266
1254 1250 1246 1242
1255 1259 1263 1267
1255 1251 1247 1243
1256 1260 1264 1268
1256 1252 1248 1244
1257 1261 1265 1269
1257 1253 1249 1245
1258 1262 1266 1270
1258 1254 1250 1246
1259 1263 1267 1271
1259 1255 1251 1247
1260 1264 1268 1272
1260 1256 1252 1248
1261 1265 1269 1273
1261 1257 1253 1249
1262 1266 1270 1274
1262 1258 1254 1250
1263 1267 1271 1275
1263 1259 1255 1251
1264 1268 1272 1276
1264 1260 1256 1252
1265 1269 1273 1277
1265 1261 1257 1253
1266 1270 1274 1278
1266 1262 1258 1254
1267 1271 1275 1279
1267 1263 1259 1255
1268 1272 1276 1280
1268 1264 1260 1256
1269 1273 1277 1281
1269 1265 1261 1257
1270 1274 1278 1282
1270 1266 1262 1258
1271 1275 1279 1283
1271 1267 1263 1259
1272 1276 1280 1284
1272 1268 1264 1260
1273 1277 1281 1285
1273 1269 1265 1261
1274 1278 1282 1286
1274 1270 1266 1262
1275 1279 1283 1287
1275 1271 1267 1263
1276 1280 1284 1288
1276 1272 1268 1264
1277 1281 1285 1289
1277 1273 1269 1265
1278 1282 1286 1290
1278 1274 1270 1266
1279 1283 1287 1291
1279 1275 1271 1267
1280 1284 1288 1292
1280 1276 1272 1268
1281 1285 1289 1293
1281 1277 1273 1269
1282 1286 1290 1294
1282 1278 1274 1270
1283 1287 1291 1295
1283 1279 1275 1271
1284 1288 1292 1296
1284 1280 1276 1272
1285 1289 1293 1297
1285 1281 1277 1273
1286 1290 1294 1298
1286 1282 1278 1274
1287 1291 1295 1299
1287 1283 1279 1275
1288 1292 1296 1300
1288 1284 1280 1276
1289 1293 1297 1301
1289 1285 1281 1277
1290 1294 1298 1302
1290 1286 1282 1278
1291 1295 1299 1303
1291 1287 1283 1279
1292 1296 1300 1304
1292 1288 1284 1280
1293 1297 1301 1305
1293 1289 1285 1281
1294 1298 1302 1306
1294 1290 1286 1282
1295 1299 1303 1307
1295 1291 1287 1283
1296 1300 1304 1308
1296 1292 1288 1284
1297 1301 1305 1309
1297 1293 1289 1285
1298 1302 1306 1310
1298 1294 1290 1286
1299 1303 1307 1311
1299 1295 1291 1287
1300 1304 1308 1312
1300 1296 1292 1288
1301 1305 1309 1313
1301 1297 1293 1289
1302 1306 1310 1314
1302 1298 1294 1290
1303 1307 1311 1315
1303 1299 1295 1291
1304 1308 1312 1316
1304 1300 1296 1292
1305 1309 1313 1317
1305 1301 1297 1293
1306 1310 1314 1318
1306 1302 1298 1294
1307 1311 1315 1319
1307 1303 1299 1295
1308 1312 1316 1320
1308 1304 1300 1296
1309 1313 1317 1321
1309 1305 1301 1297
1310 1314 1318 1322
1310 1306 1302 1298
1311 1315 1319 1323
1311 1307 1303 1299
1312 1316 1320 1324
1312 1308 1304 1300
1313 1317 1321 1325
1313 1309 1305 1301
1314 1318 1322 1326
1314 1310 1306 1302
1315 1319 1323 1327
1315 1311 1307 1303
1316 1320 1324 1328
1316 1312 1308 1304
1317 1321 1325 1329
1317 1313 1309 1305
1318 1322 1326 1330
1318 1314 1310 1306
1319 1323 1327 1331
1319 1315 1311 1307
1320 1324 1328 1332
1320 1316 1312 1308
1321 1325 1329 1333
1321 1317 1313 1309
1322 1326 1330 1334
1322 1318 1314 1310
1323 1327 1331 1335
1323 1319 1315 1311
1324 1328 1332 1336
1324 1320 1316 1312
1325 1329 1333 1337
1325 1321 1317 1313
1326 1330 1334 1338
1326 1322 1318 1314
1327 1331 1335 1339
1327 1323 1319 1315
1328 1332 1336 1340
1328 1324 1320 1316
1329 1333 1337 1341
1329 1325 1321 1317
1330 1334 1338 1342
1330 1326 1322 1318
1331 1335 1339 1343
1331 1327 1323 1319
1332 1336 1340 1344
1332 1328 1324 1320
1333 1337 1341 1345
1333 1329 1325 1321
1334 1338 1342 1346
1334 1330 1326 1322
1335 1339 1343 1347
1335 1331 1327 1323
1336 1340 1344 1348
1336 1332 1328 1324
1337 1341 1345 1349
1337 1333 1329 1325
1338 1342 1346 1350
1338 1334 1330 1326
1339 1343 1347 1351
1339 1335 1331 1327
1340 1344 1348 1352
1340 1336 1332 1328
1341 1345 1349 1353
1341 1337 1333 1329
1342 1346 1350 1354
1342 1338 1334 1330
1343 1347 1351 1355
1343 1339 1335 1331
1344 1348 1352 1356
1344 1340 1336 1332
1345 1349 1353 1357
1345 1341 1337 1333
1346 1350 1354 1358
1346 1342 1338 1334
1347 1351 1355 1359
1347 1343 1339 1335
1348 1352 1356 1360
1348 1344 1340 1336
1349 1353 1357 1361
1349 1345 1341 1337
1350 1354 1358 1362
1350 1346 1342 1338
1351 1355 1359 1363
1351 1347 1343 1339
1352 1356 1360 1364
1352 1348 1344 1340
1353 1357 1361 1365
1353 1349 1345 1341
1354 1358 1362 1366
1354 1350 1346 1342
1355 1359 1363 1367
1355 1351 1347 1343
1356 1360 1364 1368
1356 1352 1348 1344
1357 1361 1365 1369
1357 1353 1349 1345
1358 1362 1366 1370
1358 1354 1350 1346
1359 1363 1367 1371
1359 1355 1351 1347
1360 1364 1368 1372
1360 1356 1352 1348
1361 1365 1369 1373
1361 1357 1353 1349
1362 1366 1370 1374
1362 1358 1354 1350
1363 1367 1371 1375
1363 1359 1355 1351
1364 1368 1372 1376
1364 1360 1356 1352
1365 1369 1373 1377
1365 1361 1357 1353
1366 1370 1374 1378
1366 1362 1358 1354
1367 1371 1375 1379
1367 1363 1359 1355
1368 1372 1376 1380
1368 1364 1360 1356
1369 1373 1377 1381
1369 1365 1361 1357
1370 1374 1378 1382
1370 1366 1362 1358
1371 1375 1379 1383
1371 1367 1363 1359
1372 1376 1380 1384
1372 1368 1364 1360
1373 1377 1381 1385
1373 1369 1365 1361
1374 1378 1382 1386
1374 1370 1366 1362
1375 1379 1383 1387
1375 1371 1367 1363
1376 1380 1384 1388
1376 1372 1368 1364
1377 1381 1385 1389
1377 1373 1369 1365
1378 1382 1386 1390
1378 1374 1370 1366
1379 1383 1387 1391
1379 1375 1371 1367
1380 1384 1388 1392
1380 1376 1372 1368
1381 1385 1389 1393
1381 1377 1373 1369
1382 1386 1390 1394
1382 1378 1374 1370
1383 1387 1391 1395
1383 1379 1375 1371
1384 1388 1392 1396
1384 1380 1376 1372
1385 1389 1393 1397
1385 1381 1377 1373
1386 1390 1394 1398
1386 1382 1378 1374
1387 1391 1395 1399
1387 1383 1379 1375
1388 1392 1396 1400
1388 1384 1380 1376
1389 1393 1397 1401
1389 1385 1381 1377
1390 1394 1398 1402
1390 1386 1382 1378
1391 1395 1399 1403
1391 1387 1383 1379
1392 1396 1400 1404
1392 1388 1384 1380
1393 1397 1401 1405
1393 1389 1385 1381
1394 1398 1402 1406
1394 1390 1386 1382
1395 1399 1403 1407
1395 1391 1387 1383
1396 1400 1404 1408
1396 1392 1388 1384
1397 1401 1405 1409
1397 1393 1389 1385
1398 1402 1406 1410
1398 1394 1390 1386
1399 1403 1407 1411
1399 1395 1391 1387
1400 1404 1408 1412
1400 1396 1392 1388
1401 1405 1409 1413
1401 1397 1393 1389
1402 1406 1410 1414
1402 1398 1394 1390
1403 1407 1411 1415
1403 1399 1395 1391
1404 1408 1412 1416
1404 1400 1396 1392
1405 1409 1413 1417
1405 1401 1397 1393
1406 1410 1414 1418
1406 1402 1398 1394
1407 1411 1415 1419
1407 1403 1399 1395
1408 1412 1416 1420
1408 1404 1400 1396
1409 1413 1417 1421
1409 1405 1401 1397
1410 1414 1418 1422
1410 1406 1402 1398
1411 1415 1419 1423
1411 1407 1403 1399
1412 1416 1420 1424
1412 1408 1404 1400
1413 1417 1421 1425
1413 1409 1405 1401
1414 1418 1422 1426
1414 1410 1406 1402
1415 1419 1423 1427
1415 1411 1407 1403
1416 1420 1424 1428
1416 1412 1408 1404
1417 1421 1425 1429
1417 1413 1409 1405
1418 1422 1426 1430
1418 1414 1410 1406
1419 1423 1427 1431
1419 1415 1411 1407
1420 1424 1428 1432
1420 1416 1412 1408
1421 1425 1429 1433
1421 1417 1413 1409
1422 1426 1430 1434
1422 1418 1414 1410
1423 1427 1431 1435
1423 1419 1415 1411
1424 1428 1432 1436
1424 1420 1416 1412
1425 1429 1433 1437
1425 1421 1417 1413
1426 1430 1434 1438
1426 1422 1418 1414
1427 1431 1435 1439
1427 1423 1419 1415
1428 1432 1436 1440
1428 1424 1420 1416
1429 1433 1437 1441
1429 1425 1421 1417
1430 1434 1438 1442
1430 1426 1422 1418
1431 1435 1439 1443
1431 1427 1423 1419
1432 1436 1440 1444
1432 1428 1424 1420
1433 1437 1441 1445
1433 1429 1425 1421
1434 1438 1442 1446
1434 1430 1426 1422
1435 1439 1443 1447
1435 1431 1427 1423
1436 1440 1444 1448
1436 1432 1428 1424
1437 1441 1445 1449
1437 1433 1429 1425
1438 1442 1446 1450
1438 1434 1430 1426
1439 1443 1447 1451
1439 1435 1431 1427
1440 1444 1448 1452
1440 1436 1432 1428
1441 1445 1449 1453
1441 1437 1433 1429
1442 1446 1450 1454
1442 1438 1434 1430
1443 1447 1451 1455
1443 1439 1435 1431
1444 1448 1452 1456
1444 1440 1436 1432
1445 1449 1453 1457
1445 1441 1437 1433
1446 1450 1454 1458
1446 1442 1438 1434
1447 1451 1455 1459
1447 1443 1439 1435
1448 1452 1456 1460
1448 1444 1440 1436
1449 1453 1457 1461
1449 1445 1441 1437
1450 1454 1458 1462
1450 1446 1442 1438
1451 1455 1459 1463
1451 1447 1443 1439
1452 1456 1460 1464
1452 1448 1444 1440
1453 1457 1461 1465
1453 1449 1445 1441
1454 1458 1462 1466
1454 1450 1446 1442
1455 1459 1463 1467
1455 1451 1447 1443
1456 1460 1464 1468
1456 1452 1448 1444
1457 1461 1465 1469
1457 1453 1449 1445
1458 1462 1466 1470
1458 1454 1450 1446
1459 1463 1467 1471
1459 1455 1451 1447
1460 1464 1468 1472
1460 1456 1452 1448
1461 1465 1469 1473
1461 1457 1453 1449
1462 1466 1470 1474
1462 1458 1454 1450
1463 1467 1471 1475
1463 1459 1455 1451
1464 1468 1472 1477
1464 1460 1456 1452
1465 1469 1473 1478
1465 1461 1457 1453
1466 1470 1474 1479
1466 1462 1458 1454
1467 1471 1475 1480
1467 1463 1459 1455
1468 1472 1477 1482
1468 1464 1460 1456
1469 1473 1478 1483
1469 1465 1461 1457
1470 1474 1479 1484
1470 1466 1462 1458
1471 1475 1480 1485
1471 1467 1463 1459
1472 1477 1482 1487
1472 1468 1464 1460
1473 1478 1483 1488
1473 1469 1465 1461
1474 1479 1484 1489
1474 1470 1466 1462
1475 1480 1485 1490
1475 1471 1467 1463
1476 1481 1486 1491
1477 1482 1487 1492
1477 1472 1468 1464
1478 1483 1488 1493
1478 1473 1469 1465
1479 1484 1489 1494
1479 1474 1470 1466
1480 1485 1490 1495
1480 1475 1471 1467
1481 1486 1491 1496
1482 1487 1492 1497
1482 1477 1472 1468
1483 1488 1493 1498
1483 1478 1473 1469
1484 1489 1494 1499
1484 1479 1474 1470
1485 1490 1495 1500
1485 1480 1475 1471
1486 1491 1496 1501
1486 1481 1476 -1
1487 1492 1497 1502
1487 1482 1477 1472
1488 1493 1498 1503
1488 1483 1478 1473
1489 1494 1499 1504
1489 1484 1479 1474
1490 1495 1500 1505
1490 1485 1480 1475
1491 1496 1501 1506
1491 1486 1481 1476
1492 1497 1502 1507
1492 1487 1482 1477
1493 1498 1503 1508
1493 1488 1483 1478
1494 1499 1504 1509
1494 1489 1484 1479
1495 1500 1505 1510
1495 1490 1485 1480
1496 1501 1506 1511
1496 1491 1486 1481
1497 1502 1507 1512
1497 1492 1487 1482
1498 1503 1508 1513
1498 1493 1488 1483
1499 1504 1509 1514
1499 1494 1489 1484
1500 1505 1510 1515
1500 1495 1490 1485
1501 1506 1511 1516
1501 1496 1491 1486
1502 1507 1512 1517
1502 1497 1492 1487
1503 1508 1513 1518
1503 1498 1493 1488
1504 1509 1514 1519
1504 1499 1494 1489
1505 1510 1515 1520
1505 1500 1495 1490
1506 1511 1516 1521
1506 1501 1496 1491
1507 1512 1517 1522
1507 1502 1497 1492
1508 1513 1518 1523
1508 1503 1498 1493
1509 1514 1519 1524
1509 1504 1499 1494
1510 1515 1520 1525
1510 1505 1500 1495
1511 1516 1521 1530
1511 1506 1501 1496
1512 1517 1522 1526
1512 1507 1502 1497
1513 1518 1523 1527
1513 1508 1503 1498
1514 1519 1524 1528
1514 1509 1504 1499
1515 1520 1525 1529
1515 1510 1505 1500
1516 1521 1530 1535
1516 1511 1506 1501
1517 1522 1526 1531
1517 1512 1507 1502
1518 1523 1527 1532
1518 1513 1508 1503
1519 1524 1528 1533
1519 1514 1509 1504
1520 1525 1529 1534
1520 1515 1510 1505
1521 1530 1535 1544
1521 1516 1511 1506
1522 1526 1531 1536
1522 1517 1512 1507
1523 1527 1532 1537
1523 1518 1513 1508
1524 1528 1533 1538
1524 1519 1514 1509
1525 1529 1534 1539
1525 1520 1515 1510
1526 1531 1536 1540
1526 1522 1517 1512
1527 1532 1537 1541
1527 1523 1518 1513
1528 1533 1538 1542
1528 1524 1519 1514
1529 1534 1539 1543
1529 1525 1520 1515
1530 1535 1544 1549
1530 1521 1516 1511
1531 1536 1540 1545
1531 1526 1522 1517
1532 1537 1541 1546
1532 1527 1523 1518
1533 1538 1542 1547
1533 1528 1524 1519
1534 1539 1543 1548
1534 1529 1525 1520
1535 1544 1549 1558
1535 1530 1521 1516
1536 1540 1545 1550
1536 1531 1526 1522
1537 1541 1546 1551
1537 1532 1527 1523
1538 1542 1547 1552
1538 1533 1528 1524
1539 1543 1548 1553
1539 1534 1529 1525
1540 1545 1550 1554
1540 1536 1531 1526
1541 1546 1551 1555
1541 1537 1532 1527
1542 1547 1552 1556
1542 1538 1533 1528
1543 1548 1553 1557
1543 1539 1534 1529
1544 1549 1558 1567
1544 1535 1530 1521
1545 1550 1554 1559
1545 1540 1536 1531
1546 1551 1555 1560
1546 1541 1537 1532
1547 1552 1556 1561
1547 1542 1538 1533
1548 1553 1557 1562
1548 1543 1539 1534
1549 1558 1567 1572
1549 1544 1535 1530
1550 1554 1559 1563
1550 1545 1540 1536
1551 1555 1560 1564
1551 1546 1541 1537
1552 1556 1561 1565
1552 1547 1542 1538
1553 1557 1562 1566
1553 1548 1543 1539
1554 1559 1563 1568
1554 1550 1545 1540
1555 1560 1564 1569
1555 1551 1546 1541
1556 1561 1565 1570
1556 1552 1547 1542
1557 1562 1566 1571
1557 1553 1548 1543
1558 1567 1572 1577
1558 1549 1544 1535
1559 1563 1568 1573
1559 1554 1550 1545
1560 1564 1569 1574
1560 1555 1551 1546
1561 1565 1570 1575
1561 1556 1552 1547
1562 1566 1571 1576
1562 1557 1553 1548
1563 1568 1573 1578
1563 1559 1554 1550
1564 1569 1574 1579
1564 1560 1555 1551
1565 1570 1575 1580
1565 1561 1556 1552
1566 1571 1576 1581
1566 1562 1557 1553
1567 1572 1577 1582
1567 1558 1549 1544
1568 1573 1578 1583
1568 1563 1559 1554
1569 1574 1579 1584
1569 1564 1560 1555
1570 1575 1580 1585
1570 1565 1561 1556
1571 1576 1581 1586
1571 1566 1562 1557
1572 1577 1582 1587
1572 1567 1558 1549
1573 1578 1583 1589
1573 1568 1563 1559
1574 1579 1584 1590
1574 1569 1564 1560
1575 1580 1585 1591
1575 1570 1565 1561
1576 1581 1586 1592
1576 1571 1566 1562
1577 1582 1587 1588
1577 1572 1567 1558
1578 1583 1589 1594
1578 1573 1568 1563
1579 1584 1590 1595
1579 1574 1569 1564
1580 1585 1591 1596
1580 1575 1570 1565
1581 1586 1592 1597
1581 1576 1571 1566
1582 1587 1588 1593
1582 1577 1572 1567
1583 1589 1594 1599
1583 1578 1573 1568
1584 1590 1595 1600
1584 1579 1574 1569
1585 1591 1596 1601
1585 1580 1575 1570
1586 1592 1597 1602
1586 1581 1576 1571
1587 1588 1593 1598
1587 1582 1577 1572
1588 1593 1598 1603
1588 1587 1582 1577
1589 1594 1599 1605
1589 1583 1578 1573
1590 1595 1600 1606
1590 1584 1579 1574
1591 1596 1601 1607
1591 1585 1580 1575
1592 1597 1602 1608
1592 1586 1581 1576
1593 1598 1603 1604
1593 1588 1587 1582
1594 1599 1605 1610
1594 1589 1583 1578
1595 1600 1606 1611
1595 1590 1584 1579
1596 1601 1607 1612
1596 1591 1585 1580
1597 1602 1608 1613
1597 1592 1586 1581
1598 1603 1604 1609
1598 1593 1588 1587
1599 1605 1610 1615
1599 1594 1589 1583
1600 1606 1611 1616
1600 1595 1590 1584
1601 1607 1612 1617
1601 1596 1591 1585
1602 1608 1613 1618
1602 1597 1592 1586
1603 1604 1609 1614
1603 1598 1593 1588
1604 1609 1614 1619
1604 1603 1598 1593
1605 1610 1615 1620
1605 1599 1594 1589
1606 1611 1616 1621
1606 1600 1595 1590
1607 1612 1617 1622
1607 1601 1596 1591
1608 1613 1618 1623
1608 1602 1597 1592
1609 1614 1619 1624
1609 1604 1603 1598
1610 1615 1620 1625
1610 1605 1599 1594
1611 1616 1621 1626
1611 1606 1600 1595
1612 1617 1622 1627
1612 1607 1601 1596
1613 1618 1623 1628
1613 1608 1602 1597
1614 1619 1624 1629
1614 1609 1604 1603
1615 1620 1625 1630
1615 1610 1605 1599
1616 1621 1626 1631
1616 1611 1606 1600
1617 1622 1627 1632
1617 1612 1607 1601
1618 1623 1628 1633
1618 1613 1608 1602
1619 1624 1629 1634
1619 1614 1609 1604
1620 1625 1630 1635
1620 1615 1610 1605
1621 1626 1631 1636
1621 1616 1611 1606
1622 1627 1632 1637
1622 1617 1612 1607
1623 1628 1633 1638
1623 1618 1613 1608
1624 1629 1634 1639
1624 1619 1614 1609
1625 1630 1635 1640
1625 1620 1615 1610
1626 1631 1636 1641
1626 1621 1616 1611
1627 1632 1637 1642
1627 1622 1617 1612
1628 1633 1638 1643
1628 1623 1618 1613
1629 1634 1639 1644
1629 1624 1619 1614
1630 1635 1640 1645
1630 1625 1620 1615
1631 1636 1641 1646
1631 1626 1621 1616
1632 1637 1642 1647
1632 1627 1622 1617
1633 1638 1643 1648
1633 1628 1623 1618
1634 1639 1644 1649
1634 1629 1624 1619
1635 1640 1645 1651
1635 1630 1625 1620
1636 1641 1646 1652
1636 1631 1626 1621
1637 1642 1647 1653
1637 1632 1627 1622
1638 1643 1648 1654
1638 1633 1628 1623
1639 1644 1649 1650
1639 1634 1629 1624
1640 1645 1651 1656
1640 1635 1630 1625
1641 1646 1652 1657
1641 1636 1631 1626
1642 1647 1653 1658
1642 1637 1632 1627
1643 1648 1654 1659
1643 1638 1633 1628
1644 1649 1650 1655
1644 1639 1634 1629
1645 1651 1656 1661
1645 1640 1635 1630
1646 1652 1657 1662
1646 1641 1636 1631
1647 1653 1658 1663
1647 1642 1637 1632
1648 1654 1659 1664
1648 1643 1638 1633
1649 1650 1655 1660
1649 1644 1639 1634
1650 1655 1660 1665
1650 1649 1644 1639
1651 1656 1661 1666
1651 1645 1640 1635
1652 1657 1662 1667
1652 1646 1641 1636
1653 1658 1663 1668
1653 1647 1642 1637
1654 1659 1664 1669
1654 1648 1643 1638
1655 1660 1665 1670
1655 1650 1649 1644
1656 1661 1666 1671
1656 1651 1645 1640
1657 1662 1667 1672
1657 1652 1646 1641
1658 1663 1668 1673
1658 1653 1647 1642
1659 1664 1669 1674
1659 1654 1648 1643
1660 1665 1670 1675
1660 1655 1650 1649
1661 1666 1671 1676
1661 1656 1651 1645
1662 1667 1672 1678
1662 1657 1652 1646
1663 1668 1673 1679
1663 1658 1653 1647
1664 1669 1674 1680
1664 1659 1654 1648
1665 1670 1675 1681
1665 1660 1655 1650
1666 1671 1676 1677
1666 1661 1656 1651
1667 1672 1678 1683
1667 1662 1657 1652
1668 1673 1679 1684
1668 1663 1658 1653
1669 1674 1680 1685
1669 1664 1659 1654
1670 1675 1681 1686
1670 1665 1660 1655
1671 1676 1677 1682
1671 1666 1661 1656
1672 1678 1683 1689
1672 1667 1662 1657
1673 1679 1684 1690
1673 1668 1663 1658
1674 1680 1685 1691
1674 1669 1664 1659
1675 1681 1686 1687
1675 1670 1665 1660
1676 1677 1682 1688
1676 1671 1666 1661
1677 1682 1688 1693
1677 1676 1671 1666
1678 1683 1689 1694
1678 1672 1667 1662
1679 1684 1690 1695
1679 1673 1668 1663
1680 1685 1691 1696
1680 1674 1669 1664
1681 1686 1687 1692
1681 1675 1670 1665
1682 1688 1693 1698
1682 1677 1676 1671
1683 1689 1694 1699
1683 1678 1672 1667
1684 1690 1695 1700
1684 1679 1673 1668
1685 1691 1696 1701
1685 1680 1674 1669
1686 1687 1692 1697
1686 1681 1675 1670
1687 1692 1697 1702
1687 1686 1681 1675
1688 1693 1698 1703
1688 1682 1677 1676
1689 1694 1699 1704
1689 1683 1678 1672
1690 1695 1700 1705
1690 1684 1679 1673
1691 1696 1701 1706
1691 1685 1680 1674
1692 1697 1702 1707
1692 1687 1686 1681
1693 1698 1703 1708
1693 1688 1682 1677
1694 1699 1704 1709
1694 1689 1683 1678
1695 1700 1705 1710
1695 1690 1684 1679
1696 1701 1706 1711
1696 1691 1685 1680
1697 1702 1707 1712
1697 1692 1687 1686
1698 1703 1708 1713
1698 1693 1688 1682
1699 1704 1709 1714
1699 1694 1689 1683
1700 1705 1710 1715
1700 1695 1690 1684
1701 1706 1711 1716
1701 1696 1691 1685
1702 1707 1712 1717
1702 1697 1692 1687
1703 1708 1713 1718
1703 1698 1693 1688
1704 1709 1714 1719
1704 1699 1694 1689
1705 1710 1715 1720
1705 1700 1695 1690
1706 1711 1716 1721
1706 1701 1696 1691
1707 1712 1717 1722
1707 1702 1697 1692
1708 1713 1718 1724
1708 1703 1698 1693
1709 1714 1719 1725
1709 1704 1699 1694
1710 1715 1720 1726
1710 1705 1700 1695
1711 1716 1721 1727
1711 1706 1701 1696
1712 1717 1722 1723
1712 1707 1702 1697
1713 1718 1724 1729
1713 1708 1703 1698
1714 1719 1725 1731
1714 1709 1704 1699
1715 1720 1726 1732
1715 1710 1705 1700
1716 1721 1727 1733
1716 1711 1706 1701
1717 1722 1723 1728
1717 1712 1707 1702
1718 1724 1729 1730
1718 1724 1729 1742
1718 1713 1708 1703
1719 1725 1731 1737
1719 1714 1709 1704
1720 1726 1732 1738
1720 1715 1710 1705
1721 1727 1733 1739
1721 1716 1711 1706
1722 1723 1728 1734
1722 1717 1712 1707
1723 1728 1734 1740
1723 1722 1717 1712
1724 1729 1730 1735
1724 1729 1730 1742
1724 1718 1713 1708
1725 1731 1737 1736
1725 1719 1714 1709
1726 1732 1738 1745
1726 1720 1715 1710
1727 1733 1739 1746
1727 1721 1716 1711
1728 1734 1740 1747
1728 1723 1722 1717
1729 1730 1735 1741
1729 1730 1735 1742
1729 1724 1718 1713
1730 1735 1741 1742
1730 1735 1742 1749
1730 1729 1724 1718
1731 1737 1736 1744
1731 1725 1719 1714
1732 1738 1745 1753
1732 1726 1720 1715
1733 1739 1746 1754
1733 1727 1721 1716
1734 1740 1747 1755
1734 1728 1723 1722
1735 1741 1742 1749
1735 1730 1729 1724
1736 1744 1743 1752
1736 1737 1731 1725
1737 1736 1744 1743
1737 1731 1725 1719
1738 1745 1753 1757
1738 1732 1726 1720
1739 1746 1754 1758
1739 1733 1727 1721
1740 1747 1755 1760
1740 1734 1728 1723
1741 1742 1749 1750
1741 1735 1730 1729
1742 1749 1750 1751
1742 1741 1735 1730
1743 1752 1751 1750
1743 1744 1736 1737
1744 1743 1752 1751
1744 1736 1737 1731
1745 1753 1757 1762
1745 1738 1732 1726
1746 1754 1758 1763
1746 1739 1733 1727
1747 1755 1760 1759
1747 1740 1734 1728
1748 1756 1761 1765
1749 1750 1751 1752
1749 1742 1741 1735
1750 1751 1752 1743
1750 1749 1742 1741
1751 1750 1749 1742
1751 1752 1743 1744
1752 1751 1750 1749
1752 1743 1744 1736
1753 1757 1762 1766
1753 1745 1738 1732
1754 1758 1763 1767
1754 1746 1739 1733
1755 1760 1759 1764
1755 1747 1740 1734
1756 1761 1765 1770
1757 1762 1766 1771
1757 1753 1745 1738
1758 1763 1767 1772
1758 1754 1746 1739
1759 1764 1769 1768
1759 1760 1755 1747
1760 1759 1764 1769
1760 1755 1747 1740
1761 1765 1770 1774
1761 1756 1748 -1
1762 1766 1771 1775
1762 1757 1753 1745
1763 1767 1772 1776
1763 1758 1754 1746
1764 1769 1768 1773
1764 1759 1760 1755
1765 1770 1774 1778
1765 1761 1756 1748
1766 1771 1775 1779
1766 1762 1757 1753
1767 1772 1776 1780
1767 1763 1758 1754
1768 1773 1777 1782
1768 1769 1764 1759
1769 1768 1773 1777
1769 1764 1759 1760
1770 1774 1778 1783
1770 1765 1761 1756
1771 1775 1779 1784
1771 1766 1762 1757
1772 1776 1780 1785
1772 1767 1763 1758
1773 1777 1782 1781
1773 1768 1769 1764
1774 1778 1783 1787
1774 1770 1765 1761
1775 1779 1784 1788
1775 1771 1766 1762
1776 1780 1785 1789
1776 1772 1767 1763
1777 1782 1781 1786
1777 1773 1768 1769
1778 1783 1787 1792
1778 1774 1770 1765
1779 1784 1788 1794
1779 1775 1771 1766
1780 1785 1789 1795
1780 1776 1772 1767
1781 1786 1791 1790
1781 1782 1777 1773
1782 1781 1786 1791
1782 1777 1773 1768
1783 1787 1792 1793
1783 1778 1774 1770
1784 1788 1794 1798
1784 1779 1775 1771
1785 1789 1795 1799
1785 1780 1776 1772
1786 1791 1790 1796
1786 1781 1782 1777
1787 1792 1793 1797
1787 1783 1778 1774
1788 1794 1798 1802
1788 1784 1779 1775
1789 1795 1799 1803
1789 1785 1780 1776
1790 1796 1800 1805
1790 1791 1786 1781
1791 1790 1796 1800
1791 1786 1781 1782
1792 1793 1797 1801
1792 1787 1783 1778
1793 1797 1801 1806
1793 1792 1787 1783
1794 1798 1802 1807
1794 1788 1784 1779
1795 1799 1803 1808
1795 1789 1785 1780
1796 1800 1805 1804
1796 1790 1791 1786
1797 1801 1806 1810
1797 1793 1792 1787
1798 1802 1807 1811
1798 1794 1788 1784
1799 1803 1808 1812
1799 1795 1789 1785
1800 1805 1804 1809
1800 1796 1790 1791
1801 1806 1810 1815
1801 1797 1793 1792
1802 1807 1811 1816
1802 1798 1794 1788
1803 1808 1812 1817
1803 1799 1795 1789
1804 1809 1814 1813
1804 1805 1800 1796
1805 1804 1809 1814
1805 1800 1796 1790
1806 1810 1815 1819
1806 1801 1797 1793
1807 1811 1816 1820
1807 1802 1798 1794
1808 1812 1817 1821
1808 1803 1799 1795
1809 1814 1813 1818
1809 1804 1805 1800
1810 1815 1819 1824
1810 1806 1801 1797
1811 1816 1820 1825
1811 1807 1802 1798
1812 1817 1821 1826
1812 1808 1803 1799
1813 1818 1823 1822
1813 1814 1809 1804
1814 1813 1818 1823
1814 1809 1804 1805
1815 1819 1824 1828
1815 1810 1806 1801
1816 1820 1825 1829
1816 1811 1807 1802
1817 1821 1826 1830
1817 1812 1808 1803
1818 1823 1822 1827
1818 1813 1814 1809
1819 1824 1828 1833
1819 1815 1810 1806
1820 1825 1829 1834
1820 1816 1811 1807
1821 1826 1830 1835
1821 1817 1812 1808
1822 1827 1832 1831
1822 1823 1818 1813
1823 1822 1827 1832
1823 1818 1813 1814
1824 1828 1833 1837
1824 1819 1815 1810
1825 1829 1834 1838
1825 1820 1816 1811
1826 1830 1835 1839
1826 1821 1817 1812
1827 1832 1831 1836
1827 1822 1823 1818
1828 1833 1837 1842
1828 1824 1819 1815
1829 1834 1838 1843
1829 1825 1820 1816
1830 1835 1839 1844
1830 1826 1821 1817
1831 1836 1841 1840
1831 1832 1827 1822
1832 1831 1836 1841
1832 1827 1822 1823
1833 1837 1842 1846
1833 1828 1824 1819
1834 1838 1843 1847
1834 1829 1825 1820
1835 1839 1844 1848
1835 1830 1826 1821
1836 1841 1840 1845
1836 1831 1832 1827
1837 1842 1846 1850
1837 1833 1828 1824
1838 1843 1847 1851
1838 1834 1829 1825
1839 1844 1848 1852
1839 1835 1830 1826
1840 1845 1849 1853
1840 1841 1836 1831
1841 1840 1845 1849
1841 1836 1831 1832
1842 1846 1850 1854
1842 1837 1833 1828
1843 1847 1851 1855
1843 1838 1834 1829
1844 1848 1852 1856
1844 1839 1835 1830
1845 1849 1853 1857
1845 1840 1841 1836
1846 1850 1854 1858
1846 1842 1837 1833
1847 1851 1855 1859
1847 1843 1838 1834
1848 1852 1856 1860
1848 1844 1839 1835
1849 1853 1857 1861
1849 1845 1840 1841
1850 1854 1858 1862
1850 1846 1842 1837
1851 1855 1859 1864
1851 1847 1843 1838
1852 1856 1860 1865
1852 1848 1844 1839
1853 1857 1861 1866
1853 1849 1845 1840
1854 1858 1862 1867
1854 1850 1846 1842
1855 1859 1864 1863
1855 1851 1847 1843
1856 1860 1865 1869
1856 1852 1848 1844
1857 1861 1866 1871
1857 1853 1849 1845
1858 1862 1867 1872
1858 1854 1850 1846
1859 1864 1863 1868
1859 1855 1851 1847
1860 1865 1869 1874
1860 1856 1852 1848
1861 1866 1871 1870
1861 1857 1853 1849
1862 1867 1872 1876
1862 1858 1854 1850
1863 1868 1873 1877
1863 1864 1859 1855
1864 1863 1868 1873
1864 1859 1855 1851
1865 1869 1874 1878
1865 1860 1856 1852
1866 1871 1870 1875
1866 1861 1857 1853
1867 1872 1876 1880
1867 1862 1858 1854
1868 1873 1877 1881
1868 1863 1864 1859
1869 1874 1878 1882
1869 1865 1860 1856
1870 1875 1879 1883
1870 1871 1866 1861
1871 1870 1875 1879
1871 1866 1861 1857
1872 1876 1880 1884
1872 1867 1862 1858
1873 1877 1881 1886
1873 1868 1863 1864
1874 1878 1882 1887
1874 1869 1865 1860
1875 1879 1883 1888
1875 1870 1871 1866
1876 1880 1884 1889
1876 1872 1867 1862
1877 1881 1886 1885
1877 1873 1868 1863
1878 1882 1887 1891
1878 1874 1869 1865
1879 1883 1888 1892
1879 1875 1870 1871
1880 1884 1889 1893
1880 1876 1872 1867
1881 1886 1885 1890
1881 1877 1873 1868
1882 1887 1891 1895
1882 1878 1874 1869
1883 1888 1892 1896
1883 1879 1875 1870
1884 1889 1893 1897
1884 1880 1876 1872
1885 1890 1894 1898
1885 1886 1881 1877
1886 1885 1890 1894
1886 1881 1877 1873
1887 1891 1895 1899
1887 1882 1878 1874
1888 1892 1896 1900
1888 1883 1879 1875
1889 1893 1897 1901
1889 1884 1880 1876
1890 1894 1898 1902
1890 1885 1886 1881
1891 1895 1899 1903
1891 1887 1882 1878
1892 1896 1900 1905
1892 1888 1883 1879
1893 1897 1901 1906
1893 1889 1884 1880
1894 1898 1902 1907
1894 1890 1885 1886
1895 1899 1903 1908
1895 1891 1887 1882
1896 1900 1905 1904
1896 1892 1888 1883
1897 1901 1906 1910
1897 1893 1889 1884
1898 1902 1907 1911
1898 1894 1890 1885
1899 1903 1908 1912
1899 1895 1891 1887
1900 1905 1904 1909
1900 1896 1892 1888
1901 1906 1910 1914
1901 1897 1893 1889
1902 1907 1911 1915
1902 1898 1894 1890
1903 1908 1912 1916
1903 1899 1895 1891
1904 1909 1913 1918
1904 1905 1900 1896
1905 1904 1909 1913
1905 1900 1896 1892
1906 1910 1914 1919
1906 1901 1897 1893
1907 1911 1915 1920
1907 1902 1898 1894
1908 1912 1916 1917
1908 1903 1899 1895
1909 1913 1918 1922
1909 1904 1905 1900
1910 1914 1919 1923
1910 1906 1901 1897
1911 1915 1920 1924
1911 1907 1902 1898
1912 1916 1917 1921
1912 1908 1903 1899
1913 1918 1922 1926
1913 1909 1904 1905
1914 1919 1923 1927
1914 1910 1906 1901
1915 1920 1924 1928
1915 1911 1907 1902
1916 1917 1921 1925
1916 1912 1908 1903
1917 1921 1925 1929
1917 1916 1912 1908
1918 1922 1926 1930
1918 1913 1909 1904
1919 1923 1927 1931
1919 1914 1910 1906
1920 1924 1928 1932
1920 1915 1911 1907
1921 1925 1929 1933
1921 1917 1916 1912
1922 1926 1930 1934
1922 1918 1913 1909
1923 1927 1931 1935
1923 1919 1914 1910
1924 1928 1932 1936
1924 1920 1915 1911
1925 1929 1933 1937
1925 1921 1917 1916
1926 1930 1934 1938
1926 1922 1918 1913
1927 1931 1935 1939
1927 1923 1919 1914
1928 1932 1936 1940
1928 1924 1920 1915
1929 1933 1937 1941
1929 1925 1921 1917
1930 1934 1938 1942
1930 1926 1922 1918
1931 1935 1939 1943
1931 1927 1923 1919
1932 1936 1940 1944
1932 1928 1924 1920
1933 1937 1941 1945
1933 1929 1925 1921
1934 1938 1942 1946
1934 1930 1926 1922
1935 1939 1943 1947
1935 1931 1927 1923
1936 1940 1944 1948
1936 1932 1928 1924
1937 1941 1945 1949
1937 1933 1929 1925
1938 1942 1946 1950
1938 1934 1930 1926
1939 1943 1947 1951
1939 1935 1931 1927
1940 1944 1948 1952
1940 1936 1932 1928
1941 1945 1949 1953
1941 1937 1933 1929
1942 1946 1950 1954
1942 1938 1934 1930
1943 1947 1951 1955
1943 1939 1935 1931
1944 1948 1952 1956
1944 1940 1936 1932
1945 1949 1953 1957
1945 1941 1937 1933
1946 1950 1954 1958
1946 1942 1938 1934
1947 1951 1955 1959
1947 1943 1939 1935
1948 1952 1956 1960
1948 1944 1940 1936
1949 1953 1957 1961
1949 1945 1941 1937
1950 1954 1958 1962
1950 1946 1942 1938
1951 1955 1959 1963
1951 1947 1943 1939
1952 1956 1960 1964
1952 1948 1944 1940
1953 1957 1961 1965
1953 1949 1945 1941
1954 1958 1962 1966
1954 1950 1946 1942
1955 1959 1963 1967
1955 1951 1947 1943
1956 1960 1964 1968
1956 1952 1948 1944
1957 1961 1965 1969
1957 1953 1949 1945
1958 1962 1966 1970
1958 1954 1950 1946
1959 1963 1967 1971
1959 1955 1951 1947
1960 1964 1968 1972
1960 1956 1952 1948
1961 1965 1969 1973
1961 1957 1953 1949
1962 1966 1970 1974
1962 1958 1954 1950
1963 1967 1971 1975
1963 1959 1955 1951
1964 1968 1972 1976
1964 1960 1956 1952
1965 1969 1973 1977
1965 1961 1957 1953
1966 1970 1974 -1
1966 1962 1958 1954
1967 1971 1975 1978
1967 1963 1959 1955
1968 1972 1976 1979
1968 1964 1960 1956
1969 1973 1977 1980
1969 1965 1961 1957
1970 1966 1962 1958
1971 1975 1978 1981
1971 1967 1963 1959
1972 1976 1979 1982
1972 1968 1964 1960
1973 1977 1980 1983
1973 1969 1965 1961
1974 1970 1966 1962
1975 1978 1981 1984
1975 1971 1967 1963
1976 1979 1982 1985
1976 1972 1968 1964
1977 1980 1983 1986
1977 1973 1969 1965
1978 1981 1984 1987
1978 1975 1971 1967
1979 1982 1985 1988
1979 1976 1972 1968
1980 1983 1986 1989
1980 1977 1973 1969
1981 1984 1987 1990
1981 1978 1975 1971
1982 1985 1988 1991
1982 1979 1976 1972
1983 1986 1989 1992
1983 1980 1977 1973
1984 1987 1990 1993
1984 1981 1978 1975
1985 1988 1991 1994
1985 1982 1979 1976
1986 1989 1992 1995
1986 1983 1980 1977
1987 1990 1993 1996
1987 1984 1981 1978
1988 1991 1994 1997
1988 1985 1982 1979
1989 1992 1995 1998
1989 1986 1983 1980
1990 1993 1996 1999
1990 1987 1984 1981
1991 1994 1997 2000
1991 1988 1985 1982
1992 1995 1998 2001
1992 1989 1986 1983
1993 1996 1999 2002
1993 1990 1987 1984
1994 1997 2000 2003
1994 1991 1988 1985
1995 1998 2001 2004
1995 1992 1989 1986
1996 1999 2002 2005
1996 1993 1990 1987
1997 2000 2003 2006
1997 1994 1991 1988
1998 2001 2004 2007
1998 1995 1992 1989
1999 2002 2005 2008
1999 1996 1993 1990
2000 2003 2006 2009
2000 1997 1994 1991
2001 2004 2007 2010
2001 1998 1995 1992
2002 2005 2008 2011
2002 1999 1996 1993
2003 2006 2009 2012
2003 2000 1997 1994
2004 2007 2010 2013
2004 2001 1998 1995
2005 2008 2011 2014
2005 2002 1999 1996
2006 2009 2012 2015
2006 2003 2000 1997
2007 2010 2013 2016
2007 2004 2001 1998
2008 2011 2014 2017
2008 2005 2002 1999
2009 2012 2015 2018
2009 2006 2003 2000
2010 2013 2016 2019
2010 2007 2004 2001
2011 2014 2017 2020
2011 2008 2005 2002
2012 2015 2018 2021
2012 2009 2006 2003
2013 2016 2019 2022
2013 2010 2007 2004
2014 2017 2020 2023
2014 2011 2008 2005
2015 2018 2021 2024
2015 2012 2009 2006
2016 2019 2022 2025
2016 2013 2010 2007
2017 2020 2023 2026
2017 2014 2011 2008
2018 2021 2024 2027
2018 2015 2012 2009
2019 2022 2025 2028
2019 2016 2013 2010
2020 2023 2026 2029
2020 2017 2014 2011
2021 2024 2027 2031
2021 2018 2015 2012
2022 2025 2028 2032
2022 2019 2016 2013
2023 2026 2029 2033
2023 2020 2017 2014
2024 2027 2031 2030
2024 2021 2018 2015
2025 2028 2032 2035
2025 2022 2019 2016
2026 2029 2033 2036
2026 2023 2020 2017
2027 2031 2030 2034
2027 2024 2021 2018
2028 2032 2035 2038
2028 2025 2022 2019
2029 2033 2036 2039
2029 2026 2023 2020
2030 2034 2037 2040
2030 2031 2027 2024
2031 2030 2034 2037
2031 2027 2024 2021
2032 2035 2038 2041
2032 2028 2025 2022
2033 2036 2039 2042
2033 2029 2026 2023
2034 2037 2040 2043
2034 2030 2031 2027
2035 2038 2041 2044
2035 2032 2028 2025
2036 2039 2042 2045
2036 2033 2029 2026
2037 2040 2043 2047
2037 2034 2030 2031
2038 2041 2044 2048
2038 2035 2032 2028
2039 2042 2045 2049
2039 2036 2033 2029
2040 2043 2047 2046
2040 2037 2034 2030
2041 2044 2048 2051
2041 2038 2035 2032
2042 2045 2049 2052
2042 2039 2036 2033
2043 2047 2046 2050
2043 2040 2037 2034
2044 2048 2051 2054
2044 2041 2038 2035
2045 2049 2052 2055
2045 2042 2039 2036
2046 2050 2053 2056
2046 2047 2043 2040
2047 2046 2050 2053
2047 2043 2040 2037
2048 2051 2054 2057
2048 2044 2041 2038
2049 2052 2055 2058
2049 2045 2042 2039
2050 2053 2056 2059
2050 2046 2047 2043
2051 2054 2057 2060
2051 2048 2044 2041
2052 2055 2058 2061
2052 2049 2045 2042
2053 2056 2059 2062
2053 2050 2046 2047
2054 2057 2060 2063
2054 2051 2048 2044
2055 2058 2061 2064
2055 2052 2049 2045
2056 2059 2062 2065
2056 2053 2050 2046
2057 2060 2063 2066
2057 2054 2051 2048
2058 2061 2064 2067
2058 2055 2052 2049
2059 2062 2065 2068
2059 2056 2053 2050
2060 2063 2066 2069
2060 2057 2054 2051
2061 2064 2067 2070
2061 2058 2055 2052
2062 2065 2068 2071
2062 2059 2056 2053
2063 2066 2069 2072
2063 2060 2057 2054
2064 2067 2070 2073
2064 2061 2058 2055
2065 2068 2071 2075
2065 2062 2059 2056
2066 2069 2072 2076
2066 2063 2060 2057
2067 2070 2073 2074
2067 2064 2061 2058
2068 2071 2075 2078
2068 2065 2062 2059
2069 2072 2076 2079
2069 2066 2063 2060
2070 2073 2074 2077
2070 2067 2064 2061
2071 2075 2078 2081
2071 2068 2065 2062
2072 2076 2079 2082
2072 2069 2066 2063
2073 2074 2077 2080
2073 2070 2067 2064
2074 2077 2080 2084
2074 2073 2070 2067
2075 2078 2081 2085
2075 2071 2068 2065
2076 2079 2082 2083
2076 2072 2069 2066
2077 2080 2084 2087
2077 2074 2073 2070
2078 2081 2085 2088
2078 2075 2071 2068
2079 2082 2083 2086
2079 2076 2072 2069
2080 2084 2087 2090
2080 2077 2074 2073
2081 2085 2088 2091
2081 2078 2075 2071
2082 2083 2086 2089
2082 2079 2076 2072
2083 2086 2089 2092
2083 2082 2079 2076
2084 2087 2090 2094
2084 2080 2077 2074
2085 2088 2091 2095
2085 2081 2078 2075
2086 2089 2092 2093
2086 2083 2082 2079
2087 2090 2094 2097
2087 2084 2080 2077
2088 2091 2095 2098
2088 2085 2081 2078
2089 2092 2093 2096
2089 2086 2083 2082
2090 2094 2097 2100
2090 2087 2084 2080
2091 2095 2098 2101
2091 2088 2085 2081
2092 2093 2096 2099
2092 2089 2086 2083
2093 2096 2099 2102
2093 2092 2089 2086
2094 2097 2100 2104
2094 2090 2087 2084
2095 2098 2101 2105
2095 2091 2088 2085
2096 2099 2102 2103
2096 2093 2092 2089
2097 2100 2104 2107
2097 2094 2090 2087
2098 2101 2105 2108
2098 2095 2091 2088
2099 2102 2103 2106
2099 2096 2093 2092
2100 2104 2107 2110
2100 2097 2094 2090
2101 2105 2108 2111
2101 2098 2095 2091
2102 2103 2106 2109
2102 2099 2096 2093
2103 2106 2109 2112
2103 2102 2099 2096
2104 2107 2110 2113
2104 2100 2097 2094
2105 2108 2111 2114
2105 2101 2098 2095
2106 2109 2112 2115
2106 2103 2102 2099
2107 2110 2113 2116
2107 2104 2100 2097
2108 2111 2114 2117
2108 2105 2101 2098
2109 2112 2115 2118
2109 2106 2103 2102
2110 2113 2116 2120
2110 2107 2104 2100
2111 2114 2117 2121
2111 2108 2105 2101
2112 2115 2118 2119
2112 2109 2106 2103
2113 2116 2120 2123
2113 2110 2107 2104
2114 2117 2121 2124
2114 2111 2108 2105
2115 2118 2119 2122
2115 2112 2109 2106
2116 2120 2123 2126
2116 2113 2110 2107
2117 2121 2124 2127
2117 2114 2111 2108
2118 2119 2122 2125
2118 2115 2112 2109
2119 2122 2125 2128
2119 2118 2115 2112
2120 2123 2126 2129
2120 2116 2113 2110
2121 2124 2127 2130
2121 2117 2114 2111
2122 2125 2128 2131
2122 2119 2118 2115
2123 2126 2129 2132
2123 2120 2116 2113
2124 2127 2130 2133
2124 2121 2117 2114
2125 2128 2131 2134
2125 2122 2119 2118
2126 2129 2132 2135
2126 2123 2120 2116
2127 2130 2133 2136
2127 2124 2121 2117
2128 2131 2134 2137
2128 2125 2122 2119
2129 2132 2135 2138
2129 2126 2123 2120
2130 2133 2136 2139
2130 2127 2124 2121
2131 2134 2137 2140
2131 2128 2125 2122
2132 2135 2138 2141
2132 2129 2126 2123
2133 2136 2139 2142
2133 2130 2127 2124
2134 2137 2140 2143
2134 2131 2128 2125
2135 2138 2141 2144
2135 2132 2129 2126
2136 2139 2142 2145
2136 2133 2130 2127
2137 2140 2143 2146
2137 2134 2131 2128
2138 2141 2144 2147
2138 2135 2132 2129
2139 2142 2145 2148
2139 2136 2133 2130
2140 2143 2146 2149
2140 2137 2134 2131
2141 2144 2147 2151
2141 2138 2135 2132
2142 2145 2148 2152
2142 2139 2136 2133
2143 2146 2149 2150
2143 2140 2137 2134
2144 2147 2151 2154
2144 2141 2138 2135
2145 2148 2152 2155
2145 2142 2139 2136
2146 2149 2150 2153
2146 2143 2140 2137
2147 2151 2154 2157
2147 2144 2141 2138
2148 2152 2155 2158
2148 2145 2142 2139
2149 2150 2153 2156
2149 2146 2143 2140
2150 2153 2156 2159
2150 2149 2146 2143
2151 2154 2157 2161
2151 2147 2144 2141
2152 2155 2158 2162
2152 2148 2145 2142
2153 2156 2159 2160
2153 2150 2149 2146
2154 2157 2161 2165
2154 2151 2147 2144
2155 2158 2162 2166
2155 2152 2148 2145
2156 2159 2160 2163
2156 2153 2150 2149
2157 2161 2165 2169
2157 2154 2151 2147
2158 2162 2166 2170
2158 2155 2152 2148
2159 2160 2163 2164
2159 2156 2153 2150
2160 2163 2164 2167
2160 2159 2156 2153
2161 2165 2169 2173
2161 2157 2154 2151
2162 2166 2170 2174
2162 2158 2155 2152
2163 2164 2167 2168
2163 2160 2159 2156
2164 2167 2168 2171
2164 2163 2160 2159
2165 2169 2173 2177
2165 2161 2157 2154
2166 2170 2174 2179
2166 2162 2158 2155
2167 2168 2171 2172
2167 2164 2163 2160
2168 2171 2172 2175
2168 2167 2164 2163
2169 2173 2177 2181
2169 2165 2161 2157
2170 2174 2179 2178
2170 2166 2162 2158
2171 2172 2175 2176
2171 2168 2167 2164
2172 2175 2176 2180
2172 2171 2168 2167
2173 2177 2181 2185
2173 2169 2165 2161
2174 2179 2178 2182
2174 2170 2166 2162
2175 2176 2180 2183
2175 2172 2171 2168
2176 2180 2183 2184
2176 2175 2172 2171
2177 2181 2185 2189
2177 2173 2169 2165
2178 2182 2186 2190
2178 2179 2174 2170
2179 2178 2182 2186
2179 2174 2170 2166
2180 2183 2184 2187
2180 2176 2175 2172
2181 2185 2189 2193
2181 2177 2173 2169
2182 2186 2190 2194
2182 2178 2179 2174
2183 2184 2187 2188
2183 2180 2176 2175
2184 2187 2188 2191
2184 2183 2180 2176
2185 2189 2193 2197
2185 2181 2177 2173
2186 2190 2194 2200
2186 2182 2178 2179
2187 2188 2191 2192
2187 2184 2183 2180
2188 2191 2192 2195
2188 2187 2184 2183
2189 2193 2197 2198
2189 2185 2181 2177
2190 2194 2200 2199
2190 2186 2182 2178
2191 2192 2195 2196
2191 2188 2187 2184
2192 2195 2196 2201
2192 2191 2188 2187
2193 2197 2198 2203
2193 2189 2185 2181
2194 2200 2199 2204
2194 2190 2186 2182
2195 2196 2201 2202
2195 2192 2191 2188
2196 2201 2202 2205
2196 2195 2192 2191
2197 2198 2203 2207
2197 2193 2189 2185
2198 2203 2207 2211
2198 2197 2193 2189
2199 2204 2208 2212
2199 2200 2194 2190
2200 2199 2204 2208
2200 2194 2190 2186
2201 2202 2205 2206
2201 2196 2195 2192
2202 2205 2206 2209
2202 2201 2196 2195
2203 2207 2211 2215
2203 2198 2197 2193
2204 2208 2212 2216
2204 2199 2200 2194
2205 2206 2209 2210
2205 2202 2201 2196
2206 2209 2210 2213
2206 2205 2202 2201
2207 2211 2215 2219
2207 2203 2198 2197
2208 2212 2216 2220
2208 2204 2199 2200
2209 2210 2213 2214
2209 2206 2205 2202
2210 2213 2214 2217
2210 2209 2206 2205
2211 2215 2219 2223
2211 2207 2203 2198
2212 2216 2220 2224
2212 2208 2204 2199
2213 2214 2217 2218
2213 2210 2209 2206
2214 2217 2218 2221
2214 2213 2210 2209
2215 2219 2223 2227
2215 2211 2207 2203
2216 2220 2224 2228
2216 2212 2208 2204
2217 2218 2221 2222
2217 2214 2213 2210
2218 2221 2222 2225
2218 2217 2214 2213
2219 2223 2227 2231
2219 2215 2211 2207
2220 2224 2228 2232
2220 2216 2212 2208
2221 2222 2225 2226
2221 2218 2217 2214
2222 2225 2226 2229
2222 2221 2218 2217
2223 2227 2231 2235
2223 2219 2215 2211
2224 2228 2232 2236
2224 2220 2216 2212
2225 2226 2229 2230
2225 2222 2221 2218
2226 2229 2230 2233
2226 2225 2222 2221
2227 2231 2235 2239
2227 2223 2219 2215
2228 2232 2236 2240
2228 2224 2220 2216
2229 2230 2233 2234
2229 2226 2225 2222
2230 2233 2234 2237
2230 2229 2226 2225
2231 2235 2239 2243
2231 2227 2223 2219
2232 2236 2240 2244
2232 2228 2224 2220
2233 2234 2237 2238
2233 2230 2229 2226
2234 2237 2238 2241
2234 2233 2230 2229
2235 2239 2243 2247
2235 2231 2227 2223
2236 2240 2244 2248
2236 2232 2228 2224
2237 2238 2241 2242
2237 2234 2233 2230
2238 2241 2242 2245
2238 2237 2234 2233
2239 2243 2247 2251
2239 2235 2231 2227
2240 2244 2248 2252
2240 2236 2232 2228
2241 2242 2245 2246
2241 2238 2237 2234
2242 2245 2246 2249
2242 2241 2238 2237
2243 2247 2251 2255
2243 2239 2235 2231
2244 2248 2252 2256
2244 2240 2236 2232
2245 2246 2249 2250
2245 2242 2241 2238
2246 2249 2250 2253
2246 2245 2242 2241
2247 2251 2255 2259
2247 2243 2239 2235
2248 2252 2256 2260
2248 2244 2240 2236
2249 2250 2253 2254
2249 2246 2245 2242
2250 2253 2254 2257
2250 2249 2246 2245
2251 2255 2259 2263
2251 2247 2243 2239
2252 2256 2260 2264
2252 2248 2244 2240
2253 2254 2257 2258
2253 2250 2249 2246
2254 2257 2258 2261
2254 2253 2250 2249
2255 2259 2263 2267
2255 2251 2247 2243
2256 2260 2264 2268
2256 2252 2248 2244
2257 2258 2261 2262
2257 2254 2253 2250
2258 2261 2262 2265
2258 2257 2254 2253
2259 2263 2267 2271
2259 2255 2251 2247
2260 2264 2268 2272
2260 2256 2252 2248
2261 2262 2265 2266
2261 2258 2257 2254
2262 2265 2266 2269
2262 2261 2258 2257
2263 2267 2271 2275
2263 2259 2255 2251
2264 2268 2272 2276
2264 2260 2256 2252
2265 2266 2269 2270
2265 2262 2261 2258
2266 2269 2270 2273
2266 2265 2262 2261
2267 2271 2275 2279
2267 2263 2259 2255
2268 2272 2276 2280
2268 2264 2260 2256
2269 2270 2273 2274
2269 2266 2265 2262
2270 2273 2274 2277
2270 2269 2266 2265
2271 2275 2279 2283
2271 2267 2263 2259
2272 2276 2280 2284
2272 2268 2264 2260
2273 2274 2277 2278
2273 2270 2269 2266
2274 2277 2278 2281
2274 2273 2270 2269
2275 2279 2283 2287
2275 2271 2267 2263
2276 2280 2284 2288
2276 2272 2268 2264
2277 2278 2281 2282
2277 2274 2273 2270
2278 2281 2282 2285
2278 2277 2274 2273
2279 2283 2287 2291
2279 2275 2271 2267
2280 2284 2288 2292
2280 2276 2272 2268
2281 2282 2285 2286
2281 2278 2277 2274
2282 2285 2286 2289
2282 2281 2278 2277
2283 2287 2291 2295
2283 2279 2275 2271
2284 2288 2292 2296
2284 2280 2276 2272
2285 2286 2289 2290
2285 2282 2281 2278
2286 2289 2290 2293
2286 2285 2282 2281
2287 2291 2295 2299
2287 2283 2279 2275
2288 2292 2296 2300
2288 2284 2280 2276
2289 2290 2293 2294
2289 2286 2285 2282
2290 2293 2294 2297
2290 2289 2286 2285
2291 2295 2299 2304
2291 2287 2283 2279
2292 2296 2300 2305
2292 2288 2284 2280
2293 2294 2297 2298
2293 2290 2289 2286
2294 2297 2298 2301
2294 2293 2290 2289
2295 2299 2304 -1
2295 2291 2287 2283
2296 2300 2305 2308
2296 2292 2288 2284
2297 2298 2301 2302
2297 2294 2293 2290
2298 2301 2302 2303
2298 2297 2294 2293
2299 2295 2291 2287
2300 2305 2308 2311
2300 2296 2292 2288
2301 2302 2303 2306
2301 2298 2297 2294
2302 2303 2306 2307
2302 2301 2298 2297
2303 2306 2307 2309
2303 2302 2301 2298
2304 2299 2295 2291
2305 2308 2311 2314
2305 2300 2296 2292
2306 2307 2309 2310
2306 2303 2302 2301
2307 2309 2310 2312
2307 2306 2303 2302
2308 2311 2314 2317
2308 2305 2300 2296
2309 2310 2312 2313
2309 2307 2306 2303
2310 2312 2313 2315
2310 2309 2307 2306
2311 2314 2317 2320
2311 2308 2305 2300
2312 2313 2315 2316
2312 2310 2309 2307
2313 2315 2316 2318
2313 2312 2310 2309
2314 2317 2320 2323
2314 2311 2308 2305
2315 2316 2318 2319
2315 2313 2312 2310
2316 2318 2319 2321
2316 2315 2313 2312
2317 2320 2323 2326
2317 2314 2311 2308
2318 2319 2321 2322
2318 2316 2315 2313
2319 2321 2322 2324
2319 2318 2316 2315
2320 2323 2326 2329
2320 2317 2314 2311
2321 2322 2324 2325
2321 2319 2318 2316
2322 2324 2325 2327
2322 2321 2319 2318
2323 2326 2329 2332
2323 2320 2317 2314
2324 2325 2327 2328
2324 2322 2321 2319
2325 2327 2328 2330
2325 2324 2322 2321
2326 2329 2332 2335
2326 2323 2320 2317
2327 2328 2330 2331
2327 2325 2324 2322
2328 2330 2331 2333
2328 2327 2325 2324
2329 2332 2335 2356
2329 2326 2323 2320
2330 2331 2333 2334
2330 2328 2327 2325
2331 2333 2334 2336
2331 2330 2328 2327
2332 2335 2356 2422
2332 2329 2326 2323
2333 2334 2336 2337
2333 2331 2330 2328
2334 2336 2337 2338
2334 2333 2331 2330
2335 2356 2422 2464
2335 2332 2329 2326
2336 2337 2338 2339
2336 2334 2333 2331
2337 2338 2339 2340
2337 2336 2334 2333
2338 2339 2340 2341
2338 2337 2336 2334
2339 2340 2341 2342
2339 2338 2337 2336
2340 2341 2342 2343
2340 2339 2338 2337
2341 2342 2343 2344
2341 2340 2339 2338
2342 2343 2344 2345
2342 2341 2340 2339
2343 2344 2345 2346
2343 2342 2341 2340
2344 2345 2346 2347
2344 2343 2342 2341
2345 2346 2347 2348
2345 2344 2343 2342
2346 2347 2348 2349
2346 2345 2344 2343
2347 2348 2349 2350
2347 2346 2345 2344
2348 2349 2350 2351
2348 2347 2346 2345
2349 2350 2351 2352
2349 2348 2347 2346
2350 2351 2352 2353
2350 2349 2348 2347
2351 2352 2353 2354
2351 2350 2349 2348
2352 2353 2354 2355
2352 2351 2350 2349
2353 2354 2355 2357
2353 2352 2351 2350
2354 2355 2357 2358
2354 2353 2352 2351
2355 2357 2358 2359
2355 2354 2353 2352
2356 2422 2464 2463
2356 2335 2332 2329
2357 2358 2359 2360
2357 2355 2354 2353
2358 2359 2360 2361
2358 2357 2355 2354
2359 2360 2361 2362
2359 2358 2357 2355
2360 2361 2362 2363
2360 2359 2358 2357
2361 2362 2363 2364
2361 2360 2359 2358
2362 2363 2364 2365
2362 2361 2360 2359
2363 2364 2365 2366
2363 2362 2361 2360
2364 2365 2366 2367
2364 2363 2362 2361
2365 2366 2367 2368
2365 2364 2363 2362
2366 2367 2368 2369
2366 2365 2364 2363
2367 2368 2369 2370
2367 2366 2365 2364
2368 2369 2370 2371
2368 2367 2366 2365
2369 2370 2371 2372
2369 2368 2367 2366
2370 2371 2372 2373
2370 2369 2368 2367
2371 2372 2373 2374
2371 2370 2369 2368
2372 2373 2374 2375
2372 2371 2370 2369
2373 2374 2375 2376
2373 2372 2371 2370
2374 2375 2376 2377
2374 2373 2372 2371
2375 2376 2377 2378
2375 2374 2373 2372
2376 2377 2378 2379
2376 2375 2374 2373
2377 2378 2379 2380
2377 2376 2375 2374
2378 2379 2380 2381
2378 2377 2376 2375
2379 2380 2381 2382
2379 2378 2377 2376
2380 2381 2382 2383
2380 2379 2378 2377
2381 2382 2383 2384
2381 2380 2379 2378
2382 2383 2384 2385
2382 2381 2380 2379
2383 2384 2385 2386
2383 2382 2381 2380
2384 2385 2386 2387
2384 2383 2382 2381
2385 2386 2387 2388
2385 2384 2383 2382
2386 2387 2388 2389
2386 2385 2384 2383
2387 2388 2389 2390
2387 2386 2385 2384
2388 2389 2390 2391
2388 2387 2386 2385
2389 2390 2391 2392
2389 2388 2387 2386
2390 2391 2392 2393
2390 2389 2388 2387
2391 2392 2393 2394
2391 2390 2389 2388
2392 2393 2394 2395
2392 2391 2390 2389
2393 2394 2395 2396
2393 2392 2391 2390
2394 2395 2396 2397
2394 2393 2392 2391
2395 2396 2397 2398
2395 2394 2393 2392
2396 2397 2398 2399
2396 2395 2394 2393
2397 2398 2399 2400
2397 2396 2395 2394
2398 2399 2400 2401
2398 2397 2396 2395
2399 2400 2401 2402
2399 2398 2397 2396
2400 2401 2402 2403
2400 2399 2398 2397
2401 2402 2403 2404
2401 2400 2399 2398
2402 2403 2404 2405
2402 2401 2400 2399
2403 2404 2405 2406
2403 2402 2401 2400
2404 2405 2406 2407
2404 2403 2402 2401
2405 2406 2407 2408
2405 2404 2403 2402
2406 2407 2408 2409
2406 2405 2404 2403
2407 2408 2409 2410
2407 2406 2405 2404
2408 2409 2410 2411
2408 2407 2406 2405
2409 2410 2411 2412
2409 2408 2407 2406
2410 2411 2412 2413
2410 2409 2408 2407
2411 2412 2413 2414
2411 2410 2409 2408
2412 2413 2414 2415
2412 2411 2410 2409
2413 2414 2415 2416
2413 2412 2411 2410
2414 2415 2416 2417
2414 2413 2412 2411
2415 2416 2417 2418
2415 2414 2413 2412
2416 2417 2418 2419
2416 2415 2414 2413
2417 2418 2419 2420
2417 2416 2415 2414
2418 2419 2420 2421
2418 2417 2416 2415
2419 2420 2421 2423
2419 2418 2417 2416
2420 2421 2423 2424
2420 2419 2418 2417
2421 2423 2424 2425
2421 2420 2419 2418
2422 2464 2463 2462
2422 2356 2335 2332
2423 2424 2425 2426
2423 2421 2420 2419
2424 2425 2426 2427
2424 2423 2421 2420
2425 2426 2427 2428
2425 2424 2423 2421
2426 2427 2428 2429
2426 2425 2424 2423
2427 2428 2429 2430
2427 2426 2425 2424
2428 2429 2430 2431
2428 2427 2426 2425
2429 2430 2431 2432
2429 2428 2427 2426
2430 2431 2432 2433
2430 2429 2428 2427
2431 2432 2433 2434
2431 2430 2429 2428
2432 2433 2434 2435
2432 2431 2430 2429
2433 2434 2435 2436
2433 2432 2431 2430
2434 2435 2436 2437
2434 2433 2432 2431
2435 2436 2437 2438
2435 2434 2433 2432
2436 2437 2438 2439
2436 2435 2434 2433
2437 2438 2439 2440
2437 2436 2435 2434
2438 2439 2440 2441
2438 2437 2436 2435
2439 2440 2441 2442
2439 2438 2437 2436
2440 2441 2442 2443
2440 2439 2438 2437
2441 2442 2443 2444
2441 2440 2439 2438
2442 2443 2444 2445
2442 2441 2440 2439
2443 2444 2445 2446
2443 2442 2441 2440
2444 2445 2446 2447
2444 2443 2442 2441
2445 2446 2447 2448
2445 2444 2443 2442
2446 2447 2448 2449
2446 2445 2444 2443
2447 2448 2449 2450
2447 2446 2445 2444
2448 2449 2450 2451
2448 2447 2446 2445
2449 2450 2451 2452
2449 2448 2447 2446
2450 2451 2452 2453
2450 2449 2448 2447
2451 2452 2453 2454
2451 2450 2449 2448
2452 2453 2454 2455
2452 2451 2450 2449
2453 2454 2455 2456
2453 2452 2451 2450
2454 2455 2456 2457
2454 2453 2452 2451
2455 2456 2457 2458
2455 2454 2453 2452
2456 2457 2458 2459
2456 2455 2454 2453
2457 2458 2459 2460
2457 2456 2455 2454
2458 2459 2460 2461
2458 2457 2456 2455
2459 2460 2461 2462
2459 2458 2457 2456
2460 2461 2462 2463
2460 2459 2458 2457
2461 2462 2463 2464
2461 2460 2459 2458
2462 2461 2460 2459
2462 2463 2464 2422
2463 2462 2461 2460
2463 2464 2422 2356
2464 2463 2462 2461
2464 2422 2356 2335
