0 54 53 52
0 1 2 3
1 0 54 53
1 2 3 4
2 1 0 54
2 3 4 5
3 2 1 0
3 4 5 6
4 3 2 1
4 5 6 7
5 4 3 2
5 6 7 8
6 5 4 3
6 7 8 9
7 6 5 4
7 8 9 10
8 7 6 5
8 9 10 11
9 8 7 6
9 10 11 12
10 9 8 7
10 11 12 13
11 10 9 8
11 12 13 14
12 11 10 9
12 13 14 15
13 14 15 16
13 12 11 10
14 15 16 17
14 13 12 11
15 16 17 18
15 14 13 12
16 17 18 19
16 15 14 13
17 18 19 20
17 16 15 14
18 19 20 21
18 17 16 15
19 20 21 22
19 18 17 16
20 21 22 23
20 19 18 17
21 22 23 24
21 20 19 18
22 23 24 25
22 21 20 19
23 24 25 26
23 22 21 20
24 25 26 27
24 23 22 21
25 26 27 28
25 24 23 22
26 27 28 29
26 25 24 23
27 28 29 30
27 26 25 24
28 29 30 31
28 27 26 25
29 30 31 32
29 28 27 26
30 31 32 33
30 29 28 27
31 32 33 34
31 30 29 28
32 33 34 35
32 31 30 29
33 34 35 36
33 32 31 30
34 35 36 37
34 33 32 31
35 36 37 38
35 34 33 32
36 37 38 39
36 35 34 33
37 38 39 40
37 36 35 34
38 39 40 41
38 37 36 35
39 40 41 42
39 38 37 36
40 41 42 43
40 39 38 37
41 42 43 44
41 40 39 38
42 43 44 45
42 41 40 39
43 44 45 46
43 42 41 40
44 45 46 47
44 43 42 41
45 46 47 48
45 44 43 42
46 47 48 49
46 45 44 43
47 48 49 50
47 46 45 44
48 49 50 51
48 47 46 45
49 50 51 55
49 48 47 46
50 51 55 56
50 49 48 47
51 55 56 57
51 50 49 48
52 122 121 140
52 53 54 0
53 52 122 121
53 54 0 1
54 53 52 122
54 0 1 2
55 56 57 58
55 51 50 49
56 57 58 59
56 55 51 50
57 58 59 60
57 56 55 51
58 59 60 61
58 57 56 55
59 60 61 62
59 58 57 56
60 61 62 63
60 59 58 57
61 62 63 64
61 60 59 58
62 63 64 65
62 61 60 59
63 62 61 60
63 64 65 66
64 63 62 61
64 65 66 67
65 64 63 62
65 66 67 68
66 65 64 63
66 67 68 69
67 68 69 70
67 66 65 64
68 69 70 71
68 67 66 65
69 70 71 72
69 68 67 66
70 71 72 73
70 69 68 67
71 72 73 74
71 70 69 68
72 73 74 75
72 71 70 69
73 74 75 76
73 72 71 70
74 75 76 77
74 73 72 71
75 76 77 78
75 74 73 72
76 77 78 79
76 75 74 73
77 78 79 80
77 76 75 74
78 79 80 81
78 77 76 75
79 80 81 82
79 78 77 76
80 81 82 83
80 79 78 77
81 82 83 84
81 80 79 78
82 83 84 85
82 81 80 79
83 84 85 86
83 82 81 80
84 85 86 87
84 83 82 81
85 86 87 88
85 84 83 82
86 87 88 89
86 85 84 83
87 88 89 90
87 86 85 84
88 89 90 91
88 87 86 85
89 90 91 92
89 88 87 86
90 91 92 93
90 89 88 87
91 92 93 94
91 90 89 88
92 93 94 95
92 91 90 89
93 94 95 96
93 92 91 90
94 95 96 97
94 93 92 91
95 96 97 98
95 94 93 92
96 97 98 99
96 95 94 93
97 98 99 100
97 96 95 94
98 99 100 101
98 97 96 95
99 100 101 102
99 98 97 96
100 101 102 103
100 99 98 97
101 102 103 104
101 100 99 98
102 103 104 105
102 101 100 99
103 104 105 106
103 102 101 100
104 105 106 107
104 103 102 101
105 106 107 108
105 104 103 102
106 107 108 109
106 105 104 103
107 108 109 110
107 106 105 104
108 109 110 111
108 107 106 105
109 110 111 112
109 108 107 106
110 111 112 113
110 109 108 107
111 112 113 114
111 110 109 108
112 113 114 115
112 111 110 109
113 114 115 116
113 112 111 110
114 115 116 117
114 113 112 111
115 116 117 118
115 114 113 112
116 117 118 119
116 115 114 113
117 118 119 120
117 116 115 114
118 119 120 123
118 117 116 115
119 120 123 124
119 118 117 116
120 123 124 125
120 119 118 117
121 140 139 162
121 122 52 53
122 121 140 139
122 52 53 54
123 124 125 126
123 120 119 118
124 125 126 127
124 123 120 119
125 126 127 128
125 124 123 120
126 127 128 129
126 125 124 123
127 128 129 130
127 126 125 124
128 129 130 131
128 127 126 125
129 130 131 132
129 128 127 126
130 131 132 133
130 129 128 127
131 132 133 134
131 130 129 128
132 133 134 135
132 131 130 129
133 134 135 136
133 132 131 130
134 135 136 137
134 133 132 131
135 136 137 138
135 134 133 132
136 137 138 141
136 135 134 133
137 138 141 142
137 136 135 134
138 141 142 143
138 137 136 135
139 162 161 178
139 140 121 122
140 139 162 161
140 121 122 52
141 142 143 144
141 138 137 136
142 143 144 145
142 141 138 137
143 144 145 146
143 142 141 138
144 145 146 147
144 143 142 141
145 146 147 148
145 144 143 142
146 147 148 149
146 145 144 143
147 148 149 150
147 146 145 144
148 149 150 151
148 147 146 145
149 150 151 152
149 148 147 146
150 151 152 153
150 149 148 147
151 152 153 154
151 150 149 148
152 153 154 155
152 151 150 149
153 154 155 156
153 152 151 150
154 155 156 157
154 153 152 151
155 156 157 158
155 154 153 152
156 157 158 159
156 155 154 153
157 158 159 160
157 156 155 154
158 159 160 163
158 157 156 155
159 160 163 164
159 158 157 156
160 163 164 165
160 159 158 157
161 178 177 190
161 162 139 140
162 161 178 177
162 139 140 121
163 164 165 166
163 160 159 158
164 165 166 167
164 163 160 159
165 166 167 168
165 164 163 160
166 167 168 169
166 165 164 163
167 168 169 170
167 166 165 164
168 169 170 171
168 167 166 165
169 170 171 172
169 168 167 166
170 171 172 173
170 169 168 167
171 172 173 174
171 170 169 168
172 173 174 175
172 171 170 169
173 174 175 176
173 172 171 170
174 175 176 179
174 173 172 171
175 176 179 180
175 174 173 172
176 179 180 181
176 175 174 173
177 190 195 194
177 178 161 162
178 177 190 195
178 161 162 139
179 180 181 182
179 176 175 174
180 181 182 183
180 179 176 175
181 182 183 184
181 180 179 176
182 183 184 185
182 181 180 179
183 184 185 186
183 182 181 180
184 185 186 187
184 183 182 181
185 186 187 188
185 184 183 182
186 187 188 189
186 185 184 183
187 188 189 192
187 186 185 184
188 189 192 193
188 187 186 185
189 192 193 197
189 188 187 186
190 195 194 199
190 177 178 161
191 196 200 203
192 193 197 201
192 189 188 187
193 197 201 204
193 192 189 188
194 199 198 202
194 195 190 177
195 194 199 198
195 190 177 178
196 200 203 207
197 201 204 208
197 193 192 189
198 202 206 205
198 199 194 195
199 198 202 206
199 194 195 190
200 203 207 210
200 196 191 -1
201 204 208 211
201 197 193 192
202 206 205 209
202 198 199 194
203 207 210 213
203 200 196 191
204 208 211 214
204 201 197 193
205 209 212 215
205 206 202 198
206 205 209 212
206 202 198 199
207 210 213 217
207 203 200 196
208 211 214 218
208 204 201 197
209 212 215 219
209 205 206 202
210 213 217 216
210 207 203 200
211 214 218 221
211 208 204 201
212 215 219 222
212 209 205 206
213 217 216 220
213 210 207 203
214 218 221 224
214 211 208 204
215 219 222 226
215 212 209 205
216 220 223 227
216 217 213 210
217 216 220 223
217 213 210 207
218 221 224 228
218 214 211 208
219 222 226 225
219 215 212 209
220 223 227 230
220 216 217 213
221 224 228 231
221 218 214 211
222 226 225 229
222 219 215 212
223 227 230 233
223 220 216 217
224 228 231 234
224 221 218 214
225 229 232 235
225 226 222 219
226 225 229 232
226 222 219 215
227 230 233 236
227 223 220 216
228 231 234 237
228 224 221 218
229 232 235 238
229 225 226 222
230 233 236 240
230 227 223 220
231 234 237 241
231 228 224 221
232 235 238 243
232 229 225 226
233 236 240 239
233 230 227 223
234 237 241 245
234 231 228 224
235 238 243 242
235 232 229 225
236 240 239 244
236 233 230 227
237 241 245 248
237 234 231 228
238 243 242 246
238 235 232 229
239 244 247 250
239 240 236 233
240 239 244 247
240 236 233 230
241 245 248 251
241 237 234 231
242 246 249 252
242 243 238 235
243 242 246 249
243 238 235 232
244 247 250 253
244 239 240 236
245 248 251 254
245 241 237 234
246 249 252 255
246 242 243 238
247 250 253 257
247 244 239 240
248 251 254 258
248 245 241 237
249 252 255 259
249 246 242 243
250 253 257 256
250 247 244 239
251 254 258 261
251 248 245 241
252 255 259 263
252 249 246 242
253 257 256 260
253 250 247 244
254 258 261 265
254 251 248 245
255 259 263 262
255 252 249 246
256 260 264 267
256 257 253 250
257 256 260 264
257 253 250 247
258 261 265 268
258 254 251 248
259 263 262 266
259 255 252 249
260 264 267 270
260 256 257 253
261 265 268 271
261 258 254 251
262 266 269 273
262 263 259 255
263 262 266 269
263 259 255 252
264 267 270 274
264 260 256 257
265 268 271 275
265 261 258 254
266 269 273 272
266 262 263 259
267 270 274 277
267 264 260 256
268 271 275 278
268 265 261 258
269 273 272 276
269 266 262 263
270 274 277 280
270 267 264 260
271 275 278 281
271 268 265 261
272 276 279 282
272 273 269 266
273 272 276 279
273 269 266 262
274 277 280 284
274 270 267 264
275 278 281 285
275 271 268 265
276 279 282 286
276 272 273 269
277 280 284 283
277 274 270 267
278 281 285 288
278 275 271 268
279 282 286 289
279 276 272 273
280 284 283 287
280 277 274 270
281 285 288 291
281 278 275 271
282 286 289 292
282 279 276 272
283 287 290 293
283 284 280 277
284 283 287 290
284 280 277 274
285 288 291 294
285 281 278 275
286 289 292 295
286 282 279 276
287 290 293 296
287 283 284 280
288 291 294 297
288 285 281 278
289 292 295 298
289 286 282 279
290 293 296 299
290 287 283 284
291 294 297 300
291 288 285 281
292 295 298 301
292 289 286 282
293 296 299 303
293 290 287 283
294 297 300 304
294 291 288 285
295 298 301 305
295 292 289 286
296 299 303 302
296 293 290 287
297 300 304 307
297 294 291 288
298 301 305 308
298 295 292 289
299 303 302 306
299 296 293 290
300 304 307 310
300 297 294 291
301 305 308 311
301 298 295 292
302 306 309 313
302 303 299 296
303 302 306 309
303 299 296 293
304 307 310 314
304 300 297 294
305 308 311 315
305 301 298 295
306 309 313 312
306 302 303 299
307 310 314 317
307 304 300 297
308 311 315 318
308 305 301 298
309 313 312 316
309 306 302 303
310 314 317 320
310 307 304 300
311 315 318 321
311 308 305 301
312 316 319 322
312 313 309 306
313 312 316 319
313 309 306 302
314 317 320 323
314 310 307 304
315 318 321 324
315 311 308 305
316 319 322 325
316 312 313 309
317 320 323 326
317 314 310 307
318 321 324 327
318 315 311 308
319 322 325 328
319 316 312 313
320 323 326 329
320 317 314 310
321 324 327 330
321 318 315 311
322 325 328 331
322 319 316 312
323 326 329 332
323 320 317 314
324 327 330 333
324 321 318 315
325 328 331 334
325 322 319 316
326 329 332 335
326 323 320 317
327 330 333 336
327 324 321 318
328 331 334 337
328 325 322 319
329 332 335 338
329 326 323 320
330 333 336 339
330 327 324 321
331 334 337 340
331 328 325 322
332 335 338 341
332 329 326 323
333 336 339 342
333 330 327 324
334 337 340 343
334 331 328 325
335 338 341 344
335 332 329 326
336 339 342 345
336 333 330 327
337 340 343 346
337 334 331 328
338 341 344 347
338 335 332 329
339 342 345 348
339 336 333 330
340 343 346 349
340 337 334 331
341 344 347 350
341 338 335 332
342 345 348 351
342 339 336 333
343 346 349 352
343 340 337 334
344 347 350 353
344 341 338 335
345 348 351 354
345 342 339 336
346 349 352 356
346 343 340 337
347 350 353 357
347 344 341 338
348 351 354 358
348 345 342 339
349 352 356 355
349 346 343 340
350 353 357 360
350 347 344 341
351 354 358 361
351 348 345 342
352 356 355 359
352 349 346 343
353 357 360 363
353 350 347 344
354 358 361 364
354 351 348 345
355 359 362 365
355 356 352 349
356 355 359 362
356 352 349 346
357 360 363 366
357 353 350 347
358 361 364 367
358 354 351 348
359 362 365 369
359 355 356 352
360 363 366 370
360 357 353 350
361 364 367 371
361 358 354 351
362 365 369 368
362 359 355 356
363 366 370 373
363 360 357 353
364 367 371 374
364 361 358 354
365 369 368 372
365 362 359 355
366 370 373 376
366 363 360 357
367 371 374 377
367 364 361 358
368 372 375 378
368 369 365 362
369 368 372 375
369 365 362 359
370 373 376 379
370 366 363 360
371 374 377 380
371 367 364 361
372 375 378 381
372 368 369 365
373 376 379 382
373 370 366 363
374 377 380 383
374 371 367 364
375 378 381 384
375 372 368 369
376 379 382 385
376 373 370 366
377 380 383 386
377 374 371 367
378 381 384 387
378 375 372 368
379 382 385 388
379 376 373 370
380 383 386 389
380 377 374 371
381 384 387 390
381 378 375 372
382 385 388 391
382 379 376 373
383 386 389 392
383 380 377 374
384 387 390 393
384 381 378 375
385 388 391 394
385 382 379 376
386 389 392 395
386 383 380 377
387 390 393 396
387 384 381 378
388 391 394 397
388 385 382 379
389 392 395 398
389 386 383 380
390 393 396 399
390 387 384 381
391 394 397 400
391 388 385 382
392 395 398 401
392 389 386 383
393 396 399 402
393 390 387 384
394 397 400 403
394 391 388 385
395 398 401 404
395 392 389 386
396 399 402 405
396 393 390 387
397 400 403 406
397 394 391 388
398 401 404 407
398 395 392 389
399 402 405 408
399 396 393 390
400 403 406 409
400 397 394 391
401 404 407 410
401 398 395 392
402 405 408 411
402 399 396 393
403 406 409 412
403 400 397 394
404 407 410 413
404 401 398 395
405 408 411 414
405 402 399 396
406 409 412 415
406 403 400 397
407 410 413 416
407 404 401 398
408 411 414 417
408 405 402 399
409 412 415 418
409 406 403 400
410 413 416 419
410 407 404 401
411 414 417 420
411 408 405 402
412 415 418 421
412 409 406 403
413 416 419 422
413 410 407 404
414 417 420 423
414 411 408 405
415 418 421 424
415 412 409 406
416 419 422 425
416 413 410 407
417 420 423 426
417 414 411 408
418 421 424 427
418 415 412 409
419 422 425 428
419 416 413 410
420 423 426 429
420 417 414 411
421 424 427 430
421 418 415 412
422 425 428 431
422 419 416 413
423 426 429 432
423 420 417 414
424 427 430 433
424 421 418 415
425 428 431 434
425 422 419 416
426 429 432 435
426 423 420 417
427 430 433 436
427 424 421 418
428 431 434 437
428 425 422 419
429 432 435 438
429 426 423 420
430 433 436 439
430 427 424 421
431 434 437 440
431 428 425 422
432 435 438 441
432 429 426 423
433 436 439 442
433 430 427 424
434 437 440 443
434 431 428 425
435 438 441 444
435 432 429 426
436 439 442 445
436 433 430 427
437 440 443 446
437 434 431 428
438 441 444 448
438 435 432 429
439 442 445 449
439 436 433 430
440 443 446 450
440 437 434 431
441 444 448 447
441 438 435 432
442 445 449 452
442 439 436 433
443 446 450 453
443 440 437 434
444 448 447 451
444 441 438 435
445 449 452 455
445 442 439 436
446 450 453 456
446 443 440 437
447 451 454 457
447 448 444 441
448 447 451 454
448 444 441 438
449 452 455 458
449 445 442 439
450 453 456 459
450 446 443 440
451 454 457 460
451 447 448 444
452 455 458 461
452 449 445 442
453 456 459 462
453 450 446 443
454 457 460 464
454 451 447 448
455 458 461 465
455 452 449 445
456 459 462 466
456 453 450 446
457 460 464 463
457 454 451 447
458 461 465 468
458 455 452 449
459 462 466 469
459 456 453 450
460 464 463 467
460 457 454 451
461 465 468 471
461 458 455 452
462 466 469 472
462 459 456 453
463 467 470 473
463 464 460 457
464 463 467 470
464 460 457 454
465 468 471 474
465 461 458 455
466 469 472 475
466 462 459 456
467 470 473 476
467 463 464 460
468 471 474 477
468 465 461 458
469 472 475 478
469 466 462 459
470 473 476 479
470 467 463 464
471 474 477 480
471 468 465 461
472 475 478 481
472 469 466 462
473 476 479 482
473 470 467 463
474 477 480 483
474 471 468 465
475 478 481 484
475 472 469 466
476 479 482 485
476 473 470 467
477 480 483 486
477 474 471 468
478 481 484 487
478 475 472 469
479 482 485 488
479 476 473 470
480 483 486 489
480 477 474 471
481 484 487 490
481 478 475 472
482 485 488 491
482 479 476 473
483 486 489 492
483 480 477 474
484 487 490 493
484 481 478 475
485 488 491 494
485 482 479 476
486 489 492 495
486 483 480 477
487 490 493 496
487 484 481 478
488 491 494 497
488 485 482 479
489 492 495 498
489 486 483 480
490 493 496 499
490 487 484 481
491 494 497 500
491 488 485 482
492 495 498 501
492 489 486 483
493 496 499 502
493 490 487 484
494 497 500 503
494 491 488 485
495 498 501 504
495 492 489 486
496 499 502 505
496 493 490 487
497 500 503 506
497 494 491 488
498 501 504 507
498 495 492 489
499 502 505 508
499 496 493 490
500 503 506 513
500 497 494 491
501 504 507 514
501 498 495 492
502 505 508 515
502 499 496 493
503 506 513 520
503 500 497 494
504 507 514 521
504 501 498 495
505 508 515 522
505 502 499 496
506 513 520 527
506 503 500 497
507 514 521 528
507 504 501 498
508 515 522 529
508 505 502 499
509 517 516 524
509 510 511 512
510 509 517 516
510 511 512 518
511 512 518 519
511 510 509 517
512 518 519 525
512 511 510 509
513 520 527 533
513 506 503 500
514 521 528 534
514 507 504 501
515 522 529 535
515 508 505 502
516 524 523 530
516 517 509 510
517 516 524 523
517 509 510 511
518 519 525 526
518 512 511 510
519 525 526 531
519 518 512 511
520 527 533 538
520 513 506 503
521 528 534 539
521 514 507 504
522 529 535 540
522 515 508 505
523 530 536 542
523 524 516 517
524 523 530 536
524 516 517 509
525 526 531 532
525 519 518 512
526 531 532 537
526 525 519 518
527 533 538 544
527 520 513 506
528 534 539 545
528 521 514 507
529 535 540 546
529 522 515 508
530 536 542 541
530 523 524 516
531 532 537 543
531 526 525 519
532 537 543 548
532 531 526 525
533 538 544 550
533 527 520 513
534 539 545 551
534 528 521 514
535 540 546 552
535 529 522 515
536 542 541 547
536 530 523 524
537 543 548 549
537 532 531 526
538 544 550 556
538 533 527 520
539 545 551 557
539 534 528 521
540 546 552 558
540 535 529 522
541 547 554 553
541 542 536 530
542 541 547 554
542 536 530 523
543 548 549 555
543 537 532 531
544 550 556 561
544 538 533 527
545 551 557 562
545 539 534 528
546 552 558 563
546 540 535 529
547 554 553 559
547 541 542 536
548 549 555 560
548 543 537 532
549 555 560 565
549 548 543 537
550 556 561 566
550 544 538 533
551 557 562 567
551 545 539 534
552 558 563 568
552 546 540 535
553 559 564 569
553 554 547 541
554 553 559 564
554 547 541 542
555 560 565 570
555 549 548 543
556 561 566 571
556 550 544 538
557 562 567 572
557 551 545 539
558 563 568 573
558 552 546 540
559 564 569 574
559 553 554 547
560 565 570 575
560 555 549 548
561 566 571 577
561 556 550 544
562 567 572 578
562 557 551 545
563 568 573 579
563 558 552 546
564 569 574 581
564 559 553 554
565 570 575 576
565 560 555 549
566 571 577 583
566 561 556 550
567 572 578 584
567 562 557 551
568 573 579 585
568 563 558 552
569 574 581 580
569 564 559 553
570 575 576 582
570 565 560 555
571 577 583 588
571 566 561 556
572 578 584 589
572 567 562 557
573 579 585 591
573 568 563 558
574 581 580 586
574 569 564 559
575 576 582 587
575 570 565 560
576 582 587 593
576 575 570 565
577 583 588 595
577 571 566 561
578 584 589 590
578 572 567 562
579 585 591 597
579 573 568 563
580 586 592 598
580 581 574 569
581 580 586 592
581 574 569 564
582 587 593 594
582 576 575 570
583 588 595 600
583 577 571 566
584 589 590 596
584 578 572 567
585 591 597 602
585 579 573 568
586 592 598 603
586 580 581 574
587 593 594 599
587 582 576 575
588 595 600 605
588 583 577 571
589 590 596 601
589 584 578 572
590 596 601 606
590 589 584 578
591 597 602 607
591 585 579 573
592 598 603 608
592 586 580 581
593 594 599 604
593 587 582 576
594 599 604 609
594 593 587 582
595 600 605 610
595 588 583 577
596 601 606 611
596 590 589 584
597 602 607 612
597 591 585 579
598 603 608 613
598 592 586 580
599 604 609 614
599 594 593 587
600 605 610 615
600 595 588 583
601 606 611 616
601 596 590 589
602 607 612 617
602 597 591 585
603 608 613 619
603 598 592 586
604 609 614 620
604 599 594 593
605 610 615 621
605 600 595 588
606 611 616 622
606 601 596 590
607 612 617 623
607 602 597 591
608 613 619 618
608 603 598 592
609 614 620 625
609 604 599 594
610 615 621 626
610 605 600 595
611 616 622 627
611 606 601 596
612 617 623 628
612 607 602 597
613 619 618 624
613 608 603 598
614 620 625 630
614 609 604 599
615 621 626 631
615 610 605 600
616 622 627 632
616 611 606 601
617 623 628 633
617 612 607 602
618 624 629 634
618 619 613 608
619 618 624 629
619 613 608 603
620 625 630 635
620 614 609 604
621 626 631 636
621 615 610 605
622 627 632 637
622 616 611 606
623 628 633 638
623 617 612 607
624 629 634 639
624 618 619 613
625 630 635 640
625 620 614 609
626 631 636 641
626 621 615 610
627 632 637 642
627 622 616 611
628 633 638 644
628 623 617 612
629 634 639 645
629 624 618 619
630 635 640 646
630 625 620 614
631 636 641 647
631 626 621 615
632 637 642 643
632 627 622 616
633 638 644 649
633 628 623 617
634 639 645 650
634 629 624 618
635 640 646 651
635 630 625 620
636 641 647 652
636 631 626 621
637 642 643 648
637 632 627 622
638 644 649 654
638 633 628 623
639 645 650 655
639 634 629 624
640 646 651 656
640 635 630 625
641 647 652 657
641 636 631 626
642 643 648 653
642 637 632 627
643 648 653 658
643 642 637 632
644 649 654 659
644 638 633 628
645 650 655 660
645 639 634 629
646 651 656 661
646 640 635 630
647 652 657 662
647 641 636 631
648 653 658 663
648 643 642 637
649 654 659 664
649 644 638 633
650 655 660 665
650 645 639 634
651 656 661 666
651 646 640 635
652 657 662 667
652 647 641 636
653 658 663 668
653 648 643 642
654 659 664 669
654 649 644 638
655 660 665 670
655 650 645 639
656 661 666 671
656 651 646 640
657 662 667 672
657 652 647 641
658 663 668 673
658 653 648 643
659 664 669 674
659 654 649 644
660 665 670 675
660 655 650 645
661 666 671 676
661 656 651 646
662 667 672 677
662 657 652 647
663 668 673 678
663 658 653 648
664 669 674 679
664 659 654 649
665 670 675 680
665 660 655 650
666 671 676 681
666 661 656 651
667 672 677 682
667 662 657 652
668 673 678 683
668 663 658 653
669 674 679 684
669 664 659 654
670 675 680 685
670 665 660 655
671 676 681 686
671 666 661 656
672 677 682 687
672 667 662 657
673 678 683 688
673 668 663 658
674 679 684 689
674 669 664 659
675 680 685 690
675 670 665 660
676 681 686 691
676 671 666 661
677 682 687 692
677 672 667 662
678 683 688 693
678 673 668 663
679 684 689 694
679 674 669 664
680 685 690 695
680 675 670 665
681 686 691 696
681 676 671 666
682 687 692 697
682 677 672 667
683 688 693 698
683 678 673 668
684 689 694 699
684 679 674 669
685 690 695 700
685 680 675 670
686 691 696 701
686 681 676 671
687 692 697 702
687 682 677 672
688 693 698 703
688 683 678 673
689 694 699 704
689 684 679 674
690 695 700 705
690 685 680 675
691 696 701 706
691 686 681 676
692 697 702 707
692 687 682 677
693 698 703 708
693 688 683 678
694 699 704 709
694 689 684 679
695 700 705 710
695 690 685 680
696 701 706 711
696 691 686 681
697 702 707 712
697 692 687 682
698 703 708 713
698 693 688 683
699 704 709 714
699 694 689 684
700 705 710 715
700 695 690 685
701 706 711 716
701 696 691 686
702 707 712 717
702 697 692 687
703 708 713 718
703 698 693 688
704 709 714 719
704 699 694 689
705 710 715 720
705 700 695 690
706 711 716 721
706 701 696 691
707 712 717 722
707 702 697 692
708 713 718 723
708 703 698 693
709 714 719 724
709 704 699 694
710 715 720 725
710 705 700 695
711 716 721 726
711 706 701 696
712 717 722 727
712 707 702 697
713 718 723 728
713 708 703 698
714 719 724 729
714 709 704 699
715 720 725 730
715 710 705 700
716 721 726 731
716 711 706 701
717 722 727 732
717 712 707 702
718 723 728 733
718 713 708 703
719 724 729 734
719 714 709 704
720 725 730 735
720 715 710 705
721 726 731 736
721 716 711 706
722 727 732 737
722 717 712 707
723 728 733 738
723 718 713 708
724 729 734 739
724 719 714 709
725 730 735 740
725 720 715 710
726 731 736 741
726 721 716 711
727 732 737 742
727 722 717 712
728 733 738 743
728 723 718 713
729 734 739 744
729 724 719 714
730 735 740 745
730 725 720 715
731 736 741 746
731 726 721 716
732 737 742 747
732 727 722 717
733 738 743 748
733 728 723 718
734 739 744 749
734 729 724 719
735 740 745 750
735 730 725 720
736 741 746 751
736 731 726 721
737 742 747 752
737 732 727 722
738 743 748 753
738 733 728 723
739 744 749 754
739 734 729 724
740 745 750 755
740 735 730 725
741 746 751 756
741 736 731 726
742 747 752 757
742 737 732 727
743 748 753 758
743 738 733 728
744 749 754 759
744 739 734 729
745 750 755 760
745 740 735 730
746 751 756 761
746 741 736 731
747 752 757 762
747 742 737 732
748 753 758 763
748 743 738 733
749 754 759 764
749 744 739 734
750 755 760 765
750 745 740 735
751 756 761 766
751 746 741 736
752 757 762 767
752 747 742 737
753 758 763 768
753 748 743 738
754 759 764 769
754 749 744 739
755 760 765 770
755 750 745 740
756 761 766 771
756 751 746 741
757 762 767 772
757 752 747 742
758 763 768 773
758 753 748 743
759 764 769 774
759 754 749 744
760 765 770 775
760 755 750 745
761 766 771 776
761 756 751 746
762 767 772 777
762 757 752 747
763 768 773 778
763 758 753 748
764 769 774 779
764 759 754 749
765 770 775 780
765 760 755 750
766 771 776 781
766 761 756 751
767 772 777 782
767 762 757 752
768 773 778 783
768 763 758 753
769 774 779 784
769 764 759 754
770 775 780 785
770 765 760 755
771 776 781 786
771 766 761 756
772 777 782 787
772 767 762 757
773 778 783 788
773 768 763 758
774 779 784 789
774 769 764 759
775 780 785 790
775 770 765 760
776 781 786 791
776 771 766 761
777 782 787 792
777 772 767 762
778 783 788 793
778 773 768 763
779 784 789 794
779 774 769 764
780 785 790 795
780 775 770 765
781 786 791 796
781 776 771 766
782 787 792 797
782 777 772 767
783 788 793 798
783 778 773 768
784 789 794 799
784 779 774 769
785 790 795 800
785 780 775 770
786 791 796 801
786 781 776 771
787 792 797 802
787 782 777 772
788 793 798 803
788 783 778 773
789 794 799 804
789 784 779 774
790 795 800 805
790 785 780 775
791 796 801 806
791 786 781 776
792 797 802 807
792 787 782 777
793 798 803 808
793 788 783 778
794 799 804 809
794 789 784 779
795 800 805 810
795 790 785 780
796 801 806 811
796 791 786 781
797 802 807 812
797 792 787 782
798 803 808 813
798 793 788 783
799 804 809 814
799 794 789 784
800 805 810 815
800 795 790 785
801 806 811 816
801 796 791 786
802 807 812 817
802 797 792 787
803 808 813 818
803 798 793 788
804 809 814 819
804 799 794 789
805 810 815 820
805 800 795 790
806 811 816 821
806 801 796 791
807 812 817 822
807 802 797 792
808 813 818 823
808 803 798 793
809 814 819 824
809 804 799 794
810 815 820 825
810 805 800 795
811 816 821 826
811 806 801 796
812 817 822 827
812 807 802 797
813 818 823 829
813 808 803 798
814 819 824 830
814 809 804 799
815 820 825 831
815 810 805 800
816 821 826 832
816 811 806 801
817 822 827 828
817 812 807 802
818 823 829 834
818 813 808 803
819 824 830 835
819 814 809 804
820 825 831 836
820 815 810 805
821 826 832 837
821 816 811 806
822 827 828 833
822 817 812 807
823 829 834 839
823 818 813 808
824 830 835 840
824 819 814 809
825 831 836 841
825 820 815 810
826 832 837 842
826 821 816 811
827 828 833 838
827 822 817 812
828 833 838 843
828 827 822 817
829 834 839 845
829 823 818 813
830 835 840 846
830 824 819 814
831 836 841 847
831 825 820 815
832 837 842 848
832 826 821 816
833 838 843 844
833 828 827 822
834 839 845 850
834 829 823 818
835 840 846 851
835 830 824 819
836 841 847 852
836 831 825 820
837 842 848 853
837 832 826 821
838 843 844 849
838 833 828 827
839 845 850 855
839 834 829 823
840 846 851 856
840 835 830 824
841 847 852 857
841 836 831 825
842 848 853 858
842 837 832 826
843 844 849 854
843 838 833 828
844 849 854 859
844 843 838 833
845 850 855 860
845 839 834 829
846 851 856 861
846 840 835 830
847 852 857 862
847 841 836 831
848 853 858 863
848 842 837 832
849 854 859 864
849 844 843 838
850 855 860 865
850 845 839 834
851 856 861 866
851 846 840 835
852 857 862 867
852 847 841 836
853 858 863 868
853 848 842 837
854 859 864 869
854 849 844 843
855 860 865 870
855 850 845 839
856 861 866 871
856 851 846 840
857 862 867 872
857 852 847 841
858 863 868 873
858 853 848 842
859 864 869 874
859 854 849 844
860 865 870 876
860 855 850 845
861 866 871 877
861 856 851 846
862 867 872 878
862 857 852 847
863 868 873 879
863 858 853 848
864 869 874 875
864 859 854 849
865 870 876 881
865 860 855 850
866 871 877 882
866 861 856 851
867 872 878 883
867 862 857 852
868 873 879 884
868 863 858 853
869 874 875 880
869 864 859 854
870 876 881 886
870 865 860 855
871 877 882 887
871 866 861 856
872 878 883 888
872 867 862 857
873 879 884 889
873 868 863 858
874 875 880 885
874 869 864 859
875 880 885 890
875 874 869 864
876 881 886 892
876 870 865 860
877 882 887 893
877 871 866 861
878 883 888 894
878 872 867 862
879 884 889 895
879 873 868 863
880 885 890 891
880 875 874 869
881 886 892 897
881 876 870 865
882 887 893 898
882 877 871 866
883 888 894 899
883 878 872 867
884 889 895 900
884 879 873 868
885 890 891 896
885 880 875 874
886 892 897 902
886 881 876 870
887 893 898 903
887 882 877 871
888 894 899 904
888 883 878 872
889 895 900 905
889 884 879 873
890 891 896 901
890 885 880 875
891 896 901 906
891 890 885 880
892 897 902 908
892 886 881 876
893 898 903 909
893 887 882 877
894 899 904 910
894 888 883 878
895 900 905 911
895 889 884 879
896 901 906 907
896 891 890 885
897 902 908 913
897 892 886 881
898 903 909 915
898 893 887 882
899 904 910 916
899 894 888 883
900 905 911 917
900 895 889 884
901 906 907 912
901 896 891 890
902 908 913 914
902 897 892 886
903 909 915 920
903 898 893 887
904 910 916 921
904 899 894 888
905 911 917 922
905 900 895 889
906 907 912 918
906 901 896 891
907 912 918 923
907 906 901 896
908 913 914 919
908 902 897 892
909 915 920 926
909 903 898 893
910 916 921 927
910 904 899 894
911 917 922 928
911 905 900 895
912 918 923 924
912 907 906 901
913 914 919 925
913 908 902 897
914 919 925 930
914 913 908 902
915 920 926 931
915 909 903 898
916 921 927 932
916 910 904 899
917 922 928 933
917 911 905 900
918 923 924 929
918 912 907 906
919 925 930 935
919 914 913 908
920 926 931 936
920 915 909 903
921 927 932 937
921 916 910 904
922 928 933 938
922 917 911 905
923 924 929 934
923 918 912 907
924 929 934 939
924 923 918 912
925 930 935 940
925 919 914 913
926 931 936 941
926 920 915 909
927 932 937 942
927 921 916 910
928 933 938 943
928 922 917 911
929 934 939 944
929 924 923 918
930 935 940 945
930 925 919 914
931 936 941 946
931 926 920 915
932 937 942 947
932 927 921 916
933 938 943 948
933 928 922 917
934 939 944 949
934 929 924 923
935 940 945 950
935 930 925 919
936 941 946 951
936 931 926 920
937 942 947 952
937 932 927 921
938 943 948 953
938 933 928 922
939 944 949 954
939 934 929 924
940 945 950 955
940 935 930 925
941 946 951 956
941 936 931 926
942 947 952 957
942 937 932 927
943 948 953 958
943 938 933 928
944 949 954 959
944 939 934 929
945 950 955 960
945 940 935 930
946 951 956 961
946 941 936 931
947 952 957 962
947 942 937 932
948 953 958 963
948 943 938 933
949 954 959 964
949 944 939 934
950 955 960 966
950 945 940 935
951 956 961 967
951 946 941 936
952 957 962 968
952 947 942 937
953 958 963 969
953 948 943 938
954 959 964 965
954 949 944 939
955 960 966 971
955 950 945 940
956 961 967 972
956 951 946 941
957 962 968 973
957 952 947 942
958 963 969 974
958 953 948 943
959 964 965 970
959 954 949 944
960 966 971 977
960 955 950 945
961 967 972 978
961 956 951 946
962 968 973 979
962 957 952 947
963 969 974 980
963 958 953 948
964 965 970 975
964 959 954 949
965 970 975 976
965 964 959 954
966 971 977 982
966 960 955 950
967 972 978 983
967 961 956 951
968 973 979 984
968 962 957 952
969 974 980 985
969 963 958 953
970 975 976 981
970 965 964 959
971 977 982 987
971 966 960 955
972 978 983 988
972 967 961 956
973 979 984 989
973 968 962 957
974 980 985 990
974 969 963 958
975 976 981 986
975 970 965 964
976 981 986 991
976 975 970 965
977 982 987 992
977 971 966 960
978 983 988 993
978 972 967 961
979 984 989 994
979 973 968 962
980 985 990 995
980 974 969 963
981 986 991 996
981 976 975 970
982 987 992 997
982 977 971 966
983 988 993 998
983 978 972 967
984 989 994 999
984 979 973 968
985 990 995 1000
985 980 974 969
986 991 996 1001
986 981 976 975
987 992 997 1003
987 982 977 971
988 993 998 1004
988 983 978 972
989 994 999 1005
989 984 979 973
990 995 1000 1006
990 985 980 974
991 996 1001 1002
991 986 981 976
992 997 1003 1008
992 987 982 977
993 998 1004 1009
993 988 983 978
994 999 1005 1010
994 989 984 979
995 1000 1006 1011
995 990 985 980
996 1001 1002 1007
996 991 986 981
997 1003 1008 1014
997 992 987 982
998 1004 1009 1015
998 993 988 983
999 1005 1010 1016
999 994 989 984
1000 1006 1011 1017
1000 995 990 985
1001 1002 1007 1012
1001 996 991 986
1002 1007 1012 1013
1002 1001 996 991
1003 1008 1014 1019
1003 997 992 987
1004 1009 1015 1020
1004 998 993 988
1005 1010 1016 1021
1005 999 994 989
1006 1011 1017 1022
1006 1000 995 990
1007 1012 1013 1018
1007 1002 1001 996
1008 1014 1019 1024
1008 1003 997 992
1009 1015 1020 1025
1009 1004 998 993
1010 1016 1021 1026
1010 1005 999 994
1011 1017 1022 1027
1011 1006 1000 995
1012 1013 1018 1023
1012 1007 1002 1001
1013 1018 1023 1028
1013 1012 1007 1002
1014 1019 1024 1029
1014 1008 1003 997
1015 1020 1025 1030
1015 1009 1004 998
1016 1021 1026 1031
1016 1010 1005 999
1017 1022 1027 1032
1017 1011 1006 1000
1018 1023 1028 1033
1018 1013 1012 1007
1019 1024 1029 1034
1019 1014 1008 1003
1020 1025 1030 1035
1020 1015 1009 1004
1021 1026 1031 1036
1021 1016 1010 1005
1022 1027 1032 1037
1022 1017 1011 1006
1023 1028 1033 1038
1023 1018 1013 1012
1024 1029 1034 1040
1024 1019 1014 1008
1025 1030 1035 1041
1025 1020 1015 1009
1026 1031 1036 1042
1026 1021 1016 1010
1027 1032 1037 1043
1027 1022 1017 1011
1028 1033 1038 1039
1028 1023 1018 1013
1029 1034 1040 1045
1029 1024 1019 1014
1030 1035 1041 1046
1030 1025 1020 1015
1031 1036 1042 1047
1031 1026 1021 1016
1032 1037 1043 1048
1032 1027 1022 1017
1033 1038 1039 1044
1033 1028 1023 1018
1034 1040 1045 1051
1034 1029 1024 1019
1035 1041 1046 1052
1035 1030 1025 1020
1036 1042 1047 1053
1036 1031 1026 1021
1037 1043 1048 1054
1037 1032 1027 1022
1038 1039 1044 1049
1038 1033 1028 1023
1039 1044 1049 1050
1039 1038 1033 1028
1040 1045 1051 1056
1040 1034 1029 1024
1041 1046 1052 1057
1041 1035 1030 1025
1042 1047 1053 1058
1042 1036 1031 1026
1043 1048 1054 1059
1043 1037 1032 1027
1044 1049 1050 1055
1044 1039 1038 1033
1045 1051 1056 1062
1045 1040 1034 1029
1046 1052 1057 1063
1046 1041 1035 1030
1047 1053 1058 1064
1047 1042 1036 1031
1048 1054 1059 1065
1048 1043 1037 1032
1049 1050 1055 1060
1049 1044 1039 1038
1050 1055 1060 1061
1050 1049 1044 1039
1051 1056 1062 1067
1051 1045 1040 1034
1052 1057 1063 1068
1052 1046 1041 1035
1053 1058 1064 1069
1053 1047 1042 1036
1054 1059 1065 1070
1054 1048 1043 1037
1055 1060 1061 1066
1055 1050 1049 1044
1056 1062 1067 1072
1056 1051 1045 1040
1057 1063 1068 1073
1057 1052 1046 1041
1058 1064 1069 1074
1058 1053 1047 1042
1059 1065 1070 1075
1059 1054 1048 1043
1060 1061 1066 1071
1060 1055 1050 1049
1061 1066 1071 1076
1061 1060 1055 1050
1062 1067 1072 1077
1062 1056 1051 1045
1063 1068 1073 1078
1063 1057 1052 1046
1064 1069 1074 1079
1064 1058 1053 1047
1065 1070 1075 1080
1065 1059 1054 1048
1066 1071 1076 1081
1066 1061 1060 1055
1067 1072 1077 1082
1067 1062 1056 1051
1068 1073 1078 1083
1068 1063 1057 1052
1069 1074 1079 1084
1069 1064 1058 1053
1070 1075 1080 1085
1070 1065 1059 1054
1071 1076 1081 1086
1071 1066 1061 1060
1072 1077 1082 1087
1072 1067 1062 1056
1073 1078 1083 1088
1073 1068 1063 1057
1074 1079 1084 1089
1074 1069 1064 1058
1075 1080 1085 1090
1075 1070 1065 1059
1076 1081 1086 1091
1076 1071 1066 1061
1077 1082 1087 1092
1077 1072 1067 1062
1078 1083 1088 1093
1078 1073 1068 1063
1079 1084 1089 1094
1079 1074 1069 1064
1080 1085 1090 1095
1080 1075 1070 1065
1081 1086 1091 1096
1081 1076 1071 1066
1082 1087 1092 1097
1082 1077 1072 1067
1083 1088 1093 1098
1083 1078 1073 1068
1084 1089 1094 1099
1084 1079 1074 1069
1085 1090 1095 1100
1085 1080 1075 1070
1086 1091 1096 1101
1086 1081 1076 1071
1087 1092 1097 1102
1087 1082 1077 1072
1088 1093 1098 1103
1088 1083 1078 1073
1089 1094 1099 1104
1089 1084 1079 1074
1090 1095 1100 1105
1090 1085 1080 1075
1091 1096 1101 1106
1091 1086 1081 1076
1092 1097 1102 1107
1092 1087 1082 1077
1093 1098 1103 1108
1093 1088 1083 1078
1094 1099 1104 1109
1094 1089 1084 1079
1095 1100 1105 1110
1095 1090 1085 1080
1096 1101 1106 1111
1096 1091 1086 1081
1097 1102 1107 1112
1097 1092 1087 1082
1098 1103 1108 1113
1098 1093 1088 1083
1099 1104 1109 1114
1099 1094 1089 1084
1100 1105 1110 1115
1100 1095 1090 1085
1101 1106 1111 1116
1101 1096 1091 1086
1102 1107 1112 1117
1102 1097 1092 1087
1103 1108 1113 1118
1103 1098 1093 1088
1104 1109 1114 1119
1104 1099 1094 1089
1105 1110 1115 1120
1105 1100 1095 1090
1106 1111 1116 1121
1106 1101 1096 1091
1107 1112 1117 1122
1107 1102 1097 1092
1108 1113 1118 1123
1108 1103 1098 1093
1109 1114 1119 1124
1109 1104 1099 1094
1110 1115 1120 1125
1110 1105 1100 1095
1111 1116 1121 1126
1111 1106 1101 1096
1112 1117 1122 1127
1112 1107 1102 1097
1113 1118 1123 1128
1113 1108 1103 1098
1114 1119 1124 1129
1114 1109 1104 1099
1115 1120 1125 1130
1115 1110 1105 1100
1116 1121 1126 1131
1116 1111 1106 1101
1117 1122 1127 1132
1117 1112 1107 1102
1118 1123 1128 1133
1118 1113 1108 1103
1119 1124 1129 1134
1119 1114 1109 1104
1120 1125 1130 1135
1120 1115 1110 1105
1121 1126 1131 1136
1121 1116 1111 1106
1122 1127 1132 1137
1122 1117 1112 1107
1123 1128 1133 1138
1123 1118 1113 1108
1124 1129 1134 1139
1124 1119 1114 1109
1125 1130 1135 1140
1125 1120 1115 1110
1126 1131 1136 1141
1126 1121 1116 1111
1127 1132 1137 1143
1127 1122 1117 1112
1128 1133 1138 1144
1128 1123 1118 1113
1129 1134 1139 1145
1129 1124 1119 1114
1130 1135 1140 1146
1130 1125 1120 1115
1131 1136 1141 1142
1131 1126 1121 1116
1132 1137 1143 1148
1132 1127 1122 1117
1133 1138 1144 1149
1133 1128 1123 1118
1134 1139 1145 1150
1134 1129 1124 1119
1135 1140 1146 1151
1135 1130 1125 1120
1136 1141 1142 1147
1136 1131 1126 1121
1137 1143 1148 1154
1137 1132 1127 1122
1138 1144 1149 1155
1138 1133 1128 1123
1139 1145 1150 1156
1139 1134 1129 1124
1140 1146 1151 1157
1140 1135 1130 1125
1141 1142 1147 1152
1141 1136 1131 1126
1142 1147 1152 1153
1142 1141 1136 1131
1143 1148 1154 1159
1143 1137 1132 1127
1144 1149 1155 1160
1144 1138 1133 1128
1145 1150 1156 1161
1145 1139 1134 1129
1146 1151 1157 1162
1146 1140 1135 1130
1147 1152 1153 1158
1147 1142 1141 1136
1148 1154 1159 1165
1148 1143 1137 1132
1149 1155 1160 1166
1149 1144 1138 1133
1150 1156 1161 1167
1150 1145 1139 1134
1151 1157 1162 1168
1151 1146 1140 1135
1152 1153 1158 1163
1152 1147 1142 1141
1153 1158 1163 1164
1153 1152 1147 1142
1154 1159 1165 1170
1154 1148 1143 1137
1155 1160 1166 1171
1155 1149 1144 1138
1156 1161 1167 1172
1156 1150 1145 1139
1157 1162 1168 1173
1157 1151 1146 1140
1158 1163 1164 1169
1158 1153 1152 1147
1159 1165 1170 1176
1159 1154 1148 1143
1160 1166 1171 1177
1160 1155 1149 1144
1161 1167 1172 1178
1161 1156 1150 1145
1162 1168 1173 1179
1162 1157 1151 1146
1163 1164 1169 1174
1163 1158 1153 1152
1164 1169 1174 1175
1164 1163 1158 1153
1165 1170 1176 1181
1165 1159 1154 1148
1166 1171 1177 1182
1166 1160 1155 1149
1167 1172 1178 1183
1167 1161 1156 1150
1168 1173 1179 1184
1168 1162 1157 1151
1169 1174 1175 1180
1169 1164 1163 1158
1170 1176 1181 1187
1170 1165 1159 1154
1171 1177 1182 1188
1171 1166 1160 1155
1172 1178 1183 1189
1172 1167 1161 1156
1173 1179 1184 1190
1173 1168 1162 1157
1174 1175 1180 1185
1174 1169 1164 1163
1175 1180 1185 1186
1175 1174 1169 1164
1176 1181 1187 1192
1176 1170 1165 1159
1177 1182 1188 1193
1177 1171 1166 1160
1178 1183 1189 1194
1178 1172 1167 1161
1179 1184 1190 1195
1179 1173 1168 1162
1180 1185 1186 1191
1180 1175 1174 1169
1181 1187 1192 1197
1181 1176 1170 1165
1182 1188 1193 1198
1182 1177 1171 1166
1183 1189 1194 1199
1183 1178 1172 1167
1184 1190 1195 1200
1184 1179 1173 1168
1185 1186 1191 1196
1185 1180 1175 1174
1186 1191 1196 1201
1186 1185 1180 1175
1187 1192 1197 1203
1187 1181 1176 1170
1188 1193 1198 1204
1188 1182 1177 1171
1189 1194 1199 1205
1189 1183 1178 1172
1190 1195 1200 1206
1190 1184 1179 1173
1191 1196 1201 1202
1191 1186 1185 1180
1192 1197 1203 1208
1192 1187 1181 1176
1193 1198 1204 1209
1193 1188 1182 1177
1194 1199 1205 1210
1194 1189 1183 1178
1195 1200 1206 1211
1195 1190 1184 1179
1196 1201 1202 1207
1196 1191 1186 1185
1197 1203 1208 1214
1197 1192 1187 1181
1198 1204 1209 1215
1198 1193 1188 1182
1199 1205 1210 1216
1199 1194 1189 1183
1200 1206 1211 1217
1200 1195 1190 1184
1201 1202 1207 1212
1201 1196 1191 1186
1202 1207 1212 1213
1202 1201 1196 1191
1203 1208 1214 1219
1203 1197 1192 1187
1204 1209 1215 1220
1204 1198 1193 1188
1205 1210 1216 1221
1205 1199 1194 1189
1206 1211 1217 1222
1206 1200 1195 1190
1207 1212 1213 1218
1207 1202 1201 1196
1208 1214 1219 1224
1208 1203 1197 1192
1209 1215 1220 1225
1209 1204 1198 1193
1210 1216 1221 1226
1210 1205 1199 1194
1211 1217 1222 1227
1211 1206 1200 1195
1212 1213 1218 1223
1212 1207 1202 1201
1213 1218 1223 1228
1213 1212 1207 1202
1214 1219 1224 1229
1214 1208 1203 1197
1215 1220 1225 1230
1215 1209 1204 1198
1216 1221 1226 1231
1216 1210 1205 1199
1217 1222 1227 1232
1217 1211 1206 1200
1218 1223 1228 1233
1218 1213 1212 1207
1219 1224 1229 1234
1219 1214 1208 1203
1220 1225 1230 1235
1220 1215 1209 1204
1221 1226 1231 1236
1221 1216 1210 1205
1222 1227 1232 1237
1222 1217 1211 1206
1223 1228 1233 1238
1223 1218 1213 1212
1224 1229 1234 1240
1224 1219 1214 1208
1225 1230 1235 1241
1225 1220 1215 1209
1226 1231 1236 1242
1226 1221 1216 1210
1227 1232 1237 1243
1227 1222 1217 1211
1228 1233 1238 1239
1228 1223 1218 1213
1229 1234 1240 1245
1229 1224 1219 1214
1230 1235 1241 1246
1230 1225 1220 1215
1231 1236 1242 1247
1231 1226 1221 1216
1232 1237 1243 1248
1232 1227 1222 1217
1233 1238 1239 1244
1233 1228 1223 1218
1234 1240 1245 1251
1234 1229 1224 1219
1235 1241 1246 1252
1235 1230 1225 1220
1236 1242 1247 1253
1236 1231 1226 1221
1237 1243 1248 1254
1237 1232 1227 1222
1238 1239 1244 1249
1238 1233 1228 1223
1239 1244 1249 1250
1239 1238 1233 1228
1240 1245 1251 1257
1240 1234 1229 1224
1241 1246 1252 1258
1241 1235 1230 1225
1242 1247 1253 1259
1242 1236 1231 1226
1243 1248 1254 1260
1243 1237 1232 1227
1244 1249 1250 1255
1244 1239 1238 1233
1245 1251 1257 1262
1245 1240 1234 1229
1246 1252 1258 1263
1246 1241 1235 1230
1247 1253 1259 1264
1247 1242 1236 1231
1248 1254 1260 1265
1248 1243 1237 1232
1249 1250 1255 1256
1249 1244 1239 1238
1250 1255 1256 1261
1250 1249 1244 1239
1251 1257 1262 1268
1251 1245 1240 1234
1252 1258 1263 1269
1252 1246 1241 1235
1253 1259 1264 1270
1253 1247 1242 1236
1254 1260 1265 1271
1254 1248 1243 1237
1255 1256 1261 1266
1255 1250 1249 1244
1256 1261 1266 1267
1256 1255 1250 1249
1257 1262 1268 1273
1257 1251 1245 1240
1258 1263 1269 1274
1258 1252 1246 1241
1259 1264 1270 1275
1259 1253 1247 1242
1260 1265 1271 1276
1260 1254 1248 1243
1261 1266 1267 1272
1261 1256 1255 1250
1262 1268 1273 1278
1262 1257 1251 1245
1263 1269 1274 1279
1263 1258 1252 1246
1264 1270 1275 1280
1264 1259 1253 1247
1265 1271 1276 1281
1265 1260 1254 1248
1266 1267 1272 1277
1266 1261 1256 1255
1267 1272 1277 1282
1267 1266 1261 1256
1268 1273 1278 1283
1268 1262 1257 1251
1269 1274 1279 1284
1269 1263 1258 1252
1270 1275 1280 1285
1270 1264 1259 1253
1271 1276 1281 1286
1271 1265 1260 1254
1272 1277 1282 1287
1272 1267 1266 1261
1273 1278 1283 1289
1273 1268 1262 1257
1274 1279 1284 1290
1274 1269 1263 1258
1275 1280 1285 1291
1275 1270 1264 1259
1276 1281 1286 1292
1276 1271 1265 1260
1277 1282 1287 1288
1277 1272 1267 1266
1278 1283 1289 1294
1278 1273 1268 1262
1279 1284 1290 1295
1279 1274 1269 1263
1280 1285 1291 1296
1280 1275 1270 1264
1281 1286 1292 1297
1281 1276 1271 1265
1282 1287 1288 1293
1282 1277 1272 1267
1283 1289 1294 1299
1283 1278 1273 1268
1284 1290 1295 1300
1284 1279 1274 1269
1285 1291 1296 1301
1285 1280 1275 1270
1286 1292 1297 1302
1286 1281 1276 1271
1287 1288 1293 1298
1287 1282 1277 1272
1288 1293 1298 1303
1288 1287 1282 1277
1289 1294 1299 1304
1289 1283 1278 1273
1290 1295 1300 1305
1290 1284 1279 1274
1291 1296 1301 1306
1291 1285 1280 1275
1292 1297 1302 1307
1292 1286 1281 1276
1293 1298 1303 1308
1293 1288 1287 1282
1294 1299 1304 1309
1294 1289 1283 1278
1295 1300 1305 1310
1295 1290 1284 1279
1296 1301 1306 1311
1296 1291 1285 1280
1297 1302 1307 1312
1297 1292 1286 1281
1298 1303 1308 1313
1298 1293 1288 1287
1299 1304 1309 1314
1299 1294 1289 1283
1300 1305 1310 1315
1300 1295 1290 1284
1301 1306 1311 1316
1301 1296 1291 1285
1302 1307 1312 1317
1302 1297 1292 1286
1303 1308 1313 1319
1303 1298 1293 1288
1304 1309 1314 1320
1304 1299 1294 1289
1305 1310 1315 1321
1305 1300 1295 1290
1306 1311 1316 1322
1306 1301 1296 1291
1307 1312 1317 1323
1307 1302 1297 1292
1308 1313 1319 1318
1308 1303 1298 1293
1309 1314 1320 1325
1309 1304 1299 1294
1310 1315 1321 1326
1310 1305 1300 1295
1311 1316 1322 1327
1311 1306 1301 1296
1312 1317 1323 1328
1312 1307 1302 1297
1313 1319 1318 1324
1313 1308 1303 1298
1314 1320 1325 1330
1314 1309 1304 1299
1315 1321 1326 1331
1315 1310 1305 1300
1316 1322 1327 1332
1316 1311 1306 1301
1317 1323 1328 1333
1317 1312 1307 1302
1318 1324 1329 1335
1318 1319 1313 1308
1319 1318 1324 1329
1319 1313 1308 1303
1320 1325 1330 1336
1320 1314 1309 1304
1321 1326 1331 1337
1321 1315 1310 1305
1322 1327 1332 1338
1322 1316 1311 1306
1323 1328 1333 1339
1323 1317 1312 1307
1324 1329 1335 1334
1324 1318 1319 1313
1325 1330 1336 1342
1325 1320 1314 1309
1326 1331 1337 1343
1326 1321 1315 1310
1327 1332 1338 1344
1327 1322 1316 1311
1328 1333 1339 1345
1328 1323 1317 1312
1329 1335 1334 1341
1329 1324 1318 1319
1330 1336 1342 1347
1330 1325 1320 1314
1331 1337 1343 1348
1331 1326 1321 1315
1332 1338 1344 1349
1332 1327 1322 1316
1333 1339 1345 1350
1333 1328 1323 1317
1334 1341 1340 1346
1334 1335 1329 1324
1335 1334 1341 1340
1335 1329 1324 1318
1336 1342 1347 1352
1336 1330 1325 1320
1337 1343 1348 1353
1337 1331 1326 1321
1338 1344 1349 1354
1338 1332 1327 1322
1339 1345 1350 1355
1339 1333 1328 1323
1340 1346 1351 1357
1340 1341 1334 1335
1341 1340 1346 1351
1341 1334 1335 1329
1342 1347 1352 1358
1342 1336 1330 1325
1343 1348 1353 1359
1343 1337 1331 1326
1344 1349 1354 1360
1344 1338 1332 1327
1345 1350 1355 1361
1345 1339 1333 1328
1346 1351 1357 1356
1346 1340 1341 1334
1347 1352 1358 1364
1347 1342 1336 1330
1348 1353 1359 1365
1348 1343 1337 1331
1349 1354 1360 1366
1349 1344 1338 1332
1350 1355 1361 1367
1350 1345 1339 1333
1351 1357 1356 1363
1351 1346 1340 1341
1352 1358 1364 1369
1352 1347 1342 1336
1353 1359 1365 1370
1353 1348 1343 1337
1354 1360 1366 1371
1354 1349 1344 1338
1355 1361 1367 1372
1355 1350 1345 1339
1356 1363 1362 1368
1356 1357 1351 1346
1357 1356 1363 1362
1357 1351 1346 1340
1358 1364 1369 1375
1358 1352 1347 1342
1359 1365 1370 1376
1359 1353 1348 1343
1360 1366 1371 1377
1360 1354 1349 1344
1361 1367 1372 1378
1361 1355 1350 1345
1362 1368 1374 1373
1362 1363 1356 1357
1363 1362 1368 1374
1363 1356 1357 1351
1364 1369 1375 1381
1364 1358 1352 1347
1365 1370 1376 1382
1365 1359 1353 1348
1366 1371 1377 1383
1366 1360 1354 1349
1367 1372 1378 1384
1367 1361 1355 1350
1368 1374 1373 1380
1368 1362 1363 1356
1369 1375 1381 1386
1369 1364 1358 1352
1370 1376 1382 1387
1370 1365 1359 1353
1371 1377 1383 1388
1371 1366 1360 1354
1372 1378 1384 1389
1372 1367 1361 1355
1373 1380 1379 1385
1373 1374 1368 1362
1374 1373 1380 1379
1374 1368 1362 1363
1375 1381 1386 1391
1375 1369 1364 1358
1376 1382 1387 1392
1376 1370 1365 1359
1377 1383 1388 1393
1377 1371 1366 1360
1378 1384 1389 1394
1378 1372 1367 1361
1379 1385 1390 1396
1379 1380 1373 1374
1380 1379 1385 1390
1380 1373 1374 1368
1381 1386 1391 1397
1381 1375 1369 1364
1382 1387 1392 1398
1382 1376 1370 1365
1383 1388 1393 1399
1383 1377 1371 1366
1384 1389 1394 1400
1384 1378 1372 1367
1385 1390 1396 1395
1385 1379 1380 1373
1386 1391 1397 1402
1386 1381 1375 1369
1387 1392 1398 1403
1387 1382 1376 1370
1388 1393 1399 1404
1388 1383 1377 1371
1389 1394 1400 1405
1389 1384 1378 1372
1390 1396 1395 1401
1390 1385 1379 1380
1391 1397 1402 1407
1391 1386 1381 1375
1392 1398 1403 1408
1392 1387 1382 1376
1393 1399 1404 1409
1393 1388 1383 1377
1394 1400 1405 1410
1394 1389 1384 1378
1395 1401 1406 1412
1395 1396 1390 1385
1396 1395 1401 1406
1396 1390 1385 1379
1397 1402 1407 1414
1397 1391 1386 1381
1398 1403 1408 1415
1398 1392 1387 1382
1399 1404 1409 1416
1399 1393 1388 1383
1400 1405 1410 1417
1400 1394 1389 1384
1401 1406 1412 1411
1401 1395 1396 1390
1402 1407 1414 1413
1402 1397 1391 1386
1403 1408 1415 1421
1403 1398 1392 1387
1404 1409 1416 1422
1404 1399 1393 1388
1405 1410 1417 1423
1405 1400 1394 1389
1406 1412 1411 1419
1406 1401 1395 1396
1407 1414 1413 1420
1407 1402 1397 1391
1408 1415 1421 1426
1408 1403 1398 1392
1409 1416 1422 1427
1409 1404 1399 1393
1410 1417 1423 1428
1410 1405 1400 1394
1411 1419 1418 1424
1411 1412 1406 1401
1412 1411 1419 1418
1412 1406 1401 1395
1413 1420 1425 1431
1413 1414 1407 1402
1414 1413 1420 1425
1414 1407 1402 1397
1415 1421 1426 1432
1415 1408 1403 1398
1416 1422 1427 1433
1416 1409 1404 1399
1417 1423 1428 1434
1417 1410 1405 1400
1418 1424 1430 1429
1418 1419 1411 1412
1419 1418 1424 1430
1419 1411 1412 1406
1420 1425 1431 1436
1420 1413 1414 1407
1421 1426 1432 1437
1421 1415 1408 1403
1422 1427 1433 1438
1422 1416 1409 1404
1423 1428 1434 1439
1423 1417 1410 1405
1424 1430 1429 1435
1424 1418 1419 1411
1425 1431 1436 1441
1425 1420 1413 1414
1426 1432 1437 1442
1426 1421 1415 1408
1427 1433 1438 1443
1427 1422 1416 1409
1428 1434 1439 1444
1428 1423 1417 1410
1429 1435 1440 1446
1429 1430 1424 1418
1430 1429 1435 1440
1430 1424 1418 1419
1431 1436 1441 1447
1431 1425 1420 1413
1432 1437 1442 1448
1432 1426 1421 1415
1433 1438 1443 1449
1433 1427 1422 1416
1434 1439 1444 1450
1434 1428 1423 1417
1435 1440 1446 1445
1435 1429 1430 1424
1436 1441 1447 1452
1436 1431 1425 1420
1437 1442 1448 1453
1437 1432 1426 1421
1438 1443 1449 1454
1438 1433 1427 1422
1439 1444 1450 1455
1439 1434 1428 1423
1440 1446 1445 1451
1440 1435 1429 1430
1441 1447 1452 1457
1441 1436 1431 1425
1442 1448 1453 1458
1442 1437 1432 1426
1443 1449 1454 1459
1443 1438 1433 1427
1444 1450 1455 1460
1444 1439 1434 1428
1445 1451 1456 1462
1445 1446 1440 1435
1446 1445 1451 1456
1446 1440 1435 1429
1447 1452 1457 1463
1447 1441 1436 1431
1448 1453 1458 1464
1448 1442 1437 1432
1449 1454 1459 1465
1449 1443 1438 1433
1450 1455 1460 1466
1450 1444 1439 1434
1451 1456 1462 1461
1451 1445 1446 1440
1452 1457 1463 1468
1452 1447 1441 1436
1453 1458 1464 1469
1453 1448 1442 1437
1454 1459 1465 1470
1454 1449 1443 1438
1455 1460 1466 1471
1455 1450 1444 1439
1456 1462 1461 1467
1456 1451 1445 1446
1457 1463 1468 1474
1457 1452 1447 1441
1458 1464 1469 1475
1458 1453 1448 1442
1459 1465 1470 1476
1459 1454 1449 1443
1460 1466 1471 1477
1460 1455 1450 1444
1461 1467 1473 1472
1461 1462 1456 1451
1462 1461 1467 1473
1462 1456 1451 1445
1463 1468 1474 1479
1463 1457 1452 1447
1464 1469 1475 1480
1464 1458 1453 1448
1465 1470 1476 1481
1465 1459 1454 1449
1466 1471 1477 1482
1466 1460 1455 1450
1467 1473 1472 1478
1467 1461 1462 1456
1468 1474 1479 1484
1468 1463 1457 1452
1469 1475 1480 1485
1469 1464 1458 1453
1470 1476 1481 1486
1470 1465 1459 1454
1471 1477 1482 1487
1471 1466 1460 1455
1472 1478 1483 1489
1472 1473 1467 1461
1473 1472 1478 1483
1473 1467 1461 1462
1474 1479 1484 1490
1474 1468 1463 1457
1475 1480 1485 1491
1475 1469 1464 1458
1476 1481 1486 1492
1476 1470 1465 1459
1477 1482 1487 1493
1477 1471 1466 1460
1478 1483 1489 1488
1478 1472 1473 1467
1479 1484 1490 1495
1479 1474 1468 1463
1480 1485 1491 1496
1480 1475 1469 1464
1481 1486 1492 1497
1481 1476 1470 1465
1482 1487 1493 1498
1482 1477 1471 1466
1483 1489 1488 1494
1483 1478 1472 1473
1484 1490 1495 1502
1484 1479 1474 1468
1485 1491 1496 1503
1485 1480 1475 1469
1486 1492 1497 1504
1486 1481 1476 1470
1487 1493 1498 1505
1487 1482 1477 1471
1488 1494 1500 1499
1488 1489 1483 1478
1489 1488 1494 1500
1489 1483 1478 1472
1490 1495 1502 1501
1490 1484 1479 1474
1491 1496 1503 1509
1491 1485 1480 1475
1492 1497 1504 1510
1492 1486 1481 1476
1493 1498 1505 1511
1493 1487 1482 1477
1494 1500 1499 1507
1494 1488 1489 1483
1495 1502 1501 1508
1495 1490 1484 1479
1496 1503 1509 1514
1496 1491 1485 1480
1497 1504 1510 1515
1497 1492 1486 1481
1498 1505 1511 1516
1498 1493 1487 1482
1499 1507 1506 1512
1499 1500 1494 1488
1500 1499 1507 1506
1500 1494 1488 1489
1501 1508 1513 1519
1501 1502 1495 1490
1502 1501 1508 1513
1502 1495 1490 1484
1503 1509 1514 1520
1503 1496 1491 1485
1504 1510 1515 1521
1504 1497 1492 1486
1505 1511 1516 1522
1505 1498 1493 1487
1506 1512 1518 1517
1506 1507 1499 1500
1507 1506 1512 1518
1507 1499 1500 1494
1508 1513 1519 1524
1508 1501 1502 1495
1509 1514 1520 1525
1509 1503 1496 1491
1510 1515 1521 1526
1510 1504 1497 1492
1511 1516 1522 1527
1511 1505 1498 1493
1512 1518 1517 1523
1512 1506 1507 1499
1513 1519 1524 1529
1513 1508 1501 1502
1514 1520 1525 1530
1514 1509 1503 1496
1515 1521 1526 1531
1515 1510 1504 1497
1516 1522 1527 1532
1516 1511 1505 1498
1517 1523 1528 1533
1517 1518 1512 1506
1518 1517 1523 1528
1518 1512 1506 1507
1519 1524 1529 1534
1519 1513 1508 1501
1520 1525 1530 1535
1520 1514 1509 1503
1521 1526 1531 1536
1521 1515 1510 1504
1522 1527 1532 1537
1522 1516 1511 1505
1523 1528 1533 1538
1523 1517 1518 1512
1524 1529 1534 1539
1524 1519 1513 1508
1525 1530 1535 1540
1525 1520 1514 1509
1526 1531 1536 1541
1526 1521 1515 1510
1527 1532 1537 1542
1527 1522 1516 1511
1528 1533 1538 1543
1528 1523 1517 1518
1529 1534 1539 1544
1529 1524 1519 1513
1530 1535 1540 1545
1530 1525 1520 1514
1531 1536 1541 1546
1531 1526 1521 1515
1532 1537 1542 1547
1532 1527 1522 1516
1533 1538 1543 1548
1533 1528 1523 1517
1534 1539 1544 1549
1534 1529 1524 1519
1535 1540 1545 1550
1535 1530 1525 1520
1536 1541 1546 1551
1536 1531 1526 1521
1537 1542 1547 1552
1537 1532 1527 1522
1538 1543 1548 1554
1538 1533 1528 1523
1539 1544 1549 1555
1539 1534 1529 1524
1540 1545 1550 1556
1540 1535 1530 1525
1541 1546 1551 1557
1541 1536 1531 1526
1542 1547 1552 1558
1542 1537 1532 1527
1543 1548 1554 1553
1543 1538 1533 1528
1544 1549 1555 1560
1544 1539 1534 1529
1545 1550 1556 1561
1545 1540 1535 1530
1546 1551 1557 1562
1546 1541 1536 1531
1547 1552 1558 1563
1547 1542 1537 1532
1548 1554 1553 1559
1548 1543 1538 1533
1549 1555 1560 1566
1549 1544 1539 1534
1550 1556 1561 1567
1550 1545 1540 1535
1551 1557 1562 1568
1551 1546 1541 1536
1552 1558 1563 1569
1552 1547 1542 1537
1553 1559 1565 1564
1553 1554 1548 1543
1554 1553 1559 1565
1554 1548 1543 1538
1555 1560 1566 1571
1555 1549 1544 1539
1556 1561 1567 1572
1556 1550 1545 1540
1557 1562 1568 1573
1557 1551 1546 1541
1558 1563 1569 1574
1558 1552 1547 1542
1559 1565 1564 1570
1559 1553 1554 1548
1560 1566 1571 1577
1560 1555 1549 1544
1561 1567 1572 1578
1561 1556 1550 1545
1562 1568 1573 1579
1562 1557 1551 1546
1563 1569 1574 1580
1563 1558 1552 1547
1564 1570 1576 1575
1564 1565 1559 1553
1565 1564 1570 1576
1565 1559 1553 1554
1566 1571 1577 1582
1566 1560 1555 1549
1567 1572 1578 1583
1567 1561 1556 1550
1568 1573 1579 1584
1568 1562 1557 1551
1569 1574 1580 1585
1569 1563 1558 1552
1570 1576 1575 1581
1570 1564 1565 1559
1571 1577 1582 1588
1571 1566 1560 1555
1572 1578 1583 1589
1572 1567 1561 1556
1573 1579 1584 1590
1573 1568 1562 1557
1574 1580 1585 1591
1574 1569 1563 1558
1575 1581 1587 1586
1575 1576 1570 1564
1576 1575 1581 1587
1576 1570 1564 1565
1577 1582 1588 1593
1577 1571 1566 1560
1578 1583 1589 1594
1578 1572 1567 1561
1579 1584 1590 1595
1579 1573 1568 1562
1580 1585 1591 1596
1580 1574 1569 1563
1581 1587 1586 1592
1581 1575 1576 1570
1582 1588 1593 1599
1582 1577 1571 1566
1583 1589 1594 1600
1583 1578 1572 1567
1584 1590 1595 1601
1584 1579 1573 1568
1585 1591 1596 1602
1585 1580 1574 1569
1586 1592 1598 1597
1586 1587 1581 1575
1587 1586 1592 1598
1587 1581 1575 1576
1588 1593 1599 1604
1588 1582 1577 1571
1589 1594 1600 1605
1589 1583 1578 1572
1590 1595 1601 1606
1590 1584 1579 1573
1591 1596 1602 1608
1591 1585 1580 1574
1592 1598 1597 1603
1592 1586 1587 1581
1593 1599 1604 1611
1593 1588 1582 1577
1594 1600 1605 1612
1594 1589 1583 1578
1595 1601 1606 1607
1595 1590 1584 1579
1596 1602 1608 1614
1596 1591 1585 1580
1597 1603 1610 1609
1597 1598 1592 1586
1598 1597 1603 1610
1598 1592 1586 1587
1599 1604 1611 1617
1599 1593 1588 1582
1600 1605 1612 1618
1600 1594 1589 1583
1601 1606 1607 1613
1601 1595 1590 1584
1602 1608 1614 1620
1602 1596 1591 1585
1603 1610 1609 1615
1603 1597 1598 1592
1604 1611 1617 1616
1604 1599 1593 1588
1605 1612 1618 1624
1605 1600 1594 1589
1606 1607 1613 1619
1606 1601 1595 1590
1607 1613 1619 1625
1607 1606 1601 1595
1608 1614 1620 1626
1608 1602 1596 1591
1609 1615 1622 1621
1609 1610 1603 1597
1610 1609 1615 1622
1610 1603 1597 1598
1611 1617 1616 1623
1611 1604 1599 1593
1612 1618 1624 1629
1612 1605 1600 1594
1613 1619 1625 1630
1613 1607 1606 1601
1614 1620 1626 1631
1614 1608 1602 1596
1615 1622 1621 1627
1615 1609 1610 1603
1616 1623 1628 1634
1616 1617 1611 1604
1617 1616 1623 1628
1617 1611 1604 1599
1618 1624 1629 1635
1618 1612 1605 1600
1619 1625 1630 1636
1619 1613 1607 1606
1620 1626 1631 1637
1620 1614 1608 1602
1621 1627 1633 1632
1621 1622 1615 1609
1622 1621 1627 1633
1622 1615 1609 1610
1623 1628 1634 1639
1623 1616 1617 1611
1624 1629 1635 1640
1624 1618 1612 1605
1625 1630 1636 1641
1625 1619 1613 1607
1626 1631 1637 1642
1626 1620 1614 1608
1627 1633 1632 1638
1627 1621 1622 1615
1628 1634 1639 1644
1628 1623 1616 1617
1629 1635 1640 1645
1629 1624 1618 1612
1630 1636 1641 1646
1630 1625 1619 1613
1631 1637 1642 1647
1631 1626 1620 1614
1632 1638 1643 1648
1632 1633 1627 1621
1633 1632 1638 1643
1633 1627 1621 1622
1634 1639 1644 1649
1634 1628 1623 1616
1635 1640 1645 1650
1635 1629 1624 1618
1636 1641 1646 1651
1636 1630 1625 1619
1637 1642 1647 1652
1637 1631 1626 1620
1638 1643 1648 1653
1638 1632 1633 1627
1639 1644 1649 1654
1639 1634 1628 1623
1640 1645 1650 1655
1640 1635 1629 1624
1641 1646 1651 1656
1641 1636 1630 1625
1642 1647 1652 1657
1642 1637 1631 1626
1643 1648 1653 1659
1643 1638 1632 1633
1644 1649 1654 1660
1644 1639 1634 1628
1645 1650 1655 1661
1645 1640 1635 1629
1646 1651 1656 1662
1646 1641 1636 1630
1647 1652 1657 1663
1647 1642 1637 1631
1648 1653 1659 1658
1648 1643 1638 1632
1649 1654 1660 1665
1649 1644 1639 1634
1650 1655 1661 1666
1650 1645 1640 1635
1651 1656 1662 1667
1651 1646 1641 1636
1652 1657 1663 1668
1652 1647 1642 1637
1653 1659 1658 1664
1653 1648 1643 1638
1654 1660 1665 1671
1654 1649 1644 1639
1655 1661 1666 1672
1655 1650 1645 1640
1656 1662 1667 1673
1656 1651 1646 1641
1657 1663 1668 1674
1657 1652 1647 1642
1658 1664 1670 1669
1658 1659 1653 1648
1659 1658 1664 1670
1659 1653 1648 1643
1660 1665 1671 1676
1660 1654 1649 1644
1661 1666 1672 1677
1661 1655 1650 1645
1662 1667 1673 1678
1662 1656 1651 1646
1663 1668 1674 1679
1663 1657 1652 1647
1664 1670 1669 1675
1664 1658 1659 1653
1665 1671 1676 1681
1665 1660 1654 1649
1666 1672 1677 1682
1666 1661 1655 1650
1667 1673 1678 1683
1667 1662 1656 1651
1668 1674 1679 1685
1668 1663 1657 1652
1669 1675 1680 1686
1669 1670 1664 1658
1670 1669 1675 1680
1670 1664 1658 1659
1671 1676 1681 1687
1671 1665 1660 1654
1672 1677 1682 1688
1672 1666 1661 1655
1673 1678 1683 1689
1673 1667 1662 1656
1674 1679 1685 1684
1674 1668 1663 1657
1675 1680 1686 1691
1675 1669 1670 1664
1676 1681 1687 1692
1676 1671 1665 1660
1677 1682 1688 1693
1677 1672 1666 1661
1678 1683 1689 1694
1678 1673 1667 1662
1679 1685 1684 1690
1679 1674 1668 1663
1680 1686 1691 1698
1680 1675 1669 1670
1681 1687 1692 1699
1681 1676 1671 1665
1682 1688 1693 1700
1682 1677 1672 1666
1683 1689 1694 1695
1683 1678 1673 1667
1684 1690 1696 1703
1684 1685 1679 1674
1685 1684 1690 1696
1685 1679 1674 1668
1686 1691 1698 1697
1686 1680 1675 1669
1687 1692 1699 1705
1687 1681 1676 1671
1688 1693 1700 1706
1688 1682 1677 1672
1689 1694 1695 1701
1689 1683 1678 1673
1690 1696 1703 1702
1690 1684 1685 1679
1691 1698 1697 1704
1691 1686 1680 1675
1692 1699 1705 1710
1692 1687 1681 1676
1693 1700 1706 1711
1693 1688 1682 1677
1694 1695 1701 1707
1694 1689 1683 1678
1695 1701 1707 1712
1695 1694 1689 1683
1696 1703 1702 1708
1696 1690 1684 1685
1697 1704 1709 1714
1697 1698 1691 1686
1698 1697 1704 1709
1698 1691 1686 1680
1699 1705 1710 1715
1699 1692 1687 1681
1700 1706 1711 1716
1700 1693 1688 1682
1701 1707 1712 1717
1701 1695 1694 1689
1702 1708 1713 1718
1702 1703 1696 1690
1703 1702 1708 1713
1703 1696 1690 1684
1704 1709 1714 1719
1704 1697 1698 1691
1705 1710 1715 1720
1705 1699 1692 1687
1706 1711 1716 1721
1706 1700 1693 1688
1707 1712 1717 1722
1707 1701 1695 1694
1708 1713 1718 1724
1708 1702 1703 1696
1709 1714 1719 1726
1709 1704 1697 1698
1710 1715 1720 1727
1710 1705 1699 1692
1711 1716 1721 1728
1711 1706 1700 1693
1712 1717 1722 1723
1712 1707 1701 1695
1713 1718 1724 1731
1713 1708 1702 1703
1714 1719 1726 1725
1714 1709 1704 1697
1715 1720 1727 1733
1715 1710 1705 1699
1716 1721 1728 1734
1716 1711 1706 1700
1717 1722 1723 1729
1717 1712 1707 1701
1718 1724 1731 1730
1718 1713 1708 1702
1719 1726 1725 1732
1719 1714 1709 1704
1720 1727 1733 1739
1720 1715 1710 1705
1721 1728 1734 1740
1721 1716 1711 1706
1722 1723 1729 1735
1722 1717 1712 1707
1723 1729 1735 1736
1723 1722 1717 1712
1724 1731 1730 1737
1724 1718 1713 1708
1725 1732 1738 1743
1725 1726 1719 1714
1726 1725 1732 1738
1726 1719 1714 1709
1727 1733 1739 1744
1727 1720 1715 1710
1728 1734 1740 1745
1728 1721 1716 1711
1729 1735 1736 1741
1729 1723 1722 1717
1730 1737 1742 1748
1730 1731 1724 1718
1731 1730 1737 1742
1731 1724 1718 1713
1732 1738 1743 1749
1732 1725 1726 1719
1733 1739 1744 1750
1733 1727 1720 1715
1734 1740 1745 1751
1734 1728 1721 1716
1735 1736 1741 1746
1735 1729 1723 1722
1736 1741 1746 1752
1736 1735 1729 1723
1737 1742 1748 1747
1737 1730 1731 1724
1738 1743 1749 1757
1738 1732 1725 1726
1739 1744 1750 1758
1739 1733 1727 1720
1740 1745 1751 1759
1740 1734 1728 1721
1741 1746 1752 1753
1741 1736 1735 1729
1742 1748 1747 1755
1742 1737 1730 1731
1743 1749 1757 1756
1743 1738 1732 1725
1744 1750 1758 1765
1744 1739 1733 1727
1745 1751 1759 1766
1745 1740 1734 1728
1746 1752 1753 1760
1746 1741 1736 1735
1747 1755 1754 1763
1747 1748 1742 1737
1748 1747 1755 1754
1748 1742 1737 1730
1749 1757 1756 1764
1749 1743 1738 1732
1750 1758 1765 1773
1750 1744 1739 1733
1751 1759 1766 1774
1751 1745 1740 1734
1752 1753 1760 1761
1752 1746 1741 1736
1753 1760 1761 1767
1753 1752 1746 1741
1754 1763 1762 1771
1754 1755 1747 1748
1755 1754 1763 1762
1755 1747 1748 1742
1756 1764 1772 1775
1756 1757 1749 1743
1757 1756 1764 1772
1757 1749 1743 1738
1758 1765 1773 1776
1758 1750 1744 1739
1759 1766 1774 1777
1759 1751 1745 1740
1760 1761 1767 1768
1760 1753 1752 1746
1761 1767 1768 1769
1761 1760 1753 1752
1762 1771 1770 1769
1762 1763 1754 1755
1763 1762 1771 1770
1763 1754 1755 1747
1764 1772 1775 1778
1764 1756 1757 1749
1765 1773 1776 1779
1765 1758 1750 1744
1766 1774 1777 1780
1766 1759 1751 1745
1767 1768 1769 1770
1767 1761 1760 1753
1768 1769 1770 1771
1768 1767 1761 1760
1769 1768 1767 1761
1769 1770 1771 1762
1770 1769 1768 1767
1770 1771 1762 1763
1771 1770 1769 1768
1771 1762 1763 1754
1772 1775 1778 1781
1772 1764 1756 1757
1773 1776 1779 1782
1773 1765 1758 1750
1774 1777 1780 1783
1774 1766 1759 1751
1775 1778 1781 1784
1775 1772 1764 1756
1776 1779 1782 1785
1776 1773 1765 1758
1777 1780 1783 1786
1777 1774 1766 1759
1778 1781 1784 1788
1778 1775 1772 1764
1779 1782 1785 1789
1779 1776 1773 1765
1780 1783 1786 1790
1780 1777 1774 1766
1781 1784 1788 1787
1781 1778 1775 1772
1782 1785 1789 1792
1782 1779 1776 1773
1783 1786 1790 1793
1783 1780 1777 1774
1784 1788 1787 1791
1784 1781 1778 1775
1785 1789 1792 1795
1785 1782 1779 1776
1786 1790 1793 1796
1786 1783 1780 1777
1787 1791 1794 1797
1787 1788 1784 1781
1788 1787 1791 1794
1788 1784 1781 1778
1789 1792 1795 1798
1789 1785 1782 1779
1790 1793 1796 1799
1790 1786 1783 1780
1791 1794 1797 1801
1791 1787 1788 1784
1792 1795 1798 1802
1792 1789 1785 1782
1793 1796 1799 1803
1793 1790 1786 1783
1794 1797 1801 1800
1794 1791 1787 1788
1795 1798 1802 1805
1795 1792 1789 1785
1796 1799 1803 1806
1796 1793 1790 1786
1797 1801 1800 1804
1797 1794 1791 1787
1798 1802 1805 1808
1798 1795 1792 1789
1799 1803 1806 1809
1799 1796 1793 1790
1800 1804 1807 1810
1800 1801 1797 1794
1801 1800 1804 1807
1801 1797 1794 1791
1802 1805 1808 1811
1802 1798 1795 1792
1803 1806 1809 1812
1803 1799 1796 1793
1804 1807 1810 1813
1804 1800 1801 1797
1805 1808 1811 1814
1805 1802 1798 1795
1806 1809 1812 1815
1806 1803 1799 1796
1807 1810 1813 1816
1807 1804 1800 1801
1808 1811 1814 1817
1808 1805 1802 1798
1809 1812 1815 1818
1809 1806 1803 1799
1810 1813 1816 1819
1810 1807 1804 1800
1811 1814 1817 1820
1811 1808 1805 1802
1812 1815 1818 1821
1812 1809 1806 1803
1813 1816 1819 1822
1813 1810 1807 1804
1814 1817 1820 1823
1814 1811 1808 1805
1815 1818 1821 1824
1815 1812 1809 1806
1816 1819 1822 1825
1816 1813 1810 1807
1817 1820 1823 1826
1817 1814 1811 1808
1818 1821 1824 1827
1818 1815 1812 1809
1819 1822 1825 1828
1819 1816 1813 1810
1820 1823 1826 1829
1820 1817 1814 1811
1821 1824 1827 1830
1821 1818 1815 1812
1822 1825 1828 1831
1822 1819 1816 1813
1823 1826 1829 1833
1823 1820 1817 1814
1824 1827 1830 1834
1824 1821 1818 1815
1825 1828 1831 1835
1825 1822 1819 1816
1826 1829 1833 1832
1826 1823 1820 1817
1827 1830 1834 1837
1827 1824 1821 1818
1828 1831 1835 1838
1828 1825 1822 1819
1829 1833 1832 1836
1829 1826 1823 1820
1830 1834 1837 1840
1830 1827 1824 1821
1831 1835 1838 1841
1831 1828 1825 1822
1832 1836 1839 1842
1832 1833 1829 1826
1833 1832 1836 1839
1833 1829 1826 1823
1834 1837 1840 1843
1834 1830 1827 1824
1835 1838 1841 1844
1835 1831 1828 1825
1836 1839 1842 1845
1836 1832 1833 1829
1837 1840 1843 1846
1837 1834 1830 1827
1838 1841 1844 1847
1838 1835 1831 1828
1839 1842 1845 1848
1839 1836 1832 1833
1840 1843 1846 1849
1840 1837 1834 1830
1841 1844 1847 1850
1841 1838 1835 1831
1842 1845 1848 1851
1842 1839 1836 1832
1843 1846 1849 1852
1843 1840 1837 1834
1844 1847 1850 1853
1844 1841 1838 1835
1845 1848 1851 1854
1845 1842 1839 1836
1846 1849 1852 1855
1846 1843 1840 1837
1847 1850 1853 1856
1847 1844 1841 1838
1848 1851 1854 1857
1848 1845 1842 1839
1849 1852 1855 1858
1849 1846 1843 1840
1850 1853 1856 1859
1850 1847 1844 1841
1851 1854 1857 1860
1851 1848 1845 1842
1852 1855 1858 1861
1852 1849 1846 1843
1853 1856 1859 1862
1853 1850 1847 1844
1854 1857 1860 1863
1854 1851 1848 1845
1855 1858 1861 1864
1855 1852 1849 1846
1856 1859 1862 1865
1856 1853 1850 1847
1857 1860 1863 1866
1857 1854 1851 1848
1858 1861 1864 1867
1858 1855 1852 1849
1859 1862 1865 1868
1859 1856 1853 1850
1860 1863 1866 1869
1860 1857 1854 1851
1861 1864 1867 1870
1861 1858 1855 1852
1862 1865 1868 1871
1862 1859 1856 1853
1863 1866 1869 1872
1863 1860 1857 1854
1864 1867 1870 1873
1864 1861 1858 1855
1865 1868 1871 1874
1865 1862 1859 1856
1866 1869 1872 1875
1866 1863 1860 1857
1867 1870 1873 1876
1867 1864 1861 1858
1868 1871 1874 1877
1868 1865 1862 1859
1869 1872 1875 1878
1869 1866 1863 1860
1870 1873 1876 1879
1870 1867 1864 1861
1871 1874 1877 1880
1871 1868 1865 1862
1872 1875 1878 1881
1872 1869 1866 1863
1873 1876 1879 1882
1873 1870 1867 1864
1874 1877 1880 1883
1874 1871 1868 1865
1875 1878 1881 1884
1875 1872 1869 1866
1876 1879 1882 1885
1876 1873 1870 1867
1877 1880 1883 1886
1877 1874 1871 1868
1878 1881 1884 1887
1878 1875 1872 1869
1879 1882 1885 1888
1879 1876 1873 1870
1880 1883 1886 1889
1880 1877 1874 1871
1881 1884 1887 1890
1881 1878 1875 1872
1882 1885 1888 1891
1882 1879 1876 1873
1883 1886 1889 1892
1883 1880 1877 1874
1884 1887 1890 1893
1884 1881 1878 1875
1885 1888 1891 1894
1885 1882 1879 1876
1886 1889 1892 1895
1886 1883 1880 1877
1887 1890 1893 1896
1887 1884 1881 1878
1888 1891 1894 1897
1888 1885 1882 1879
1889 1892 1895 1898
1889 1886 1883 1880
1890 1893 1896 1899
1890 1887 1884 1881
1891 1894 1897 1900
1891 1888 1885 1882
1892 1895 1898 1901
1892 1889 1886 1883
1893 1896 1899 1902
1893 1890 1887 1884
1894 1897 1900 1903
1894 1891 1888 1885
1895 1898 1901 1904
1895 1892 1889 1886
1896 1899 1902 1905
1896 1893 1890 1887
1897 1900 1903 1906
1897 1894 1891 1888
1898 1901 1904 1907
1898 1895 1892 1889
1899 1902 1905 1908
1899 1896 1893 1890
1900 1903 1906 1909
1900 1897 1894 1891
1901 1904 1907 1910
1901 1898 1895 1892
1902 1905 1908 1911
1902 1899 1896 1893
1903 1906 1909 1912
1903 1900 1897 1894
1904 1907 1910 1913
1904 1901 1898 1895
1905 1908 1911 1914
1905 1902 1899 1896
1906 1909 1912 1915
1906 1903 1900 1897
1907 1910 1913 1916
1907 1904 1901 1898
1908 1911 1914 1917
1908 1905 1902 1899
1909 1912 1915 1918
1909 1906 1903 1900
1910 1913 1916 1919
1910 1907 1904 1901
1911 1914 1917 1920
1911 1908 1905 1902
1912 1915 1918 1921
1912 1909 1906 1903
1913 1916 1919 1922
1913 1910 1907 1904
1914 1917 1920 1923
1914 1911 1908 1905
1915 1918 1921 1924
1915 1912 1909 1906
1916 1919 1922 1925
1916 1913 1910 1907
1917 1920 1923 1927
1917 1914 1911 1908
1918 1921 1924 1928
1918 1915 1912 1909
1919 1922 1925 1929
1919 1916 1913 1910
1920 1923 1927 1926
1920 1917 1914 1911
1921 1924 1928 1931
1921 1918 1915 1912
1922 1925 1929 1932
1922 1919 1916 1913
1923 1927 1926 1930
1923 1920 1917 1914
1924 1928 1931 1934
1924 1921 1918 1915
1925 1929 1932 1935
1925 1922 1919 1916
1926 1930 1933 1936
1926 1927 1923 1920
1927 1926 1930 1933
1927 1923 1920 1917
1928 1931 1934 1937
1928 1924 1921 1918
1929 1932 1935 1938
1929 1925 1922 1919
1930 1933 1936 1939
1930 1926 1927 1923
1931 1934 1937 1940
1931 1928 1924 1921
1932 1935 1938 1941
1932 1929 1925 1922
1933 1936 1939 1942
1933 1930 1926 1927
1934 1937 1940 1943
1934 1931 1928 1924
1935 1938 1941 1944
1935 1932 1929 1925
1936 1939 1942 1945
1936 1933 1930 1926
1937 1940 1943 1946
1937 1934 1931 1928
1938 1941 1944 1947
1938 1935 1932 1929
1939 1942 1945 1948
1939 1936 1933 1930
1940 1943 1946 1949
1940 1937 1934 1931
1941 1944 1947 1950
1941 1938 1935 1932
1942 1945 1948 1951
1942 1939 1936 1933
1943 1946 1949 1952
1943 1940 1937 1934
1944 1947 1950 1953
1944 1941 1938 1935
1945 1948 1951 1954
1945 1942 1939 1936
1946 1949 1952 1955
1946 1943 1940 1937
1947 1950 1953 1956
1947 1944 1941 1938
1948 1951 1954 1957
1948 1945 1942 1939
1949 1952 1955 1958
1949 1946 1943 1940
1950 1953 1956 1959
1950 1947 1944 1941
1951 1954 1957 1960
1951 1948 1945 1942
1952 1955 1958 1961
1952 1949 1946 1943
1953 1956 1959 1962
1953 1950 1947 1944
1954 1957 1960 1963
1954 1951 1948 1945
1955 1958 1961 1964
1955 1952 1949 1946
1956 1959 1962 1965
1956 1953 1950 1947
1957 1960 1963 1966
1957 1954 1951 1948
1958 1961 1964 1967
1958 1955 1952 1949
1959 1962 1965 1968
1959 1956 1953 1950
1960 1963 1966 1969
1960 1957 1954 1951
1961 1964 1967 1970
1961 1958 1955 1952
1962 1965 1968 1971
1962 1959 1956 1953
1963 1966 1969 1972
1963 1960 1957 1954
1964 1967 1970 1973
1964 1961 1958 1955
1965 1968 1971 1974
1965 1962 1959 1956
1966 1969 1972 1976
1966 1963 1960 1957
1967 1970 1973 1977
1967 1964 1961 1958
1968 1971 1974 1978
1968 1965 1962 1959
1969 1972 1976 1975
1969 1966 1963 1960
1970 1973 1977 1980
1970 1967 1964 1961
1971 1974 1978 1981
1971 1968 1965 1962
1972 1976 1975 1979
1972 1969 1966 1963
1973 1977 1980 1983
1973 1970 1967 1964
1974 1978 1981 1984
1974 1971 1968 1965
1975 1979 1982 1985
1975 1976 1972 1969
1976 1975 1979 1982
1976 1972 1969 1966
1977 1980 1983 1986
1977 1973 1970 1967
1978 1981 1984 1987
1978 1974 1971 1968
1979 1982 1985 1988
1979 1975 1976 1972
1980 1983 1986 1989
1980 1977 1973 1970
1981 1984 1987 1990
1981 1978 1974 1971
1982 1985 1988 1991
1982 1979 1975 1976
1983 1986 1989 1992
1983 1980 1977 1973
1984 1987 1990 1993
1984 1981 1978 1974
1985 1988 1991 1994
1985 1982 1979 1975
1986 1989 1992 1995
1986 1983 1980 1977
1987 1990 1993 1996
1987 1984 1981 1978
1988 1991 1994 1997
1988 1985 1982 1979
1989 1992 1995 1998
1989 1986 1983 1980
1990 1993 1996 1999
1990 1987 1984 1981
1991 1994 1997 2000
1991 1988 1985 1982
1992 1995 1998 2001
1992 1989 1986 1983
1993 1996 1999 2002
1993 1990 1987 1984
1994 1997 2000 2003
1994 1991 1988 1985
1995 1998 2001 2004
1995 1992 1989 1986
1996 1999 2002 2006
1996 1993 1990 1987
1997 2000 2003 2007
1997 1994 1991 1988
1998 2001 2004 2005
1998 1995 1992 1989
1999 2002 2006 2009
1999 1996 1993 1990
2000 2003 2007 2010
2000 1997 1994 1991
2001 2004 2005 2008
2001 1998 1995 1992
2002 2006 2009 2012
2002 1999 1996 1993
2003 2007 2010 2013
2003 2000 1997 1994
2004 2005 2008 2011
2004 2001 1998 1995
2005 2008 2011 2014
2005 2004 2001 1998
2006 2009 2012 2016
2006 2002 1999 1996
2007 2010 2013 2017
2007 2003 2000 1997
2008 2011 2014 2015
2008 2005 2004 2001
2009 2012 2016 2019
2009 2006 2002 1999
2010 2013 2017 2020
2010 2007 2003 2000
2011 2014 2015 2018
2011 2008 2005 2004
2012 2016 2019 2022
2012 2009 2006 2002
2013 2017 2020 2024
2013 2010 2007 2003
2014 2015 2018 2021
2014 2011 2008 2005
2015 2018 2021 2025
2015 2014 2011 2008
2016 2019 2022 2026
2016 2012 2009 2006
2017 2020 2024 2023
2017 2013 2010 2007
2018 2021 2025 2028
2018 2015 2014 2011
2019 2022 2026 2029
2019 2016 2012 2009
2020 2024 2023 2027
2020 2017 2013 2010
2021 2025 2028 2031
2021 2018 2015 2014
2022 2026 2029 2032
2022 2019 2016 2012
2023 2027 2030 2033
2023 2024 2020 2017
2024 2023 2027 2030
2024 2020 2017 2013
2025 2028 2031 2034
2025 2021 2018 2015
2026 2029 2032 2036
2026 2022 2019 2016
2027 2030 2033 2037
2027 2023 2024 2020
2028 2031 2034 2035
2028 2025 2021 2018
2029 2032 2036 2039
2029 2026 2022 2019
2030 2033 2037 2040
2030 2027 2023 2024
2031 2034 2035 2038
2031 2028 2025 2021
2032 2036 2039 2042
2032 2029 2026 2022
2033 2037 2040 2043
2033 2030 2027 2023
2034 2035 2038 2041
2034 2031 2028 2025
2035 2038 2041 2044
2035 2034 2031 2028
2036 2039 2042 2045
2036 2032 2029 2026
2037 2040 2043 2046
2037 2033 2030 2027
2038 2041 2044 2047
2038 2035 2034 2031
2039 2042 2045 2048
2039 2036 2032 2029
2040 2043 2046 2050
2040 2037 2033 2030
2041 2044 2047 2051
2041 2038 2035 2034
2042 2045 2048 2049
2042 2039 2036 2032
2043 2046 2050 2054
2043 2040 2037 2033
2044 2047 2051 2052
2044 2041 2038 2035
2045 2048 2049 2053
2045 2042 2039 2036
2046 2050 2054 2057
2046 2043 2040 2037
2047 2051 2052 2055
2047 2044 2041 2038
2048 2049 2053 2056
2048 2045 2042 2039
2049 2053 2056 2059
2049 2048 2045 2042
2050 2054 2057 2060
2050 2046 2043 2040
2051 2052 2055 2058
2051 2047 2044 2041
2052 2055 2058 2061
2052 2051 2047 2044
2053 2056 2059 2062
2053 2049 2048 2045
2054 2057 2060 2063
2054 2050 2046 2043
2055 2058 2061 2064
2055 2052 2051 2047
2056 2059 2062 2065
2056 2053 2049 2048
2057 2060 2063 2066
2057 2054 2050 2046
2058 2061 2064 2067
2058 2055 2052 2051
2059 2062 2065 2068
2059 2056 2053 2049
2060 2063 2066 2069
2060 2057 2054 2050
2061 2064 2067 2070
2061 2058 2055 2052
2062 2065 2068 2072
2062 2059 2056 2053
2063 2066 2069 2073
2063 2060 2057 2054
2064 2067 2070 2071
2064 2061 2058 2055
2065 2068 2072 2075
2065 2062 2059 2056
2066 2069 2073 2077
2066 2063 2060 2057
2067 2070 2071 2074
2067 2064 2061 2058
2068 2072 2075 2080
2068 2065 2062 2059
2069 2073 2077 2076
2069 2066 2063 2060
2070 2071 2074 2078
2070 2067 2064 2061
2071 2074 2078 2079
2071 2070 2067 2064
2072 2075 2080 2081
2072 2068 2065 2062
2073 2077 2076 2082
2073 2069 2066 2063
2074 2078 2079 2083
2074 2071 2070 2067
2075 2080 2081 2085
2075 2072 2068 2065
2076 2082 2086 2089
2076 2077 2073 2069
2077 2076 2082 2086
2077 2073 2069 2066
2078 2079 2083 2084
2078 2074 2071 2070
2079 2083 2084 2087
2079 2078 2074 2071
2080 2081 2085 2088
2080 2075 2072 2068
2081 2085 2088 2092
2081 2080 2075 2072
2082 2086 2089 2094
2082 2076 2077 2073
2083 2084 2087 2090
2083 2079 2078 2074
2084 2087 2090 2091
2084 2083 2079 2078
2085 2088 2092 2093
2085 2081 2080 2075
2086 2089 2094 2098
2086 2082 2076 2077
2087 2090 2091 2095
2087 2084 2083 2079
2088 2092 2093 2097
2088 2085 2081 2080
2089 2094 2098 2102
2089 2086 2082 2076
2090 2091 2095 2096
2090 2087 2084 2083
2091 2095 2096 2099
2091 2090 2087 2084
2092 2093 2097 2101
2092 2088 2085 2081
2093 2097 2101 2105
2093 2092 2088 2085
2094 2098 2102 2107
2094 2089 2086 2082
2095 2096 2099 2100
2095 2091 2090 2087
2096 2099 2100 2103
2096 2095 2091 2090
2097 2101 2105 2106
2097 2093 2092 2088
2098 2102 2107 2111
2098 2094 2089 2086
2099 2100 2103 2104
2099 2096 2095 2091
2100 2103 2104 2108
2100 2099 2096 2095
2101 2105 2106 2110
2101 2097 2093 2092
2102 2107 2111 2115
2102 2098 2094 2089
2103 2104 2108 2109
2103 2100 2099 2096
2104 2108 2109 2112
2104 2103 2100 2099
2105 2106 2110 2114
2105 2101 2097 2093
2106 2110 2114 2118
2106 2105 2101 2097
2107 2111 2115 2119
2107 2102 2098 2094
2108 2109 2112 2113
2108 2104 2103 2100
2109 2112 2113 2116
2109 2108 2104 2103
2110 2114 2118 2123
2110 2106 2105 2101
2111 2115 2119 2124
2111 2107 2102 2098
2112 2113 2116 2117
2112 2109 2108 2104
2113 2116 2117 2120
2113 2112 2109 2108
2114 2118 2123 2127
2114 2110 2106 2105
2115 2119 2124 2129
2115 2111 2107 2102
2116 2117 2120 2121
2116 2113 2112 2109
2117 2120 2121 2122
2117 2116 2113 2112
2118 2123 2127 2128
2118 2114 2110 2106
2119 2124 2129 2133
2119 2115 2111 2107
2120 2121 2122 2125
2120 2117 2116 2113
2121 2122 2125 2126
2121 2120 2117 2116
2122 2125 2126 2130
2122 2121 2120 2117
2123 2127 2128 2132
2123 2118 2114 2110
2124 2129 2133 2139
2124 2119 2115 2111
2125 2126 2130 2131
2125 2122 2121 2120
2126 2130 2131 2134
2126 2125 2122 2121
2127 2128 2132 2137
2127 2123 2118 2114
2128 2132 2137 2138
2128 2127 2123 2118
2129 2133 2139 2145
2129 2124 2119 2115
2130 2131 2134 2135
2130 2126 2125 2122
2131 2134 2135 2136
2131 2130 2126 2125
2132 2137 2138 2143
2132 2128 2127 2123
2133 2139 2145 2144
2133 2129 2124 2119
2134 2135 2136 2140
2134 2131 2130 2126
2135 2136 2140 2141
2135 2134 2131 2130
2136 2140 2141 2142
2136 2135 2134 2131
2137 2138 2143 2149
2137 2132 2128 2127
2138 2143 2149 2154
2138 2137 2132 2128
2139 2145 2144 2150
2139 2133 2129 2124
2140 2141 2142 2146
2140 2136 2135 2134
2141 2142 2146 2147
2141 2140 2136 2135
2142 2146 2147 2148
2142 2141 2140 2136
2143 2149 2154 2158
2143 2138 2137 2132
2144 2150 2155 2159
2144 2145 2139 2133
2145 2144 2150 2155
2145 2139 2133 2129
2146 2147 2148 2151
2146 2142 2141 2140
2147 2148 2151 2152
2147 2146 2142 2141
2148 2151 2152 2153
2148 2147 2146 2142
2149 2154 2158 2163
2149 2143 2138 2137
2150 2155 2159 2164
2150 2144 2145 2139
2151 2152 2153 2156
2151 2148 2147 2146
2152 2153 2156 2157
2152 2151 2148 2147
2153 2156 2157 2160
2153 2152 2151 2148
2154 2158 2163 2168
2154 2149 2143 2138
2155 2159 2164 2169
2155 2150 2144 2145
2156 2157 2160 2161
2156 2153 2152 2151
2157 2160 2161 2162
2157 2156 2153 2152
2158 2163 2168 2173
2158 2154 2149 2143
2159 2164 2169 2175
2159 2155 2150 2144
2160 2161 2162 2165
2160 2157 2156 2153
2161 2162 2165 2166
2161 2160 2157 2156
2162 2165 2166 2167
2162 2161 2160 2157
2163 2168 2173 2174
2163 2158 2154 2149
2164 2169 2175 2180
2164 2159 2155 2150
2165 2166 2167 2170
2165 2162 2161 2160
2166 2167 2170 2171
2166 2165 2162 2161
2167 2170 2171 2172
2167 2166 2165 2162
2168 2173 2174 2179
2168 2163 2158 2154
2169 2175 2180 2185
2169 2164 2159 2155
2170 2171 2172 2176
2170 2167 2166 2165
2171 2172 2176 2177
2171 2170 2167 2166
2172 2176 2177 2178
2172 2171 2170 2167
2173 2174 2179 2184
2173 2168 2163 2158
2174 2179 2184 2190
2174 2173 2168 2163
2175 2180 2185 2191
2175 2169 2164 2159
2176 2177 2178 2181
2176 2172 2171 2170
2177 2178 2181 2182
2177 2176 2172 2171
2178 2181 2182 2183
2178 2177 2176 2172
2179 2184 2190 -1
2179 2174 2173 2168
2180 2185 2191 2197
2180 2175 2169 2164
2181 2182 2183 2186
2181 2178 2177 2176
2182 2183 2186 2187
2182 2181 2178 2177
2183 2186 2187 2188
2183 2182 2181 2178
2184 2179 2174 2173
2185 2191 2197 2196
2185 2180 2175 2169
2186 2187 2188 2189
2186 2183 2182 2181
2187 2188 2189 2192
2187 2186 2183 2182
2188 2189 2192 2193
2188 2187 2186 2183
2189 2192 2193 2194
2189 2188 2187 2186
2190 2184 2179 2174
2191 2197 2196 2202
2191 2185 2180 2175
2192 2193 2194 2195
2192 2189 2188 2187
2193 2194 2195 2198
2193 2192 2189 2188
2194 2195 2198 2199
2194 2193 2192 2189
2195 2198 2199 2200
2195 2194 2193 2192
2196 2202 2207 2206
2196 2197 2191 2185
2197 2196 2202 2207
2197 2191 2185 2180
2198 2199 2200 2201
2198 2195 2194 2193
2199 2200 2201 2203
2199 2198 2195 2194
2200 2201 2203 2204
2200 2199 2198 2195
2201 2203 2204 2205
2201 2200 2199 2198
2202 2207 2206 2232
2202 2196 2197 2191
2203 2204 2205 2208
2203 2201 2200 2199
2204 2205 2208 2209
2204 2203 2201 2200
2205 2208 2209 2210
2205 2204 2203 2201
2206 2232 2231 2230
2206 2207 2202 2196
2207 2206 2232 2231
2207 2202 2196 2197
2208 2209 2210 2211
2208 2205 2204 2203
2209 2210 2211 2233
2209 2208 2205 2204
2210 2211 2233 2234
2210 2209 2208 2205
2211 2233 2234 2235
2211 2210 2209 2208
2212 2274 2273 2272
2212 2213 2214 2215
2213 2212 2274 2273
2213 2214 2215 2216
2214 2213 2212 2274
2214 2215 2216 2217
2215 2214 2213 2212
2215 2216 2217 2218
2216 2215 2214 2213
2216 2217 2218 2219
2217 2216 2215 2214
2217 2218 2219 2220
2218 2217 2216 2215
2218 2219 2220 2221
2219 2218 2217 2216
2219 2220 2221 2222
2220 2219 2218 2217
2220 2221 2222 2223
2221 2220 2219 2218
2221 2222 2223 2224
2222 2221 2220 2219
2222 2223 2224 2225
2223 2222 2221 2220
2223 2224 2225 2226
2224 2223 2222 2221
2224 2225 2226 2227
2225 2224 2223 2222
2225 2226 2227 2228
2226 2225 2224 2223
2226 2227 2228 2229
2227 2226 2225 2224
2227 2228 2229 2230
2228 2227 2226 2225
2228 2229 2230 2231
2229 2228 2227 2226
2229 2230 2231 2232
2230 2229 2228 2227
2230 2231 2232 2206
2231 2230 2229 2228
2231 2232 2206 2207
2232 2231 2230 2229
2232 2206 2207 2202
2233 2234 2235 2236
2233 2211 2210 2209
2234 2235 2236 2275
2234 2233 2211 2210
2235 2236 2275 2276
2235 2234 2233 2211
2236 2275 2276 2277
2236 2235 2234 2233
2237 2332 2331 2330
2237 2238 2239 2240
2238 2237 2332 2331
2238 2239 2240 2241
2239 2238 2237 2332
2239 2240 2241 2242
2240 2239 2238 2237
2240 2241 2242 2243
2241 2240 2239 2238
2241 2242 2243 2244
2242 2241 2240 2239
2242 2243 2244 2245
2243 2242 2241 2240
2243 2244 2245 2246
2244 2243 2242 2241
2244 2245 2246 2247
2245 2244 2243 2242
2245 2246 2247 2248
2246 2245 2244 2243
2246 2247 2248 2249
2247 2246 2245 2244
2247 2248 2249 2250
2248 2247 2246 2245
2248 2249 2250 2251
2249 2248 2247 2246
2249 2250 2251 2252
2250 2249 2248 2247
2250 2251 2252 2253
2251 2250 2249 2248
2251 2252 2253 2254
2252 2251 2250 2249
2252 2253 2254 2255
2253 2252 2251 2250
2253 2254 2255 2256
2254 2253 2252 2251
2254 2255 2256 2257
2255 2254 2253 2252
2255 2256 2257 2258
2256 2255 2254 2253
2256 2257 2258 2259
2257 2256 2255 2254
2257 2258 2259 2260
2258 2257 2256 2255
2258 2259 2260 2261
2259 2258 2257 2256
2259 2260 2261 2262
2260 2259 2258 2257
2260 2261 2262 2263
2261 2260 2259 2258
2261 2262 2263 2264
2262 2261 2260 2259
2262 2263 2264 2265
2263 2262 2261 2260
2263 2264 2265 2266
2264 2263 2262 2261
2264 2265 2266 2267
2265 2264 2263 2262
2265 2266 2267 2268
2266 2265 2264 2263
2266 2267 2268 2269
2267 2266 2265 2264
2267 2268 2269 2270
2268 2267 2266 2265
2268 2269 2270 2271
2269 2268 2267 2266
2269 2270 2271 2272
2270 2269 2268 2267
2270 2271 2272 2273
2271 2270 2269 2268
2271 2272 2273 2274
2272 2271 2270 2269
2272 2273 2274 2212
2273 2272 2271 2270
2273 2274 2212 2213
2274 2273 2272 2271
2274 2212 2213 2214
2275 2276 2277 2278
2275 2236 2235 2234
2276 2277 2278 2279
2276 2275 2236 2235
2277 2278 2279 2280
2277 2276 2275 2236
2278 2279 2280 2333
2278 2277 2276 2275
2279 2280 2333 2334
2279 2278 2277 2276
2280 2333 2334 2281
2280 2279 2278 2277
2281 2334 2333 2280
2281 2282 2283 2284
2282 2281 2334 2333
2282 2283 2284 2285
2283 2282 2281 2334
2283 2284 2285 2286
2284 2283 2282 2281
2284 2285 2286 2287
2285 2284 2283 2282
2285 2286 2287 2288
2286 2285 2284 2283
2286 2287 2288 2289
2287 2286 2285 2284
2287 2288 2289 2290
2288 2287 2286 2285
2288 2289 2290 2291
2289 2288 2287 2286
2289 2290 2291 2292
2290 2289 2288 2287
2290 2291 2292 2293
2291 2290 2289 2288
2291 2292 2293 2294
2292 2291 2290 2289
2292 2293 2294 2295
2293 2292 2291 2290
2293 2294 2295 2296
2294 2293 2292 2291
2294 2295 2296 2297
2295 2294 2293 2292
2295 2296 2297 2298
2296 2295 2294 2293
2296 2297 2298 2299
2297 2296 2295 2294
2297 2298 2299 2300
2298 2297 2296 2295
2298 2299 2300 2301
2299 2298 2297 2296
2299 2300 2301 2302
2300 2299 2298 2297
2300 2301 2302 2303
2301 2300 2299 2298
2301 2302 2303 2304
2302 2301 2300 2299
2302 2303 2304 2305
2303 2302 2301 2300
2303 2304 2305 2306
2304 2303 2302 2301
2304 2305 2306 2307
2305 2304 2303 2302
2305 2306 2307 2308
2306 2305 2304 2303
2306 2307 2308 2309
2307 2306 2305 2304
2307 2308 2309 2310
2308 2307 2306 2305
2308 2309 2310 2311
2309 2308 2307 2306
2309 2310 2311 2312
2310 2309 2308 2307
2310 2311 2312 2313
2311 2310 2309 2308
2311 2312 2313 2314
2312 2311 2310 2309
2312 2313 2314 2315
2313 2312 2311 2310
2313 2314 2315 2316
2314 2313 2312 2311
2314 2315 2316 2317
2315 2314 2313 2312
2315 2316 2317 2318
2316 2315 2314 2313
2316 2317 2318 2319
2317 2316 2315 2314
2317 2318 2319 2320
2318 2317 2316 2315
2318 2319 2320 2321
2319 2318 2317 2316
2319 2320 2321 2322
2320 2319 2318 2317
2320 2321 2322 2323
2321 2320 2319 2318
2321 2322 2323 2324
2322 2321 2320 2319
2322 2323 2324 2325
2323 2322 2321 2320
2323 2324 2325 2326
2324 2323 2322 2321
2324 2325 2326 2327
2325 2324 2323 2322
2325 2326 2327 2328
2326 2325 2324 2323
2326 2327 2328 2329
2327 2326 2325 2324
2327 2328 2329 2330
2328 2327 2326 2325
2328 2329 2330 2331
2329 2328 2327 2326
2329 2330 2331 2332
2330 2329 2328 2327
2330 2331 2332 2237
2331 2330 2329 2328
2331 2332 2237 2238
2332 2331 2330 2329
2332 2237 2238 2239
2333 2334 2281 2282
2333 2280 2279 2278
2334 2333 2280 2279
2334 2281 2282 2283
