0 32 31 30
0 1 2 33
1 0 32 31
1 2 33 34
2 33 34 35
2 1 0 32
3 81 80 79
3 4 5 6
4 3 81 80
4 5 6 7
5 4 3 81
5 6 7 8
6 5 4 3
6 7 8 9
7 6 5 4
7 8 9 10
8 7 6 5
8 9 10 11
9 8 7 6
9 10 11 12
10 9 8 7
10 11 12 13
11 10 9 8
11 12 13 14
12 11 10 9
12 13 14 15
13 12 11 10
13 14 15 16
14 13 12 11
14 15 16 17
15 14 13 12
15 16 17 18
16 15 14 13
16 17 18 19
17 16 15 14
17 18 19 20
18 17 16 15
18 19 20 21
19 18 17 16
19 20 21 22
20 19 18 17
20 21 22 23
21 20 19 18
21 22 23 24
22 21 20 19
22 23 24 25
23 22 21 20
23 24 25 26
24 23 22 21
24 25 26 27
25 24 23 22
25 26 27 28
26 25 24 23
26 27 28 29
27 26 25 24
27 28 29 30
28 27 26 25
28 29 30 31
29 28 27 26
29 30 31 32
30 29 28 27
30 31 32 0
31 30 29 28
31 32 0 1
32 31 30 29
32 0 1 2
33 34 35 36
33 2 1 0
34 35 36 82
34 33 2 1
35 36 82 111
35 34 33 2
36 82 111 112
36 35 34 33
37 110 109 108
37 38 39 40
38 37 110 109
38 39 40 41
39 38 37 110
39 40 41 42
40 39 38 37
40 41 42 43
41 40 39 38
41 42 43 44
42 41 40 39
42 43 44 45
43 42 41 40
43 44 45 46
44 43 42 41
44 45 46 47
45 44 43 42
45 46 47 48
46 45 44 43
46 47 48 49
47 46 45 44
47 48 49 50
48 47 46 45
48 49 50 51
49 48 47 46
49 50 51 52
50 49 48 47
50 51 52 53
51 50 49 48
51 52 53 54
52 51 50 49
52 53 54 55
53 52 51 50
53 54 55 56
54 53 52 51
54 55 56 57
55 54 53 52
55 56 57 58
56 55 54 53
56 57 58 59
57 56 55 54
57 58 59 60
58 57 56 55
58 59 60 61
59 58 57 56
59 60 61 62
60 59 58 57
60 61 62 63
61 60 59 58
61 62 63 64
62 61 60 59
62 63 64 65
63 62 61 60
63 64 65 66
64 63 62 61
64 65 66 67
65 64 63 62
65 66 67 68
66 65 64 63
66 67 68 69
67 66 65 64
67 68 69 70
68 67 66 65
68 69 70 71
69 68 67 66
69 70 71 72
70 69 68 67
70 71 72 73
71 70 69 68
71 72 73 74
72 71 70 69
72 73 74 75
73 72 71 70
73 74 75 76
74 73 72 71
74 75 76 77
75 74 73 72
75 76 77 78
76 75 74 73
76 77 78 79
77 76 75 74
77 78 79 80
78 77 76 75
78 79 80 81
79 78 77 76
79 80 81 3
80 79 78 77
80 81 3 4
81 80 79 78
81 3 4 5
82 111 112 117
82 36 35 34
83 116 115 114
83 84 85 86
84 83 116 115
84 85 86 87
85 84 83 116
85 86 87 88
86 85 84 83
86 87 88 89
87 86 85 84
87 88 89 90
88 87 86 85
88 89 90 91
89 88 87 86
89 90 91 92
90 89 88 87
90 91 92 93
91 90 89 88
91 92 93 94
92 91 90 89
92 93 94 95
93 92 91 90
93 94 95 96
94 93 92 91
94 95 96 97
95 94 93 92
95 96 97 98
96 95 94 93
96 97 98 99
97 96 95 94
97 98 99 100
98 97 96 95
98 99 100 101
99 98 97 96
99 100 101 102
100 99 98 97
100 101 102 103
101 100 99 98
101 102 103 104
102 101 100 99
102 103 104 105
103 102 101 100
103 104 105 106
104 103 102 101
104 105 106 107
105 104 103 102
105 106 107 108
106 105 104 103
106 107 108 109
107 106 105 104
107 108 109 110
108 107 106 105
108 109 110 37
109 108 107 106
109 110 37 38
110 109 108 107
110 37 38 39
111 112 117 118
111 82 36 35
112 117 118 121
112 111 82 36
113 120 119 123
113 114 115 116
114 113 120 119
114 115 116 83
115 114 113 120
115 116 83 84
116 115 114 113
116 83 84 85
117 118 121 124
117 112 111 82
118 121 124 125
118 117 112 111
119 123 122 127
119 120 113 114
120 119 123 122
120 113 114 115
121 124 125 128
121 118 117 112
122 127 126 130
122 123 119 120
123 122 127 126
123 119 120 113
124 125 128 131
124 121 118 117
125 128 131 132
125 124 121 118
126 130 129 134
126 127 122 123
127 126 130 129
127 122 123 119
128 131 132 135
128 125 124 121
129 134 133 137
129 130 126 127
130 129 134 133
130 126 127 122
131 132 135 138
131 128 125 124
132 135 138 141
132 131 128 125
133 137 136 140
133 134 129 130
134 133 137 136
134 129 130 126
135 138 141 144
135 132 131 128
136 140 139 143
136 137 133 134
137 136 140 139
137 133 134 129
138 141 144 147
138 135 132 131
139 143 142 146
139 140 136 137
140 139 143 142
140 136 137 133
141 144 147 150
141 138 135 132
142 146 145 149
142 143 139 140
143 142 146 145
143 139 140 136
144 147 150 153
144 141 138 135
145 149 148 152
145 146 142 143
146 145 149 148
146 142 143 139
147 150 153 156
147 144 141 138
148 152 151 155
148 149 145 146
149 148 152 151
149 145 146 142
150 153 156 159
150 147 144 141
151 155 154 158
151 152 148 149
152 151 155 154
152 148 149 145
153 156 159 162
153 150 147 144
154 158 157 161
154 155 151 152
155 154 158 157
155 151 152 148
156 159 162 165
156 153 150 147
157 161 160 164
157 158 154 155
158 157 161 160
158 154 155 151
159 162 165 168
159 156 153 150
160 164 163 167
160 161 157 158
161 160 164 163
161 157 158 154
162 165 168 170
162 159 156 153
163 167 166 169
163 164 160 161
164 163 167 166
164 160 161 157
165 168 170 173
165 162 159 156
166 169 172 171
166 167 163 164
167 166 169 172
167 163 164 160
168 170 173 176
168 165 162 159
169 172 171 175
169 166 167 163
170 173 176 179
170 168 165 162
171 175 174 178
171 172 169 166
172 171 175 174
172 169 166 167
173 176 179 182
173 170 168 165
174 178 177 181
174 175 171 172
175 174 178 177
175 171 172 169
176 179 182 185
176 173 170 168
177 181 180 184
177 178 174 175
178 177 181 180
178 174 175 171
179 182 185 188
179 176 173 170
180 184 183 187
180 181 177 178
181 180 184 183
181 177 178 174
182 185 188 189
182 179 176 173
183 187 186 191
183 184 180 181
184 183 187 186
184 180 181 177
185 188 189 192
185 182 179 176
186 191 190 194
186 187 183 184
187 186 191 190
187 183 184 180
188 189 192 195
188 185 182 179
189 192 195 196
189 188 185 182
190 194 193 198
190 191 186 187
191 190 194 193
191 186 187 183
192 195 196 199
192 189 188 185
193 198 197 200
193 194 190 191
194 193 198 197
194 190 191 186
195 196 199 201
195 192 189 188
196 199 201 202
196 195 192 189
197 200 204 203
197 198 193 194
198 197 200 204
198 193 194 190
199 201 202 205
199 196 195 192
200 204 203 207
200 197 198 193
201 202 205 208
201 199 196 195
202 205 208 209
202 201 199 196
203 207 206 211
203 204 200 197
204 203 207 206
204 200 197 198
205 208 209 212
205 202 201 199
206 211 210 214
206 207 203 204
207 206 211 210
207 203 204 200
208 209 212 215
208 205 202 201
209 212 215 216
209 208 205 202
210 214 213 218
210 211 206 207
211 210 214 213
211 206 207 203
212 215 216 219
212 209 208 205
213 218 217 221
213 214 210 211
214 213 218 217
214 210 211 206
215 216 219 222
215 212 209 208
216 219 222 223
216 215 212 209
217 221 220 225
217 218 213 214
218 217 221 220
218 213 214 210
219 222 223 226
219 216 215 212
220 225 224 228
220 221 217 218
221 220 225 224
221 217 218 213
222 223 226 229
222 219 216 215
223 226 229 230
223 222 219 216
224 228 227 231
224 225 220 221
225 224 228 227
225 220 221 217
226 229 230 232
226 223 222 219
227 231 234 233
227 228 224 225
228 227 231 234
228 224 225 220
229 230 232 235
229 226 223 222
230 232 235 236
230 229 226 223
231 234 233 238
231 227 228 224
232 235 236 239
232 230 229 226
233 238 237 241
233 234 231 227
234 233 238 237
234 231 227 228
235 236 239 242
235 232 230 229
236 239 242 243
236 235 232 230
237 241 240 245
237 238 233 234
238 237 241 240
238 233 234 231
239 242 243 246
239 236 235 232
240 245 244 248
240 241 237 238
241 240 245 244
241 237 238 233
242 243 246 249
242 239 236 235
243 246 249 250
243 242 239 236
244 248 247 252
244 245 240 241
245 244 248 247
245 240 241 237
246 249 250 253
246 243 242 239
247 252 251 254
247 248 244 245
248 247 252 251
248 244 245 240
249 250 253 255
249 246 243 242
250 253 255 256
250 249 246 243
251 254 257 260
251 252 247 248
252 251 254 257
252 247 248 244
253 255 256 258
253 250 249 246
254 257 260 259
254 251 252 247
255 256 258 261
255 253 250 249
256 258 261 264
256 255 253 250
257 260 259 263
257 254 251 252
258 261 264 266
258 256 255 253
259 263 262 265
259 260 257 254
260 259 263 262
260 257 254 251
261 264 266 269
261 258 256 255
262 265 268 267
262 263 259 260
263 262 265 268
263 259 260 257
264 266 269 272
264 261 258 256
265 268 267 271
265 262 263 259
266 269 272 274
266 264 261 258
267 271 270 273
267 268 265 262
268 267 271 270
268 265 262 263
269 272 274 277
269 266 264 261
270 273 276 275
270 271 267 268
271 270 273 276
271 267 268 265
272 274 277 279
272 269 266 264
273 276 275 278
273 270 271 267
274 277 279 282
274 272 269 266
275 278 281 280
275 276 273 270
276 275 278 281
276 273 270 271
277 279 282 284
277 274 272 269
278 281 280 283
278 275 276 273
279 282 284 286
279 277 274 272
280 283 285 287
280 281 278 275
281 280 283 285
281 278 275 276
282 284 286 288
282 279 277 274
283 285 287 289
283 280 281 278
284 286 288 290
284 282 279 277
285 287 289 291
285 283 280 281
286 288 290 292
286 284 282 279
287 289 291 293
287 285 283 280
288 290 292 294
288 286 284 282
289 291 293 295
289 287 285 283
290 292 294 296
290 288 286 284
291 293 295 299
291 289 287 285
292 294 296 297
292 290 288 286
293 295 299 298
293 291 289 287
294 296 297 300
294 292 290 288
295 299 298 301
295 293 291 289
296 297 300 302
296 294 292 290
297 300 302 303
297 296 294 292
298 301 305 304
298 299 295 293
299 298 301 305
299 295 293 291
300 302 303 306
300 297 296 294
301 305 304 307
301 298 299 295
302 303 306 308
302 300 297 296
303 306 308 309
303 302 300 297
304 307 310 312
304 305 301 298
305 304 307 310
305 301 298 299
306 308 309 311
306 303 302 300
307 310 312 315
307 304 305 301
308 309 311 313
308 306 303 302
309 311 313 314
309 308 306 303
310 312 315 318
310 307 304 305
311 313 314 316
311 309 308 306
312 315 318 317
312 310 307 304
313 314 316 319
313 311 309 308
314 316 319 320
314 313 311 309
315 318 317 321
315 312 310 307
316 319 320 322
316 314 313 311
317 321 323 326
317 318 315 312
318 317 321 323
318 315 312 310
319 320 322 324
319 316 314 313
320 322 324 325
320 319 316 314
321 323 326 328
321 317 318 315
322 324 325 327
322 320 319 316
323 326 328 331
323 321 317 318
324 325 327 329
324 322 320 319
325 327 329 330
325 324 322 320
326 328 331 333
326 323 321 317
327 329 330 332
327 325 324 322
328 331 333 336
328 326 323 321
329 330 332 334
329 327 325 324
330 332 334 335
330 329 327 325
331 333 336 339
331 328 326 323
332 334 335 337
332 330 329 327
333 336 339 338
333 331 328 326
334 335 337 340
334 332 330 329
335 337 340 341
335 334 332 330
336 339 338 342
336 333 331 328
337 340 341 343
337 335 334 332
338 342 344 347
338 339 336 333
339 338 342 344
339 336 333 331
340 341 343 345
340 337 335 334
341 343 345 346
341 340 337 335
342 344 347 349
342 338 339 336
343 345 346 348
343 341 340 337
344 347 349 352
344 342 338 339
345 346 348 350
345 343 341 340
346 348 350 351
346 345 343 341
347 349 352 354
347 344 342 338
348 350 351 353
348 346 345 343
349 352 354 357
349 347 344 342
350 351 353 355
350 348 346 345
351 353 355 356
351 350 348 346
352 354 357 359
352 349 347 344
353 355 356 358
353 351 350 348
354 357 359 361
354 352 349 347
355 356 358 360
355 353 351 350
356 358 360 362
356 355 353 351
357 359 361 363
357 354 352 349
358 360 362 364
358 356 355 353
359 361 363 365
359 357 354 352
360 362 364 366
360 358 356 355
361 363 365 367
361 359 357 354
362 364 366 368
362 360 358 356
363 365 367 370
363 361 359 357
364 366 368 371
364 362 360 358
365 367 370 369
365 363 361 359
366 368 371 373
366 364 362 360
367 370 369 372
367 365 363 361
368 371 373 375
368 366 364 362
369 372 374 376
369 370 367 365
370 369 372 374
370 367 365 363
371 373 375 377
371 368 366 364
372 374 376 378
372 369 370 367
373 375 377 379
373 371 368 366
374 376 378 380
374 372 369 370
375 377 379 381
375 373 371 368
376 378 380 382
376 374 372 369
377 379 381 383
377 375 373 371
378 380 382 385
378 376 374 372
379 381 383 386
379 377 375 373
380 382 385 384
380 378 376 374
381 383 386 388
381 379 377 375
382 385 384 387
382 380 378 376
383 386 388 390
383 381 379 377
384 387 389 391
384 385 382 380
385 384 387 389
385 382 380 378
386 388 390 392
386 383 381 379
387 389 391 394
387 384 385 382
388 390 392 395
388 386 383 381
389 391 394 393
389 387 384 385
390 392 395 397
390 388 386 383
391 394 393 396
391 389 387 384
392 395 397 399
392 390 388 386
393 396 398 400
393 394 391 389
394 393 396 398
394 391 389 387
395 397 399 401
395 392 390 388
396 398 400 403
396 393 394 391
397 399 401 404
397 395 392 390
398 400 403 402
398 396 393 394
399 401 404 406
399 397 395 392
400 403 402 405
400 398 396 393
401 404 406 408
401 399 397 395
402 405 407 409
402 403 400 398
403 402 405 407
403 400 398 396
404 406 408 410
404 401 399 397
405 407 409 411
405 402 403 400
406 408 410 412
406 404 401 399
407 409 411 413
407 405 402 403
408 410 412 414
408 406 404 401
409 411 413 415
409 407 405 402
410 412 414 416
410 408 406 404
411 413 415 417
411 409 407 405
412 414 416 418
412 410 408 406
413 415 417 419
413 411 409 407
414 416 418 420
414 412 410 408
415 417 419 422
415 413 411 409
416 418 420 423
416 414 412 410
417 419 422 421
417 415 413 411
418 420 423 425
418 416 414 412
419 422 421 424
419 417 415 413
420 423 425 427
420 418 416 414
421 424 426 428
421 422 419 417
422 421 424 426
422 419 417 415
423 425 427 429
423 420 418 416
424 426 428 430
424 421 422 419
425 427 429 431
425 423 420 418
426 428 430 432
426 424 421 422
427 429 431 433
427 425 423 420
428 430 432 434
428 426 424 421
429 431 433 435
429 427 425 423
430 432 434 436
430 428 426 424
431 433 435 437
431 429 427 425
432 434 436 438
432 430 428 426
433 435 437 439
433 431 429 427
434 436 438 440
434 432 430 428
435 437 439 441
435 433 431 429
436 438 440 442
436 434 432 430
437 439 441 443
437 435 433 431
438 440 442 444
438 436 434 432
439 441 443 445
439 437 435 433
440 442 444 446
440 438 436 434
441 443 445 447
441 439 437 435
442 444 446 448
442 440 438 436
443 445 447 449
443 441 439 437
444 446 448 450
444 442 440 438
445 447 449 451
445 443 441 439
446 448 450 452
446 444 442 440
447 449 451 453
447 445 443 441
448 450 452 454
448 446 444 442
449 451 453 455
449 447 445 443
450 452 454 456
450 448 446 444
451 453 455 457
451 449 447 445
452 454 456 458
452 450 448 446
453 455 457 459
453 451 449 447
454 456 458 460
454 452 450 448
455 457 459 462
455 453 451 449
456 458 460 463
456 454 452 450
457 459 462 465
457 455 453 451
458 460 463 466
458 456 454 452
459 462 465 475
459 457 455 453
460 463 466 476
460 458 456 454
461 464 467 477
462 465 475 482
462 459 457 455
463 466 476 483
463 460 458 456
464 467 477 -1
465 475 482 488
465 462 459 457
466 476 483 489
466 463 460 458
467 464 461 -1
468 479 478 485
468 469 470 471
469 468 479 478
469 470 471 472
470 469 468 479
470 471 472 473
471 470 469 468
471 472 473 474
472 473 474 480
472 471 470 469
473 474 480 481
473 472 471 470
474 480 481 486
474 473 472 471
475 482 488 493
475 465 462 459
476 483 489 494
476 466 463 460
477 467 464 461
478 485 484 491
478 479 468 469
479 478 485 484
479 468 469 470
480 481 486 487
480 474 473 472
481 486 487 492
481 480 474 473
482 488 493 499
482 475 465 462
483 489 494 500
483 476 466 463
484 491 490 496
484 485 478 479
485 484 491 490
485 478 479 468
486 487 492 497
486 481 480 474
487 492 497 498
487 486 481 480
488 493 499 504
488 482 475 465
489 494 500 505
489 483 476 466
490 496 495 501
490 491 484 485
491 490 496 495
491 484 485 478
492 497 498 502
492 487 486 481
493 499 504 509
493 488 482 475
494 500 505 510
494 489 483 476
495 501 507 506
495 496 490 491
496 495 501 507
496 490 491 484
497 498 502 503
497 492 487 486
498 502 503 508
498 497 492 487
499 504 509 514
499 493 488 482
500 505 510 515
500 494 489 483
501 507 506 511
501 495 496 490
502 503 508 512
502 498 497 492
503 508 512 513
503 502 498 497
504 509 514 518
504 499 493 488
505 510 515 519
505 500 494 489
506 511 516 521
506 507 501 495
507 506 511 516
507 501 495 496
508 512 513 517
508 503 502 498
509 514 518 523
509 504 499 493
510 515 519 524
510 505 500 494
511 516 521 526
511 506 507 501
512 513 517 522
512 508 503 502
513 517 522 527
513 512 508 503
514 518 523 528
514 509 504 499
515 519 524 529
515 510 505 500
516 521 526 530
516 511 506 507
517 522 527 531
517 513 512 508
518 523 528 533
518 514 509 504
519 524 529 534
519 515 510 505
520 525 535 541
521 526 530 537
521 516 511 506
522 527 531 532
522 517 513 512
523 528 533 539
523 518 514 509
524 529 534 540
524 519 515 510
525 535 541 546
526 530 537 536
526 521 516 511
527 531 532 538
527 522 517 513
528 533 539 544
528 523 518 514
529 534 540 545
529 524 519 515
530 537 536 542
530 526 521 516
531 532 538 543
531 527 522 517
532 538 543 548
532 531 527 522
533 539 544 549
533 528 523 518
534 540 545 550
534 529 524 519
535 541 546 551
535 525 520 -1
536 542 547 552
536 537 530 526
537 536 542 547
537 530 526 521
538 543 548 553
538 532 531 527
539 544 549 554
539 533 528 523
540 545 550 555
540 534 529 524
541 546 551 556
541 535 525 520
542 547 552 557
542 536 537 530
543 548 553 558
543 538 532 531
544 549 554 559
544 539 533 528
545 550 555 560
545 540 534 529
546 551 556 561
546 541 535 525
547 552 557 562
547 542 536 537
548 553 558 563
548 543 538 532
549 554 559 564
549 544 539 533
550 555 560 565
550 545 540 534
551 556 561 566
551 546 541 535
552 557 562 568
552 547 542 536
553 558 563 569
553 548 543 538
554 559 564 570
554 549 544 539
555 560 565 571
555 550 545 540
556 561 566 567
556 551 546 541
557 562 568 573
557 552 547 542
558 563 569 574
558 553 548 543
559 564 570 575
559 554 549 544
560 565 571 576
560 555 550 545
561 566 567 572
561 556 551 546
562 568 573 578
562 557 552 547
563 569 574 579
563 558 553 548
564 570 575 580
564 559 554 549
565 571 576 581
565 560 555 550
566 567 572 577
566 561 556 551
567 572 577 582
567 566 561 556
568 573 578 584
568 562 557 552
569 574 579 585
569 563 558 553
570 575 580 586
570 564 559 554
571 576 581 587
571 565 560 555
572 577 582 588
572 567 566 561
573 578 584 583
573 568 562 557
574 579 585 590
574 569 563 558
575 580 586 591
575 570 564 559
576 581 587 592
576 571 565 560
577 582 588 593
577 572 567 566
578 584 583 589
578 573 568 562
579 585 590 595
579 574 569 563
580 586 591 596
580 575 570 564
581 587 592 597
581 576 571 565
582 588 593 598
582 577 572 567
583 589 594 599
583 584 578 573
584 583 589 594
584 578 573 568
585 590 595 600
585 579 574 569
586 591 596 601
586 580 575 570
587 592 597 602
587 581 576 571
588 593 598 603
588 582 577 572
589 594 599 605
589 583 584 578
590 595 600 606
590 585 579 574
591 596 601 607
591 586 580 575
592 597 602 608
592 587 581 576
593 598 603 609
593 588 582 577
594 599 605 604
594 589 583 584
595 600 606 611
595 590 585 579
596 601 607 612
596 591 586 580
597 602 608 613
597 592 587 581
598 603 609 614
598 593 588 582
599 605 604 610
599 594 589 583
600 606 611 616
600 595 590 585
601 607 612 617
601 596 591 586
602 608 613 618
602 597 592 587
603 609 614 619
603 598 593 588
604 610 615 620
604 605 599 594
605 604 610 615
605 599 594 589
606 611 616 621
606 600 595 590
607 612 617 622
607 601 596 591
608 613 618 623
608 602 597 592
609 614 619 624
609 603 598 593
610 615 620 626
610 604 605 599
611 616 621 627
611 606 600 595
612 617 622 628
612 607 601 596
613 618 623 629
613 608 602 597
614 619 624 625
614 609 603 598
615 620 626 631
615 610 604 605
616 621 627 632
616 611 606 600
617 622 628 633
617 612 607 601
618 623 629 634
618 613 608 602
619 624 625 630
619 614 609 603
620 626 631 636
620 615 610 604
621 627 632 637
621 616 611 606
622 628 633 638
622 617 612 607
623 629 634 639
623 618 613 608
624 625 630 635
624 619 614 609
625 630 635 640
625 624 619 614
626 631 636 641
626 620 615 610
627 632 637 642
627 621 616 611
628 633 638 643
628 622 617 612
629 634 639 644
629 623 618 613
630 635 640 645
630 625 624 619
631 636 641 646
631 626 620 615
632 637 642 647
632 627 621 616
633 638 643 648
633 628 622 617
634 639 644 649
634 629 623 618
635 640 645 650
635 630 625 624
636 641 646 652
636 631 626 620
637 642 647 653
637 632 627 621
638 643 648 654
638 633 628 622
639 644 649 655
639 634 629 623
640 645 650 656
640 635 630 625
641 646 652 658
641 636 631 626
642 647 653 659
642 637 632 627
643 648 654 660
643 638 633 628
644 649 655 661
644 639 634 629
645 650 656 663
645 640 635 630
646 652 658 665
646 641 636 631
647 653 659 666
647 642 637 632
648 654 660 667
648 643 638 633
649 655 661 668
649 644 639 634
650 656 663 662
650 645 640 635
651 657 664 670
652 658 665 671
652 646 641 636
653 659 666 672
653 647 642 637
654 660 667 673
654 648 643 638
655 661 668 674
655 649 644 639
656 663 662 669
656 650 645 640
657 664 670 676
658 665 671 677
658 652 646 641
659 666 672 678
659 653 647 642
660 667 673 679
660 654 648 643
661 668 674 680
661 655 649 644
662 669 675 682
662 663 656 650
663 662 669 675
663 656 650 645
664 670 676 683
664 657 651 -1
665 671 677 684
665 658 652 646
666 672 678 685
666 659 653 647
667 673 679 686
667 660 654 648
668 674 680 687
668 661 655 649
669 675 682 681
669 662 663 656
670 676 683 689
670 664 657 651
671 677 684 690
671 665 658 652
672 678 685 691
672 666 659 653
673 679 686 692
673 667 660 654
674 680 687 693
674 668 661 655
675 682 681 688
675 669 662 663
676 683 689 695
676 670 664 657
677 684 690 696
677 671 665 658
678 685 691 697
678 672 666 659
679 686 692 698
679 673 667 660
680 687 693 699
680 674 668 661
681 688 694 700
681 682 675 669
682 681 688 694
682 675 669 662
683 689 695 701
683 676 670 664
684 690 696 702
684 677 671 665
685 691 697 703
685 678 672 666
686 692 698 704
686 679 673 667
687 693 699 705
687 680 674 668
688 694 700 706
688 681 682 675
689 695 701 707
689 683 676 670
690 696 702 708
690 684 677 671
691 697 703 709
691 685 678 672
692 698 704 710
692 686 679 673
693 699 705 711
693 687 680 674
694 700 706 713
694 688 681 682
695 701 707 714
695 689 683 676
696 702 708 715
696 690 684 677
697 703 709 716
697 691 685 678
698 704 710 717
698 692 686 679
699 705 711 718
699 693 687 680
700 706 713 712
700 694 688 681
701 707 714 720
701 695 689 683
702 708 715 721
702 696 690 684
703 709 716 722
703 697 691 685
704 710 717 723
704 698 692 686
705 711 718 724
705 699 693 687
706 713 712 719
706 700 694 688
707 714 720 726
707 701 695 689
708 715 721 727
708 702 696 690
709 716 722 728
709 703 697 691
710 717 723 729
710 704 698 692
711 718 724 730
711 705 699 693
712 719 725 731
712 713 706 700
713 712 719 725
713 706 700 694
714 720 726 732
714 707 701 695
715 721 727 733
715 708 702 696
716 722 728 734
716 709 703 697
717 723 729 735
717 710 704 698
718 724 730 736
718 711 705 699
719 725 731 737
719 712 713 706
720 726 732 738
720 714 707 701
721 727 733 739
721 715 708 702
722 728 734 740
722 716 709 703
723 729 735 741
723 717 710 704
724 730 736 742
724 718 711 705
725 731 737 743
725 719 712 713
726 732 738 744
726 720 714 707
727 733 739 745
727 721 715 708
728 734 740 746
728 722 716 709
729 735 741 747
729 723 717 710
730 736 742 748
730 724 718 711
731 737 743 749
731 725 719 712
732 738 744 750
732 726 720 714
733 739 745 751
733 727 721 715
734 740 746 752
734 728 722 716
735 741 747 753
735 729 723 717
736 742 748 754
736 730 724 718
737 743 749 755
737 731 725 719
738 744 750 756
738 732 726 720
739 745 751 757
739 733 727 721
740 746 752 758
740 734 728 722
741 747 753 759
741 735 729 723
742 748 754 760
742 736 730 724
743 749 755 762
743 737 731 725
744 750 756 763
744 738 732 726
745 751 757 764
745 739 733 727
746 752 758 765
746 740 734 728
747 753 759 766
747 741 735 729
748 754 760 767
748 742 736 730
749 755 762 761
749 743 737 731
750 756 763 769
750 744 738 732
751 757 764 770
751 745 739 733
752 758 765 771
752 746 740 734
753 759 766 772
753 747 741 735
754 760 767 773
754 748 742 736
755 762 761 768
755 749 743 737
756 763 769 775
756 750 744 738
757 764 770 776
757 751 745 739
758 765 771 777
758 752 746 740
759 766 772 778
759 753 747 741
760 767 773 779
760 754 748 742
761 768 774 780
761 762 755 749
762 761 768 774
762 755 749 743
763 769 775 781
763 756 750 744
764 770 776 782
764 757 751 745
765 771 777 783
765 758 752 746
766 772 778 784
766 759 753 747
767 773 779 785
767 760 754 748
768 774 780 786
768 761 762 755
769 775 781 787
769 763 756 750
770 776 782 788
770 764 757 751
771 777 783 789
771 765 758 752
772 778 784 790
772 766 759 753
773 779 785 791
773 767 760 754
774 780 786 792
774 768 761 762
775 781 787 793
775 769 763 756
776 782 788 794
776 770 764 757
777 783 789 795
777 771 765 758
778 784 790 796
778 772 766 759
779 785 791 797
779 773 767 760
780 786 792 798
780 774 768 761
781 787 793 799
781 775 769 763
782 788 794 800
782 776 770 764
783 789 795 801
783 777 771 765
784 790 796 802
784 778 772 766
785 791 797 803
785 779 773 767
786 792 798 804
786 780 774 768
787 793 799 805
787 781 775 769
788 794 800 806
788 782 776 770
789 795 801 807
789 783 777 771
790 796 802 808
790 784 778 772
791 797 803 809
791 785 779 773
792 798 804 811
792 786 780 774
793 799 805 812
793 787 781 775
794 800 806 813
794 788 782 776
795 801 807 814
795 789 783 777
796 802 808 815
796 790 784 778
797 803 809 816
797 791 785 779
798 804 811 810
798 792 786 780
799 805 812 818
799 793 787 781
800 806 813 819
800 794 788 782
801 807 814 820
801 795 789 783
802 808 815 821
802 796 790 784
803 809 816 822
803 797 791 785
804 811 810 817
804 798 792 786
805 812 818 824
805 799 793 787
806 813 819 825
806 800 794 788
807 814 820 826
807 801 795 789
808 815 821 827
808 802 796 790
809 816 822 828
809 803 797 791
810 817 823 830
810 811 804 798
811 810 817 823
811 804 798 792
812 818 824 831
812 805 799 793
813 819 825 832
813 806 800 794
814 820 826 833
814 807 801 795
815 821 827 834
815 808 802 796
816 822 828 835
816 809 803 797
817 823 830 829
817 810 811 804
818 824 831 837
818 812 805 799
819 825 832 838
819 813 806 800
820 826 833 839
820 814 807 801
821 827 834 840
821 815 808 802
822 828 835 841
822 816 809 803
823 830 829 836
823 817 810 811
824 831 837 843
824 818 812 805
825 832 838 844
825 819 813 806
826 833 839 845
826 820 814 807
827 834 840 846
827 821 815 808
828 835 841 847
828 822 816 809
829 836 842 849
829 830 823 817
830 829 836 842
830 823 817 810
831 837 843 850
831 824 818 812
832 838 844 851
832 825 819 813
833 839 845 852
833 826 820 814
834 840 846 853
834 827 821 815
835 841 847 854
835 828 822 816
836 842 849 848
836 829 830 823
837 843 850 856
837 831 824 818
838 844 851 857
838 832 825 819
839 845 852 858
839 833 826 820
840 846 853 859
840 834 827 821
841 847 854 860
841 835 828 822
842 849 848 855
842 836 829 830
843 850 856 862
843 837 831 824
844 851 857 863
844 838 832 825
845 852 858 864
845 839 833 826
846 853 859 865
846 840 834 827
847 854 860 866
847 841 835 828
848 855 861 868
848 849 842 836
849 848 855 861
849 842 836 829
850 856 862 869
850 843 837 831
851 857 863 870
851 844 838 832
852 858 864 871
852 845 839 833
853 859 865 872
853 846 840 834
854 860 866 873
854 847 841 835
855 861 868 867
855 848 849 842
856 862 869 875
856 850 843 837
857 863 870 876
857 851 844 838
858 864 871 877
858 852 845 839
859 865 872 878
859 853 846 840
860 866 873 879
860 854 847 841
861 868 867 874
861 855 848 849
862 869 875 881
862 856 850 843
863 870 876 882
863 857 851 844
864 871 877 883
864 858 852 845
865 872 878 884
865 859 853 846
866 873 879 885
866 860 854 847
867 874 880 887
867 868 861 855
868 867 874 880
868 861 855 848
869 875 881 888
869 862 856 850
870 876 882 890
870 863 857 851
871 877 883 891
871 864 858 852
872 878 884 892
872 865 859 853
873 879 885 893
873 866 860 854
874 880 887 886
874 867 868 861
875 881 888 895
875 869 862 856
876 882 890 889
876 870 863 857
877 883 891 897
877 871 864 858
878 884 892 898
878 872 865 859
879 885 893 899
879 873 866 860
880 887 886 894
880 874 867 868
881 888 895 901
881 875 869 862
882 890 889 896
882 876 870 863
883 891 897 903
883 877 871 864
884 892 898 904
884 878 872 865
885 893 899 905
885 879 873 866
886 894 900 907
886 887 880 874
887 886 894 900
887 880 874 867
888 895 901 908
888 881 875 869
889 896 902 909
889 890 882 876
890 889 896 902
890 882 876 870
891 897 903 910
891 883 877 871
892 898 904 911
892 884 878 872
893 899 905 912
893 885 879 873
894 900 907 906
894 886 887 880
895 901 908 914
895 888 881 875
896 902 909 915
896 889 890 882
897 903 910 916
897 891 883 877
898 904 911 917
898 892 884 878
899 905 912 918
899 893 885 879
900 907 906 913
900 894 886 887
901 908 914 920
901 895 888 881
902 909 915 921
902 896 889 890
903 910 916 922
903 897 891 883
904 911 917 923
904 898 892 884
905 912 918 924
905 899 893 885
906 913 919 925
906 907 900 894
907 906 913 919
907 900 894 886
908 914 920 926
908 901 895 888
909 915 921 927
909 902 896 889
910 916 922 928
910 903 897 891
911 917 923 929
911 904 898 892
912 918 924 930
912 905 899 893
913 919 925 931
913 906 907 900
914 920 926 932
914 908 901 895
915 921 927 933
915 909 902 896
916 922 928 934
916 910 903 897
917 923 929 935
917 911 904 898
918 924 930 936
918 912 905 899
919 925 931 937
919 913 906 907
920 926 932 938
920 914 908 901
921 927 933 939
921 915 909 902
922 928 934 940
922 916 910 903
923 929 935 941
923 917 911 904
924 930 936 942
924 918 912 905
925 931 937 943
925 919 913 906
926 932 938 944
926 920 914 908
927 933 939 945
927 921 915 909
928 934 940 946
928 922 916 910
929 935 941 947
929 923 917 911
930 936 942 948
930 924 918 912
931 937 943 949
931 925 919 913
932 938 944 950
932 926 920 914
933 939 945 951
933 927 921 915
934 940 946 952
934 928 922 916
935 941 947 953
935 929 923 917
936 942 948 954
936 930 924 918
937 943 949 955
937 931 925 919
938 944 950 956
938 932 926 920
939 945 951 957
939 933 927 921
940 946 952 958
940 934 928 922
941 947 953 959
941 935 929 923
942 948 954 960
942 936 930 924
943 949 955 961
943 937 931 925
944 950 956 962
944 938 932 926
945 951 957 963
945 939 933 927
946 952 958 964
946 940 934 928
947 953 959 966
947 941 935 929
948 954 960 967
948 942 936 930
949 955 961 968
949 943 937 931
950 956 962 969
950 944 938 932
951 957 963 970
951 945 939 933
952 958 964 965
952 946 940 934
953 959 966 972
953 947 941 935
954 960 967 973
954 948 942 936
955 961 968 974
955 949 943 937
956 962 969 975
956 950 944 938
957 963 970 976
957 951 945 939
958 964 965 971
958 952 946 940
959 966 972 978
959 953 947 941
960 967 973 979
960 954 948 942
961 968 974 980
961 955 949 943
962 969 975 981
962 956 950 944
963 970 976 982
963 957 951 945
964 965 971 977
964 958 952 946
965 971 977 983
965 964 958 952
966 972 978 984
966 959 953 947
967 973 979 985
967 960 954 948
968 974 980 986
968 961 955 949
969 975 981 987
969 962 956 950
970 976 982 988
970 963 957 951
971 977 983 989
971 965 964 958
972 978 984 990
972 966 959 953
973 979 985 991
973 967 960 954
974 980 986 993
974 968 961 955
975 981 987 994
975 969 962 956
976 982 988 995
976 970 963 957
977 983 989 996
977 971 965 964
978 984 990 997
978 972 966 959
979 985 991 998
979 973 967 960
980 986 993 992
980 974 968 961
981 987 994 1000
981 975 969 962
982 988 995 1001
982 976 970 963
983 989 996 1002
983 977 971 965
984 990 997 1003
984 978 972 966
985 991 998 1004
985 979 973 967
986 993 992 999
986 980 974 968
987 994 1000 1006
987 981 975 969
988 995 1001 1007
988 982 976 970
989 996 1002 1008
989 983 977 971
990 997 1003 1009
990 984 978 972
991 998 1004 1010
991 985 979 973
992 999 1005 1011
992 993 986 980
993 992 999 1005
993 986 980 974
994 1000 1006 1012
994 987 981 975
995 1001 1007 1013
995 988 982 976
996 1002 1008 1014
996 989 983 977
997 1003 1009 1015
997 990 984 978
998 1004 1010 1016
998 991 985 979
999 1005 1011 1017
999 992 993 986
1000 1006 1012 1018
1000 994 987 981
1001 1007 1013 1019
1001 995 988 982
1002 1008 1014 1020
1002 996 989 983
1003 1009 1015 1021
1003 997 990 984
1004 1010 1016 1022
1004 998 991 985
1005 1011 1017 1023
1005 999 992 993
1006 1012 1018 1024
1006 1000 994 987
1007 1013 1019 1025
1007 1001 995 988
1008 1014 1020 1026
1008 1002 996 989
1009 1015 1021 1027
1009 1003 997 990
1010 1016 1022 1028
1010 1004 998 991
1011 1017 1023 1029
1011 1005 999 992
1012 1018 1024 1030
1012 1006 1000 994
1013 1019 1025 1031
1013 1007 1001 995
1014 1020 1026 1032
1014 1008 1002 996
1015 1021 1027 1033
1015 1009 1003 997
1016 1022 1028 1034
1016 1010 1004 998
1017 1023 1029 1035
1017 1011 1005 999
1018 1024 1030 1036
1018 1012 1006 1000
1019 1025 1031 1037
1019 1013 1007 1001
1020 1026 1032 1038
1020 1014 1008 1002
1021 1027 1033 1039
1021 1015 1009 1003
1022 1028 1034 1040
1022 1016 1010 1004
1023 1029 1035 1041
1023 1017 1011 1005
1024 1030 1036 1042
1024 1018 1012 1006
1025 1031 1037 1043
1025 1019 1013 1007
1026 1032 1038 1044
1026 1020 1014 1008
1027 1033 1039 1045
1027 1021 1015 1009
1028 1034 1040 1046
1028 1022 1016 1010
1029 1035 1041 1047
1029 1023 1017 1011
1030 1036 1042 1048
1030 1024 1018 1012
1031 1037 1043 1049
1031 1025 1019 1013
1032 1038 1044 1050
1032 1026 1020 1014
1033 1039 1045 1051
1033 1027 1021 1015
1034 1040 1046 1052
1034 1028 1022 1016
1035 1041 1047 1053
1035 1029 1023 1017
1036 1042 1048 1054
1036 1030 1024 1018
1037 1043 1049 1055
1037 1031 1025 1019
1038 1044 1050 1056
1038 1032 1026 1020
1039 1045 1051 1057
1039 1033 1027 1021
1040 1046 1052 1058
1040 1034 1028 1022
1041 1047 1053 1059
1041 1035 1029 1023
1042 1048 1054 1060
1042 1036 1030 1024
1043 1049 1055 1061
1043 1037 1031 1025
1044 1050 1056 1062
1044 1038 1032 1026
1045 1051 1057 1063
1045 1039 1033 1027
1046 1052 1058 1064
1046 1040 1034 1028
1047 1053 1059 1065
1047 1041 1035 1029
1048 1054 1060 1066
1048 1042 1036 1030
1049 1055 1061 1067
1049 1043 1037 1031
1050 1056 1062 1068
1050 1044 1038 1032
1051 1057 1063 1069
1051 1045 1039 1033
1052 1058 1064 1070
1052 1046 1040 1034
1053 1059 1065 1071
1053 1047 1041 1035
1054 1060 1066 1072
1054 1048 1042 1036
1055 1061 1067 1073
1055 1049 1043 1037
1056 1062 1068 1074
1056 1050 1044 1038
1057 1063 1069 1075
1057 1051 1045 1039
1058 1064 1070 1076
1058 1052 1046 1040
1059 1065 1071 1077
1059 1053 1047 1041
1060 1066 1072 1078
1060 1054 1048 1042
1061 1067 1073 1079
1061 1055 1049 1043
1062 1068 1074 1080
1062 1056 1050 1044
1063 1069 1075 1081
1063 1057 1051 1045
1064 1070 1076 1082
1064 1058 1052 1046
1065 1071 1077 1083
1065 1059 1053 1047
1066 1072 1078 1084
1066 1060 1054 1048
1067 1073 1079 1085
1067 1061 1055 1049
1068 1074 1080 1086
1068 1062 1056 1050
1069 1075 1081 1087
1069 1063 1057 1051
1070 1076 1082 1088
1070 1064 1058 1052
1071 1077 1083 1089
1071 1065 1059 1053
1072 1078 1084 1090
1072 1066 1060 1054
1073 1079 1085 1091
1073 1067 1061 1055
1074 1080 1086 1092
1074 1068 1062 1056
1075 1081 1087 1093
1075 1069 1063 1057
1076 1082 1088 1094
1076 1070 1064 1058
1077 1083 1089 1095
1077 1071 1065 1059
1078 1084 1090 1096
1078 1072 1066 1060
1079 1085 1091 1097
1079 1073 1067 1061
1080 1086 1092 1098
1080 1074 1068 1062
1081 1087 1093 1099
1081 1075 1069 1063
1082 1088 1094 1100
1082 1076 1070 1064
1083 1089 1095 1101
1083 1077 1071 1065
1084 1090 1096 1102
1084 1078 1072 1066
1085 1091 1097 1103
1085 1079 1073 1067
1086 1092 1098 1104
1086 1080 1074 1068
1087 1093 1099 1105
1087 1081 1075 1069
1088 1094 1100 1106
1088 1082 1076 1070
1089 1095 1101 1107
1089 1083 1077 1071
1090 1096 1102 1108
1090 1084 1078 1072
1091 1097 1103 1109
1091 1085 1079 1073
1092 1098 1104 1110
1092 1086 1080 1074
1093 1099 1105 1111
1093 1087 1081 1075
1094 1100 1106 1112
1094 1088 1082 1076
1095 1101 1107 1113
1095 1089 1083 1077
1096 1102 1108 1114
1096 1090 1084 1078
1097 1103 1109 1115
1097 1091 1085 1079
1098 1104 1110 1116
1098 1092 1086 1080
1099 1105 1111 1117
1099 1093 1087 1081
1100 1106 1112 1118
1100 1094 1088 1082
1101 1107 1113 1119
1101 1095 1089 1083
1102 1108 1114 1120
1102 1096 1090 1084
1103 1109 1115 1121
1103 1097 1091 1085
1104 1110 1116 1122
1104 1098 1092 1086
1105 1111 1117 1123
1105 1099 1093 1087
1106 1112 1118 1124
1106 1100 1094 1088
1107 1113 1119 1125
1107 1101 1095 1089
1108 1114 1120 1126
1108 1102 1096 1090
1109 1115 1121 1127
1109 1103 1097 1091
1110 1116 1122 1128
1110 1104 1098 1092
1111 1117 1123 1129
1111 1105 1099 1093
1112 1118 1124 1130
1112 1106 1100 1094
1113 1119 1125 1131
1113 1107 1101 1095
1114 1120 1126 1132
1114 1108 1102 1096
1115 1121 1127 1133
1115 1109 1103 1097
1116 1122 1128 1134
1116 1110 1104 1098
1117 1123 1129 1135
1117 1111 1105 1099
1118 1124 1130 1136
1118 1112 1106 1100
1119 1125 1131 1137
1119 1113 1107 1101
1120 1126 1132 1138
1120 1114 1108 1102
1121 1127 1133 1139
1121 1115 1109 1103
1122 1128 1134 1140
1122 1116 1110 1104
1123 1129 1135 1141
1123 1117 1111 1105
1124 1130 1136 1142
1124 1118 1112 1106
1125 1131 1137 1143
1125 1119 1113 1107
1126 1132 1138 1144
1126 1120 1114 1108
1127 1133 1139 1145
1127 1121 1115 1109
1128 1134 1140 1146
1128 1122 1116 1110
1129 1135 1141 1147
1129 1123 1117 1111
1130 1136 1142 1148
1130 1124 1118 1112
1131 1137 1143 1149
1131 1125 1119 1113
1132 1138 1144 1150
1132 1126 1120 1114
1133 1139 1145 1151
1133 1127 1121 1115
1134 1140 1146 1152
1134 1128 1122 1116
1135 1141 1147 1153
1135 1129 1123 1117
1136 1142 1148 1154
1136 1130 1124 1118
1137 1143 1149 -1
1137 1131 1125 1119
1138 1144 1150 1155
1138 1132 1126 1120
1139 1145 1151 1156
1139 1133 1127 1121
1140 1146 1152 1157
1140 1134 1128 1122
1141 1147 1153 1158
1141 1135 1129 1123
1142 1148 1154 1159
1142 1136 1130 1124
1143 1137 1131 1125
1144 1150 1155 1160
1144 1138 1132 1126
1145 1151 1156 1161
1145 1139 1133 1127
1146 1152 1157 1162
1146 1140 1134 1128
1147 1153 1158 1163
1147 1141 1135 1129
1148 1154 1159 1164
1148 1142 1136 1130
1149 1143 1137 1131
1150 1155 1160 1165
1150 1144 1138 1132
1151 1156 1161 1166
1151 1145 1139 1133
1152 1157 1162 1167
1152 1146 1140 1134
1153 1158 1163 1168
1153 1147 1141 1135
1154 1159 1164 1169
1154 1148 1142 1136
1155 1160 1165 1170
1155 1150 1144 1138
1156 1161 1166 1171
1156 1151 1145 1139
1157 1162 1167 1172
1157 1152 1146 1140
1158 1163 1168 1173
1158 1153 1147 1141
1159 1164 1169 1174
1159 1154 1148 1142
1160 1165 1170 1175
1160 1155 1150 1144
1161 1166 1171 1176
1161 1156 1151 1145
1162 1167 1172 1177
1162 1157 1152 1146
1163 1168 1173 1178
1163 1158 1153 1147
1164 1169 1174 1179
1164 1159 1154 1148
1165 1170 1175 1180
1165 1160 1155 1150
1166 1171 1176 1181
1166 1161 1156 1151
1167 1172 1177 1182
1167 1162 1157 1152
1168 1173 1178 1183
1168 1163 1158 1153
1169 1174 1179 1184
1169 1164 1159 1154
1170 1175 1180 1185
1170 1165 1160 1155
1171 1176 1181 1186
1171 1166 1161 1156
1172 1177 1182 1187
1172 1167 1162 1157
1173 1178 1183 1188
1173 1168 1163 1158
1174 1179 1184 1189
1174 1169 1164 1159
1175 1180 1185 1190
1175 1170 1165 1160
1176 1181 1186 1191
1176 1171 1166 1161
1177 1182 1187 1192
1177 1172 1167 1162
1178 1183 1188 1193
1178 1173 1168 1163
1179 1184 1189 1194
1179 1174 1169 1164
1180 1185 1190 1195
1180 1175 1170 1165
1181 1186 1191 1196
1181 1176 1171 1166
1182 1187 1192 1197
1182 1177 1172 1167
1183 1188 1193 1198
1183 1178 1173 1168
1184 1189 1194 1199
1184 1179 1174 1169
1185 1190 1195 1200
1185 1180 1175 1170
1186 1191 1196 1201
1186 1181 1176 1171
1187 1192 1197 1202
1187 1182 1177 1172
1188 1193 1198 1203
1188 1183 1178 1173
1189 1194 1199 1204
1189 1184 1179 1174
1190 1195 1200 1205
1190 1185 1180 1175
1191 1196 1201 1206
1191 1186 1181 1176
1192 1197 1202 1207
1192 1187 1182 1177
1193 1198 1203 1208
1193 1188 1183 1178
1194 1199 1204 1209
1194 1189 1184 1179
1195 1200 1205 1210
1195 1190 1185 1180
1196 1201 1206 1211
1196 1191 1186 1181
1197 1202 1207 1212
1197 1192 1187 1182
1198 1203 1208 1213
1198 1193 1188 1183
1199 1204 1209 1214
1199 1194 1189 1184
1200 1205 1210 1215
1200 1195 1190 1185
1201 1206 1211 1216
1201 1196 1191 1186
1202 1207 1212 1217
1202 1197 1192 1187
1203 1208 1213 1218
1203 1198 1193 1188
1204 1209 1214 1219
1204 1199 1194 1189
1205 1210 1215 1220
1205 1200 1195 1190
1206 1211 1216 1221
1206 1201 1196 1191
1207 1212 1217 1222
1207 1202 1197 1192
1208 1213 1218 1223
1208 1203 1198 1193
1209 1214 1219 1224
1209 1204 1199 1194
1210 1215 1220 1225
1210 1205 1200 1195
1211 1216 1221 1226
1211 1206 1201 1196
1212 1217 1222 1227
1212 1207 1202 1197
1213 1218 1223 1228
1213 1208 1203 1198
1214 1219 1224 1229
1214 1209 1204 1199
1215 1220 1225 1230
1215 1210 1205 1200
1216 1221 1226 1231
1216 1211 1206 1201
1217 1222 1227 1232
1217 1212 1207 1202
1218 1223 1228 1233
1218 1213 1208 1203
1219 1224 1229 1234
1219 1214 1209 1204
1220 1225 1230 1235
1220 1215 1210 1205
1221 1226 1231 1236
1221 1216 1211 1206
1222 1227 1232 1237
1222 1217 1212 1207
1223 1228 1233 1238
1223 1218 1213 1208
1224 1229 1234 1239
1224 1219 1214 1209
1225 1230 1235 1240
1225 1220 1215 1210
1226 1231 1236 1241
1226 1221 1216 1211
1227 1232 1237 1242
1227 1222 1217 1212
1228 1233 1238 1243
1228 1223 1218 1213
1229 1234 1239 1244
1229 1224 1219 1214
1230 1235 1240 1245
1230 1225 1220 1215
1231 1236 1241 1246
1231 1226 1221 1216
1232 1237 1242 1247
1232 1227 1222 1217
1233 1238 1243 1248
1233 1228 1223 1218
1234 1239 1244 1249
1234 1229 1224 1219
1235 1240 1245 1250
1235 1230 1225 1220
1236 1241 1246 1251
1236 1231 1226 1221
1237 1242 1247 1252
1237 1232 1227 1222
1238 1243 1248 1253
1238 1233 1228 1223
1239 1244 1249 1254
1239 1234 1229 1224
1240 1245 1250 1255
1240 1235 1230 1225
1241 1246 1251 1256
1241 1236 1231 1226
1242 1247 1252 1257
1242 1237 1232 1227
1243 1248 1253 1258
1243 1238 1233 1228
1244 1249 1254 1259
1244 1239 1234 1229
1245 1250 1255 1260
1245 1240 1235 1230
1246 1251 1256 1261
1246 1241 1236 1231
1247 1252 1257 1262
1247 1242 1237 1232
1248 1253 1258 1263
1248 1243 1238 1233
1249 1254 1259 1264
1249 1244 1239 1234
1250 1255 1260 1265
1250 1245 1240 1235
1251 1256 1261 1266
1251 1246 1241 1236
1252 1257 1262 1267
1252 1247 1242 1237
1253 1258 1263 1268
1253 1248 1243 1238
1254 1259 1264 1269
1254 1249 1244 1239
1255 1260 1265 1270
1255 1250 1245 1240
1256 1261 1266 1271
1256 1251 1246 1241
1257 1262 1267 1272
1257 1252 1247 1242
1258 1263 1268 1273
1258 1253 1248 1243
1259 1264 1269 1274
1259 1254 1249 1244
1260 1265 1270 1275
1260 1255 1250 1245
1261 1266 1271 1276
1261 1256 1251 1246
1262 1267 1272 1277
1262 1257 1252 1247
1263 1268 1273 1278
1263 1258 1253 1248
1264 1269 1274 1279
1264 1259 1254 1249
1265 1270 1275 1280
1265 1260 1255 1250
1266 1271 1276 1281
1266 1261 1256 1251
1267 1272 1277 1282
1267 1262 1257 1252
1268 1273 1278 1283
1268 1263 1258 1253
1269 1274 1279 1284
1269 1264 1259 1254
1270 1275 1280 1285
1270 1265 1260 1255
1271 1276 1281 1286
1271 1266 1261 1256
1272 1277 1282 1287
1272 1267 1262 1257
1273 1278 1283 1288
1273 1268 1263 1258
1274 1279 1284 1289
1274 1269 1264 1259
1275 1280 1285 1290
1275 1270 1265 1260
1276 1281 1286 1291
1276 1271 1266 1261
1277 1282 1287 1292
1277 1272 1267 1262
1278 1283 1288 1293
1278 1273 1268 1263
1279 1284 1289 1294
1279 1274 1269 1264
1280 1285 1290 1295
1280 1275 1270 1265
1281 1286 1291 1296
1281 1276 1271 1266
1282 1287 1292 1297
1282 1277 1272 1267
1283 1288 1293 1298
1283 1278 1273 1268
1284 1289 1294 1299
1284 1279 1274 1269
1285 1290 1295 1300
1285 1280 1275 1270
1286 1291 1296 1301
1286 1281 1276 1271
1287 1292 1297 1302
1287 1282 1277 1272
1288 1293 1298 1303
1288 1283 1278 1273
1289 1294 1299 1304
1289 1284 1279 1274
1290 1295 1300 1305
1290 1285 1280 1275
1291 1296 1301 1306
1291 1286 1281 1276
1292 1297 1302 1307
1292 1287 1282 1277
1293 1298 1303 1308
1293 1288 1283 1278
1294 1299 1304 1309
1294 1289 1284 1279
1295 1300 1305 1310
1295 1290 1285 1280
1296 1301 1306 1311
1296 1291 1286 1281
1297 1302 1307 1312
1297 1292 1287 1282
1298 1303 1308 1313
1298 1293 1288 1283
1299 1304 1309 1314
1299 1294 1289 1284
1300 1305 1310 1315
1300 1295 1290 1285
1301 1306 1311 1316
1301 1296 1291 1286
1302 1307 1312 1317
1302 1297 1292 1287
1303 1308 1313 1318
1303 1298 1293 1288
1304 1309 1314 1319
1304 1299 1294 1289
1305 1310 1315 1320
1305 1300 1295 1290
1306 1311 1316 1321
1306 1301 1296 1291
1307 1312 1317 1322
1307 1302 1297 1292
1308 1313 1318 1323
1308 1303 1298 1293
1309 1314 1319 1324
1309 1304 1299 1294
1310 1315 1320 1325
1310 1305 1300 1295
1311 1316 1321 1326
1311 1306 1301 1296
1312 1317 1322 1327
1312 1307 1302 1297
1313 1318 1323 1328
1313 1308 1303 1298
1314 1319 1324 1329
1314 1309 1304 1299
1315 1320 1325 1330
1315 1310 1305 1300
1316 1321 1326 1331
1316 1311 1306 1301
1317 1322 1327 1332
1317 1312 1307 1302
1318 1323 1328 1333
1318 1313 1308 1303
1319 1324 1329 1334
1319 1314 1309 1304
1320 1325 1330 1335
1320 1315 1310 1305
1321 1326 1331 1336
1321 1316 1311 1306
1322 1327 1332 1337
1322 1317 1312 1307
1323 1328 1333 1338
1323 1318 1313 1308
1324 1329 1334 1339
1324 1319 1314 1309
1325 1330 1335 1340
1325 1320 1315 1310
1326 1331 1336 1341
1326 1321 1316 1311
1327 1332 1337 1342
1327 1322 1317 1312
1328 1333 1338 1343
1328 1323 1318 1313
1329 1334 1339 1344
1329 1324 1319 1314
1330 1335 1340 1345
1330 1325 1320 1315
1331 1336 1341 1346
1331 1326 1321 1316
1332 1337 1342 1347
1332 1327 1322 1317
1333 1338 1343 1348
1333 1328 1323 1318
1334 1339 1344 1349
1334 1329 1324 1319
1335 1340 1345 1350
1335 1330 1325 1320
1336 1341 1346 1351
1336 1331 1326 1321
1337 1342 1347 1352
1337 1332 1327 1322
1338 1343 1348 1353
1338 1333 1328 1323
1339 1344 1349 1354
1339 1334 1329 1324
1340 1345 1350 1355
1340 1335 1330 1325
1341 1346 1351 1356
1341 1336 1331 1326
1342 1347 1352 1357
1342 1337 1332 1327
1343 1348 1353 1358
1343 1338 1333 1328
1344 1349 1354 1359
1344 1339 1334 1329
1345 1350 1355 1360
1345 1340 1335 1330
1346 1351 1356 1361
1346 1341 1336 1331
1347 1352 1357 1362
1347 1342 1337 1332
1348 1353 1358 1363
1348 1343 1338 1333
1349 1354 1359 1364
1349 1344 1339 1334
1350 1355 1360 1365
1350 1345 1340 1335
1351 1356 1361 1366
1351 1346 1341 1336
1352 1357 1362 1367
1352 1347 1342 1337
1353 1358 1363 1368
1353 1348 1343 1338
1354 1359 1364 1369
1354 1349 1344 1339
1355 1360 1365 1370
1355 1350 1345 1340
1356 1361 1366 1371
1356 1351 1346 1341
1357 1362 1367 1372
1357 1352 1347 1342
1358 1363 1368 1373
1358 1353 1348 1343
1359 1364 1369 1374
1359 1354 1349 1344
1360 1365 1370 1375
1360 1355 1350 1345
1361 1366 1371 1376
1361 1356 1351 1346
1362 1367 1372 1377
1362 1357 1352 1347
1363 1368 1373 1378
1363 1358 1353 1348
1364 1369 1374 1379
1364 1359 1354 1349
1365 1370 1375 1380
1365 1360 1355 1350
1366 1371 1376 1381
1366 1361 1356 1351
1367 1372 1377 1382
1367 1362 1357 1352
1368 1373 1378 1383
1368 1363 1358 1353
1369 1374 1379 1384
1369 1364 1359 1354
1370 1375 1380 1385
1370 1365 1360 1355
1371 1376 1381 1386
1371 1366 1361 1356
1372 1377 1382 1387
1372 1367 1362 1357
1373 1378 1383 1388
1373 1368 1363 1358
1374 1379 1384 1389
1374 1369 1364 1359
1375 1380 1385 1390
1375 1370 1365 1360
1376 1381 1386 1391
1376 1371 1366 1361
1377 1382 1387 1392
1377 1372 1367 1362
1378 1383 1388 1393
1378 1373 1368 1363
1379 1384 1389 1394
1379 1374 1369 1364
1380 1385 1390 1395
1380 1375 1370 1365
1381 1386 1391 1396
1381 1376 1371 1366
1382 1387 1392 1397
1382 1377 1372 1367
1383 1388 1393 1398
1383 1378 1373 1368
1384 1389 1394 1399
1384 1379 1374 1369
1385 1390 1395 1400
1385 1380 1375 1370
1386 1391 1396 1401
1386 1381 1376 1371
1387 1392 1397 1402
1387 1382 1377 1372
1388 1393 1398 1403
1388 1383 1378 1373
1389 1394 1399 1404
1389 1384 1379 1374
1390 1395 1400 1405
1390 1385 1380 1375
1391 1396 1401 1406
1391 1386 1381 1376
1392 1397 1402 1407
1392 1387 1382 1377
1393 1398 1403 1408
1393 1388 1383 1378
1394 1399 1404 1409
1394 1389 1384 1379
1395 1400 1405 1410
1395 1390 1385 1380
1396 1401 1406 1411
1396 1391 1386 1381
1397 1402 1407 1412
1397 1392 1387 1382
1398 1403 1408 1413
1398 1393 1388 1383
1399 1404 1409 1414
1399 1394 1389 1384
1400 1405 1410 1415
1400 1395 1390 1385
1401 1406 1411 1416
1401 1396 1391 1386
1402 1407 1412 1417
1402 1397 1392 1387
1403 1408 1413 1418
1403 1398 1393 1388
1404 1409 1414 1419
1404 1399 1394 1389
1405 1410 1415 1420
1405 1400 1395 1390
1406 1411 1416 1421
1406 1401 1396 1391
1407 1412 1417 1422
1407 1402 1397 1392
1408 1413 1418 1423
1408 1403 1398 1393
1409 1414 1419 1424
1409 1404 1399 1394
1410 1415 1420 1425
1410 1405 1400 1395
1411 1416 1421 1426
1411 1406 1401 1396
1412 1417 1422 1427
1412 1407 1402 1397
1413 1418 1423 1428
1413 1408 1403 1398
1414 1419 1424 1429
1414 1409 1404 1399
1415 1420 1425 1430
1415 1410 1405 1400
1416 1421 1426 1431
1416 1411 1406 1401
1417 1422 1427 1432
1417 1412 1407 1402
1418 1423 1428 1433
1418 1413 1408 1403
1419 1424 1429 1434
1419 1414 1409 1404
1420 1425 1430 1435
1420 1415 1410 1405
1421 1426 1431 1436
1421 1416 1411 1406
1422 1427 1432 1437
1422 1417 1412 1407
1423 1428 1433 1438
1423 1418 1413 1408
1424 1429 1434 1439
1424 1419 1414 1409
1425 1430 1435 1440
1425 1420 1415 1410
1426 1431 1436 1441
1426 1421 1416 1411
1427 1432 1437 1442
1427 1422 1417 1412
1428 1433 1438 1443
1428 1423 1418 1413
1429 1434 1439 1444
1429 1424 1419 1414
1430 1435 1440 1445
1430 1425 1420 1415
1431 1436 1441 1446
1431 1426 1421 1416
1432 1437 1442 1447
1432 1427 1422 1417
1433 1438 1443 1448
1433 1428 1423 1418
1434 1439 1444 1449
1434 1429 1424 1419
1435 1440 1445 1450
1435 1430 1425 1420
1436 1441 1446 1451
1436 1431 1426 1421
1437 1442 1447 1452
1437 1432 1427 1422
1438 1443 1448 1453
1438 1433 1428 1423
1439 1444 1449 1454
1439 1434 1429 1424
1440 1445 1450 1455
1440 1435 1430 1425
1441 1446 1451 1456
1441 1436 1431 1426
1442 1447 1452 1457
1442 1437 1432 1427
1443 1448 1453 1458
1443 1438 1433 1428
1444 1449 1454 1459
1444 1439 1434 1429
1445 1450 1455 1460
1445 1440 1435 1430
1446 1451 1456 1461
1446 1441 1436 1431
1447 1452 1457 1462
1447 1442 1437 1432
1448 1453 1458 1463
1448 1443 1438 1433
1449 1454 1459 1464
1449 1444 1439 1434
1450 1455 1460 1465
1450 1445 1440 1435
1451 1456 1461 1466
1451 1446 1441 1436
1452 1457 1462 1467
1452 1447 1442 1437
1453 1458 1463 1468
1453 1448 1443 1438
1454 1459 1464 1469
1454 1449 1444 1439
1455 1460 1465 1470
1455 1450 1445 1440
1456 1461 1466 1471
1456 1451 1446 1441
1457 1462 1467 1472
1457 1452 1447 1442
1458 1463 1468 1473
1458 1453 1448 1443
1459 1464 1469 1474
1459 1454 1449 1444
1460 1465 1470 1475
1460 1455 1450 1445
1461 1466 1471 1476
1461 1456 1451 1446
1462 1467 1472 1477
1462 1457 1452 1447
1463 1468 1473 1478
1463 1458 1453 1448
1464 1469 1474 1479
1464 1459 1454 1449
1465 1470 1475 1480
1465 1460 1455 1450
1466 1471 1476 1481
1466 1461 1456 1451
1467 1472 1477 1482
1467 1462 1457 1452
1468 1473 1478 1483
1468 1463 1458 1453
1469 1474 1479 1484
1469 1464 1459 1454
1470 1475 1480 1485
1470 1465 1460 1455
1471 1476 1481 1486
1471 1466 1461 1456
1472 1477 1482 1487
1472 1467 1462 1457
1473 1478 1483 1488
1473 1468 1463 1458
1474 1479 1484 1489
1474 1469 1464 1459
1475 1480 1485 1490
1475 1470 1465 1460
1476 1481 1486 1491
1476 1471 1466 1461
1477 1482 1487 1492
1477 1472 1467 1462
1478 1483 1488 1493
1478 1473 1468 1463
1479 1484 1489 1494
1479 1474 1469 1464
1480 1485 1490 1495
1480 1475 1470 1465
1481 1486 1491 1496
1481 1476 1471 1466
1482 1487 1492 1497
1482 1477 1472 1467
1483 1488 1493 1498
1483 1478 1473 1468
1484 1489 1494 1499
1484 1479 1474 1469
1485 1490 1495 1500
1485 1480 1475 1470
1486 1491 1496 1501
1486 1481 1476 1471
1487 1492 1497 1502
1487 1482 1477 1472
1488 1493 1498 1503
1488 1483 1478 1473
1489 1494 1499 1504
1489 1484 1479 1474
1490 1495 1500 1505
1490 1485 1480 1475
1491 1496 1501 1506
1491 1486 1481 1476
1492 1497 1502 1507
1492 1487 1482 1477
1493 1498 1503 1508
1493 1488 1483 1478
1494 1499 1504 1509
1494 1489 1484 1479
1495 1500 1505 1510
1495 1490 1485 1480
1496 1501 1506 1511
1496 1491 1486 1481
1497 1502 1507 1512
1497 1492 1487 1482
1498 1503 1508 1513
1498 1493 1488 1483
1499 1504 1509 1514
1499 1494 1489 1484
1500 1505 1510 1515
1500 1495 1490 1485
1501 1506 1511 1516
1501 1496 1491 1486
1502 1507 1512 1517
1502 1497 1492 1487
1503 1508 1513 1518
1503 1498 1493 1488
1504 1509 1514 1519
1504 1499 1494 1489
1505 1510 1515 1520
1505 1500 1495 1490
1506 1511 1516 1521
1506 1501 1496 1491
1507 1512 1517 1522
1507 1502 1497 1492
1508 1513 1518 1523
1508 1503 1498 1493
1509 1514 1519 1524
1509 1504 1499 1494
1510 1515 1520 1525
1510 1505 1500 1495
1511 1516 1521 1526
1511 1506 1501 1496
1512 1517 1522 1527
1512 1507 1502 1497
1513 1518 1523 1528
1513 1508 1503 1498
1514 1519 1524 1529
1514 1509 1504 1499
1515 1520 1525 1530
1515 1510 1505 1500
1516 1521 1526 1531
1516 1511 1506 1501
1517 1522 1527 1532
1517 1512 1507 1502
1518 1523 1528 1533
1518 1513 1508 1503
1519 1524 1529 1534
1519 1514 1509 1504
1520 1525 1530 1535
1520 1515 1510 1505
1521 1526 1531 1536
1521 1516 1511 1506
1522 1527 1532 1537
1522 1517 1512 1507
1523 1528 1533 1538
1523 1518 1513 1508
1524 1529 1534 1539
1524 1519 1514 1509
1525 1530 1535 1540
1525 1520 1515 1510
1526 1531 1536 1541
1526 1521 1516 1511
1527 1532 1537 1542
1527 1522 1517 1512
1528 1533 1538 1543
1528 1523 1518 1513
1529 1534 1539 1544
1529 1524 1519 1514
1530 1535 1540 1545
1530 1525 1520 1515
1531 1536 1541 1546
1531 1526 1521 1516
1532 1537 1542 1547
1532 1527 1522 1517
1533 1538 1543 1548
1533 1528 1523 1518
1534 1539 1544 1549
1534 1529 1524 1519
1535 1540 1545 1550
1535 1530 1525 1520
1536 1541 1546 1551
1536 1531 1526 1521
1537 1542 1547 1553
1537 1532 1527 1522
1538 1543 1548 1554
1538 1533 1528 1523
1539 1544 1549 1555
1539 1534 1529 1524
1540 1545 1550 1556
1540 1535 1530 1525
1541 1546 1551 1557
1541 1536 1531 1526
1542 1547 1553 1552
1542 1537 1532 1527
1543 1548 1554 1559
1543 1538 1533 1528
1544 1549 1555 1560
1544 1539 1534 1529
1545 1550 1556 1561
1545 1540 1535 1530
1546 1551 1557 1562
1546 1541 1536 1531
1547 1553 1552 1558
1547 1542 1537 1532
1548 1554 1559 1564
1548 1543 1538 1533
1549 1555 1560 1565
1549 1544 1539 1534
1550 1556 1561 1566
1550 1545 1540 1535
1551 1557 1562 1567
1551 1546 1541 1536
1552 1558 1563 1568
1552 1553 1547 1542
1553 1552 1558 1563
1553 1547 1542 1537
1554 1559 1564 1569
1554 1548 1543 1538
1555 1560 1565 1570
1555 1549 1544 1539
1556 1561 1566 1571
1556 1550 1545 1540
1557 1562 1567 1572
1557 1551 1546 1541
1558 1563 1568 1573
1558 1552 1553 1547
1559 1564 1569 1574
1559 1554 1548 1543
1560 1565 1570 1575
1560 1555 1549 1544
1561 1566 1571 1576
1561 1556 1550 1545
1562 1567 1572 1577
1562 1557 1551 1546
1563 1568 1573 1578
1563 1558 1552 1553
1564 1569 1574 1579
1564 1559 1554 1548
1565 1570 1575 1580
1565 1560 1555 1549
1566 1571 1576 1581
1566 1561 1556 1550
1567 1572 1577 1582
1567 1562 1557 1551
1568 1573 1578 1583
1568 1563 1558 1552
1569 1574 1579 1584
1569 1564 1559 1554
1570 1575 1580 1585
1570 1565 1560 1555
1571 1576 1581 1586
1571 1566 1561 1556
1572 1577 1582 1587
1572 1567 1562 1557
1573 1578 1583 1588
1573 1568 1563 1558
1574 1579 1584 1589
1574 1569 1564 1559
1575 1580 1585 1590
1575 1570 1565 1560
1576 1581 1586 1591
1576 1571 1566 1561
1577 1582 1587 1592
1577 1572 1567 1562
1578 1583 1588 1593
1578 1573 1568 1563
1579 1584 1589 1594
1579 1574 1569 1564
1580 1585 1590 1595
1580 1575 1570 1565
1581 1586 1591 1596
1581 1576 1571 1566
1582 1587 1592 1597
1582 1577 1572 1567
1583 1588 1593 1598
1583 1578 1573 1568
1584 1589 1594 1599
1584 1579 1574 1569
1585 1590 1595 1600
1585 1580 1575 1570
1586 1591 1596 1601
1586 1581 1576 1571
1587 1592 1597 1602
1587 1582 1577 1572
1588 1593 1598 1603
1588 1583 1578 1573
1589 1594 1599 1604
1589 1584 1579 1574
1590 1595 1600 1605
1590 1585 1580 1575
1591 1596 1601 1606
1591 1586 1581 1576
1592 1597 1602 1607
1592 1587 1582 1577
1593 1598 1603 1608
1593 1588 1583 1578
1594 1599 1604 1609
1594 1589 1584 1579
1595 1600 1605 1610
1595 1590 1585 1580
1596 1601 1606 1611
1596 1591 1586 1581
1597 1602 1607 1612
1597 1592 1587 1582
1598 1603 1608 1613
1598 1593 1588 1583
1599 1604 1609 1614
1599 1594 1589 1584
1600 1605 1610 1615
1600 1595 1590 1585
1601 1606 1611 1616
1601 1596 1591 1586
1602 1607 1612 1617
1602 1597 1592 1587
1603 1608 1613 1618
1603 1598 1593 1588
1604 1609 1614 1619
1604 1599 1594 1589
1605 1610 1615 1620
1605 1600 1595 1590
1606 1611 1616 1621
1606 1601 1596 1591
1607 1612 1617 1622
1607 1602 1597 1592
1608 1613 1618 1623
1608 1603 1598 1593
1609 1614 1619 1624
1609 1604 1599 1594
1610 1615 1620 1625
1610 1605 1600 1595
1611 1616 1621 1627
1611 1606 1601 1596
1612 1617 1622 1628
1612 1607 1602 1597
1613 1618 1623 1629
1613 1608 1603 1598
1614 1619 1624 1630
1614 1609 1604 1599
1615 1620 1625 1626
1615 1610 1605 1600
1616 1621 1627 1632
1616 1611 1606 1601
1617 1622 1628 1633
1617 1612 1607 1602
1618 1623 1629 1635
1618 1613 1608 1603
1619 1624 1630 1636
1619 1614 1609 1604
1620 1625 1626 1631
1620 1615 1610 1605
1621 1627 1632 1638
1621 1616 1611 1606
1622 1628 1633 1634
1622 1617 1612 1607
1623 1629 1635 1640
1623 1618 1613 1608
1624 1630 1636 1641
1624 1619 1614 1609
1625 1626 1631 1637
1625 1620 1615 1610
1626 1631 1637 1642
1626 1625 1620 1615
1627 1632 1638 1643
1627 1621 1616 1611
1628 1633 1634 1639
1628 1622 1617 1612
1629 1635 1640 1645
1629 1623 1618 1613
1630 1636 1641 1646
1630 1624 1619 1614
1631 1637 1642 1647
1631 1626 1625 1620
1632 1638 1643 1648
1632 1627 1621 1616
1633 1634 1639 1644
1633 1628 1622 1617
1634 1639 1644 1649
1634 1633 1628 1622
1635 1640 1645 1651
1635 1629 1623 1618
1636 1641 1646 1652
1636 1630 1624 1619
1637 1642 1647 1653
1637 1631 1626 1625
1638 1643 1648 1654
1638 1632 1627 1621
1639 1644 1649 1650
1639 1634 1633 1628
1640 1645 1651 1656
1640 1635 1629 1623
1641 1646 1652 1657
1641 1636 1630 1624
1642 1647 1653 1658
1642 1637 1631 1626
1643 1648 1654 1659
1643 1638 1632 1627
1644 1649 1650 1655
1644 1639 1634 1633
1645 1651 1656 1661
1645 1640 1635 1629
1646 1652 1657 1662
1646 1641 1636 1630
1647 1653 1658 1663
1647 1642 1637 1631
1648 1654 1659 1664
1648 1643 1638 1632
1649 1650 1655 1660
1649 1644 1639 1634
1650 1655 1660 1665
1650 1649 1644 1639
1651 1656 1661 1667
1651 1645 1640 1635
1652 1657 1662 1668
1652 1646 1641 1636
1653 1658 1663 1669
1653 1647 1642 1637
1654 1659 1664 1670
1654 1648 1643 1638
1655 1660 1665 1666
1655 1650 1649 1644
1656 1661 1667 1673
1656 1651 1645 1640
1657 1662 1668 1674
1657 1652 1646 1641
1658 1663 1669 1675
1658 1653 1647 1642
1659 1664 1670 1676
1659 1654 1648 1643
1660 1665 1666 1671
1660 1655 1650 1649
1661 1667 1673 1672
1661 1656 1651 1645
1662 1668 1674 1679
1662 1657 1652 1646
1663 1669 1675 1680
1663 1658 1653 1647
1664 1670 1676 1681
1664 1659 1654 1648
1665 1666 1671 1677
1665 1660 1655 1650
1666 1671 1677 1682
1666 1665 1660 1655
1667 1673 1672 1678
1667 1661 1656 1651
1668 1674 1679 1685
1668 1662 1657 1652
1669 1675 1680 1686
1669 1663 1658 1653
1670 1676 1681 1687
1670 1664 1659 1654
1671 1677 1682 1683
1671 1666 1665 1660
1672 1678 1684 1690
1672 1673 1667 1661
1673 1672 1678 1684
1673 1667 1661 1656
1674 1679 1685 1691
1674 1668 1662 1657
1675 1680 1686 1692
1675 1669 1663 1658
1676 1681 1687 1693
1676 1670 1664 1659
1677 1682 1683 1688
1677 1671 1666 1665
1678 1684 1690 1689
1678 1672 1673 1667
1679 1685 1691 1697
1679 1674 1668 1662
1680 1686 1692 1698
1680 1675 1669 1663
1681 1687 1693 1699
1681 1676 1670 1664
1682 1683 1688 1694
1682 1677 1671 1666
1683 1688 1694 1695
1683 1682 1677 1671
1684 1690 1689 1696
1684 1678 1672 1673
1685 1691 1697 1703
1685 1679 1674 1668
1686 1692 1698 1704
1686 1680 1675 1669
1687 1693 1699 1705
1687 1681 1676 1670
1688 1694 1695 1700
1688 1683 1682 1677
1689 1696 1702 1701
1689 1690 1684 1678
1690 1689 1696 1702
1690 1684 1678 1672
1691 1697 1703 1708
1691 1685 1679 1674
1692 1698 1704 1709
1692 1686 1680 1675
1693 1699 1705 1710
1693 1687 1681 1676
1694 1695 1700 1706
1694 1688 1683 1682
1695 1700 1706 1711
1695 1694 1688 1683
1696 1702 1701 1707
1696 1689 1690 1684
1697 1703 1708 1714
1697 1691 1685 1679
1698 1704 1709 1715
1698 1692 1686 1680
1699 1705 1710 1716
1699 1693 1687 1681
1700 1706 1711 1717
1700 1695 1694 1688
1701 1707 1713 1712
1701 1702 1696 1689
1702 1701 1707 1713
1702 1696 1689 1690
1703 1708 1714 1720
1703 1697 1691 1685
1704 1709 1715 1721
1704 1698 1692 1686
1705 1710 1716 1722
1705 1699 1693 1687
1706 1711 1717 1718
1706 1700 1695 1694
1707 1713 1712 1719
1707 1701 1702 1696
1708 1714 1720 1726
1708 1703 1697 1691
1709 1715 1721 1727
1709 1704 1698 1692
1710 1716 1722 1728
1710 1705 1699 1693
1711 1717 1718 1723
1711 1706 1700 1695
1712 1719 1725 1724
1712 1713 1707 1701
1713 1712 1719 1725
1713 1707 1701 1702
1714 1720 1726 1733
1714 1708 1703 1697
1715 1721 1727 1734
1715 1709 1704 1698
1716 1722 1728 1735
1716 1710 1705 1699
1717 1718 1723 1729
1717 1711 1706 1700
1718 1723 1729 1730
1718 1717 1711 1706
1719 1725 1724 1732
1719 1712 1713 1707
1720 1726 1733 1739
1720 1714 1708 1703
1721 1727 1734 1740
1721 1715 1709 1704
1722 1728 1735 1741
1722 1716 1710 1705
1723 1729 1730 1736
1723 1718 1717 1711
1724 1732 1731 1738
1724 1725 1719 1712
1725 1724 1732 1731
1725 1719 1712 1713
1726 1733 1739 1745
1726 1720 1714 1708
1727 1734 1740 1746
1727 1721 1715 1709
1728 1735 1741 1748
1728 1722 1716 1710
1729 1730 1736 1737
1729 1723 1718 1717
1730 1736 1737 1742
1730 1729 1723 1718
1731 1738 1744 1752
1731 1732 1724 1725
1732 1731 1738 1744
1732 1724 1725 1719
1733 1739 1745 1753
1733 1726 1720 1714
1734 1740 1746 1754
1734 1727 1721 1715
1735 1741 1748 1756
1735 1728 1722 1716
1736 1737 1742 1743
1736 1730 1729 1723
1737 1742 1743 1749
1737 1736 1730 1729
1738 1744 1752 1751
1738 1731 1732 1724
1739 1745 1753 1763
1739 1733 1726 1720
1740 1746 1754 1764
1740 1734 1727 1721
1741 1748 1756 1766
1741 1735 1728 1722
1742 1743 1749 1750
1742 1737 1736 1730
1743 1749 1750 1757
1743 1742 1737 1736
1744 1752 1751 1762
1744 1738 1731 1732
1745 1753 1763 1767
1745 1739 1733 1726
1746 1754 1764 1768
1746 1740 1734 1727
1747 1755 1765 1769
1748 1756 1766 1770
1748 1741 1735 1728
1749 1750 1757 1758
1749 1743 1742 1737
1750 1757 1758 1759
1750 1749 1743 1742
1751 1762 1761 1760
1751 1752 1744 1738
1752 1751 1762 1761
1752 1744 1738 1731
1753 1763 1767 1771
1753 1745 1739 1733
1754 1764 1768 1772
1754 1746 1740 1734
1755 1765 1769 1773
1756 1766 1770 1774
1756 1748 1741 1735
1757 1758 1759 1760
1757 1750 1749 1743
1758 1759 1760 1761
1758 1757 1750 1749
1759 1760 1761 1762
1759 1758 1757 1750
1760 1759 1758 1757
1760 1761 1762 1751
1761 1760 1759 1758
1761 1762 1751 1752
1762 1761 1760 1759
1762 1751 1752 1744
1763 1767 1771 1775
1763 1753 1745 1739
1764 1768 1772 1776
1764 1754 1746 1740
1765 1769 1773 1777
1765 1755 1747 -1
1766 1770 1774 1778
1766 1756 1748 1741
1767 1771 1775 1779
1767 1763 1753 1745
1768 1772 1776 1780
1768 1764 1754 1746
1769 1773 1777 1781
1769 1765 1755 1747
1770 1774 1778 1782
1770 1766 1756 1748
1771 1775 1779 1783
1771 1767 1763 1753
1772 1776 1780 1784
1772 1768 1764 1754
1773 1777 1781 1785
1773 1769 1765 1755
1774 1778 1782 1786
1774 1770 1766 1756
1775 1779 1783 1787
1775 1771 1767 1763
1776 1780 1784 1788
1776 1772 1768 1764
1777 1781 1785 1789
1777 1773 1769 1765
1778 1782 1786 1790
1778 1774 1770 1766
1779 1783 1787 1791
1779 1775 1771 1767
1780 1784 1788 1792
1780 1776 1772 1768
1781 1785 1789 1793
1781 1777 1773 1769
1782 1786 1790 1794
1782 1778 1774 1770
1783 1787 1791 1795
1783 1779 1775 1771
1784 1788 1792 1796
1784 1780 1776 1772
1785 1789 1793 1797
1785 1781 1777 1773
1786 1790 1794 1799
1786 1782 1778 1774
1787 1791 1795 1800
1787 1783 1779 1775
1788 1792 1796 1801
1788 1784 1780 1776
1789 1793 1797 1798
1789 1785 1781 1777
1790 1794 1799 1803
1790 1786 1782 1778
1791 1795 1800 1804
1791 1787 1783 1779
1792 1796 1801 1805
1792 1788 1784 1780
1793 1797 1798 1802
1793 1789 1785 1781
1794 1799 1803 1807
1794 1790 1786 1782
1795 1800 1804 1808
1795 1791 1787 1783
1796 1801 1805 1809
1796 1792 1788 1784
1797 1798 1802 1806
1797 1793 1789 1785
1798 1802 1806 1810
1798 1797 1793 1789
1799 1803 1807 1812
1799 1794 1790 1786
1800 1804 1808 1813
1800 1795 1791 1787
1801 1805 1809 1814
1801 1796 1792 1788
1802 1806 1810 1811
1802 1798 1797 1793
1803 1807 1812 1816
1803 1799 1794 1790
1804 1808 1813 1817
1804 1800 1795 1791
1805 1809 1814 1818
1805 1801 1796 1792
1806 1810 1811 1815
1806 1802 1798 1797
1807 1812 1816 1820
1807 1803 1799 1794
1808 1813 1817 1821
1808 1804 1800 1795
1809 1814 1818 1822
1809 1805 1801 1796
1810 1811 1815 1819
1810 1806 1802 1798
1811 1815 1819 1823
1811 1810 1806 1802
1812 1816 1820 1824
1812 1807 1803 1799
1813 1817 1821 1825
1813 1808 1804 1800
1814 1818 1822 1826
1814 1809 1805 1801
1815 1819 1823 1827
1815 1811 1810 1806
1816 1820 1824 1828
1816 1812 1807 1803
1817 1821 1825 1829
1817 1813 1808 1804
1818 1822 1826 1830
1818 1814 1809 1805
1819 1823 1827 1831
1819 1815 1811 1810
1820 1824 1828 1832
1820 1816 1812 1807
1821 1825 1829 1833
1821 1817 1813 1808
1822 1826 1830 1834
1822 1818 1814 1809
1823 1827 1831 1835
1823 1819 1815 1811
1824 1828 1832 1836
1824 1820 1816 1812
1825 1829 1833 1837
1825 1821 1817 1813
1826 1830 1834 1838
1826 1822 1818 1814
1827 1831 1835 1839
1827 1823 1819 1815
1828 1832 1836 1840
1828 1824 1820 1816
1829 1833 1837 1841
1829 1825 1821 1817
1830 1834 1838 1842
1830 1826 1822 1818
1831 1835 1839 1843
1831 1827 1823 1819
1832 1836 1840 1845
1832 1828 1824 1820
1833 1837 1841 1846
1833 1829 1825 1821
1834 1838 1842 1847
1834 1830 1826 1822
1835 1839 1843 1844
1835 1831 1827 1823
1836 1840 1845 1849
1836 1832 1828 1824
1837 1841 1846 1850
1837 1833 1829 1825
1838 1842 1847 1851
1838 1834 1830 1826
1839 1843 1844 1848
1839 1835 1831 1827
1840 1845 1849 1853
1840 1836 1832 1828
1841 1846 1850 1854
1841 1837 1833 1829
1842 1847 1851 1855
1842 1838 1834 1830
1843 1844 1848 1852
1843 1839 1835 1831
1844 1848 1852 1856
1844 1843 1839 1835
1845 1849 1853 1857
1845 1840 1836 1832
1846 1850 1854 1858
1846 1841 1837 1833
1847 1851 1855 1859
1847 1842 1838 1834
1848 1852 1856 1860
1848 1844 1843 1839
1849 1853 1857 1861
1849 1845 1840 1836
1850 1854 1858 1862
1850 1846 1841 1837
1851 1855 1859 1863
1851 1847 1842 1838
1852 1856 1860 1864
1852 1848 1844 1843
1853 1857 1861 1866
1853 1849 1845 1840
1854 1858 1862 1867
1854 1850 1846 1841
1855 1859 1863 1868
1855 1851 1847 1842
1856 1860 1864 1865
1856 1852 1848 1844
1857 1861 1866 1870
1857 1853 1849 1845
1858 1862 1867 1871
1858 1854 1850 1846
1859 1863 1868 1872
1859 1855 1851 1847
1860 1864 1865 1869
1860 1856 1852 1848
1861 1866 1870 1874
1861 1857 1853 1849
1862 1867 1871 1875
1862 1858 1854 1850
1863 1868 1872 1876
1863 1859 1855 1851
1864 1865 1869 1873
1864 1860 1856 1852
1865 1869 1873 1877
1865 1864 1860 1856
1866 1870 1874 1878
1866 1861 1857 1853
1867 1871 1875 1879
1867 1862 1858 1854
1868 1872 1876 1880
1868 1863 1859 1855
1869 1873 1877 1881
1869 1865 1864 1860
1870 1874 1878 1882
1870 1866 1861 1857
1871 1875 1879 1883
1871 1867 1862 1858
1872 1876 1880 1884
1872 1868 1863 1859
1873 1877 1881 1885
1873 1869 1865 1864
1874 1878 1882 1886
1874 1870 1866 1861
1875 1879 1883 1887
1875 1871 1867 1862
1876 1880 1884 1888
1876 1872 1868 1863
1877 1881 1885 1889
1877 1873 1869 1865
1878 1882 1886 1890
1878 1874 1870 1866
1879 1883 1887 1891
1879 1875 1871 1867
1880 1884 1888 1892
1880 1876 1872 1868
1881 1885 1889 1893
1881 1877 1873 1869
1882 1886 1890 1895
1882 1878 1874 1870
1883 1887 1891 1896
1883 1879 1875 1871
1884 1888 1892 1897
1884 1880 1876 1872
1885 1889 1893 1894
1885 1881 1877 1873
1886 1890 1895 1899
1886 1882 1878 1874
1887 1891 1896 1900
1887 1883 1879 1875
1888 1892 1897 1901
1888 1884 1880 1876
1889 1893 1894 1898
1889 1885 1881 1877
1890 1895 1899 1903
1890 1886 1882 1878
1891 1896 1900 1904
1891 1887 1883 1879
1892 1897 1901 1905
1892 1888 1884 1880
1893 1894 1898 1902
1893 1889 1885 1881
1894 1898 1902 1906
1894 1893 1889 1885
1895 1899 1903 1907
1895 1890 1886 1882
1896 1900 1904 1908
1896 1891 1887 1883
1897 1901 1905 1909
1897 1892 1888 1884
1898 1902 1906 1910
1898 1894 1893 1889
1899 1903 1907 1911
1899 1895 1890 1886
1900 1904 1908 1912
1900 1896 1891 1887
1901 1905 1909 1913
1901 1897 1892 1888
1902 1906 1910 1914
1902 1898 1894 1893
1903 1907 1911 1915
1903 1899 1895 1890
1904 1908 1912 1916
1904 1900 1896 1891
1905 1909 1913 1917
1905 1901 1897 1892
1906 1910 1914 1918
1906 1902 1898 1894
1907 1911 1915 1919
1907 1903 1899 1895
1908 1912 1916 1920
1908 1904 1900 1896
1909 1913 1917 1921
1909 1905 1901 1897
1910 1914 1918 1922
1910 1906 1902 1898
1911 1915 1919 1923
1911 1907 1903 1899
1912 1916 1920 1924
1912 1908 1904 1900
1913 1917 1921 1925
1913 1909 1905 1901
1914 1918 1922 1926
1914 1910 1906 1902
1915 1919 1923 1927
1915 1911 1907 1903
1916 1920 1924 1928
1916 1912 1908 1904
1917 1921 1925 1929
1917 1913 1909 1905
1918 1922 1926 1930
1918 1914 1910 1906
1919 1923 1927 1932
1919 1915 1911 1907
1920 1924 1928 1933
1920 1916 1912 1908
1921 1925 1929 1934
1921 1917 1913 1909
1922 1926 1930 1931
1922 1918 1914 1910
1923 1927 1932 1936
1923 1919 1915 1911
1924 1928 1933 1937
1924 1920 1916 1912
1925 1929 1934 1938
1925 1921 1917 1913
1926 1930 1931 1935
1926 1922 1918 1914
1927 1932 1936 1941
1927 1923 1919 1915
1928 1933 1937 1942
1928 1924 1920 1916
1929 1934 1938 1943
1929 1925 1921 1917
1930 1931 1935 1939
1930 1926 1922 1918
1931 1935 1939 1940
1931 1930 1926 1922
1932 1936 1941 1945
1932 1927 1923 1919
1933 1937 1942 1946
1933 1928 1924 1920
1934 1938 1943 1947
1934 1929 1925 1921
1935 1939 1940 1944
1935 1931 1930 1926
1936 1941 1945 1951
1936 1932 1927 1923
1937 1942 1946 1952
1937 1933 1928 1924
1938 1943 1947 1948
1938 1934 1929 1925
1939 1940 1944 1949
1939 1935 1931 1930
1940 1944 1949 1950
1940 1939 1935 1931
1941 1945 1951 1955
1941 1936 1932 1927
1942 1946 1952 1956
1942 1937 1933 1928
1943 1947 1948 1953
1943 1938 1934 1929
1944 1949 1950 1954
1944 1940 1939 1935
1945 1951 1955 1960
1945 1941 1936 1932
1946 1952 1956 1961
1946 1942 1937 1933
1947 1948 1953 1957
1947 1943 1938 1934
1948 1953 1957 1962
1948 1947 1943 1938
1949 1950 1954 1958
1949 1944 1940 1939
1950 1954 1958 1959
1950 1949 1944 1940
1951 1955 1960 1964
1951 1945 1941 1936
1952 1956 1961 1965
1952 1946 1942 1937
1953 1957 1962 1966
1953 1948 1947 1943
1954 1958 1959 1963
1954 1950 1949 1944
1955 1960 1964 1969
1955 1951 1945 1941
1956 1961 1965 1970
1956 1952 1946 1942
1957 1962 1966 1971
1957 1953 1948 1947
1958 1959 1963 1967
1958 1954 1950 1949
1959 1963 1967 1968
1959 1958 1954 1950
1960 1964 1969 1973
1960 1955 1951 1945
1961 1965 1970 1974
1961 1956 1952 1946
1962 1966 1971 1975
1962 1957 1953 1948
1963 1967 1968 1972
1963 1959 1958 1954
1964 1969 1973 1978
1964 1960 1955 1951
1965 1970 1974 1979
1965 1961 1956 1952
1966 1971 1975 1980
1966 1962 1957 1953
1967 1968 1972 1976
1967 1963 1959 1958
1968 1972 1976 1977
1968 1967 1963 1959
1969 1973 1978 1982
1969 1964 1960 1955
1970 1974 1979 1983
1970 1965 1961 1956
1971 1975 1980 1984
1971 1966 1962 1957
1972 1976 1977 1981
1972 1968 1967 1963
1973 1978 1982 1987
1973 1969 1964 1960
1974 1979 1983 1988
1974 1970 1965 1961
1975 1980 1984 1989
1975 1971 1966 1962
1976 1977 1981 1985
1976 1972 1968 1967
1977 1981 1985 1986
1977 1976 1972 1968
1978 1982 1987 1991
1978 1973 1969 1964
1979 1983 1988 1992
1979 1974 1970 1965
1980 1984 1989 1993
1980 1975 1971 1966
1981 1985 1986 1990
1981 1977 1976 1972
1982 1987 1991 1996
1982 1978 1973 1969
1983 1988 1992 1997
1983 1979 1974 1970
1984 1989 1993 1998
1984 1980 1975 1971
1985 1986 1990 1994
1985 1981 1977 1976
1986 1990 1994 1995
1986 1985 1981 1977
1987 1991 1996 2000
1987 1982 1978 1973
1988 1992 1997 2001
1988 1983 1979 1974
1989 1993 1998 2002
1989 1984 1980 1975
1990 1994 1995 1999
1990 1986 1985 1981
1991 1996 2000 2005
1991 1987 1982 1978
1992 1997 2001 2006
1992 1988 1983 1979
1993 1998 2002 2007
1993 1989 1984 1980
1994 1995 1999 2003
1994 1990 1986 1985
1995 1999 2003 2004
1995 1994 1990 1986
1996 2000 2005 2010
1996 1991 1987 1982
1997 2001 2006 2011
1997 1992 1988 1983
1998 2002 2007 2008
1998 1993 1989 1984
1999 2003 2004 2009
1999 1995 1994 1990
2000 2005 2010 2015
2000 1996 1991 1987
2001 2006 2011 2016
2001 1997 1992 1988
2002 2007 2008 2012
2002 1998 1993 1989
2003 2004 2009 2013
2003 1999 1995 1994
2004 2009 2013 2014
2004 2003 1999 1995
2005 2010 2015 2019
2005 2000 1996 1991
2006 2011 2016 2020
2006 2001 1997 1992
2007 2008 2012 2017
2007 2002 1998 1993
2008 2012 2017 2021
2008 2007 2002 1998
2009 2013 2014 2018
2009 2004 2003 1999
2010 2015 2019 2023
2010 2005 2000 1996
2011 2016 2020 2024
2011 2006 2001 1997
2012 2017 2021 2025
2012 2008 2007 2002
2013 2014 2018 2022
2013 2009 2004 2003
2014 2018 2022 2026
2014 2013 2009 2004
2015 2019 2023 2027
2015 2010 2005 2000
2016 2020 2024 2028
2016 2011 2006 2001
2017 2021 2025 2029
2017 2012 2008 2007
2018 2022 2026 2030
2018 2014 2013 2009
2019 2023 2027 2031
2019 2015 2010 2005
2020 2024 2028 2032
2020 2016 2011 2006
2021 2025 2029 2033
2021 2017 2012 2008
2022 2026 2030 2034
2022 2018 2014 2013
2023 2027 2031 2036
2023 2019 2015 2010
2024 2028 2032 2037
2024 2020 2016 2011
2025 2029 2033 2038
2025 2021 2017 2012
2026 2030 2034 2035
2026 2022 2018 2014
2027 2031 2036 2040
2027 2023 2019 2015
2028 2032 2037 2041
2028 2024 2020 2016
2029 2033 2038 2042
2029 2025 2021 2017
2030 2034 2035 2039
2030 2026 2022 2018
2031 2036 2040 2046
2031 2027 2023 2019
2032 2037 2041 2047
2032 2028 2024 2020
2033 2038 2042 2043
2033 2029 2025 2021
2034 2035 2039 2044
2034 2030 2026 2022
2035 2039 2044 2045
2035 2034 2030 2026
2036 2040 2046 2050
2036 2031 2027 2023
2037 2041 2047 2051
2037 2032 2028 2024
2038 2042 2043 2048
2038 2033 2029 2025
2039 2044 2045 2049
2039 2035 2034 2030
2040 2046 2050 2054
2040 2036 2031 2027
2041 2047 2051 2055
2041 2037 2032 2028
2042 2043 2048 2052
2042 2038 2033 2029
2043 2048 2052 2056
2043 2042 2038 2033
2044 2045 2049 2053
2044 2039 2035 2034
2045 2049 2053 2057
2045 2044 2039 2035
2046 2050 2054 2058
2046 2040 2036 2031
2047 2051 2055 2059
2047 2041 2037 2032
2048 2052 2056 2060
2048 2043 2042 2038
2049 2053 2057 2061
2049 2045 2044 2039
2050 2054 2058 2062
2050 2046 2040 2036
2051 2055 2059 2063
2051 2047 2041 2037
2052 2056 2060 2064
2052 2048 2043 2042
2053 2057 2061 2066
2053 2049 2045 2044
2054 2058 2062 2067
2054 2050 2046 2040
2055 2059 2063 2068
2055 2051 2047 2041
2056 2060 2064 2065
2056 2052 2048 2043
2057 2061 2066 2071
2057 2053 2049 2045
2058 2062 2067 2072
2058 2054 2050 2046
2059 2063 2068 2073
2059 2055 2051 2047
2060 2064 2065 2069
2060 2056 2052 2048
2061 2066 2071 2070
2061 2057 2053 2049
2062 2067 2072 2077
2062 2058 2054 2050
2063 2068 2073 2078
2063 2059 2055 2051
2064 2065 2069 2074
2064 2060 2056 2052
2065 2069 2074 2075
2065 2064 2060 2056
2066 2071 2070 2076
2066 2061 2057 2053
2067 2072 2077 2082
2067 2062 2058 2054
2068 2073 2078 2083
2068 2063 2059 2055
2069 2074 2075 2079
2069 2065 2064 2060
2070 2076 2081 2080
2070 2071 2066 2061
2071 2070 2076 2081
2071 2066 2061 2057
2072 2077 2082 2088
2072 2067 2062 2058
2073 2078 2083 2090
2073 2068 2063 2059
2074 2075 2079 2084
2074 2069 2065 2064
2075 2079 2084 2085
2075 2074 2069 2065
2076 2081 2080 2087
2076 2070 2071 2066
2077 2082 2088 2089
2077 2072 2067 2062
2078 2083 2090 2096
2078 2073 2068 2063
2079 2084 2085 2091
2079 2075 2074 2069
2080 2087 2086 2093
2080 2081 2076 2070
2081 2080 2087 2086
2081 2076 2070 2071
2082 2088 2089 2094
2082 2077 2072 2067
2083 2090 2096 2103
2083 2078 2073 2068
2084 2085 2091 2097
2084 2079 2075 2074
2085 2091 2097 2098
2085 2084 2079 2075
2086 2093 2092 2100
2086 2087 2080 2081
2087 2086 2093 2092
2087 2080 2081 2076
2088 2089 2094 2095
2088 2082 2077 2072
2089 2094 2095 2101
2089 2088 2082 2077
2090 2096 2103 2108
2090 2083 2078 2073
2091 2097 2098 2104
2091 2085 2084 2079
2092 2100 2099 2105
2092 2093 2086 2087
2093 2092 2100 2099
2093 2086 2087 2080
2094 2095 2101 2102
2094 2089 2088 2082
2095 2101 2102 2106
2095 2094 2089 2088
2096 2103 2108 2115
2096 2090 2083 2078
2097 2098 2104 2109
2097 2091 2085 2084
2098 2104 2109 2110
2098 2097 2091 2085
2099 2105 2112 2111
2099 2100 2092 2093
2100 2099 2105 2112
2100 2092 2093 2086
2101 2102 2106 2107
2101 2095 2094 2089
2102 2106 2107 2113
2102 2101 2095 2094
2103 2108 2115 2120
2103 2096 2090 2083
2104 2109 2110 2116
2104 2098 2097 2091
2105 2112 2111 2117
2105 2099 2100 2092
2106 2107 2113 2114
2106 2102 2101 2095
2107 2113 2114 2118
2107 2106 2102 2101
2108 2115 2120 2126
2108 2103 2096 2090
2109 2110 2116 2121
2109 2104 2098 2097
2110 2116 2121 2122
2110 2109 2104 2098
2111 2117 2123 -1
2111 2112 2105 2099
2112 2111 2117 2123
2112 2105 2099 2100
2113 2114 2118 2119
2113 2107 2106 2102
2114 2118 2119 2124
2114 2113 2107 2106
2115 2120 2126 2130
2115 2108 2103 2096
2116 2121 2122 2127
2116 2110 2109 2104
2117 2111 2112 2105
2118 2119 2124 2125
2118 2114 2113 2107
2119 2124 2125 2128
2119 2118 2114 2113
2120 2126 2130 2134
2120 2115 2108 2103
2121 2122 2127 2131
2121 2116 2110 2109
2122 2127 2131 2132
2122 2121 2116 2110
2123 2117 2111 2112
2124 2125 2128 2129
2124 2119 2118 2114
2125 2128 2129 2133
2125 2124 2119 2118
2126 2130 2134 2138
2126 2120 2115 2108
2127 2131 2132 2135
2127 2122 2121 2116
2128 2129 2133 2136
2128 2125 2124 2119
2129 2133 2136 2137
2129 2128 2125 2124
2130 2134 2138 2144
2130 2126 2120 2115
2131 2132 2135 2139
2131 2127 2122 2121
2132 2135 2139 2140
2132 2131 2127 2122
2133 2136 2137 2141
2133 2129 2128 2125
2134 2138 2144 2149
2134 2130 2126 2120
2135 2139 2140 2145
2135 2132 2131 2127
2136 2137 2141 2142
2136 2133 2129 2128
2137 2141 2142 2143
2137 2136 2133 2129
2138 2144 2149 2153
2138 2134 2130 2126
2139 2140 2145 2146
2139 2135 2132 2131
2140 2145 2146 2150
2140 2139 2135 2132
2141 2142 2143 2147
2141 2137 2136 2133
2142 2143 2147 2148
2142 2141 2137 2136
2143 2147 2148 2151
2143 2142 2141 2137
2144 2149 2153 2157
2144 2138 2134 2130
2145 2146 2150 2154
2145 2140 2139 2135
2146 2150 2154 2155
2146 2145 2140 2139
2147 2148 2151 2152
2147 2143 2142 2141
2148 2151 2152 2156
2148 2147 2143 2142
2149 2153 2157 2161
2149 2144 2138 2134
2150 2154 2155 2158
2150 2146 2145 2140
2151 2152 2156 2160
2151 2148 2147 2143
2152 2156 2160 2164
2152 2151 2148 2147
2153 2157 2161 2166
2153 2149 2144 2138
2154 2155 2158 2159
2154 2150 2146 2145
2155 2158 2159 2162
2155 2154 2150 2146
2156 2160 2164 2165
2156 2152 2151 2148
2157 2161 2166 2170
2157 2153 2149 2144
2158 2159 2162 2163
2158 2155 2154 2150
2159 2162 2163 2167
2159 2158 2155 2154
2160 2164 2165 2168
2160 2156 2152 2151
2161 2166 2170 2175
2161 2157 2153 2149
2162 2163 2167 2171
2162 2159 2158 2155
2163 2167 2171 2172
2163 2162 2159 2158
2164 2165 2168 2169
2164 2160 2156 2152
2165 2168 2169 2173
2165 2164 2160 2156
2166 2170 2175 2180
2166 2161 2157 2153
2167 2171 2172 2176
2167 2163 2162 2159
2168 2169 2173 2174
2168 2165 2164 2160
2169 2173 2174 2178
2169 2168 2165 2164
2170 2175 2180 2185
2170 2166 2161 2157
2171 2172 2176 2177
2171 2167 2163 2162
2172 2176 2177 2181
2172 2171 2167 2163
2173 2174 2178 2179
2173 2169 2168 2165
2174 2178 2179 2183
2174 2173 2169 2168
2175 2180 2185 2190
2175 2170 2166 2161
2176 2177 2181 2182
2176 2172 2171 2167
2177 2181 2182 2186
2177 2176 2172 2171
2178 2179 2183 2184
2178 2174 2173 2169
2179 2183 2184 2188
2179 2178 2174 2173
2180 2185 2190 2195
2180 2175 2170 2166
2181 2182 2186 2187
2181 2177 2176 2172
2182 2186 2187 2191
2182 2181 2177 2176
2183 2184 2188 2189
2183 2179 2178 2174
2184 2188 2189 2193
2184 2183 2179 2178
2185 2190 2195 2200
2185 2180 2175 2170
2186 2187 2191 2192
2186 2182 2181 2177
2187 2191 2192 2196
2187 2186 2182 2181
2188 2189 2193 2194
2188 2184 2183 2179
2189 2193 2194 2198
2189 2188 2184 2183
2190 2195 2200 2205
2190 2185 2180 2175
2191 2192 2196 2197
2191 2187 2186 2182
2192 2196 2197 2201
2192 2191 2187 2186
2193 2194 2198 2199
2193 2189 2188 2184
2194 2198 2199 2203
2194 2193 2189 2188
2195 2200 2205 2210
2195 2190 2185 2180
2196 2197 2201 2202
2196 2192 2191 2187
2197 2201 2202 2206
2197 2196 2192 2191
2198 2199 2203 2204
2198 2194 2193 2189
2199 2203 2204 2208
2199 2198 2194 2193
2200 2205 2210 2216
2200 2195 2190 2185
2201 2202 2206 2207
2201 2197 2196 2192
2202 2206 2207 2211
2202 2201 2197 2196
2203 2204 2208 2209
2203 2199 2198 2194
2204 2208 2209 2214
2204 2203 2199 2198
2205 2210 2216 2221
2205 2200 2195 2190
2206 2207 2211 2212
2206 2202 2201 2197
2207 2211 2212 2213
2207 2206 2202 2201
2208 2209 2214 2215
2208 2204 2203 2199
2209 2214 2215 2219
2209 2208 2204 2203
2210 2216 2221 2226
2210 2205 2200 2195
2211 2212 2213 2217
2211 2207 2206 2202
2212 2213 2217 2218
2212 2211 2207 2206
2213 2217 2218 2222
2213 2212 2211 2207
2214 2215 2219 2220
2214 2209 2208 2204
2215 2219 2220 2224
2215 2214 2209 2208
2216 2221 2226 2231
2216 2210 2205 2200
2217 2218 2222 2223
2217 2213 2212 2211
2218 2222 2223 2227
2218 2217 2213 2212
2219 2220 2224 2225
2219 2215 2214 2209
2220 2224 2225 2229
2220 2219 2215 2214
2221 2226 2231 2237
2221 2216 2210 2205
2222 2223 2227 2228
2222 2218 2217 2213
2223 2227 2228 2232
2223 2222 2218 2217
2224 2225 2229 2230
2224 2220 2219 2215
2225 2229 2230 2235
2225 2224 2220 2219
2226 2231 2237 2243
2226 2221 2216 2210
2227 2228 2232 2233
2227 2223 2222 2218
2228 2232 2233 2234
2228 2227 2223 2222
2229 2230 2235 2236
2229 2225 2224 2220
2230 2235 2236 2241
2230 2229 2225 2224
2231 2237 2243 2248
2231 2226 2221 2216
2232 2233 2234 2238
2232 2228 2227 2223
2233 2234 2238 2239
2233 2232 2228 2227
2234 2238 2239 2240
2234 2233 2232 2228
2235 2236 2241 2242
2235 2230 2229 2225
2236 2241 2242 2246
2236 2235 2230 2229
2237 2243 2248 2254
2237 2231 2226 2221
2238 2239 2240 2244
2238 2234 2233 2232
2239 2240 2244 2245
2239 2238 2234 2233
2240 2244 2245 2249
2240 2239 2238 2234
2241 2242 2246 2247
2241 2236 2235 2230
2242 2246 2247 2252
2242 2241 2236 2235
2243 2248 2254 2260
2243 2237 2231 2226
2244 2245 2249 2250
2244 2240 2239 2238
2245 2249 2250 2251
2245 2244 2240 2239
2246 2247 2252 2253
2246 2242 2241 2236
2247 2252 2253 2258
2247 2246 2242 2241
2248 2254 2260 2266
2248 2243 2237 2231
2249 2250 2251 2255
2249 2245 2244 2240
2250 2251 2255 2256
2250 2249 2245 2244
2251 2255 2256 2257
2251 2250 2249 2245
2252 2253 2258 2259
2252 2247 2246 2242
2253 2258 2259 2264
2253 2252 2247 2246
2254 2260 2266 2272
2254 2248 2243 2237
2255 2256 2257 2261
2255 2251 2250 2249
2256 2257 2261 2262
2256 2255 2251 2250
2257 2261 2262 2263
2257 2256 2255 2251
2258 2259 2264 2265
2258 2253 2252 2247
2259 2264 2265 2270
2259 2258 2253 2252
2260 2266 2272 2278
2260 2254 2248 2243
2261 2262 2263 2267
2261 2257 2256 2255
2262 2263 2267 2268
2262 2261 2257 2256
2263 2267 2268 2269
2263 2262 2261 2257
2264 2265 2270 2271
2264 2259 2258 2253
2265 2270 2271 2276
2265 2264 2259 2258
2266 2272 2278 2284
2266 2260 2254 2248
2267 2268 2269 2273
2267 2263 2262 2261
2268 2269 2273 2274
2268 2267 2263 2262
2269 2273 2274 2275
2269 2268 2267 2263
2270 2271 2276 2277
2270 2265 2264 2259
2271 2276 2277 2282
2271 2270 2265 2264
2272 2278 2284 2290
2272 2266 2260 2254
2273 2274 2275 2279
2273 2269 2268 2267
2274 2275 2279 2280
2274 2273 2269 2268
2275 2279 2280 2281
2275 2274 2273 2269
2276 2277 2282 2283
2276 2271 2270 2265
2277 2282 2283 2288
2277 2276 2271 2270
2278 2284 2290 2296
2278 2272 2266 2260
2279 2280 2281 2285
2279 2275 2274 2273
2280 2281 2285 2286
2280 2279 2275 2274
2281 2285 2286 2287
2281 2280 2279 2275
2282 2283 2288 2289
2282 2277 2276 2271
2283 2288 2289 2294
2283 2282 2277 2276
2284 2290 2296 2302
2284 2278 2272 2266
2285 2286 2287 2291
2285 2281 2280 2279
2286 2287 2291 2292
2286 2285 2281 2280
2287 2291 2292 2293
2287 2286 2285 2281
2288 2289 2294 2295
2288 2283 2282 2277
2289 2294 2295 2300
2289 2288 2283 2282
2290 2296 2302 2308
2290 2284 2278 2272
2291 2292 2293 2297
2291 2287 2286 2285
2292 2293 2297 2298
2292 2291 2287 2286
2293 2297 2298 2299
2293 2292 2291 2287
2294 2295 2300 2301
2294 2289 2288 2283
2295 2300 2301 2306
2295 2294 2289 2288
2296 2302 2308 2314
2296 2290 2284 2278
2297 2298 2299 2303
2297 2293 2292 2291
2298 2299 2303 2304
2298 2297 2293 2292
2299 2303 2304 2305
2299 2298 2297 2293
2300 2301 2306 2307
2300 2295 2294 2289
2301 2306 2307 2312
2301 2300 2295 2294
2302 2308 2314 2320
2302 2296 2290 2284
2303 2304 2305 2309
2303 2299 2298 2297
2304 2305 2309 2310
2304 2303 2299 2298
2305 2309 2310 2311
2305 2304 2303 2299
2306 2307 2312 2313
2306 2301 2300 2295
2307 2312 2313 2319
2307 2306 2301 2300
2308 2314 2320 2326
2308 2302 2296 2290
2309 2310 2311 2315
2309 2305 2304 2303
2310 2311 2315 2316
2310 2309 2305 2304
2311 2315 2316 2317
2311 2310 2309 2305
2312 2313 2319 2325
2312 2307 2306 2301
2313 2319 2325 -1
2313 2312 2307 2306
2314 2320 2326 2331
2314 2308 2302 2296
2315 2316 2317 2318
2315 2311 2310 2309
2316 2317 2318 2321
2316 2315 2311 2310
2317 2318 2321 2322
2317 2316 2315 2311
2318 2321 2322 2323
2318 2317 2316 2315
2319 2313 2312 2307
2320 2326 2331 2336
2320 2314 2308 2302
2321 2322 2323 2324
2321 2318 2317 2316
2322 2323 2324 2327
2322 2321 2318 2317
2323 2324 2327 2328
2323 2322 2321 2318
2324 2327 2328 2329
2324 2323 2322 2321
2325 2319 2313 2312
2326 2331 2336 2352
2326 2320 2314 2308
2327 2328 2329 2330
2327 2324 2323 2322
2328 2329 2330 2332
2328 2327 2324 2323
2329 2330 2332 2333
2329 2328 2327 2324
2330 2332 2333 2334
2330 2329 2328 2327
2331 2336 2352 2388
2331 2326 2320 2314
2332 2333 2334 2335
2332 2330 2329 2328
2333 2334 2335 2337
2333 2332 2330 2329
2334 2335 2337 2338
2334 2333 2332 2330
2335 2337 2338 2339
2335 2334 2333 2332
2336 2352 2388 2387
2336 2331 2326 2320
2337 2338 2339 2340
2337 2335 2334 2333
2338 2339 2340 2341
2338 2337 2335 2334
2339 2340 2341 2342
2339 2338 2337 2335
2340 2341 2342 2343
2340 2339 2338 2337
2341 2342 2343 2344
2341 2340 2339 2338
2342 2343 2344 2345
2342 2341 2340 2339
2343 2344 2345 2346
2343 2342 2341 2340
2344 2345 2346 2347
2344 2343 2342 2341
2345 2346 2347 2348
2345 2344 2343 2342
2346 2347 2348 2349
2346 2345 2344 2343
2347 2348 2349 2350
2347 2346 2345 2344
2348 2349 2350 2351
2348 2347 2346 2345
2349 2350 2351 2353
2349 2348 2347 2346
2350 2351 2353 2354
2350 2349 2348 2347
2351 2353 2354 2355
2351 2350 2349 2348
2352 2388 2387 2437
2352 2336 2331 2326
2353 2354 2355 2356
2353 2351 2350 2349
2354 2355 2356 2357
2354 2353 2351 2350
2355 2356 2357 2358
2355 2354 2353 2351
2356 2357 2358 2359
2356 2355 2354 2353
2357 2358 2359 2360
2357 2356 2355 2354
2358 2359 2360 2361
2358 2357 2356 2355
2359 2360 2361 2362
2359 2358 2357 2356
2360 2361 2362 2363
2360 2359 2358 2357
2361 2362 2363 2364
2361 2360 2359 2358
2362 2363 2364 2365
2362 2361 2360 2359
2363 2364 2365 2366
2363 2362 2361 2360
2364 2365 2366 2367
2364 2363 2362 2361
2365 2366 2367 2368
2365 2364 2363 2362
2366 2367 2368 2369
2366 2365 2364 2363
2367 2368 2369 2370
2367 2366 2365 2364
2368 2369 2370 2371
2368 2367 2366 2365
2369 2370 2371 2372
2369 2368 2367 2366
2370 2371 2372 2373
2370 2369 2368 2367
2371 2372 2373 2374
2371 2370 2369 2368
2372 2373 2374 2375
2372 2371 2370 2369
2373 2374 2375 2376
2373 2372 2371 2370
2374 2375 2376 2377
2374 2373 2372 2371
2375 2376 2377 2378
2375 2374 2373 2372
2376 2377 2378 2379
2376 2375 2374 2373
2377 2378 2379 2380
2377 2376 2375 2374
2378 2379 2380 2381
2378 2377 2376 2375
2379 2380 2381 2382
2379 2378 2377 2376
2380 2381 2382 2383
2380 2379 2378 2377
2381 2382 2383 2384
2381 2380 2379 2378
2382 2383 2384 2385
2382 2381 2380 2379
2383 2384 2385 2386
2383 2382 2381 2380
2384 2385 2386 2389
2384 2383 2382 2381
2385 2386 2389 2390
2385 2384 2383 2382
2386 2389 2390 2391
2386 2385 2384 2383
2387 2437 2436 2435
2387 2388 2352 2336
2388 2387 2437 2436
2388 2352 2336 2331
2389 2390 2391 2392
2389 2386 2385 2384
2390 2391 2392 2393
2390 2389 2386 2385
2391 2392 2393 2394
2391 2390 2389 2386
2392 2393 2394 2395
2392 2391 2390 2389
2393 2394 2395 2396
2393 2392 2391 2390
2394 2395 2396 2397
2394 2393 2392 2391
2395 2396 2397 2398
2395 2394 2393 2392
2396 2397 2398 2399
2396 2395 2394 2393
2397 2398 2399 2400
2397 2396 2395 2394
2398 2399 2400 2401
2398 2397 2396 2395
2399 2400 2401 2402
2399 2398 2397 2396
2400 2401 2402 2403
2400 2399 2398 2397
2401 2402 2403 2404
2401 2400 2399 2398
2402 2403 2404 2405
2402 2401 2400 2399
2403 2404 2405 2406
2403 2402 2401 2400
2404 2405 2406 2407
2404 2403 2402 2401
2405 2406 2407 2408
2405 2404 2403 2402
2406 2407 2408 2409
2406 2405 2404 2403
2407 2408 2409 2410
2407 2406 2405 2404
2408 2409 2410 2411
2408 2407 2406 2405
2409 2410 2411 2412
2409 2408 2407 2406
2410 2411 2412 2413
2410 2409 2408 2407
2411 2412 2413 2414
2411 2410 2409 2408
2412 2413 2414 2415
2412 2411 2410 2409
2413 2414 2415 2416
2413 2412 2411 2410
2414 2415 2416 2417
2414 2413 2412 2411
2415 2416 2417 2418
2415 2414 2413 2412
2416 2417 2418 2419
2416 2415 2414 2413
2417 2418 2419 2420
2417 2416 2415 2414
2418 2419 2420 2421
2418 2417 2416 2415
2419 2420 2421 2422
2419 2418 2417 2416
2420 2421 2422 2423
2420 2419 2418 2417
2421 2422 2423 2424
2421 2420 2419 2418
2422 2423 2424 2425
2422 2421 2420 2419
2423 2424 2425 2426
2423 2422 2421 2420
2424 2425 2426 2427
2424 2423 2422 2421
2425 2426 2427 2428
2425 2424 2423 2422
2426 2427 2428 2429
2426 2425 2424 2423
2427 2428 2429 2430
2427 2426 2425 2424
2428 2429 2430 2431
2428 2427 2426 2425
2429 2430 2431 2432
2429 2428 2427 2426
2430 2431 2432 2433
2430 2429 2428 2427
2431 2432 2433 2434
2431 2430 2429 2428
2432 2433 2434 2438
2432 2431 2430 2429
2433 2434 2438 2439
2433 2432 2431 2430
2434 2438 2439 2440
2434 2433 2432 2431
2435 2448 2447 2446
2435 2436 2437 2387
2436 2435 2448 2447
2436 2437 2387 2388
2437 2436 2435 2448
2437 2387 2388 2352
2438 2439 2440 2441
2438 2434 2433 2432
2439 2440 2441 2442
2439 2438 2434 2433
2440 2441 2442 2443
2440 2439 2438 2434
2441 2442 2443 2444
2441 2440 2439 2438
2442 2443 2444 2445
2442 2441 2440 2439
2443 2444 2445 2446
2443 2442 2441 2440
2444 2443 2442 2441
2444 2445 2446 2447
2445 2444 2443 2442
2445 2446 2447 2448
2446 2445 2444 2443
2446 2447 2448 2435
2447 2446 2445 2444
2447 2448 2435 2436
2448 2447 2446 2445
2448 2435 2436 2437
