0 14 13 12
0 1 2 3
1 0 14 13
1 2 3 4
2 1 0 14
2 3 4 5
3 2 1 0
3 4 5 6
4 3 2 1
4 5 6 7
5 6 7 15
5 4 3 2
6 7 15 16
6 5 4 3
7 15 16 24
7 6 5 4
8 23 22 21
8 9 10 11
9 8 23 22
9 10 11 12
10 9 8 23
10 11 12 13
11 10 9 8
11 12 13 14
12 11 10 9
12 13 14 0
13 12 11 10
13 14 0 1
14 13 12 11
14 0 1 2
15 16 24 25
15 7 6 5
16 24 25 35
16 15 7 6
17 34 33 32
17 18 19 20
18 17 34 33
18 19 20 21
19 18 17 34
19 20 21 22
20 19 18 17
20 21 22 23
21 20 19 18
21 22 23 8
22 21 20 19
22 23 8 9
23 22 21 20
23 8 9 10
24 25 35 36
24 16 15 7
25 35 36 43
25 24 16 15
26 42 41 40
26 27 28 29
27 26 42 41
27 28 29 30
28 27 26 42
28 29 30 31
29 28 27 26
29 30 31 32
30 29 28 27
30 31 32 33
31 30 29 28
31 32 33 34
32 31 30 29
32 33 34 17
33 32 31 30
33 34 17 18
34 33 32 31
34 17 18 19
35 36 43 44
35 25 24 16
36 43 44 53
36 35 25 24
37 52 51 50
37 38 39 40
38 37 52 51
38 39 40 41
39 38 37 52
39 40 41 42
40 39 38 37
40 41 42 26
41 40 39 38
41 42 26 27
42 41 40 39
42 26 27 28
43 44 53 54
43 36 35 25
44 53 54 62
44 43 36 35
45 61 60 59
45 46 47 48
46 45 61 60
46 47 48 49
47 46 45 61
47 48 49 50
48 47 46 45
48 49 50 51
49 48 47 46
49 50 51 52
50 49 48 47
50 51 52 37
51 50 49 48
51 52 37 38
52 51 50 49
52 37 38 39
53 54 62 63
53 44 43 36
54 62 63 72
54 53 44 43
55 71 70 69
55 56 57 58
56 55 71 70
56 57 58 59
57 56 55 71
57 58 59 60
58 57 56 55
58 59 60 61
59 58 57 56
59 60 61 45
60 59 58 57
60 61 45 46
61 60 59 58
61 45 46 47
62 63 72 73
62 54 53 44
63 72 73 79
63 62 54 53
64 78 77 76
64 65 66 67
65 64 78 77
65 66 67 68
66 65 64 78
66 67 68 69
67 66 65 64
67 68 69 70
68 67 66 65
68 69 70 71
69 68 67 66
69 70 71 55
70 69 68 67
70 71 55 56
71 70 69 68
71 55 56 57
72 73 79 80
72 63 62 54
73 79 80 85
73 72 63 62
74 84 83 82
74 75 76 77
75 74 84 83
75 76 77 78
76 75 74 84
76 77 78 64
77 76 75 74
77 78 64 65
78 77 76 75
78 64 65 66
79 80 85 86
79 73 72 63
80 85 86 91
80 79 73 72
81 90 89 88
81 82 83 84
82 81 90 89
82 83 84 74
83 82 81 90
83 84 74 75
84 83 82 81
84 74 75 76
85 86 91 96
85 80 79 73
86 91 96 97
86 85 80 79
87 95 94 93
87 88 89 90
88 87 95 94
88 89 90 81
89 88 87 95
89 90 81 82
90 89 88 87
90 81 82 83
91 96 97 102
91 86 85 80
92 101 100 99
92 93 94 95
93 92 101 100
93 94 95 87
94 93 92 101
94 95 87 88
95 94 93 92
95 87 88 89
96 97 102 103
96 91 86 85
97 102 103 108
97 96 91 86
98 107 106 105
98 99 100 101
99 98 107 106
99 100 101 92
100 99 98 107
100 101 92 93
101 100 99 98
101 92 93 94
102 103 108 109
102 97 96 91
103 108 109 113
103 102 97 96
104 112 111 110
104 105 106 107
105 104 112 111
105 106 107 98
106 105 104 112
106 107 98 99
107 106 105 104
107 98 99 100
108 109 113 114
108 103 102 97
109 113 114 119
109 108 103 102
110 118 117 116
110 111 112 104
111 110 118 117
111 112 104 105
112 111 110 118
112 104 105 106
113 114 119 120
113 109 108 103
114 119 120 124
114 113 109 108
115 123 122 121
115 116 117 118
116 115 123 122
116 117 118 110
117 116 115 123
117 118 110 111
118 117 116 115
118 110 111 112
119 120 124 125
119 114 113 109
120 124 125 129
120 119 114 113
121 128 127 126
121 122 123 115
122 121 128 127
122 123 115 116
123 122 121 128
123 115 116 117
124 125 129 130
124 120 119 114
125 129 130 134
125 124 120 119
126 133 132 131
126 127 128 121
127 126 133 132
127 128 121 122
128 127 126 133
128 121 122 123
129 130 134 135
129 125 124 120
130 134 135 139
130 129 125 124
131 138 137 136
131 132 133 126
132 131 138 137
132 133 126 127
133 132 131 138
133 126 127 128
134 135 139 140
134 130 129 125
135 139 140 144
135 134 130 129
136 143 142 141
136 137 138 131
137 136 143 142
137 138 131 132
138 137 136 143
138 131 132 133
139 140 144 148
139 135 134 130
140 144 148 152
140 139 135 134
141 147 146 145
141 142 143 136
142 141 147 146
142 143 136 137
143 142 141 147
143 136 137 138
144 148 152 153
144 140 139 135
145 151 150 149
145 146 147 141
146 145 151 150
146 147 141 142
147 146 145 151
147 141 142 143
148 152 153 157
148 144 140 139
149 156 155 154
149 150 151 145
150 149 156 155
150 151 145 146
151 150 149 156
151 145 146 147
152 153 157 158
152 148 144 140
153 157 158 162
153 152 148 144
154 161 160 159
154 155 156 149
155 154 161 160
155 156 149 150
156 155 154 161
156 149 150 151
157 158 162 163
157 153 152 148
158 162 163 167
158 157 153 152
159 166 165 164
159 160 161 154
160 159 166 165
160 161 154 155
161 160 159 166
161 154 155 156
162 163 167 168
162 158 157 153
163 167 168 172
163 162 158 157
164 171 170 169
164 165 166 159
165 164 171 170
165 166 159 160
166 165 164 171
166 159 160 161
167 168 172 173
167 163 162 158
168 172 173 178
168 167 163 162
169 177 176 175
169 170 171 164
170 169 177 176
170 171 164 165
171 170 169 177
171 164 165 166
172 173 178 179
172 168 167 163
173 178 179 184
173 172 168 167
174 183 182 181
174 175 176 177
175 174 183 182
175 176 177 169
176 175 174 183
176 177 169 170
177 176 175 174
177 169 170 171
178 179 184 185
178 173 172 168
179 184 185 190
179 178 173 172
180 189 188 187
180 181 182 183
181 180 189 188
181 182 183 174
182 181 180 189
182 183 174 175
183 182 181 180
183 174 175 176
184 185 190 191
184 179 178 173
185 190 191 195
185 184 179 178
186 194 193 192
186 187 188 189
187 186 194 193
187 188 189 180
188 187 186 194
188 189 180 181
189 188 187 186
189 180 181 182
190 191 195 196
190 185 184 179
191 195 196 200
191 190 185 184
192 199 198 197
192 193 194 186
193 192 199 198
193 194 186 187
194 193 192 199
194 186 187 188
195 196 200 204
195 191 190 185
196 200 204 205
196 195 191 190
197 203 202 201
197 198 199 192
198 197 203 202
198 199 192 193
199 198 197 203
199 192 193 194
200 204 205 209
200 196 195 191
201 208 207 206
201 202 203 197
202 201 208 207
202 203 197 198
203 202 201 208
203 197 198 199
204 205 209 210
204 200 196 195
205 209 210 215
205 204 200 196
206 214 213 212
206 207 208 201
207 206 214 213
207 208 201 202
208 207 206 214
208 201 202 203
209 210 215 216
209 205 204 200
210 215 216 220
210 209 205 204
211 219 218 217
211 212 213 214
212 211 219 218
212 213 214 206
213 212 211 219
213 214 206 207
214 213 212 211
214 206 207 208
215 216 220 221
215 210 209 205
216 220 221 225
216 215 210 209
217 224 223 222
217 218 219 211
218 217 224 223
218 219 211 212
219 218 217 224
219 211 212 213
220 221 225 226
220 216 215 210
221 225 226 230
221 220 216 215
222 229 228 227
222 223 224 217
223 222 229 228
223 224 217 218
224 223 222 229
224 217 218 219
225 226 230 231
225 221 220 216
226 230 231 235
226 225 221 220
227 234 233 232
227 228 229 222
228 227 234 233
228 229 222 223
229 228 227 234
229 222 223 224
230 231 235 236
230 226 225 221
231 235 236 240
231 230 226 225
232 239 238 237
232 233 234 227
233 232 239 238
233 234 227 228
234 233 232 239
234 227 228 229
235 236 240 241
235 231 230 226
236 240 241 245
236 235 231 230
237 244 243 242
237 238 239 232
238 237 244 243
238 239 232 233
239 238 237 244
239 232 233 234
240 241 245 246
240 236 235 231
241 245 246 250
241 240 236 235
242 249 248 247
242 243 244 237
243 242 249 248
243 244 237 238
244 243 242 249
244 237 238 239
245 246 250 251
245 241 240 236
246 250 251 255
246 245 241 240
247 254 253 252
247 248 249 242
248 247 254 253
248 249 242 243
249 248 247 254
249 242 243 244
250 251 255 259
250 246 245 241
251 255 259 260
251 250 246 245
252 258 257 256
252 253 254 247
253 252 258 257
253 254 247 248
254 253 252 258
254 247 248 249
255 259 260 264
255 251 250 246
256 263 262 261
256 257 258 252
257 256 263 262
257 258 252 253
258 257 256 263
258 252 253 254
259 260 264 265
259 255 251 250
260 264 265 269
260 259 255 251
261 268 267 266
261 262 263 256
262 261 268 267
262 263 256 257
263 262 261 268
263 256 257 258
264 265 269 270
264 260 259 255
265 269 270 274
265 264 260 259
266 273 272 271
266 267 268 261
267 266 273 272
267 268 261 262
268 267 266 273
268 261 262 263
269 270 274 275
269 265 264 260
270 274 275 279
270 269 265 264
271 278 277 276
271 272 273 266
272 271 278 277
272 273 266 267
273 272 271 278
273 266 267 268
274 275 279 280
274 270 269 265
275 279 280 284
275 274 270 269
276 283 282 281
276 277 278 271
277 276 283 282
277 278 271 272
278 277 276 283
278 271 272 273
279 280 284 285
279 275 274 270
280 284 285 290
280 279 275 274
281 289 288 287
281 282 283 276
282 281 289 288
282 283 276 277
283 282 281 289
283 276 277 278
284 285 290 291
284 280 279 275
285 290 291 295
285 284 280 279
286 294 293 292
286 287 288 289
287 286 294 293
287 288 289 281
288 287 286 294
288 289 281 282
289 288 287 286
289 281 282 283
290 291 295 296
290 285 284 280
291 295 296 300
291 290 285 284
292 299 298 297
292 293 294 286
293 292 299 298
293 294 286 287
294 293 292 299
294 286 287 288
295 296 300 301
295 291 290 285
296 300 301 305
296 295 291 290
297 304 303 302
297 298 299 292
298 297 304 303
298 299 292 293
299 298 297 304
299 292 293 294
300 301 305 309
300 296 295 291
301 305 309 310
301 300 296 295
302 308 307 306
302 303 304 297
303 302 308 307
303 304 297 298
304 303 302 308
304 297 298 299
305 309 310 314
305 301 300 296
306 313 312 311
306 307 308 302
307 306 313 312
307 308 302 303
308 307 306 313
308 302 303 304
309 310 314 315
309 305 301 300
310 314 315 319
310 309 305 301
311 318 317 316
311 312 313 306
312 311 318 317
312 313 306 307
313 312 311 318
313 306 307 308
314 315 319 320
314 310 309 305
315 319 320 324
315 314 310 309
316 323 322 321
316 317 318 311
317 316 323 322
317 318 311 312
318 317 316 323
318 311 312 313
319 320 324 325
319 315 314 310
320 324 325 329
320 319 315 314
321 328 327 326
321 322 323 316
322 321 328 327
322 323 316 317
323 322 321 328
323 316 317 318
324 325 329 330
324 320 319 315
325 329 330 333
325 324 320 319
326 332 331 337
326 327 328 321
327 326 332 331
327 328 321 322
328 327 326 332
328 321 322 323
329 330 333 334
329 325 324 320
330 333 334 338
330 329 325 324
331 337 336 335
331 332 326 327
332 331 337 336
332 326 327 328
333 334 338 339
333 330 329 325
334 338 339 343
334 333 330 329
335 342 341 340
335 336 337 331
336 335 342 341
336 337 331 332
337 336 335 342
337 331 332 326
338 339 343 344
338 334 333 330
339 343 344 348
339 338 334 333
340 347 346 345
340 341 342 335
341 340 347 346
341 342 335 336
342 341 340 347
342 335 336 337
343 344 348 349
343 339 338 334
344 348 349 352
344 343 339 338
345 351 350 356
345 346 347 340
346 345 351 350
346 347 340 341
347 346 345 351
347 340 341 342
348 349 352 353
348 344 343 339
349 352 353 357
349 348 344 343
350 356 355 354
350 351 345 346
351 350 356 355
351 345 346 347
352 353 357 361
352 349 348 344
353 357 361 362
353 352 349 348
354 360 359 358
354 355 356 350
355 354 360 359
355 356 350 351
356 355 354 360
356 350 351 345
357 361 362 366
357 353 352 349
358 365 364 363
358 359 360 354
359 358 365 364
359 360 354 355
360 359 358 365
360 354 355 356
361 362 366 367
361 357 353 352
362 366 367 370
362 361 357 353
363 369 368 374
363 364 365 358
364 363 369 368
364 365 358 359
365 364 363 369
365 358 359 360
366 367 370 371
366 362 361 357
367 370 371 375
367 366 362 361
368 374 373 372
368 369 363 364
369 368 374 373
369 363 364 365
370 371 375 376
370 367 366 362
371 375 376 380
371 370 367 366
372 379 378 377
372 373 374 368
373 372 379 378
373 374 368 369
374 373 372 379
374 368 369 363
375 376 380 381
375 371 370 367
376 380 381 385
376 375 371 370
377 384 383 382
377 378 379 372
378 377 384 383
378 379 372 373
379 378 377 384
379 372 373 374
380 381 385 386
380 376 375 371
381 385 386 390
381 380 376 375
382 389 388 387
382 383 384 377
383 382 389 388
383 384 377 378
384 383 382 389
384 377 378 379
385 386 390 391
385 381 380 376
386 390 391 395
386 385 381 380
387 394 393 392
387 388 389 382
388 387 394 393
388 389 382 383
389 388 387 394
389 382 383 384
390 391 395 396
390 386 385 381
391 395 396 400
391 390 386 385
392 399 398 397
392 393 394 387
393 392 399 398
393 394 387 388
394 393 392 399
394 387 388 389
395 396 400 401
395 391 390 386
396 400 401 404
396 395 391 390
397 403 402 406
397 398 399 392
398 397 403 402
398 399 392 393
399 398 397 403
399 392 393 394
400 401 404 407
400 396 395 391
401 404 407 408
401 400 396 395
402 406 405 410
402 403 397 398
403 402 406 405
403 397 398 399
404 407 408 411
404 401 400 396
405 410 409 414
405 406 402 403
406 405 410 409
406 402 403 397
407 408 411 412
407 404 401 400
408 411 412 415
408 407 404 401
409 414 413 418
409 410 405 406
410 409 414 413
410 405 406 402
411 412 415 416
411 408 407 404
412 415 416 419
412 411 408 407
413 418 417 422
413 414 409 410
414 413 418 417
414 409 410 405
415 416 419 420
415 412 411 408
416 419 420 423
416 415 412 411
417 422 421 426
417 418 413 414
418 417 422 421
418 413 414 409
419 420 423 424
419 416 415 412
420 423 424 427
420 419 416 415
421 426 425 430
421 422 417 418
422 421 426 425
422 417 418 413
423 424 427 428
423 420 419 416
424 427 428 431
424 423 420 419
425 430 429 434
425 426 421 422
426 425 430 429
426 421 422 417
427 428 431 432
427 424 423 420
428 431 432 435
428 427 424 423
429 434 433 437
429 430 425 426
430 429 434 433
430 425 426 421
431 432 435 436
431 428 427 424
432 435 436 438
432 431 428 427
433 437 441 440
433 434 429 430
434 433 437 441
434 429 430 425
435 436 438 439
435 432 431 428
436 438 439 442
436 435 432 431
437 441 440 443
437 433 434 429
438 439 442 444
438 436 435 432
439 442 444 446
439 438 436 435
440 443 445 449
440 441 437 433
441 440 443 445
441 437 433 434
442 444 446 447
442 439 438 436
443 445 449 448
443 440 441 437
444 446 447 450
444 442 439 438
445 449 448 452
445 443 440 441
446 447 450 451
446 444 442 439
447 450 451 453
447 446 444 442
448 452 455 458
448 449 445 443
449 448 452 455
449 445 443 440
450 451 453 454
450 447 446 444
451 453 454 456
451 450 447 446
452 455 458 461
452 448 449 445
453 454 456 457
453 451 450 447
454 456 457 459
454 453 451 450
455 458 461 465
455 452 448 449
456 457 459 460
456 454 453 451
457 459 460 462
457 456 454 453
458 461 465 464
458 455 452 448
459 460 462 463
459 457 456 454
460 462 463 466
460 459 457 456
461 465 464 468
461 458 455 452
462 463 466 467
462 460 459 457
463 466 467 469
463 462 460 459
464 468 471 474
464 465 461 458
465 464 468 471
465 461 458 455
466 467 469 470
466 463 462 460
467 469 470 472
467 466 463 462
468 471 474 476
468 464 465 461
469 470 472 473
469 467 466 463
470 472 473 475
470 469 467 466
471 474 476 478
471 468 464 465
472 473 475 477
472 470 469 467
473 475 477 479
473 472 470 469
474 476 478 481
474 471 468 464
475 477 479 480
475 473 472 470
476 478 481 484
476 474 471 468
477 479 480 482
477 475 473 472
478 481 484 488
478 476 474 471
479 480 482 483
479 477 475 473
480 482 483 485
480 479 477 475
481 484 488 487
481 478 476 474
482 483 485 486
482 480 479 477
483 485 486 489
483 482 480 479
484 488 487 491
484 481 478 476
485 486 489 490
485 483 482 480
486 489 490 492
486 485 483 482
487 491 494 498
487 488 484 481
488 487 491 494
488 484 481 478
489 490 492 493
489 486 485 483
490 492 493 495
490 489 486 485
491 494 498 497
491 487 488 484
492 493 495 496
492 490 489 486
493 495 496 499
493 492 490 489
494 498 497 501
494 491 487 488
495 496 499 500
495 493 492 490
496 499 500 502
496 495 493 492
497 501 504 506
497 498 494 491
498 497 501 504
498 494 491 487
499 500 502 503
499 496 495 493
500 502 503 505
500 499 496 495
501 504 506 508
501 497 498 494
502 503 505 507
502 500 499 496
503 505 507 509
503 502 500 499
504 506 508 511
504 501 497 498
505 507 509 510
505 503 502 500
506 508 511 514
506 504 501 497
507 509 510 512
507 505 503 502
508 511 514 517
508 506 504 501
509 510 512 513
509 507 505 503
510 512 513 515
510 509 507 505
511 514 517 520
511 508 506 504
512 513 515 516
512 510 509 507
513 515 516 518
513 512 510 509
514 517 520 523
514 511 508 506
515 516 518 519
515 513 512 510
516 518 519 521
516 515 513 512
517 520 523 526
517 514 511 508
518 519 521 522
518 516 515 513
519 521 522 524
519 518 516 515
520 523 526 529
520 517 514 511
521 522 524 525
521 519 518 516
522 524 525 527
522 521 519 518
523 526 529 532
523 520 517 514
524 525 527 528
524 522 521 519
525 527 528 530
525 524 522 521
526 529 532 535
526 523 520 517
527 528 530 531
527 525 524 522
528 530 531 533
528 527 525 524
529 532 535 537
529 526 523 520
530 531 533 534
530 528 527 525
531 533 534 536
531 530 528 527
532 535 537 540
532 529 526 523
533 534 536 538
533 531 530 528
534 536 538 539
534 533 531 530
535 537 540 543
535 532 529 526
536 538 539 541
536 534 533 531
537 540 543 546
537 535 532 529
538 539 541 542
538 536 534 533
539 541 542 544
539 538 536 534
540 543 546 549
540 537 535 532
541 542 544 545
541 539 538 536
542 544 545 547
542 541 539 538
543 546 549 552
543 540 537 535
544 545 547 548
544 542 541 539
545 547 548 550
545 544 542 541
546 549 552 555
546 543 540 537
547 548 550 551
547 545 544 542
548 550 551 553
548 547 545 544
549 552 555 558
549 546 543 540
550 551 553 554
550 548 547 545
551 553 554 556
551 550 548 547
552 555 558 561
552 549 546 543
553 554 556 557
553 551 550 548
554 556 557 559
554 553 551 550
555 558 561 564
555 552 549 546
556 557 559 560
556 554 553 551
557 559 560 562
557 556 554 553
558 561 564 568
558 555 552 549
559 560 562 563
559 557 556 554
560 562 563 566
560 559 557 556
561 564 568 570
561 558 555 552
562 563 566 567
562 560 559 557
563 566 567 569
563 562 560 559
564 568 570 573
564 561 558 555
566 567 569 571
566 563 562 560
567 569 571 572
567 566 563 562
568 570 573 577
568 564 561 558
569 571 572 574
569 567 566 563
570 573 577 576
570 568 564 561
571 572 574 575
571 569 567 566
572 574 575 578
572 571 569 567
573 577 576 580
573 570 568 564
574 575 578 579
574 572 571 569
575 578 579 581
575 574 572 571
576 580 583 586
576 577 573 570
577 576 580 583
577 573 570 568
578 579 581 582
578 575 574 572
579 581 582 584
579 578 575 574
580 583 586 589
580 576 577 573
581 582 584 585
581 579 578 575
582 584 585 587
582 581 579 578
583 586 589 592
583 580 576 577
584 585 587 588
584 582 581 579
585 587 588 590
585 584 582 581
586 589 592 595
586 583 580 576
587 588 590 591
587 585 584 582
588 590 591 593
588 587 585 584
589 592 595 598
589 586 583 580
590 591 593 594
590 588 587 585
591 593 594 596
591 590 588 587
592 595 598 600
592 589 586 583
593 594 596 597
593 591 590 588
594 596 597 599
594 593 591 590
595 598 600 602
595 592 589 586
596 597 599 601
596 594 593 591
597 599 601 605
597 596 594 593
598 600 602 608
598 595 592 589
599 601 605 606
599 597 596 594
600 602 608 607
600 598 595 592
601 605 606 615
601 599 597 596
602 608 607 617
602 600 598 595
603 611 610 609
603 604 612 613
604 612 613 614
604 603 611 610
605 606 615 616
605 601 599 597
606 615 616 623
606 605 601 599
607 617 625 632
607 608 602 600
608 607 617 625
608 602 600 598
609 619 618 627
609 610 611 603
610 609 619 618
610 611 603 604
611 610 609 619
611 603 604 612
612 613 614 620
612 604 603 611
613 614 620 621
613 612 604 603
614 620 621 622
614 613 612 604
615 616 623 624
615 606 605 601
616 623 624 630
616 615 606 605
617 625 632 640
617 607 608 602
618 627 626 634
618 619 609 610
619 618 627 626
619 609 610 611
620 621 622 628
620 614 613 612
621 622 628 629
621 620 614 613
622 628 629 635
622 621 620 614
623 624 630 631
623 616 615 606
624 630 631 638
624 623 616 615
625 632 640 647
625 617 607 608
626 634 633 642
626 627 618 619
627 626 634 633
627 618 619 609
628 629 635 636
628 622 621 620
629 635 636 637
629 628 622 621
630 631 638 639
630 624 623 616
631 638 639 645
631 630 624 623
632 640 647 654
632 625 617 607
633 642 641 649
633 634 626 627
634 633 642 641
634 626 627 618
635 636 637 643
635 629 628 622
636 637 643 644
636 635 629 628
637 643 644 650
637 636 635 629
638 639 645 646
638 631 630 624
639 645 646 652
639 638 631 630
640 647 654 661
640 632 625 617
641 649 648 656
641 642 633 634
642 641 649 648
642 633 634 626
643 644 650 651
643 637 636 635
644 650 651 657
644 643 637 636
645 646 652 653
645 639 638 631
646 652 653 659
646 645 639 638
647 654 661 667
647 640 632 625
648 656 655 663
648 649 641 642
649 648 656 655
649 641 642 633
650 651 657 658
650 644 643 637
651 657 658 664
651 650 644 643
652 653 659 660
652 646 645 639
653 659 660 666
653 652 646 645
654 661 667 673
654 647 640 632
655 663 662 669
655 656 648 649
656 655 663 662
656 648 649 641
657 658 664 665
657 651 650 644
658 664 665 670
658 657 651 650
659 660 666 672
659 653 652 646
660 666 672 678
660 659 653 652
661 667 673 680
661 654 647 640
662 669 668 675
662 663 655 656
663 662 669 668
663 655 656 648
664 665 670 671
664 658 657 651
665 670 671 676
665 664 658 657
666 672 678 679
666 660 659 653
667 673 680 687
667 661 654 647
668 675 674 682
668 669 662 663
669 668 675 674
669 662 663 655
670 671 676 677
670 665 664 658
671 676 677 683
671 670 665 664
672 678 679 685
672 666 660 659
673 680 687 694
673 667 661 654
674 682 681 689
674 675 668 669
675 674 682 681
675 668 669 662
676 677 683 684
676 671 670 665
677 683 684 690
677 676 671 670
678 679 685 686
678 672 666 660
679 685 686 692
679 678 672 666
680 687 694 701
680 673 667 661
681 689 688 696
681 682 674 675
682 681 689 688
682 674 675 668
683 684 690 691
683 677 676 671
684 690 691 697
684 683 677 676
685 686 692 693
685 679 678 672
686 692 693 699
686 685 679 678
687 694 701 708
687 680 673 667
688 696 695 703
688 689 681 682
689 688 696 695
689 681 682 674
690 691 697 698
690 684 683 677
691 697 698 704
691 690 684 683
692 693 699 700
692 686 685 679
693 699 700 706
693 692 686 685
694 701 708 715
694 687 680 673
695 703 702 710
695 696 688 689
696 695 703 702
696 688 689 681
697 698 704 705
697 691 690 684
698 704 705 711
698 697 691 690
699 700 706 707
699 693 692 686
700 706 707 713
700 699 693 692
701 708 715 714
701 694 687 680
702 710 709 717
702 703 695 696
703 702 710 709
703 695 696 688
704 705 711 712
704 698 697 691
705 711 712 718
705 704 698 697
706 707 713 720
706 700 699 693
707 713 720 725
707 706 700 699
708 715 714 721
708 701 694 687
709 717 716 722
709 710 702 703
710 709 717 716
710 702 703 695
711 712 718 719
711 705 704 698
712 718 719 723
712 711 705 704
713 720 725 730
713 707 706 700
714 721 726 731
714 715 708 701
715 714 721 726
715 708 701 694
716 722 727 733
716 717 709 710
717 716 722 727
717 709 710 702
718 719 723 724
718 712 711 705
719 723 724 728
719 718 712 711
720 725 730 736
720 713 707 706
721 726 731 737
721 714 715 708
722 727 733 732
722 716 717 709
723 724 728 729
723 719 718 712
724 728 729 734
724 723 719 718
725 730 736 741
725 720 713 707
726 731 737 742
726 721 714 715
727 733 732 739
727 722 716 717
728 729 734 735
728 724 723 719
729 734 735 740
729 728 724 723
730 736 741 747
730 725 720 713
731 737 742 748
731 726 721 714
732 739 738 744
732 733 727 722
733 732 739 738
733 727 722 716
734 735 740 745
734 729 728 724
735 740 745 746
735 734 729 728
736 741 747 752
736 730 725 720
737 742 748 753
737 731 726 721
738 744 743 749
738 739 732 733
739 738 744 743
739 732 733 727
740 745 746 750
740 735 734 729
741 747 752 758
741 736 730 725
742 748 753 760
742 737 731 726
743 749 755 754
743 744 738 739
744 743 749 755
744 738 739 732
745 746 750 751
745 740 735 734
746 750 751 756
746 745 740 735
747 752 758 765
747 741 736 730
748 753 760 759
748 742 737 731
749 755 754 762
749 743 744 738
750 751 756 757
750 746 745 740
751 756 757 763
751 750 746 745
752 758 765 769
752 747 741 736
753 760 759 766
753 748 742 737
754 762 761 767
754 755 749 743
755 754 762 761
755 749 743 744
756 757 763 764
756 751 750 746
757 763 764 768
757 756 751 750
758 765 769 774
758 752 747 741
759 766 770 775
759 760 753 748
760 759 766 770
760 753 748 742
761 767 771 777
761 762 754 755
762 761 767 771
762 754 755 749
763 764 768 772
763 757 756 751
764 768 772 773
764 763 757 756
765 769 774 780
765 758 752 747
766 770 775 781
766 759 760 753
767 771 777 776
767 761 762 754
768 772 773 778
768 764 763 757
769 774 780 784
769 765 758 752
770 775 781 785
770 766 759 760
771 777 776 782
771 767 761 762
772 773 778 779
772 768 764 763
773 778 779 783
773 772 768 764
774 780 784 789
774 769 765 758
775 781 785 790
775 770 766 759
776 782 787 786
776 777 771 767
777 776 782 787
777 771 767 761
778 779 783 788
778 773 772 768
779 783 788 792
779 778 773 772
780 784 789 794
780 774 769 765
781 785 790 795
781 775 770 766
782 787 786 791
782 776 777 771
783 788 792 793
783 779 778 773
784 789 794 798
784 780 774 769
785 790 795 799
785 781 775 770
786 791 796 801
786 787 782 776
787 786 791 796
787 782 776 777
788 792 793 797
788 783 779 778
789 794 798 803
789 784 780 774
790 795 799 804
790 785 781 775
791 796 801 800
791 786 787 782
792 793 797 802
792 788 783 779
793 797 802 806
793 792 788 783
794 798 803 808
794 789 784 780
795 799 804 809
795 790 785 781
796 801 800 805
796 791 786 787
797 802 806 807
797 793 792 788
798 803 808 813
798 794 789 784
799 804 809 814
799 795 790 785
800 805 811 810
800 801 796 791
801 800 805 811
801 796 791 786
802 806 807 812
802 797 793 792
803 808 813 818
803 798 794 789
804 809 814 819
804 799 795 790
805 811 810 815
805 800 801 796
806 807 812 816
806 802 797 793
807 812 816 817
807 806 802 797
808 813 818 823
808 803 798 794
809 814 819 824
809 804 799 795
810 815 821 820
810 811 805 800
811 810 815 821
811 805 800 801
812 816 817 822
812 807 806 802
813 818 823 827
813 808 803 798
814 819 824 828
814 809 804 799
815 821 820 825
815 810 811 805
816 817 822 826
816 812 807 806
817 822 826 831
817 816 812 807
818 823 827 833
818 813 808 803
819 824 828 834
819 814 809 804
820 825 830 829
820 821 815 810
821 820 825 830
821 815 810 811
822 826 831 832
822 817 816 812
823 827 833 837
823 818 813 808
824 828 834 838
824 819 814 809
825 830 829 835
825 820 821 815
826 831 832 836
826 822 817 816
827 833 837 843
827 823 818 813
828 834 838 844
828 824 819 814
829 835 840 839
829 830 825 820
830 829 835 840
830 825 820 821
831 832 836 841
831 826 822 817
832 836 841 842
832 831 826 822
833 837 843 847
833 827 823 818
834 838 844 848
834 828 824 819
835 840 839 845
835 829 830 825
836 841 842 846
836 832 831 826
837 843 847 853
837 833 827 823
838 844 848 855
838 834 828 824
839 845 850 849
839 840 835 829
840 839 845 850
840 835 829 830
841 842 846 851
841 836 832 831
842 846 851 852
842 841 836 832
843 847 853 858
843 837 833 827
844 848 855 854
844 838 834 828
845 850 849 856
845 839 840 835
846 851 852 857
846 842 841 836
847 853 858 863
847 843 837 833
848 855 854 859
848 844 838 834
849 856 860 865
849 850 845 839
850 849 856 860
850 845 839 840
851 852 857 861
851 846 842 841
852 857 861 862
852 851 846 842
853 858 863 867
853 847 843 837
854 859 864 868
854 855 848 844
855 854 859 864
855 848 844 838
856 860 865 869
856 849 850 845
857 861 862 866
857 852 851 846
858 863 867 871
858 853 847 843
859 864 868 872
859 854 855 848
860 865 869 874
860 856 849 850
861 862 866 870
861 857 852 851
862 866 870 875
862 861 857 852
863 867 871 876
863 858 853 847
864 868 872 877
864 859 854 855
865 869 874 873
865 860 856 849
866 870 875 879
866 862 861 857
867 871 876 880
867 863 858 853
868 872 877 881
868 864 859 854
869 874 873 878
869 865 860 856
870 875 879 883
870 866 862 861
871 876 880 885
871 867 863 858
872 877 881 886
872 868 864 859
873 878 882 887
873 874 869 865
874 873 878 882
874 869 865 860
875 879 883 884
875 870 866 862
876 880 885 889
876 871 867 863
877 881 886 890
877 872 868 864
878 882 887 891
878 873 874 869
879 883 884 888
879 875 870 866
880 885 889 893
880 876 871 867
881 886 890 894
881 877 872 868
882 887 891 895
882 878 873 874
883 884 888 892
883 879 875 870
884 888 892 896
884 883 879 875
885 889 893 897
885 880 876 871
886 890 894 898
886 881 877 872
887 891 895 899
887 882 878 873
888 892 896 900
888 884 883 879
889 893 897 901
889 885 880 876
890 894 898 902
890 886 881 877
891 895 899 903
891 887 882 878
892 896 900 904
892 888 884 883
893 897 901 906
893 889 885 880
894 898 902 907
894 890 886 881
895 899 903 909
895 891 887 882
896 900 904 905
896 892 888 884
897 901 906 911
897 893 889 885
898 902 907 912
898 894 890 886
899 903 909 908
899 895 891 887
900 904 905 910
900 896 892 888
901 906 911 915
901 897 893 889
902 907 912 916
902 898 894 890
903 909 908 913
903 899 895 891
904 905 910 914
904 900 896 892
905 910 914 918
905 904 900 896
906 911 915 920
906 901 897 893
907 912 916 921
907 902 898 894
908 913 917 922
908 909 903 899
909 908 913 917
909 903 899 895
910 914 918 919
910 905 904 900
911 915 920 924
911 906 901 897
912 916 921 925
912 907 902 898
913 917 922 926
913 908 909 903
914 918 919 923
914 910 905 904
915 920 924 928
915 911 906 901
916 921 925 929
916 912 907 902
917 922 926 930
917 913 908 909
918 919 923 927
918 914 910 905
919 923 927 931
919 918 914 910
920 924 928 932
920 915 911 906
921 925 929 933
921 916 912 907
922 926 930 934
922 917 913 908
923 927 931 935
923 919 918 914
924 928 932 936
924 920 915 911
925 929 933 937
925 921 916 912
926 930 934 939
926 922 917 913
927 931 935 940
927 923 919 918
928 932 936 941
928 924 920 915
929 933 937 942
929 925 921 916
930 934 939 938
930 926 922 917
931 935 940 944
931 927 923 919
932 936 941 945
932 928 924 920
933 937 942 946
933 929 925 921
934 939 938 943
934 930 926 922
935 940 944 948
935 931 927 923
936 941 945 950
936 932 928 924
937 942 946 951
937 933 929 925
938 943 947 952
938 939 934 930
939 938 943 947
939 934 930 926
940 944 948 949
940 935 931 927
941 945 950 954
941 936 932 928
942 946 951 955
942 937 933 929
943 947 952 956
943 938 939 934
944 948 949 953
944 940 935 931
945 950 954 958
945 941 936 932
946 951 955 959
946 942 937 933
947 952 956 960
947 943 938 939
948 949 953 957
948 944 940 935
949 953 957 961
949 948 944 940
950 954 958 962
950 945 941 936
951 955 959 963
951 946 942 937
952 956 960 964
952 947 943 938
953 957 961 965
953 949 948 944
954 958 962 966
954 950 945 941
955 959 963 967
955 951 946 942
956 960 964 968
956 952 947 943
957 961 965 969
957 953 949 948
958 962 966 970
958 954 950 945
959 963 967 971
959 955 951 946
960 964 968 972
960 956 952 947
961 965 969 973
961 957 953 949
962 966 970 974
962 958 954 950
963 967 971 975
963 959 955 951
964 968 972 976
964 960 956 952
965 969 973 977
965 961 957 953
966 970 974 978
966 962 958 954
967 971 975 979
967 963 959 955
968 972 976 980
968 964 960 956
969 973 977 981
969 965 961 957
970 974 978 982
970 966 962 958
971 975 979 983
971 967 963 959
972 976 980 984
972 968 964 960
973 977 981 985
973 969 965 961
974 978 982 986
974 970 966 962
975 979 983 987
975 971 967 963
976 980 984 988
976 972 968 964
977 981 985 989
977 973 969 965
978 982 986 990
978 974 970 966
979 983 987 991
979 975 971 967
980 984 988 992
980 976 972 968
981 985 989 993
981 977 973 969
982 986 990 994
982 978 974 970
983 987 991 995
983 979 975 971
984 988 992 996
984 980 976 972
985 989 993 997
985 981 977 973
986 990 994 998
986 982 978 974
987 991 995 999
987 983 979 975
988 992 996 1000
988 984 980 976
989 993 997 1001
989 985 981 977
990 994 998 1002
990 986 982 978
991 995 999 1003
991 987 983 979
992 996 1000 1004
992 988 984 980
993 997 1001 1005
993 989 985 981
994 998 1002 1006
994 990 986 982
995 999 1003 1007
995 991 987 983
996 1000 1004 1008
996 992 988 984
997 1001 1005 1009
997 993 989 985
998 1002 1006 1011
998 994 990 986
999 1003 1007 1012
999 995 991 987
1000 1004 1008 1013
1000 996 992 988
1001 1005 1009 1010
1001 997 993 989
1002 1006 1011 1015
1002 998 994 990
1003 1007 1012 1016
1003 999 995 991
1004 1008 1013 1017
1004 1000 996 992
1005 1009 1010 1014
1005 1001 997 993
1006 1011 1015 1019
1006 1002 998 994
1007 1012 1016 1020
1007 1003 999 995
1008 1013 1017 1021
1008 1004 1000 996
1009 1010 1014 1018
1009 1005 1001 997
1010 1014 1018 1022
1010 1009 1005 1001
1011 1015 1019 1023
1011 1006 1002 998
1012 1016 1020 1024
1012 1007 1003 999
1013 1017 1021 1025
1013 1008 1004 1000
1014 1018 1022 1026
1014 1010 1009 1005
1015 1019 1023 1028
1015 1011 1006 1002
1016 1020 1024 1029
1016 1012 1007 1003
1017 1021 1025 1030
1017 1013 1008 1004
1018 1022 1026 1031
1018 1014 1010 1009
1019 1023 1028 1027
1019 1015 1011 1006
1020 1024 1029 1033
1020 1016 1012 1007
1021 1025 1030 1034
1021 1017 1013 1008
1022 1026 1031 1035
1022 1018 1014 1010
1023 1028 1027 1032
1023 1019 1015 1011
1024 1029 1033 1037
1024 1020 1016 1012
1025 1030 1034 1038
1025 1021 1017 1013
1026 1031 1035 1039
1026 1022 1018 1014
1027 1032 1036 1040
1027 1028 1023 1019
1028 1027 1032 1036
1028 1023 1019 1015
1029 1033 1037 1041
1029 1024 1020 1016
1030 1034 1038 1042
1030 1025 1021 1017
1031 1035 1039 1043
1031 1026 1022 1018
1032 1036 1040 1044
1032 1027 1028 1023
1033 1037 1041 1045
1033 1029 1024 1020
1034 1038 1042 1046
1034 1030 1025 1021
1035 1039 1043 1047
1035 1031 1026 1022
1036 1040 1044 1048
1036 1032 1027 1028
1037 1041 1045 1049
1037 1033 1029 1024
1038 1042 1046 1050
1038 1034 1030 1025
1039 1043 1047 1051
1039 1035 1031 1026
1040 1044 1048 1052
1040 1036 1032 1027
1041 1045 1049 1053
1041 1037 1033 1029
1042 1046 1050 1054
1042 1038 1034 1030
1043 1047 1051 1055
1043 1039 1035 1031
1044 1048 1052 1056
1044 1040 1036 1032
1045 1049 1053 1057
1045 1041 1037 1033
1046 1050 1054 1058
1046 1042 1038 1034
1047 1051 1055 1059
1047 1043 1039 1035
1048 1052 1056 1060
1048 1044 1040 1036
1049 1053 1057 1061
1049 1045 1041 1037
1050 1054 1058 1062
1050 1046 1042 1038
1051 1055 1059 1063
1051 1047 1043 1039
1052 1056 1060 1064
1052 1048 1044 1040
1053 1057 1061 1065
1053 1049 1045 1041
1054 1058 1062 1066
1054 1050 1046 1042
1055 1059 1063 1067
1055 1051 1047 1043
1056 1060 1064 1068
1056 1052 1048 1044
1057 1061 1065 1069
1057 1053 1049 1045
1058 1062 1066 1070
1058 1054 1050 1046
1059 1063 1067 1071
1059 1055 1051 1047
1060 1064 1068 1072
1060 1056 1052 1048
1061 1065 1069 1073
1061 1057 1053 1049
1062 1066 1070 1074
1062 1058 1054 1050
1063 1067 1071 1075
1063 1059 1055 1051
1064 1068 1072 1076
1064 1060 1056 1052
1065 1069 1073 1077
1065 1061 1057 1053
1066 1070 1074 1078
1066 1062 1058 1054
1067 1071 1075 1079
1067 1063 1059 1055
1068 1072 1076 1080
1068 1064 1060 1056
1069 1073 1077 1081
1069 1065 1061 1057
1070 1074 1078 1082
1070 1066 1062 1058
1071 1075 1079 1083
1071 1067 1063 1059
1072 1076 1080 1084
1072 1068 1064 1060
1073 1077 1081 1085
1073 1069 1065 1061
1074 1078 1082 1086
1074 1070 1066 1062
1075 1079 1083 1087
1075 1071 1067 1063
1076 1080 1084 1088
1076 1072 1068 1064
1077 1081 1085 1089
1077 1073 1069 1065
1078 1082 1086 1090
1078 1074 1070 1066
1079 1083 1087 1091
1079 1075 1071 1067
1080 1084 1088 1092
1080 1076 1072 1068
1081 1085 1089 1094
1081 1077 1073 1069
1082 1086 1090 1095
1082 1078 1074 1070
1083 1087 1091 1096
1083 1079 1075 1071
1084 1088 1092 1097
1084 1080 1076 1072
1085 1089 1094 1093
1085 1081 1077 1073
1086 1090 1095 1099
1086 1082 1078 1074
1087 1091 1096 1100
1087 1083 1079 1075
1088 1092 1097 1101
1088 1084 1080 1076
1089 1094 1093 1098
1089 1085 1081 1077
1090 1095 1099 1103
1090 1086 1082 1078
1091 1096 1100 1104
1091 1087 1083 1079
1092 1097 1101 1105
1092 1088 1084 1080
1093 1098 1102 1106
1093 1094 1089 1085
1094 1093 1098 1102
1094 1089 1085 1081
1095 1099 1103 1107
1095 1090 1086 1082
1096 1100 1104 1108
1096 1091 1087 1083
1097 1101 1105 1109
1097 1092 1088 1084
1098 1102 1106 1110
1098 1093 1094 1089
1099 1103 1107 1111
1099 1095 1090 1086
1100 1104 1108 1112
1100 1096 1091 1087
1101 1105 1109 1113
1101 1097 1092 1088
1102 1106 1110 1114
1102 1098 1093 1094
1103 1107 1111 1115
1103 1099 1095 1090
1104 1108 1112 1116
1104 1100 1096 1091
1105 1109 1113 1117
1105 1101 1097 1092
1106 1110 1114 1118
1106 1102 1098 1093
1107 1111 1115 1119
1107 1103 1099 1095
1108 1112 1116 1120
1108 1104 1100 1096
1109 1113 1117 1121
1109 1105 1101 1097
1110 1114 1118 1122
1110 1106 1102 1098
1111 1115 1119 1123
1111 1107 1103 1099
1112 1116 1120 1124
1112 1108 1104 1100
1113 1117 1121 1125
1113 1109 1105 1101
1114 1118 1122 1126
1114 1110 1106 1102
1115 1119 1123 1127
1115 1111 1107 1103
1116 1120 1124 1128
1116 1112 1108 1104
1117 1121 1125 1129
1117 1113 1109 1105
1118 1122 1126 1130
1118 1114 1110 1106
1119 1123 1127 1131
1119 1115 1111 1107
1120 1124 1128 1132
1120 1116 1112 1108
1121 1125 1129 1133
1121 1117 1113 1109
1122 1126 1130 1134
1122 1118 1114 1110
1123 1127 1131 1135
1123 1119 1115 1111
1124 1128 1132 1136
1124 1120 1116 1112
1125 1129 1133 1137
1125 1121 1117 1113
1126 1130 1134 1138
1126 1122 1118 1114
1127 1131 1135 1139
1127 1123 1119 1115
1128 1132 1136 1141
1128 1124 1120 1116
1129 1133 1137 1142
1129 1125 1121 1117
1130 1134 1138 1143
1130 1126 1122 1118
1131 1135 1139 1144
1131 1127 1123 1119
1132 1136 1141 1140
1132 1128 1124 1120
1133 1137 1142 1146
1133 1129 1125 1121
1134 1138 1143 1147
1134 1130 1126 1122
1135 1139 1144 1148
1135 1131 1127 1123
1136 1141 1140 1145
1136 1132 1128 1124
1137 1142 1146 1150
1137 1133 1129 1125
1138 1143 1147 1151
1138 1134 1130 1126
1139 1144 1148 1152
1139 1135 1131 1127
1140 1145 1149 1153
1140 1141 1136 1132
1141 1140 1145 1149
1141 1136 1132 1128
1142 1146 1150 1155
1142 1137 1133 1129
1143 1147 1151 1156
1143 1138 1134 1130
1144 1148 1152 1157
1144 1139 1135 1131
1145 1149 1153 1158
1145 1140 1141 1136
1146 1150 1155 1154
1146 1142 1137 1133
1147 1151 1156 1160
1147 1143 1138 1134
1148 1152 1157 1161
1148 1144 1139 1135
1149 1153 1158 1162
1149 1145 1140 1141
1150 1155 1154 1159
1150 1146 1142 1137
1151 1156 1160 1164
1151 1147 1143 1138
1152 1157 1161 1165
1152 1148 1144 1139
1153 1158 1162 1166
1153 1149 1145 1140
1154 1159 1163 1167
1154 1155 1150 1146
1155 1154 1159 1163
1155 1150 1146 1142
1156 1160 1164 1168
1156 1151 1147 1143
1157 1161 1165 1169
1157 1152 1148 1144
1158 1162 1166 1170
1158 1153 1149 1145
1159 1163 1167 1171
1159 1154 1155 1150
1160 1164 1168 1172
1160 1156 1151 1147
1161 1165 1169 1173
1161 1157 1152 1148
1162 1166 1170 1175
1162 1158 1153 1149
1163 1167 1171 1176
1163 1159 1154 1155
1164 1168 1172 1177
1164 1160 1156 1151
1165 1169 1173 1174
1165 1161 1157 1152
1166 1170 1175 1179
1166 1162 1158 1153
1167 1171 1176 1180
1167 1163 1159 1154
1168 1172 1177 1181
1168 1164 1160 1156
1169 1173 1174 1178
1169 1165 1161 1157
1170 1175 1179 1183
1170 1166 1162 1158
1171 1176 1180 1184
1171 1167 1163 1159
1172 1177 1181 1185
1172 1168 1164 1160
1173 1174 1178 1182
1173 1169 1165 1161
1174 1178 1182 1186
1174 1173 1169 1165
1175 1179 1183 1187
1175 1170 1166 1162
1176 1180 1184 1188
1176 1171 1167 1163
1177 1181 1185 1189
1177 1172 1168 1164
1178 1182 1186 1190
1178 1174 1173 1169
1179 1183 1187 1191
1179 1175 1170 1166
1180 1184 1188 1192
1180 1176 1171 1167
1181 1185 1189 1193
1181 1177 1172 1168
1182 1186 1190 1194
1182 1178 1174 1173
1183 1187 1191 1195
1183 1179 1175 1170
1184 1188 1192 1196
1184 1180 1176 1171
1185 1189 1193 1197
1185 1181 1177 1172
1186 1190 1194 1198
1186 1182 1178 1174
1187 1191 1195 1199
1187 1183 1179 1175
1188 1192 1196 1200
1188 1184 1180 1176
1189 1193 1197 1201
1189 1185 1181 1177
1190 1194 1198 1202
1190 1186 1182 1178
1191 1195 1199 1204
1191 1187 1183 1179
1192 1196 1200 1205
1192 1188 1184 1180
1193 1197 1201 1206
1193 1189 1185 1181
1194 1198 1202 1207
1194 1190 1186 1182
1195 1199 1204 1203
1195 1191 1187 1183
1196 1200 1205 1209
1196 1192 1188 1184
1197 1201 1206 1210
1197 1193 1189 1185
1198 1202 1207 1211
1198 1194 1190 1186
1199 1204 1203 1208
1199 1195 1191 1187
1200 1205 1209 1214
1200 1196 1192 1188
1201 1206 1210 1215
1201 1197 1193 1189
1202 1207 1211 1212
1202 1198 1194 1190
1203 1208 1213 1217
1203 1204 1199 1195
1204 1203 1208 1213
1204 1199 1195 1191
1205 1209 1214 1218
1205 1200 1196 1192
1206 1210 1215 1219
1206 1201 1197 1193
1207 1211 1212 1216
1207 1202 1198 1194
1208 1213 1217 1221
1208 1203 1204 1199
1209 1214 1218 1222
1209 1205 1200 1196
1210 1215 1219 1223
1210 1206 1201 1197
1211 1212 1216 1220
1211 1207 1202 1198
1212 1216 1220 1224
1212 1211 1207 1202
1213 1217 1221 1225
1213 1208 1203 1204
1214 1218 1222 1226
1214 1209 1205 1200
1215 1219 1223 1227
1215 1210 1206 1201
1216 1220 1224 1228
1216 1212 1211 1207
1217 1221 1225 1229
1217 1213 1208 1203
1218 1222 1226 1230
1218 1214 1209 1205
1219 1223 1227 1231
1219 1215 1210 1206
1220 1224 1228 1232
1220 1216 1212 1211
1221 1225 1229 1234
1221 1217 1213 1208
1222 1226 1230 1235
1222 1218 1214 1209
1223 1227 1231 1236
1223 1219 1215 1210
1224 1228 1232 1237
1224 1220 1216 1212
1225 1229 1234 1233
1225 1221 1217 1213
1226 1230 1235 1239
1226 1222 1218 1214
1227 1231 1236 1240
1227 1223 1219 1215
1228 1232 1237 1241
1228 1224 1220 1216
1229 1234 1233 1238
1229 1225 1221 1217
1230 1235 1239 1244
1230 1226 1222 1218
1231 1236 1240 1245
1231 1227 1223 1219
1232 1237 1241 1242
1232 1228 1224 1220
1233 1238 1243 1248
1233 1234 1229 1225
1234 1233 1238 1243
1234 1229 1225 1221
1235 1239 1244 1249
1235 1230 1226 1222
1236 1240 1245 1250
1236 1231 1227 1223
1237 1241 1242 1246
1237 1232 1228 1224
1238 1243 1248 1247
1238 1233 1234 1229
1239 1244 1249 1253
1239 1235 1230 1226
1240 1245 1250 1254
1240 1236 1231 1227
1241 1242 1246 1251
1241 1237 1232 1228
1242 1246 1251 1255
1242 1241 1237 1232
1243 1248 1247 1252
1243 1238 1233 1234
1244 1249 1253 1258
1244 1239 1235 1230
1245 1250 1254 1259
1245 1240 1236 1231
1246 1251 1255 1256
1246 1242 1241 1237
1247 1252 1257 1261
1247 1248 1243 1238
1248 1247 1252 1257
1248 1243 1238 1233
1249 1253 1258 1262
1249 1244 1239 1235
1250 1254 1259 1263
1250 1245 1240 1236
1251 1255 1256 1260
1251 1246 1242 1241
1252 1257 1261 1265
1252 1247 1248 1243
1253 1258 1262 1266
1253 1249 1244 1239
1254 1259 1263 1267
1254 1250 1245 1240
1255 1256 1260 1264
1255 1251 1246 1242
1256 1260 1264 1268
1256 1255 1251 1246
1257 1261 1265 1270
1257 1252 1247 1248
1258 1262 1266 1271
1258 1253 1249 1244
1259 1263 1267 1272
1259 1254 1250 1245
1260 1264 1268 1273
1260 1256 1255 1251
1261 1265 1270 1269
1261 1257 1252 1247
1262 1266 1271 1275
1262 1258 1253 1249
1263 1267 1272 1276
1263 1259 1254 1250
1264 1268 1273 1277
1264 1260 1256 1255
1265 1270 1269 1274
1265 1261 1257 1252
1266 1271 1275 1280
1266 1262 1258 1253
1267 1272 1276 1281
1267 1263 1259 1254
1268 1273 1277 1278
1268 1264 1260 1256
1269 1274 1279 1283
1269 1270 1265 1261
1270 1269 1274 1279
1270 1265 1261 1257
1271 1275 1280 1284
1271 1266 1262 1258
1272 1276 1281 1285
1272 1267 1263 1259
1273 1277 1278 1282
1273 1268 1264 1260
1274 1279 1283 1287
1274 1269 1270 1265
1275 1280 1284 1289
1275 1271 1266 1262
1276 1281 1285 1290
1276 1272 1267 1263
1277 1278 1282 1286
1277 1273 1268 1264
1278 1282 1286 1291
1278 1277 1273 1268
1279 1283 1287 1293
1279 1274 1269 1270
1280 1284 1289 1288
1280 1275 1271 1266
1281 1285 1290 1295
1281 1276 1272 1267
1282 1286 1291 1296
1282 1278 1277 1273
1283 1287 1293 1292
1283 1279 1274 1269
1284 1289 1288 1294
1284 1280 1275 1271
1285 1290 1295 1299
1285 1281 1276 1272
1286 1291 1296 1300
1286 1282 1278 1277
1287 1293 1292 1297
1287 1283 1279 1274
1288 1294 1298 1304
1288 1289 1284 1280
1289 1288 1294 1298
1289 1284 1280 1275
1290 1295 1299 1305
1290 1285 1281 1276
1291 1296 1300 1301
1291 1286 1282 1278
1292 1297 1303 1302
1292 1293 1287 1283
1293 1292 1297 1303
1293 1287 1283 1279
1294 1298 1304 1308
1294 1288 1289 1284
1295 1299 1305 1309
1295 1290 1285 1281
1296 1300 1301 1306
1296 1291 1286 1282
1297 1303 1302 1307
1297 1292 1293 1287
1298 1304 1308 1314
1298 1294 1288 1289
1299 1305 1309 1315
1299 1295 1290 1285
1300 1301 1306 1310
1300 1296 1291 1286
1301 1306 1310 1311
1301 1300 1296 1291
1302 1307 1313 1312
1302 1303 1297 1292
1303 1302 1307 1313
1303 1297 1292 1293
1304 1308 1314 1318
1304 1298 1294 1288
1305 1309 1315 1319
1305 1299 1295 1290
1306 1310 1311 1316
1306 1301 1300 1296
1307 1313 1312 1317
1307 1302 1303 1297
1308 1314 1318 1324
1308 1304 1298 1294
1309 1315 1319 1325
1309 1305 1299 1295
1310 1311 1316 1320
1310 1306 1301 1300
1311 1316 1320 1321
1311 1310 1306 1301
1312 1317 1323 1322
1312 1313 1307 1302
1313 1312 1317 1323
1313 1307 1302 1303
1314 1318 1324 1328
1314 1308 1304 1298
1315 1319 1325 1329
1315 1309 1305 1299
1316 1320 1321 1326
1316 1311 1310 1306
1317 1323 1322 1327
1317 1312 1313 1307
1318 1324 1328 1333
1318 1314 1308 1304
1319 1325 1329 1334
1319 1315 1309 1305
1320 1321 1326 1330
1320 1316 1311 1310
1321 1326 1330 1331
1321 1320 1316 1311
1322 1327 1332 1337
1322 1323 1317 1312
1323 1322 1327 1332
1323 1317 1312 1313
1324 1328 1333 1338
1324 1318 1314 1308
1325 1329 1334 1339
1325 1319 1315 1309
1326 1330 1331 1335
1326 1321 1320 1316
1327 1332 1337 1336
1327 1322 1323 1317
1328 1333 1338 1343
1328 1324 1318 1314
1329 1334 1339 1344
1329 1325 1319 1315
1330 1331 1335 1340
1330 1326 1321 1320
1331 1335 1340 1341
1331 1330 1326 1321
1332 1337 1336 1342
1332 1327 1322 1323
1333 1338 1343 1348
1333 1328 1324 1318
1334 1339 1344 1349
1334 1329 1325 1319
1335 1340 1341 1345
1335 1331 1330 1326
1336 1342 1347 1346
1336 1337 1332 1327
1337 1336 1342 1347
1337 1332 1327 1322
1338 1343 1348 1353
1338 1333 1328 1324
1339 1344 1349 1354
1339 1334 1329 1325
1340 1341 1345 1350
1340 1335 1331 1330
1341 1345 1350 1351
1341 1340 1335 1331
1342 1347 1346 1352
1342 1336 1337 1332
1343 1348 1353 1357
1343 1338 1333 1328
1344 1349 1354 1358
1344 1339 1334 1329
1345 1350 1351 1355
1345 1341 1340 1335
1346 1352 1356 1361
1346 1347 1342 1336
1347 1346 1352 1356
1347 1342 1336 1337
1348 1353 1357 1362
1348 1343 1338 1333
1349 1354 1358 1363
1349 1344 1339 1334
1350 1351 1355 1359
1350 1345 1341 1340
1351 1355 1359 1364
1351 1350 1345 1341
1352 1356 1361 1360
1352 1346 1347 1342
1353 1357 1362 1367
1353 1348 1343 1338
1354 1358 1363 1368
1354 1349 1344 1339
1355 1359 1364 1365
1355 1351 1350 1345
1356 1361 1360 1366
1356 1352 1346 1347
1357 1362 1367 1371
1357 1353 1348 1343
1358 1363 1368 1372
1358 1354 1349 1344
1359 1364 1365 1369
1359 1355 1351 1350
1360 1366 1370 1376
1360 1361 1356 1352
1361 1360 1366 1370
1361 1356 1352 1346
1362 1367 1371 1377
1362 1357 1353 1348
1363 1368 1372 1378
1363 1358 1354 1349
1364 1365 1369 1373
1364 1359 1355 1351
1365 1369 1373 1374
1365 1364 1359 1355
1366 1370 1376 1375
1366 1360 1361 1356
1367 1371 1377 1383
1367 1362 1357 1353
1368 1372 1378 1384
1368 1363 1358 1354
1369 1373 1374 1379
1369 1365 1364 1359
1370 1376 1375 1382
1370 1366 1360 1361
1371 1377 1383 1387
1371 1367 1362 1357
1372 1378 1384 1388
1372 1368 1363 1358
1373 1374 1379 1380
1373 1369 1365 1364
1374 1379 1380 1385
1374 1373 1369 1365
1375 1382 1381 1386
1375 1376 1370 1366
1376 1375 1382 1381
1376 1370 1366 1360
1377 1383 1387 1393
1377 1371 1367 1362
1378 1384 1388 1394
1378 1372 1368 1363
1379 1380 1385 1389
1379 1374 1373 1369
1380 1385 1389 1390
1380 1379 1374 1373
1381 1386 1392 1391
1381 1382 1375 1376
1382 1381 1386 1392
1382 1375 1376 1370
1383 1387 1393 1399
1383 1377 1371 1367
1384 1388 1394 1400
1384 1378 1372 1368
1385 1389 1390 1395
1385 1380 1379 1374
1386 1392 1391 1398
1386 1381 1382 1375
1387 1393 1399 1404
1387 1383 1377 1371
1388 1394 1400 1405
1388 1384 1378 1372
1389 1390 1395 1396
1389 1385 1380 1379
1390 1395 1396 1401
1390 1389 1385 1380
1391 1398 1397 1403
1391 1392 1386 1381
1392 1391 1398 1397
1392 1386 1381 1382
1393 1399 1404 1410
1393 1387 1383 1377
1394 1400 1405 1411
1394 1388 1384 1378
1395 1396 1401 1406
1395 1390 1389 1385
1396 1401 1406 1407
1396 1395 1390 1389
1397 1403 1402 1409
1397 1398 1391 1392
1398 1397 1403 1402
1398 1391 1392 1386
1399 1404 1410 1415
1399 1393 1387 1383
1400 1405 1411 1416
1400 1394 1388 1384
1401 1406 1407 1412
1401 1396 1395 1390
1402 1409 1408 1414
1402 1403 1397 1398
1403 1402 1409 1408
1403 1397 1398 1391
1404 1410 1415 1421
1404 1399 1393 1387
1405 1411 1416 1422
1405 1400 1394 1388
1406 1407 1412 1413
1406 1401 1396 1395
1407 1412 1413 1417
1407 1406 1401 1396
1408 1414 1420 1419
1408 1409 1402 1403
1409 1408 1414 1420
1409 1402 1403 1397
1410 1415 1421 1426
1410 1404 1399 1393
1411 1416 1422 1427
1411 1405 1400 1394
1412 1413 1417 1418
1412 1407 1406 1401
1413 1417 1418 1423
1413 1412 1407 1406
1414 1420 1419 1425
1414 1408 1409 1402
1415 1421 1426 1431
1415 1410 1404 1399
1416 1422 1427 1432
1416 1411 1405 1400
1417 1418 1423 1428
1417 1413 1412 1407
1418 1423 1428 1433
1418 1417 1413 1412
1419 1425 1424 1430
1419 1420 1414 1408
1420 1419 1425 1424
1420 1414 1408 1409
1421 1426 1431 1437
1421 1415 1410 1404
1422 1427 1432 1438
1422 1416 1411 1405
1423 1428 1433 1434
1423 1418 1417 1413
1424 1430 1429 1436
1424 1425 1419 1420
1425 1424 1430 1429
1425 1419 1420 1414
1426 1431 1437 1443
1426 1421 1415 1410
1427 1432 1438 1444
1427 1422 1416 1411
1428 1433 1434 1439
1428 1423 1418 1417
1429 1436 1435 1442
1429 1430 1424 1425
1430 1429 1436 1435
1430 1424 1425 1419
1431 1437 1443 1450
1431 1426 1421 1415
1432 1438 1444 1451
1432 1427 1422 1416
1433 1434 1439 1440
1433 1428 1423 1418
1434 1439 1440 1445
1434 1433 1428 1423
1435 1442 1441 1448
1435 1436 1429 1430
1436 1435 1442 1441
1436 1429 1430 1424
1437 1443 1450 1449
1437 1431 1426 1421
1438 1444 1451 1457
1438 1432 1427 1422
1439 1440 1445 1446
1439 1434 1433 1428
1440 1445 1446 1452
1440 1439 1434 1433
1441 1448 1447 1455
1441 1442 1435 1436
1442 1441 1448 1447
1442 1435 1436 1429
1443 1450 1449 1456
1443 1437 1431 1426
1444 1451 1457 1463
1444 1438 1432 1427
1445 1446 1452 1453
1445 1440 1439 1434
1446 1452 1453 1458
1446 1445 1440 1439
1447 1455 1454 1461
1447 1448 1441 1442
1448 1447 1455 1454
1448 1441 1442 1435
1449 1456 1462 1468
1449 1450 1443 1437
1450 1449 1456 1462
1450 1443 1437 1431
1451 1457 1463 1469
1451 1444 1438 1432
1452 1453 1458 1459
1452 1446 1445 1440
1453 1458 1459 1464
1453 1452 1446 1445
1454 1461 1460 1467
1454 1455 1447 1448
1455 1454 1461 1460
1455 1447 1448 1441
1456 1462 1468 1475
1456 1449 1450 1443
1457 1463 1469 1470
1457 1451 1444 1438
1458 1459 1464 1465
1458 1453 1452 1446
1459 1464 1465 1471
1459 1458 1453 1452
1460 1467 1466 1474
1460 1461 1454 1455
1461 1460 1467 1466
1461 1454 1455 1447
1462 1468 1475 1481
1462 1456 1449 1450
1463 1469 1470 1476
1463 1457 1451 1444
1464 1465 1471 1472
1464 1459 1458 1453
1465 1471 1472 1477
1465 1464 1459 1458
1466 1474 1473 1480
1466 1467 1460 1461
1467 1466 1474 1473
1467 1460 1461 1454
1468 1475 1481 1488
1468 1462 1456 1449
1469 1470 1476 1482
1469 1463 1457 1451
1470 1476 1482 1483
1470 1469 1463 1457
1471 1472 1477 1478
1471 1465 1464 1459
1472 1477 1478 1484
1472 1471 1465 1464
1473 1480 1479 1487
1473 1474 1466 1467
1474 1473 1480 1479
1474 1466 1467 1460
1475 1481 1488 1494
1475 1468 1462 1456
1476 1482 1483 1489
1476 1470 1469 1463
1477 1478 1484 1485
1477 1472 1471 1465
1478 1484 1485 1490
1478 1477 1472 1471
1479 1487 1486 1493
1479 1480 1473 1474
1480 1479 1487 1486
1480 1473 1474 1466
1481 1488 1494 1501
1481 1475 1468 1462
1482 1483 1489 1495
1482 1476 1470 1469
1483 1489 1495 1496
1483 1482 1476 1470
1484 1485 1490 1491
1484 1478 1477 1472
1485 1490 1491 1497
1485 1484 1478 1477
1486 1493 1492 1500
1486 1487 1479 1480
1487 1486 1493 1492
1487 1479 1480 1473
1488 1494 1501 1508
1488 1481 1475 1468
1489 1495 1496 1502
1489 1483 1482 1476
1490 1491 1497 1498
1490 1485 1484 1478
1491 1497 1498 1504
1491 1490 1485 1484
1492 1500 1499 1507
1492 1493 1486 1487
1493 1492 1500 1499
1493 1486 1487 1479
1494 1501 1508 1515
1494 1488 1481 1475
1495 1496 1502 1503
1495 1489 1483 1482
1496 1502 1503 1509
1496 1495 1489 1483
1497 1498 1504 1505
1497 1491 1490 1485
1498 1504 1505 1510
1498 1497 1491 1490
1499 1507 1506 1514
1499 1500 1492 1493
1500 1499 1507 1506
1500 1492 1493 1486
1501 1508 1515 1522
1501 1494 1488 1481
1502 1503 1509 1516
1502 1496 1495 1489
1503 1509 1516 1523
1503 1502 1496 1495
1504 1505 1510 1511
1504 1498 1497 1491
1505 1510 1511 1517
1505 1504 1498 1497
1506 1514 1513 1512
1506 1507 1499 1500
1507 1506 1514 1513
1507 1499 1500 1492
1508 1515 1522 1530
1508 1501 1494 1488
1509 1516 1523 1524
1509 1503 1502 1496
1510 1511 1517 1518
1510 1505 1504 1498
1511 1517 1518 1519
1511 1510 1505 1504
1512 1521 1520 1529
1512 1513 1514 1506
1513 1512 1521 1520
1513 1514 1506 1507
1514 1513 1512 1521
1514 1506 1507 1499
1515 1522 1530 1539
1515 1508 1501 1494
1516 1523 1524 1531
1516 1509 1503 1502
1517 1518 1519 1525
1517 1511 1510 1505
1518 1519 1525 1526
1518 1517 1511 1510
1519 1525 1526 1533
1519 1518 1517 1511
1520 1529 1528 1527
1520 1521 1512 1513
1521 1520 1529 1528
1521 1512 1513 1514
1522 1530 1539 1543
1522 1515 1508 1501
1523 1524 1531 1532
1523 1516 1509 1503
1524 1531 1532 1540
1524 1523 1516 1509
1525 1526 1533 1534
1525 1519 1518 1517
1526 1533 1534 1535
1526 1525 1519 1518
1527 1538 1537 1536
1527 1528 1529 1520
1528 1527 1538 1537
1528 1529 1520 1521
1529 1528 1527 1538
1529 1520 1521 1512
1530 1539 1543 1545
1530 1522 1515 1508
1531 1532 1540 1544
1531 1524 1523 1516
1532 1540 1544 1546
1532 1531 1524 1523
1533 1534 1535 1541
1533 1526 1525 1519
1534 1535 1541 1542
1534 1533 1526 1525
1535 1541 1542 1536
1535 1534 1533 1526
1536 1542 1541 1535
1536 1537 1538 1527
1537 1536 1542 1541
1537 1538 1527 1528
1538 1537 1536 1542
1538 1527 1528 1529
1539 1543 1545 1548
1539 1530 1522 1515
1540 1544 1546 1547
1540 1532 1531 1524
1541 1542 1536 1537
1541 1535 1534 1533
1542 1541 1535 1534
1542 1536 1537 1538
1543 1545 1548 1551
1543 1539 1530 1522
1544 1546 1547 1549
1544 1540 1532 1531
1545 1548 1551 1553
1545 1543 1539 1530
1546 1547 1549 1550
1546 1544 1540 1532
1547 1549 1550 1552
1547 1546 1544 1540
1548 1551 1553 1555
1548 1545 1543 1539
1549 1550 1552 1554
1549 1547 1546 1544
1550 1552 1554 1556
1550 1549 1547 1546
1551 1553 1555 1558
1551 1548 1545 1543
1552 1554 1556 1557
1552 1550 1549 1547
1553 1555 1558 1561
1553 1551 1548 1545
1554 1556 1557 1559
1554 1552 1550 1549
1555 1558 1561 1564
1555 1553 1551 1548
1556 1557 1559 1560
1556 1554 1552 1550
1557 1559 1560 1562
1557 1556 1554 1552
1558 1561 1564 1568
1558 1555 1553 1551
1559 1560 1562 1563
1559 1557 1556 1554
1560 1562 1563 1565
1560 1559 1557 1556
1561 1564 1568 1573
1561 1558 1555 1553
1562 1563 1565 1569
1562 1560 1559 1557
1563 1565 1569 1570
1563 1562 1560 1559
1564 1568 1573 1578
1564 1561 1558 1555
1565 1569 1570 1574
1565 1563 1562 1560
1566 1567 1571 1572
1567 1571 1572 1576
1568 1573 1578 1583
1568 1564 1561 1558
1569 1570 1574 1575
1569 1565 1563 1562
1570 1574 1575 1579
1570 1569 1565 1563
1571 1572 1576 1577
1571 1567 1566 -1
1572 1576 1577 1581
1572 1571 1567 1566
1573 1578 1583 1590
1573 1568 1564 1561
1574 1575 1579 1580
1574 1570 1569 1565
1575 1579 1580 1584
1575 1574 1570 1569
1576 1577 1581 1582
1576 1572 1571 1567
1577 1581 1582 1586
1577 1576 1572 1571
1578 1583 1590 1592
1578 1573 1568 1564
1579 1580 1584 1585
1579 1575 1574 1570
1580 1584 1585 1591
1580 1579 1575 1574
1581 1582 1586 1587
1581 1577 1576 1572
1582 1586 1587 1588
1582 1581 1577 1576
1583 1590 1592 1609
1583 1578 1573 1568
1584 1585 1591 1593
1584 1580 1579 1575
1585 1591 1593 1594
1585 1584 1580 1579
1586 1587 1588 1589
1586 1582 1581 1577
1587 1588 1589 -1
1587 1586 1582 1581
1588 1587 1586 1582
1589 1588 1587 1586
1590 1592 1609 1612
1590 1583 1578 1573
1591 1593 1594 1610
1591 1585 1584 1580
1592 1609 1612 1616
1592 1590 1583 1578
1593 1594 1610 1611
1593 1591 1585 1584
1594 1610 1611 1613
1594 1593 1591 1585
1595 1596 1597 1598
1596 1597 1598 1599
1597 1598 1599 1600
1597 1596 1595 -1
1598 1599 1600 1601
1598 1597 1596 1595
1599 1600 1601 1602
1599 1598 1597 1596
1600 1601 1602 1603
1600 1599 1598 1597
1601 1602 1603 1604
1601 1600 1599 1598
1602 1603 1604 1605
1602 1601 1600 1599
1603 1602 1601 1600
1603 1604 1605 1606
1604 1603 1602 1601
1604 1605 1606 1607
1605 1604 1603 1602
1605 1606 1607 1608
1606 1605 1604 1603
1606 1607 1608 -1
1607 1606 1605 1604
1608 1607 1606 1605
1609 1612 1616 1615
1609 1592 1590 1583
1610 1611 1613 1614
1610 1594 1593 1591
1611 1613 1614 1617
1611 1610 1594 1593
1612 1616 1615 1619
1612 1609 1592 1590
1613 1614 1617 1618
1613 1611 1610 1594
1614 1617 1618 1620
1614 1613 1611 1610
1615 1619 1622 1624
1615 1616 1612 1609
1616 1615 1619 1622
1616 1612 1609 1592
1617 1618 1620 1621
1617 1614 1613 1611
1618 1620 1621 1623
1618 1617 1614 1613
1619 1622 1624 1627
1619 1615 1616 1612
1620 1621 1623 1625
1620 1618 1617 1614
1621 1623 1625 1626
1621 1620 1618 1617
1622 1624 1627 1630
1622 1619 1615 1616
1623 1625 1626 1628
1623 1621 1620 1618
1624 1627 1630 1633
1624 1622 1619 1615
1625 1626 1628 1629
1625 1623 1621 1620
1626 1628 1629 1631
1626 1625 1623 1621
1627 1630 1633 1636
1627 1624 1622 1619
1628 1629 1631 1632
1628 1626 1625 1623
1629 1631 1632 1634
1629 1628 1626 1625
1630 1633 1636 1639
1630 1627 1624 1622
1631 1632 1634 1635
1631 1629 1628 1626
1632 1634 1635 1637
1632 1631 1629 1628
1633 1636 1639 1642
1633 1630 1627 1624
1634 1635 1637 1638
1634 1632 1631 1629
1635 1637 1638 1640
1635 1634 1632 1631
1636 1639 1642 1644
1636 1633 1630 1627
1637 1638 1640 1641
1637 1635 1634 1632
1638 1640 1641 1643
1638 1637 1635 1634
1639 1642 1644 1647
1639 1636 1633 1630
1640 1641 1643 1645
1640 1638 1637 1635
1641 1643 1645 1646
1641 1640 1638 1637
1642 1644 1647 1650
1642 1639 1636 1633
1643 1645 1646 1648
1643 1641 1640 1638
1644 1647 1650 1653
1644 1642 1639 1636
1645 1646 1648 1649
1645 1643 1641 1640
1646 1648 1649 1651
1646 1645 1643 1641
1647 1650 1653 1656
1647 1644 1642 1639
1648 1649 1651 1652
1648 1646 1645 1643
1649 1651 1652 1654
1649 1648 1646 1645
1650 1653 1656 1659
1650 1647 1644 1642
1651 1652 1654 1655
1651 1649 1648 1646
1652 1654 1655 1657
1652 1651 1649 1648
1653 1656 1659 1662
1653 1650 1647 1644
1654 1655 1657 1658
1654 1652 1651 1649
1655 1657 1658 1660
1655 1654 1652 1651
1656 1659 1662 1665
1656 1653 1650 1647
1657 1658 1660 1661
1657 1655 1654 1652
1658 1660 1661 1663
1658 1657 1655 1654
1659 1662 1665 1668
1659 1656 1653 1650
1660 1661 1663 1664
1660 1658 1657 1655
1661 1663 1664 1666
1661 1660 1658 1657
1662 1665 1668 1671
1662 1659 1656 1653
1663 1664 1666 1667
1663 1661 1660 1658
1664 1666 1667 1669
1664 1663 1661 1660
1665 1668 1671 1674
1665 1662 1659 1656
1666 1667 1669 1670
1666 1664 1663 1661
1667 1669 1670 1672
1667 1666 1664 1663
1668 1671 1674 1677
1668 1665 1662 1659
1669 1670 1672 1673
1669 1667 1666 1664
1670 1672 1673 1675
1670 1669 1667 1666
1671 1674 1677 1680
1671 1668 1665 1662
1672 1673 1675 1676
1672 1670 1669 1667
1673 1675 1676 1678
1673 1672 1670 1669
1674 1677 1680 1682
1674 1671 1668 1665
1675 1676 1678 1679
1675 1673 1672 1670
1676 1678 1679 1681
1676 1675 1673 1672
1677 1680 1682 1685
1677 1674 1671 1668
1678 1679 1681 1683
1678 1676 1675 1673
1679 1681 1683 1684
1679 1678 1676 1675
1680 1682 1685 1688
1680 1677 1674 1671
1681 1683 1684 1686
1681 1679 1678 1676
1682 1685 1688 1691
1682 1680 1677 1674
1683 1684 1686 1687
1683 1681 1679 1678
1684 1686 1687 1689
1684 1683 1681 1679
1685 1688 1691 1694
1685 1682 1680 1677
1686 1687 1689 1690
1686 1684 1683 1681
1687 1689 1690 1692
1687 1686 1684 1683
1688 1691 1694 1697
1688 1685 1682 1680
1689 1690 1692 1693
1689 1687 1686 1684
1690 1692 1693 1695
1690 1689 1687 1686
1691 1694 1697 1700
1691 1688 1685 1682
1692 1693 1695 1696
1692 1690 1689 1687
1693 1695 1696 1698
1693 1692 1690 1689
1694 1697 1700 1703
1694 1691 1688 1685
1695 1696 1698 1699
1695 1693 1692 1690
1696 1698 1699 1701
1696 1695 1693 1692
1697 1700 1703 1706
1697 1694 1691 1688
1698 1699 1701 1702
1698 1696 1695 1693
1699 1701 1702 1704
1699 1698 1696 1695
1700 1703 1706 1709
1700 1697 1694 1691
1701 1702 1704 1705
1701 1699 1698 1696
1702 1704 1705 1707
1702 1701 1699 1698
1703 1706 1709 1713
1703 1700 1697 1694
1704 1705 1707 1708
1704 1702 1701 1699
1705 1707 1708 1710
1705 1704 1702 1701
1706 1709 1713 1712
1706 1703 1700 1697
1707 1708 1710 1711
1707 1705 1704 1702
1708 1710 1711 1714
1708 1707 1705 1704
1709 1713 1712 1717
1709 1706 1703 1700
1710 1711 1714 1715
1710 1708 1707 1705
1711 1714 1715 1718
1711 1710 1708 1707
1712 1717 1716 1721
1712 1713 1709 1706
1713 1712 1717 1716
1713 1709 1706 1703
1714 1715 1718 1719
1714 1711 1710 1708
1715 1718 1719 1722
1715 1714 1711 1710
1716 1721 1720 1725
1716 1717 1712 1713
1717 1716 1721 1720
1717 1712 1713 1709
1718 1719 1722 1723
1718 1715 1714 1711
1719 1722 1723 1726
1719 1718 1715 1714
1720 1725 1724 1729
1720 1721 1716 1717
1721 1720 1725 1724
1721 1716 1717 1712
1722 1723 1726 1727
1722 1719 1718 1715
1723 1726 1727 1730
1723 1722 1719 1718
1724 1729 1728 1733
1724 1725 1720 1721
1725 1724 1729 1728
1725 1720 1721 1716
1726 1727 1730 1731
1726 1723 1722 1719
1727 1730 1731 1734
1727 1726 1723 1722
1728 1733 1732 1738
1728 1729 1724 1725
1729 1728 1733 1732
1729 1724 1725 1720
1730 1731 1734 1735
1730 1727 1726 1723
1731 1734 1735 1739
1731 1730 1727 1726
1732 1738 1737 1736
1732 1733 1728 1729
1733 1732 1738 1737
1733 1728 1729 1724
1734 1735 1739 1740
1734 1731 1730 1727
1735 1739 1740 1744
1735 1734 1731 1730
1736 1743 1742 1741
1736 1737 1738 1732
1737 1736 1743 1742
1737 1738 1732 1733
1738 1737 1736 1743
1738 1732 1733 1728
1739 1740 1744 1745
1739 1735 1734 1731
1740 1744 1745 1749
1740 1739 1735 1734
1741 1748 1747 1746
1741 1742 1743 1736
1742 1741 1748 1747
1742 1743 1736 1737
1743 1742 1741 1748
1743 1736 1737 1738
1744 1745 1749 1750
1744 1740 1739 1735
1745 1749 1750 1754
1745 1744 1740 1739
1746 1753 1752 1751
1746 1747 1748 1741
1747 1746 1753 1752
1747 1748 1741 1742
1748 1747 1746 1753
1748 1741 1742 1743
1749 1750 1754 1755
1749 1745 1744 1740
1750 1754 1755 1758
1750 1749 1745 1744
1751 1757 1756 1761
1751 1752 1753 1746
1752 1751 1757 1756
1752 1753 1746 1747
1753 1752 1751 1757
1753 1746 1747 1748
1754 1755 1758 1759
1754 1750 1749 1745
1755 1758 1759 1762
1755 1754 1750 1749
1756 1761 1760 1765
1756 1757 1751 1752
1757 1756 1761 1760
1757 1751 1752 1753
1758 1759 1762 1763
1758 1755 1754 1750
1759 1762 1763 1766
1759 1758 1755 1754
1760 1765 1764 1769
1760 1761 1756 1757
1761 1760 1765 1764
1761 1756 1757 1751
1762 1763 1766 1767
1762 1759 1758 1755
1763 1766 1767 1770
1763 1762 1759 1758
1764 1769 1768 1774
1764 1765 1760 1761
1765 1764 1769 1768
1765 1760 1761 1756
1766 1767 1770 1771
1766 1763 1762 1759
1767 1770 1771 1775
1767 1766 1763 1762
1768 1774 1773 1772
1768 1769 1764 1765
1769 1768 1774 1773
1769 1764 1765 1760
1770 1771 1775 1776
1770 1767 1766 1763
1771 1775 1776 1780
1771 1770 1767 1766
1772 1779 1778 1777
1772 1773 1774 1768
1773 1772 1779 1778
1773 1774 1768 1769
1774 1773 1772 1779
1774 1768 1769 1764
1775 1776 1780 1781
1775 1771 1770 1767
1776 1780 1781 1785
1776 1775 1771 1770
1777 1784 1783 1782
1777 1778 1779 1772
1778 1777 1784 1783
1778 1779 1772 1773
1779 1778 1777 1784
1779 1772 1773 1774
1780 1781 1785 1786
1780 1776 1775 1771
1781 1785 1786 1787
1781 1780 1776 1775
1782 1790 1789 1788
1782 1783 1784 1777
1783 1782 1790 1789
1783 1784 1777 1778
1784 1783 1782 1790
1784 1777 1778 1779
1785 1786 1787 1791
1785 1781 1780 1776
1786 1787 1791 1792
1786 1785 1781 1780
1787 1791 1792 1795
1787 1786 1785 1781
1788 1794 1793 1798
1788 1789 1790 1782
1789 1788 1794 1793
1789 1790 1782 1783
1790 1789 1788 1794
1790 1782 1783 1784
1791 1792 1795 1796
1791 1787 1786 1785
1792 1795 1796 1799
1792 1791 1787 1786
1793 1798 1797 1802
1793 1794 1788 1789
1794 1793 1798 1797
1794 1788 1789 1790
1795 1796 1799 1800
1795 1792 1791 1787
1796 1799 1800 1803
1796 1795 1792 1791
1797 1802 1801 1806
1797 1798 1793 1794
1798 1797 1802 1801
1798 1793 1794 1788
1799 1800 1803 1804
1799 1796 1795 1792
1800 1803 1804 1807
1800 1799 1796 1795
1801 1806 1805 1810
1801 1802 1797 1798
1802 1801 1806 1805
1802 1797 1798 1793
1803 1804 1807 1808
1803 1800 1799 1796
1804 1807 1808 1811
1804 1803 1800 1799
1805 1810 1809 1815
1805 1806 1801 1802
1806 1805 1810 1809
1806 1801 1802 1797
1807 1808 1811 1812
1807 1804 1803 1800
1808 1811 1812 1816
1808 1807 1804 1803
1809 1815 1814 1813
1809 1810 1805 1806
1810 1809 1815 1814
1810 1805 1806 1801
1811 1812 1816 1817
1811 1808 1807 1804
1812 1816 1817 1818
1812 1811 1808 1807
1813 1821 1820 1819
1813 1814 1815 1809
1814 1813 1821 1820
1814 1815 1809 1810
1815 1814 1813 1821
1815 1809 1810 1805
1816 1817 1818 1822
1816 1812 1811 1808
1817 1818 1822 1823
1817 1816 1812 1811
1818 1822 1823 1827
1818 1817 1816 1812
1819 1826 1825 1824
1819 1820 1821 1813
1820 1819 1826 1825
1820 1821 1813 1814
1821 1820 1819 1826
1821 1813 1814 1815
1822 1823 1827 1828
1822 1818 1817 1816
1823 1827 1828 1832
1823 1822 1818 1817
1824 1831 1830 1829
1824 1825 1826 1819
1825 1824 1831 1830
1825 1826 1819 1820
1826 1825 1824 1831
1826 1819 1820 1821
1827 1828 1832 1833
1827 1823 1822 1818
1828 1832 1833 1836
1828 1827 1823 1822
1829 1835 1834 1839
1829 1830 1831 1824
1830 1829 1835 1834
1830 1831 1824 1825
1831 1830 1829 1835
1831 1824 1825 1826
1832 1833 1836 1837
1832 1828 1827 1823
1833 1836 1837 1840
1833 1832 1828 1827
1834 1839 1838 1843
1834 1835 1829 1830
1835 1834 1839 1838
1835 1829 1830 1831
1836 1837 1840 1841
1836 1833 1832 1828
1837 1840 1841 1844
1837 1836 1833 1832
1838 1843 1842 1847
1838 1839 1834 1835
1839 1838 1843 1842
1839 1834 1835 1829
1840 1841 1844 1845
1840 1837 1836 1833
1841 1844 1845 1848
1841 1840 1837 1836
1842 1847 1846 1852
1842 1843 1838 1839
1843 1842 1847 1846
1843 1838 1839 1834
1844 1845 1848 1849
1844 1841 1840 1837
1845 1848 1849 1853
1845 1844 1841 1840
1846 1852 1851 1850
1846 1847 1842 1843
1847 1846 1852 1851
1847 1842 1843 1838
1848 1849 1853 1854
1848 1845 1844 1841
1849 1853 1854 1858
1849 1848 1845 1844
1850 1857 1856 1855
1850 1851 1852 1846
1851 1850 1857 1856
1851 1852 1846 1847
1852 1851 1850 1857
1852 1846 1847 1842
1853 1854 1858 1859
1853 1849 1848 1845
1854 1858 1859 1863
1854 1853 1849 1848
1855 1862 1861 1860
1855 1856 1857 1850
1856 1855 1862 1861
1856 1857 1850 1851
1857 1856 1855 1862
1857 1850 1851 1852
1858 1859 1863 1864
1858 1854 1853 1849
1859 1863 1864 1865
1859 1858 1854 1853
1860 1868 1867 1866
1860 1861 1862 1855
1861 1860 1868 1867
1861 1862 1855 1856
1862 1861 1860 1868
1862 1855 1856 1857
1863 1864 1865 1869
1863 1859 1858 1854
1864 1865 1869 1870
1864 1863 1859 1858
1865 1869 1870 1874
1865 1864 1863 1859
1866 1873 1872 1871
1866 1867 1868 1860
1867 1866 1873 1872
1867 1868 1860 1861
1868 1867 1866 1873
1868 1860 1861 1862
1869 1870 1874 1875
1869 1865 1864 1863
1870 1874 1875 1878
1870 1869 1865 1864
1871 1877 1876 1881
1871 1872 1873 1866
1872 1871 1877 1876
1872 1873 1866 1867
1873 1872 1871 1877
1873 1866 1867 1868
1874 1875 1878 1879
1874 1870 1869 1865
1875 1878 1879 1882
1875 1874 1870 1869
1876 1881 1880 1885
1876 1877 1871 1872
1877 1876 1881 1880
1877 1871 1872 1873
1878 1879 1882 1883
1878 1875 1874 1870
1879 1882 1883 1886
1879 1878 1875 1874
1880 1885 1884 1889
1880 1881 1876 1877
1881 1880 1885 1884
1881 1876 1877 1871
1882 1883 1886 1887
1882 1879 1878 1875
1883 1886 1887 1890
1883 1882 1879 1878
1884 1889 1888 1894
1884 1885 1880 1881
1885 1884 1889 1888
1885 1880 1881 1876
1886 1887 1890 1891
1886 1883 1882 1879
1887 1890 1891 1895
1887 1886 1883 1882
1888 1894 1893 1892
1888 1889 1884 1885
1889 1888 1894 1893
1889 1884 1885 1880
1890 1891 1895 1896
1890 1887 1886 1883
1891 1895 1896 1900
1891 1890 1887 1886
1892 1899 1898 1897
1892 1893 1894 1888
1893 1892 1899 1898
1893 1894 1888 1889
1894 1893 1892 1899
1894 1888 1889 1884
1895 1896 1900 1901
1895 1891 1890 1887
1896 1900 1901 1905
1896 1895 1891 1890
1897 1904 1903 1902
1897 1898 1899 1892
1898 1897 1904 1903
1898 1899 1892 1893
1899 1898 1897 1904
1899 1892 1893 1894
1900 1901 1905 1906
1900 1896 1895 1891
1901 1905 1906 1910
1901 1900 1896 1895
1902 1909 1908 1907
1902 1903 1904 1897
1903 1902 1909 1908
1903 1904 1897 1898
1904 1903 1902 1909
1904 1897 1898 1899
1905 1906 1910 1911
1905 1901 1900 1896
1906 1910 1911 1914
1906 1905 1901 1900
1907 1913 1912 1917
1907 1908 1909 1902
1908 1907 1913 1912
1908 1909 1902 1903
1909 1908 1907 1913
1909 1902 1903 1904
1910 1911 1914 1915
1910 1906 1905 1901
1911 1914 1915 1918
1911 1910 1906 1905
1912 1917 1916 1922
1912 1913 1907 1908
1913 1912 1917 1916
1913 1907 1908 1909
1914 1915 1918 1919
1914 1911 1910 1906
1915 1918 1919 1920
1915 1914 1911 1910
1916 1922 1921 1926
1916 1917 1912 1913
1917 1916 1922 1921
1917 1912 1913 1907
1918 1919 1920 1923
1918 1915 1914 1911
1919 1920 1923 1924
1919 1918 1915 1914
1920 1923 1924 1927
1920 1919 1918 1915
1921 1926 1925 1931
1921 1922 1916 1917
1922 1921 1926 1925
1922 1916 1917 1912
1923 1924 1927 1928
1923 1920 1919 1918
1924 1927 1928 1932
1924 1923 1920 1919
1925 1931 1930 1929
1925 1926 1921 1922
1926 1925 1931 1930
1926 1921 1922 1916
1927 1928 1932 1933
1927 1924 1923 1920
1928 1932 1933 1937
1928 1927 1924 1923
1929 1936 1935 1934
1929 1930 1931 1925
1930 1929 1936 1935
1930 1931 1925 1926
1931 1930 1929 1936
1931 1925 1926 1921
1932 1933 1937 1938
1932 1928 1927 1924
1933 1937 1938 1942
1933 1932 1928 1927
1934 1941 1940 1939
1934 1935 1936 1929
1935 1934 1941 1940
1935 1936 1929 1930
1936 1935 1934 1941
1936 1929 1930 1931
1937 1938 1942 1943
1937 1933 1932 1928
1938 1942 1943 1947
1938 1937 1933 1932
1939 1946 1945 1944
1939 1940 1941 1934
1940 1939 1946 1945
1940 1941 1934 1935
1941 1940 1939 1946
1941 1934 1935 1936
1942 1943 1947 1948
1942 1938 1937 1933
1943 1947 1948 1952
1943 1942 1938 1937
1944 1951 1950 1949
1944 1945 1946 1939
1945 1944 1951 1950
1945 1946 1939 1940
1946 1945 1944 1951
1946 1939 1940 1941
1947 1948 1952 1953
1947 1943 1942 1938
1948 1952 1953 1956
1948 1947 1943 1942
1949 1955 1954 1959
1949 1950 1951 1944
1950 1949 1955 1954
1950 1951 1944 1945
1951 1950 1949 1955
1951 1944 1945 1946
1952 1953 1956 1957
1952 1948 1947 1943
1953 1956 1957 1960
1953 1952 1948 1947
1954 1959 1958 1963
1954 1955 1949 1950
1955 1954 1959 1958
1955 1949 1950 1951
1956 1957 1960 1961
1956 1953 1952 1948
1957 1960 1961 1964
1957 1956 1953 1952
1958 1963 1962 1967
1958 1959 1954 1955
1959 1958 1963 1962
1959 1954 1955 1949
1960 1961 1964 1965
1960 1957 1956 1953
1961 1964 1965 1968
1961 1960 1957 1956
1962 1967 1966 1972
1962 1963 1958 1959
1963 1962 1967 1966
1963 1958 1959 1954
1964 1965 1968 1969
1964 1961 1960 1957
1965 1968 1969 1973
1965 1964 1961 1960
1966 1972 1971 1970
1966 1967 1962 1963
1967 1966 1972 1971
1967 1962 1963 1958
1968 1969 1973 1974
1968 1965 1964 1961
1969 1973 1974 1978
1969 1968 1965 1964
1970 1977 1976 1975
1970 1971 1972 1966
1971 1970 1977 1976
1971 1972 1966 1967
1972 1971 1970 1977
1972 1966 1967 1962
1973 1974 1978 1979
1973 1969 1968 1965
1974 1978 1979 1983
1974 1973 1969 1968
1975 1982 1981 1980
1975 1976 1977 1970
1976 1975 1982 1981
1976 1977 1970 1971
1977 1976 1975 1982
1977 1970 1971 1972
1978 1979 1983 1984
1978 1974 1973 1969
1979 1983 1984 1988
1979 1978 1974 1973
1980 1987 1986 1985
1980 1981 1982 1975
1981 1980 1987 1986
1981 1982 1975 1976
1982 1981 1980 1987
1982 1975 1976 1977
1983 1984 1988 1989
1983 1979 1978 1974
1984 1988 1989 1992
1984 1983 1979 1978
1985 1991 1990 1995
1985 1986 1987 1980
1986 1985 1991 1990
1986 1987 1980 1981
1987 1986 1985 1991
1987 1980 1981 1982
1988 1989 1992 1993
1988 1984 1983 1979
1989 1992 1993 1996
1989 1988 1984 1983
1990 1995 1994 1999
1990 1991 1985 1986
1991 1990 1995 1994
1991 1985 1986 1987
1992 1993 1996 1997
1992 1989 1988 1984
1993 1996 1997 2000
1993 1992 1989 1988
1994 1999 1998 2004
1994 1995 1990 1991
1995 1994 1999 1998
1995 1990 1991 1985
1996 1997 2000 2001
1996 1993 1992 1989
1997 2000 2001 2002
1997 1996 1993 1992
1998 2004 2003 2009
1998 1999 1994 1995
1999 1998 2004 2003
1999 1994 1995 1990
2000 2001 2002 2005
2000 1997 1996 1993
2001 2002 2005 2006
2001 2000 1997 1996
2002 2005 2006 2010
2002 2001 2000 1997
2003 2009 2008 2007
2003 2004 1998 1999
2004 2003 2009 2008
2004 1998 1999 1994
2005 2006 2010 2011
2005 2002 2001 2000
2006 2010 2011 2015
2006 2005 2002 2001
2007 2014 2013 2012
2007 2008 2009 2003
2008 2007 2014 2013
2008 2009 2003 2004
2009 2008 2007 2014
2009 2003 2004 1998
2010 2011 2015 2016
2010 2006 2005 2002
2011 2015 2016 2017
2011 2010 2006 2005
2012 2020 2019 2018
2012 2013 2014 2007
2013 2012 2020 2019
2013 2014 2007 2008
2014 2013 2012 2020
2014 2007 2008 2009
2015 2016 2017 2021
2015 2011 2010 2006
2016 2017 2021 2022
2016 2015 2011 2010
2017 2021 2022 2026
2017 2016 2015 2011
2018 2025 2024 2023
2018 2019 2020 2012
2019 2018 2025 2024
2019 2020 2012 2013
2020 2019 2018 2025
2020 2012 2013 2014
2021 2022 2026 2027
2021 2017 2016 2015
2022 2026 2027 2031
2022 2021 2017 2016
2023 2030 2029 2028
2023 2024 2025 2018
2024 2023 2030 2029
2024 2025 2018 2019
2025 2024 2023 2030
2025 2018 2019 2020
2026 2027 2031 2032
2026 2022 2021 2017
2027 2031 2032 2035
2027 2026 2022 2021
2028 2034 2033 2038
2028 2029 2030 2023
2029 2028 2034 2033
2029 2030 2023 2024
2030 2029 2028 2034
2030 2023 2024 2025
2031 2032 2035 2036
2031 2027 2026 2022
2032 2035 2036 2039
2032 2031 2027 2026
2033 2038 2037 2043
2033 2034 2028 2029
2034 2033 2038 2037
2034 2028 2029 2030
2035 2036 2039 2040
2035 2032 2031 2027
2036 2039 2040 2041
2036 2035 2032 2031
2037 2043 2042 2047
2037 2038 2033 2034
2038 2037 2043 2042
2038 2033 2034 2028
2039 2040 2041 2044
2039 2036 2035 2032
2040 2041 2044 2045
2040 2039 2036 2035
2041 2044 2045 2048
2041 2040 2039 2036
2042 2047 2046 2052
2042 2043 2037 2038
2043 2042 2047 2046
2043 2037 2038 2033
2044 2045 2048 2049
2044 2041 2040 2039
2045 2048 2049 2053
2045 2044 2041 2040
2046 2052 2051 2050
2046 2047 2042 2043
2047 2046 2052 2051
2047 2042 2043 2037
2048 2049 2053 2054
2048 2045 2044 2041
2049 2053 2054 2058
2049 2048 2045 2044
2050 2057 2056 2055
2050 2051 2052 2046
2051 2050 2057 2056
2051 2052 2046 2047
2052 2051 2050 2057
2052 2046 2047 2042
2053 2054 2058 2059
2053 2049 2048 2045
2054 2058 2059 2063
2054 2053 2049 2048
2055 2062 2061 2060
2055 2056 2057 2050
2056 2055 2062 2061
2056 2057 2050 2051
2057 2056 2055 2062
2057 2050 2051 2052
2058 2059 2063 2064
2058 2054 2053 2049
2059 2063 2064 2065
2059 2058 2054 2053
2060 2068 2067 2066
2060 2061 2062 2055
2061 2060 2068 2067
2061 2062 2055 2056
2062 2061 2060 2068
2062 2055 2056 2057
2063 2064 2065 2069
2063 2059 2058 2054
2064 2065 2069 2070
2064 2063 2059 2058
2065 2069 2070 2073
2065 2064 2063 2059
2066 2072 2071 2077
2066 2067 2068 2060
2067 2066 2072 2071
2067 2068 2060 2061
2068 2067 2066 2072
2068 2060 2061 2062
2069 2070 2073 2074
2069 2065 2064 2063
2070 2073 2074 2075
2070 2069 2065 2064
2071 2077 2076 2081
2071 2072 2066 2067
2072 2071 2077 2076
2072 2066 2067 2068
2073 2074 2075 2078
2073 2070 2069 2065
2074 2075 2078 2079
2074 2073 2070 2069
2075 2078 2079 2082
2075 2074 2073 2070
2076 2081 2080 2085
2076 2077 2071 2072
2077 2076 2081 2080
2077 2071 2072 2066
2078 2079 2082 2083
2078 2075 2074 2073
2079 2082 2083 2086
2079 2078 2075 2074
2080 2085 2084 2090
2080 2081 2076 2077
2081 2080 2085 2084
2081 2076 2077 2071
2082 2083 2086 2087
2082 2079 2078 2075
2083 2086 2087 2091
2083 2082 2079 2078
2084 2090 2089 2088
2084 2085 2080 2081
2085 2084 2090 2089
2085 2080 2081 2076
2086 2087 2091 2092
2086 2083 2082 2079
2087 2091 2092 2093
2087 2086 2083 2082
2088 2096 2095 2094
2088 2089 2090 2084
2089 2088 2096 2095
2089 2090 2084 2085
2090 2089 2088 2096
2090 2084 2085 2080
2091 2092 2093 2097
2091 2087 2086 2083
2092 2093 2097 2098
2092 2091 2087 2086
2093 2097 2098 2099
2093 2092 2091 2087
2094 2102 2101 2100
2094 2095 2096 2088
2095 2094 2102 2101
2095 2096 2088 2089
2096 2095 2094 2102
2096 2088 2089 2090
2097 2098 2099 2103
2097 2093 2092 2091
2098 2099 2103 2104
2098 2097 2093 2092
2099 2103 2104 2105
2099 2098 2097 2093
2100 2112 2111 2110
2100 2101 2102 2094
2101 2100 2112 2111
2101 2102 2094 2095
2102 2101 2100 2112
2102 2094 2095 2096
2103 2104 2105 2106
2103 2099 2098 2097
2104 2105 2106 2107
2104 2103 2099 2098
2105 2106 2107 2108
2105 2104 2103 2099
2106 2107 2108 2109
2106 2105 2104 2103
2107 2108 2109 2113
2107 2106 2105 2104
2108 2109 2113 2114
2108 2107 2106 2105
2109 2113 2114 2115
2109 2108 2107 2106
2110 2121 2120 2119
2110 2111 2112 2100
2111 2110 2121 2120
2111 2112 2100 2101
2112 2111 2110 2121
2112 2100 2101 2102
2113 2114 2115 2116
2113 2109 2108 2107
2114 2115 2116 2117
2114 2113 2109 2108
2115 2116 2117 2118
2115 2114 2113 2109
2116 2117 2118 2122
2116 2115 2114 2113
2117 2118 2122 2123
2117 2116 2115 2114
2118 2122 2123 2124
2118 2117 2116 2115
2119 2131 2130 2139
2119 2120 2121 2110
2120 2119 2131 2130
2120 2121 2110 2111
2121 2120 2119 2131
2121 2110 2111 2112
2122 2123 2124 2125
2122 2118 2117 2116
2123 2124 2125 2126
2123 2122 2118 2117
2124 2125 2126 2127
2124 2123 2122 2118
2125 2126 2127 2128
2125 2124 2123 2122
2126 2127 2128 2129
2126 2125 2124 2123
2127 2128 2129 2132
2127 2126 2125 2124
2128 2129 2132 2133
2128 2127 2126 2125
2129 2132 2133 2134
2129 2128 2127 2126
2130 2139 2138 2149
2130 2131 2119 2120
2131 2130 2139 2138
2131 2119 2120 2121
2132 2133 2134 2135
2132 2129 2128 2127
2133 2134 2135 2136
2133 2132 2129 2128
2134 2135 2136 2137
2134 2133 2132 2129
2135 2136 2137 2140
2135 2134 2133 2132
2136 2137 2140 2141
2136 2135 2134 2133
2137 2140 2141 2142
2137 2136 2135 2134
2138 2149 2148 2157
2138 2139 2130 2131
2139 2138 2149 2148
2139 2130 2131 2119
2140 2141 2142 2143
2140 2137 2136 2135
2141 2142 2143 2144
2141 2140 2137 2136
2142 2143 2144 2145
2142 2141 2140 2137
2143 2144 2145 2146
2143 2142 2141 2140
2144 2145 2146 2147
2144 2143 2142 2141
2145 2146 2147 2150
2145 2144 2143 2142
2146 2147 2150 2151
2146 2145 2144 2143
2147 2150 2151 2152
2147 2146 2145 2144
2148 2157 2156 2167
2148 2149 2138 2139
2149 2148 2157 2156
2149 2138 2139 2130
2150 2151 2152 2153
2150 2147 2146 2145
2151 2152 2153 2154
2151 2150 2147 2146
2152 2153 2154 2155
2152 2151 2150 2147
2153 2154 2155 2158
2153 2152 2151 2150
2154 2155 2158 2159
2154 2153 2152 2151
2155 2158 2159 2160
2155 2154 2153 2152
2156 2167 2166 2165
2156 2157 2148 2149
2157 2156 2167 2166
2157 2148 2149 2138
2158 2159 2160 2161
2158 2155 2154 2153
2159 2160 2161 2162
2159 2158 2155 2154
2160 2161 2162 2163
2160 2159 2158 2155
2161 2162 2163 2164
2161 2160 2159 2158
2162 2163 2164 2168
2162 2161 2160 2159
2163 2164 2168 2169
2163 2162 2161 2160
2164 2168 2169 2170
2164 2163 2162 2161
2165 2176 2175 2174
2165 2166 2167 2156
2166 2165 2176 2175
2166 2167 2156 2157
2167 2166 2165 2176
2167 2156 2157 2148
2168 2169 2170 2171
2168 2164 2163 2162
2169 2170 2171 2172
2169 2168 2164 2163
2170 2171 2172 2173
2170 2169 2168 2164
2171 2172 2173 2177
2171 2170 2169 2168
2172 2173 2177 2178
2172 2171 2170 2169
2173 2177 2178 2179
2173 2172 2171 2170
2174 2184 2183 2182
2174 2175 2176 2165
2175 2174 2184 2183
2175 2176 2165 2166
2176 2175 2174 2184
2176 2165 2166 2167
2177 2178 2179 2180
2177 2173 2172 2171
2178 2179 2180 2181
2178 2177 2173 2172
2179 2180 2181 2182
2179 2178 2177 2173
2180 2181 2182 2183
2180 2179 2178 2177
2181 2182 2183 2184
2181 2180 2179 2178
2182 2181 2180 2179
2182 2183 2184 2174
2183 2182 2181 2180
2183 2184 2174 2175
2184 2183 2182 2181
2184 2174 2175 2176
