0 18 17 16
0 1 2 3
1 0 18 17
1 2 3 4
2 1 0 18
2 3 4 5
3 4 5 6
3 2 1 0
4 5 6 7
4 3 2 1
5 6 7 8
5 4 3 2
6 7 8 9
6 5 4 3
7 8 9 10
7 6 5 4
8 9 10 11
8 7 6 5
9 10 11 12
9 8 7 6
10 11 12 13
10 9 8 7
11 12 13 14
11 10 9 8
12 13 14 15
12 11 10 9
13 14 15 19
13 12 11 10
14 15 19 20
14 13 12 11
15 19 20 21
15 14 13 12
16 66 65 110
16 17 18 0
17 16 66 65
17 18 0 1
18 17 16 66
18 0 1 2
19 20 21 22
19 15 14 13
20 21 22 23
20 19 15 14
21 22 23 24
21 20 19 15
22 23 24 25
22 21 20 19
23 24 25 26
23 22 21 20
24 25 26 27
24 23 22 21
25 26 27 28
25 24 23 22
26 27 28 29
26 25 24 23
27 28 29 30
27 26 25 24
28 29 30 31
28 27 26 25
29 30 31 32
29 28 27 26
30 31 32 33
30 29 28 27
31 32 33 34
31 30 29 28
32 33 34 35
32 31 30 29
33 34 35 36
33 32 31 30
34 35 36 37
34 33 32 31
35 36 37 38
35 34 33 32
36 37 38 39
36 35 34 33
37 38 39 40
37 36 35 34
38 39 40 41
38 37 36 35
39 40 41 42
39 38 37 36
40 41 42 43
40 39 38 37
41 42 43 44
41 40 39 38
42 43 44 45
42 41 40 39
43 44 45 46
43 42 41 40
44 45 46 47
44 43 42 41
45 46 47 48
45 44 43 42
46 47 48 49
46 45 44 43
47 48 49 50
47 46 45 44
48 49 50 51
48 47 46 45
49 50 51 52
49 48 47 46
50 51 52 53
50 49 48 47
51 52 53 54
51 50 49 48
52 53 54 55
52 51 50 49
53 54 55 56
53 52 51 50
54 55 56 57
54 53 52 51
55 56 57 58
55 54 53 52
56 57 58 59
56 55 54 53
57 58 59 60
57 56 55 54
58 59 60 61
58 57 56 55
59 60 61 62
59 58 57 56
60 61 62 63
60 59 58 57
61 62 63 64
61 60 59 58
62 63 64 67
62 61 60 59
63 64 67 68
63 62 61 60
64 67 68 69
64 63 62 61
65 110 109 114
65 66 16 17
66 65 110 109
66 16 17 18
67 68 69 70
67 64 63 62
68 69 70 71
68 67 64 63
69 70 71 72
69 68 67 64
70 71 72 73
70 69 68 67
71 72 73 74
71 70 69 68
72 73 74 75
72 71 70 69
73 74 75 76
73 72 71 70
74 75 76 77
74 73 72 71
75 76 77 78
75 74 73 72
76 77 78 79
76 75 74 73
77 78 79 80
77 76 75 74
78 79 80 81
78 77 76 75
79 80 81 82
79 78 77 76
80 81 82 83
80 79 78 77
81 82 83 84
81 80 79 78
82 83 84 85
82 81 80 79
83 84 85 86
83 82 81 80
84 85 86 87
84 83 82 81
85 86 87 88
85 84 83 82
86 87 88 89
86 85 84 83
87 88 89 90
87 86 85 84
88 89 90 91
88 87 86 85
89 90 91 92
89 88 87 86
90 91 92 93
90 89 88 87
91 92 93 94
91 90 89 88
92 93 94 95
92 91 90 89
93 94 95 96
93 92 91 90
94 95 96 97
94 93 92 91
95 96 97 98
95 94 93 92
96 97 98 99
96 95 94 93
97 98 99 100
97 96 95 94
98 99 100 101
98 97 96 95
99 100 101 102
99 98 97 96
100 101 102 103
100 99 98 97
101 102 103 104
101 100 99 98
102 103 104 105
102 101 100 99
103 104 105 106
103 102 101 100
104 105 106 107
104 103 102 101
105 106 107 108
105 104 103 102
106 107 108 111
106 105 104 103
107 108 111 112
107 106 105 104
108 111 112 115
108 107 106 105
109 114 113 117
109 110 65 66
110 109 114 113
110 65 66 16
111 112 115 118
111 108 107 106
112 115 118 121
112 111 108 107
113 117 116 120
113 114 109 110
114 113 117 116
114 109 110 65
115 118 121 124
115 112 111 108
116 120 119 123
116 117 113 114
117 116 120 119
117 113 114 109
118 121 124 127
118 115 112 111
119 123 122 126
119 120 116 117
120 119 123 122
120 116 117 113
121 124 127 130
121 118 115 112
122 126 125 129
122 123 119 120
123 122 126 125
123 119 120 116
124 127 130 133
124 121 118 115
125 129 128 132
125 126 122 123
126 125 129 128
126 122 123 119
127 130 133 136
127 124 121 118
128 132 131 135
128 129 125 126
129 128 132 131
129 125 126 122
130 133 136 139
130 127 124 121
131 135 134 138
131 132 128 129
132 131 135 134
132 128 129 125
133 136 139 142
133 130 127 124
134 138 137 141
134 135 131 132
135 134 138 137
135 131 132 128
136 139 142 145
136 133 130 127
137 141 140 144
137 138 134 135
138 137 141 140
138 134 135 131
139 142 145 149
139 136 133 130
140 144 143 147
140 141 137 138
141 140 144 143
141 137 138 134
142 145 149 153
142 139 136 133
143 147 146 151
143 144 140 141
144 143 147 146
144 140 141 137
145 149 153 157
145 142 139 136
146 151 150 155
146 147 143 144
147 146 151 150
147 143 144 140
148 152 156 161
149 153 157 162
149 145 142 139
150 155 154 159
150 151 146 147
151 150 155 154
151 146 147 143
152 156 161 160
153 157 162 163
153 149 145 142
154 159 158 165
154 155 150 151
155 154 159 158
155 150 151 146
156 161 160 167
156 152 148 -1
157 162 163 168
157 153 149 145
158 165 164 170
158 159 154 155
159 158 165 164
159 154 155 150
160 167 166 172
160 161 156 152
161 160 167 166
161 156 152 148
162 163 168 173
162 157 153 149
163 168 173 177
163 162 157 153
164 170 169 175
164 165 158 159
165 164 170 169
165 158 159 154
166 172 171 176
166 167 160 161
167 166 172 171
167 160 161 156
168 173 177 178
168 163 162 157
169 175 174 180
169 170 164 165
170 169 175 174
170 164 165 158
171 176 181 185
171 172 166 167
172 171 176 181
172 166 167 160
173 177 178 182
173 168 163 162
174 180 179 184
174 175 169 170
175 174 180 179
175 169 170 164
176 181 185 189
176 171 172 166
177 178 182 186
177 173 168 163
178 182 186 190
178 177 173 168
179 184 183 188
179 180 174 175
180 179 184 183
180 174 175 169
181 185 189 194
181 176 171 172
182 186 190 191
182 178 177 173
183 188 187 193
183 184 179 180
184 183 188 187
184 179 180 174
185 189 194 198
185 181 176 171
186 190 191 195
186 182 178 177
187 193 192 197
187 188 183 184
188 187 193 192
188 183 184 179
189 194 198 202
189 185 181 176
190 191 195 199
190 186 182 178
191 195 199 203
191 190 186 182
192 197 196 201
192 193 187 188
193 192 197 196
193 187 188 183
194 198 202 208
194 189 185 181
195 199 203 204
195 191 190 186
196 201 200 206
196 197 192 193
197 196 201 200
197 192 193 187
198 202 208 207
198 194 189 185
199 203 204 209
199 195 191 190
200 206 205 211
200 201 196 197
201 200 206 205
201 196 197 192
202 208 207 212
202 198 194 189
203 204 209 213
203 199 195 191
204 209 213 217
204 203 199 195
205 211 210 215
205 206 200 201
206 205 211 210
206 200 201 196
207 212 216 220
207 208 202 198
208 207 212 216
208 202 198 194
209 213 217 221
209 204 203 199
210 215 214 219
210 211 205 206
211 210 215 214
211 205 206 200
212 216 220 224
212 207 208 202
213 217 221 225
213 209 204 203
214 219 218 223
214 215 210 211
215 214 219 218
215 210 211 205
216 220 224 228
216 212 207 208
217 221 225 229
217 213 209 204
218 223 222 227
218 219 214 215
219 218 223 222
219 214 215 210
220 224 228 233
220 216 212 207
221 225 229 234
221 217 213 209
222 227 226 231
222 223 218 219
223 222 227 226
223 218 219 214
224 228 233 232
224 220 216 212
225 229 234 237
225 221 217 213
226 231 230 235
226 227 222 223
227 226 231 230
227 222 223 218
228 233 232 236
228 224 220 216
229 234 237 240
229 225 221 217
230 235 238 242
230 231 226 227
231 230 235 238
231 226 227 222
232 236 239 243
232 233 228 224
233 232 236 239
233 228 224 220
234 237 240 244
234 229 225 221
235 238 242 241
235 230 231 226
236 239 243 246
236 232 233 228
237 240 244 247
237 234 229 225
238 242 241 245
238 235 230 231
239 243 246 249
239 236 232 233
240 244 247 250
240 237 234 229
241 245 248 251
241 242 238 235
242 241 245 248
242 238 235 230
243 246 249 252
243 239 236 232
244 247 250 253
244 240 237 234
245 248 251 254
245 241 242 238
246 249 252 255
246 243 239 236
247 250 253 256
247 244 240 237
248 251 254 258
248 245 241 242
249 252 255 259
249 246 243 239
250 253 256 257
250 247 244 240
251 254 258 261
251 248 245 241
252 255 259 262
252 249 246 243
253 256 257 260
253 250 247 244
254 258 261 264
254 251 248 245
255 259 262 265
255 252 249 246
256 257 260 263
256 253 250 247
257 260 263 266
257 256 253 250
258 261 264 268
258 254 251 248
259 262 265 269
259 255 252 249
260 263 266 267
260 257 256 253
261 264 268 271
261 258 254 251
262 265 269 272
262 259 255 252
263 266 267 270
263 260 257 256
264 268 271 274
264 261 258 254
265 269 272 275
265 262 259 255
266 267 270 273
266 263 260 257
267 270 273 276
267 266 263 260
268 271 274 279
268 264 261 258
269 272 275 280
269 265 262 259
270 273 276 277
270 267 266 263
271 274 279 278
271 268 264 261
272 275 280 283
272 269 265 262
273 276 277 281
273 270 267 266
274 279 278 282
274 271 268 264
275 280 283 286
275 272 269 265
276 277 281 284
276 273 270 267
277 281 284 287
277 276 273 270
278 282 285 289
278 279 274 271
279 278 282 285
279 274 271 268
280 283 286 290
280 275 272 269
281 284 287 288
281 277 276 273
282 285 289 292
282 278 279 274
283 286 290 293
283 280 275 272
284 287 288 291
284 281 277 276
285 289 292 295
285 282 278 279
286 290 293 296
286 283 280 275
287 288 291 294
287 284 281 277
288 291 294 297
288 287 284 281
289 292 295 298
289 285 282 278
290 293 296 299
290 286 283 280
291 294 297 300
291 288 287 284
292 295 298 302
292 289 285 282
293 296 299 303
293 290 286 283
294 297 300 304
294 291 288 287
295 298 302 301
295 292 289 285
296 299 303 306
296 293 290 286
297 300 304 307
297 294 291 288
298 302 301 305
298 295 292 289
299 303 306 309
299 296 293 290
300 304 307 310
300 297 294 291
301 305 308 311
301 302 298 295
302 301 305 308
302 298 295 292
303 306 309 312
303 299 296 293
304 307 310 313
304 300 297 294
305 308 311 314
305 301 302 298
306 309 312 315
306 303 299 296
307 310 313 316
307 304 300 297
308 311 314 317
308 305 301 302
309 312 315 318
309 306 303 299
310 313 316 319
310 307 304 300
311 314 317 320
311 308 305 301
312 315 318 321
312 309 306 303
313 316 319 322
313 310 307 304
314 317 320 323
314 311 308 305
315 318 321 324
315 312 309 306
316 319 322 325
316 313 310 307
317 320 323 326
317 314 311 308
318 321 324 327
318 315 312 309
319 322 325 328
319 316 313 310
320 323 326 329
320 317 314 311
321 324 327 330
321 318 315 312
322 325 328 331
322 319 316 313
323 326 329 332
323 320 317 314
324 327 330 333
324 321 318 315
325 328 331 334
325 322 319 316
326 329 332 335
326 323 320 317
327 330 333 336
327 324 321 318
328 331 334 337
328 325 322 319
329 332 335 338
329 326 323 320
330 333 336 339
330 327 324 321
331 334 337 340
331 328 325 322
332 335 338 341
332 329 326 323
333 336 339 342
333 330 327 324
334 337 340 343
334 331 328 325
335 338 341 344
335 332 329 326
336 339 342 345
336 333 330 327
337 340 343 346
337 334 331 328
338 341 344 347
338 335 332 329
339 342 345 348
339 336 333 330
340 343 346 349
340 337 334 331
341 344 347 351
341 338 335 332
342 345 348 352
342 339 336 333
343 346 349 350
343 340 337 334
344 347 351 354
344 341 338 335
345 348 352 355
345 342 339 336
346 349 350 353
346 343 340 337
347 351 354 358
347 344 341 338
348 352 355 356
348 345 342 339
349 350 353 357
349 346 343 340
350 353 357 360
350 349 346 343
351 354 358 362
351 347 344 341
352 355 356 359
352 348 345 342
353 357 360 361
353 350 349 346
354 358 362 366
354 351 347 344
355 356 359 363
355 352 348 345
356 359 363 364
356 355 352 348
357 360 361 365
357 353 350 349
358 362 366 369
358 354 351 347
359 363 364 367
359 356 355 352
360 361 365 368
360 357 353 350
361 365 368 372
361 360 357 353
362 366 369 373
362 358 354 351
363 364 367 370
363 359 356 355
364 367 370 371
364 363 359 356
365 368 372 375
365 361 360 357
366 369 373 376
366 362 358 354
367 370 371 374
367 364 363 359
368 372 375 378
368 365 361 360
369 373 376 379
369 366 362 358
370 371 374 377
370 367 364 363
371 374 377 380
371 370 367 364
372 375 378 382
372 368 365 361
373 376 379 384
373 369 366 362
374 377 380 381
374 371 370 367
375 378 382 386
375 372 368 365
376 379 384 383
376 373 369 366
377 380 381 385
377 374 371 370
378 382 386 389
378 375 372 368
379 384 383 387
379 376 373 369
380 381 385 388
380 377 374 371
381 385 388 391
381 380 377 374
382 386 389 393
382 378 375 372
383 387 390 394
383 384 379 376
384 383 387 390
384 379 376 373
385 388 391 392
385 381 380 377
386 389 393 396
386 382 378 375
387 390 394 397
387 383 384 379
388 391 392 395
388 385 381 380
389 393 396 399
389 386 382 378
390 394 397 400
390 387 383 384
391 392 395 398
391 388 385 381
392 395 398 401
392 391 388 385
393 396 399 403
393 389 386 382
394 397 400 404
394 390 387 383
395 398 401 402
395 392 391 388
396 399 403 407
396 393 389 386
397 400 404 408
397 394 390 387
398 401 402 405
398 395 392 391
399 403 407 410
399 396 393 389
400 404 408 411
400 397 394 390
401 402 405 406
401 398 395 392
402 405 406 409
402 401 398 395
403 407 410 414
403 399 396 393
404 408 411 415
404 400 397 394
405 406 409 412
405 402 401 398
406 409 412 413
406 405 402 401
407 410 414 418
407 403 399 396
408 411 415 419
408 404 400 397
409 412 413 416
409 406 405 402
410 414 418 423
410 407 403 399
411 415 419 424
411 408 404 400
412 413 416 417
412 409 406 405
413 416 417 421
413 412 409 406
414 418 423 427
414 410 407 403
415 419 424 428
415 411 408 404
416 417 421 422
416 413 412 409
417 421 422 426
417 416 413 412
418 423 427 432
418 414 410 407
419 424 428 433
419 415 411 408
420 425 429 434
421 422 426 430
421 417 416 413
422 426 430 431
422 421 417 416
423 427 432 437
423 418 414 410
424 428 433 439
424 419 415 411
425 429 434 440
426 430 431 435
426 422 421 417
427 432 437 438
427 423 418 414
428 433 439 444
428 424 419 415
429 434 440 445
429 425 420 -1
430 431 435 436
430 426 422 421
431 435 436 441
431 430 426 422
432 437 438 443
432 427 423 418
433 439 444 449
433 428 424 419
434 440 445 450
434 429 425 420
435 436 441 442
435 431 430 426
436 441 442 446
436 435 431 430
437 438 443 448
437 432 427 423
438 443 448 452
438 437 432 427
439 444 449 454
439 433 428 424
440 445 450 455
440 434 429 425
441 442 446 447
441 436 435 431
442 446 447 451
442 441 436 435
443 448 452 453
443 438 437 432
444 449 454 458
444 439 433 428
445 450 455 459
445 440 434 429
446 447 451 456
446 442 441 436
447 451 456 460
447 446 442 441
448 452 453 457
448 443 438 437
449 454 458 463
449 444 439 433
450 455 459 464
450 445 440 434
451 456 460 461
451 447 446 442
452 453 457 462
452 448 443 438
453 457 462 467
453 452 448 443
454 458 463 469
454 449 444 439
455 459 464 470
455 450 445 440
456 460 461 465
456 451 447 446
457 462 467 468
457 453 452 448
458 463 469 474
458 454 449 444
459 464 470 475
459 455 450 445
460 461 465 466
460 456 451 447
461 465 466 471
461 460 456 451
462 467 468 473
462 457 453 452
463 469 474 479
463 458 454 449
464 470 475 480
464 459 455 450
465 466 471 472
465 461 460 456
466 471 472 476
466 465 461 460
467 468 473 478
467 462 457 453
468 473 478 483
468 467 462 457
469 474 479 485
469 463 458 454
470 475 480 486
470 464 459 455
471 472 476 477
471 466 465 461
472 476 477 481
472 471 466 465
473 478 483 484
473 468 467 462
474 479 485 490
474 469 463 458
475 480 486 491
475 470 464 459
476 477 481 482
476 472 471 466
477 481 482 487
477 476 472 471
478 483 484 489
478 473 468 467
479 485 490 495
479 474 469 463
480 486 491 496
480 475 470 464
481 482 487 488
481 477 476 472
482 487 488 492
482 481 477 476
483 484 489 494
483 478 473 468
484 489 494 499
484 483 478 473
485 490 495 500
485 479 474 469
486 491 496 501
486 480 475 470
487 488 492 493
487 482 481 477
488 492 493 497
488 487 482 481
489 494 499 504
489 484 483 478
490 495 500 505
490 485 479 474
491 496 501 506
491 486 480 475
492 493 497 498
492 488 487 482
493 497 498 502
493 492 488 487
494 499 504 509
494 489 484 483
495 500 505 510
495 490 485 479
496 501 506 511
496 491 486 480
497 498 502 503
497 493 492 488
498 502 503 507
498 497 493 492
499 504 509 514
499 494 489 484
500 505 510 515
500 495 490 485
501 506 511 516
501 496 491 486
502 503 507 508
502 498 497 493
503 507 508 512
503 502 498 497
504 509 514 519
504 499 494 489
505 510 515 520
505 500 495 490
506 511 516 521
506 501 496 491
507 508 512 513
507 503 502 498
508 512 513 517
508 507 503 502
509 514 519 524
509 504 499 494
510 515 520 525
510 505 500 495
511 516 521 526
511 506 501 496
512 513 517 518
512 508 507 503
513 517 518 522
513 512 508 507
514 519 524 529
514 509 504 499
515 520 525 530
515 510 505 500
516 521 526 531
516 511 506 501
517 518 522 523
517 513 512 508
518 522 523 527
518 517 513 512
519 524 529 534
519 514 509 504
520 525 530 535
520 515 510 505
521 526 531 536
521 516 511 506
522 523 527 528
522 518 517 513
523 527 528 532
523 522 518 517
524 529 534 539
524 519 514 509
525 530 535 540
525 520 515 510
526 531 536 541
526 521 516 511
527 528 532 533
527 523 522 518
528 532 533 537
528 527 523 522
529 534 539 544
529 524 519 514
530 535 540 545
530 525 520 515
531 536 541 546
531 526 521 516
532 533 537 538
532 528 527 523
533 537 538 542
533 532 528 527
534 539 544 550
534 529 524 519
535 540 545 551
535 530 525 520
536 541 546 552
536 531 526 521
537 538 542 543
537 533 532 528
538 542 543 547
538 537 533 532
539 544 550 555
539 534 529 524
540 545 551 557
540 535 530 525
541 546 552 558
541 536 531 526
542 543 547 548
542 538 537 533
543 547 548 549
543 542 538 537
544 550 555 556
544 539 534 529
545 551 557 562
545 540 535 530
546 552 558 563
546 541 536 531
547 548 549 553
547 543 542 538
548 549 553 554
548 547 543 542
549 553 554 559
549 548 547 543
550 555 556 561
550 544 539 534
551 557 562 567
551 545 540 535
552 558 563 568
552 546 541 536
553 554 559 560
553 549 548 547
554 559 560 564
554 553 549 548
555 556 561 566
555 550 544 539
556 561 566 571
556 555 550 544
557 562 567 573
557 551 545 540
558 563 568 574
558 552 546 541
559 560 564 565
559 554 553 549
560 564 565 569
560 559 554 553
561 566 571 572
561 556 555 550
562 567 573 578
562 557 551 545
563 568 574 579
563 558 552 546
564 565 569 570
564 560 559 554
565 569 570 575
565 564 560 559
566 571 572 577
566 561 556 555
567 573 578 584
567 562 557 551
568 574 579 585
568 563 558 552
569 570 575 576
569 565 564 560
570 575 576 580
570 569 565 564
571 572 577 583
571 566 561 556
572 577 583 588
572 571 566 561
573 578 584 590
573 567 562 557
574 579 585 591
574 568 563 558
575 576 580 581
575 570 569 565
576 580 581 582
576 575 570 569
577 583 588 589
577 572 571 566
578 584 590 595
578 573 567 562
579 585 591 596
579 574 568 563
580 581 582 586
580 576 575 570
581 582 586 587
581 580 576 575
582 586 587 592
582 581 580 576
583 588 589 594
583 577 572 571
584 590 595 599
584 578 573 567
585 591 596 600
585 579 574 568
586 587 592 593
586 582 581 580
587 592 593 597
587 586 582 581
588 589 594 598
588 583 577 572
589 594 598 602
589 588 583 577
590 595 599 603
590 584 578 573
591 596 600 604
591 585 579 574
592 593 597 601
592 587 586 582
593 597 601 605
593 592 587 586
594 598 602 606
594 589 588 583
595 599 603 607
595 590 584 578
596 600 604 608
596 591 585 579
597 601 605 609
597 593 592 587
598 602 606 610
598 594 589 588
599 603 607 611
599 595 590 584
600 604 608 612
600 596 591 585
601 605 609 613
601 597 593 592
602 606 610 614
602 598 594 589
603 607 611 615
603 599 595 590
604 608 612 616
604 600 596 591
605 609 613 618
605 601 597 593
606 610 614 619
606 602 598 594
607 611 615 620
607 603 599 595
608 612 616 621
608 604 600 596
609 613 618 617
609 605 601 597
610 614 619 623
610 606 602 598
611 615 620 624
611 607 603 599
612 616 621 625
612 608 604 600
613 618 617 622
613 609 605 601
614 619 623 628
614 610 606 602
615 620 624 629
615 611 607 603
616 621 625 630
616 612 608 604
617 622 627 626
617 618 613 609
618 617 622 627
618 613 609 605
619 623 628 632
619 614 610 606
620 624 629 633
620 615 611 607
621 625 630 634
621 616 612 608
622 627 626 631
622 617 618 613
623 628 632 637
623 619 614 610
624 629 633 638
624 620 615 611
625 630 634 642
625 621 616 612
626 631 636 635
626 627 622 617
627 626 631 636
627 622 617 618
628 632 637 644
628 623 619 614
629 633 638 645
629 624 620 615
630 634 642 651
630 625 621 616
631 636 635 643
631 626 627 622
632 637 644 653
632 628 623 619
633 638 645 654
633 629 624 620
634 642 651 657
634 630 625 621
635 643 652 658
635 636 631 626
636 635 643 652
636 631 626 627
637 644 653 659
637 632 628 623
638 645 654 660
638 633 629 624
639 647 646 655
639 640 641 648
640 641 648 649
640 639 647 646
641 648 649 650
641 640 639 647
642 651 657 664
642 634 630 625
643 652 658 665
643 635 636 631
644 653 659 666
644 637 632 628
645 654 660 667
645 638 633 629
646 655 661 668
646 647 639 640
647 646 655 661
647 639 640 641
648 649 650 656
648 641 640 639
649 650 656 662
649 648 641 640
650 656 662 663
650 649 648 641
651 657 664 670
651 642 634 630
652 658 665 671
652 643 635 636
653 659 666 672
653 644 637 632
654 660 667 673
654 645 638 633
655 661 668 674
655 646 647 639
656 662 663 669
656 650 649 648
657 664 670 676
657 651 642 634
658 665 671 677
658 652 643 635
659 666 672 678
659 653 644 637
660 667 673 679
660 654 645 638
661 668 674 680
661 655 646 647
661 655 647 639
662 663 669 675
662 656 650 649
663 669 675 681
663 662 656 650
664 670 676 682
664 657 651 642
665 671 677 684
665 658 652 643
666 672 678 685
666 659 653 644
667 673 679 686
667 660 654 645
668 674 680 688
668 661 655 646
668 661 647 639
669 675 681 689
669 663 662 656
670 676 682 690
670 664 657 651
671 677 684 683
671 665 658 652
672 678 685 692
672 666 659 653
673 679 686 693
673 667 660 654
674 680 688 687
674 668 661 655
675 681 689 695
675 669 663 662
676 682 690 696
676 670 664 657
677 684 683 691
677 671 665 658
678 685 692 699
678 672 666 659
679 686 693 700
679 673 667 660
680 688 687 694
680 674 668 661
681 689 695 702
681 675 669 663
682 690 696 703
682 676 670 664
683 691 698 697
683 684 677 671
684 683 691 698
684 677 671 665
685 692 699 705
685 678 672 666
686 693 700 706
686 679 673 667
687 694 701 707
687 688 680 674
688 687 694 701
688 680 674 668
689 695 702 708
689 681 675 669
690 696 703 709
690 682 676 670
691 698 697 704
691 683 684 677
692 699 705 712
692 685 678 672
693 700 706 713
693 686 679 673
694 701 707 714
694 687 688 680
695 702 708 715
695 689 681 675
696 703 709 716
696 690 682 676
697 704 711 710
697 698 691 683
698 697 704 711
698 691 683 684
699 705 712 718
699 692 685 678
700 706 713 719
700 693 686 679
701 707 714 720
701 694 687 688
702 708 715 721
702 695 689 681
703 709 716 722
703 696 690 682
704 711 710 717
704 697 698 691
705 712 718 725
705 699 692 685
706 713 719 726
706 700 693 686
707 714 720 727
707 701 694 687
708 715 721 728
708 702 695 689
709 716 722 729
709 703 696 690
710 717 724 723
710 711 704 697
711 710 717 724
711 704 697 698
712 718 725 731
712 705 699 692
713 719 726 732
713 706 700 693
714 720 727 733
714 707 701 694
715 721 728 734
715 708 702 695
716 722 729 735
716 709 703 696
717 724 723 730
717 710 711 704
718 725 731 737
718 712 705 699
719 726 732 738
719 713 706 700
720 727 733 739
720 714 707 701
721 728 734 740
721 715 708 702
722 729 735 741
722 716 709 703
723 730 736 742
723 724 717 710
724 723 730 736
724 717 710 711
725 731 737 743
725 718 712 705
726 732 738 744
726 719 713 706
727 733 739 745
727 720 714 707
728 734 740 746
728 721 715 708
729 735 741 747
729 722 716 709
730 736 742 748
730 723 724 717
731 737 743 749
731 725 718 712
732 738 744 750
732 726 719 713
733 739 745 751
733 727 720 714
734 740 746 752
734 728 721 715
735 741 747 753
735 729 722 716
736 742 748 755
736 730 723 724
737 743 749 756
737 731 725 718
738 744 750 757
738 732 726 719
739 745 751 759
739 733 727 720
740 746 752 760
740 734 728 721
741 747 753 761
741 735 729 722
742 748 755 754
742 736 730 723
743 749 756 763
743 737 731 725
744 750 757 764
744 738 732 726
745 751 759 758
745 739 733 727
746 752 760 766
746 740 734 728
747 753 761 767
747 741 735 729
748 755 754 762
748 742 736 730
749 756 763 770
749 743 737 731
750 757 764 771
750 744 738 732
751 759 758 765
751 745 739 733
752 760 766 773
752 746 740 734
753 761 767 774
753 747 741 735
754 762 769 768
754 755 748 742
755 754 762 769
755 748 742 736
756 763 770 776
756 749 743 737
757 764 771 777
757 750 744 738
758 765 772 778
758 759 751 745
759 758 765 772
759 751 745 739
760 766 773 779
760 752 746 740
761 767 774 780
761 753 747 741
762 769 768 775
762 754 755 748
763 770 776 782
763 756 749 743
764 771 777 783
764 757 750 744
765 772 778 784
765 758 759 751
766 773 779 785
766 760 752 746
767 774 780 786
767 761 753 747
768 775 781 787
768 769 762 754
769 768 775 781
769 762 754 755
770 776 782 788
770 763 756 749
771 777 783 789
771 764 757 750
772 778 784 790
772 765 758 759
773 779 785 791
773 766 760 752
774 780 786 792
774 767 761 753
775 781 787 793
775 768 769 762
776 782 788 794
776 770 763 756
777 783 789 795
777 771 764 757
778 784 790 796
778 772 765 758
779 785 791 797
779 773 766 760
780 786 792 798
780 774 767 761
781 787 793 800
781 775 768 769
782 788 794 801
782 776 770 763
783 789 795 802
783 777 771 764
784 790 796 803
784 778 772 765
785 791 797 804
785 779 773 766
786 792 798 805
786 780 774 767
787 793 800 799
787 781 775 768
788 794 801 807
788 782 776 770
789 795 802 808
789 783 777 771
790 796 803 809
790 784 778 772
791 797 804 810
791 785 779 773
792 798 805 811
792 786 780 774
793 800 799 806
793 787 781 775
794 801 807 813
794 788 782 776
795 802 808 814
795 789 783 777
796 803 809 815
796 790 784 778
797 804 810 816
797 791 785 779
798 805 811 817
798 792 786 780
799 806 812 818
799 800 793 787
800 799 806 812
800 793 787 781
801 807 813 819
801 794 788 782
802 808 814 820
802 795 789 783
803 809 815 821
803 796 790 784
804 810 816 822
804 797 791 785
805 811 817 823
805 798 792 786
806 812 818 824
806 799 800 793
807 813 819 825
807 801 794 788
808 814 820 826
808 802 795 789
809 815 821 827
809 803 796 790
810 816 822 828
810 804 797 791
811 817 823 829
811 805 798 792
812 818 824 831
812 806 799 800
813 819 825 832
813 807 801 794
814 820 826 833
814 808 802 795
815 821 827 834
815 809 803 796
816 822 828 835
816 810 804 797
817 823 829 836
817 811 805 798
818 824 831 830
818 812 806 799
819 825 832 838
819 813 807 801
820 826 833 839
820 814 808 802
821 827 834 840
821 815 809 803
822 828 835 841
822 816 810 804
823 829 836 842
823 817 811 805
824 831 830 837
824 818 812 806
825 832 838 844
825 819 813 807
826 833 839 845
826 820 814 808
827 834 840 846
827 821 815 809
828 835 841 847
828 822 816 810
829 836 842 849
829 823 817 811
830 837 843 850
830 831 824 818
831 830 837 843
831 824 818 812
832 838 844 851
832 825 819 813
833 839 845 852
833 826 820 814
834 840 846 853
834 827 821 815
835 841 847 848
835 828 822 816
836 842 849 855
836 829 823 817
837 843 850 856
837 830 831 824
838 844 851 857
838 832 825 819
839 845 852 858
839 833 826 820
840 846 853 859
840 834 827 821
841 847 848 854
841 835 828 822
842 849 855 861
842 836 829 823
843 850 856 862
843 837 830 831
844 851 857 863
844 838 832 825
845 852 858 864
845 839 833 826
846 853 859 865
846 840 834 827
847 848 854 860
847 841 835 828
848 854 860 866
848 847 841 835
849 855 861 867
849 842 836 829
850 856 862 868
850 843 837 830
851 857 863 869
851 844 838 832
852 858 864 870
852 845 839 833
853 859 865 871
853 846 840 834
854 860 866 872
854 848 847 841
855 861 867 873
855 849 842 836
856 862 868 874
856 850 843 837
857 863 869 875
857 851 844 838
858 864 870 876
858 852 845 839
859 865 871 877
859 853 846 840
860 866 872 878
860 854 848 847
861 867 873 879
861 855 849 842
862 868 874 881
862 856 850 843
863 869 875 882
863 857 851 844
864 870 876 883
864 858 852 845
865 871 877 884
865 859 853 846
866 872 878 885
866 860 854 848
867 873 879 886
867 861 855 849
868 874 881 880
868 862 856 850
869 875 882 888
869 863 857 851
870 876 883 889
870 864 858 852
871 877 884 890
871 865 859 853
872 878 885 891
872 866 860 854
873 879 886 892
873 867 861 855
874 881 880 887
874 868 862 856
875 882 888 894
875 869 863 857
876 883 889 895
876 870 864 858
877 884 890 896
877 871 865 859
878 885 891 897
878 872 866 860
879 886 892 898
879 873 867 861
880 887 893 900
880 881 874 868
881 880 887 893
881 874 868 862
882 888 894 901
882 875 869 863
883 889 895 902
883 876 870 864
884 890 896 903
884 877 871 865
885 891 897 904
885 878 872 866
886 892 898 905
886 879 873 867
887 893 900 899
887 880 881 874
888 894 901 907
888 882 875 869
889 895 902 908
889 883 876 870
890 896 903 909
890 884 877 871
891 897 904 910
891 885 878 872
892 898 905 911
892 886 879 873
893 900 899 906
893 887 880 881
894 901 907 913
894 888 882 875
895 902 908 914
895 889 883 876
896 903 909 915
896 890 884 877
897 904 910 916
897 891 885 878
898 905 911 917
898 892 886 879
899 906 912 918
899 900 893 887
900 899 906 912
900 893 887 880
901 907 913 919
901 894 888 882
902 908 914 920
902 895 889 883
903 909 915 921
903 896 890 884
904 910 916 922
904 897 891 885
905 911 917 923
905 898 892 886
906 912 918 924
906 899 900 893
907 913 919 925
907 901 894 888
908 914 920 927
908 902 895 889
909 915 921 928
909 903 896 890
910 916 922 929
910 904 897 891
911 917 923 930
911 905 898 892
912 918 924 931
912 906 899 900
913 919 925 932
913 907 901 894
914 920 927 926
914 908 902 895
915 921 928 934
915 909 903 896
916 922 929 935
916 910 904 897
917 923 930 936
917 911 905 898
918 924 931 937
918 912 906 899
919 925 932 938
919 913 907 901
920 927 926 933
920 914 908 902
921 928 934 940
921 915 909 903
922 929 935 941
922 916 910 904
923 930 936 942
923 917 911 905
924 931 937 943
924 918 912 906
925 932 938 944
925 919 913 907
926 933 939 945
926 927 920 914
927 926 933 939
927 920 914 908
928 934 940 947
928 921 915 909
929 935 941 948
929 922 916 910
930 936 942 949
930 923 917 911
931 937 943 950
931 924 918 912
932 938 944 951
932 925 919 913
933 939 945 952
933 926 927 920
934 940 947 946
934 928 921 915
935 941 948 954
935 929 922 916
936 942 949 955
936 930 923 917
937 943 950 957
937 931 924 918
938 944 951 958
938 932 925 919
939 945 952 959
939 933 926 927
940 947 946 953
940 934 928 921
941 948 954 961
941 935 929 922
942 949 955 962
942 936 930 923
943 950 957 956
943 937 931 924
944 951 958 964
944 938 932 925
945 952 959 965
945 939 933 926
946 953 960 966
946 947 940 934
947 946 953 960
947 940 934 928
948 954 961 967
948 941 935 929
949 955 962 968
949 942 936 930
950 957 956 963
950 943 937 931
951 958 964 970
951 944 938 932
952 959 965 971
952 945 939 933
953 960 966 972
953 946 947 940
954 961 967 973
954 948 941 935
955 962 968 974
955 949 942 936
956 963 969 976
956 957 950 943
957 956 963 969
957 950 943 937
958 964 970 977
958 951 944 938
959 965 971 978
959 952 945 939
960 966 972 979
960 953 946 947
961 967 973 980
961 954 948 941
962 968 974 981
962 955 949 942
963 969 976 975
963 956 957 950
964 970 977 983
964 958 951 944
965 971 978 984
965 959 952 945
966 972 979 985
966 960 953 946
967 973 980 986
967 961 954 948
968 974 981 987
968 962 955 949
969 976 975 982
969 963 956 957
970 977 983 989
970 964 958 951
971 978 984 990
971 965 959 952
972 979 985 991
972 966 960 953
973 980 986 992
973 967 961 954
974 981 987 993
974 968 962 955
975 982 988 994
975 976 969 963
976 975 982 988
976 969 963 956
977 983 989 995
977 970 964 958
978 984 990 996
978 971 965 959
979 985 991 997
979 972 966 960
980 986 992 998
980 973 967 961
981 987 993 999
981 974 968 962
982 988 994 1000
982 975 976 969
983 989 995 1001
983 977 970 964
984 990 996 1002
984 978 971 965
985 991 997 1003
985 979 972 966
986 992 998 1004
986 980 973 967
987 993 999 1005
987 981 974 968
988 994 1000 1006
988 982 975 976
989 995 1001 1007
989 983 977 970
990 996 1002 1008
990 984 978 971
991 997 1003 1009
991 985 979 972
992 998 1004 1010
992 986 980 973
993 999 1005 1011
993 987 981 974
994 1000 1006 1012
994 988 982 975
995 1001 1007 1013
995 989 983 977
996 1002 1008 1014
996 990 984 978
997 1003 1009 1015
997 991 985 979
998 1004 1010 1016
998 992 986 980
999 1005 1011 1017
999 993 987 981
1000 1006 1012 1019
1000 994 988 982
1001 1007 1013 1020
1001 995 989 983
1002 1008 1014 1021
1002 996 990 984
1003 1009 1015 1022
1003 997 991 985
1004 1010 1016 1023
1004 998 992 986
1005 1011 1017 1024
1005 999 993 987
1006 1012 1019 1018
1006 1000 994 988
1007 1013 1020 1026
1007 1001 995 989
1008 1014 1021 1027
1008 1002 996 990
1009 1015 1022 1028
1009 1003 997 991
1010 1016 1023 1029
1010 1004 998 992
1011 1017 1024 1030
1011 1005 999 993
1012 1019 1018 1025
1012 1006 1000 994
1013 1020 1026 1032
1013 1007 1001 995
1014 1021 1027 1033
1014 1008 1002 996
1015 1022 1028 1034
1015 1009 1003 997
1016 1023 1029 1035
1016 1010 1004 998
1017 1024 1030 1036
1017 1011 1005 999
1018 1025 1031 1037
1018 1019 1012 1006
1019 1018 1025 1031
1019 1012 1006 1000
1020 1026 1032 1038
1020 1013 1007 1001
1021 1027 1033 1039
1021 1014 1008 1002
1022 1028 1034 1040
1022 1015 1009 1003
1023 1029 1035 1041
1023 1016 1010 1004
1024 1030 1036 1042
1024 1017 1011 1005
1025 1031 1037 1043
1025 1018 1019 1012
1026 1032 1038 1044
1026 1020 1013 1007
1027 1033 1039 1045
1027 1021 1014 1008
1028 1034 1040 1046
1028 1022 1015 1009
1029 1035 1041 1047
1029 1023 1016 1010
1030 1036 1042 1048
1030 1024 1017 1011
1031 1037 1043 1049
1031 1025 1018 1019
1032 1038 1044 1050
1032 1026 1020 1013
1033 1039 1045 1051
1033 1027 1021 1014
1034 1040 1046 1052
1034 1028 1022 1015
1035 1041 1047 1053
1035 1029 1023 1016
1036 1042 1048 1054
1036 1030 1024 1017
1037 1043 1049 1055
1037 1031 1025 1018
1038 1044 1050 1056
1038 1032 1026 1020
1039 1045 1051 1057
1039 1033 1027 1021
1040 1046 1052 1058
1040 1034 1028 1022
1041 1047 1053 1059
1041 1035 1029 1023
1042 1048 1054 1060
1042 1036 1030 1024
1043 1049 1055 1062
1043 1037 1031 1025
1044 1050 1056 1063
1044 1038 1032 1026
1045 1051 1057 1064
1045 1039 1033 1027
1046 1052 1058 1065
1046 1040 1034 1028
1047 1053 1059 1066
1047 1041 1035 1029
1048 1054 1060 1067
1048 1042 1036 1030
1049 1055 1062 1061
1049 1043 1037 1031
1050 1056 1063 1069
1050 1044 1038 1032
1051 1057 1064 1070
1051 1045 1039 1033
1052 1058 1065 1071
1052 1046 1040 1034
1053 1059 1066 1072
1053 1047 1041 1035
1054 1060 1067 1074
1054 1048 1042 1036
1055 1062 1061 1068
1055 1049 1043 1037
1056 1063 1069 1076
1056 1050 1044 1038
1057 1064 1070 1077
1057 1051 1045 1039
1058 1065 1071 1078
1058 1052 1046 1040
1059 1066 1072 1073
1059 1053 1047 1041
1060 1067 1074 1080
1060 1054 1048 1042
1061 1068 1075 1081
1061 1062 1055 1049
1062 1061 1068 1075
1062 1055 1049 1043
1063 1069 1076 1082
1063 1056 1050 1044
1064 1070 1077 1083
1064 1057 1051 1045
1065 1071 1078 1084
1065 1058 1052 1046
1066 1072 1073 1079
1066 1059 1053 1047
1067 1074 1080 1086
1067 1060 1054 1048
1068 1075 1081 1087
1068 1061 1062 1055
1069 1076 1082 1088
1069 1063 1056 1050
1070 1077 1083 1089
1070 1064 1057 1051
1071 1078 1084 1090
1071 1065 1058 1052
1072 1073 1079 1085
1072 1066 1059 1053
1073 1079 1085 1091
1073 1072 1066 1059
1074 1080 1086 1092
1074 1067 1060 1054
1075 1081 1087 1093
1075 1068 1061 1062
1076 1082 1088 1094
1076 1069 1063 1056
1077 1083 1089 1095
1077 1070 1064 1057
1078 1084 1090 1096
1078 1071 1065 1058
1079 1085 1091 1097
1079 1073 1072 1066
1080 1086 1092 1098
1080 1074 1067 1060
1081 1087 1093 1099
1081 1075 1068 1061
1082 1088 1094 1100
1082 1076 1069 1063
1083 1089 1095 1101
1083 1077 1070 1064
1084 1090 1096 1102
1084 1078 1071 1065
1085 1091 1097 1103
1085 1079 1073 1072
1086 1092 1098 1104
1086 1080 1074 1067
1087 1093 1099 1105
1087 1081 1075 1068
1088 1094 1100 1106
1088 1082 1076 1069
1089 1095 1101 1107
1089 1083 1077 1070
1090 1096 1102 1108
1090 1084 1078 1071
1091 1097 1103 1109
1091 1085 1079 1073
1092 1098 1104 1110
1092 1086 1080 1074
1093 1099 1105 1112
1093 1087 1081 1075
1094 1100 1106 1113
1094 1088 1082 1076
1095 1101 1107 1114
1095 1089 1083 1077
1096 1102 1108 1115
1096 1090 1084 1078
1097 1103 1109 1116
1097 1091 1085 1079
1098 1104 1110 1117
1098 1092 1086 1080
1099 1105 1112 1111
1099 1093 1087 1081
1100 1106 1113 1119
1100 1094 1088 1082
1101 1107 1114 1120
1101 1095 1089 1083
1102 1108 1115 1121
1102 1096 1090 1084
1103 1109 1116 1122
1103 1097 1091 1085
1104 1110 1117 1123
1104 1098 1092 1086
1105 1112 1111 1118
1105 1099 1093 1087
1106 1113 1119 1125
1106 1100 1094 1088
1107 1114 1120 1126
1107 1101 1095 1089
1108 1115 1121 1127
1108 1102 1096 1090
1109 1116 1122 1128
1109 1103 1097 1091
1110 1117 1123 1129
1110 1104 1098 1092
1111 1118 1124 1130
1111 1112 1105 1099
1112 1111 1118 1124
1112 1105 1099 1093
1113 1119 1125 1131
1113 1106 1100 1094
1114 1120 1126 1132
1114 1107 1101 1095
1115 1121 1127 1133
1115 1108 1102 1096
1116 1122 1128 1134
1116 1109 1103 1097
1117 1123 1129 1135
1117 1110 1104 1098
1118 1124 1130 1136
1118 1111 1112 1105
1119 1125 1131 1137
1119 1113 1106 1100
1120 1126 1132 1138
1120 1114 1107 1101
1121 1127 1133 1139
1121 1115 1108 1102
1122 1128 1134 1140
1122 1116 1109 1103
1123 1129 1135 1141
1123 1117 1110 1104
1124 1130 1136 1142
1124 1118 1111 1112
1125 1131 1137 1143
1125 1119 1113 1106
1126 1132 1138 1144
1126 1120 1114 1107
1127 1133 1139 1145
1127 1121 1115 1108
1128 1134 1140 1146
1128 1122 1116 1109
1129 1135 1141 -1
1129 1123 1117 1110
1130 1136 1142 1147
1130 1124 1118 1111
1131 1137 1143 1148
1131 1125 1119 1113
1132 1138 1144 1149
1132 1126 1120 1114
1133 1139 1145 1150
1133 1127 1121 1115
1134 1140 1146 1151
1134 1128 1122 1116
1135 1129 1123 1117
1136 1142 1147 1152
1136 1130 1124 1118
1137 1143 1148 1153
1137 1131 1125 1119
1138 1144 1149 1154
1138 1132 1126 1120
1139 1145 1150 1155
1139 1133 1127 1121
1140 1146 1151 1156
1140 1134 1128 1122
1141 1167 1172 -1
1141 1135 1129 1123
1142 1147 1152 1157
1142 1136 1130 1124
1143 1148 1153 1158
1143 1137 1131 1125
1144 1149 1154 1159
1144 1138 1132 1126
1145 1150 1155 1160
1145 1139 1133 1127
1146 1151 1156 1161
1146 1140 1134 1128
1147 1152 1157 1162
1147 1142 1136 1130
1148 1153 1158 1163
1148 1143 1137 1131
1149 1154 1159 1164
1149 1144 1138 1132
1150 1155 1160 1165
1150 1145 1139 1133
1151 1156 1161 1166
1151 1146 1140 1134
1152 1157 1162 1167
1152 1147 1142 1136
1153 1158 1163 1168
1153 1148 1143 1137
1154 1159 1164 1169
1154 1149 1144 1138
1155 1160 1165 1170
1155 1150 1145 1139
1156 1161 1166 1171
1156 1151 1146 1140
1157 1162 1167 1172
1157 1152 1147 1142
1158 1163 1168 1173
1158 1153 1148 1143
1159 1164 1169 1174
1159 1154 1149 1144
1160 1165 1170 1175
1160 1155 1150 1145
1161 1166 1171 1176
1161 1156 1151 1146
1162 1167 1172 1177
1162 1157 1152 1147
1163 1168 1173 1178
1163 1158 1153 1148
1164 1169 1174 1179
1164 1159 1154 1149
1165 1170 1175 1180
1165 1160 1155 1150
1166 1171 1176 1181
1166 1161 1156 1151
1167 1172 1177 1182
1167 1162 1157 1152
1167 1162 1141 -1
1168 1173 1178 1183
1168 1163 1158 1153
1169 1174 1179 1184
1169 1164 1159 1154
1170 1175 1180 1185
1170 1165 1160 1155
1171 1176 1181 1186
1171 1166 1161 1156
1172 1177 1182 1187
1172 1167 1162 1157
1172 1167 1141 -1
1173 1178 1183 1188
1173 1168 1163 1158
1174 1179 1184 1189
1174 1169 1164 1159
1175 1180 1185 1190
1175 1170 1165 1160
1176 1181 1186 1191
1176 1171 1166 1161
1177 1182 1187 1192
1177 1172 1167 1162
1178 1183 1188 1193
1178 1173 1168 1163
1179 1184 1189 1194
1179 1174 1169 1164
1180 1185 1190 1195
1180 1175 1170 1165
1181 1186 1191 1196
1181 1176 1171 1166
1182 1187 1192 1198
1182 1177 1172 1167
1183 1188 1193 1199
1183 1178 1173 1168
1184 1189 1194 1200
1184 1179 1174 1169
1185 1190 1195 1201
1185 1180 1175 1170
1186 1191 1196 1202
1186 1181 1176 1171
1187 1192 1198 1197
1187 1182 1177 1172
1188 1193 1199 1204
1188 1183 1178 1173
1189 1194 1200 1205
1189 1184 1179 1174
1190 1195 1201 1206
1190 1185 1180 1175
1191 1196 1202 1207
1191 1186 1181 1176
1192 1198 1197 1203
1192 1187 1182 1177
1193 1199 1204 1209
1193 1188 1183 1178
1194 1200 1205 1210
1194 1189 1184 1179
1195 1201 1206 1211
1195 1190 1185 1180
1196 1202 1207 1212
1196 1191 1186 1181
1197 1203 1208 1213
1197 1198 1192 1187
1198 1197 1203 1208
1198 1192 1187 1182
1199 1204 1209 1214
1199 1193 1188 1183
1200 1205 1210 1215
1200 1194 1189 1184
1201 1206 1211 1216
1201 1195 1190 1185
1202 1207 1212 1217
1202 1196 1191 1186
1203 1208 1213 1218
1203 1197 1198 1192
1204 1209 1214 1219
1204 1199 1193 1188
1205 1210 1215 1220
1205 1200 1194 1189
1206 1211 1216 1221
1206 1201 1195 1190
1207 1212 1217 1222
1207 1202 1196 1191
1208 1213 1218 1223
1208 1203 1197 1198
1209 1214 1219 1224
1209 1204 1199 1193
1210 1215 1220 1225
1210 1205 1200 1194
1211 1216 1221 1226
1211 1206 1201 1195
1212 1217 1222 1227
1212 1207 1202 1196
1213 1218 1223 1228
1213 1208 1203 1197
1214 1219 1224 1229
1214 1209 1204 1199
1215 1220 1225 1230
1215 1210 1205 1200
1216 1221 1226 1231
1216 1211 1206 1201
1217 1222 1227 1232
1217 1212 1207 1202
1218 1223 1228 1233
1218 1213 1208 1203
1219 1224 1229 1234
1219 1214 1209 1204
1220 1225 1230 1235
1220 1215 1210 1205
1221 1226 1231 1236
1221 1216 1211 1206
1222 1227 1232 1237
1222 1217 1212 1207
1223 1228 1233 1238
1223 1218 1213 1208
1224 1229 1234 1239
1224 1219 1214 1209
1225 1230 1235 1240
1225 1220 1215 1210
1226 1231 1236 1241
1226 1221 1216 1211
1227 1232 1237 1242
1227 1222 1217 1212
1228 1233 1238 1243
1228 1223 1218 1213
1229 1234 1239 1244
1229 1224 1219 1214
1230 1235 1240 1245
1230 1225 1220 1215
1231 1236 1241 1246
1231 1226 1221 1216
1232 1237 1242 1247
1232 1227 1222 1217
1233 1238 1243 1248
1233 1228 1223 1218
1234 1239 1244 1249
1234 1229 1224 1219
1235 1240 1245 1250
1235 1230 1225 1220
1236 1241 1246 1251
1236 1231 1226 1221
1237 1242 1247 1252
1237 1232 1227 1222
1238 1243 1248 1253
1238 1233 1228 1223
1239 1244 1249 1254
1239 1234 1229 1224
1240 1245 1250 1255
1240 1235 1230 1225
1241 1246 1251 1256
1241 1236 1231 1226
1242 1247 1252 1257
1242 1237 1232 1227
1243 1248 1253 1258
1243 1238 1233 1228
1244 1249 1254 1259
1244 1239 1234 1229
1245 1250 1255 1260
1245 1240 1235 1230
1246 1251 1256 1261
1246 1241 1236 1231
1247 1252 1257 1262
1247 1242 1237 1232
1248 1253 1258 1263
1248 1243 1238 1233
1249 1254 1259 1264
1249 1244 1239 1234
1250 1255 1260 1265
1250 1245 1240 1235
1251 1256 1261 1266
1251 1246 1241 1236
1252 1257 1262 1267
1252 1247 1242 1237
1253 1258 1263 1268
1253 1248 1243 1238
1254 1259 1264 1269
1254 1249 1244 1239
1255 1260 1265 1270
1255 1250 1245 1240
1256 1261 1266 1271
1256 1251 1246 1241
1257 1262 1267 1272
1257 1252 1247 1242
1258 1263 1268 1273
1258 1253 1248 1243
1259 1264 1269 1274
1259 1254 1249 1244
1260 1265 1270 1275
1260 1255 1250 1245
1261 1266 1271 1276
1261 1256 1251 1246
1262 1267 1272 1277
1262 1257 1252 1247
1263 1268 1273 1278
1263 1258 1253 1248
1264 1269 1274 1279
1264 1259 1254 1249
1265 1270 1275 1280
1265 1260 1255 1250
1266 1271 1276 1281
1266 1261 1256 1251
1267 1272 1277 1282
1267 1262 1257 1252
1268 1273 1278 1283
1268 1263 1258 1253
1269 1274 1279 1284
1269 1264 1259 1254
1270 1275 1280 1285
1270 1265 1260 1255
1271 1276 1281 1286
1271 1266 1261 1256
1272 1277 1282 1287
1272 1267 1262 1257
1273 1278 1283 1288
1273 1268 1263 1258
1274 1279 1284 1289
1274 1269 1264 1259
1275 1280 1285 1290
1275 1270 1265 1260
1276 1281 1286 1291
1276 1271 1266 1261
1277 1282 1287 1292
1277 1272 1267 1262
1278 1283 1288 1293
1278 1273 1268 1263
1279 1284 1289 1294
1279 1274 1269 1264
1280 1285 1290 1295
1280 1275 1270 1265
1281 1286 1291 1296
1281 1276 1271 1266
1282 1287 1292 1297
1282 1277 1272 1267
1283 1288 1293 1298
1283 1278 1273 1268
1284 1289 1294 1299
1284 1279 1274 1269
1285 1290 1295 1300
1285 1280 1275 1270
1286 1291 1296 1301
1286 1281 1276 1271
1287 1292 1297 1302
1287 1282 1277 1272
1288 1293 1298 1303
1288 1283 1278 1273
1289 1294 1299 1304
1289 1284 1279 1274
1290 1295 1300 1305
1290 1285 1280 1275
1291 1296 1301 1306
1291 1286 1281 1276
1292 1297 1302 1307
1292 1287 1282 1277
1293 1298 1303 1308
1293 1288 1283 1278
1294 1299 1304 1309
1294 1289 1284 1279
1295 1300 1305 1310
1295 1290 1285 1280
1296 1301 1306 1311
1296 1291 1286 1281
1297 1302 1307 1312
1297 1292 1287 1282
1298 1303 1308 1313
1298 1293 1288 1283
1299 1304 1309 1314
1299 1294 1289 1284
1300 1305 1310 1315
1300 1295 1290 1285
1301 1306 1311 1316
1301 1296 1291 1286
1302 1307 1312 1317
1302 1297 1292 1287
1303 1308 1313 1318
1303 1298 1293 1288
1304 1309 1314 1319
1304 1299 1294 1289
1305 1310 1315 1320
1305 1300 1295 1290
1306 1311 1316 1321
1306 1301 1296 1291
1307 1312 1317 1322
1307 1302 1297 1292
1308 1313 1318 1323
1308 1303 1298 1293
1309 1314 1319 1324
1309 1304 1299 1294
1310 1315 1320 1325
1310 1305 1300 1295
1311 1316 1321 1326
1311 1306 1301 1296
1312 1317 1322 1327
1312 1307 1302 1297
1313 1318 1323 1328
1313 1308 1303 1298
1314 1319 1324 1329
1314 1309 1304 1299
1315 1320 1325 1330
1315 1310 1305 1300
1316 1321 1326 1331
1316 1311 1306 1301
1317 1322 1327 1332
1317 1312 1307 1302
1318 1323 1328 1333
1318 1313 1308 1303
1319 1324 1329 1334
1319 1314 1309 1304
1320 1325 1330 1335
1320 1315 1310 1305
1321 1326 1331 1336
1321 1316 1311 1306
1322 1327 1332 1337
1322 1317 1312 1307
1323 1328 1333 1338
1323 1318 1313 1308
1324 1329 1334 1339
1324 1319 1314 1309
1325 1330 1335 1340
1325 1320 1315 1310
1326 1331 1336 1341
1326 1321 1316 1311
1327 1332 1337 1342
1327 1322 1317 1312
1328 1333 1338 1343
1328 1323 1318 1313
1329 1334 1339 1344
1329 1324 1319 1314
1330 1335 1340 1345
1330 1325 1320 1315
1331 1336 1341 1346
1331 1326 1321 1316
1332 1337 1342 1347
1332 1327 1322 1317
1333 1338 1343 1348
1333 1328 1323 1318
1334 1339 1344 1349
1334 1329 1324 1319
1335 1340 1345 1350
1335 1330 1325 1320
1336 1341 1346 1351
1336 1331 1326 1321
1337 1342 1347 1352
1337 1332 1327 1322
1338 1343 1348 1353
1338 1333 1328 1323
1339 1344 1349 1354
1339 1334 1329 1324
1340 1345 1350 1355
1340 1335 1330 1325
1341 1346 1351 1356
1341 1336 1331 1326
1342 1347 1352 1357
1342 1337 1332 1327
1343 1348 1353 1358
1343 1338 1333 1328
1344 1349 1354 1359
1344 1339 1334 1329
1345 1350 1355 1360
1345 1340 1335 1330
1346 1351 1356 1361
1346 1341 1336 1331
1347 1352 1357 1362
1347 1342 1337 1332
1348 1353 1358 1363
1348 1343 1338 1333
1349 1354 1359 1364
1349 1344 1339 1334
1350 1355 1360 1365
1350 1345 1340 1335
1351 1356 1361 1366
1351 1346 1341 1336
1352 1357 1362 1367
1352 1347 1342 1337
1353 1358 1363 1368
1353 1348 1343 1338
1354 1359 1364 1369
1354 1349 1344 1339
1355 1360 1365 1370
1355 1350 1345 1340
1356 1361 1366 1371
1356 1351 1346 1341
1357 1362 1367 1372
1357 1352 1347 1342
1358 1363 1368 1373
1358 1353 1348 1343
1359 1364 1369 1374
1359 1354 1349 1344
1360 1365 1370 1375
1360 1355 1350 1345
1361 1366 1371 1376
1361 1356 1351 1346
1362 1367 1372 1377
1362 1357 1352 1347
1363 1368 1373 1378
1363 1358 1353 1348
1364 1369 1374 1379
1364 1359 1354 1349
1365 1370 1375 1380
1365 1360 1355 1350
1366 1371 1376 1381
1366 1361 1356 1351
1367 1372 1377 1382
1367 1362 1357 1352
1368 1373 1378 1383
1368 1363 1358 1353
1369 1374 1379 1384
1369 1364 1359 1354
1370 1375 1380 1385
1370 1365 1360 1355
1371 1376 1381 1386
1371 1366 1361 1356
1372 1377 1382 1387
1372 1367 1362 1357
1373 1378 1383 1388
1373 1368 1363 1358
1374 1379 1384 1389
1374 1369 1364 1359
1375 1380 1385 1390
1375 1370 1365 1360
1376 1381 1386 1391
1376 1371 1366 1361
1377 1382 1387 1392
1377 1372 1367 1362
1378 1383 1388 1393
1378 1373 1368 1363
1379 1384 1389 1394
1379 1374 1369 1364
1380 1385 1390 1395
1380 1375 1370 1365
1381 1386 1391 1396
1381 1376 1371 1366
1382 1387 1392 1397
1382 1377 1372 1367
1383 1388 1393 1398
1383 1378 1373 1368
1384 1389 1394 1399
1384 1379 1374 1369
1385 1390 1395 1400
1385 1380 1375 1370
1386 1391 1396 1401
1386 1381 1376 1371
1387 1392 1397 1402
1387 1382 1377 1372
1388 1393 1398 1403
1388 1383 1378 1373
1389 1394 1399 1404
1389 1384 1379 1374
1390 1395 1400 1405
1390 1385 1380 1375
1391 1396 1401 1406
1391 1386 1381 1376
1392 1397 1402 1407
1392 1387 1382 1377
1393 1398 1403 1408
1393 1388 1383 1378
1394 1399 1404 1409
1394 1389 1384 1379
1395 1400 1405 1410
1395 1390 1385 1380
1396 1401 1406 1411
1396 1391 1386 1381
1397 1402 1407 1412
1397 1392 1387 1382
1398 1403 1408 1413
1398 1393 1388 1383
1399 1404 1409 1414
1399 1394 1389 1384
1400 1405 1410 1415
1400 1395 1390 1385
1401 1406 1411 1416
1401 1396 1391 1386
1402 1407 1412 1417
1402 1397 1392 1387
1403 1408 1413 1418
1403 1398 1393 1388
1404 1409 1414 1419
1404 1399 1394 1389
1405 1410 1415 1420
1405 1400 1395 1390
1406 1411 1416 1421
1406 1401 1396 1391
1407 1412 1417 1422
1407 1402 1397 1392
1408 1413 1418 1423
1408 1403 1398 1393
1409 1414 1419 1424
1409 1404 1399 1394
1410 1415 1420 1425
1410 1405 1400 1395
1411 1416 1421 1426
1411 1406 1401 1396
1412 1417 1422 1427
1412 1407 1402 1397
1413 1418 1423 1428
1413 1408 1403 1398
1414 1419 1424 1429
1414 1409 1404 1399
1415 1420 1425 1430
1415 1410 1405 1400
1416 1421 1426 1431
1416 1411 1406 1401
1417 1422 1427 1432
1417 1412 1407 1402
1418 1423 1428 1433
1418 1413 1408 1403
1419 1424 1429 1434
1419 1414 1409 1404
1420 1425 1430 1435
1420 1415 1410 1405
1421 1426 1431 1436
1421 1416 1411 1406
1422 1427 1432 1437
1422 1417 1412 1407
1423 1428 1433 1438
1423 1418 1413 1408
1424 1429 1434 1439
1424 1419 1414 1409
1425 1430 1435 1440
1425 1420 1415 1410
1426 1431 1436 1441
1426 1421 1416 1411
1427 1432 1437 1442
1427 1422 1417 1412
1428 1433 1438 1443
1428 1423 1418 1413
1429 1434 1439 1444
1429 1424 1419 1414
1430 1435 1440 1445
1430 1425 1420 1415
1431 1436 1441 1446
1431 1426 1421 1416
1432 1437 1442 1447
1432 1427 1422 1417
1433 1438 1443 1448
1433 1428 1423 1418
1434 1439 1444 1449
1434 1429 1424 1419
1435 1440 1445 1450
1435 1430 1425 1420
1436 1441 1446 1451
1436 1431 1426 1421
1437 1442 1447 1452
1437 1432 1427 1422
1438 1443 1448 1453
1438 1433 1428 1423
1439 1444 1449 1454
1439 1434 1429 1424
1440 1445 1450 1455
1440 1435 1430 1425
1441 1446 1451 1456
1441 1436 1431 1426
1442 1447 1452 1457
1442 1437 1432 1427
1443 1448 1453 1458
1443 1438 1433 1428
1444 1449 1454 1459
1444 1439 1434 1429
1445 1450 1455 1460
1445 1440 1435 1430
1446 1451 1456 1461
1446 1441 1436 1431
1447 1452 1457 1462
1447 1442 1437 1432
1448 1453 1458 1463
1448 1443 1438 1433
1449 1454 1459 1464
1449 1444 1439 1434
1450 1455 1460 1465
1450 1445 1440 1435
1451 1456 1461 1466
1451 1446 1441 1436
1452 1457 1462 1467
1452 1447 1442 1437
1453 1458 1463 1468
1453 1448 1443 1438
1454 1459 1464 1469
1454 1449 1444 1439
1455 1460 1465 1470
1455 1450 1445 1440
1456 1461 1466 1471
1456 1451 1446 1441
1457 1462 1467 1472
1457 1452 1447 1442
1458 1463 1468 1473
1458 1453 1448 1443
1459 1464 1469 1474
1459 1454 1449 1444
1460 1465 1470 1475
1460 1455 1450 1445
1461 1466 1471 1476
1461 1456 1451 1446
1462 1467 1472 1477
1462 1457 1452 1447
1463 1468 1473 1478
1463 1458 1453 1448
1464 1469 1474 1479
1464 1459 1454 1449
1465 1470 1475 1480
1465 1460 1455 1450
1466 1471 1476 1481
1466 1461 1456 1451
1467 1472 1477 1482
1467 1462 1457 1452
1468 1473 1478 1483
1468 1463 1458 1453
1469 1474 1479 1484
1469 1464 1459 1454
1470 1475 1480 1485
1470 1465 1460 1455
1471 1476 1481 1486
1471 1466 1461 1456
1472 1477 1482 1487
1472 1467 1462 1457
1473 1478 1483 1488
1473 1468 1463 1458
1474 1479 1484 1489
1474 1469 1464 1459
1475 1480 1485 1490
1475 1470 1465 1460
1476 1481 1486 1491
1476 1471 1466 1461
1477 1482 1487 1492
1477 1472 1467 1462
1478 1483 1488 1493
1478 1473 1468 1463
1479 1484 1489 1494
1479 1474 1469 1464
1480 1485 1490 1495
1480 1475 1470 1465
1481 1486 1491 1496
1481 1476 1471 1466
1482 1487 1492 1497
1482 1477 1472 1467
1483 1488 1493 1498
1483 1478 1473 1468
1484 1489 1494 1499
1484 1479 1474 1469
1485 1490 1495 1500
1485 1480 1475 1470
1486 1491 1496 1501
1486 1481 1476 1471
1487 1492 1497 1502
1487 1482 1477 1472
1488 1493 1498 1503
1488 1483 1478 1473
1489 1494 1499 1504
1489 1484 1479 1474
1490 1495 1500 1505
1490 1485 1480 1475
1491 1496 1501 1506
1491 1486 1481 1476
1492 1497 1502 1507
1492 1487 1482 1477
1493 1498 1503 1508
1493 1488 1483 1478
1494 1499 1504 1509
1494 1489 1484 1479
1495 1500 1505 1510
1495 1490 1485 1480
1496 1501 1506 1511
1496 1491 1486 1481
1497 1502 1507 1512
1497 1492 1487 1482
1498 1503 1508 1513
1498 1493 1488 1483
1499 1504 1509 1514
1499 1494 1489 1484
1500 1505 1510 1515
1500 1495 1490 1485
1501 1506 1511 1516
1501 1496 1491 1486
1502 1507 1512 1517
1502 1497 1492 1487
1503 1508 1513 1518
1503 1498 1493 1488
1504 1509 1514 1519
1504 1499 1494 1489
1505 1510 1515 1520
1505 1500 1495 1490
1506 1511 1516 1521
1506 1501 1496 1491
1507 1512 1517 1522
1507 1502 1497 1492
1508 1513 1518 1523
1508 1503 1498 1493
1509 1514 1519 1524
1509 1504 1499 1494
1510 1515 1520 1525
1510 1505 1500 1495
1511 1516 1521 1526
1511 1506 1501 1496
1512 1517 1522 1527
1512 1507 1502 1497
1513 1518 1523 1528
1513 1508 1503 1498
1514 1519 1524 1529
1514 1509 1504 1499
1515 1520 1525 1530
1515 1510 1505 1500
1516 1521 1526 1531
1516 1511 1506 1501
1517 1522 1527 1532
1517 1512 1507 1502
1518 1523 1528 1533
1518 1513 1508 1503
1519 1524 1529 1534
1519 1514 1509 1504
1520 1525 1530 1535
1520 1515 1510 1505
1521 1526 1531 1536
1521 1516 1511 1506
1522 1527 1532 1537
1522 1517 1512 1507
1523 1528 1533 1538
1523 1518 1513 1508
1524 1529 1534 1539
1524 1519 1514 1509
1525 1530 1535 1540
1525 1520 1515 1510
1526 1531 1536 1541
1526 1521 1516 1511
1527 1532 1537 1542
1527 1522 1517 1512
1528 1533 1538 1543
1528 1523 1518 1513
1529 1534 1539 1544
1529 1524 1519 1514
1530 1535 1540 1545
1530 1525 1520 1515
1531 1536 1541 1546
1531 1526 1521 1516
1532 1537 1542 1547
1532 1527 1522 1517
1533 1538 1543 1548
1533 1528 1523 1518
1534 1539 1544 1550
1534 1529 1524 1519
1535 1540 1545 1551
1535 1530 1525 1520
1536 1541 1546 1552
1536 1531 1526 1521
1537 1542 1547 1553
1537 1532 1527 1522
1538 1543 1548 1549
1538 1533 1528 1523
1539 1544 1550 1555
1539 1534 1529 1524
1540 1545 1551 1556
1540 1535 1530 1525
1541 1546 1552 1557
1541 1536 1531 1526
1542 1547 1553 1558
1542 1537 1532 1527
1543 1548 1549 1554
1543 1538 1533 1528
1544 1550 1555 1560
1544 1539 1534 1529
1545 1551 1556 1561
1545 1540 1535 1530
1546 1552 1557 1562
1546 1541 1536 1531
1547 1553 1558 1563
1547 1542 1537 1532
1548 1549 1554 1559
1548 1543 1538 1533
1549 1554 1559 1564
1549 1548 1543 1538
1550 1555 1560 1565
1550 1544 1539 1534
1551 1556 1561 1566
1551 1545 1540 1535
1552 1557 1562 1567
1552 1546 1541 1536
1553 1558 1563 1568
1553 1547 1542 1537
1554 1559 1564 1569
1554 1549 1548 1543
1555 1560 1565 1570
1555 1550 1544 1539
1556 1561 1566 1571
1556 1551 1545 1540
1557 1562 1567 1572
1557 1552 1546 1541
1558 1563 1568 1573
1558 1553 1547 1542
1559 1564 1569 1574
1559 1554 1549 1548
1560 1565 1570 1575
1560 1555 1550 1544
1561 1566 1571 1576
1561 1556 1551 1545
1562 1567 1572 1577
1562 1557 1552 1546
1563 1568 1573 1578
1563 1558 1553 1547
1564 1569 1574 1579
1564 1559 1554 1549
1565 1570 1575 1580
1565 1560 1555 1550
1566 1571 1576 1581
1566 1561 1556 1551
1567 1572 1577 1582
1567 1562 1557 1552
1568 1573 1578 1583
1568 1563 1558 1553
1569 1574 1579 1584
1569 1564 1559 1554
1570 1575 1580 1585
1570 1565 1560 1555
1571 1576 1581 1586
1571 1566 1561 1556
1572 1577 1582 1587
1572 1567 1562 1557
1573 1578 1583 1588
1573 1568 1563 1558
1574 1579 1584 1589
1574 1569 1564 1559
1575 1580 1585 1590
1575 1570 1565 1560
1576 1581 1586 1591
1576 1571 1566 1561
1577 1582 1587 1592
1577 1572 1567 1562
1578 1583 1588 1593
1578 1573 1568 1563
1579 1584 1589 1594
1579 1574 1569 1564
1580 1585 1590 1595
1580 1575 1570 1565
1581 1586 1591 1596
1581 1576 1571 1566
1582 1587 1592 1597
1582 1577 1572 1567
1583 1588 1593 1598
1583 1578 1573 1568
1584 1589 1594 1599
1584 1579 1574 1569
1585 1590 1595 1600
1585 1580 1575 1570
1586 1591 1596 1601
1586 1581 1576 1571
1587 1592 1597 1602
1587 1582 1577 1572
1588 1593 1598 1603
1588 1583 1578 1573
1589 1594 1599 1604
1589 1594 1619 -1
1589 1584 1579 1574
1590 1595 1600 1605
1590 1585 1580 1575
1591 1596 1601 1606
1591 1586 1581 1576
1592 1597 1602 1607
1592 1587 1582 1577
1593 1598 1603 1608
1593 1588 1583 1578
1594 1599 1604 1609
1594 1599 1619 -1
1594 1589 1584 1579
1595 1600 1605 1610
1595 1590 1585 1580
1596 1601 1606 1611
1596 1591 1586 1581
1597 1602 1607 1612
1597 1592 1587 1582
1598 1603 1608 1613
1598 1593 1588 1583
1599 1604 1609 1614
1599 1594 1589 1584
1600 1605 1610 1615
1600 1595 1590 1585
1601 1606 1611 1616
1601 1596 1591 1586
1602 1607 1612 1617
1602 1597 1592 1587
1603 1608 1613 1618
1603 1598 1593 1588
1604 1609 1614 1620
1604 1599 1594 1589
1605 1610 1615 1621
1605 1600 1595 1590
1606 1611 1616 1622
1606 1601 1596 1591
1607 1612 1617 1623
1607 1602 1597 1592
1608 1613 1618 1624
1608 1603 1598 1593
1609 1614 1620 1626
1609 1604 1599 1594
1610 1615 1621 1627
1610 1605 1600 1595
1611 1616 1622 1628
1611 1606 1601 1596
1612 1617 1623 1629
1612 1607 1602 1597
1613 1618 1624 1630
1613 1608 1603 1598
1614 1620 1626 1632
1614 1609 1604 1599
1615 1621 1627 1633
1615 1610 1605 1600
1616 1622 1628 1634
1616 1611 1606 1601
1617 1623 1629 1635
1617 1612 1607 1602
1618 1624 1630 1636
1618 1613 1608 1603
1619 1625 1643 1649
1619 1594 1589 -1
1620 1626 1632 1638
1620 1614 1609 1604
1621 1627 1633 1639
1621 1615 1610 1605
1622 1628 1634 1640
1622 1616 1611 1606
1623 1629 1635 1641
1623 1617 1612 1607
1624 1630 1636 1642
1624 1618 1613 1608
1625 1631 1637 1643
1626 1632 1638 1644
1626 1620 1614 1609
1627 1633 1639 1645
1627 1621 1615 1610
1628 1634 1640 1646
1628 1622 1616 1611
1629 1635 1641 1647
1629 1623 1617 1612
1630 1636 1642 1648
1630 1624 1618 1613
1631 1637 1643 1649
1632 1638 1644 1650
1632 1626 1620 1614
1633 1639 1645 1651
1633 1627 1621 1615
1634 1640 1646 1652
1634 1628 1622 1616
1635 1641 1647 1653
1635 1629 1623 1617
1636 1642 1648 1654
1636 1630 1624 1618
1637 1643 1649 1655
1637 1631 1625 -1
1638 1644 1650 1656
1638 1632 1626 1620
1639 1645 1651 1657
1639 1633 1627 1621
1640 1646 1652 1658
1640 1634 1628 1622
1641 1647 1653 1659
1641 1635 1629 1623
1642 1648 1654 1660
1642 1636 1630 1624
1643 1649 1655 1661
1643 1637 1631 1625
1643 1637 1619 -1
1644 1650 1656 1662
1644 1638 1632 1626
1645 1651 1657 1663
1645 1639 1633 1627
1646 1652 1658 1664
1646 1640 1634 1628
1647 1653 1659 1665
1647 1641 1635 1629
1648 1654 1660 1667
1648 1642 1636 1630
1649 1655 1661 1668
1649 1643 1637 1631
1649 1643 1619 -1
1650 1656 1662 1669
1650 1644 1638 1632
1651 1657 1663 1671
1651 1645 1639 1633
1652 1658 1664 1672
1652 1646 1640 1634
1653 1659 1665 1673
1653 1647 1641 1635
1654 1660 1667 1666
1654 1648 1642 1636
1655 1661 1668 1675
1655 1649 1643 1637
1655 1649 1643 1619
1656 1662 1669 1670
1656 1650 1644 1638
1657 1663 1671 1677
1657 1651 1645 1639
1658 1664 1672 1678
1658 1652 1646 1640
1659 1665 1673 1679
1659 1653 1647 1641
1660 1667 1666 1674
1660 1654 1648 1642
1661 1668 1675 1682
1661 1655 1649 1643
1662 1669 1670 1676
1662 1656 1650 1644
1663 1671 1677 1684
1663 1657 1651 1645
1664 1672 1678 1685
1664 1658 1652 1646
1665 1673 1679 1680
1665 1659 1653 1647
1666 1674 1681 1687
1666 1667 1660 1654
1667 1666 1674 1681
1667 1660 1654 1648
1668 1675 1682 1688
1668 1661 1655 1649
1669 1670 1676 1683
1669 1662 1656 1650
1670 1676 1683 1689
1670 1669 1662 1656
1671 1677 1684 1690
1671 1663 1657 1651
1672 1678 1685 1691
1672 1664 1658 1652
1673 1679 1680 1686
1673 1665 1659 1653
1674 1681 1687 1693
1674 1666 1667 1660
1675 1682 1688 1694
1675 1668 1661 1655
1676 1683 1689 1695
1676 1670 1669 1662
1677 1684 1690 1697
1677 1671 1663 1657
1678 1685 1691 1698
1678 1672 1664 1658
1679 1680 1686 1692
1679 1673 1665 1659
1680 1686 1692 1699
1680 1679 1673 1665
1681 1687 1693 1700
1681 1674 1666 1667
1682 1688 1694 1701
1682 1675 1668 1661
1683 1689 1695 1696
1683 1676 1670 1669
1684 1690 1697 1703
1684 1677 1671 1663
1685 1691 1698 1704
1685 1678 1672 1664
1686 1692 1699 1705
1686 1680 1679 1673
1687 1693 1700 1706
1687 1681 1674 1666
1688 1694 1701 1707
1688 1682 1675 1668
1689 1695 1696 1702
1689 1683 1676 1670
1690 1697 1703 1709
1690 1684 1677 1671
1691 1698 1704 1710
1691 1685 1678 1672
1692 1699 1705 1711
1692 1686 1680 1679
1693 1700 1706 1712
1693 1687 1681 1674
1694 1701 1707 1713
1694 1688 1682 1675
1695 1696 1702 1708
1695 1689 1683 1676
1696 1702 1708 1714
1696 1695 1689 1683
1697 1703 1709 1715
1697 1690 1684 1677
1698 1704 1710 1716
1698 1691 1685 1678
1699 1705 1711 1717
1699 1692 1686 1680
1700 1706 1712 1718
1700 1693 1687 1681
1701 1707 1713 1719
1701 1694 1688 1682
1702 1708 1714 1720
1702 1696 1695 1689
1703 1709 1715 1721
1703 1697 1690 1684
1704 1710 1716 1722
1704 1698 1691 1685
1705 1711 1717 1723
1705 1699 1692 1686
1706 1712 1718 1724
1706 1700 1693 1687
1707 1713 1719 1725
1707 1701 1694 1688
1708 1714 1720 1726
1708 1702 1696 1695
1709 1715 1721 1727
1709 1703 1697 1690
1710 1716 1722 1728
1710 1704 1698 1691
1711 1717 1723 1729
1711 1705 1699 1692
1712 1718 1724 1730
1712 1706 1700 1693
1713 1719 1725 1731
1713 1707 1701 1694
1714 1720 1726 1732
1714 1708 1702 1696
1715 1721 1727 1733
1715 1709 1703 1697
1716 1722 1728 1734
1716 1710 1704 1698
1717 1723 1729 1735
1717 1711 1705 1699
1718 1724 1730 1736
1718 1712 1706 1700
1719 1725 1731 1737
1719 1713 1707 1701
1720 1726 1732 1738
1720 1714 1708 1702
1721 1727 1733 1739
1721 1715 1709 1703
1722 1728 1734 1740
1722 1716 1710 1704
1723 1729 1735 1741
1723 1717 1711 1705
1724 1730 1736 1742
1724 1718 1712 1706
1725 1731 1737 1743
1725 1719 1713 1707
1726 1732 1738 1744
1726 1720 1714 1708
1727 1733 1739 1746
1727 1721 1715 1709
1728 1734 1740 1747
1728 1722 1716 1710
1729 1735 1741 1748
1729 1723 1717 1711
1730 1736 1742 1749
1730 1724 1718 1712
1731 1737 1743 1750
1731 1725 1719 1713
1732 1738 1744 1745
1732 1726 1720 1714
1733 1739 1746 1752
1733 1727 1721 1715
1734 1740 1747 1753
1734 1728 1722 1716
1735 1741 1748 1755
1735 1729 1723 1717
1736 1742 1749 1756
1736 1730 1724 1718
1737 1743 1750 1757
1737 1731 1725 1719
1738 1744 1745 1751
1738 1732 1726 1720
1739 1746 1752 1759
1739 1733 1727 1721
1740 1747 1753 1754
1740 1734 1728 1722
1741 1748 1755 1761
1741 1735 1729 1723
1742 1749 1756 1762
1742 1736 1730 1724
1743 1750 1757 1763
1743 1737 1731 1725
1744 1745 1751 1758
1744 1738 1732 1726
1745 1751 1758 1764
1745 1744 1738 1732
1746 1752 1759 1765
1746 1739 1733 1727
1747 1753 1754 1760
1747 1740 1734 1728
1748 1755 1761 1767
1748 1741 1735 1729
1749 1756 1762 1769
1749 1742 1736 1730
1750 1757 1763 1770
1750 1743 1737 1731
1751 1758 1764 1771
1751 1745 1744 1738
1752 1759 1765 1773
1752 1746 1739 1733
1753 1754 1760 1766
1753 1747 1740 1734
1754 1760 1766 1774
1754 1753 1747 1740
1755 1761 1767 1775
1755 1748 1741 1735
1756 1762 1769 1768
1756 1749 1742 1736
1757 1763 1770 1777
1757 1750 1743 1737
1758 1764 1771 1772
1758 1751 1745 1744
1759 1765 1773 1779
1759 1752 1746 1739
1760 1766 1774 1780
1760 1754 1753 1747
1761 1767 1775 1781
1761 1755 1748 1741
1762 1769 1768 1776
1762 1756 1749 1742
1763 1770 1777 1783
1763 1757 1750 1743
1764 1771 1772 1778
1764 1758 1751 1745
1765 1773 1779 1785
1765 1759 1752 1746
1766 1774 1780 1786
1766 1760 1754 1753
1767 1775 1781 1787
1767 1761 1755 1748
1768 1776 1782 1788
1768 1769 1762 1756
1769 1768 1776 1782
1769 1762 1756 1749
1770 1777 1783 1789
1770 1763 1757 1750
1771 1772 1778 1784
1771 1764 1758 1751
1772 1778 1784 1790
1772 1771 1764 1758
1773 1779 1785 1791
1773 1765 1759 1752
1774 1780 1786 1792
1774 1766 1760 1754
1775 1781 1787 1793
1775 1767 1761 1755
1776 1782 1788 1794
1776 1768 1769 1762
1777 1783 1789 1795
1777 1770 1763 1757
1778 1784 1790 1796
1778 1772 1771 1764
1779 1785 1791 1797
1779 1773 1765 1759
1780 1786 1792 1798
1780 1774 1766 1760
1781 1787 1793 1799
1781 1775 1767 1761
1782 1788 1794 1800
1782 1776 1768 1769
1783 1789 1795 1801
1783 1777 1770 1763
1784 1790 1796 1802
1784 1778 1772 1771
1785 1791 1797 1803
1785 1779 1773 1765
1786 1792 1798 1804
1786 1780 1774 1766
1787 1793 1799 1805
1787 1781 1775 1767
1788 1794 1800 1806
1788 1782 1776 1768
1789 1795 1801 1807
1789 1783 1777 1770
1790 1796 1802 1808
1790 1784 1778 1772
1791 1797 1803 1809
1791 1785 1779 1773
1792 1798 1804 1810
1792 1786 1780 1774
1793 1799 1805 1811
1793 1787 1781 1775
1794 1800 1806 1813
1794 1788 1782 1776
1795 1801 1807 1814
1795 1789 1783 1777
1796 1802 1808 1815
1796 1790 1784 1778
1797 1803 1809 1816
1797 1791 1785 1779
1798 1804 1810 1817
1798 1792 1786 1780
1799 1805 1811 1818
1799 1793 1787 1781
1800 1806 1813 1812
1800 1794 1788 1782
1801 1807 1814 1820
1801 1795 1789 1783
1802 1808 1815 1821
1802 1796 1790 1784
1803 1809 1816 1822
1803 1797 1791 1785
1804 1810 1817 1823
1804 1798 1792 1786
1805 1811 1818 1824
1805 1799 1793 1787
1806 1813 1812 1819
1806 1800 1794 1788
1807 1814 1820 1826
1807 1801 1795 1789
1808 1815 1821 1827
1808 1802 1796 1790
1809 1816 1822 1828
1809 1803 1797 1791
1810 1817 1823 1829
1810 1804 1798 1792
1811 1818 1824 1830
1811 1805 1799 1793
1812 1819 1825 1831
1812 1813 1806 1800
1813 1812 1819 1825
1813 1806 1800 1794
1814 1820 1826 1832
1814 1807 1801 1795
1815 1821 1827 1833
1815 1808 1802 1796
1816 1822 1828 1834
1816 1809 1803 1797
1817 1823 1829 1835
1817 1810 1804 1798
1818 1824 1830 1836
1818 1811 1805 1799
1819 1825 1831 1838
1819 1812 1813 1806
1820 1826 1832 1839
1820 1814 1807 1801
1821 1827 1833 1840
1821 1815 1808 1802
1822 1828 1834 1841
1822 1816 1809 1803
1823 1829 1835 1842
1823 1817 1810 1804
1824 1830 1836 1843
1824 1818 1811 1805
1825 1831 1838 1837
1825 1819 1812 1813
1826 1832 1839 1845
1826 1820 1814 1807
1827 1833 1840 1846
1827 1821 1815 1808
1828 1834 1841 1847
1828 1822 1816 1809
1829 1835 1842 1848
1829 1823 1817 1810
1830 1836 1843 1849
1830 1824 1818 1811
1831 1838 1837 1844
1831 1825 1819 1812
1832 1839 1845 1851
1832 1826 1820 1814
1833 1840 1846 1852
1833 1827 1821 1815
1834 1841 1847 1853
1834 1828 1822 1816
1835 1842 1848 1854
1835 1829 1823 1817
1836 1843 1849 1855
1836 1830 1824 1818
1837 1844 1850 1856
1837 1838 1831 1825
1838 1837 1844 1850
1838 1831 1825 1819
1839 1845 1851 1857
1839 1832 1826 1820
1840 1846 1852 1858
1840 1833 1827 1821
1841 1847 1853 1859
1841 1834 1828 1822
1842 1848 1854 1860
1842 1835 1829 1823
1843 1849 1855 1861
1843 1836 1830 1824
1844 1850 1856 1862
1844 1837 1838 1831
1845 1851 1857 1863
1845 1839 1832 1826
1846 1852 1858 1864
1846 1840 1833 1827
1847 1853 1859 1865
1847 1841 1834 1828
1848 1854 1860 1866
1848 1842 1835 1829
1849 1855 1861 1867
1849 1843 1836 1830
1850 1856 1862 1869
1850 1844 1837 1838
1851 1857 1863 1870
1851 1845 1839 1832
1852 1858 1864 1871
1852 1846 1840 1833
1853 1859 1865 1872
1853 1847 1841 1834
1854 1860 1866 1873
1854 1848 1842 1835
1855 1861 1867 1868
1855 1849 1843 1836
1856 1862 1869 1875
1856 1850 1844 1837
1857 1863 1870 1876
1857 1851 1845 1839
1858 1864 1871 1877
1858 1852 1846 1840
1859 1865 1872 1878
1859 1853 1847 1841
1860 1866 1873 1879
1860 1854 1848 1842
1861 1867 1868 1874
1861 1855 1849 1843
1862 1869 1875 1881
1862 1856 1850 1844
1863 1870 1876 1882
1863 1857 1851 1845
1864 1871 1877 1883
1864 1858 1852 1846
1865 1872 1878 1884
1865 1859 1853 1847
1866 1873 1879 1885
1866 1860 1854 1848
1867 1868 1874 1880
1867 1861 1855 1849
1868 1874 1880 1886
1868 1867 1861 1855
1869 1875 1881 1888
1869 1862 1856 1850
1870 1876 1882 1889
1870 1863 1857 1851
1871 1877 1883 1890
1871 1864 1858 1852
1872 1878 1884 1891
1872 1865 1859 1853
1873 1879 1885 1892
1873 1866 1860 1854
1874 1880 1886 1887
1874 1868 1867 1861
1875 1881 1888 1894
1875 1869 1862 1856
1876 1882 1889 1895
1876 1870 1863 1857
1877 1883 1890 1896
1877 1871 1864 1858
1878 1884 1891 1897
1878 1872 1865 1859
1879 1885 1892 1898
1879 1873 1866 1860
1880 1886 1887 1893
1880 1874 1868 1867
1881 1888 1894 1900
1881 1875 1869 1862
1882 1889 1895 1901
1882 1876 1870 1863
1883 1890 1896 1902
1883 1877 1871 1864
1884 1891 1897 1904
1884 1878 1872 1865
1885 1892 1898 1905
1885 1879 1873 1866
1886 1887 1893 1899
1886 1880 1874 1868
1887 1893 1899 1906
1887 1886 1880 1874
1888 1894 1900 1907
1888 1881 1875 1869
1889 1895 1901 1908
1889 1882 1876 1870
1890 1896 1902 1903
1890 1883 1877 1871
1891 1897 1904 1910
1891 1884 1878 1872
1892 1898 1905 1911
1892 1885 1879 1873
1893 1899 1906 1912
1893 1887 1886 1880
1894 1900 1907 1914
1894 1888 1881 1875
1895 1901 1908 1915
1895 1889 1882 1876
1896 1902 1903 1909
1896 1890 1883 1877
1897 1904 1910 1917
1897 1891 1884 1878
1898 1905 1911 1918
1898 1892 1885 1879
1899 1906 1912 1919
1899 1893 1887 1886
1900 1907 1914 1913
1900 1894 1888 1881
1901 1908 1915 1922
1901 1895 1889 1882
1902 1903 1909 1916
1902 1896 1890 1883
1903 1909 1916 1923
1903 1902 1896 1890
1904 1910 1917 1925
1904 1897 1891 1884
1905 1911 1918 1926
1905 1898 1892 1885
1906 1912 1919 1920
1906 1899 1893 1887
1907 1914 1913 1921
1907 1900 1894 1888
1908 1915 1922 1931
1908 1901 1895 1889
1909 1916 1923 1924
1909 1903 1902 1896
1910 1917 1925 1933
1910 1904 1897 1891
1911 1918 1926 1934
1911 1905 1898 1892
1912 1919 1920 1927
1912 1906 1899 1893
1913 1921 1930 1929
1913 1914 1907 1900
1914 1913 1921 1930
1914 1907 1900 1894
1915 1922 1931 1939
1915 1908 1901 1895
1916 1923 1924 1932
1916 1909 1903 1902
1917 1925 1933 1941
1917 1910 1904 1897
1918 1926 1934 1942
1918 1911 1905 1898
1919 1920 1927 1928
1919 1912 1906 1899
1920 1927 1928 1935
1920 1919 1912 1906
1921 1930 1929 1938
1921 1913 1914 1907
1922 1931 1939 1943
1922 1915 1908 1901
1923 1924 1932 1940
1923 1916 1909 1903
1924 1932 1940 1944
1924 1923 1916 1909
1925 1933 1941 1945
1925 1917 1910 1904
1926 1934 1942 1946
1926 1918 1911 1905
1927 1928 1935 1936
1927 1920 1919 1912
1928 1935 1936 1937
1928 1927 1920 1919
1929 1938 1937 1936
1929 1930 1921 1913
1930 1929 1938 1937
1930 1921 1913 1914
1931 1939 1943 1947
1931 1922 1915 1908
1932 1940 1944 1948
1932 1924 1923 1916
1933 1941 1945 1949
1933 1925 1917 1910
1934 1942 1946 1950
1934 1926 1918 1911
1935 1936 1937 1938
1935 1928 1927 1920
1936 1937 1938 1929
1936 1935 1928 1927
1937 1936 1935 1928
1937 1938 1929 1930
1938 1937 1936 1935
1938 1929 1930 1921
1939 1943 1947 1951
1939 1931 1922 1915
1940 1944 1948 1952
1940 1932 1924 1923
1941 1945 1949 1953
1941 1933 1925 1917
1942 1946 1950 1954
1942 1934 1926 1918
1943 1947 1951 1955
1943 1939 1931 1922
1944 1948 1952 1956
1944 1940 1932 1924
1945 1949 1953 1957
1945 1941 1933 1925
1946 1950 1954 1958
1946 1942 1934 1926
1947 1951 1955 1959
1947 1943 1939 1931
1948 1952 1956 1960
1948 1944 1940 1932
1949 1953 1957 1961
1949 1945 1941 1933
1950 1954 1958 1962
1950 1946 1942 1934
1951 1955 1959 1963
1951 1947 1943 1939
1952 1956 1960 1964
1952 1948 1944 1940
1953 1957 1961 1966
1953 1949 1945 1941
1954 1958 1962 1967
1954 1950 1946 1942
1955 1959 1963 1968
1955 1951 1947 1943
1956 1960 1964 1965
1956 1952 1948 1944
1957 1961 1966 1970
1957 1953 1949 1945
1958 1962 1967 1971
1958 1954 1950 1946
1959 1963 1968 1972
1959 1955 1951 1947
1960 1964 1965 1969
1960 1956 1952 1948
1961 1966 1970 1974
1961 1957 1953 1949
1962 1967 1971 1975
1962 1958 1954 1950
1963 1968 1972 1976
1963 1959 1955 1951
1964 1965 1969 1973
1964 1960 1956 1952
1965 1969 1973 1977
1965 1964 1960 1956
1966 1970 1974 1978
1966 1961 1957 1953
1967 1971 1975 1979
1967 1962 1958 1954
1968 1972 1976 1980
1968 1963 1959 1955
1969 1973 1977 1981
1969 1965 1964 1960
1970 1974 1978 1982
1970 1966 1961 1957
1971 1975 1979 1983
1971 1967 1962 1958
1972 1976 1980 1984
1972 1968 1963 1959
1973 1977 1981 1985
1973 1969 1965 1964
1974 1978 1982 1986
1974 1970 1966 1961
1975 1979 1983 1987
1975 1971 1967 1962
1976 1980 1984 1988
1976 1972 1968 1963
1977 1981 1985 1989
1977 1973 1969 1965
1978 1982 1986 1990
1978 1974 1970 1966
1979 1983 1987 1991
1979 1975 1971 1967
1980 1984 1988 1992
1980 1976 1972 1968
1981 1985 1989 1993
1981 1977 1973 1969
1982 1986 1990 1995
1982 1978 1974 1970
1983 1987 1991 1996
1983 1979 1975 1971
1984 1988 1992 1997
1984 1980 1976 1972
1985 1989 1993 1994
1985 1981 1977 1973
1986 1990 1995 1999
1986 1982 1978 1974
1987 1991 1996 2000
1987 1983 1979 1975
1988 1992 1997 2001
1988 1984 1980 1976
1989 1993 1994 1998
1989 1985 1981 1977
1990 1995 1999 2003
1990 1986 1982 1978
1991 1996 2000 2004
1991 1987 1983 1979
1992 1997 2001 2005
1992 1988 1984 1980
1993 1994 1998 2002
1993 1989 1985 1981
1994 1998 2002 2006
1994 1993 1989 1985
1995 1999 2003 2007
1995 1990 1986 1982
1996 2000 2004 2008
1996 1991 1987 1983
1997 2001 2005 2009
1997 1992 1988 1984
1998 2002 2006 2010
1998 1994 1993 1989
1999 2003 2007 2011
1999 1995 1990 1986
2000 2004 2008 2012
2000 1996 1991 1987
2001 2005 2009 2013
2001 1997 1992 1988
2002 2006 2010 2014
2002 1998 1994 1993
2003 2007 2011 2016
2003 1999 1995 1990
2004 2008 2012 2017
2004 2000 1996 1991
2005 2009 2013 2018
2005 2001 1997 1992
2006 2010 2014 2015
2006 2002 1998 1994
2007 2011 2016 2020
2007 2003 1999 1995
2008 2012 2017 2021
2008 2004 2000 1996
2009 2013 2018 2022
2009 2005 2001 1997
2010 2014 2015 2019
2010 2006 2002 1998
2011 2016 2020 2025
2011 2007 2003 1999
2012 2017 2021 2026
2012 2008 2004 2000
2013 2018 2022 2027
2013 2009 2005 2001
2014 2015 2019 2023
2014 2010 2006 2002
2015 2019 2023 2024
2015 2014 2010 2006
2016 2020 2025 2029
2016 2011 2007 2003
2017 2021 2026 2030
2017 2012 2008 2004
2018 2022 2027 2031
2018 2013 2009 2005
2019 2023 2024 2028
2019 2015 2014 2010
2020 2025 2029 2033
2020 2016 2011 2007
2021 2026 2030 2034
2021 2017 2012 2008
2022 2027 2031 2036
2022 2018 2013 2009
2023 2024 2028 2032
2023 2019 2015 2014
2024 2028 2032 2037
2024 2023 2019 2015
2025 2029 2033 2038
2025 2020 2016 2011
2026 2030 2034 2035
2026 2021 2017 2012
2027 2031 2036 2040
2027 2022 2018 2013
2028 2032 2037 2041
2028 2024 2023 2019
2029 2033 2038 2042
2029 2025 2020 2016
2030 2034 2035 2039
2030 2026 2021 2017
2031 2036 2040 2044
2031 2027 2022 2018
2032 2037 2041 2045
2032 2028 2024 2023
2033 2038 2042 2046
2033 2029 2025 2020
2034 2035 2039 2043
2034 2030 2026 2021
2035 2039 2043 2047
2035 2034 2030 2026
2036 2040 2044 2048
2036 2031 2027 2022
2037 2041 2045 2049
2037 2032 2028 2024
2038 2042 2046 2050
2038 2033 2029 2025
2039 2043 2047 2051
2039 2035 2034 2030
2040 2044 2048 2052
2040 2036 2031 2027
2041 2045 2049 2053
2041 2037 2032 2028
2042 2046 2050 2055
2042 2038 2033 2029
2043 2047 2051 2056
2043 2039 2035 2034
2044 2048 2052 2057
2044 2040 2036 2031
2045 2049 2053 2054
2045 2041 2037 2032
2046 2050 2055 2059
2046 2042 2038 2033
2047 2051 2056 2060
2047 2043 2039 2035
2048 2052 2057 2061
2048 2044 2040 2036
2049 2053 2054 2058
2049 2045 2041 2037
2050 2055 2059 2064
2050 2046 2042 2038
2051 2056 2060 2065
2051 2047 2043 2039
2052 2057 2061 2066
2052 2048 2044 2040
2053 2054 2058 2062
2053 2049 2045 2041
2054 2058 2062 2063
2054 2053 2049 2045
2055 2059 2064 2068
2055 2050 2046 2042
2056 2060 2065 2069
2056 2051 2047 2043
2057 2061 2066 2070
2057 2052 2048 2044
2058 2062 2063 2067
2058 2054 2053 2049
2059 2064 2068 2073
2059 2055 2050 2046
2060 2065 2069 2074
2060 2056 2051 2047
2061 2066 2070 2075
2061 2057 2052 2048
2062 2063 2067 2071
2062 2058 2054 2053
2063 2067 2071 2072
2063 2062 2058 2054
2064 2068 2073 2077
2064 2059 2055 2050
2065 2069 2074 2078
2065 2060 2056 2051
2066 2070 2075 2079
2066 2061 2057 2052
2067 2071 2072 2076
2067 2063 2062 2058
2068 2073 2077 2082
2068 2064 2059 2055
2069 2074 2078 2083
2069 2065 2060 2056
2070 2075 2079 2084
2070 2066 2061 2057
2071 2072 2076 2080
2071 2067 2063 2062
2072 2076 2080 2085
2072 2071 2067 2063
2073 2077 2082 2081
2073 2068 2064 2059
2074 2078 2083 2087
2074 2069 2065 2060
2075 2079 2084 2088
2075 2070 2066 2061
2076 2080 2085 2089
2076 2072 2071 2067
2077 2082 2081 2086
2077 2073 2068 2064
2078 2083 2087 2091
2078 2074 2069 2065
2079 2084 2088 2092
2079 2075 2070 2066
2080 2085 2089 2093
2080 2076 2072 2071
2081 2086 2090 2094
2081 2082 2077 2073
2082 2081 2086 2090
2082 2077 2073 2068
2083 2087 2091 2095
2083 2078 2074 2069
2084 2088 2092 2096
2084 2079 2075 2070
2085 2089 2093 2097
2085 2080 2076 2072
2086 2090 2094 2099
2086 2081 2082 2077
2087 2091 2095 2100
2087 2083 2078 2074
2088 2092 2096 2101
2088 2084 2079 2075
2089 2093 2097 2103
2089 2085 2080 2076
2090 2094 2099 2098
2090 2086 2081 2082
2091 2095 2100 2105
2091 2087 2083 2078
2092 2096 2101 2106
2092 2088 2084 2079
2093 2097 2103 2102
2093 2089 2085 2080
2094 2099 2098 2104
2094 2090 2086 2081
2095 2100 2105 2112
2095 2091 2087 2083
2096 2101 2106 2113
2096 2092 2088 2084
2097 2103 2102 2109
2097 2093 2089 2085
2098 2104 2111 2110
2098 2099 2094 2090
2099 2098 2104 2111
2099 2094 2090 2086
2100 2105 2112 2117
2100 2095 2091 2087
2101 2106 2113 2118
2101 2096 2092 2088
2102 2109 2108 2107
2102 2103 2097 2093
2103 2102 2109 2108
2103 2097 2093 2089
2104 2111 2110 2116
2104 2098 2099 2094
2105 2112 2117 2124
2105 2100 2095 2091
2106 2113 2118 2125
2106 2101 2096 2092
2107 2115 2114 2121
2107 2108 2109 2102
2108 2107 2115 2114
2108 2109 2102 2103
2109 2108 2107 2115
2109 2102 2103 2097
2110 2116 2123 2122
2110 2111 2104 2098
2111 2110 2116 2123
2111 2104 2098 2099
2112 2117 2124 2129
2112 2105 2100 2095
2113 2118 2125 2130
2113 2106 2101 2096
2114 2121 2120 2119
2114 2115 2107 2108
2115 2114 2121 2120
2115 2107 2108 2109
2116 2123 2122 2128
2116 2110 2111 2104
2117 2124 2129 2135
2117 2112 2105 2100
2118 2125 2130 2136
2118 2113 2106 2101
2119 2127 2126 2133
2119 2120 2121 2114
2120 2119 2127 2126
2120 2121 2114 2115
2121 2120 2119 2127
2121 2114 2115 2107
2122 2128 2134 2139
2122 2123 2116 2110
2123 2122 2128 2134
2123 2116 2110 2111
2124 2129 2135 2140
2124 2117 2112 2105
2125 2130 2136 2141
2125 2118 2113 2106
2126 2133 2132 2131
2126 2127 2119 2120
2127 2126 2133 2132
2127 2119 2120 2121
2128 2134 2139 2144
2128 2122 2123 2116
2129 2135 2140 2145
2129 2124 2117 2112
2130 2136 2141 2146
2130 2125 2118 2113
2131 2138 2137 2143
2131 2132 2133 2126
2132 2131 2138 2137
2132 2133 2126 2127
2133 2132 2131 2138
2133 2126 2127 2119
2134 2139 2144 2149
2134 2128 2122 2123
2135 2140 2145 2150
2135 2129 2124 2117
2136 2141 2146 2151
2136 2130 2125 2118
2137 2143 2142 2148
2137 2138 2131 2132
2138 2137 2143 2142
2138 2131 2132 2133
2139 2144 2149 2155
2139 2134 2128 2122
2140 2145 2150 2156
2140 2135 2129 2124
2141 2146 2151 2157
2141 2136 2130 2125
2142 2148 2147 2154
2142 2143 2137 2138
2143 2142 2148 2147
2143 2137 2138 2131
2144 2149 2155 2160
2144 2139 2134 2128
2145 2150 2156 2161
2145 2140 2135 2129
2146 2151 2157 2162
2146 2141 2136 2130
2147 2154 2153 2152
2147 2148 2142 2143
2148 2147 2154 2153
2148 2142 2143 2137
2149 2155 2160 2165
2149 2144 2139 2134
2150 2156 2161 2166
2150 2145 2140 2135
2151 2157 2162 2167
2151 2146 2141 2136
2152 2159 2158 2164
2152 2153 2154 2147
2153 2152 2159 2158
2153 2154 2147 2148
2154 2153 2152 2159
2154 2147 2148 2142
2155 2160 2165 2170
2155 2149 2144 2139
2156 2161 2166 2171
2156 2150 2145 2140
2157 2162 2167 2172
2157 2151 2146 2141
2158 2164 2163 2169
2158 2159 2152 2153
2159 2158 2164 2163
2159 2152 2153 2154
2160 2165 2170 2175
2160 2155 2149 2144
2161 2166 2171 2176
2161 2156 2150 2145
2162 2167 2172 2177
2162 2157 2151 2146
2163 2169 2168 2174
2163 2164 2158 2159
2164 2163 2169 2168
2164 2158 2159 2152
2165 2170 2175 2180
2165 2160 2155 2149
2166 2171 2176 2181
2166 2161 2156 2150
2167 2172 2177 2182
2167 2162 2157 2151
2168 2174 2173 2179
2168 2169 2163 2164
2169 2168 2174 2173
2169 2163 2164 2158
2170 2175 2180 2185
2170 2165 2160 2155
2171 2176 2181 2186
2171 2166 2161 2156
2172 2177 2182 2188
2172 2167 2162 2157
2173 2179 2178 2184
2173 2174 2168 2169
2174 2173 2179 2178
2174 2168 2169 2163
2175 2180 2185 2192
2175 2170 2165 2160
2176 2181 2186 2187
2176 2171 2166 2161
2177 2182 2188 2194
2177 2172 2167 2162
2178 2184 2183 2190
2178 2179 2173 2174
2179 2178 2184 2183
2179 2173 2174 2168
2180 2185 2192 2191
2180 2175 2170 2165
2181 2186 2187 2193
2181 2176 2171 2166
2182 2188 2194 2199
2182 2177 2172 2167
2183 2190 2189 2196
2183 2184 2178 2179
2184 2183 2190 2189
2184 2178 2179 2173
2185 2192 2191 2197
2185 2180 2175 2170
2186 2187 2193 2198
2186 2181 2176 2171
2187 2193 2198 2204
2187 2186 2181 2176
2188 2194 2199 2205
2188 2182 2177 2172
2189 2196 2195 2201
2189 2190 2183 2184
2190 2189 2196 2195
2190 2183 2184 2178
2191 2197 2203 2202
2191 2192 2185 2180
2192 2191 2197 2203
2192 2185 2180 2175
2193 2198 2204 2209
2193 2187 2186 2181
2194 2199 2205 2210
2194 2188 2182 2177
2195 2201 2200 2207
2195 2196 2189 2190
2196 2195 2201 2200
2196 2189 2190 2183
2197 2203 2202 2208
2197 2191 2192 2185
2198 2204 2209 2215
2198 2193 2187 2186
2199 2205 2210 2216
2199 2194 2188 2182
2200 2207 2206 2212
2200 2201 2195 2196
2201 2200 2207 2206
2201 2195 2196 2189
2202 2208 2214 2213
2202 2203 2197 2191
2203 2202 2208 2214
2203 2197 2191 2192
2204 2209 2215 2220
2204 2198 2193 2187
2205 2210 2216 -1
2205 2199 2194 2188
2206 2212 2211 2218
2206 2207 2200 2201
2207 2206 2212 2211
2207 2200 2201 2195
2208 2214 2213 2219
2208 2202 2203 2197
2209 2215 2220 2225
2209 2204 2198 2193
2210 2205 2199 2194
2211 2218 2217 2222
2211 2212 2206 2207
2212 2211 2218 2217
2212 2206 2207 2200
2213 2219 2224 2223
2213 2214 2208 2202
2214 2213 2219 2224
2214 2208 2202 2203
2215 2220 2225 2229
2215 2209 2204 2198
2216 2210 2205 2199
2217 2222 2221 2227
2217 2218 2211 2212
2218 2217 2222 2221
2218 2211 2212 2206
2219 2224 2223 2228
2219 2213 2214 2208
2220 2225 2229 2234
2220 2215 2209 2204
2221 2227 2226 2231
2221 2222 2217 2218
2222 2221 2227 2226
2222 2217 2218 2211
2223 2228 2233 2232
2223 2224 2219 2213
2224 2223 2228 2233
2224 2219 2213 2214
2225 2229 2234 2238
2225 2220 2215 2209
2226 2231 2230 2236
2226 2227 2221 2222
2227 2226 2231 2230
2227 2221 2222 2217
2228 2233 2232 2237
2228 2223 2224 2219
2229 2234 2238 2243
2229 2225 2220 2215
2230 2236 2235 2240
2230 2231 2226 2227
2231 2230 2236 2235
2231 2226 2227 2221
2232 2237 2242 2241
2232 2233 2228 2223
2233 2232 2237 2242
2233 2228 2223 2224
2234 2238 2243 2247
2234 2229 2225 2220
2235 2240 2239 2245
2235 2236 2230 2231
2236 2235 2240 2239
2236 2230 2231 2226
2237 2242 2241 2246
2237 2232 2233 2228
2238 2243 2247 2253
2238 2234 2229 2225
2239 2245 2244 2250
2239 2240 2235 2236
2240 2239 2245 2244
2240 2235 2236 2230
2241 2246 2252 2251
2241 2242 2237 2232
2242 2241 2246 2252
2242 2237 2232 2233
2243 2247 2253 2257
2243 2238 2234 2229
2244 2250 2249 2255
2244 2245 2239 2240
2245 2244 2250 2249
2245 2239 2240 2235
2246 2252 2251 2256
2246 2241 2242 2237
2247 2253 2257 2261
2247 2243 2238 2234
2249 2255 2254 2259
2249 2250 2244 2245
2250 2249 2255 2254
2250 2244 2245 2239
2251 2256 2260 2264
2251 2252 2246 2241
2252 2251 2256 2260
2252 2246 2241 2242
2253 2257 2261 2265
2253 2247 2243 2238
2254 2259 2258 2263
2254 2255 2249 2250
2255 2254 2259 2258
2255 2249 2250 2244
2256 2260 2264 2268
2256 2251 2252 2246
2257 2261 2265 2269
2257 2253 2247 2243
2258 2263 2262 2267
2258 2259 2254 2255
2259 2258 2263 2262
2259 2254 2255 2249
2260 2264 2268 2272
2260 2256 2251 2252
2261 2265 2269 2273
2261 2257 2253 2247
2262 2267 2266 2271
2262 2263 2258 2259
2263 2262 2267 2266
2263 2258 2259 2254
2264 2268 2272 2275
2264 2260 2256 2251
2265 2269 2273 2276
2265 2261 2257 2253
2266 2271 2270 2274
2266 2267 2262 2263
2267 2266 2271 2270
2267 2262 2263 2258
2268 2272 2275 2278
2268 2264 2260 2256
2269 2273 2276 2279
2269 2265 2261 2257
2270 2274 2277 2281
2270 2271 2266 2267
2271 2270 2274 2277
2271 2266 2267 2262
2272 2275 2278 2282
2272 2268 2264 2260
2273 2276 2279 2283
2273 2269 2265 2261
2274 2277 2281 2280
2274 2270 2271 2266
2275 2278 2282 2286
2275 2272 2268 2264
2276 2279 2283 2287
2276 2273 2269 2265
2277 2281 2280 2285
2277 2274 2270 2271
2278 2282 2286 2289
2278 2275 2272 2268
2279 2283 2287 2290
2279 2276 2273 2269
2280 2285 2284 2288
2280 2281 2277 2274
2281 2280 2285 2284
2281 2277 2274 2270
2282 2286 2289 2292
2282 2278 2275 2272
2283 2287 2290 2293
2283 2279 2276 2273
2284 2288 2291 2294
2284 2285 2280 2281
2285 2284 2288 2291
2285 2280 2281 2277
2286 2289 2292 2295
2286 2282 2278 2275
2287 2290 2293 2296
2287 2283 2279 2276
2288 2291 2294 2298
2288 2284 2285 2280
2289 2292 2295 2299
2289 2286 2282 2278
2290 2293 2296 2297
2290 2287 2283 2279
2291 2294 2298 2301
2291 2288 2284 2285
2292 2295 2299 2302
2292 2289 2286 2282
2293 2296 2297 2300
2293 2290 2287 2283
2294 2298 2301 2304
2294 2291 2288 2284
2295 2299 2302 2306
2295 2292 2289 2286
2296 2297 2300 2303
2296 2293 2290 2287
2297 2300 2303 2307
2297 2296 2293 2290
2298 2301 2304 2308
2298 2294 2291 2288
2299 2302 2306 2305
2299 2295 2292 2289
2300 2303 2307 2310
2300 2297 2296 2293
2301 2304 2308 2312
2301 2298 2294 2291
2302 2306 2305 2309
2302 2299 2295 2292
2303 2307 2310 2315
2303 2300 2297 2296
2304 2308 2312 2311
2304 2301 2298 2294
2305 2309 2314 2313
2305 2306 2302 2299
2306 2305 2309 2314
2306 2302 2299 2295
2307 2310 2315 2318
2307 2303 2300 2297
2308 2312 2311 2316
2308 2304 2301 2298
2309 2314 2313 2317
2309 2305 2306 2302
2310 2315 2318 2322
2310 2307 2303 2300
2311 2316 2319 2324
2311 2312 2308 2304
2312 2311 2316 2319
2312 2308 2304 2301
2313 2317 2321 2320
2313 2314 2309 2305
2314 2313 2317 2321
2314 2309 2305 2306
2315 2318 2322 2323
2315 2310 2307 2303
2316 2319 2324 2327
2316 2311 2312 2308
2317 2321 2320 2325
2317 2313 2314 2309
2318 2322 2323 2326
2318 2315 2310 2307
2319 2324 2327 2331
2319 2316 2311 2312
2320 2325 2329 2328
2320 2321 2317 2313
2321 2320 2325 2329
2321 2317 2313 2314
2322 2323 2326 2330
2322 2318 2315 2310
2323 2326 2330 2333
2323 2322 2318 2315
2324 2327 2331 2335
2324 2319 2316 2311
2325 2329 2328 2332
2325 2320 2321 2317
2326 2330 2333 2338
2326 2323 2322 2318
2327 2331 2335 2334
2327 2324 2319 2316
2328 2332 2337 2336
2328 2329 2325 2320
2329 2328 2332 2337
2329 2325 2320 2321
2330 2333 2338 2341
2330 2326 2323 2322
2331 2335 2334 2339
2331 2327 2324 2319
2332 2337 2336 2340
2332 2328 2329 2325
2333 2338 2341 2345
2333 2330 2326 2323
2334 2339 2342 2346
2334 2335 2331 2327
2335 2334 2339 2342
2335 2331 2327 2324
2336 2340 2344 2343
2336 2337 2332 2328
2337 2336 2340 2344
2337 2332 2328 2329
2338 2341 2345 2348
2338 2333 2330 2326
2339 2342 2346 2349
2339 2334 2335 2331
2340 2344 2343 2347
2340 2336 2337 2332
2341 2345 2348 2352
2341 2338 2333 2330
2342 2346 2349 2353
2342 2339 2334 2335
2343 2347 2351 2350
2343 2344 2340 2336
2344 2343 2347 2351
2344 2340 2336 2337
2345 2348 2352 2355
2345 2341 2338 2333
2346 2349 2353 2356
2346 2342 2339 2334
2347 2351 2350 2354
2347 2343 2344 2340
2348 2352 2355 2359
2348 2345 2341 2338
2349 2353 2356 2360
2349 2346 2342 2339
2350 2354 2358 2357
2350 2351 2347 2343
2351 2350 2354 2358
2351 2347 2343 2344
2352 2355 2359 2362
2352 2348 2345 2341
2353 2356 2360 2364
2353 2349 2346 2342
2354 2358 2357 2361
2354 2350 2351 2347
2355 2359 2362 2363
2355 2352 2348 2345
2356 2360 2364 2367
2356 2353 2349 2346
2357 2361 2365 2368
2357 2358 2354 2350
2358 2357 2361 2365
2358 2354 2350 2351
2359 2362 2363 2366
2359 2355 2352 2348
2360 2364 2367 2370
2360 2356 2353 2349
2361 2365 2368 2371
2361 2357 2358 2354
2362 2363 2366 2369
2362 2359 2355 2352
2363 2366 2369 2372
2363 2362 2359 2355
2364 2367 2370 2374
2364 2360 2356 2353
2365 2368 2371 2375
2365 2361 2357 2358
2366 2369 2372 2373
2366 2363 2362 2359
2367 2370 2374 2378
2367 2364 2360 2356
2368 2371 2375 2379
2368 2365 2361 2357
2369 2372 2373 2376
2369 2366 2363 2362
2370 2374 2378 2382
2370 2367 2364 2360
2371 2375 2379 2383
2371 2368 2365 2361
2372 2373 2376 2377
2372 2369 2366 2363
2373 2376 2377 2380
2373 2372 2369 2366
2374 2378 2382 2386
2374 2370 2367 2364
2375 2379 2383 2387
2375 2371 2368 2365
2376 2377 2380 2381
2376 2373 2372 2369
2377 2380 2381 2384
2377 2376 2373 2372
2378 2382 2386 2390
2378 2374 2370 2367
2379 2383 2387 2391
2379 2375 2371 2368
2380 2381 2384 2385
2380 2377 2376 2373
2381 2384 2385 2388
2381 2380 2377 2376
2382 2386 2390 2394
2382 2378 2374 2370
2383 2387 2391 2396
2383 2379 2375 2371
2384 2385 2388 2389
2384 2381 2380 2377
2385 2388 2389 2392
2385 2384 2381 2380
2386 2390 2394 2395
2386 2382 2378 2374
2387 2391 2396 2400
2387 2383 2379 2375
2388 2389 2392 2393
2388 2385 2384 2381
2389 2392 2393 2397
2389 2388 2385 2384
2390 2394 2395 2399
2390 2386 2382 2378
2391 2396 2400 2404
2391 2387 2383 2379
2392 2393 2397 2398
2392 2389 2388 2385
2393 2397 2398 2401
2393 2392 2389 2388
2394 2395 2399 2403
2394 2390 2386 2382
2395 2399 2403 2407
2395 2394 2390 2386
2396 2400 2404 2409
2396 2391 2387 2383
2397 2398 2401 2402
2397 2393 2392 2389
2398 2401 2402 2405
2398 2397 2393 2392
2399 2403 2407 2408
2399 2395 2394 2390
2400 2404 2409 2414
2400 2396 2391 2387
2401 2402 2405 2406
2401 2398 2397 2393
2402 2405 2406 2410
2402 2401 2398 2397
2403 2407 2408 2412
2403 2399 2395 2394
2404 2409 2414 2418
2404 2400 2396 2391
2405 2406 2410 2411
2405 2402 2401 2398
2406 2410 2411 2415
2406 2405 2402 2401
2407 2408 2412 2413
2407 2403 2399 2395
2408 2412 2413 -1
2408 2407 2403 2399
2409 2414 2418 2417
2409 2404 2400 2396
2410 2411 2415 2416
2410 2406 2405 2402
2411 2415 2416 2419
2411 2410 2406 2405
2412 2408 2407 2403
2413 2412 2408 2407
2414 2418 2417 2421
2414 2409 2404 2400
2415 2416 2419 2420
2415 2411 2410 2406
2416 2419 2420 2422
2416 2415 2411 2410
2417 2421 2425 2424
2417 2418 2414 2409
2418 2417 2421 2425
2418 2414 2409 2404
2419 2420 2422 2423
2419 2416 2415 2411
2420 2422 2423 2426
2420 2419 2416 2415
2421 2425 2424 2428
2421 2417 2418 2414
2422 2423 2426 2427
2422 2420 2419 2416
2423 2426 2427 2429
2423 2422 2420 2419
2424 2428 2432 2431
2424 2425 2421 2417
2425 2424 2428 2432
2425 2421 2417 2418
2426 2427 2429 2430
2426 2423 2422 2420
2427 2429 2430 2433
2427 2426 2423 2422
2428 2432 2431 2435
2428 2424 2425 2421
2429 2430 2433 2434
2429 2427 2426 2423
2430 2433 2434 2436
2430 2429 2427 2426
2431 2435 2439 2438
2431 2432 2428 2424
2432 2431 2435 2439
2432 2428 2424 2425
2433 2434 2436 2437
2433 2430 2429 2427
2434 2436 2437 2440
2434 2433 2430 2429
2435 2439 2438 2442
2435 2431 2432 2428
2436 2437 2440 2441
2436 2434 2433 2430
2437 2440 2441 2443
2437 2436 2434 2433
2438 2442 2446 2445
2438 2439 2435 2431
2439 2438 2442 2446
2439 2435 2431 2432
2440 2441 2443 2444
2440 2437 2436 2434
2441 2443 2444 2447
2441 2440 2437 2436
2442 2446 2445 2449
2442 2438 2439 2435
2443 2444 2447 2448
2443 2441 2440 2437
2444 2447 2448 2450
2444 2443 2441 2440
2445 2449 2453 2452
2445 2446 2442 2438
2446 2445 2449 2453
2446 2442 2438 2439
2447 2448 2450 2451
2447 2444 2443 2441
2448 2450 2451 2454
2448 2447 2444 2443
2449 2453 2452 2456
2449 2445 2446 2442
2450 2451 2454 2455
2450 2448 2447 2444
2451 2454 2455 2457
2451 2450 2448 2447
2452 2456 2460 2459
2452 2453 2449 2445
2453 2452 2456 2460
2453 2449 2445 2446
2454 2455 2457 2458
2454 2451 2450 2448
2455 2457 2458 2461
2455 2454 2451 2450
2456 2460 2459 2463
2456 2452 2453 2449
2457 2458 2461 2462
2457 2455 2454 2451
2458 2461 2462 2464
2458 2457 2455 2454
2459 2463 2467 2466
2459 2460 2456 2452
2460 2459 2463 2467
2460 2456 2452 2453
2461 2462 2464 2465
2461 2458 2457 2455
2462 2464 2465 2468
2462 2461 2458 2457
2463 2467 2466 2470
2463 2459 2460 2456
2464 2465 2468 2469
2464 2462 2461 2458
2465 2468 2469 2471
2465 2464 2462 2461
2466 2470 2474 2473
2466 2467 2463 2459
2467 2466 2470 2474
2467 2463 2459 2460
2468 2469 2471 2472
2468 2465 2464 2462
2469 2471 2472 2475
2469 2468 2465 2464
2470 2474 2473 2478
2470 2466 2467 2463
2471 2472 2475 2476
2471 2469 2468 2465
2472 2475 2476 2479
2472 2471 2469 2468
2473 2478 2477 2484
2473 2474 2470 2466
2474 2473 2478 2477
2474 2470 2466 2467
2475 2476 2479 2480
2475 2472 2471 2469
2476 2479 2480 2481
2476 2475 2472 2471
2477 2484 2483 2482
2477 2478 2473 2474
2478 2477 2484 2483
2478 2473 2474 2470
2479 2480 2481 2485
2479 2476 2475 2472
2480 2481 2485 2486
2480 2479 2476 2475
2481 2485 2486 2528
2481 2480 2479 2476
2482 2527 2526 2525
2482 2483 2484 2477
2483 2482 2527 2526
2483 2484 2477 2478
2484 2483 2482 2527
2484 2477 2478 2473
2485 2486 2528 2529
2485 2481 2480 2479
2486 2528 2529 2530
2486 2485 2481 2480
2487 2590 2589 2588
2487 2488 2489 2490
2488 2487 2590 2589
2488 2489 2490 2491
2489 2488 2487 2590
2489 2490 2491 2492
2490 2489 2488 2487
2490 2491 2492 2493
2491 2490 2489 2488
2491 2492 2493 2494
2492 2491 2490 2489
2492 2493 2494 2495
2493 2492 2491 2490
2493 2494 2495 2496
2494 2493 2492 2491
2494 2495 2496 2497
2495 2494 2493 2492
2495 2496 2497 2498
2496 2495 2494 2493
2496 2497 2498 2499
2497 2496 2495 2494
2497 2498 2499 2500
2498 2497 2496 2495
2498 2499 2500 2501
2499 2498 2497 2496
2499 2500 2501 2502
2500 2499 2498 2497
2500 2501 2502 2503
2501 2500 2499 2498
2501 2502 2503 2504
2502 2501 2500 2499
2502 2503 2504 2505
2503 2502 2501 2500
2503 2504 2505 2506
2504 2503 2502 2501
2504 2505 2506 2507
2505 2504 2503 2502
2505 2506 2507 2508
2506 2505 2504 2503
2506 2507 2508 2509
2507 2506 2505 2504
2507 2508 2509 2510
2508 2507 2506 2505
2508 2509 2510 2511
2509 2508 2507 2506
2509 2510 2511 2512
2510 2509 2508 2507
2510 2511 2512 2513
2511 2510 2509 2508
2511 2512 2513 2514
2512 2511 2510 2509
2512 2513 2514 2515
2513 2512 2511 2510
2513 2514 2515 2516
2514 2513 2512 2511
2514 2515 2516 2517
2515 2514 2513 2512
2515 2516 2517 2518
2516 2515 2514 2513
2516 2517 2518 2519
2517 2516 2515 2514
2517 2518 2519 2520
2518 2517 2516 2515
2518 2519 2520 2521
2519 2518 2517 2516
2519 2520 2521 2522
2520 2519 2518 2517
2520 2521 2522 2523
2521 2520 2519 2518
2521 2522 2523 2524
2522 2521 2520 2519
2522 2523 2524 2525
2523 2522 2521 2520
2523 2524 2525 2526
2524 2523 2522 2521
2524 2525 2526 2527
2525 2524 2523 2522
2525 2526 2527 2482
2526 2525 2524 2523
2526 2527 2482 2483
2527 2526 2525 2524
2527 2482 2483 2484
2528 2529 2530 2531
2528 2486 2485 2481
2529 2530 2531 2532
2529 2528 2486 2485
2530 2531 2532 2533
2530 2529 2528 2486
2531 2532 2533 2534
2531 2530 2529 2528
2532 2533 2534 2535
2532 2531 2530 2529
2533 2534 2535 2536
2533 2532 2531 2530
2534 2533 2532 2531
2534 2535 2536 2537
2535 2534 2533 2532
2535 2536 2537 2538
2536 2535 2534 2533
2536 2537 2538 2539
2537 2536 2535 2534
2537 2538 2539 2540
2538 2537 2536 2535
2538 2539 2540 2541
2539 2538 2537 2536
2539 2540 2541 2542
2540 2539 2538 2537
2540 2541 2542 2543
2541 2540 2539 2538
2541 2542 2543 2544
2542 2541 2540 2539
2542 2543 2544 2545
2543 2542 2541 2540
2543 2544 2545 2546
2544 2543 2542 2541
2544 2545 2546 2547
2545 2544 2543 2542
2545 2546 2547 2548
2546 2545 2544 2543
2546 2547 2548 2549
2547 2546 2545 2544
2547 2548 2549 2550
2548 2547 2546 2545
2548 2549 2550 2551
2549 2548 2547 2546
2549 2550 2551 2552
2550 2549 2548 2547
2550 2551 2552 2553
2551 2550 2549 2548
2551 2552 2553 2554
2552 2551 2550 2549
2552 2553 2554 2555
2553 2552 2551 2550
2553 2554 2555 2556
2554 2553 2552 2551
2554 2555 2556 2557
2555 2554 2553 2552
2555 2556 2557 2558
2556 2555 2554 2553
2556 2557 2558 2559
2557 2556 2555 2554
2557 2558 2559 2560
2558 2557 2556 2555
2558 2559 2560 2561
2559 2558 2557 2556
2559 2560 2561 2562
2560 2559 2558 2557
2560 2561 2562 2563
2561 2560 2559 2558
2561 2562 2563 2564
2562 2561 2560 2559
2562 2563 2564 2565
2563 2562 2561 2560
2563 2564 2565 2566
2564 2563 2562 2561
2564 2565 2566 2567
2565 2564 2563 2562
2565 2566 2567 2568
2566 2565 2564 2563
2566 2567 2568 2569
2567 2566 2565 2564
2567 2568 2569 2570
2568 2567 2566 2565
2568 2569 2570 2571
2569 2568 2567 2566
2569 2570 2571 2572
2570 2569 2568 2567
2570 2571 2572 2573
2571 2570 2569 2568
2571 2572 2573 2574
2572 2571 2570 2569
2572 2573 2574 2575
2573 2572 2571 2570
2573 2574 2575 2576
2574 2573 2572 2571
2574 2575 2576 2577
2575 2574 2573 2572
2575 2576 2577 2578
2576 2575 2574 2573
2576 2577 2578 2579
2577 2576 2575 2574
2577 2578 2579 2580
2578 2577 2576 2575
2578 2579 2580 2581
2579 2578 2577 2576
2579 2580 2581 2582
2580 2579 2578 2577
2580 2581 2582 2583
2581 2580 2579 2578
2581 2582 2583 2584
2582 2581 2580 2579
2582 2583 2584 2585
2583 2582 2581 2580
2583 2584 2585 2586
2584 2583 2582 2581
2584 2585 2586 2587
2585 2584 2583 2582
2585 2586 2587 2588
2586 2585 2584 2583
2586 2587 2588 2589
2587 2586 2585 2584
2587 2588 2589 2590
2588 2587 2586 2585
2588 2589 2590 2487
2589 2588 2587 2586
2589 2590 2487 2488
2590 2589 2588 2587
2590 2487 2488 2489
