0 58 57 56
0 1 2 3
1 0 58 57
1 2 3 4
2 1 0 58
2 3 4 5
3 2 1 0
3 4 5 6
4 3 2 1
4 5 6 7
5 4 3 2
5 6 7 8
6 5 4 3
6 7 8 9
7 6 5 4
7 8 9 10
8 9 10 59
8 7 6 5
9 10 59 60
9 8 7 6
10 59 60 61
10 9 8 7
11 123 122 121
11 12 13 14
12 11 123 122
12 13 14 15
13 12 11 123
13 14 15 16
14 13 12 11
14 15 16 17
15 14 13 12
15 16 17 18
16 15 14 13
16 17 18 19
17 16 15 14
17 18 19 20
18 17 16 15
18 19 20 21
19 18 17 16
19 20 21 22
20 19 18 17
20 21 22 23
21 20 19 18
21 22 23 24
22 21 20 19
22 23 24 25
23 22 21 20
23 24 25 26
24 23 22 21
24 25 26 27
25 24 23 22
25 26 27 28
26 25 24 23
26 27 28 29
27 26 25 24
27 28 29 30
28 27 26 25
28 29 30 31
29 28 27 26
29 30 31 32
30 29 28 27
30 31 32 33
31 30 29 28
31 32 33 34
32 31 30 29
32 33 34 35
33 32 31 30
33 34 35 36
34 33 32 31
34 35 36 37
35 34 33 32
35 36 37 38
36 35 34 33
36 37 38 39
37 36 35 34
37 38 39 40
38 37 36 35
38 39 40 41
39 38 37 36
39 40 41 42
40 39 38 37
40 41 42 43
41 40 39 38
41 42 43 44
42 41 40 39
42 43 44 45
43 42 41 40
43 44 45 46
44 43 42 41
44 45 46 47
45 44 43 42
45 46 47 48
46 45 44 43
46 47 48 49
47 46 45 44
47 48 49 50
48 47 46 45
48 49 50 51
49 48 47 46
49 50 51 52
50 49 48 47
50 51 52 53
51 50 49 48
51 52 53 54
52 51 50 49
52 53 54 55
53 52 51 50
53 54 55 56
54 53 52 51
54 55 56 57
55 54 53 52
55 56 57 58
56 55 54 53
56 57 58 0
57 56 55 54
57 58 0 1
58 57 56 55
58 0 1 2
59 60 61 124
59 10 9 8
60 61 124 125
60 59 10 9
61 124 125 130
61 60 59 10
62 129 128 127
62 63 64 65
63 62 129 128
63 64 65 66
64 63 62 129
64 65 66 67
65 64 63 62
65 66 67 68
66 65 64 63
66 67 68 69
67 66 65 64
67 68 69 70
68 67 66 65
68 69 70 71
69 68 67 66
69 70 71 72
70 69 68 67
70 71 72 73
71 70 69 68
71 72 73 74
72 71 70 69
72 73 74 75
73 72 71 70
73 74 75 76
74 73 72 71
74 75 76 77
75 74 73 72
75 76 77 78
76 75 74 73
76 77 78 79
77 76 75 74
77 78 79 80
78 77 76 75
78 79 80 81
79 78 77 76
79 80 81 82
80 79 78 77
80 81 82 83
81 80 79 78
81 82 83 84
82 81 80 79
82 83 84 85
83 82 81 80
83 84 85 86
84 83 82 81
84 85 86 87
85 84 83 82
85 86 87 88
86 85 84 83
86 87 88 89
87 86 85 84
87 88 89 90
88 87 86 85
88 89 90 91
89 88 87 86
89 90 91 92
90 89 88 87
90 91 92 93
91 90 89 88
91 92 93 94
92 91 90 89
92 93 94 95
93 92 91 90
93 94 95 96
94 93 92 91
94 95 96 97
95 94 93 92
95 96 97 98
96 95 94 93
96 97 98 99
97 96 95 94
97 98 99 100
98 97 96 95
98 99 100 101
99 98 97 96
99 100 101 102
100 99 98 97
100 101 102 103
101 100 99 98
101 102 103 104
102 101 100 99
102 103 104 105
103 102 101 100
103 104 105 106
104 103 102 101
104 105 106 107
105 104 103 102
105 106 107 108
106 105 104 103
106 107 108 109
107 106 105 104
107 108 109 110
108 107 106 105
108 109 110 111
109 108 107 106
109 110 111 112
110 109 108 107
110 111 112 113
111 110 109 108
111 112 113 114
112 111 110 109
112 113 114 115
113 112 111 110
113 114 115 116
114 113 112 111
114 115 116 117
115 114 113 112
115 116 117 118
116 115 114 113
116 117 118 119
117 116 115 114
117 118 119 120
118 117 116 115
118 119 120 121
119 118 117 116
119 120 121 122
120 119 118 117
120 121 122 123
121 120 119 118
121 122 123 11
122 121 120 119
122 123 11 12
123 122 121 120
123 11 12 13
124 125 130 134
124 61 60 59
125 130 134 137
125 124 61 60
126 133 132 131
126 127 128 129
127 126 133 132
127 128 129 62
128 127 126 133
128 129 62 63
129 128 127 126
129 62 63 64
130 134 137 140
130 125 124 61
131 136 135 139
131 132 133 126
132 131 136 135
132 133 126 127
133 132 131 136
133 126 127 128
134 137 140 143
134 130 125 124
135 139 138 142
135 136 131 132
136 135 139 138
136 131 132 133
137 140 143 146
137 134 130 125
138 142 141 145
138 139 135 136
139 138 142 141
139 135 136 131
140 143 146 149
140 137 134 130
141 145 144 148
141 142 138 139
142 141 145 144
142 138 139 135
143 146 149 153
143 140 137 134
144 148 147 152
144 145 141 142
145 144 148 147
145 141 142 138
146 149 153 157
146 143 140 137
147 152 151 150
147 148 144 145
148 147 152 151
148 144 145 141
149 153 157 161
149 146 143 140
150 156 155 154
150 151 152 147
151 150 156 155
151 152 147 148
152 151 150 156
152 147 148 144
153 157 161 164
153 149 146 143
154 160 159 158
154 155 156 150
155 154 160 159
155 156 150 151
156 155 154 160
156 150 151 152
157 161 164 167
157 153 149 146
158 163 162 166
158 159 160 154
159 158 163 162
159 160 154 155
160 159 158 163
160 154 155 156
161 164 167 170
161 157 153 149
162 166 165 169
162 163 158 159
163 162 166 165
163 158 159 160
164 167 170 174
164 161 157 153
165 169 168 173
165 166 162 163
166 165 169 168
166 162 163 158
167 170 174 177
167 164 161 157
168 173 172 171
168 169 165 166
169 168 173 172
169 165 166 162
170 174 177 180
170 167 164 161
171 176 175 179
171 172 173 168
172 171 176 175
172 173 168 169
173 172 171 176
173 168 169 165
174 177 180 184
174 170 167 164
175 179 178 183
175 176 171 172
176 175 179 178
176 171 172 173
177 180 184 187
177 174 170 167
178 183 182 181
178 179 175 176
179 178 183 182
179 175 176 171
180 184 187 191
180 177 174 170
181 186 185 190
181 182 183 178
182 181 186 185
182 183 178 179
183 182 181 186
183 178 179 175
184 187 191 194
184 180 177 174
185 190 189 188
185 186 181 182
186 185 190 189
186 181 182 183
187 191 194 198
187 184 180 177
188 193 192 197
188 189 190 185
189 188 193 192
189 190 185 186
190 189 188 193
190 185 186 181
191 194 198 201
191 187 184 180
192 197 196 195
192 193 188 189
193 192 197 196
193 188 189 190
194 198 201 204
194 191 187 184
195 200 199 203
195 196 197 192
196 195 200 199
196 197 192 193
197 196 195 200
197 192 193 188
198 201 204 207
198 194 191 187
199 203 202 206
199 200 195 196
200 199 203 202
200 195 196 197
201 204 207 210
201 198 194 191
202 206 205 209
202 203 199 200
203 202 206 205
203 199 200 195
204 207 210 213
204 201 198 194
205 209 208 212
205 206 202 203
206 205 209 208
206 202 203 199
207 210 213 216
207 204 201 198
208 212 211 215
208 209 205 206
209 208 212 211
209 205 206 202
210 213 216 219
210 207 204 201
211 215 214 218
211 212 208 209
212 211 215 214
212 208 209 205
213 216 219 222
213 210 207 204
214 218 217 221
214 215 211 212
215 214 218 217
215 211 212 208
216 219 222 225
216 213 210 207
217 221 220 224
217 218 214 215
218 217 221 220
218 214 215 211
219 222 225 228
219 216 213 210
220 224 223 227
220 221 217 218
221 220 224 223
221 217 218 214
222 225 228 231
222 219 216 213
223 227 226 230
223 224 220 221
224 223 227 226
224 220 221 217
225 228 231 234
225 222 219 216
226 230 229 233
226 227 223 224
227 226 230 229
227 223 224 220
228 231 234 237
228 225 222 219
229 233 232 236
229 230 226 227
230 229 233 232
230 226 227 223
231 234 237 240
231 228 225 222
232 236 235 239
232 233 229 230
233 232 236 235
233 229 230 226
234 237 240 243
234 231 228 225
235 239 238 242
235 236 232 233
236 235 239 238
236 232 233 229
237 240 243 246
237 234 231 228
238 242 241 245
238 239 235 236
239 238 242 241
239 235 236 232
240 243 246 249
240 237 234 231
241 245 244 248
241 242 238 239
242 241 245 244
242 238 239 235
243 246 249 252
243 240 237 234
244 248 247 251
244 245 241 242
245 244 248 247
245 241 242 238
246 249 252 254
246 243 240 237
247 251 250 253
247 248 244 245
248 247 251 250
248 244 245 241
249 252 254 257
249 246 243 240
250 253 256 255
250 251 247 248
251 250 253 256
251 247 248 244
252 254 257 260
252 249 246 243
253 256 255 259
253 250 251 247
254 257 260 262
254 252 249 246
255 259 258 261
255 256 253 250
256 255 259 258
256 253 250 251
257 260 262 265
257 254 252 249
258 261 264 263
258 259 255 256
259 258 261 264
259 255 256 253
260 262 265 267
260 257 254 252
261 264 263 266
261 258 259 255
262 265 267 270
262 260 257 254
263 266 269 268
263 264 261 258
264 263 266 269
264 261 258 259
265 267 270 272
265 262 260 257
266 269 268 271
266 263 264 261
267 270 272 274
267 265 262 260
268 271 273 275
268 269 266 263
269 268 271 273
269 266 263 264
270 272 274 276
270 267 265 262
271 273 275 278
271 268 269 266
272 274 276 279
272 270 267 265
273 275 278 277
273 271 268 269
274 276 279 281
274 272 270 267
275 278 277 280
275 273 271 268
276 279 281 284
276 274 272 270
277 280 283 282
277 278 275 273
278 277 280 283
278 275 273 271
279 281 284 286
279 276 274 272
280 283 282 285
280 277 278 275
281 284 286 289
281 279 276 274
282 285 288 287
282 283 280 277
283 282 285 288
283 280 277 278
284 286 289 291
284 281 279 276
285 288 287 290
285 282 283 280
286 289 291 293
286 284 281 279
287 290 292 294
287 288 285 282
288 287 290 292
288 285 282 283
289 291 293 295
289 286 284 281
290 292 294 296
290 287 288 285
291 293 295 297
291 289 286 284
292 294 296 298
292 290 287 288
293 295 297 299
293 291 289 286
294 296 298 300
294 292 290 287
295 297 299 301
295 293 291 289
296 298 300 302
296 294 292 290
297 299 301 303
297 295 293 291
298 300 302 304
298 296 294 292
299 301 303 305
299 297 295 293
300 302 304 306
300 298 296 294
301 303 305 307
301 299 297 295
302 304 306 308
302 300 298 296
303 305 307 309
303 301 299 297
304 306 308 310
304 302 300 298
305 307 309 311
305 303 301 299
306 308 310 312
306 304 302 300
307 309 311 313
307 305 303 301
308 310 312 314
308 306 304 302
309 311 313 315
309 307 305 303
310 312 314 316
310 308 306 304
311 313 315 317
311 309 307 305
312 314 316 318
312 310 308 306
313 315 317 319
313 311 309 307
314 316 318 320
314 312 310 308
315 317 319 321
315 313 311 309
316 318 320 322
316 314 312 310
317 319 321 323
317 315 313 311
318 320 322 324
318 316 314 312
319 321 323 325
319 317 315 313
320 322 324 326
320 318 316 314
321 323 325 327
321 319 317 315
322 324 326 328
322 320 318 316
323 325 327 329
323 321 319 317
324 326 328 330
324 322 320 318
325 327 329 331
325 323 321 319
326 328 330 332
326 324 322 320
327 329 331 333
327 325 323 321
328 330 332 335
328 326 324 322
329 331 333 336
329 327 325 323
330 332 335 334
330 328 326 324
331 333 336 338
331 329 327 325
332 335 334 337
332 330 328 326
333 336 338 340
333 331 329 327
334 337 339 341
334 335 332 330
335 334 337 339
335 332 330 328
336 338 340 342
336 333 331 329
337 339 341 343
337 334 335 332
338 340 342 344
338 336 333 331
339 341 343 345
339 337 334 335
340 342 344 346
340 338 336 333
341 343 345 347
341 339 337 334
342 344 346 348
342 340 338 336
343 345 347 349
343 341 339 337
344 346 348 350
344 342 340 338
345 347 349 351
345 343 341 339
346 348 350 352
346 344 342 340
347 349 351 353
347 345 343 341
348 350 352 354
348 346 344 342
349 351 353 355
349 347 345 343
350 352 354 356
350 348 346 344
351 353 355 357
351 349 347 345
352 354 356 358
352 350 348 346
353 355 357 359
353 351 349 347
354 356 358 360
354 352 350 348
355 357 359 361
355 353 351 349
356 358 360 362
356 354 352 350
357 359 361 363
357 355 353 351
358 360 362 364
358 356 354 352
359 361 363 365
359 357 355 353
360 362 364 366
360 358 356 354
361 363 365 367
361 359 357 355
362 364 366 368
362 360 358 356
363 365 367 369
363 361 359 357
364 366 368 370
364 362 360 358
365 367 369 371
365 363 361 359
366 368 370 372
366 364 362 360
367 369 371 373
367 365 363 361
368 370 372 374
368 366 364 362
369 371 373 375
369 367 365 363
370 372 374 376
370 368 366 364
371 373 375 377
371 369 367 365
372 374 376 378
372 370 368 366
373 375 377 379
373 371 369 367
374 376 378 380
374 372 370 368
375 377 379 381
375 373 371 369
376 378 380 382
376 374 372 370
377 379 381 383
377 375 373 371
378 380 382 384
378 376 374 372
379 381 383 385
379 377 375 373
380 382 384 386
380 378 376 374
381 383 385 387
381 379 377 375
382 384 386 388
382 380 378 376
383 385 387 389
383 381 379 377
384 386 388 390
384 382 380 378
385 387 389 391
385 383 381 379
386 388 390 392
386 384 382 380
387 389 391 393
387 385 383 381
388 390 392 394
388 386 384 382
389 391 393 395
389 387 385 383
390 392 394 396
390 388 386 384
391 393 395 397
391 389 387 385
392 394 396 398
392 390 388 386
393 395 397 399
393 391 389 387
394 396 398 400
394 392 390 388
395 397 399 402
395 393 391 389
396 398 400 401
396 394 392 390
397 399 402 404
397 395 393 391
398 400 401 403
398 396 394 392
399 402 404 407
399 397 395 393
400 401 403 405
400 398 396 394
401 403 405 408
401 400 398 396
402 404 407 406
402 399 397 395
403 405 408 410
403 401 400 398
404 407 406 409
404 402 399 397
405 408 410 412
405 403 401 400
406 409 411 413
406 407 404 402
407 406 409 411
407 404 402 399
408 410 412 414
408 405 403 401
409 411 413 415
409 406 407 404
410 412 414 416
410 408 405 403
411 413 415 417
411 409 406 407
412 414 416 418
412 410 408 405
413 415 417 419
413 411 409 406
414 416 418 420
414 412 410 408
415 417 419 421
415 413 411 409
416 418 420 422
416 414 412 410
417 419 421 423
417 415 413 411
418 420 422 424
418 416 414 412
419 421 423 425
419 417 415 413
420 422 424 426
420 418 416 414
421 423 425 427
421 419 417 415
422 424 426 428
422 420 418 416
423 425 427 429
423 421 419 417
424 426 428 430
424 422 420 418
425 427 429 431
425 423 421 419
426 428 430 432
426 424 422 420
427 429 431 434
427 425 423 421
428 430 432 435
428 426 424 422
429 431 434 433
429 427 425 423
430 432 435 437
430 428 426 424
431 434 433 436
431 429 427 425
432 435 437 439
432 430 428 426
433 436 438 440
433 434 431 429
434 433 436 438
434 431 429 427
435 437 439 441
435 432 430 428
436 438 440 442
436 433 434 431
437 439 441 443
437 435 432 430
438 440 442 444
438 436 433 434
439 441 443 445
439 437 435 432
440 442 444 446
440 438 436 433
441 443 445 447
441 439 437 435
442 444 446 448
442 440 438 436
443 445 447 449
443 441 439 437
444 446 448 450
444 442 440 438
445 447 449 451
445 443 441 439
446 448 450 452
446 444 442 440
447 449 451 453
447 445 443 441
448 450 452 454
448 446 444 442
449 451 453 455
449 447 445 443
450 452 454 456
450 448 446 444
451 453 455 457
451 449 447 445
452 454 456 458
452 450 448 446
453 455 457 459
453 451 449 447
454 456 458 460
454 452 450 448
455 457 459 461
455 453 451 449
456 458 460 462
456 454 452 450
457 459 461 463
457 455 453 451
458 460 462 464
458 456 454 452
459 461 463 465
459 457 455 453
460 462 464 466
460 458 456 454
461 463 465 467
461 459 457 455
462 464 466 468
462 460 458 456
463 465 467 469
463 461 459 457
464 466 468 470
464 462 460 458
465 467 469 471
465 463 461 459
466 468 470 472
466 464 462 460
467 469 471 473
467 465 463 461
468 470 472 474
468 466 464 462
469 471 473 475
469 467 465 463
470 472 474 476
470 468 466 464
471 473 475 477
471 469 467 465
472 474 476 478
472 470 468 466
473 475 477 479
473 471 469 467
474 476 478 481
474 472 470 468
475 477 479 482
475 473 471 469
476 478 481 480
476 474 472 470
477 479 482 484
477 475 473 471
478 481 480 483
478 476 474 472
479 482 484 486
479 477 475 473
480 483 485 487
480 481 478 476
481 480 483 485
481 478 476 474
482 484 486 488
482 479 477 475
483 485 487 489
483 480 481 478
484 486 488 490
484 482 479 477
485 487 489 491
485 483 480 481
486 488 490 492
486 484 482 479
487 489 491 493
487 485 483 480
488 490 492 494
488 486 484 482
489 491 493 495
489 487 485 483
490 492 494 496
490 488 486 484
491 493 495 497
491 489 487 485
492 494 496 498
492 490 488 486
493 495 497 499
493 491 489 487
494 496 498 500
494 492 490 488
495 497 499 501
495 493 491 489
496 498 500 502
496 494 492 490
497 499 501 503
497 495 493 491
498 500 502 504
498 496 494 492
499 501 503 505
499 497 495 493
500 502 504 506
500 498 496 494
501 503 505 507
501 499 497 495
502 504 506 508
502 500 498 496
503 505 507 509
503 501 499 497
504 506 508 510
504 502 500 498
505 507 509 511
505 503 501 499
506 508 510 512
506 504 502 500
507 509 511 513
507 505 503 501
508 510 512 514
508 506 504 502
509 511 513 515
509 507 505 503
510 512 514 516
510 508 506 504
511 513 515 517
511 509 507 505
512 514 516 518
512 510 508 506
513 515 517 519
513 511 509 507
514 516 518 520
514 512 510 508
515 517 519 521
515 513 511 509
516 518 520 522
516 514 512 510
517 519 521 523
517 515 513 511
518 520 522 524
518 516 514 512
519 521 523 525
519 517 515 513
520 522 524 526
520 518 516 514
521 523 525 527
521 519 517 515
522 524 526 528
522 520 518 516
523 525 527 529
523 521 519 517
524 526 528 530
524 522 520 518
525 527 529 531
525 523 521 519
526 528 530 532
526 524 522 520
527 529 531 533
527 525 523 521
528 530 532 534
528 526 524 522
529 531 533 535
529 527 525 523
530 532 534 536
530 528 526 524
531 533 535 537
531 529 527 525
532 534 536 538
532 530 528 526
533 535 537 539
533 531 529 527
534 536 538 540
534 532 530 528
535 537 539 541
535 533 531 529
536 538 540 542
536 534 532 530
537 539 541 543
537 535 533 531
538 540 542 544
538 536 534 532
539 541 543 545
539 537 535 533
540 542 544 546
540 538 536 534
541 543 545 547
541 539 537 535
542 544 546 548
542 540 538 536
543 545 547 549
543 541 539 537
544 546 548 550
544 542 540 538
545 547 549 551
545 543 541 539
546 548 550 552
546 544 542 540
547 549 551 553
547 545 543 541
548 550 552 554
548 546 544 542
549 551 553 555
549 547 545 543
550 552 554 556
550 548 546 544
551 553 555 557
551 549 547 545
552 554 556 558
552 550 548 546
553 555 557 559
553 551 549 547
554 556 558 560
554 552 550 548
555 557 559 561
555 553 551 549
556 558 560 562
556 554 552 550
557 559 561 563
557 555 553 551
558 560 562 564
558 556 554 552
559 561 563 565
559 557 555 553
560 562 564 566
560 558 556 554
561 563 565 567
561 559 557 555
562 564 566 568
562 560 558 556
563 565 567 569
563 561 559 557
564 566 568 570
564 562 560 558
565 567 569 571
565 563 561 559
566 568 570 572
566 564 562 560
567 569 571 573
567 565 563 561
568 570 572 574
568 566 564 562
569 571 573 575
569 567 565 563
570 572 574 576
570 568 566 564
571 573 575 577
571 569 567 565
572 574 576 578
572 570 568 566
573 575 577 579
573 571 569 567
574 576 578 580
574 572 570 568
575 577 579 581
575 573 571 569
576 578 580 582
576 574 572 570
577 579 581 583
577 575 573 571
578 580 582 584
578 576 574 572
579 581 583 585
579 577 575 573
580 582 584 586
580 578 576 574
581 583 585 587
581 579 577 575
582 584 586 588
582 580 578 576
583 585 587 589
583 581 579 577
584 586 588 590
584 582 580 578
585 587 589 591
585 583 581 579
586 588 590 592
586 584 582 580
587 589 591 593
587 585 583 581
588 590 592 594
588 586 584 582
589 591 593 595
589 587 585 583
590 592 594 596
590 588 586 584
591 593 595 597
591 589 587 585
592 594 596 598
592 590 588 586
593 595 597 599
593 591 589 587
594 596 598 600
594 592 590 588
595 597 599 601
595 593 591 589
596 598 600 602
596 594 592 590
597 599 601 603
597 595 593 591
598 600 602 604
598 596 594 592
599 601 603 605
599 597 595 593
600 602 604 607
600 598 596 594
601 603 605 608
601 599 597 595
602 604 607 610
602 600 598 596
603 605 608 611
603 601 599 597
604 607 610 612
604 602 600 598
605 608 611 613
605 603 601 599
607 610 612 614
607 604 602 600
608 611 613 615
608 605 603 601
610 612 614 616
610 607 604 602
611 613 615 617
611 608 605 603
612 614 616 618
612 610 607 604
613 615 617 619
613 611 608 605
614 616 618 620
614 612 610 607
615 617 619 621
615 613 611 608
616 618 620 622
616 614 612 610
617 619 621 623
617 615 613 611
618 620 622 624
618 616 614 612
619 621 623 625
619 617 615 613
620 622 624 626
620 618 616 614
621 623 625 627
621 619 617 615
622 624 626 628
622 620 618 616
623 625 627 629
623 621 619 617
624 626 628 630
624 622 620 618
625 627 629 631
625 623 621 619
626 628 630 632
626 624 622 620
627 629 631 633
627 625 623 621
628 630 632 634
628 626 624 622
629 631 633 635
629 627 625 623
630 632 634 636
630 628 626 624
631 633 635 637
631 629 627 625
632 634 636 638
632 630 628 626
633 635 637 639
633 631 629 627
634 636 638 640
634 632 630 628
635 637 639 641
635 633 631 629
636 638 640 642
636 634 632 630
637 639 641 643
637 635 633 631
638 640 642 644
638 636 634 632
639 641 643 645
639 637 635 633
640 642 644 646
640 638 636 634
641 643 645 647
641 639 637 635
642 644 646 648
642 640 638 636
643 645 647 649
643 641 639 637
644 646 648 650
644 642 640 638
645 647 649 651
645 643 641 639
646 648 650 652
646 644 642 640
647 649 651 653
647 645 643 641
648 650 652 654
648 646 644 642
649 651 653 655
649 647 645 643
650 652 654 656
650 648 646 644
651 653 655 657
651 649 647 645
652 654 656 658
652 650 648 646
653 655 657 659
653 651 649 647
654 656 658 660
654 652 650 648
655 657 659 661
655 653 651 649
656 658 660 662
656 654 652 650
657 659 661 663
657 655 653 651
658 660 662 664
658 656 654 652
659 661 663 665
659 657 655 653
660 662 664 666
660 658 656 654
661 663 665 667
661 659 657 655
662 664 666 668
662 660 658 656
663 665 667 669
663 661 659 657
664 666 668 670
664 662 660 658
665 667 669 671
665 663 661 659
666 668 670 672
666 664 662 660
667 669 671 673
667 665 663 661
668 670 672 674
668 666 664 662
669 671 673 675
669 667 665 663
670 672 674 676
670 668 666 664
671 673 675 677
671 669 667 665
672 674 676 678
672 670 668 666
673 675 677 679
673 671 669 667
674 676 678 680
674 672 670 668
675 677 679 681
675 673 671 669
676 678 680 682
676 674 672 670
677 679 681 683
677 675 673 671
678 680 682 684
678 676 674 672
679 681 683 685
679 677 675 673
680 682 684 686
680 678 676 674
681 683 685 687
681 679 677 675
682 684 686 688
682 680 678 676
683 685 687 689
683 681 679 677
684 686 688 690
684 682 680 678
685 687 689 691
685 683 681 679
686 688 690 693
686 684 682 680
687 689 691 694
687 685 683 681
688 690 693 696
688 686 684 682
689 691 694 697
689 687 685 683
690 693 696 699
690 688 686 684
691 694 697 700
691 689 687 685
692 695 698 -1
693 696 699 701
693 690 688 686
694 697 700 702
694 691 689 687
696 699 701 703
696 693 690 688
697 700 702 704
697 694 691 689
698 695 692 -1
699 701 703 705
699 696 693 690
700 702 704 706
700 697 694 691
701 703 705 707
701 699 696 693
702 704 706 708
702 700 697 694
703 705 707 709
703 701 699 696
704 706 708 710
704 702 700 697
705 707 709 712
705 703 701 699
706 708 710 713
706 704 702 700
707 709 712 715
707 705 703 701
708 710 713 716
708 706 704 702
709 712 715 718
709 707 705 703
710 713 716 719
710 708 706 704
711 714 717 -1
712 715 718 720
712 709 707 705
713 716 719 721
713 710 708 706
715 718 720 722
715 712 709 707
716 719 721 723
716 713 710 708
717 714 711 -1
718 720 722 724
718 715 712 709
719 721 723 725
719 716 713 710
720 722 724 726
720 718 715 712
721 723 725 727
721 719 716 713
722 724 726 728
722 720 718 715
723 725 727 729
723 721 719 716
724 726 728 730
724 722 720 718
725 727 729 731
725 723 721 719
726 728 730 732
726 724 722 720
727 729 731 733
727 725 723 721
728 730 732 734
728 726 724 722
729 731 733 735
729 727 725 723
730 732 734 736
730 728 726 724
731 733 735 737
731 729 727 725
732 734 736 738
732 730 728 726
733 735 737 739
733 731 729 727
734 736 738 740
734 732 730 728
735 737 739 741
735 733 731 729
736 738 740 742
736 734 732 730
737 739 741 743
737 735 733 731
738 740 742 744
738 736 734 732
739 741 743 745
739 737 735 733
740 742 744 746
740 738 736 734
741 743 745 747
741 739 737 735
742 744 746 749
742 740 738 736
743 745 747 750
743 741 739 737
744 746 749 752
744 742 740 738
745 747 750 753
745 743 741 739
746 749 752 755
746 744 742 740
747 750 753 756
747 745 743 741
748 751 754 757
749 752 755 758
749 746 744 742
750 753 756 759
750 747 745 743
751 754 757 760
752 755 758 761
752 749 746 744
753 756 759 762
753 750 747 745
754 757 760 763
754 751 748 -1
755 758 761 764
755 752 749 746
756 759 762 765
756 753 750 747
757 760 763 766
757 754 751 748
758 761 764 767
758 755 752 749
759 762 765 768
759 756 753 750
760 763 766 769
760 757 754 751
761 764 767 770
761 758 755 752
762 765 768 771
762 759 756 753
763 766 769 772
763 760 757 754
764 767 770 773
764 761 758 755
765 768 771 774
765 762 759 756
766 769 772 -1
766 763 760 757
767 770 773 775
767 764 761 758
768 771 774 776
768 765 762 759
769 766 763 760
770 773 775 777
770 767 764 761
771 774 776 778
771 768 765 762
772 769 766 763
773 775 777 779
773 770 767 764
774 776 778 780
774 771 768 765
775 777 779 781
775 773 770 767
776 778 780 782
776 774 771 768
777 779 781 783
777 775 773 770
778 780 782 784
778 776 774 771
779 781 783 785
779 777 775 773
780 782 784 786
780 778 776 774
781 783 785 787
781 779 777 775
782 784 786 788
782 780 778 776
783 785 787 789
783 781 779 777
784 786 788 790
784 782 780 778
785 787 789 791
785 783 781 779
786 788 790 792
786 784 782 780
787 789 791 793
787 785 783 781
788 790 792 794
788 786 784 782
789 791 793 795
789 787 785 783
790 792 794 796
790 788 786 784
791 793 795 797
791 789 787 785
792 794 796 798
792 790 788 786
793 795 797 799
793 791 789 787
794 796 798 800
794 792 790 788
795 797 799 801
795 793 791 789
796 798 800 802
796 794 792 790
797 799 801 803
797 795 793 791
798 800 802 804
798 796 794 792
799 801 803 805
799 797 795 793
800 802 804 806
800 798 796 794
801 803 805 807
801 799 797 795
802 804 806 808
802 800 798 796
803 805 807 809
803 801 799 797
804 806 808 810
804 802 800 798
805 807 809 811
805 803 801 799
806 808 810 812
806 804 802 800
807 809 811 813
807 805 803 801
808 810 812 814
808 806 804 802
809 811 813 815
809 807 805 803
810 812 814 816
810 808 806 804
811 813 815 817
811 809 807 805
812 814 816 818
812 810 808 806
813 815 817 819
813 811 809 807
814 816 818 820
814 812 810 808
815 817 819 821
815 813 811 809
816 818 820 822
816 814 812 810
817 819 821 823
817 815 813 811
818 820 822 824
818 816 814 812
819 821 823 825
819 817 815 813
820 822 824 826
820 818 816 814
821 823 825 827
821 819 817 815
822 824 826 828
822 820 818 816
823 825 827 829
823 821 819 817
824 826 828 830
824 822 820 818
825 827 829 831
825 823 821 819
826 828 830 832
826 824 822 820
827 829 831 833
827 825 823 821
828 830 832 834
828 826 824 822
829 831 833 835
829 827 825 823
830 832 834 836
830 828 826 824
831 833 835 837
831 829 827 825
832 834 836 838
832 830 828 826
833 835 837 839
833 831 829 827
834 836 838 840
834 832 830 828
835 837 839 841
835 833 831 829
836 838 840 842
836 834 832 830
837 839 841 843
837 835 833 831
838 840 842 844
838 836 834 832
839 841 843 845
839 837 835 833
840 842 844 846
840 838 836 834
841 843 845 847
841 839 837 835
842 844 846 848
842 840 838 836
843 845 847 849
843 841 839 837
844 846 848 850
844 842 840 838
845 847 849 851
845 843 841 839
846 848 850 852
846 844 842 840
847 849 851 853
847 845 843 841
848 850 852 854
848 846 844 842
849 851 853 855
849 847 845 843
850 852 854 856
850 848 846 844
851 853 855 857
851 849 847 845
852 854 856 858
852 850 848 846
853 855 857 859
853 851 849 847
854 856 858 860
854 852 850 848
855 857 859 861
855 853 851 849
856 858 860 862
856 854 852 850
857 859 861 863
857 855 853 851
858 860 862 864
858 856 854 852
859 861 863 865
859 857 855 853
860 862 864 866
860 858 856 854
861 863 865 867
861 859 857 855
862 864 866 868
862 860 858 856
863 865 867 869
863 861 859 857
864 866 868 870
864 862 860 858
865 867 869 871
865 863 861 859
866 868 870 872
866 864 862 860
867 869 871 873
867 865 863 861
868 870 872 874
868 866 864 862
869 871 873 875
869 867 865 863
870 872 874 876
870 868 866 864
871 873 875 877
871 869 867 865
872 874 876 878
872 870 868 866
873 875 877 879
873 871 869 867
874 876 878 880
874 872 870 868
875 877 879 881
875 873 871 869
876 878 880 882
876 874 872 870
877 879 881 883
877 875 873 871
878 880 882 884
878 876 874 872
879 881 883 885
879 877 875 873
880 882 884 886
880 878 876 874
881 883 885 887
881 879 877 875
882 884 886 888
882 880 878 876
883 885 887 889
883 881 879 877
884 886 888 890
884 882 880 878
885 887 889 891
885 883 881 879
886 888 890 892
886 884 882 880
887 889 891 893
887 885 883 881
888 890 892 894
888 886 884 882
889 891 893 895
889 887 885 883
890 892 894 896
890 888 886 884
891 893 895 897
891 889 887 885
892 894 896 898
892 890 888 886
893 895 897 899
893 891 889 887
894 896 898 900
894 892 890 888
895 897 899 901
895 893 891 889
896 898 900 902
896 894 892 890
897 899 901 903
897 895 893 891
898 900 902 904
898 896 894 892
899 901 903 905
899 897 895 893
900 902 904 906
900 898 896 894
901 903 905 907
901 899 897 895
902 904 906 908
902 900 898 896
903 905 907 909
903 901 899 897
904 906 908 910
904 902 900 898
905 907 909 911
905 903 901 899
906 908 910 912
906 904 902 900
907 909 911 913
907 905 903 901
908 910 912 914
908 906 904 902
909 911 913 915
909 907 905 903
910 912 914 916
910 908 906 904
911 913 915 917
911 909 907 905
912 914 916 918
912 910 908 906
913 915 917 919
913 911 909 907
914 916 918 920
914 912 910 908
915 917 919 921
915 913 911 909
916 918 920 922
916 914 912 910
917 919 921 923
917 915 913 911
918 920 922 924
918 916 914 912
919 921 923 925
919 917 915 913
920 922 924 926
920 918 916 914
921 923 925 927
921 919 917 915
922 924 926 928
922 920 918 916
923 925 927 929
923 921 919 917
924 926 928 930
924 922 920 918
925 927 929 931
925 923 921 919
926 928 930 932
926 924 922 920
927 929 931 933
927 925 923 921
928 930 932 934
928 926 924 922
929 931 933 935
929 927 925 923
930 932 934 936
930 928 926 924
931 933 935 937
931 929 927 925
932 934 936 938
932 930 928 926
933 935 937 939
933 931 929 927
934 936 938 940
934 932 930 928
935 937 939 941
935 933 931 929
936 938 940 942
936 934 932 930
937 939 941 943
937 935 933 931
938 940 942 944
938 936 934 932
939 941 943 945
939 937 935 933
940 942 944 946
940 938 936 934
941 943 945 947
941 939 937 935
942 944 946 948
942 940 938 936
943 945 947 949
943 941 939 937
944 946 948 950
944 942 940 938
945 947 949 951
945 943 941 939
946 948 950 952
946 944 942 940
947 949 951 953
947 945 943 941
948 950 952 954
948 946 944 942
949 951 953 955
949 947 945 943
950 952 954 956
950 948 946 944
951 953 955 957
951 949 947 945
952 954 956 958
952 950 948 946
953 955 957 959
953 951 949 947
954 956 958 960
954 952 950 948
955 957 959 961
955 953 951 949
956 958 960 962
956 954 952 950
957 959 961 963
957 955 953 951
958 960 962 964
958 956 954 952
959 961 963 965
959 957 955 953
960 962 964 966
960 958 956 954
961 963 965 967
961 959 957 955
962 964 966 968
962 960 958 956
963 965 967 969
963 961 959 957
964 966 968 970
964 962 960 958
965 967 969 971
965 963 961 959
966 968 970 972
966 964 962 960
967 969 971 973
967 965 963 961
968 970 972 974
968 966 964 962
969 971 973 975
969 967 965 963
970 972 974 976
970 968 966 964
971 973 975 977
971 969 967 965
972 974 976 978
972 970 968 966
973 975 977 979
973 971 969 967
974 976 978 980
974 972 970 968
975 977 979 981
975 973 971 969
976 978 980 982
976 974 972 970
977 979 981 983
977 975 973 971
978 980 982 984
978 976 974 972
979 981 983 985
979 977 975 973
980 982 984 986
980 978 976 974
981 983 985 987
981 979 977 975
982 984 986 988
982 980 978 976
983 985 987 989
983 981 979 977
984 986 988 990
984 982 980 978
985 987 989 991
985 983 981 979
986 988 990 992
986 984 982 980
987 989 991 993
987 985 983 981
988 990 992 994
988 986 984 982
989 991 993 995
989 987 985 983
990 992 994 996
990 988 986 984
991 993 995 997
991 989 987 985
992 994 996 998
992 990 988 986
993 995 997 999
993 991 989 987
994 996 998 1000
994 992 990 988
995 997 999 1001
995 993 991 989
996 998 1000 1002
996 994 992 990
997 999 1001 1003
997 995 993 991
998 1000 1002 1004
998 996 994 992
999 1001 1003 1005
999 997 995 993
1000 1002 1004 1006
1000 998 996 994
1001 1003 1005 1007
1001 999 997 995
1002 1004 1006 1008
1002 1000 998 996
1003 1005 1007 1009
1003 1001 999 997
1004 1006 1008 1010
1004 1002 1000 998
1005 1007 1009 1011
1005 1003 1001 999
1006 1008 1010 1012
1006 1004 1002 1000
1007 1009 1011 1013
1007 1005 1003 1001
1008 1010 1012 1014
1008 1006 1004 1002
1009 1011 1013 1015
1009 1007 1005 1003
1010 1012 1014 1016
1010 1008 1006 1004
1011 1013 1015 1017
1011 1009 1007 1005
1012 1014 1016 1018
1012 1010 1008 1006
1013 1015 1017 1019
1013 1011 1009 1007
1014 1016 1018 1020
1014 1012 1010 1008
1015 1017 1019 1021
1015 1013 1011 1009
1016 1018 1020 1022
1016 1014 1012 1010
1017 1019 1021 1023
1017 1015 1013 1011
1018 1020 1022 1024
1018 1016 1014 1012
1019 1021 1023 1025
1019 1017 1015 1013
1020 1022 1024 1026
1020 1018 1016 1014
1021 1023 1025 1027
1021 1019 1017 1015
1022 1024 1026 1028
1022 1020 1018 1016
1023 1025 1027 1029
1023 1021 1019 1017
1024 1026 1028 1030
1024 1022 1020 1018
1025 1027 1029 1031
1025 1023 1021 1019
1026 1028 1030 1032
1026 1024 1022 1020
1027 1029 1031 1033
1027 1025 1023 1021
1028 1030 1032 1034
1028 1026 1024 1022
1029 1031 1033 1035
1029 1027 1025 1023
1030 1032 1034 1036
1030 1028 1026 1024
1031 1033 1035 1037
1031 1029 1027 1025
1032 1034 1036 1038
1032 1030 1028 1026
1033 1035 1037 1039
1033 1031 1029 1027
1034 1036 1038 1040
1034 1032 1030 1028
1035 1037 1039 1041
1035 1033 1031 1029
1036 1038 1040 1042
1036 1034 1032 1030
1037 1039 1041 1043
1037 1035 1033 1031
1038 1040 1042 1044
1038 1036 1034 1032
1039 1041 1043 1045
1039 1037 1035 1033
1040 1042 1044 1046
1040 1038 1036 1034
1041 1043 1045 1047
1041 1039 1037 1035
1042 1044 1046 1048
1042 1040 1038 1036
1043 1045 1047 1049
1043 1041 1039 1037
1044 1046 1048 1050
1044 1042 1040 1038
1045 1047 1049 1051
1045 1043 1041 1039
1046 1048 1050 1052
1046 1044 1042 1040
1047 1049 1051 1053
1047 1045 1043 1041
1048 1050 1052 1054
1048 1046 1044 1042
1049 1051 1053 1055
1049 1047 1045 1043
1050 1052 1054 1056
1050 1048 1046 1044
1051 1053 1055 1057
1051 1049 1047 1045
1052 1054 1056 1058
1052 1050 1048 1046
1053 1055 1057 1059
1053 1051 1049 1047
1054 1056 1058 1060
1054 1052 1050 1048
1055 1057 1059 1061
1055 1053 1051 1049
1056 1058 1060 1062
1056 1054 1052 1050
1057 1059 1061 1063
1057 1055 1053 1051
1058 1060 1062 1064
1058 1056 1054 1052
1059 1061 1063 1065
1059 1057 1055 1053
1060 1062 1064 1066
1060 1058 1056 1054
1061 1063 1065 1067
1061 1059 1057 1055
1062 1064 1066 1068
1062 1060 1058 1056
1063 1065 1067 1069
1063 1061 1059 1057
1064 1066 1068 1070
1064 1062 1060 1058
1065 1067 1069 1071
1065 1063 1061 1059
1066 1068 1070 1072
1066 1064 1062 1060
1067 1069 1071 1073
1067 1065 1063 1061
1068 1070 1072 1074
1068 1066 1064 1062
1069 1071 1073 1075
1069 1067 1065 1063
1070 1072 1074 1076
1070 1068 1066 1064
1071 1073 1075 1077
1071 1069 1067 1065
1072 1074 1076 1078
1072 1070 1068 1066
1073 1075 1077 1079
1073 1071 1069 1067
1074 1076 1078 1080
1074 1072 1070 1068
1075 1077 1079 1082
1075 1073 1071 1069
1076 1078 1080 1083
1076 1074 1072 1070
1077 1079 1082 1081
1077 1075 1073 1071
1078 1080 1083 1085
1078 1076 1074 1072
1079 1082 1081 1084
1079 1077 1075 1073
1080 1083 1085 1087
1080 1078 1076 1074
1081 1084 1086 1088
1081 1082 1079 1077
1082 1081 1084 1086
1082 1079 1077 1075
1083 1085 1087 1089
1083 1080 1078 1076
1084 1086 1088 1090
1084 1081 1082 1079
1085 1087 1089 1091
1085 1083 1080 1078
1086 1088 1090 1093
1086 1084 1081 1082
1087 1089 1091 1094
1087 1085 1083 1080
1088 1090 1093 1092
1088 1086 1084 1081
1089 1091 1094 1096
1089 1087 1085 1083
1090 1093 1092 1095
1090 1088 1086 1084
1091 1094 1096 1098
1091 1089 1087 1085
1092 1095 1097 1099
1092 1093 1090 1088
1093 1092 1095 1097
1093 1090 1088 1086
1094 1096 1098 1100
1094 1091 1089 1087
1095 1097 1099 1101
1095 1092 1093 1090
1096 1098 1100 1102
1096 1094 1091 1089
1097 1099 1101 1103
1097 1095 1092 1093
1098 1100 1102 1104
1098 1096 1094 1091
1099 1101 1103 1105
1099 1097 1095 1092
1100 1102 1104 1106
1100 1098 1096 1094
1101 1103 1105 1107
1101 1099 1097 1095
1102 1104 1106 1108
1102 1100 1098 1096
1103 1105 1107 1110
1103 1101 1099 1097
1104 1106 1108 1109
1104 1102 1100 1098
1105 1107 1110 1112
1105 1103 1101 1099
1106 1108 1109 1111
1106 1104 1102 1100
1107 1110 1112 1114
1107 1105 1103 1101
1108 1109 1111 1113
1108 1106 1104 1102
1109 1111 1113 1115
1109 1108 1106 1104
1110 1112 1114 1116
1110 1107 1105 1103
1111 1113 1115 1117
1111 1109 1108 1106
1112 1114 1116 1118
1112 1110 1107 1105
1113 1115 1117 1119
1113 1111 1109 1108
1114 1116 1118 1120
1114 1112 1110 1107
1115 1117 1119 1121
1115 1113 1111 1109
1116 1118 1120 1122
1116 1114 1112 1110
1117 1119 1121 1123
1117 1115 1113 1111
1118 1120 1122 1124
1118 1116 1114 1112
1119 1121 1123 1125
1119 1117 1115 1113
1120 1122 1124 1126
1120 1118 1116 1114
1121 1123 1125 1127
1121 1119 1117 1115
1122 1124 1126 1128
1122 1120 1118 1116
1123 1125 1127 1129
1123 1121 1119 1117
1124 1126 1128 1130
1124 1122 1120 1118
1125 1127 1129 1131
1125 1123 1121 1119
1126 1128 1130 1132
1126 1124 1122 1120
1127 1129 1131 1133
1127 1125 1123 1121
1128 1130 1132 1134
1128 1126 1124 1122
1129 1131 1133 1135
1129 1127 1125 1123
1130 1132 1134 1136
1130 1128 1126 1124
1131 1133 1135 1137
1131 1129 1127 1125
1132 1134 1136 1138
1132 1130 1128 1126
1133 1135 1137 1139
1133 1131 1129 1127
1134 1136 1138 1140
1134 1132 1130 1128
1135 1137 1139 1141
1135 1133 1131 1129
1136 1138 1140 1142
1136 1134 1132 1130
1137 1139 1141 1143
1137 1135 1133 1131
1138 1140 1142 1144
1138 1136 1134 1132
1139 1141 1143 1145
1139 1137 1135 1133
1140 1142 1144 1146
1140 1138 1136 1134
1141 1143 1145 1147
1141 1139 1137 1135
1142 1144 1146 1148
1142 1140 1138 1136
1143 1145 1147 1149
1143 1141 1139 1137
1144 1146 1148 1150
1144 1142 1140 1138
1145 1147 1149 1151
1145 1143 1141 1139
1146 1148 1150 1152
1146 1144 1142 1140
1147 1149 1151 1153
1147 1145 1143 1141
1148 1150 1152 1154
1148 1146 1144 1142
1149 1151 1153 1155
1149 1147 1145 1143
1150 1152 1154 1156
1150 1148 1146 1144
1151 1153 1155 1157
1151 1149 1147 1145
1152 1154 1156 1158
1152 1150 1148 1146
1153 1155 1157 1159
1153 1151 1149 1147
1154 1156 1158 1160
1154 1152 1150 1148
1155 1157 1159 1161
1155 1153 1151 1149
1156 1158 1160 1162
1156 1154 1152 1150
1157 1159 1161 1163
1157 1155 1153 1151
1158 1160 1162 1164
1158 1156 1154 1152
1159 1161 1163 1165
1159 1157 1155 1153
1160 1162 1164 1166
1160 1158 1156 1154
1161 1163 1165 1167
1161 1159 1157 1155
1162 1164 1166 1168
1162 1160 1158 1156
1163 1165 1167 1169
1163 1161 1159 1157
1164 1166 1168 1170
1164 1162 1160 1158
1165 1167 1169 1171
1165 1163 1161 1159
1166 1168 1170 1172
1166 1164 1162 1160
1167 1169 1171 1173
1167 1165 1163 1161
1168 1170 1172 1175
1168 1166 1164 1162
1169 1171 1173 1176
1169 1167 1165 1163
1170 1172 1175 1174
1170 1168 1166 1164
1171 1173 1176 1178
1171 1169 1167 1165
1172 1175 1174 1177
1172 1170 1168 1166
1173 1176 1178 1180
1173 1171 1169 1167
1174 1177 1179 1181
1174 1175 1172 1170
1175 1174 1177 1179
1175 1172 1170 1168
1176 1178 1180 1182
1176 1173 1171 1169
1177 1179 1181 1183
1177 1174 1175 1172
1178 1180 1182 1184
1178 1176 1173 1171
1179 1181 1183 1186
1179 1177 1174 1175
1180 1182 1184 1187
1180 1178 1176 1173
1181 1183 1186 1185
1181 1179 1177 1174
1182 1184 1187 1189
1182 1180 1178 1176
1183 1186 1185 1188
1183 1181 1179 1177
1184 1187 1189 1191
1184 1182 1180 1178
1185 1188 1190 1192
1185 1186 1183 1181
1186 1185 1188 1190
1186 1183 1181 1179
1187 1189 1191 1193
1187 1184 1182 1180
1188 1190 1192 1194
1188 1185 1186 1183
1189 1191 1193 1195
1189 1187 1184 1182
1190 1192 1194 1196
1190 1188 1185 1186
1191 1193 1195 1197
1191 1189 1187 1184
1192 1194 1196 1198
1192 1190 1188 1185
1193 1195 1197 1199
1193 1191 1189 1187
1194 1196 1198 1200
1194 1192 1190 1188
1195 1197 1199 1201
1195 1193 1191 1189
1196 1198 1200 1202
1196 1194 1192 1190
1197 1199 1201 1203
1197 1195 1193 1191
1198 1200 1202 1204
1198 1196 1194 1192
1199 1201 1203 1205
1199 1197 1195 1193
1200 1202 1204 1206
1200 1198 1196 1194
1201 1203 1205 1207
1201 1199 1197 1195
1202 1204 1206 1208
1202 1200 1198 1196
1203 1205 1207 1209
1203 1201 1199 1197
1204 1206 1208 1211
1204 1202 1200 1198
1205 1207 1209 1210
1205 1203 1201 1199
1206 1208 1211 1213
1206 1204 1202 1200
1207 1209 1210 1212
1207 1205 1203 1201
1208 1211 1213 1215
1208 1206 1204 1202
1209 1210 1212 1214
1209 1207 1205 1203
1210 1212 1214 1216
1210 1209 1207 1205
1211 1213 1215 1218
1211 1208 1206 1204
1212 1214 1216 1217
1212 1210 1209 1207
1213 1215 1218 1220
1213 1211 1208 1206
1214 1216 1217 1219
1214 1212 1210 1209
1215 1218 1220 1222
1215 1213 1211 1208
1216 1217 1219 1221
1216 1214 1212 1210
1217 1219 1221 1223
1217 1216 1214 1212
1218 1220 1222 1225
1218 1215 1213 1211
1219 1221 1223 1224
1219 1217 1216 1214
1220 1222 1225 1227
1220 1218 1215 1213
1221 1223 1224 1226
1221 1219 1217 1216
1222 1225 1227 1229
1222 1220 1218 1215
1223 1224 1226 1228
1223 1221 1219 1217
1224 1226 1228 1230
1224 1223 1221 1219
1225 1227 1229 1231
1225 1222 1220 1218
1226 1228 1230 1232
1226 1224 1223 1221
1227 1229 1231 1233
1227 1225 1222 1220
1228 1230 1232 1234
1228 1226 1224 1223
1229 1231 1233 1236
1229 1227 1225 1222
1230 1232 1234 1235
1230 1228 1226 1224
1231 1233 1236 1238
1231 1229 1227 1225
1232 1234 1235 1237
1232 1230 1228 1226
1233 1236 1238 1240
1233 1231 1229 1227
1234 1235 1237 1239
1234 1232 1230 1228
1235 1237 1239 1241
1235 1234 1232 1230
1236 1238 1240 1242
1236 1233 1231 1229
1237 1239 1241 1243
1237 1235 1234 1232
1238 1240 1242 1244
1238 1236 1233 1231
1239 1241 1243 1245
1239 1237 1235 1234
1240 1242 1244 1246
1240 1238 1236 1233
1241 1243 1245 1247
1241 1239 1237 1235
1242 1244 1246 1248
1242 1240 1238 1236
1243 1245 1247 1249
1243 1241 1239 1237
1244 1246 1248 1250
1244 1242 1240 1238
1245 1247 1249 1251
1245 1243 1241 1239
1246 1248 1250 1252
1246 1244 1242 1240
1247 1249 1251 1253
1247 1245 1243 1241
1248 1250 1252 1254
1248 1246 1244 1242
1249 1251 1253 1255
1249 1247 1245 1243
1250 1252 1254 1257
1250 1248 1246 1244
1251 1253 1255 1256
1251 1249 1247 1245
1252 1254 1257 1259
1252 1250 1248 1246
1253 1255 1256 1258
1253 1251 1249 1247
1254 1257 1259 1261
1254 1252 1250 1248
1255 1256 1258 1260
1255 1253 1251 1249
1256 1258 1260 1262
1256 1255 1253 1251
1257 1259 1261 1264
1257 1254 1252 1250
1258 1260 1262 1263
1258 1256 1255 1253
1259 1261 1264 1267
1259 1257 1254 1252
1260 1262 1263 1265
1260 1258 1256 1255
1261 1264 1267 1270
1261 1259 1257 1254
1262 1263 1265 1266
1262 1260 1258 1256
1263 1265 1266 1268
1263 1262 1260 1258
1264 1267 1270 1273
1264 1261 1259 1257
1265 1266 1268 1269
1265 1263 1262 1260
1266 1268 1269 1271
1266 1265 1263 1262
1267 1270 1273 1277
1267 1264 1261 1259
1268 1269 1271 1272
1268 1266 1265 1263
1269 1271 1272 1274
1269 1268 1266 1265
1270 1273 1277 1276
1270 1267 1264 1261
1271 1272 1274 1275
1271 1269 1268 1266
1272 1274 1275 1278
1272 1271 1269 1268
1273 1277 1276 1279
1273 1270 1267 1264
1274 1275 1278 1280
1274 1272 1271 1269
1275 1278 1280 1281
1275 1274 1272 1271
1276 1279 1282 1285
1276 1277 1273 1270
1277 1276 1279 1282
1277 1273 1270 1267
1278 1280 1281 1283
1278 1275 1274 1272
1279 1282 1285 1288
1279 1276 1277 1273
1280 1281 1283 1284
1280 1278 1275 1274
1281 1283 1284 1286
1281 1280 1278 1275
1282 1285 1288 1292
1282 1279 1276 1277
1283 1284 1286 1287
1283 1281 1280 1278
1284 1286 1287 1289
1284 1283 1281 1280
1285 1288 1292 1291
1285 1282 1279 1276
1286 1287 1289 1290
1286 1284 1283 1281
1287 1289 1290 1293
1287 1286 1284 1283
1288 1292 1291 1295
1288 1285 1282 1279
1289 1290 1293 1294
1289 1287 1286 1284
1290 1293 1294 1296
1290 1289 1287 1286
1291 1295 1298 1301
1291 1292 1288 1285
1292 1291 1295 1298
1292 1288 1285 1282
1293 1294 1296 1297
1293 1290 1289 1287
1294 1296 1297 1299
1294 1293 1290 1289
1295 1298 1301 1304
1295 1291 1292 1288
1296 1297 1299 1300
1296 1294 1293 1290
1297 1299 1300 1302
1297 1296 1294 1293
1298 1301 1304 1307
1298 1295 1291 1292
1299 1300 1302 1303
1299 1297 1296 1294
1300 1302 1303 1305
1300 1299 1297 1296
1301 1304 1307 1310
1301 1298 1295 1291
1302 1303 1305 1306
1302 1300 1299 1297
1303 1305 1306 1308
1303 1302 1300 1299
1304 1307 1310 1313
1304 1301 1298 1295
1305 1306 1308 1309
1305 1303 1302 1300
1306 1308 1309 1311
1306 1305 1303 1302
1307 1310 1313 1316
1307 1304 1301 1298
1308 1309 1311 1312
1308 1306 1305 1303
1309 1311 1312 1314
1309 1308 1306 1305
1310 1313 1316 1319
1310 1307 1304 1301
1311 1312 1314 1315
1311 1309 1308 1306
1312 1314 1315 1317
1312 1311 1309 1308
1313 1316 1319 1322
1313 1310 1307 1304
1314 1315 1317 1318
1314 1312 1311 1309
1315 1317 1318 1320
1315 1314 1312 1311
1316 1319 1322 1325
1316 1313 1310 1307
1317 1318 1320 1321
1317 1315 1314 1312
1318 1320 1321 1323
1318 1317 1315 1314
1319 1322 1325 1328
1319 1316 1313 1310
1320 1321 1323 1324
1320 1318 1317 1315
1321 1323 1324 1326
1321 1320 1318 1317
1322 1325 1328 1331
1322 1319 1316 1313
1323 1324 1326 1327
1323 1321 1320 1318
1324 1326 1327 1329
1324 1323 1321 1320
1325 1328 1331 1334
1325 1322 1319 1316
1326 1327 1329 1330
1326 1324 1323 1321
1327 1329 1330 1332
1327 1326 1324 1323
1328 1331 1334 1337
1328 1325 1322 1319
1329 1330 1332 1333
1329 1327 1326 1324
1330 1332 1333 1335
1330 1329 1327 1326
1331 1334 1337 1340
1331 1328 1325 1322
1332 1333 1335 1336
1332 1330 1329 1327
1333 1335 1336 1338
1333 1332 1330 1329
1334 1337 1340 1343
1334 1331 1328 1325
1335 1336 1338 1339
1335 1333 1332 1330
1336 1338 1339 1341
1336 1335 1333 1332
1337 1340 1343 1346
1337 1334 1331 1328
1338 1339 1341 1342
1338 1336 1335 1333
1339 1341 1342 1344
1339 1338 1336 1335
1340 1343 1346 1349
1340 1337 1334 1331
1341 1342 1344 1345
1341 1339 1338 1336
1342 1344 1345 1347
1342 1341 1339 1338
1343 1346 1349 1352
1343 1340 1337 1334
1344 1345 1347 1348
1344 1342 1341 1339
1345 1347 1348 1350
1345 1344 1342 1341
1346 1349 1352 1355
1346 1343 1340 1337
1347 1348 1350 1351
1347 1345 1344 1342
1348 1350 1351 1353
1348 1347 1345 1344
1349 1352 1355 1358
1349 1346 1343 1340
1350 1351 1353 1354
1350 1348 1347 1345
1351 1353 1354 1356
1351 1350 1348 1347
1352 1355 1358 1361
1352 1349 1346 1343
1353 1354 1356 1357
1353 1351 1350 1348
1354 1356 1357 1359
1354 1353 1351 1350
1355 1358 1361 1364
1355 1352 1349 1346
1356 1357 1359 1360
1356 1354 1353 1351
1357 1359 1360 1362
1357 1356 1354 1353
1358 1361 1364 1367
1358 1355 1352 1349
1359 1360 1362 1363
1359 1357 1356 1354
1360 1362 1363 1365
1360 1359 1357 1356
1361 1364 1367 1371
1361 1358 1355 1352
1362 1363 1365 1366
1362 1360 1359 1357
1363 1365 1366 1368
1363 1362 1360 1359
1364 1367 1371 1374
1364 1361 1358 1355
1365 1366 1368 1369
1365 1363 1362 1360
1366 1368 1369 1370
1366 1365 1363 1362
1367 1371 1374 1377
1367 1364 1361 1358
1368 1369 1370 1372
1368 1366 1365 1363
1369 1370 1372 1373
1369 1368 1366 1365
1370 1372 1373 1375
1370 1369 1368 1366
1371 1374 1377 1380
1371 1367 1364 1361
1372 1373 1375 1376
1372 1370 1369 1368
1373 1375 1376 1378
1373 1372 1370 1369
1374 1377 1380 1383
1374 1371 1367 1364
1375 1376 1378 1379
1375 1373 1372 1370
1376 1378 1379 1381
1376 1375 1373 1372
1377 1380 1383 1386
1377 1374 1371 1367
1378 1379 1381 1382
1378 1376 1375 1373
1379 1381 1382 1384
1379 1378 1376 1375
1380 1383 1386 1389
1380 1377 1374 1371
1381 1382 1384 1385
1381 1379 1378 1376
1382 1384 1385 1387
1382 1381 1379 1378
1383 1386 1389 1392
1383 1380 1377 1374
1384 1385 1387 1388
1384 1382 1381 1379
1385 1387 1388 1390
1385 1384 1382 1381
1386 1389 1392 1395
1386 1383 1380 1377
1387 1388 1390 1391
1387 1385 1384 1382
1388 1390 1391 1393
1388 1387 1385 1384
1389 1392 1395 1398
1389 1386 1383 1380
1390 1391 1393 1394
1390 1388 1387 1385
1391 1393 1394 1396
1391 1390 1388 1387
1392 1395 1398 1401
1392 1389 1386 1383
1393 1394 1396 1397
1393 1391 1390 1388
1394 1396 1397 1399
1394 1393 1391 1390
1395 1398 1401 1422
1395 1392 1389 1386
1396 1397 1399 1400
1396 1394 1393 1391
1397 1399 1400 1402
1397 1396 1394 1393
1398 1401 1422 1488
1398 1395 1392 1389
1399 1400 1402 1403
1399 1397 1396 1394
1400 1402 1403 1404
1400 1399 1397 1396
1401 1422 1488 1530
1401 1398 1395 1392
1402 1403 1404 1405
1402 1400 1399 1397
1403 1404 1405 1406
1403 1402 1400 1399
1404 1405 1406 1407
1404 1403 1402 1400
1405 1406 1407 1408
1405 1404 1403 1402
1406 1407 1408 1409
1406 1405 1404 1403
1407 1408 1409 1410
1407 1406 1405 1404
1408 1409 1410 1411
1408 1407 1406 1405
1409 1410 1411 1412
1409 1408 1407 1406
1410 1411 1412 1413
1410 1409 1408 1407
1411 1412 1413 1414
1411 1410 1409 1408
1412 1413 1414 1415
1412 1411 1410 1409
1413 1414 1415 1416
1413 1412 1411 1410
1414 1415 1416 1417
1414 1413 1412 1411
1415 1416 1417 1418
1415 1414 1413 1412
1416 1417 1418 1419
1416 1415 1414 1413
1417 1418 1419 1420
1417 1416 1415 1414
1418 1419 1420 1421
1418 1417 1416 1415
1419 1420 1421 1423
1419 1418 1417 1416
1420 1421 1423 1424
1420 1419 1418 1417
1421 1423 1424 1425
1421 1420 1419 1418
1422 1488 1530 1529
1422 1401 1398 1395
1423 1424 1425 1426
1423 1421 1420 1419
1424 1425 1426 1427
1424 1423 1421 1420
1425 1426 1427 1428
1425 1424 1423 1421
1426 1427 1428 1429
1426 1425 1424 1423
1427 1428 1429 1430
1427 1426 1425 1424
1428 1429 1430 1431
1428 1427 1426 1425
1429 1430 1431 1432
1429 1428 1427 1426
1430 1431 1432 1433
1430 1429 1428 1427
1431 1432 1433 1434
1431 1430 1429 1428
1432 1433 1434 1435
1432 1431 1430 1429
1433 1434 1435 1436
1433 1432 1431 1430
1434 1435 1436 1437
1434 1433 1432 1431
1435 1436 1437 1438
1435 1434 1433 1432
1436 1437 1438 1439
1436 1435 1434 1433
1437 1438 1439 1440
1437 1436 1435 1434
1438 1439 1440 1441
1438 1437 1436 1435
1439 1440 1441 1442
1439 1438 1437 1436
1440 1441 1442 1443
1440 1439 1438 1437
1441 1442 1443 1444
1441 1440 1439 1438
1442 1443 1444 1445
1442 1441 1440 1439
1443 1444 1445 1446
1443 1442 1441 1440
1444 1445 1446 1447
1444 1443 1442 1441
1445 1446 1447 1448
1445 1444 1443 1442
1446 1447 1448 1449
1446 1445 1444 1443
1447 1448 1449 1450
1447 1446 1445 1444
1448 1449 1450 1451
1448 1447 1446 1445
1449 1450 1451 1452
1449 1448 1447 1446
1450 1451 1452 1453
1450 1449 1448 1447
1451 1452 1453 1454
1451 1450 1449 1448
1452 1453 1454 1455
1452 1451 1450 1449
1453 1454 1455 1456
1453 1452 1451 1450
1454 1455 1456 1457
1454 1453 1452 1451
1455 1456 1457 1458
1455 1454 1453 1452
1456 1457 1458 1459
1456 1455 1454 1453
1457 1458 1459 1460
1457 1456 1455 1454
1458 1459 1460 1461
1458 1457 1456 1455
1459 1460 1461 1462
1459 1458 1457 1456
1460 1461 1462 1463
1460 1459 1458 1457
1461 1462 1463 1464
1461 1460 1459 1458
1462 1463 1464 1465
1462 1461 1460 1459
1463 1464 1465 1466
1463 1462 1461 1460
1464 1465 1466 1467
1464 1463 1462 1461
1465 1466 1467 1468
1465 1464 1463 1462
1466 1467 1468 1469
1466 1465 1464 1463
1467 1468 1469 1470
1467 1466 1465 1464
1468 1469 1470 1471
1468 1467 1466 1465
1469 1470 1471 1472
1469 1468 1467 1466
1470 1471 1472 1473
1470 1469 1468 1467
1471 1472 1473 1474
1471 1470 1469 1468
1472 1473 1474 1475
1472 1471 1470 1469
1473 1474 1475 1476
1473 1472 1471 1470
1474 1475 1476 1477
1474 1473 1472 1471
1475 1476 1477 1478
1475 1474 1473 1472
1476 1477 1478 1479
1476 1475 1474 1473
1477 1478 1479 1480
1477 1476 1475 1474
1478 1479 1480 1481
1478 1477 1476 1475
1479 1480 1481 1482
1479 1478 1477 1476
1480 1481 1482 1483
1480 1479 1478 1477
1481 1482 1483 1484
1481 1480 1479 1478
1482 1483 1484 1485
1482 1481 1480 1479
1483 1484 1485 1486
1483 1482 1481 1480
1484 1485 1486 1487
1484 1483 1482 1481
1485 1486 1487 1489
1485 1484 1483 1482
1486 1487 1489 1490
1486 1485 1484 1483
1487 1489 1490 1491
1487 1486 1485 1484
1488 1530 1529 1528
1488 1422 1401 1398
1489 1490 1491 1492
1489 1487 1486 1485
1490 1491 1492 1493
1490 1489 1487 1486
1491 1492 1493 1494
1491 1490 1489 1487
1492 1493 1494 1495
1492 1491 1490 1489
1493 1494 1495 1496
1493 1492 1491 1490
1494 1495 1496 1497
1494 1493 1492 1491
1495 1496 1497 1498
1495 1494 1493 1492
1496 1497 1498 1499
1496 1495 1494 1493
1497 1498 1499 1500
1497 1496 1495 1494
1498 1499 1500 1501
1498 1497 1496 1495
1499 1500 1501 1502
1499 1498 1497 1496
1500 1501 1502 1503
1500 1499 1498 1497
1501 1502 1503 1504
1501 1500 1499 1498
1502 1503 1504 1505
1502 1501 1500 1499
1503 1504 1505 1506
1503 1502 1501 1500
1504 1505 1506 1507
1504 1503 1502 1501
1505 1506 1507 1508
1505 1504 1503 1502
1506 1507 1508 1509
1506 1505 1504 1503
1507 1508 1509 1510
1507 1506 1505 1504
1508 1509 1510 1511
1508 1507 1506 1505
1509 1510 1511 1512
1509 1508 1507 1506
1510 1511 1512 1513
1510 1509 1508 1507
1511 1512 1513 1514
1511 1510 1509 1508
1512 1513 1514 1515
1512 1511 1510 1509
1513 1514 1515 1516
1513 1512 1511 1510
1514 1515 1516 1517
1514 1513 1512 1511
1515 1516 1517 1518
1515 1514 1513 1512
1516 1517 1518 1519
1516 1515 1514 1513
1517 1518 1519 1520
1517 1516 1515 1514
1518 1519 1520 1521
1518 1517 1516 1515
1519 1520 1521 1522
1519 1518 1517 1516
1520 1521 1522 1523
1520 1519 1518 1517
1521 1522 1523 1524
1521 1520 1519 1518
1522 1523 1524 1525
1522 1521 1520 1519
1523 1524 1525 1526
1523 1522 1521 1520
1524 1525 1526 1527
1524 1523 1522 1521
1525 1526 1527 1528
1525 1524 1523 1522
1526 1527 1528 1529
1526 1525 1524 1523
1527 1528 1529 1530
1527 1526 1525 1524
1528 1527 1526 1525
1528 1529 1530 1488
1529 1528 1527 1526
1529 1530 1488 1422
1530 1529 1528 1527
1530 1488 1422 1401
