0 17 16 15
0 1 2 3
1 0 17 16
1 2 3 4
2 1 0 17
2 3 4 5
3 2 1 0
3 4 5 6
4 3 2 1
4 5 6 7
5 4 3 2
5 6 7 8
6 5 4 3
6 7 8 9
7 6 5 4
7 8 9 10
8 9 10 11
8 7 6 5
9 10 11 18
9 8 7 6
10 11 18 19
10 9 8 7
11 18 19 20
11 10 9 8
12 28 27 26
12 13 14 15
13 12 28 27
13 14 15 16
14 13 12 28
14 15 16 17
15 14 13 12
15 16 17 0
16 15 14 13
16 17 0 1
17 16 15 14
17 0 1 2
18 19 20 29
18 11 10 9
19 20 29 30
19 18 11 10
20 29 30 31
20 19 18 11
21 38 37 36
21 22 23 24
22 21 38 37
22 23 24 25
23 22 21 38
23 24 25 26
24 23 22 21
24 25 26 27
25 24 23 22
25 26 27 28
26 25 24 23
26 27 28 12
27 26 25 24
27 28 12 13
28 27 26 25
28 12 13 14
29 30 31 39
29 20 19 18
30 31 39 40
30 29 20 19
31 39 40 41
31 30 29 20
32 50 49 48
32 33 34 35
33 32 50 49
33 34 35 36
34 33 32 50
34 35 36 37
35 34 33 32
35 36 37 38
36 35 34 33
36 37 38 21
37 36 35 34
37 38 21 22
38 37 36 35
38 21 22 23
39 40 41 51
39 31 30 29
40 41 51 52
40 39 31 30
41 51 52 53
41 40 39 31
42 60 59 58
42 43 44 45
43 42 60 59
43 44 45 46
44 43 42 60
44 45 46 47
45 44 43 42
45 46 47 48
46 45 44 43
46 47 48 49
47 46 45 44
47 48 49 50
48 47 46 45
48 49 50 32
49 48 47 46
49 50 32 33
50 49 48 47
50 32 33 34
51 52 53 61
51 41 40 39
52 53 61 62
52 51 41 40
53 61 62 71
53 52 51 41
54 70 69 68
54 55 56 57
55 54 70 69
55 56 57 58
56 55 54 70
56 57 58 59
57 56 55 54
57 58 59 60
58 57 56 55
58 59 60 42
59 58 57 56
59 60 42 43
60 59 58 57
60 42 43 44
61 62 71 72
61 53 52 51
62 71 72 79
62 61 53 52
63 78 77 76
63 64 65 66
64 63 78 77
64 65 66 67
65 64 63 78
65 66 67 68
66 65 64 63
66 67 68 69
67 66 65 64
67 68 69 70
68 67 66 65
68 69 70 54
69 68 67 66
69 70 54 55
70 69 68 67
70 54 55 56
71 72 79 80
71 62 61 53
72 79 80 88
72 71 62 61
73 87 86 85
73 74 75 76
74 73 87 86
74 75 76 77
75 74 73 87
75 76 77 78
76 75 74 73
76 77 78 63
77 76 75 74
77 78 63 64
78 77 76 75
78 63 64 65
79 80 88 89
79 72 71 62
80 88 89 90
80 79 72 71
81 93 92 91
81 82 83 84
82 81 93 92
82 83 84 85
83 82 81 93
83 84 85 86
84 83 82 81
84 85 86 87
85 84 83 82
85 86 87 73
86 85 84 83
86 87 73 74
87 86 85 84
87 73 74 75
88 89 90 94
88 80 79 72
89 90 94 95
89 88 80 79
90 94 95 96
90 89 88 80
91 99 98 97
91 92 93 81
92 91 99 98
92 93 81 82
93 92 91 99
93 81 82 83
94 95 96 100
94 90 89 88
95 96 100 101
95 94 90 89
96 100 101 104
96 95 94 90
97 103 102 107
97 98 99 91
98 97 103 102
98 99 91 92
99 98 97 103
99 91 92 93
100 101 104 105
100 96 95 94
101 104 105 108
101 100 96 95
102 107 106 111
102 103 97 98
103 102 107 106
103 97 98 99
104 105 108 109
104 101 100 96
105 108 109 112
105 104 101 100
106 111 110 116
106 107 102 103
107 106 111 110
107 102 103 97
108 109 112 113
108 105 104 101
109 112 113 114
109 108 105 104
110 116 115 122
110 111 106 107
111 110 116 115
111 106 107 102
112 113 114 117
112 109 108 105
113 114 117 118
113 112 109 108
114 117 118 119
114 113 112 109
115 122 121 120
115 116 110 111
116 115 122 121
116 110 111 106
117 118 119 123
117 114 113 112
118 119 123 124
118 117 114 113
119 123 124 125
119 118 117 114
120 127 126 131
120 121 122 115
121 120 127 126
121 122 115 116
122 121 120 127
122 115 116 110
123 124 125 128
123 119 118 117
124 125 128 129
124 123 119 118
125 128 129 132
125 124 123 119
126 131 130 135
126 127 120 121
127 126 131 130
127 120 121 122
128 129 132 133
128 125 124 123
129 132 133 136
129 128 125 124
130 135 134 139
130 131 126 127
131 130 135 134
131 126 127 120
132 133 136 137
132 129 128 125
133 136 137 140
133 132 129 128
134 139 138 145
134 135 130 131
135 134 139 138
135 130 131 126
136 137 140 141
136 133 132 129
137 140 141 142
137 136 133 132
138 145 144 143
138 139 134 135
139 138 145 144
139 134 135 130
140 141 142 146
140 137 136 133
141 142 146 147
141 140 137 136
142 146 147 148
142 141 140 137
143 150 149 154
143 144 145 138
144 143 150 149
144 145 138 139
145 144 143 150
145 138 139 134
146 147 148 151
146 142 141 140
147 148 151 152
147 146 142 141
148 151 152 155
148 147 146 142
149 154 153 158
149 150 143 144
150 149 154 153
150 143 144 145
151 152 155 156
151 148 147 146
152 155 156 159
152 151 148 147
153 158 157 162
153 154 149 150
154 153 158 157
154 149 150 143
155 156 159 160
155 152 151 148
156 159 160 163
156 155 152 151
157 162 161 168
157 158 153 154
158 157 162 161
158 153 154 149
159 160 163 164
159 156 155 152
160 163 164 165
160 159 156 155
161 168 167 166
161 162 157 158
162 161 168 167
162 157 158 153
163 164 165 169
163 160 159 156
164 165 169 170
164 163 160 159
165 169 170 171
165 164 163 160
166 173 172 178
166 167 168 161
167 166 173 172
167 168 161 162
168 167 166 173
168 161 162 157
169 170 171 174
169 165 164 163
170 171 174 175
170 169 165 164
171 174 175 176
171 170 169 165
172 178 177 183
172 173 166 167
173 172 178 177
173 166 167 168
174 175 176 179
174 171 170 169
175 176 179 180
175 174 171 170
176 179 180 184
176 175 174 171
177 183 182 181
177 178 172 173
178 177 183 182
178 172 173 166
179 180 184 185
179 176 175 174
180 184 185 188
180 179 176 175
181 187 186 191
181 182 183 177
182 181 187 186
182 183 177 178
183 182 181 187
183 177 178 172
184 185 188 189
184 180 179 176
185 188 189 192
185 184 180 179
186 191 190 197
186 187 181 182
187 186 191 190
187 181 182 183
188 189 192 193
188 185 184 180
189 192 193 194
189 188 185 184
190 197 196 195
190 191 186 187
191 190 197 196
191 186 187 181
192 193 194 198
192 189 188 185
193 194 198 199
193 192 189 188
194 198 199 200
194 193 192 189
195 202 201 207
195 196 197 190
196 195 202 201
196 197 190 191
197 196 195 202
197 190 191 186
198 199 200 203
198 194 193 192
199 200 203 204
199 198 194 193
200 203 204 205
200 199 198 194
201 207 206 212
201 202 195 196
202 201 207 206
202 195 196 197
203 204 205 208
203 200 199 198
204 205 208 209
204 203 200 199
205 208 209 213
205 204 203 200
206 212 211 210
206 207 201 202
207 206 212 211
207 201 202 195
208 209 213 214
208 205 204 203
209 213 214 217
209 208 205 204
210 216 215 220
210 211 212 206
211 210 216 215
211 212 206 207
212 211 210 216
212 206 207 201
213 214 217 218
213 209 208 205
214 217 218 221
214 213 209 208
215 220 219 225
215 216 210 211
216 215 220 219
216 210 211 212
217 218 221 222
217 214 213 209
218 221 222 223
218 217 214 213
219 225 224 230
219 220 215 216
220 219 225 224
220 215 216 210
221 222 223 226
221 218 217 214
222 223 226 227
222 221 218 217
223 226 227 228
223 222 221 218
224 230 229 234
224 225 219 220
225 224 230 229
225 219 220 215
226 227 228 231
226 223 222 221
227 228 231 232
227 226 223 222
228 231 232 235
228 227 226 223
229 234 233 238
229 230 224 225
230 229 234 233
230 224 225 219
231 232 235 236
231 228 227 226
232 235 236 239
232 231 228 227
233 238 237 243
233 234 229 230
234 233 238 237
234 229 230 224
235 236 239 240
235 232 231 228
236 239 240 244
236 235 232 231
237 243 242 241
237 238 233 234
238 237 243 242
238 233 234 229
239 240 244 245
239 236 235 232
240 244 245 246
240 239 236 235
241 248 247 253
241 242 243 237
242 241 248 247
242 243 237 238
243 242 241 248
243 237 238 233
244 245 246 249
244 240 239 236
245 246 249 250
245 244 240 239
246 249 250 251
246 245 244 240
247 253 252 258
247 248 241 242
248 247 253 252
248 241 242 243
249 250 251 254
249 246 245 244
250 251 254 255
250 249 246 245
251 254 255 256
251 250 249 246
252 258 257 262
252 253 247 248
253 252 258 257
253 247 248 241
254 255 256 259
254 251 250 249
255 256 259 260
255 254 251 250
256 259 260 263
256 255 254 251
257 262 261 266
257 258 252 253
258 257 262 261
258 252 253 247
259 260 263 264
259 256 255 254
260 263 264 267
260 259 256 255
261 266 265 271
261 262 257 258
262 261 266 265
262 257 258 252
263 264 267 268
263 260 259 256
264 267 268 269
264 263 260 259
265 271 270 276
265 266 261 262
266 265 271 270
266 261 262 257
267 268 269 272
267 264 263 260
268 269 272 273
268 267 264 263
269 272 273 274
269 268 267 264
270 276 275 281
270 271 265 266
271 270 276 275
271 265 266 261
272 273 274 277
272 269 268 267
273 274 277 278
273 272 269 268
274 277 278 279
274 273 272 269
275 281 280 285
275 276 270 271
276 275 281 280
276 270 271 265
277 278 279 282
277 274 273 272
278 279 282 283
278 277 274 273
279 282 283 286
279 278 277 274
280 285 284 289
280 281 275 276
281 280 285 284
281 275 276 270
282 283 286 287
282 279 278 277
283 286 287 290
283 282 279 278
284 289 288 293
284 285 280 281
285 284 289 288
285 280 281 275
286 287 290 291
286 283 282 279
287 290 291 294
287 286 283 282
288 293 292 298
288 289 284 285
289 288 293 292
289 284 285 280
290 291 294 295
290 287 286 283
291 294 295 296
291 290 287 286
292 298 297 303
292 293 288 289
293 292 298 297
293 288 289 284
294 295 296 299
294 291 290 287
295 296 299 300
295 294 291 290
296 299 300 301
296 295 294 291
297 303 302 308
297 298 292 293
298 297 303 302
298 292 293 288
299 300 301 304
299 296 295 294
300 301 304 305
300 299 296 295
301 304 305 306
301 300 299 296
302 308 307 312
302 303 297 298
303 302 308 307
303 297 298 292
304 305 306 309
304 301 300 299
305 306 309 310
305 304 301 300
306 309 310 313
306 305 304 301
307 312 311 316
307 308 302 303
308 307 312 311
308 302 303 297
309 310 313 314
309 306 305 304
310 313 314 317
310 309 306 305
311 316 315 320
311 312 307 308
312 311 316 315
312 307 308 302
313 314 317 318
313 310 309 306
314 317 318 321
314 313 310 309
315 320 319 325
315 316 311 312
316 315 320 319
316 311 312 307
317 318 321 322
317 314 313 310
318 321 322 323
318 317 314 313
319 325 324 330
319 320 315 316
320 319 325 324
320 315 316 311
321 322 323 326
321 318 317 314
322 323 326 327
322 321 318 317
323 326 327 328
323 322 321 318
324 330 329 334
324 325 319 320
325 324 330 329
325 319 320 315
326 327 328 331
326 323 322 321
327 328 331 332
327 326 323 322
328 331 332 335
328 327 326 323
329 334 333 338
329 330 324 325
330 329 334 333
330 324 325 319
331 332 335 336
331 328 327 326
332 335 336 339
332 331 328 327
333 338 337 343
333 334 329 330
334 333 338 337
334 329 330 324
335 336 339 340
335 332 331 328
336 339 340 344
336 335 332 331
337 343 342 341
337 338 333 334
338 337 343 342
338 333 334 329
339 340 344 345
339 336 335 332
340 344 345 346
340 339 336 335
341 348 347 353
341 342 343 337
342 341 348 347
342 343 337 338
343 342 341 348
343 337 338 333
344 345 346 349
344 340 339 336
345 346 349 350
345 344 340 339
346 349 350 351
346 345 344 340
347 353 352 358
347 348 341 342
348 347 353 352
348 341 342 343
349 350 351 354
349 346 345 344
350 351 354 355
350 349 346 345
351 354 355 356
351 350 349 346
352 358 357 362
352 353 347 348
353 352 358 357
353 347 348 341
354 355 356 359
354 351 350 349
355 356 359 360
355 354 351 350
356 359 360 363
356 355 354 351
357 362 361 366
357 358 352 353
358 357 362 361
358 352 353 347
359 360 363 364
359 356 355 354
360 363 364 367
360 359 356 355
361 366 365 370
361 362 357 358
362 361 366 365
362 357 358 352
363 364 367 368
363 360 359 356
364 367 368 371
364 363 360 359
365 370 369 375
365 366 361 362
366 365 370 369
366 361 362 357
367 368 371 372
367 364 363 360
368 371 372 373
368 367 364 363
369 375 374 380
369 370 365 366
370 369 375 374
370 365 366 361
371 372 373 376
371 368 367 364
372 373 376 377
372 371 368 367
373 376 377 378
373 372 371 368
374 380 379 384
374 375 369 370
375 374 380 379
375 369 370 365
376 377 378 381
376 373 372 371
377 378 381 382
377 376 373 372
378 381 382 385
378 377 376 373
379 384 383 388
379 380 374 375
380 379 384 383
380 374 375 369
381 382 385 386
381 378 377 376
382 385 386 389
382 381 378 377
383 388 387 392
383 384 379 380
384 383 388 387
384 379 380 374
385 386 389 390
385 382 381 378
386 389 390 393
386 385 382 381
387 392 391 396
387 388 383 384
388 387 392 391
388 383 384 379
389 390 393 394
389 386 385 382
390 393 394 397
390 389 386 385
391 396 395 401
391 392 387 388
392 391 396 395
392 387 388 383
393 394 397 398
393 390 389 386
394 397 398 399
394 393 390 389
395 401 400 406
395 396 391 392
396 395 401 400
396 391 392 387
397 398 399 402
397 394 393 390
398 399 402 403
398 397 394 393
399 402 403 404
399 398 397 394
400 406 405 410
400 401 395 396
401 400 406 405
401 395 396 391
402 403 404 407
402 399 398 397
403 404 407 408
403 402 399 398
404 407 408 411
404 403 402 399
405 410 409 414
405 406 400 401
406 405 410 409
406 400 401 395
407 408 411 412
407 404 403 402
408 411 412 415
408 407 404 403
409 414 413 418
409 410 405 406
410 409 414 413
410 405 406 400
411 412 415 416
411 408 407 404
412 415 416 419
412 411 408 407
413 418 417 423
413 414 409 410
414 413 418 417
414 409 410 405
415 416 419 420
415 412 411 408
416 419 420 421
416 415 412 411
417 423 422 428
417 418 413 414
418 417 423 422
418 413 414 409
419 420 421 424
419 416 415 412
420 421 424 425
420 419 416 415
421 424 425 426
421 420 419 416
422 428 427 433
422 423 417 418
423 422 428 427
423 417 418 413
424 425 426 429
424 421 420 419
425 426 429 430
425 424 421 420
426 429 430 431
426 425 424 421
427 433 432 438
427 428 422 423
428 427 433 432
428 422 423 417
429 430 431 434
429 426 425 424
430 431 434 435
430 429 426 425
431 434 435 439
431 430 429 426
432 438 437 436
432 433 427 428
433 432 438 437
433 427 428 422
434 435 439 440
434 431 430 429
435 439 440 443
435 434 431 430
436 442 441 446
436 437 438 432
437 436 442 441
437 438 432 433
438 437 436 442
438 432 433 427
439 440 443 444
439 435 434 431
440 443 444 447
440 439 435 434
441 446 445 451
441 442 436 437
442 441 446 445
442 436 437 438
443 444 447 448
443 440 439 435
444 447 448 449
444 443 440 439
445 451 450 456
445 446 441 442
446 445 451 450
446 441 442 436
447 448 449 452
447 444 443 440
448 449 452 453
448 447 444 443
449 452 453 454
449 448 447 444
450 456 455 460
450 451 445 446
451 450 456 455
451 445 446 441
452 453 454 457
452 449 448 447
453 454 457 458
453 452 449 448
454 457 458 461
454 453 452 449
455 460 459 464
455 456 450 451
456 455 460 459
456 450 451 445
457 458 461 462
457 454 453 452
458 461 462 465
458 457 454 453
459 464 463 468
459 460 455 456
460 459 464 463
460 455 456 450
461 462 465 466
461 458 457 454
462 465 466 469
462 461 458 457
463 468 467 473
463 464 459 460
464 463 468 467
464 459 460 455
465 466 469 470
465 462 461 458
466 469 470 471
466 465 462 461
467 473 472 477
467 468 463 464
468 467 473 472
468 463 464 459
469 470 471 474
469 466 465 462
470 471 474 475
470 469 466 465
471 474 475 476
471 470 469 466
472 477 481 480
472 473 467 468
473 472 477 481
473 467 468 463
474 475 476 478
474 471 470 469
475 476 478 479
475 474 471 470
476 478 479 482
476 475 474 471
477 481 480 485
477 472 473 467
478 479 482 483
478 476 475 474
479 482 483 486
479 478 476 475
480 485 484 488
480 481 477 472
481 480 485 484
481 477 472 473
482 483 486 489
482 479 478 476
483 486 489 492
483 482 479 478
484 488 487 491
484 485 480 481
485 484 488 487
485 480 481 477
486 489 492 495
486 483 482 479
487 491 490 494
487 488 484 485
488 487 491 490
488 484 485 480
489 492 495 498
489 486 483 482
490 494 493 497
490 491 487 488
491 490 494 493
491 487 488 484
492 495 498 501
492 489 486 483
493 497 496 500
493 494 490 491
494 493 497 496
494 490 491 487
495 498 501 504
495 492 489 486
496 500 499 503
496 497 493 494
497 496 500 499
497 493 494 490
498 501 504 507
498 495 492 489
499 503 502 506
499 500 496 497
500 499 503 502
500 496 497 493
501 504 507 510
501 498 495 492
502 506 505 509
502 503 499 500
503 502 506 505
503 499 500 496
504 507 510 513
504 501 498 495
505 509 508 512
505 506 502 503
506 505 509 508
506 502 503 499
507 510 513 516
507 504 501 498
508 512 511 515
508 509 505 506
509 508 512 511
509 505 506 502
510 513 516 518
510 507 504 501
511 515 514 517
511 512 508 509
512 511 515 514
512 508 509 505
513 516 518 520
513 510 507 504
514 517 519 522
514 515 511 512
515 514 517 519
515 511 512 508
516 518 520 523
516 513 510 507
517 519 522 521
517 514 515 511
518 520 523 526
518 516 513 510
519 522 521 525
519 517 514 515
520 523 526 529
520 518 516 513
521 525 524 528
521 522 519 517
522 521 525 524
522 519 517 514
523 526 529 532
523 520 518 516
524 528 527 531
524 525 521 522
525 524 528 527
525 521 522 519
526 529 532 535
526 523 520 518
527 531 530 534
527 528 524 525
528 527 531 530
528 524 525 521
529 532 535 538
529 526 523 520
530 534 533 537
530 531 527 528
531 530 534 533
531 527 528 524
532 535 538 540
532 529 526 523
533 537 536 539
533 534 530 531
534 533 537 536
534 530 531 527
535 538 540 543
535 532 529 526
536 539 542 541
536 537 533 534
537 536 539 542
537 533 534 530
538 540 543 546
538 535 532 529
539 542 541 545
539 536 537 533
540 543 546 549
540 538 535 532
541 545 544 548
541 542 539 536
542 541 545 544
542 539 536 537
543 546 549 552
543 540 538 535
544 548 547 551
544 545 541 542
545 544 548 547
545 541 542 539
546 549 552 554
546 543 540 538
547 551 550 553
547 548 544 545
548 547 551 550
548 544 545 541
549 552 554 556
549 546 543 540
550 553 555 558
550 551 547 548
551 550 553 555
551 547 548 544
552 554 556 559
552 549 546 543
553 555 558 557
553 550 551 547
554 556 559 562
554 552 549 546
555 558 557 561
555 553 550 551
556 559 562 565
556 554 552 549
557 561 560 564
557 558 555 553
558 557 561 560
558 555 553 550
559 562 565 567
559 556 554 552
560 564 563 566
560 561 557 558
561 560 564 563
561 557 558 555
562 565 567 569
562 559 556 554
563 566 568 571
563 564 560 561
564 563 566 568
564 560 561 557
565 567 569 572
565 562 559 556
566 568 571 570
566 563 564 560
567 569 572 575
567 565 562 559
568 571 570 574
568 566 563 564
569 572 575 577
569 567 565 562
570 574 573 576
570 571 568 566
571 570 574 573
571 568 566 563
572 575 577 579
572 569 567 565
573 576 578 581
573 574 570 571
574 573 576 578
574 570 571 568
575 577 579 582
575 572 569 567
576 578 581 580
576 573 574 570
577 579 582 585
577 575 572 569
578 581 580 584
578 576 573 574
579 582 585 592
579 577 575 572
580 584 583 586
580 581 578 576
581 580 584 583
581 578 576 573
582 585 592 594
582 579 577 575
583 586 593 596
583 584 580 581
584 583 586 593
584 580 581 578
585 592 594 600
585 582 579 577
586 593 596 595
586 583 584 580
587 588 589 590
588 589 590 591
589 588 587 -1
589 590 591 -1
590 589 588 587
591 590 589 588
592 594 600 606
592 585 582 579
593 596 595 602
593 586 583 584
594 600 606 611
594 592 585 582
595 602 601 607
595 596 593 586
596 595 602 601
596 593 586 583
597 605 604 603
597 598 599 -1
598 597 605 604
599 598 597 605
600 606 611 616
600 594 592 585
601 607 613 612
601 602 595 596
602 601 607 613
602 595 596 593
603 610 609 608
603 604 605 597
604 603 610 609
604 605 597 598
605 604 603 610
605 597 598 599
606 611 616 621
606 600 594 592
607 613 612 618
607 601 602 595
608 615 614 620
608 609 610 603
609 608 615 614
609 610 603 604
610 609 608 615
610 603 604 605
611 616 621 625
611 606 600 594
612 618 617 622
612 613 607 601
613 612 618 617
613 607 601 602
614 620 619 624
614 615 608 609
615 614 620 619
615 608 609 610
616 621 625 629
616 611 606 600
617 622 626 631
617 618 612 613
618 617 622 626
618 612 613 607
619 624 623 628
619 620 614 615
620 619 624 623
620 614 615 608
621 625 629 633
621 616 611 606
622 626 631 630
622 617 618 612
623 628 627 632
623 624 619 620
624 623 628 627
624 619 620 614
625 629 633 635
625 621 616 611
626 631 630 634
626 622 617 618
627 628 623 624
628 627 632 -1
628 623 624 619
629 633 635 637
629 625 621 616
630 634 636 639
630 631 626 622
631 630 634 636
631 626 622 617
632 627 628 623
633 635 637 640
633 629 625 621
634 636 639 638
634 630 631 626
635 637 640 642
635 633 629 625
636 639 638 641
636 634 630 631
637 640 642 644
637 635 633 629
638 641 643 647
638 639 636 634
639 638 641 643
639 636 634 630
640 642 644 645
640 637 635 633
641 643 647 646
641 638 639 636
642 644 645 648
642 640 637 635
643 647 646 649
643 641 638 639
644 645 648 650
644 642 640 637
645 648 650 652
645 644 642 640
646 649 651 654
646 647 643 641
647 646 649 651
647 643 641 638
648 650 652 655
648 645 644 642
649 651 654 653
649 646 647 643
650 652 655 657
650 648 645 644
651 654 653 656
651 649 646 647
652 655 657 664
652 650 648 645
653 656 658 666
653 654 651 649
654 653 656 658
654 651 649 646
655 657 664 671
655 652 650 648
656 658 666 665
656 653 654 651
657 664 671 677
657 655 652 650
658 666 665 672
658 656 653 654
659 668 667 674
659 660 661 662
660 659 668 667
660 661 662 663
661 660 659 668
661 662 663 669
662 663 669 670
662 661 660 659
663 669 670 675
663 662 661 660
664 671 677 684
664 657 655 652
665 672 679 678
665 666 658 656
666 665 672 679
666 658 656 653
667 674 673 681
667 668 659 660
668 667 674 673
668 659 660 661
669 670 675 676
669 663 662 661
670 675 676 682
670 669 663 662
671 677 684 690
671 664 657 655
672 679 678 685
672 665 666 658
673 681 680 687
673 674 667 668
674 673 681 680
674 667 668 659
675 676 682 683
675 670 669 663
676 682 683 688
676 675 670 669
677 684 690 696
677 671 664 657
678 685 691 698
678 679 672 665
679 678 685 691
679 672 665 666
680 687 686 693
680 681 673 674
681 680 687 686
681 673 674 667
682 683 688 689
682 676 675 670
683 688 689 694
683 682 676 675
684 690 696 702
684 677 671 664
685 691 698 697
685 678 679 672
686 693 692 699
686 687 680 681
687 686 693 692
687 680 681 673
688 689 694 695
688 683 682 676
689 694 695 700
689 688 683 682
690 696 702 708
690 684 677 671
691 698 697 703
691 685 678 679
692 699 705 704
692 693 686 687
693 692 699 705
693 686 687 680
694 695 700 701
694 689 688 683
695 700 701 706
695 694 689 688
696 702 708 714
696 690 684 677
697 703 709 715
697 698 691 685
698 697 703 709
698 691 685 678
699 705 704 711
699 692 693 686
700 701 706 707
700 695 694 689
701 706 707 712
701 700 695 694
702 708 714 720
702 696 690 684
703 709 715 721
703 697 698 691
704 711 710 717
704 705 699 692
705 704 711 710
705 699 692 693
706 707 712 713
706 701 700 695
707 712 713 718
707 706 701 700
708 714 720 726
708 702 696 690
709 715 721 727
709 703 697 698
710 717 716 723
710 711 704 705
711 710 717 716
711 704 705 699
712 713 718 719
712 707 706 701
713 718 719 724
713 712 707 706
714 720 726 732
714 708 702 696
715 721 727 733
715 709 703 697
716 723 722 729
716 717 710 711
717 716 723 722
717 710 711 704
718 719 724 725
718 713 712 707
719 724 725 730
719 718 713 712
720 726 732 738
720 714 708 702
721 727 733 739
721 715 709 703
722 729 728 735
722 723 716 717
723 722 729 728
723 716 717 710
724 725 730 731
724 719 718 713
725 730 731 736
725 724 719 718
726 732 738 743
726 720 714 708
727 733 739 744
727 721 715 709
728 735 734 740
728 729 722 723
729 728 735 734
729 722 723 716
730 731 736 737
730 725 724 719
731 736 737 741
731 730 725 724
732 738 743 748
732 726 720 714
733 739 744 749
733 727 721 715
734 740 745 751
734 735 728 729
735 734 740 745
735 728 729 722
736 737 741 742
736 731 730 725
737 741 742 746
737 736 731 730
738 743 748 754
738 732 726 720
739 744 749 755
739 733 727 721
740 745 751 750
740 734 735 728
741 742 746 747
741 737 736 731
742 746 747 752
742 741 737 736
743 748 754 759
743 738 732 726
744 749 755 760
744 739 733 727
745 751 750 757
745 740 734 735
746 747 752 753
746 742 741 737
747 752 753 758
747 746 742 741
748 754 759 764
748 743 738 732
749 755 760 765
749 744 739 733
750 757 756 761
750 751 745 740
751 750 757 756
751 745 740 734
752 753 758 762
752 747 746 742
753 758 762 763
753 752 747 746
754 759 764 770
754 748 743 738
755 760 765 772
755 749 744 739
756 761 767 766
756 757 750 751
757 756 761 767
757 750 751 745
758 762 763 768
758 753 752 747
759 764 770 771
759 754 748 743
760 765 772 778
760 755 749 744
761 767 766 774
761 756 757 750
762 763 768 769
762 758 753 752
763 768 769 775
763 762 758 753
764 770 771 777
764 759 754 748
765 772 778 783
765 760 755 749
766 774 773 779
766 767 761 756
767 766 774 773
767 761 756 757
768 769 775 776
768 763 762 758
769 775 776 780
769 768 763 762
770 771 777 782
770 764 759 754
771 777 782 786
771 770 764 759
772 778 783 787
772 765 760 755
773 779 784 789
773 774 766 767
774 773 779 784
774 766 767 761
775 776 780 781
775 769 768 763
776 780 781 785
776 775 769 768
777 782 786 792
777 771 770 764
778 783 787 793
778 772 765 760
779 784 789 788
779 773 774 766
780 781 785 790
780 776 775 769
781 785 790 791
781 780 776 775
782 786 792 797
782 777 771 770
783 787 793 798
783 778 772 765
784 789 788 794
784 779 773 774
785 790 791 795
785 781 780 776
786 792 797 802
786 782 777 771
787 793 798 803
787 783 778 772
788 794 800 799
788 789 784 779
789 788 794 800
789 784 779 773
790 791 795 796
790 785 781 780
791 795 796 801
791 790 785 781
792 797 802 807
792 786 782 777
793 798 803 808
793 787 783 778
794 800 799 804
794 788 789 784
795 796 801 805
795 791 790 785
796 801 805 806
796 795 791 790
797 802 807 812
797 792 786 782
798 803 808 813
798 793 787 783
799 804 809 815
799 800 794 788
800 799 804 809
800 794 788 789
801 805 806 810
801 796 795 791
802 807 812 817
802 797 792 786
803 808 813 818
803 798 793 787
804 809 815 814
804 799 800 794
805 806 810 811
805 801 796 795
806 810 811 816
806 805 801 796
807 812 817 822
807 802 797 792
808 813 818 823
808 803 798 793
809 815 814 819
809 804 799 800
810 811 816 820
810 806 805 801
811 816 820 821
811 810 806 805
812 817 822 827
812 807 802 797
813 818 823 828
813 808 803 798
814 819 825 824
814 815 809 804
815 814 819 825
815 809 804 799
816 820 821 826
816 811 810 806
817 822 827 831
817 812 807 802
818 823 828 832
818 813 808 803
819 825 824 829
819 814 815 809
820 821 826 830
820 816 811 810
821 826 830 835
821 820 816 811
822 827 831 837
822 817 812 807
823 828 832 838
823 818 813 808
824 829 834 833
824 825 819 814
825 824 829 834
825 819 814 815
826 830 835 836
826 821 820 816
827 831 837 841
827 822 817 812
828 832 838 842
828 823 818 813
829 834 833 839
829 824 825 819
830 835 836 840
830 826 821 820
831 837 841 847
831 827 822 817
832 838 842 848
832 828 823 818
833 839 844 843
833 834 829 824
834 833 839 844
834 829 824 825
835 836 840 845
835 830 826 821
836 840 845 846
836 835 830 826
837 841 847 851
837 831 827 822
838 842 848 852
838 832 828 823
839 844 843 849
839 833 834 829
840 845 846 850
840 836 835 830
841 847 851 857
841 837 831 827
842 848 852 858
842 838 832 828
843 849 854 853
843 844 839 833
844 843 849 854
844 839 833 834
845 846 850 855
845 840 836 835
846 850 855 856
846 845 840 836
847 851 857 861
847 841 837 831
848 852 858 862
848 842 838 832
849 854 853 859
849 843 844 839
850 855 856 860
850 846 845 840
851 857 861 867
851 847 841 837
852 858 862 868
852 848 842 838
853 859 864 863
853 854 849 843
854 853 859 864
854 849 843 844
855 856 860 865
855 850 846 845
856 860 865 866
856 855 850 846
857 861 867 871
857 851 847 841
858 862 868 872
858 852 848 842
859 864 863 869
859 853 854 849
860 865 866 870
860 856 855 850
861 867 871 876
861 857 851 847
862 868 872 877
862 858 852 848
863 869 873 878
863 864 859 853
864 863 869 873
864 859 853 854
865 866 870 874
865 860 856 855
866 870 874 875
866 865 860 856
867 871 876 880
867 861 857 851
868 872 877 881
868 862 858 852
869 873 878 882
869 863 864 859
870 874 875 879
870 866 865 860
871 876 880 885
871 867 861 857
872 877 881 886
872 868 862 858
873 878 882 888
873 869 863 864
874 875 879 883
874 870 866 865
875 879 883 884
875 874 870 866
876 880 885 890
876 871 867 861
877 881 886 891
877 872 868 862
878 882 888 887
878 873 869 863
879 883 884 889
879 875 874 870
880 885 890 894
880 876 871 867
881 886 891 895
881 877 872 868
882 888 887 892
882 878 873 869
883 884 889 893
883 879 875 874
884 889 893 897
884 883 879 875
885 890 894 898
885 880 876 871
886 891 895 899
886 881 877 872
887 892 896 900
887 888 882 878
888 887 892 896
888 882 878 873
889 893 897 901
889 884 883 879
890 894 898 902
890 885 880 876
891 895 899 903
891 886 881 877
892 896 900 904
892 887 888 882
893 897 901 905
893 889 884 883
894 898 902 906
894 890 885 880
895 899 903 907
895 891 886 881
896 900 904 909
896 892 887 888
897 901 905 910
897 893 889 884
898 902 906 911
898 894 890 885
899 903 907 912
899 895 891 886
900 904 909 908
900 896 892 887
901 905 910 914
901 897 893 889
902 906 911 915
902 898 894 890
903 907 912 916
903 899 895 891
904 909 908 913
904 900 896 892
905 910 914 918
905 901 897 893
906 911 915 919
906 902 898 894
907 912 916 920
907 903 899 895
908 913 917 922
908 909 904 900
909 908 913 917
909 904 900 896
910 914 918 923
910 905 901 897
911 915 919 924
911 906 902 898
912 916 920 925
912 907 903 899
913 917 922 921
913 908 909 904
914 918 923 927
914 910 905 901
915 919 924 929
915 911 906 902
916 920 925 930
916 912 907 903
917 922 921 926
917 913 908 909
918 923 927 928
918 914 910 905
919 924 929 933
919 915 911 906
920 925 930 934
920 916 912 907
921 926 931 935
921 922 917 913
922 921 926 931
922 917 913 908
923 927 928 932
923 918 914 910
924 929 933 937
924 919 915 911
925 930 934 938
925 920 916 912
926 931 935 939
926 921 922 917
927 928 932 936
927 923 918 914
928 932 936 940
928 927 923 918
929 933 937 941
929 924 919 915
930 934 938 942
930 925 920 916
931 935 939 943
931 926 921 922
932 936 940 944
932 928 927 923
933 937 941 945
933 929 924 919
934 938 942 947
934 930 925 920
935 939 943 948
935 931 926 921
936 940 944 949
936 932 928 927
937 941 945 946
937 933 929 924
938 942 947 951
938 934 930 925
939 943 948 953
939 935 931 926
940 944 949 954
940 936 932 928
941 945 946 950
941 937 933 929
942 947 951 956
942 938 934 930
943 948 953 952
943 939 935 931
944 949 954 958
944 940 936 932
945 946 950 955
945 941 937 933
946 950 955 959
946 945 941 937
947 951 956 960
947 942 938 934
948 953 952 957
948 943 939 935
949 954 958 962
949 944 940 936
950 955 959 963
950 946 945 941
951 956 960 964
951 947 942 938
952 957 961 965
952 953 948 943
953 952 957 961
953 948 943 939
954 958 962 966
954 949 944 940
955 959 963 967
955 950 946 945
956 960 964 968
956 951 947 942
957 961 965 969
957 952 953 948
958 962 966 970
958 954 949 944
959 963 967 971
959 955 950 946
960 964 968 972
960 956 951 947
961 965 969 973
961 957 952 953
962 966 970 974
962 958 954 949
963 967 971 975
963 959 955 950
964 968 972 976
964 960 956 951
965 969 973 977
965 961 957 952
966 970 974 978
966 962 958 954
967 971 975 979
967 963 959 955
968 972 976 980
968 964 960 956
969 973 977 981
969 965 961 957
970 974 978 982
970 966 962 958
971 975 979 983
971 967 963 959
972 976 980 984
972 968 964 960
973 977 981 985
973 969 965 961
974 978 982 986
974 970 966 962
975 979 983 987
975 971 967 963
976 980 984 988
976 972 968 964
977 981 985 989
977 973 969 965
978 982 986 990
978 974 970 966
979 983 987 991
979 975 971 967
980 984 988 992
980 976 972 968
981 985 989 993
981 977 973 969
982 986 990 994
982 978 974 970
983 987 991 995
983 979 975 971
984 988 992 996
984 980 976 972
985 989 993 997
985 981 977 973
986 990 994 998
986 982 978 974
987 991 995 999
987 983 979 975
988 992 996 1000
988 984 980 976
989 993 997 1001
989 985 981 977
990 994 998 1002
990 986 982 978
991 995 999 1003
991 987 983 979
992 996 1000 1004
992 988 984 980
993 997 1001 1005
993 989 985 981
994 998 1002 1006
994 990 986 982
995 999 1003 1007
995 991 987 983
996 1000 1004 1008
996 992 988 984
997 1001 1005 1009
997 993 989 985
998 1002 1006 1010
998 994 990 986
999 1003 1007 1011
999 995 991 987
1000 1004 1008 1012
1000 996 992 988
1001 1005 1009 1013
1001 997 993 989
1002 1006 1010 1014
1002 998 994 990
1003 1007 1011 1015
1003 999 995 991
1004 1008 1012 1016
1004 1000 996 992
1005 1009 1013 1017
1005 1001 997 993
1006 1010 1014 1018
1006 1002 998 994
1007 1011 1015 1019
1007 1003 999 995
1008 1012 1016 1020
1008 1004 1000 996
1009 1013 1017 1021
1009 1005 1001 997
1010 1014 1018 1022
1010 1006 1002 998
1011 1015 1019 1023
1011 1007 1003 999
1012 1016 1020 1024
1012 1008 1004 1000
1013 1017 1021 1025
1013 1009 1005 1001
1014 1018 1022 1026
1014 1010 1006 1002
1015 1019 1023 1027
1015 1011 1007 1003
1016 1020 1024 1028
1016 1012 1008 1004
1017 1021 1025 1029
1017 1013 1009 1005
1018 1022 1026 1030
1018 1014 1010 1006
1019 1023 1027 1031
1019 1015 1011 1007
1020 1024 1028 1032
1020 1016 1012 1008
1021 1025 1029 1033
1021 1017 1013 1009
1022 1026 1030 1034
1022 1018 1014 1010
1023 1027 1031 1035
1023 1019 1015 1011
1024 1028 1032 1036
1024 1020 1016 1012
1025 1029 1033 1037
1025 1021 1017 1013
1026 1030 1034 1038
1026 1022 1018 1014
1027 1031 1035 1039
1027 1023 1019 1015
1028 1032 1036 1040
1028 1024 1020 1016
1029 1033 1037 1041
1029 1025 1021 1017
1030 1034 1038 1042
1030 1026 1022 1018
1031 1035 1039 1043
1031 1027 1023 1019
1032 1036 1040 1044
1032 1028 1024 1020
1033 1037 1041 1045
1033 1029 1025 1021
1034 1038 1042 1046
1034 1030 1026 1022
1035 1039 1043 1047
1035 1031 1027 1023
1036 1040 1044 1048
1036 1032 1028 1024
1037 1041 1045 1049
1037 1033 1029 1025
1038 1042 1046 1050
1038 1034 1030 1026
1039 1043 1047 1051
1039 1035 1031 1027
1040 1044 1048 1052
1040 1036 1032 1028
1041 1045 1049 1053
1041 1037 1033 1029
1042 1046 1050 1054
1042 1038 1034 1030
1043 1047 1051 1055
1043 1039 1035 1031
1044 1048 1052 1056
1044 1040 1036 1032
1045 1049 1053 1057
1045 1041 1037 1033
1046 1050 1054 1058
1046 1042 1038 1034
1047 1051 1055 1059
1047 1043 1039 1035
1048 1052 1056 1060
1048 1044 1040 1036
1049 1053 1057 1061
1049 1045 1041 1037
1050 1054 1058 1062
1050 1046 1042 1038
1051 1055 1059 1063
1051 1047 1043 1039
1052 1056 1060 1064
1052 1048 1044 1040
1053 1057 1061 1065
1053 1049 1045 1041
1054 1058 1062 1066
1054 1050 1046 1042
1055 1059 1063 1067
1055 1051 1047 1043
1056 1060 1064 1068
1056 1052 1048 1044
1057 1061 1065 1069
1057 1053 1049 1045
1058 1062 1066 1070
1058 1054 1050 1046
1059 1063 1067 1071
1059 1055 1051 1047
1060 1064 1068 1072
1060 1056 1052 1048
1061 1065 1069 1073
1061 1057 1053 1049
1062 1066 1070 1074
1062 1058 1054 1050
1063 1067 1071 1075
1063 1059 1055 1051
1064 1068 1072 1076
1064 1060 1056 1052
1065 1069 1073 1077
1065 1061 1057 1053
1066 1070 1074 1078
1066 1062 1058 1054
1067 1071 1075 1079
1067 1063 1059 1055
1068 1072 1076 1080
1068 1064 1060 1056
1069 1073 1077 1081
1069 1065 1061 1057
1070 1074 1078 1082
1070 1066 1062 1058
1071 1075 1079 1083
1071 1067 1063 1059
1072 1076 1080 1084
1072 1068 1064 1060
1073 1077 1081 1085
1073 1069 1065 1061
1074 1078 1082 1086
1074 1070 1066 1062
1075 1079 1083 1087
1075 1071 1067 1063
1076 1080 1084 1088
1076 1072 1068 1064
1077 1081 1085 1089
1077 1073 1069 1065
1078 1082 1086 1090
1078 1074 1070 1066
1079 1083 1087 1091
1079 1075 1071 1067
1080 1084 1088 1092
1080 1076 1072 1068
1081 1085 1089 1093
1081 1077 1073 1069
1082 1086 1090 1094
1082 1078 1074 1070
1083 1087 1091 1095
1083 1079 1075 1071
1084 1088 1092 1096
1084 1080 1076 1072
1085 1089 1093 1097
1085 1081 1077 1073
1086 1090 1094 1098
1086 1082 1078 1074
1087 1091 1095 1099
1087 1083 1079 1075
1088 1092 1096 1100
1088 1084 1080 1076
1089 1093 1097 1101
1089 1085 1081 1077
1090 1094 1098 1102
1090 1086 1082 1078
1091 1095 1099 1103
1091 1087 1083 1079
1092 1096 1100 1104
1092 1088 1084 1080
1093 1097 1101 1105
1093 1089 1085 1081
1094 1098 1102 1106
1094 1090 1086 1082
1095 1099 1103 1107
1095 1091 1087 1083
1096 1100 1104 1108
1096 1092 1088 1084
1097 1101 1105 1109
1097 1093 1089 1085
1098 1102 1106 1110
1098 1094 1090 1086
1099 1103 1107 1111
1099 1095 1091 1087
1100 1104 1108 1112
1100 1096 1092 1088
1101 1105 1109 1113
1101 1097 1093 1089
1102 1106 1110 1114
1102 1098 1094 1090
1103 1107 1111 1115
1103 1099 1095 1091
1104 1108 1112 1116
1104 1100 1096 1092
1105 1109 1113 1117
1105 1101 1097 1093
1106 1110 1114 1118
1106 1102 1098 1094
1107 1111 1115 1119
1107 1103 1099 1095
1108 1112 1116 1120
1108 1104 1100 1096
1109 1113 1117 1121
1109 1105 1101 1097
1110 1114 1118 1122
1110 1106 1102 1098
1111 1115 1119 1123
1111 1107 1103 1099
1112 1116 1120 1124
1112 1108 1104 1100
1113 1117 1121 1125
1113 1109 1105 1101
1114 1118 1122 1126
1114 1110 1106 1102
1115 1119 1123 1127
1115 1111 1107 1103
1116 1120 1124 1128
1116 1112 1108 1104
1117 1121 1125 1129
1117 1113 1109 1105
1118 1122 1126 1130
1118 1114 1110 1106
1119 1123 1127 1131
1119 1115 1111 1107
1120 1124 1128 1132
1120 1116 1112 1108
1121 1125 1129 1133
1121 1117 1113 1109
1122 1126 1130 1134
1122 1118 1114 1110
1123 1127 1131 1135
1123 1119 1115 1111
1124 1128 1132 1136
1124 1120 1116 1112
1125 1129 1133 1137
1125 1121 1117 1113
1126 1130 1134 1138
1126 1122 1118 1114
1127 1131 1135 1139
1127 1123 1119 1115
1128 1132 1136 1140
1128 1124 1120 1116
1129 1133 1137 1141
1129 1125 1121 1117
1130 1134 1138 1142
1130 1126 1122 1118
1131 1135 1139 1143
1131 1127 1123 1119
1132 1136 1140 1144
1132 1128 1124 1120
1133 1137 1141 1145
1133 1129 1125 1121
1134 1138 1142 1146
1134 1130 1126 1122
1135 1139 1143 1147
1135 1131 1127 1123
1136 1140 1144 1148
1136 1132 1128 1124
1137 1141 1145 1149
1137 1133 1129 1125
1138 1142 1146 1150
1138 1134 1130 1126
1139 1143 1147 1151
1139 1135 1131 1127
1140 1144 1148 1152
1140 1136 1132 1128
1141 1145 1149 1153
1141 1137 1133 1129
1142 1146 1150 1154
1142 1138 1134 1130
1143 1147 1151 1155
1143 1139 1135 1131
1144 1148 1152 1156
1144 1140 1136 1132
1145 1149 1153 1157
1145 1141 1137 1133
1146 1150 1154 1158
1146 1142 1138 1134
1147 1151 1155 1159
1147 1143 1139 1135
1148 1152 1156 1160
1148 1144 1140 1136
1149 1153 1157 1161
1149 1145 1141 1137
1150 1154 1158 1162
1150 1146 1142 1138
1151 1155 1159 1163
1151 1147 1143 1139
1152 1156 1160 1164
1152 1148 1144 1140
1153 1157 1161 1165
1153 1149 1145 1141
1154 1158 1162 1166
1154 1150 1146 1142
1155 1159 1163 1167
1155 1151 1147 1143
1156 1160 1164 1168
1156 1152 1148 1144
1157 1161 1165 1169
1157 1153 1149 1145
1158 1162 1166 1170
1158 1154 1150 1146
1159 1163 1167 1171
1159 1155 1151 1147
1160 1164 1168 1172
1160 1156 1152 1148
1161 1165 1169 1173
1161 1157 1153 1149
1162 1166 1170 1174
1162 1158 1154 1150
1163 1167 1171 1175
1163 1159 1155 1151
1164 1168 1172 1176
1164 1160 1156 1152
1165 1169 1173 1177
1165 1161 1157 1153
1166 1170 1174 1178
1166 1162 1158 1154
1167 1171 1175 1179
1167 1163 1159 1155
1168 1172 1176 1180
1168 1164 1160 1156
1169 1173 1177 1181
1169 1165 1161 1157
1170 1174 1178 1182
1170 1166 1162 1158
1171 1175 1179 1183
1171 1167 1163 1159
1172 1176 1180 1184
1172 1168 1164 1160
1173 1177 1181 1185
1173 1169 1165 1161
1174 1178 1182 1186
1174 1170 1166 1162
1175 1179 1183 1187
1175 1171 1167 1163
1176 1180 1184 1188
1176 1172 1168 1164
1177 1181 1185 1189
1177 1173 1169 1165
1178 1182 1186 1190
1178 1174 1170 1166
1179 1183 1187 1191
1179 1175 1171 1167
1180 1184 1188 1193
1180 1176 1172 1168
1181 1185 1189 1194
1181 1177 1173 1169
1182 1186 1190 1195
1182 1178 1174 1170
1183 1187 1191 1192
1183 1179 1175 1171
1184 1188 1193 1197
1184 1180 1176 1172
1185 1189 1194 1198
1185 1181 1177 1173
1186 1190 1195 1199
1186 1182 1178 1174
1187 1191 1192 1196
1187 1183 1179 1175
1188 1193 1197 1201
1188 1184 1180 1176
1189 1194 1198 1202
1189 1185 1181 1177
1190 1195 1199 1203
1190 1186 1182 1178
1191 1192 1196 1200
1191 1187 1183 1179
1192 1196 1200 1204
1192 1191 1187 1183
1193 1197 1201 1205
1193 1188 1184 1180
1194 1198 1202 1206
1194 1189 1185 1181
1195 1199 1203 1207
1195 1190 1186 1182
1196 1200 1204 1208
1196 1192 1191 1187
1197 1201 1205 1209
1197 1193 1188 1184
1198 1202 1206 1210
1198 1194 1189 1185
1199 1203 1207 1211
1199 1195 1190 1186
1200 1204 1208 1212
1200 1196 1192 1191
1201 1205 1209 1213
1201 1197 1193 1188
1202 1206 1210 1214
1202 1198 1194 1189
1203 1207 1211 1215
1203 1199 1195 1190
1204 1208 1212 1216
1204 1200 1196 1192
1205 1209 1213 1217
1205 1201 1197 1193
1206 1210 1214 1218
1206 1202 1198 1194
1207 1211 1215 1219
1207 1203 1199 1195
1208 1212 1216 1220
1208 1204 1200 1196
1209 1213 1217 1221
1209 1205 1201 1197
1210 1214 1218 1222
1210 1206 1202 1198
1211 1215 1219 1223
1211 1207 1203 1199
1212 1216 1220 1224
1212 1208 1204 1200
1213 1217 1221 1225
1213 1209 1205 1201
1214 1218 1222 1226
1214 1210 1206 1202
1215 1219 1223 1227
1215 1211 1207 1203
1216 1220 1224 1228
1216 1212 1208 1204
1217 1221 1225 1229
1217 1213 1209 1205
1218 1222 1226 1230
1218 1214 1210 1206
1219 1223 1227 1231
1219 1215 1211 1207
1220 1224 1228 1232
1220 1216 1212 1208
1221 1225 1229 1233
1221 1217 1213 1209
1222 1226 1230 1234
1222 1218 1214 1210
1223 1227 1231 1235
1223 1219 1215 1211
1224 1228 1232 1236
1224 1220 1216 1212
1225 1229 1233 1237
1225 1221 1217 1213
1226 1230 1234 1238
1226 1222 1218 1214
1227 1231 1235 1239
1227 1223 1219 1215
1228 1232 1236 1240
1228 1224 1220 1216
1229 1233 1237 1241
1229 1225 1221 1217
1230 1234 1238 1242
1230 1226 1222 1218
1231 1235 1239 1243
1231 1227 1223 1219
1232 1236 1240 1244
1232 1228 1224 1220
1233 1237 1241 1245
1233 1229 1225 1221
1234 1238 1242 1246
1234 1230 1226 1222
1235 1239 1243 1247
1235 1231 1227 1223
1236 1240 1244 1248
1236 1232 1228 1224
1237 1241 1245 1249
1237 1233 1229 1225
1238 1242 1246 1250
1238 1234 1230 1226
1239 1243 1247 1252
1239 1235 1231 1227
1240 1244 1248 1253
1240 1236 1232 1228
1241 1245 1249 1255
1241 1237 1233 1229
1242 1246 1250 1251
1242 1238 1234 1230
1243 1247 1252 1257
1243 1239 1235 1231
1244 1248 1253 1254
1244 1240 1236 1232
1245 1249 1255 1259
1245 1241 1237 1233
1246 1250 1251 1256
1246 1242 1238 1234
1247 1252 1257 1261
1247 1243 1239 1235
1248 1253 1254 1258
1248 1244 1240 1236
1249 1255 1259 1263
1249 1245 1241 1237
1250 1251 1256 1260
1250 1246 1242 1238
1251 1256 1260 1264
1251 1250 1246 1242
1252 1257 1261 1265
1252 1247 1243 1239
1253 1254 1258 1262
1253 1248 1244 1240
1254 1258 1262 1266
1254 1253 1248 1244
1255 1259 1263 1267
1255 1249 1245 1241
1256 1260 1264 1268
1256 1251 1250 1246
1257 1261 1265 1269
1257 1252 1247 1243
1258 1262 1266 1270
1258 1254 1253 1248
1259 1263 1267 1271
1259 1255 1249 1245
1260 1264 1268 1272
1260 1256 1251 1250
1261 1265 1269 1273
1261 1257 1252 1247
1262 1266 1270 1274
1262 1258 1254 1253
1263 1267 1271 1275
1263 1259 1255 1249
1264 1268 1272 1276
1264 1260 1256 1251
1265 1269 1273 1278
1265 1261 1257 1252
1266 1270 1274 1279
1266 1262 1258 1254
1267 1271 1275 1280
1267 1263 1259 1255
1268 1272 1276 1281
1268 1264 1260 1256
1269 1273 1278 1277
1269 1265 1261 1257
1270 1274 1279 1284
1270 1266 1262 1258
1271 1275 1280 1285
1271 1267 1263 1259
1272 1276 1281 1282
1272 1268 1264 1260
1273 1278 1277 1283
1273 1269 1265 1261
1274 1279 1284 1288
1274 1270 1266 1262
1275 1280 1285 1289
1275 1271 1267 1263
1276 1281 1282 1286
1276 1272 1268 1264
1277 1283 1287 1291
1277 1278 1273 1269
1278 1277 1283 1287
1278 1273 1269 1265
1279 1284 1288 1292
1279 1274 1270 1266
1280 1285 1289 1293
1280 1275 1271 1267
1281 1282 1286 1290
1281 1276 1272 1268
1282 1286 1290 1294
1282 1281 1276 1272
1283 1287 1291 1296
1283 1277 1278 1273
1284 1288 1292 1297
1284 1279 1274 1270
1285 1289 1293 1298
1285 1280 1275 1271
1286 1290 1294 1295
1286 1282 1281 1276
1287 1291 1296 1300
1287 1283 1277 1278
1288 1292 1297 1301
1288 1284 1279 1274
1289 1293 1298 1302
1289 1285 1280 1275
1290 1294 1295 1299
1290 1286 1282 1281
1291 1296 1300 1304
1291 1287 1283 1277
1292 1297 1301 1305
1292 1288 1284 1279
1293 1298 1302 1306
1293 1289 1285 1280
1294 1295 1299 1303
1294 1290 1286 1282
1295 1299 1303 1307
1295 1294 1290 1286
1296 1300 1304 1308
1296 1291 1287 1283
1297 1301 1305 1309
1297 1292 1288 1284
1298 1302 1306 1310
1298 1293 1289 1285
1299 1303 1307 1311
1299 1295 1294 1290
1300 1304 1308 1312
1300 1296 1291 1287
1301 1305 1309 1313
1301 1297 1292 1288
1302 1306 1310 1314
1302 1298 1293 1289
1303 1307 1311 1315
1303 1299 1295 1294
1304 1308 1312 1317
1304 1300 1296 1291
1305 1309 1313 1318
1305 1301 1297 1292
1306 1310 1314 1319
1306 1302 1298 1293
1307 1311 1315 1316
1307 1303 1299 1295
1308 1312 1317 1322
1308 1304 1300 1296
1309 1313 1318 1323
1309 1305 1301 1297
1310 1314 1319 1324
1310 1306 1302 1298
1311 1315 1316 1320
1311 1307 1303 1299
1312 1317 1322 1321
1312 1308 1304 1300
1313 1318 1323 1327
1313 1309 1305 1301
1314 1319 1324 1328
1314 1310 1306 1302
1315 1316 1320 1325
1315 1311 1307 1303
1316 1320 1325 1330
1316 1315 1311 1307
1317 1322 1321 1326
1317 1312 1308 1304
1318 1323 1327 1333
1318 1313 1309 1305
1319 1324 1328 1329
1319 1314 1310 1306
1320 1325 1330 1335
1320 1316 1315 1311
1321 1326 1332 1331
1321 1322 1317 1312
1322 1321 1326 1332
1322 1317 1312 1308
1323 1327 1333 1337
1323 1318 1313 1309
1324 1328 1329 1334
1324 1319 1314 1310
1325 1330 1335 1339
1325 1320 1316 1315
1326 1332 1331 1336
1326 1321 1322 1317
1327 1333 1337 1343
1327 1323 1318 1313
1328 1329 1334 1338
1328 1324 1319 1314
1329 1334 1338 1344
1329 1328 1324 1319
1330 1335 1339 1340
1330 1325 1320 1316
1331 1336 1342 1341
1331 1332 1326 1321
1332 1331 1336 1342
1332 1326 1321 1322
1333 1337 1343 1347
1333 1327 1323 1318
1334 1338 1344 1348
1334 1329 1328 1324
1335 1339 1340 1345
1335 1330 1325 1320
1336 1342 1341 1346
1336 1331 1332 1326
1337 1343 1347 1353
1337 1333 1327 1323
1338 1344 1348 1354
1338 1334 1329 1328
1339 1340 1345 1349
1339 1335 1330 1325
1340 1345 1349 1350
1340 1339 1335 1330
1341 1346 1352 1351
1341 1342 1336 1331
1342 1341 1346 1352
1342 1336 1331 1332
1343 1347 1353 1357
1343 1337 1333 1327
1344 1348 1354 1358
1344 1338 1334 1329
1345 1349 1350 1355
1345 1340 1339 1335
1346 1352 1351 1356
1346 1341 1342 1336
1347 1353 1357 1363
1347 1343 1337 1333
1348 1354 1358 1365
1348 1344 1338 1334
1349 1350 1355 1359
1349 1345 1340 1339
1350 1355 1359 1360
1350 1349 1345 1340
1351 1356 1362 1361
1351 1352 1346 1341
1352 1351 1356 1362
1352 1346 1341 1342
1353 1357 1363 1364
1353 1347 1343 1337
1354 1358 1365 1369
1354 1348 1344 1338
1355 1359 1360 1366
1355 1350 1349 1345
1356 1362 1361 1367
1356 1351 1352 1346
1357 1363 1364 1368
1357 1353 1347 1343
1358 1365 1369 1375
1358 1354 1348 1344
1359 1360 1366 1370
1359 1355 1350 1349
1360 1366 1370 1371
1360 1359 1355 1350
1361 1367 1373 1372
1361 1362 1356 1351
1362 1361 1367 1373
1362 1356 1351 1352
1363 1364 1368 1374
1363 1357 1353 1347
1364 1368 1374 1378
1364 1363 1357 1353
1365 1369 1375 1379
1365 1358 1354 1348
1366 1370 1371 1376
1366 1360 1359 1355
1367 1373 1372 1377
1367 1361 1362 1356
1368 1374 1378 1383
1368 1364 1363 1357
1369 1375 1379 1384
1369 1365 1358 1354
1370 1371 1376 1380
1370 1366 1360 1359
1371 1376 1380 1381
1371 1370 1366 1360
1372 1377 1382 1387
1372 1373 1367 1361
1373 1372 1377 1382
1373 1367 1361 1362
1374 1378 1383 1388
1374 1368 1364 1363
1375 1379 1384 1389
1375 1369 1365 1358
1376 1380 1381 1385
1376 1371 1370 1366
1377 1382 1387 1386
1377 1372 1373 1367
1378 1383 1388 1393
1378 1374 1368 1364
1379 1384 1389 1394
1379 1375 1369 1365
1380 1381 1385 1390
1380 1376 1371 1370
1381 1385 1390 1391
1381 1380 1376 1371
1382 1387 1386 1392
1382 1377 1372 1373
1383 1388 1393 1398
1383 1378 1374 1368
1384 1389 1394 1399
1384 1379 1375 1369
1385 1390 1391 1395
1385 1381 1380 1376
1386 1392 1397 1396
1386 1387 1382 1377
1387 1386 1392 1397
1387 1382 1377 1372
1388 1393 1398 1403
1388 1383 1378 1374
1389 1394 1399 1404
1389 1384 1379 1375
1390 1391 1395 1400
1390 1385 1381 1380
1391 1395 1400 1405
1391 1390 1385 1381
1392 1397 1396 1402
1392 1386 1387 1382
1393 1398 1403 1408
1393 1388 1383 1378
1394 1399 1404 1409
1394 1389 1384 1379
1395 1400 1405 1406
1395 1391 1390 1385
1396 1402 1401 1407
1396 1397 1392 1386
1397 1396 1402 1401
1397 1392 1386 1387
1398 1403 1408 1413
1398 1393 1388 1383
1399 1404 1409 1414
1399 1394 1389 1384
1400 1405 1406 1410
1400 1395 1391 1390
1401 1407 1412 1411
1401 1402 1396 1397
1402 1401 1407 1412
1402 1396 1397 1392
1403 1408 1413 1419
1403 1398 1393 1388
1404 1409 1414 1420
1404 1399 1394 1389
1405 1406 1410 1415
1405 1400 1395 1391
1406 1410 1415 1416
1406 1405 1400 1395
1407 1412 1411 1418
1407 1401 1402 1396
1408 1413 1419 1423
1408 1403 1398 1393
1409 1414 1420 1424
1409 1404 1399 1394
1410 1415 1416 1421
1410 1406 1405 1400
1411 1418 1417 1422
1411 1412 1407 1401
1412 1411 1418 1417
1412 1407 1401 1402
1413 1419 1423 1428
1413 1408 1403 1398
1414 1420 1424 1429
1414 1409 1404 1399
1415 1416 1421 1425
1415 1410 1406 1405
1416 1421 1425 1430
1416 1415 1410 1406
1417 1422 1427 1426
1417 1418 1411 1412
1418 1417 1422 1427
1418 1411 1412 1407
1419 1423 1428 1434
1419 1413 1408 1403
1420 1424 1429 1435
1420 1414 1409 1404
1421 1425 1430 1431
1421 1416 1415 1410
1422 1427 1426 1433
1422 1417 1418 1411
1423 1428 1434 1440
1423 1419 1413 1408
1424 1429 1435 1441
1424 1420 1414 1409
1425 1430 1431 1436
1425 1421 1416 1415
1426 1433 1432 1439
1426 1427 1422 1417
1427 1426 1433 1432
1427 1422 1417 1418
1428 1434 1440 1444
1428 1423 1419 1413
1429 1435 1441 1445
1429 1424 1420 1414
1430 1431 1436 1437
1430 1425 1421 1416
1431 1436 1437 1442
1431 1430 1425 1421
1432 1439 1438 1443
1432 1433 1426 1427
1433 1432 1439 1438
1433 1426 1427 1422
1434 1440 1444 1449
1434 1428 1423 1419
1435 1441 1445 1450
1435 1429 1424 1420
1436 1437 1442 1446
1436 1431 1430 1425
1437 1442 1446 1447
1437 1436 1431 1430
1438 1443 1448 1454
1438 1439 1432 1433
1439 1438 1443 1448
1439 1432 1433 1426
1440 1444 1449 1455
1440 1434 1428 1423
1441 1445 1450 1456
1441 1435 1429 1424
1442 1446 1447 1451
1442 1437 1436 1431
1443 1448 1454 1453
1443 1438 1439 1432
1444 1449 1455 1461
1444 1440 1434 1428
1445 1450 1456 1462
1445 1441 1435 1429
1446 1447 1451 1452
1446 1442 1437 1436
1447 1451 1452 1457
1447 1446 1442 1437
1448 1454 1453 1459
1448 1443 1438 1439
1449 1455 1461 1460
1449 1444 1440 1434
1450 1456 1462 1468
1450 1445 1441 1435
1451 1452 1457 1463
1451 1447 1446 1442
1452 1457 1463 1469
1452 1451 1447 1446
1453 1459 1458 1465
1453 1454 1448 1443
1454 1453 1459 1458
1454 1448 1443 1438
1455 1461 1460 1467
1455 1449 1444 1440
1456 1462 1468 1474
1456 1450 1445 1441
1457 1463 1469 1470
1457 1452 1451 1447
1458 1465 1464 1472
1458 1459 1453 1454
1459 1458 1465 1464
1459 1453 1454 1448
1460 1467 1466 1473
1460 1461 1455 1449
1461 1460 1467 1466
1461 1455 1449 1444
1462 1468 1474 1480
1462 1456 1450 1445
1463 1469 1470 1475
1463 1457 1452 1451
1464 1472 1471 1478
1464 1465 1458 1459
1465 1464 1472 1471
1465 1458 1459 1453
1466 1473 1479 1486
1466 1467 1460 1461
1467 1466 1473 1479
1467 1460 1461 1455
1468 1474 1480 1487
1468 1462 1456 1450
1469 1470 1475 1476
1469 1463 1457 1452
1470 1475 1476 1481
1470 1469 1463 1457
1471 1478 1477 1484
1471 1472 1464 1465
1472 1471 1478 1477
1472 1464 1465 1458
1473 1479 1486 1485
1473 1466 1467 1460
1474 1480 1487 1494
1474 1468 1462 1456
1475 1476 1481 1482
1475 1470 1469 1463
1476 1481 1482 1488
1476 1475 1470 1469
1477 1484 1483 1491
1477 1478 1471 1472
1478 1477 1484 1483
1478 1471 1472 1464
1479 1486 1485 1493
1479 1473 1466 1467
1480 1487 1494 1501
1480 1474 1468 1462
1481 1482 1488 1489
1481 1476 1475 1470
1482 1488 1489 1495
1482 1481 1476 1475
1483 1491 1490 1498
1483 1484 1477 1478
1484 1483 1491 1490
1484 1477 1478 1471
1485 1493 1492 1500
1485 1486 1479 1473
1486 1485 1493 1492
1486 1479 1473 1466
1487 1494 1501 1507
1487 1480 1474 1468
1488 1489 1495 1496
1488 1482 1481 1476
1489 1495 1496 1502
1489 1488 1482 1481
1490 1498 1497 1504
1490 1491 1483 1484
1491 1490 1498 1497
1491 1483 1484 1477
1492 1500 1499 1506
1492 1493 1485 1486
1493 1492 1500 1499
1493 1485 1486 1479
1494 1501 1507 1512
1494 1487 1480 1474
1495 1496 1502 1508
1495 1489 1488 1482
1496 1502 1508 1513
1496 1495 1489 1488
1497 1504 1503 1510
1497 1498 1490 1491
1498 1497 1504 1503
1498 1490 1491 1483
1499 1506 1505 1511
1499 1500 1492 1493
1500 1499 1506 1505
1500 1492 1493 1485
1501 1507 1512 1518
1501 1494 1487 1480
1502 1508 1513 1514
1502 1496 1495 1489
1503 1510 1509 1516
1503 1504 1497 1498
1504 1503 1510 1509
1504 1497 1498 1490
1505 1511 1517 1524
1505 1506 1499 1500
1506 1505 1511 1517
1506 1499 1500 1492
1507 1512 1518 1525
1507 1501 1494 1487
1508 1513 1514 1519
1508 1502 1496 1495
1509 1516 1515 1522
1509 1510 1503 1504
1510 1509 1516 1515
1510 1503 1504 1497
1511 1517 1524 1523
1511 1505 1506 1499
1512 1518 1525 1532
1512 1507 1501 1494
1513 1514 1519 1520
1513 1508 1502 1496
1514 1519 1520 1526
1514 1513 1508 1502
1515 1522 1521 1529
1515 1516 1509 1510
1516 1515 1522 1521
1516 1509 1510 1503
1517 1524 1523 1531
1517 1511 1505 1506
1518 1525 1532 1540
1518 1512 1507 1501
1519 1520 1526 1527
1519 1514 1513 1508
1520 1526 1527 1533
1520 1519 1514 1513
1521 1529 1528 1537
1521 1522 1515 1516
1522 1521 1529 1528
1522 1515 1516 1509
1523 1531 1530 1539
1523 1524 1517 1511
1524 1523 1531 1530
1524 1517 1511 1505
1525 1532 1540 1547
1525 1518 1512 1507
1526 1527 1533 1534
1526 1520 1519 1514
1527 1533 1534 1535
1527 1526 1520 1519
1528 1537 1536 1544
1528 1529 1521 1522
1529 1528 1537 1536
1529 1521 1522 1515
1530 1539 1538 1546
1530 1531 1523 1524
1531 1530 1539 1538
1531 1523 1524 1517
1532 1540 1547 1554
1532 1525 1518 1512
1533 1534 1535 1541
1533 1527 1526 1520
1534 1535 1541 1542
1534 1533 1527 1526
1535 1541 1542 1548
1535 1534 1533 1527
1536 1544 1543 1552
1536 1537 1528 1529
1537 1536 1544 1543
1537 1528 1529 1521
1538 1546 1545 1553
1538 1539 1530 1531
1539 1538 1546 1545
1539 1530 1531 1523
1540 1547 1554 1556
1540 1532 1525 1518
1541 1542 1548 1549
1541 1535 1534 1533
1542 1548 1549 1550
1542 1541 1535 1534
1543 1552 1551 1550
1543 1544 1536 1537
1544 1543 1552 1551
1544 1536 1537 1528
1545 1553 1555 1558
1545 1546 1538 1539
1546 1545 1553 1555
1546 1538 1539 1530
1547 1554 1556 1559
1547 1540 1532 1525
1548 1549 1550 1551
1548 1542 1541 1535
1549 1550 1551 1552
1549 1548 1542 1541
1550 1551 1552 1543
1550 1549 1548 1542
1551 1550 1549 1548
1551 1552 1543 1544
1552 1551 1550 1549
1552 1543 1544 1536
1553 1555 1558 1557
1553 1545 1546 1538
1554 1556 1559 1562
1554 1547 1540 1532
1555 1558 1557 1561
1555 1553 1545 1546
1556 1559 1562 1565
1556 1554 1547 1540
1557 1561 1560 1564
1557 1558 1555 1553
1558 1557 1561 1560
1558 1555 1553 1545
1559 1562 1565 1566
1559 1556 1554 1547
1560 1564 1563 1568
1560 1561 1557 1558
1561 1560 1564 1563
1561 1557 1558 1555
1562 1565 1566 1569
1562 1559 1556 1554
1563 1568 1567 1570
1563 1564 1560 1561
1564 1563 1568 1567
1564 1560 1561 1557
1565 1566 1569 1571
1565 1562 1559 1556
1566 1569 1571 1574
1566 1565 1562 1559
1567 1570 1573 1572
1567 1568 1563 1564
1568 1567 1570 1573
1568 1563 1564 1560
1569 1571 1574 1577
1569 1566 1565 1562
1570 1573 1572 1576
1570 1567 1568 1563
1571 1574 1577 1580
1571 1569 1566 1565
1572 1576 1575 1579
1572 1573 1570 1567
1573 1572 1576 1575
1573 1570 1567 1568
1574 1577 1580 1583
1574 1571 1569 1566
1575 1579 1578 1582
1575 1576 1572 1573
1576 1575 1579 1578
1576 1572 1573 1570
1577 1580 1583 1586
1577 1574 1571 1569
1578 1582 1581 1585
1578 1579 1575 1576
1579 1578 1582 1581
1579 1575 1576 1572
1580 1583 1586 1588
1580 1577 1574 1571
1581 1585 1584 1587
1581 1582 1578 1579
1582 1581 1585 1584
1582 1578 1579 1575
1583 1586 1588 1591
1583 1580 1577 1574
1584 1587 1590 1589
1584 1585 1581 1582
1585 1584 1587 1590
1585 1581 1582 1578
1586 1588 1591 1594
1586 1583 1580 1577
1587 1590 1589 1593
1587 1584 1585 1581
1588 1591 1594 1597
1588 1586 1583 1580
1589 1593 1592 1596
1589 1590 1587 1584
1590 1589 1593 1592
1590 1587 1584 1585
1591 1594 1597 1600
1591 1588 1586 1583
1592 1596 1595 1599
1592 1593 1589 1590
1593 1592 1596 1595
1593 1589 1590 1587
1594 1597 1600 1603
1594 1591 1588 1586
1595 1599 1598 1602
1595 1596 1592 1593
1596 1595 1599 1598
1596 1592 1593 1589
1597 1600 1603 1605
1597 1594 1591 1588
1598 1602 1601 1604
1598 1599 1595 1596
1599 1598 1602 1601
1599 1595 1596 1592
1600 1603 1605 1608
1600 1597 1594 1591
1601 1604 1607 1606
1601 1602 1598 1599
1602 1601 1604 1607
1602 1598 1599 1595
1603 1605 1608 1611
1603 1600 1597 1594
1604 1607 1606 1610
1604 1601 1602 1598
1605 1608 1611 1614
1605 1603 1600 1597
1606 1610 1609 1613
1606 1607 1604 1601
1607 1606 1610 1609
1607 1604 1601 1602
1608 1611 1614 1617
1608 1605 1603 1600
1609 1613 1612 1616
1609 1610 1606 1607
1610 1609 1613 1612
1610 1606 1607 1604
1611 1614 1617 1620
1611 1608 1605 1603
1612 1616 1615 1619
1612 1613 1609 1610
1613 1612 1616 1615
1613 1609 1610 1606
1614 1617 1620 1622
1614 1611 1608 1605
1615 1619 1618 1621
1615 1616 1612 1613
1616 1615 1619 1618
1616 1612 1613 1609
1617 1620 1622 1625
1617 1614 1611 1608
1618 1621 1624 1623
1618 1619 1615 1616
1619 1618 1621 1624
1619 1615 1616 1612
1620 1622 1625 1628
1620 1617 1614 1611
1621 1624 1623 1627
1621 1618 1619 1615
1622 1625 1628 1631
1622 1620 1617 1614
1623 1627 1626 1630
1623 1624 1621 1618
1624 1623 1627 1626
1624 1621 1618 1619
1625 1628 1631 1634
1625 1622 1620 1617
1626 1630 1629 1633
1626 1627 1623 1624
1627 1626 1630 1629
1627 1623 1624 1621
1628 1631 1634 1636
1628 1625 1622 1620
1629 1633 1632 1635
1629 1630 1626 1627
1630 1629 1633 1632
1630 1626 1627 1623
1631 1634 1636 1638
1631 1628 1625 1622
1632 1635 1637 1640
1632 1633 1629 1630
1633 1632 1635 1637
1633 1629 1630 1626
1634 1636 1638 1641
1634 1631 1628 1625
1635 1637 1640 1639
1635 1632 1633 1629
1636 1638 1641 1642
1636 1634 1631 1628
1637 1640 1639 1644
1637 1635 1632 1633
1638 1641 1642 1645
1638 1636 1634 1631
1639 1644 1643 1647
1639 1640 1637 1635
1640 1639 1644 1643
1640 1637 1635 1632
1641 1642 1645 1648
1641 1638 1636 1634
1642 1645 1648 1651
1642 1641 1638 1636
1643 1647 1646 1650
1643 1644 1639 1640
1644 1643 1647 1646
1644 1639 1640 1637
1645 1648 1651 1653
1645 1642 1641 1638
1646 1650 1649 1652
1646 1647 1643 1644
1647 1646 1650 1649
1647 1643 1644 1639
1648 1651 1653 1655
1648 1645 1642 1641
1649 1652 1654 1657
1649 1650 1646 1647
1650 1649 1652 1654
1650 1646 1647 1643
1651 1653 1655 1658
1651 1648 1645 1642
1652 1654 1657 1656
1652 1649 1650 1646
1653 1655 1658 1661
1653 1651 1648 1645
1654 1657 1656 1660
1654 1652 1649 1650
1655 1658 1661 1664
1655 1653 1651 1648
1656 1660 1659 1663
1656 1657 1654 1652
1657 1656 1660 1659
1657 1654 1652 1649
1658 1661 1664 1665
1658 1655 1653 1651
1659 1663 1662 1667
1659 1660 1656 1657
1660 1659 1663 1662
1660 1656 1657 1654
1661 1664 1665 1668
1661 1658 1655 1653
1662 1667 1666 1669
1662 1663 1659 1660
1663 1662 1667 1666
1663 1659 1660 1656
1664 1665 1668 1670
1664 1661 1658 1655
1665 1668 1670 1672
1665 1664 1661 1658
1666 1669 1671 1674
1666 1667 1662 1663
1667 1666 1669 1671
1667 1662 1663 1659
1668 1670 1672 1675
1668 1665 1664 1661
1669 1671 1674 1673
1669 1666 1667 1662
1670 1672 1675 1678
1670 1668 1665 1664
1671 1674 1673 1677
1671 1669 1666 1667
1672 1675 1678 1681
1672 1670 1668 1665
1673 1677 1676 1680
1673 1674 1671 1669
1674 1673 1677 1676
1674 1671 1669 1666
1675 1678 1681 1684
1675 1672 1670 1668
1676 1680 1679 1683
1676 1677 1673 1674
1677 1676 1680 1679
1677 1673 1674 1671
1678 1681 1684 1686
1678 1675 1672 1670
1679 1683 1682 1685
1679 1680 1676 1677
1680 1679 1683 1682
1680 1676 1677 1673
1681 1684 1686 1687
1681 1678 1675 1672
1682 1685 1688 1691
1682 1683 1679 1680
1683 1682 1685 1688
1683 1679 1680 1676
1684 1686 1687 1689
1684 1681 1678 1675
1685 1688 1691 1690
1685 1682 1683 1679
1686 1687 1689 1692
1686 1684 1681 1678
1687 1689 1692 1695
1687 1686 1684 1681
1688 1691 1690 1694
1688 1685 1682 1683
1689 1692 1695 1698
1689 1687 1686 1684
1690 1694 1693 1697
1690 1691 1688 1685
1691 1690 1694 1693
1691 1688 1685 1682
1692 1695 1698 1701
1692 1689 1687 1686
1693 1697 1696 1700
1693 1694 1690 1691
1694 1693 1697 1696
1694 1690 1691 1688
1695 1698 1701 1702
1695 1692 1689 1687
1696 1700 1699 1703
1696 1697 1693 1694
1697 1696 1700 1699
1697 1693 1694 1690
1698 1701 1702 1704
1698 1695 1692 1689
1699 1703 1705 1708
1699 1700 1696 1697
1700 1699 1703 1705
1700 1696 1697 1693
1701 1702 1704 1706
1701 1698 1695 1692
1702 1704 1706 1709
1702 1701 1698 1695
1703 1705 1708 1707
1703 1699 1700 1696
1704 1706 1709 1712
1704 1702 1701 1698
1705 1708 1707 1711
1705 1703 1699 1700
1706 1709 1712 1715
1706 1704 1702 1701
1707 1711 1710 1714
1707 1708 1705 1703
1708 1707 1711 1710
1708 1705 1703 1699
1709 1712 1715 1716
1709 1706 1704 1702
1710 1714 1713 1718
1710 1711 1707 1708
1711 1710 1714 1713
1711 1707 1708 1705
1712 1715 1716 1719
1712 1709 1706 1704
1713 1718 1717 1720
1713 1714 1710 1711
1714 1713 1718 1717
1714 1710 1711 1707
1715 1716 1719 1721
1715 1712 1709 1706
1716 1719 1721 1724
1716 1715 1712 1709
1717 1720 1723 1722
1717 1718 1713 1714
1718 1717 1720 1723
1718 1713 1714 1710
1719 1721 1724 1727
1719 1716 1715 1712
1720 1723 1722 1726
1720 1717 1718 1713
1721 1724 1727 1730
1721 1719 1716 1715
1722 1726 1725 1729
1722 1723 1720 1717
1723 1722 1726 1725
1723 1720 1717 1718
1724 1727 1730 1733
1724 1721 1719 1716
1725 1729 1728 1732
1725 1726 1722 1723
1726 1725 1729 1728
1726 1722 1723 1720
1727 1730 1733 1736
1727 1724 1721 1719
1728 1732 1731 1735
1728 1729 1725 1726
1729 1728 1732 1731
1729 1725 1726 1722
1730 1733 1736 1737
1730 1727 1724 1721
1731 1735 1734 1738
1731 1732 1728 1729
1732 1731 1735 1734
1732 1728 1729 1725
1733 1736 1737 1739
1733 1730 1727 1724
1734 1738 1741 1740
1734 1735 1731 1732
1735 1734 1738 1741
1735 1731 1732 1728
1736 1737 1739 1742
1736 1733 1730 1727
1737 1739 1742 1743
1737 1736 1733 1730
1738 1741 1740 1745
1738 1734 1735 1731
1739 1742 1743 1746
1739 1737 1736 1733
1740 1745 1744 1749
1740 1741 1738 1734
1741 1740 1745 1744
1741 1738 1734 1735
1742 1743 1746 1747
1742 1739 1737 1736
1743 1746 1747 1750
1743 1742 1739 1737
1744 1749 1748 1753
1744 1745 1740 1741
1745 1744 1749 1748
1745 1740 1741 1738
1746 1747 1750 1751
1746 1743 1742 1739
1747 1750 1751 1754
1747 1746 1743 1742
1748 1753 1752 1758
1748 1749 1744 1745
1749 1748 1753 1752
1749 1744 1745 1740
1750 1751 1754 1755
1750 1747 1746 1743
1751 1754 1755 1756
1751 1750 1747 1746
1752 1758 1757 1762
1752 1753 1748 1749
1753 1752 1758 1757
1753 1748 1749 1744
1754 1755 1756 1759
1754 1751 1750 1747
1755 1756 1759 1760
1755 1754 1751 1750
1756 1759 1760 1761
1756 1755 1754 1751
1757 1762 1767 1766
1757 1758 1752 1753
1758 1757 1762 1767
1758 1752 1753 1748
1759 1760 1761 1763
1759 1756 1755 1754
1760 1761 1763 1764
1760 1759 1756 1755
1761 1763 1764 1765
1761 1760 1759 1756
1762 1767 1766 1772
1762 1757 1758 1752
1763 1764 1765 1768
1763 1761 1760 1759
1764 1765 1768 1769
1764 1763 1761 1760
1765 1768 1769 1770
1765 1764 1763 1761
1766 1772 1771 1777
1766 1767 1762 1757
1767 1766 1772 1771
1767 1762 1757 1758
1768 1769 1770 1773
1768 1765 1764 1763
1769 1770 1773 1774
1769 1768 1765 1764
1770 1773 1774 1775
1770 1769 1768 1765
1771 1777 1776 1781
1771 1772 1766 1767
1772 1771 1777 1776
1772 1766 1767 1762
1773 1774 1775 1778
1773 1770 1769 1768
1774 1775 1778 1779
1774 1773 1770 1769
1775 1778 1779 1782
1775 1774 1773 1770
1776 1781 1780 1786
1776 1777 1771 1772
1777 1776 1781 1780
1777 1771 1772 1766
1778 1779 1782 1783
1778 1775 1774 1773
1779 1782 1783 1784
1779 1778 1775 1774
1780 1786 1785 1790
1780 1781 1776 1777
1781 1780 1786 1785
1781 1776 1777 1771
1782 1783 1784 1787
1782 1779 1778 1775
1783 1784 1787 1788
1783 1782 1779 1778
1784 1787 1788 1789
1784 1783 1782 1779
1785 1790 1795 1794
1785 1786 1780 1781
1786 1785 1790 1795
1786 1780 1781 1776
1787 1788 1789 1791
1787 1784 1783 1782
1788 1789 1791 1792
1788 1787 1784 1783
1789 1791 1792 1793
1789 1788 1787 1784
1790 1795 1794 1800
1790 1785 1786 1780
1791 1792 1793 1796
1791 1789 1788 1787
1792 1793 1796 1797
1792 1791 1789 1788
1793 1796 1797 1798
1793 1792 1791 1789
1794 1800 1799 1805
1794 1795 1790 1785
1795 1794 1800 1799
1795 1790 1785 1786
1796 1797 1798 1801
1796 1793 1792 1791
1797 1798 1801 1802
1797 1796 1793 1792
1798 1801 1802 1803
1798 1797 1796 1793
1799 1805 1804 1810
1799 1800 1794 1795
1800 1799 1805 1804
1800 1794 1795 1790
1801 1802 1803 1806
1801 1798 1797 1796
1802 1803 1806 1807
1802 1801 1798 1797
1803 1806 1807 1808
1803 1802 1801 1798
1804 1810 1809 1813
1804 1805 1799 1800
1805 1804 1810 1809
1805 1799 1800 1794
1806 1807 1808 1811
1806 1803 1802 1801
1807 1808 1811 1812
1807 1806 1803 1802
1808 1811 1812 1814
1808 1807 1806 1803
1809 1813 1816 1821
1809 1810 1804 1805
1810 1809 1813 1816
1810 1804 1805 1799
1811 1812 1814 1815
1811 1808 1807 1806
1812 1814 1815 1817
1812 1811 1808 1807
1813 1816 1821 1820
1813 1809 1810 1804
1814 1815 1817 1818
1814 1812 1811 1808
1815 1817 1818 1819
1815 1814 1812 1811
1816 1821 1820 1826
1816 1813 1809 1810
1817 1818 1819 1822
1817 1815 1814 1812
1818 1819 1822 1823
1818 1817 1815 1814
1819 1822 1823 1824
1819 1818 1817 1815
1820 1826 1825 1831
1820 1821 1816 1813
1821 1820 1826 1825
1821 1816 1813 1809
1822 1823 1824 1827
1822 1819 1818 1817
1823 1824 1827 1828
1823 1822 1819 1818
1824 1827 1828 1829
1824 1823 1822 1819
1825 1831 1830 1835
1825 1826 1820 1821
1826 1825 1831 1830
1826 1820 1821 1816
1827 1828 1829 1832
1827 1824 1823 1822
1828 1829 1832 1833
1828 1827 1824 1823
1829 1832 1833 1836
1829 1828 1827 1824
1830 1835 1834 1839
1830 1831 1825 1826
1831 1830 1835 1834
1831 1825 1826 1820
1832 1833 1836 1837
1832 1829 1828 1827
1833 1836 1837 1838
1833 1832 1829 1828
1834 1839 1843 1847
1834 1835 1830 1831
1835 1834 1839 1843
1835 1830 1831 1825
1836 1837 1838 1840
1836 1833 1832 1829
1837 1838 1840 1841
1837 1836 1833 1832
1838 1840 1841 1842
1838 1837 1836 1833
1839 1843 1847 1846
1839 1834 1835 1830
1840 1841 1842 1844
1840 1838 1837 1836
1841 1842 1844 1845
1841 1840 1838 1837
1842 1844 1845 1848
1842 1841 1840 1838
1843 1847 1846 1852
1843 1839 1834 1835
1844 1845 1848 1849
1844 1842 1841 1840
1845 1848 1849 1850
1845 1844 1842 1841
1846 1852 1851 1857
1846 1847 1843 1839
1847 1846 1852 1851
1847 1843 1839 1834
1848 1849 1850 1853
1848 1845 1844 1842
1849 1850 1853 1854
1849 1848 1845 1844
1850 1853 1854 1855
1850 1849 1848 1845
1851 1857 1856 1862
1851 1852 1846 1847
1852 1851 1857 1856
1852 1846 1847 1843
1853 1854 1855 1858
1853 1850 1849 1848
1854 1855 1858 1859
1854 1853 1850 1849
1855 1858 1859 1860
1855 1854 1853 1850
1856 1862 1861 1866
1856 1857 1851 1852
1857 1856 1862 1861
1857 1851 1852 1846
1858 1859 1860 1863
1858 1855 1854 1853
1859 1860 1863 1864
1859 1858 1855 1854
1860 1863 1864 1865
1860 1859 1858 1855
1861 1866 1870 1875
1861 1862 1856 1857
1862 1861 1866 1870
1862 1856 1857 1851
1863 1864 1865 1867
1863 1860 1859 1858
1864 1865 1867 1868
1864 1863 1860 1859
1865 1867 1868 1869
1865 1864 1863 1860
1866 1870 1875 1874
1866 1861 1862 1856
1867 1868 1869 1871
1867 1865 1864 1863
1868 1869 1871 1872
1868 1867 1865 1864
1869 1871 1872 1873
1869 1868 1867 1865
1870 1875 1874 1880
1870 1866 1861 1862
1871 1872 1873 1876
1871 1869 1868 1867
1872 1873 1876 1877
1872 1871 1869 1868
1873 1876 1877 1878
1873 1872 1871 1869
1874 1880 1879 1885
1874 1875 1870 1866
1875 1874 1880 1879
1875 1870 1866 1861
1876 1877 1878 1881
1876 1873 1872 1871
1877 1878 1881 1882
1877 1876 1873 1872
1878 1881 1882 1883
1878 1877 1876 1873
1879 1885 1884 1890
1879 1880 1874 1875
1880 1879 1885 1884
1880 1874 1875 1870
1881 1882 1883 1886
1881 1878 1877 1876
1882 1883 1886 1887
1882 1881 1878 1877
1883 1886 1887 1888
1883 1882 1881 1878
1884 1890 1889 1895
1884 1885 1879 1880
1885 1884 1890 1889
1885 1879 1880 1874
1886 1887 1888 1891
1886 1883 1882 1881
1887 1888 1891 1892
1887 1886 1883 1882
1888 1891 1892 1893
1888 1887 1886 1883
1889 1895 1899 1904
1889 1890 1884 1885
1890 1889 1895 1899
1890 1884 1885 1879
1891 1892 1893 1894
1891 1888 1887 1886
1892 1893 1894 1896
1892 1891 1888 1887
1893 1894 1896 1897
1893 1892 1891 1888
1894 1896 1897 1898
1894 1893 1892 1891
1895 1899 1904 1903
1895 1889 1890 1884
1896 1897 1898 1900
1896 1894 1893 1892
1897 1898 1900 1901
1897 1896 1894 1893
1898 1900 1901 1902
1898 1897 1896 1894
1899 1904 1903 1910
1899 1895 1889 1890
1900 1901 1902 1905
1900 1898 1897 1896
1901 1902 1905 1906
1901 1900 1898 1897
1902 1905 1906 1907
1902 1901 1900 1898
1903 1910 1909 1915
1903 1904 1899 1895
1904 1903 1910 1909
1904 1899 1895 1889
1905 1906 1907 1908
1905 1902 1901 1900
1906 1907 1908 1911
1906 1905 1902 1901
1907 1908 1911 1912
1907 1906 1905 1902
1908 1911 1912 1913
1908 1907 1906 1905
1909 1915 1914 1920
1909 1910 1903 1904
1910 1909 1915 1914
1910 1903 1904 1899
1911 1912 1913 1916
1911 1908 1907 1906
1912 1913 1916 1917
1912 1911 1908 1907
1913 1916 1917 1918
1913 1912 1911 1908
1914 1920 1919 1924
1914 1915 1909 1910
1915 1914 1920 1919
1915 1909 1910 1903
1916 1917 1918 1921
1916 1913 1912 1911
1917 1918 1921 1922
1917 1916 1913 1912
1918 1921 1922 1923
1918 1917 1916 1913
1919 1924 1929 1928
1919 1920 1914 1915
1920 1919 1924 1929
1920 1914 1915 1909
1921 1922 1923 1925
1921 1918 1917 1916
1922 1923 1925 1926
1922 1921 1918 1917
1923 1925 1926 1927
1923 1922 1921 1918
1924 1929 1928 1934
1924 1919 1920 1914
1925 1926 1927 1930
1925 1923 1922 1921
1926 1927 1930 1931
1926 1925 1923 1922
1927 1930 1931 1932
1927 1926 1925 1923
1928 1934 1933 1939
1928 1929 1924 1919
1929 1928 1934 1933
1929 1924 1919 1920
1930 1931 1932 1935
1930 1927 1926 1925
1931 1932 1935 1936
1931 1930 1927 1926
1932 1935 1936 1937
1932 1931 1930 1927
1933 1939 1938 1944
1933 1934 1928 1929
1934 1933 1939 1938
1934 1928 1929 1924
1935 1936 1937 1940
1935 1932 1931 1930
1936 1937 1940 1941
1936 1935 1932 1931
1937 1940 1941 1942
1937 1936 1935 1932
1938 1944 1943 1949
1938 1939 1933 1934
1939 1938 1944 1943
1939 1933 1934 1928
1940 1941 1942 1945
1940 1937 1936 1935
1941 1942 1945 1946
1941 1940 1937 1936
1942 1945 1946 1947
1942 1941 1940 1937
1943 1949 1948 1954
1943 1944 1938 1939
1944 1943 1949 1948
1944 1938 1939 1933
1945 1946 1947 1950
1945 1942 1941 1940
1946 1947 1950 1951
1946 1945 1942 1941
1947 1950 1951 1952
1947 1946 1945 1942
1948 1954 1960 1959
1948 1949 1943 1944
1949 1948 1954 1960
1949 1943 1944 1938
1950 1951 1952 1953
1950 1947 1946 1945
1951 1952 1953 1955
1951 1950 1947 1946
1952 1953 1955 1956
1952 1951 1950 1947
1953 1955 1956 1957
1953 1952 1951 1950
1954 1960 1959 1966
1954 1948 1949 1943
1955 1956 1957 1958
1955 1953 1952 1951
1956 1957 1958 1961
1956 1955 1953 1952
1957 1958 1961 1962
1957 1956 1955 1953
1958 1961 1962 1963
1958 1957 1956 1955
1959 1966 1965 1971
1959 1960 1954 1948
1960 1959 1966 1965
1960 1954 1948 1949
1961 1962 1963 1964
1961 1958 1957 1956
1962 1963 1964 1967
1962 1961 1958 1957
1963 1964 1967 1968
1963 1962 1961 1958
1964 1967 1968 1969
1964 1963 1962 1961
1965 1971 1970 1977
1965 1966 1959 1960
1966 1965 1971 1970
1966 1959 1960 1954
1967 1968 1969 1972
1967 1964 1963 1962
1968 1969 1972 1973
1968 1967 1964 1963
1969 1972 1973 1974
1969 1968 1967 1964
1970 1977 1976 1982
1970 1971 1965 1966
1971 1970 1977 1976
1971 1965 1966 1959
1972 1973 1974 1975
1972 1969 1968 1967
1973 1974 1975 1978
1973 1972 1969 1968
1974 1975 1978 1979
1974 1973 1972 1969
1975 1978 1979 1980
1975 1974 1973 1972
1976 1982 1981 1987
1976 1977 1970 1971
1977 1976 1982 1981
1977 1970 1971 1965
1978 1979 1980 1983
1978 1975 1974 1973
1979 1980 1983 1984
1979 1978 1975 1974
1980 1983 1984 1985
1980 1979 1978 1975
1981 1987 1992 1991
1981 1982 1976 1977
1982 1981 1987 1992
1982 1976 1977 1970
1983 1984 1985 1986
1983 1980 1979 1978
1984 1985 1986 1988
1984 1983 1980 1979
1985 1986 1988 1989
1985 1984 1983 1980
1986 1988 1989 1990
1986 1985 1984 1983
1987 1992 1991 1998
1987 1981 1982 1976
1988 1989 1990 1993
1988 1986 1985 1984
1989 1990 1993 1994
1989 1988 1986 1985
1990 1993 1994 1995
1990 1989 1988 1986
1991 1998 1997 2004
1991 1992 1987 1981
1992 1991 1998 1997
1992 1987 1981 1982
1993 1994 1995 1996
1993 1990 1989 1988
1994 1995 1996 1999
1994 1993 1990 1989
1995 1996 1999 2000
1995 1994 1993 1990
1996 1999 2000 2001
1996 1995 1994 1993
1997 2004 2003 2010
1997 1998 1991 1992
1998 1997 2004 2003
1998 1991 1992 1987
1999 2000 2001 2002
1999 1996 1995 1994
2000 2001 2002 2005
2000 1999 1996 1995
2001 2002 2005 2006
2001 2000 1999 1996
2002 2005 2006 2007
2002 2001 2000 1999
2003 2010 2009 2016
2003 2004 1997 1998
2004 2003 2010 2009
2004 1997 1998 1991
2005 2006 2007 2008
2005 2002 2001 2000
2006 2007 2008 2011
2006 2005 2002 2001
2007 2008 2011 2012
2007 2006 2005 2002
2008 2011 2012 2013
2008 2007 2006 2005
2009 2016 2015 2021
2009 2010 2003 2004
2010 2009 2016 2015
2010 2003 2004 1997
2011 2012 2013 2014
2011 2008 2007 2006
2012 2013 2014 2017
2012 2011 2008 2007
2013 2014 2017 2018
2013 2012 2011 2008
2014 2017 2018 2019
2014 2013 2012 2011
2015 2021 2026 2025
2015 2016 2009 2010
2016 2015 2021 2026
2016 2009 2010 2003
2017 2018 2019 2020
2017 2014 2013 2012
2018 2019 2020 2022
2018 2017 2014 2013
2019 2020 2022 2023
2019 2018 2017 2014
2020 2022 2023 2024
2020 2019 2018 2017
2021 2026 2025 2031
2021 2015 2016 2009
2022 2023 2024 2027
2022 2020 2019 2018
2023 2024 2027 2028
2023 2022 2020 2019
2024 2027 2028 2029
2024 2023 2022 2020
2025 2031 2030 2036
2025 2026 2021 2015
2026 2025 2031 2030
2026 2021 2015 2016
2027 2028 2029 2032
2027 2024 2023 2022
2028 2029 2032 2033
2028 2027 2024 2023
2029 2032 2033 2034
2029 2028 2027 2024
2030 2036 2035 2042
2030 2031 2025 2026
2031 2030 2036 2035
2031 2025 2026 2021
2032 2033 2034 2037
2032 2029 2028 2027
2033 2034 2037 2038
2033 2032 2029 2028
2034 2037 2038 2039
2034 2033 2032 2029
2035 2042 2041 2048
2035 2036 2030 2031
2036 2035 2042 2041
2036 2030 2031 2025
2037 2038 2039 2040
2037 2034 2033 2032
2038 2039 2040 2043
2038 2037 2034 2033
2039 2040 2043 2044
2039 2038 2037 2034
2040 2043 2044 2045
2040 2039 2038 2037
2041 2048 2047 2053
2041 2042 2035 2036
2042 2041 2048 2047
2042 2035 2036 2030
2043 2044 2045 2046
2043 2040 2039 2038
2044 2045 2046 2049
2044 2043 2040 2039
2045 2046 2049 2050
2045 2044 2043 2040
2046 2049 2050 2051
2046 2045 2044 2043
2047 2053 2058 2057
2047 2048 2041 2042
2048 2047 2053 2058
2048 2041 2042 2035
2049 2050 2051 2052
2049 2046 2045 2044
2050 2051 2052 2054
2050 2049 2046 2045
2051 2052 2054 2055
2051 2050 2049 2046
2052 2054 2055 2056
2052 2051 2050 2049
2053 2058 2057 2063
2053 2047 2048 2041
2054 2055 2056 2059
2054 2052 2051 2050
2055 2056 2059 2060
2055 2054 2052 2051
2056 2059 2060 2061
2056 2055 2054 2052
2057 2063 2062 2069
2057 2058 2053 2047
2058 2057 2063 2062
2058 2053 2047 2048
2059 2060 2061 2064
2059 2056 2055 2054
2060 2061 2064 2065
2060 2059 2056 2055
2061 2064 2065 2066
2061 2060 2059 2056
2062 2069 2068 2075
2062 2063 2057 2058
2063 2062 2069 2068
2063 2057 2058 2053
2064 2065 2066 2067
2064 2061 2060 2059
2065 2066 2067 2070
2065 2064 2061 2060
2066 2067 2070 2071
2066 2065 2064 2061
2067 2070 2071 2072
2067 2066 2065 2064
2068 2075 2074 2079
2068 2069 2062 2063
2069 2068 2075 2074
2069 2062 2063 2057
2070 2071 2072 2073
2070 2067 2066 2065
2071 2072 2073 2076
2071 2070 2067 2066
2072 2073 2076 2077
2072 2071 2070 2067
2073 2076 2077 2078
2073 2072 2071 2070
2074 2079 2083 2089
2074 2075 2068 2069
2075 2074 2079 2083
2075 2068 2069 2062
2076 2077 2078 2080
2076 2073 2072 2071
2077 2078 2080 2081
2077 2076 2073 2072
2078 2080 2081 2082
2078 2077 2076 2073
2079 2083 2089 2088
2079 2074 2075 2068
2080 2081 2082 2084
2080 2078 2077 2076
2081 2082 2084 2085
2081 2080 2078 2077
2082 2084 2085 2086
2082 2081 2080 2078
2083 2089 2088 2097
2083 2079 2074 2075
2084 2085 2086 2087
2084 2082 2081 2080
2085 2086 2087 2090
2085 2084 2082 2081
2086 2087 2090 2091
2086 2085 2084 2082
2087 2090 2091 2092
2087 2086 2085 2084
2088 2097 2096 2106
2088 2089 2083 2079
2089 2088 2097 2096
2089 2083 2079 2074
2090 2091 2092 2093
2090 2087 2086 2085
2091 2092 2093 2094
2091 2090 2087 2086
2092 2093 2094 2095
2092 2091 2090 2087
2093 2094 2095 2098
2093 2092 2091 2090
2094 2095 2098 2099
2094 2093 2092 2091
2095 2098 2099 2100
2095 2094 2093 2092
2096 2106 2105 2117
2096 2097 2088 2089
2097 2096 2106 2105
2097 2088 2089 2083
2098 2099 2100 2101
2098 2095 2094 2093
2099 2100 2101 2102
2099 2098 2095 2094
2100 2101 2102 2103
2100 2099 2098 2095
2101 2102 2103 2104
2101 2100 2099 2098
2102 2103 2104 2107
2102 2101 2100 2099
2103 2104 2107 2108
2103 2102 2101 2100
2104 2107 2108 2109
2104 2103 2102 2101
2105 2117 2116 2124
2105 2106 2096 2097
2106 2105 2117 2116
2106 2096 2097 2088
2107 2108 2109 2110
2107 2104 2103 2102
2108 2109 2110 2111
2108 2107 2104 2103
2109 2110 2111 2112
2109 2108 2107 2104
2110 2111 2112 2113
2110 2109 2108 2107
2111 2112 2113 2114
2111 2110 2109 2108
2112 2113 2114 2115
2112 2111 2110 2109
2113 2114 2115 2118
2113 2112 2111 2110
2114 2115 2118 2119
2114 2113 2112 2111
2115 2118 2119 2120
2115 2114 2113 2112
2116 2124 2134 2143
2116 2117 2105 2106
2117 2116 2124 2134
2117 2105 2106 2096
2118 2119 2120 2121
2118 2115 2114 2113
2119 2120 2121 2122
2119 2118 2115 2114
2120 2121 2122 2123
2120 2119 2118 2115
2121 2122 2123 2125
2121 2120 2119 2118
2122 2123 2125 2126
2122 2121 2120 2119
2123 2125 2126 2127
2123 2122 2121 2120
2124 2134 2143 2142
2124 2116 2117 2105
2125 2126 2127 2128
2125 2123 2122 2121
2126 2127 2128 2129
2126 2125 2123 2122
2127 2128 2129 2130
2127 2126 2125 2123
2128 2129 2130 2131
2128 2127 2126 2125
2129 2130 2131 2132
2129 2128 2127 2126
2130 2131 2132 2133
2130 2129 2128 2127
2131 2132 2133 2135
2131 2130 2129 2128
2132 2133 2135 2136
2132 2131 2130 2129
2133 2135 2136 2137
2133 2132 2131 2130
2134 2143 2142 2155
2134 2124 2116 2117
2135 2136 2137 2138
2135 2133 2132 2131
2136 2137 2138 2139
2136 2135 2133 2132
2137 2138 2139 2140
2137 2136 2135 2133
2138 2139 2140 2141
2138 2137 2136 2135
2139 2140 2141 2144
2139 2138 2137 2136
2140 2141 2144 2145
2140 2139 2138 2137
2141 2144 2145 2146
2141 2140 2139 2138
2142 2155 2154 2164
2142 2143 2134 2124
2143 2142 2155 2154
2143 2134 2124 2116
2144 2145 2146 2147
2144 2141 2140 2139
2145 2146 2147 2148
2145 2144 2141 2140
2146 2147 2148 2149
2146 2145 2144 2141
2147 2148 2149 2150
2147 2146 2145 2144
2148 2149 2150 2151
2148 2147 2146 2145
2149 2150 2151 2152
2149 2148 2147 2146
2150 2151 2152 2153
2150 2149 2148 2147
2151 2152 2153 2156
2151 2150 2149 2148
2152 2153 2156 2157
2152 2151 2150 2149
2153 2156 2157 2158
2153 2152 2151 2150
2154 2164 2163 2172
2154 2155 2142 2143
2155 2154 2164 2163
2155 2142 2143 2134
2156 2157 2158 2159
2156 2153 2152 2151
2157 2158 2159 2160
2157 2156 2153 2152
2158 2159 2160 2161
2158 2157 2156 2153
2159 2160 2161 2162
2159 2158 2157 2156
2160 2161 2162 2165
2160 2159 2158 2157
2161 2162 2165 2166
2161 2160 2159 2158
2162 2165 2166 2167
2162 2161 2160 2159
2163 2172 2171 2170
2163 2164 2154 2155
2164 2163 2172 2171
2164 2154 2155 2142
2165 2166 2167 2168
2165 2162 2161 2160
2166 2167 2168 2169
2166 2165 2162 2161
2167 2168 2169 2170
2167 2166 2165 2162
2168 2169 2170 2171
2168 2167 2166 2165
2169 2170 2171 2172
2169 2168 2167 2166
2170 2169 2168 2167
2170 2171 2172 2163
2171 2170 2169 2168
2171 2172 2163 2164
2172 2171 2170 2169
2172 2163 2164 2154
