0 44 43 42
0 1 2 3
1 0 44 43
1 2 3 4
2 1 0 44
2 3 4 5
3 2 1 0
3 4 5 6
4 3 2 1
4 5 6 7
5 4 3 2
5 6 7 8
6 5 4 3
6 7 8 9
7 6 5 4
7 8 9 10
8 7 6 5
8 9 10 11
9 8 7 6
9 10 11 12
10 9 8 7
10 11 12 13
11 10 9 8
11 12 13 14
12 11 10 9
12 13 14 15
13 12 11 10
13 14 15 16
14 13 12 11
14 15 16 17
15 14 13 12
15 16 17 18
16 15 14 13
16 17 18 19
17 16 15 14
17 18 19 20
18 17 16 15
18 19 20 21
19 18 17 16
19 20 21 22
20 19 18 17
20 21 22 23
21 20 19 18
21 22 23 24
22 23 24 25
22 21 20 19
23 24 25 26
23 22 21 20
24 25 26 45
24 23 22 21
25 26 45 46
25 24 23 22
26 45 46 70
26 25 24 23
27 69 68 67
27 28 29 30
28 27 69 68
28 29 30 31
29 28 27 69
29 30 31 32
30 29 28 27
30 31 32 33
31 30 29 28
31 32 33 34
32 31 30 29
32 33 34 35
33 32 31 30
33 34 35 36
34 33 32 31
34 35 36 37
35 34 33 32
35 36 37 38
36 35 34 33
36 37 38 39
37 36 35 34
37 38 39 40
38 37 36 35
38 39 40 41
39 38 37 36
39 40 41 42
40 39 38 37
40 41 42 43
41 40 39 38
41 42 43 44
42 41 40 39
42 43 44 0
43 42 41 40
43 44 0 1
44 43 42 41
44 0 1 2
45 46 70 90
45 26 25 24
46 70 90 115
46 45 26 25
47 89 88 87
47 48 49 50
48 47 89 88
48 49 50 51
49 48 47 89
49 50 51 52
50 49 48 47
50 51 52 53
51 50 49 48
51 52 53 54
52 51 50 49
52 53 54 55
53 52 51 50
53 54 55 56
54 53 52 51
54 55 56 57
55 54 53 52
55 56 57 58
56 55 54 53
56 57 58 59
57 56 55 54
57 58 59 60
58 57 56 55
58 59 60 61
59 58 57 56
59 60 61 62
60 59 58 57
60 61 62 63
61 60 59 58
61 62 63 64
62 61 60 59
62 63 64 65
63 62 61 60
63 64 65 66
64 63 62 61
64 65 66 67
65 64 63 62
65 66 67 68
66 65 64 63
66 67 68 69
67 66 65 64
67 68 69 27
68 67 66 65
68 69 27 28
69 68 67 66
69 27 28 29
70 90 115 116
70 46 45 26
71 114 113 112
71 72 73 74
72 71 114 113
72 73 74 75
73 72 71 114
73 74 75 76
74 73 72 71
74 75 76 77
75 74 73 72
75 76 77 78
76 75 74 73
76 77 78 79
77 76 75 74
77 78 79 80
78 77 76 75
78 79 80 81
79 78 77 76
79 80 81 82
80 79 78 77
80 81 82 83
81 80 79 78
81 82 83 84
82 81 80 79
82 83 84 85
83 82 81 80
83 84 85 86
84 83 82 81
84 85 86 87
85 84 83 82
85 86 87 88
86 85 84 83
86 87 88 89
87 86 85 84
87 88 89 47
88 87 86 85
88 89 47 48
89 88 87 86
89 47 48 49
90 115 116 128
90 70 46 45
91 127 126 125
91 92 93 94
92 91 127 126
92 93 94 95
93 92 91 127
93 94 95 96
94 93 92 91
94 95 96 97
95 94 93 92
95 96 97 98
96 95 94 93
96 97 98 99
97 96 95 94
97 98 99 100
98 97 96 95
98 99 100 101
99 98 97 96
99 100 101 102
100 99 98 97
100 101 102 103
101 100 99 98
101 102 103 104
102 101 100 99
102 103 104 105
103 102 101 100
103 104 105 106
104 103 102 101
104 105 106 107
105 104 103 102
105 106 107 108
106 105 104 103
106 107 108 109
107 106 105 104
107 108 109 110
108 107 106 105
108 109 110 111
109 108 107 106
109 110 111 112
110 109 108 107
110 111 112 113
111 110 109 108
111 112 113 114
112 111 110 109
112 113 114 71
113 112 111 110
113 114 71 72
114 113 112 111
114 71 72 73
115 116 128 132
115 90 70 46
116 128 132 133
116 115 90 70
117 131 130 129
117 118 119 120
118 117 131 130
118 119 120 121
119 118 117 131
119 120 121 122
120 119 118 117
120 121 122 123
121 120 119 118
121 122 123 124
122 121 120 119
122 123 124 125
123 122 121 120
123 124 125 126
124 123 122 121
124 125 126 127
125 124 123 122
125 126 127 91
126 125 124 123
126 127 91 92
127 126 125 124
127 91 92 93
128 132 133 137
128 116 115 90
129 136 135 134
129 130 131 117
130 129 136 135
130 131 117 118
131 130 129 136
131 117 118 119
132 133 137 140
132 128 116 115
133 137 140 141
133 132 128 116
134 139 138 143
134 135 136 129
135 134 139 138
135 136 129 130
136 135 134 139
136 129 130 131
137 140 141 144
137 133 132 128
138 143 142 146
138 139 134 135
139 138 143 142
139 134 135 136
140 141 144 147
140 137 133 132
141 144 147 148
141 140 137 133
142 146 145 151
142 143 138 139
143 142 146 145
143 138 139 134
144 147 148 152
144 141 140 137
145 151 150 149
145 146 142 143
146 145 151 150
146 142 143 138
147 148 152 155
147 144 141 140
148 152 155 159
148 147 144 141
149 154 153 158
149 150 151 145
150 149 154 153
150 151 145 146
151 150 149 154
151 145 146 142
152 155 159 162
152 148 147 144
153 158 157 156
153 154 149 150
154 153 158 157
154 149 150 151
155 159 162 166
155 152 148 147
156 161 160 165
156 157 158 153
157 156 161 160
157 158 153 154
158 157 156 161
158 153 154 149
159 162 166 169
159 155 152 148
160 165 164 163
160 161 156 157
161 160 165 164
161 156 157 158
162 166 169 172
162 159 155 152
163 168 167 171
163 164 165 160
164 163 168 167
164 165 160 161
165 164 163 168
165 160 161 156
166 169 172 173
166 162 159 155
167 171 170 175
167 168 163 164
168 167 171 170
168 163 164 165
169 172 173 176
169 166 162 159
170 175 174 178
170 171 167 168
171 170 175 174
171 167 168 163
172 173 176 179
172 169 166 162
173 176 179 180
173 172 169 166
174 178 177 183
174 175 170 171
175 174 178 177
175 170 171 167
176 179 180 184
176 173 172 169
177 183 182 181
177 178 174 175
178 177 183 182
178 174 175 170
179 180 184 187
179 176 173 172
180 184 187 188
180 179 176 173
181 186 185 190
181 182 183 177
182 181 186 185
182 183 177 178
183 182 181 186
183 177 178 174
184 187 188 191
184 180 179 176
185 190 189 194
185 186 181 182
186 185 190 189
186 181 182 183
187 188 191 195
187 184 180 179
188 191 195 196
188 187 184 180
189 194 193 192
189 190 185 186
190 189 194 193
190 185 186 181
191 195 196 199
191 188 187 184
192 198 197 201
192 193 194 189
193 192 198 197
193 194 189 190
194 193 192 198
194 189 190 185
195 196 199 202
195 191 188 187
196 199 202 203
196 195 191 188
197 201 200 205
197 198 192 193
198 197 201 200
198 192 193 194
199 202 203 206
199 196 195 191
200 205 204 208
200 201 197 198
201 200 205 204
201 197 198 192
202 203 206 209
202 199 196 195
203 206 209 212
203 202 199 196
204 208 207 211
204 205 200 201
205 204 208 207
205 200 201 197
206 209 212 216
206 203 202 199
207 211 210 215
207 208 204 205
208 207 211 210
208 204 205 200
209 212 216 219
209 206 203 202
210 215 214 213
210 211 207 208
211 210 215 214
211 207 208 204
212 216 219 220
212 209 206 203
213 218 217 222
213 214 215 210
214 213 218 217
214 215 210 211
215 214 213 218
215 210 211 207
216 219 220 223
216 212 209 206
217 222 221 225
217 218 213 214
218 217 222 221
218 213 214 215
219 220 223 226
219 216 212 209
220 223 226 227
220 219 216 212
221 225 224 230
221 222 217 218
222 221 225 224
222 217 218 213
223 226 227 231
223 220 219 216
224 230 229 228
224 225 221 222
225 224 230 229
225 221 222 217
226 227 231 234
226 223 220 219
227 231 234 235
227 226 223 220
228 233 232 237
228 229 230 224
229 228 233 232
229 230 224 225
230 229 228 233
230 224 225 221
231 234 235 238
231 227 226 223
232 237 236 240
232 233 228 229
233 232 237 236
233 228 229 230
234 235 238 241
234 231 227 226
235 238 241 242
235 234 231 227
236 240 239 244
236 237 232 233
237 236 240 239
237 232 233 228
238 241 242 245
238 235 234 231
239 244 243 247
239 240 236 237
240 239 244 243
240 236 237 232
241 242 245 248
241 238 235 234
242 245 248 249
242 241 238 235
243 247 246 251
243 244 239 240
244 243 247 246
244 239 240 236
245 248 249 252
245 242 241 238
246 251 250 254
246 247 243 244
247 246 251 250
247 243 244 239
248 249 252 255
248 245 242 241
249 252 255 258
249 248 245 242
250 254 253 257
250 251 246 247
251 250 254 253
251 246 247 243
252 255 258 261
252 249 248 245
253 257 256 260
253 254 250 251
254 253 257 256
254 250 251 246
255 258 261 264
255 252 249 248
256 260 259 263
256 257 253 254
257 256 260 259
257 253 254 250
258 261 264 268
258 255 252 249
259 263 262 267
259 260 256 257
260 259 263 262
260 256 257 253
261 264 268 271
261 258 255 252
262 267 266 265
262 263 259 260
263 262 267 266
263 259 260 256
264 268 271 272
264 261 258 255
265 270 269 274
265 266 267 262
266 265 270 269
266 267 262 263
267 266 265 270
267 262 263 259
268 271 272 275
268 264 261 258
269 274 273 277
269 270 265 266
270 269 274 273
270 265 266 267
271 272 275 278
271 268 264 261
272 275 278 279
272 271 268 264
273 277 276 281
273 274 269 270
274 273 277 276
274 269 270 265
275 278 279 282
275 272 271 268
276 281 280 284
276 277 273 274
277 276 281 280
277 273 274 269
278 279 282 285
278 275 272 271
279 282 285 286
279 278 275 272
280 284 283 288
280 281 276 277
281 280 284 283
281 276 277 273
282 285 286 289
282 279 278 275
283 288 287 291
283 284 280 281
284 283 288 287
284 280 281 276
285 286 289 292
285 282 279 278
286 289 292 293
286 285 282 279
287 291 290 295
287 288 283 284
288 287 291 290
288 283 284 280
289 292 293 296
289 286 285 282
290 295 294 298
290 291 287 288
291 290 295 294
291 287 288 283
292 293 296 299
292 289 286 285
293 296 299 302
293 292 289 286
294 298 297 301
294 295 290 291
295 294 298 297
295 290 291 287
296 299 302 305
296 293 292 289
297 301 300 304
297 298 294 295
298 297 301 300
298 294 295 290
299 302 305 308
299 296 293 292
300 304 303 307
300 301 297 298
301 300 304 303
301 297 298 294
302 305 308 311
302 299 296 293
303 307 306 310
303 304 300 301
304 303 307 306
304 300 301 297
305 308 311 314
305 302 299 296
306 310 309 313
306 307 303 304
307 306 310 309
307 303 304 300
308 311 314 315
308 305 302 299
309 313 312 317
309 310 306 307
310 309 313 312
310 306 307 303
311 314 315 318
311 308 305 302
312 317 316 320
312 313 309 310
313 312 317 316
313 309 310 306
314 315 318 321
314 311 308 305
315 318 321 322
315 314 311 308
316 320 319 324
316 317 312 313
317 316 320 319
317 312 313 309
318 321 322 325
318 315 314 311
319 324 323 326
319 320 316 317
320 319 324 323
320 316 317 312
321 322 325 327
321 318 315 314
322 325 327 328
322 321 318 315
323 326 330 329
323 324 319 320
324 323 326 330
324 319 320 316
325 327 328 331
325 322 321 318
326 330 329 333
326 323 324 319
327 328 331 334
327 325 322 321
328 331 334 335
328 327 325 322
329 333 332 337
329 330 326 323
330 329 333 332
330 326 323 324
331 334 335 338
331 328 327 325
332 337 336 340
332 333 329 330
333 332 337 336
333 329 330 326
334 335 338 341
334 331 328 327
335 338 341 342
335 334 331 328
336 340 339 344
336 337 332 333
337 336 340 339
337 332 333 329
338 341 342 345
338 335 334 331
339 344 343 346
339 340 336 337
340 339 344 343
340 336 337 332
341 342 345 347
341 338 335 334
342 345 347 349
342 341 338 335
343 346 348 351
343 344 339 340
344 343 346 348
344 339 340 336
345 347 349 352
345 342 341 338
346 348 351 350
346 343 344 339
347 349 352 355
347 345 342 341
348 351 350 354
348 346 343 344
349 352 355 356
349 347 345 342
350 354 353 357
350 351 348 346
351 350 354 353
351 348 346 343
352 355 356 358
352 349 347 345
353 357 359 363
353 354 350 351
354 353 357 359
354 350 351 348
355 356 358 360
355 352 349 347
356 358 360 361
356 355 352 349
357 359 363 362
357 353 354 350
358 360 361 364
358 356 355 352
359 363 362 366
359 357 353 354
360 361 364 367
360 358 356 355
361 364 367 368
361 360 358 356
362 366 365 369
362 363 359 357
363 362 366 365
363 359 357 353
364 367 368 370
364 361 360 358
365 369 372 371
365 366 362 363
366 365 369 372
366 362 363 359
367 368 370 373
367 364 361 360
368 370 373 374
368 367 364 361
369 372 371 376
369 365 366 362
370 373 374 377
370 368 367 364
371 376 375 378
371 372 369 365
372 371 376 375
372 369 365 366
373 374 377 379
373 370 368 367
374 377 379 380
374 373 370 368
375 378 382 381
375 376 371 372
376 375 378 382
376 371 372 369
377 379 380 383
377 374 373 370
378 382 381 385
378 375 376 371
379 380 383 386
379 377 374 373
380 383 386 388
380 379 377 374
381 385 384 387
381 382 378 375
382 381 385 384
382 378 375 376
383 386 388 391
383 380 379 377
384 387 390 389
384 385 381 382
385 384 387 390
385 381 382 378
386 388 391 393
386 383 380 379
387 390 389 392
387 384 385 381
388 391 393 395
388 386 383 380
389 392 394 397
389 390 387 384
390 389 392 394
390 387 384 385
391 393 395 398
391 388 386 383
392 394 397 396
392 389 390 387
393 395 398 399
393 391 388 386
394 397 396 400
394 392 389 390
395 398 399 401
395 393 391 388
396 400 403 402
396 397 394 392
397 396 400 403
397 394 392 389
398 399 401 404
398 395 393 391
399 401 404 405
399 398 395 393
400 403 402 406
400 396 397 394
401 404 405 407
401 399 398 395
402 406 408 411
402 403 400 396
403 402 406 408
403 400 396 397
404 405 407 409
404 401 399 398
405 407 409 410
405 404 401 399
406 408 411 413
406 402 403 400
407 409 410 412
407 405 404 401
408 411 413 417
408 406 402 403
409 410 412 414
409 407 405 404
410 412 414 415
410 409 407 405
411 413 417 416
411 408 406 402
412 414 415 418
412 410 409 407
413 417 416 419
413 411 408 406
414 415 418 420
414 412 410 409
415 418 420 423
415 414 412 410
416 419 422 421
416 417 413 411
417 416 419 422
417 413 411 408
418 420 423 425
418 415 414 412
419 422 421 424
419 416 417 413
420 423 425 428
420 418 415 414
421 424 427 426
421 422 419 416
422 421 424 427
422 419 416 417
423 425 428 430
423 420 418 415
424 427 426 429
424 421 422 419
425 428 430 433
425 423 420 418
426 429 432 431
426 427 424 421
427 426 429 432
427 424 421 422
428 430 433 434
428 425 423 420
429 432 431 435
429 426 427 424
430 433 434 436
430 428 425 423
431 435 438 437
431 432 429 426
432 431 435 438
432 429 426 427
433 434 436 439
433 430 428 425
434 436 439 440
434 433 430 428
435 438 437 441
435 431 432 429
436 439 440 442
436 434 433 430
437 441 443 446
437 438 435 431
438 437 441 443
438 435 431 432
439 440 442 444
439 436 434 433
440 442 444 445
440 439 436 434
441 443 446 448
441 437 438 435
442 444 445 447
442 440 439 436
443 446 448 451
443 441 437 438
444 445 447 449
444 442 440 439
445 447 449 450
445 444 442 440
446 448 451 453
446 443 441 437
447 449 450 452
447 445 444 442
448 451 453 456
448 446 443 441
449 450 452 454
449 447 445 444
450 452 454 457
450 449 447 445
451 453 456 455
451 448 446 443
452 454 457 459
452 450 449 447
453 456 455 458
453 451 448 446
454 457 459 462
454 452 450 449
455 458 461 460
455 456 453 451
456 455 458 461
456 453 451 448
457 459 462 464
457 454 452 450
458 461 460 463
458 455 456 453
459 462 464 466
459 457 454 452
460 463 465 468
460 461 458 455
461 460 463 465
461 458 455 456
462 464 466 467
462 459 457 454
463 465 468 470
463 460 461 458
464 466 467 469
464 462 459 457
465 468 470 473
465 463 460 461
466 467 469 471
466 464 462 459
467 469 471 472
467 466 464 462
468 470 473 475
468 465 463 460
469 471 472 474
469 467 466 464
470 473 475 478
470 468 465 463
471 472 474 476
471 469 467 466
472 474 476 477
472 471 469 467
473 475 478 481
473 470 468 465
474 476 477 479
474 472 471 469
475 478 481 480
475 473 470 468
476 477 479 482
476 474 472 471
477 479 482 483
477 476 474 472
478 481 480 484
478 475 473 470
479 482 483 485
479 477 476 474
480 484 486 490
480 481 478 475
481 480 484 486
481 478 475 473
482 483 485 487
482 479 477 476
483 485 487 488
483 482 479 477
484 486 490 489
484 480 481 478
485 487 488 491
485 483 482 479
486 490 489 492
486 484 480 481
487 488 491 493
487 485 483 482
488 491 493 495
488 487 485 483
489 492 494 496
489 490 486 484
490 489 492 494
490 486 484 480
491 493 495 497
491 488 487 485
492 494 496 498
492 489 490 486
493 495 497 499
493 491 488 487
494 496 498 500
494 492 489 490
495 497 499 501
495 493 491 488
496 498 500 502
496 494 492 489
497 499 501 503
497 495 493 491
498 500 502 505
498 496 494 492
499 501 503 504
499 497 495 493
500 502 505 507
500 498 496 494
501 503 504 506
501 499 497 495
502 505 507 510
502 500 498 496
503 504 506 508
503 501 499 497
504 506 508 509
504 503 501 499
505 507 510 512
505 502 500 498
506 508 509 511
506 504 503 501
507 510 512 515
507 505 502 500
508 509 511 513
508 506 504 503
509 511 513 514
509 508 506 504
510 512 515 517
510 507 505 502
511 513 514 516
511 509 508 506
512 515 517 520
512 510 507 505
513 514 516 518
513 511 509 508
514 516 518 519
514 513 511 509
515 517 520 522
515 512 510 507
516 518 519 521
516 514 513 511
517 520 522 524
517 515 512 510
518 519 521 523
518 516 514 513
519 521 523 525
519 518 516 514
520 522 524 526
520 517 515 512
521 523 525 527
521 519 518 516
522 524 526 528
522 520 517 515
523 525 527 529
523 521 519 518
524 526 528 531
524 522 520 517
525 527 529 532
525 523 521 519
526 528 531 530
526 524 522 520
527 529 532 534
527 525 523 521
528 531 530 533
528 526 524 522
529 532 534 536
529 527 525 523
530 533 535 537
530 531 528 526
531 530 533 535
531 528 526 524
532 534 536 538
532 529 527 525
533 535 537 539
533 530 531 528
534 536 538 540
534 532 529 527
535 537 539 541
535 533 530 531
536 538 540 542
536 534 532 529
537 539 541 543
537 535 533 530
538 540 542 544
538 536 534 532
539 541 543 546
539 537 535 533
540 542 544 547
540 538 536 534
541 543 546 545
541 539 537 535
542 544 547 549
542 540 538 536
543 546 545 548
543 541 539 537
544 547 549 551
544 542 540 538
545 548 550 552
545 546 543 541
546 545 548 550
546 543 541 539
547 549 551 553
547 544 542 540
548 550 552 554
548 545 546 543
549 551 553 555
549 547 544 542
550 552 554 556
550 548 545 546
551 553 555 557
551 549 547 544
552 554 556 558
552 550 548 545
553 555 557 559
553 551 549 547
554 556 558 560
554 552 550 548
555 557 559 561
555 553 551 549
556 558 560 562
556 554 552 550
557 559 561 563
557 555 553 551
558 560 562 564
558 556 554 552
559 561 563 565
559 557 555 553
560 562 564 566
560 558 556 554
561 563 565 567
561 559 557 555
562 564 566 569
562 560 558 556
563 565 567 570
563 561 559 557
564 566 569 568
564 562 560 558
565 567 570 572
565 563 561 559
566 569 568 571
566 564 562 560
567 570 572 574
567 565 563 561
568 571 573 575
568 569 566 564
569 568 571 573
569 566 564 562
570 572 574 576
570 567 565 563
571 573 575 577
571 568 569 566
572 574 576 578
572 570 567 565
573 575 577 579
573 571 568 569
574 576 578 580
574 572 570 567
575 577 579 581
575 573 571 568
576 578 580 582
576 574 572 570
577 579 581 583
577 575 573 571
578 580 582 584
578 576 574 572
579 581 583 585
579 577 575 573
580 582 584 586
580 578 576 574
581 583 585 587
581 579 577 575
582 584 586 588
582 580 578 576
583 585 587 589
583 581 579 577
584 586 588 590
584 582 580 578
585 587 589 591
585 583 581 579
586 588 590 592
586 584 582 580
587 589 591 593
587 585 583 581
588 590 592 594
588 586 584 582
589 591 593 595
589 587 585 583
590 592 594 596
590 588 586 584
591 593 595 597
591 589 587 585
592 594 596 599
592 590 588 586
593 595 597 600
593 591 589 587
594 596 599 602
594 592 590 588
595 597 600 603
595 593 591 589
596 599 602 605
596 594 592 590
597 600 603 606
597 595 593 591
598 601 604 607
599 602 605 608
599 596 594 592
600 603 606 609
600 597 595 593
601 604 607 610
602 605 608 611
602 599 596 594
603 606 609 612
603 600 597 595
604 607 610 614
604 601 598 -1
605 608 611 615
605 602 599 596
606 609 612 616
606 603 600 597
607 610 614 613
607 604 601 598
608 611 615 618
608 605 602 599
609 612 616 619
609 606 603 600
610 614 613 617
610 607 604 601
611 615 618 622
611 608 605 602
612 616 619 623
612 609 606 603
613 617 621 620
613 614 610 607
614 613 617 621
614 610 607 604
615 618 622 625
615 611 608 605
616 619 623 626
616 612 609 606
617 621 620 624
617 613 614 610
618 622 625 629
618 615 611 608
619 623 626 630
619 616 612 609
620 624 628 627
620 621 617 613
621 620 624 628
621 617 613 614
622 625 629 632
622 618 615 611
623 626 630 633
623 619 616 612
624 628 627 631
624 620 621 617
625 629 632 636
625 622 618 615
626 630 633 637
626 623 619 616
627 631 635 634
627 628 624 620
628 627 631 635
628 624 620 621
629 632 636 639
629 625 622 618
630 633 637 640
630 626 623 619
631 635 634 638
631 627 628 624
632 636 639 643
632 629 625 622
633 637 640 644
633 630 626 623
634 638 642 641
634 635 631 627
635 634 638 642
635 631 627 628
636 639 643 646
636 632 629 625
637 640 644 647
637 633 630 626
638 642 641 645
638 634 635 631
639 643 646 650
639 636 632 629
640 644 647 651
640 637 633 630
641 645 649 648
641 642 638 634
642 641 645 649
642 638 634 635
643 646 650 653
643 639 636 632
644 647 651 654
644 640 637 633
645 649 648 652
645 641 642 638
646 650 653 656
646 643 639 636
647 651 654 657
647 644 640 637
648 652 655 658
648 649 645 641
649 648 652 655
649 645 641 642
650 653 656 659
650 646 643 639
651 654 657 660
651 647 644 640
652 655 658 661
652 648 649 645
653 656 659 662
653 650 646 643
654 657 660 663
654 651 647 644
655 658 661 664
655 652 648 649
656 659 662 665
656 653 650 646
657 660 663 666
657 654 651 647
658 661 664 667
658 655 652 648
659 662 665 668
659 656 653 650
660 663 666 669
660 657 654 651
661 664 667 670
661 658 655 652
662 665 668 671
662 659 656 653
663 666 669 672
663 660 657 654
664 667 670 674
664 661 658 655
665 668 671 675
665 662 659 656
666 669 672 676
666 663 660 657
667 670 674 673
667 664 661 658
668 671 675 678
668 665 662 659
669 672 676 679
669 666 663 660
670 674 673 677
670 667 664 661
671 675 678 681
671 668 665 662
672 676 679 682
672 669 666 663
673 677 680 684
673 674 670 667
674 673 677 680
674 670 667 664
675 678 681 685
675 671 668 665
676 679 682 686
676 672 669 666
677 680 684 683
677 673 674 670
678 681 685 688
678 675 671 668
679 682 686 689
679 676 672 669
680 684 683 687
680 677 673 674
681 685 688 691
681 678 675 671
682 686 689 692
682 679 676 672
683 687 690 694
683 684 680 677
684 683 687 690
684 680 677 673
685 688 691 695
685 681 678 675
686 689 692 696
686 682 679 676
687 690 694 693
687 683 684 680
688 691 695 698
688 685 681 678
689 692 696 699
689 686 682 679
690 694 693 697
690 687 683 684
691 695 698 701
691 688 685 681
692 696 699 702
692 689 686 682
693 697 700 703
693 694 690 687
694 693 697 700
694 690 687 683
695 698 701 704
695 691 688 685
696 699 702 705
696 692 689 686
697 700 703 706
697 693 694 690
698 701 704 707
698 695 691 688
699 702 705 708
699 696 692 689
700 703 706 709
700 697 693 694
701 704 707 710
701 698 695 691
702 705 708 711
702 699 696 692
703 706 709 712
703 700 697 693
704 707 710 713
704 701 698 695
705 708 711 714
705 702 699 696
706 709 712 716
706 703 700 697
707 710 713 717
707 704 701 698
708 711 714 718
708 705 702 699
709 712 716 715
709 706 703 700
710 713 717 720
710 707 704 701
711 714 718 721
711 708 705 702
712 716 715 719
712 709 706 703
713 717 720 723
713 710 707 704
714 718 721 724
714 711 708 705
715 719 722 725
715 716 712 709
716 715 719 722
716 712 709 706
717 720 723 726
717 713 710 707
718 721 724 727
718 714 711 708
719 722 725 728
719 715 716 712
720 723 726 729
720 717 713 710
721 724 727 730
721 718 714 711
722 725 728 731
722 719 715 716
723 726 729 732
723 720 717 713
724 727 730 733
724 721 718 714
725 728 731 734
725 722 719 715
726 729 732 735
726 723 720 717
727 730 733 736
727 724 721 718
728 731 734 737
728 725 722 719
729 732 735 738
729 726 723 720
730 733 736 739
730 727 724 721
731 734 737 740
731 728 725 722
732 735 738 741
732 729 726 723
733 736 739 742
733 730 727 724
734 737 740 743
734 731 728 725
735 738 741 744
735 732 729 726
736 739 742 745
736 733 730 727
737 740 743 746
737 734 731 728
738 741 744 747
738 735 732 729
739 742 745 749
739 736 733 730
740 743 746 750
740 737 734 731
741 744 747 751
741 738 735 732
742 745 749 748
742 739 736 733
743 746 750 753
743 740 737 734
744 747 751 754
744 741 738 735
745 749 748 752
745 742 739 736
746 750 753 756
746 743 740 737
747 751 754 757
747 744 741 738
748 752 755 758
748 749 745 742
749 748 752 755
749 745 742 739
750 753 756 760
750 746 743 740
751 754 757 761
751 747 744 741
752 755 758 762
752 748 749 745
753 756 760 759
753 750 746 743
754 757 761 764
754 751 747 744
755 758 762 765
755 752 748 749
756 760 759 763
756 753 750 746
757 761 764 767
757 754 751 747
758 762 765 768
758 755 752 748
759 763 766 769
759 760 756 753
760 759 763 766
760 756 753 750
761 764 767 770
761 757 754 751
762 765 768 771
762 758 755 752
763 766 769 772
763 759 760 756
764 767 770 773
764 761 757 754
765 768 771 774
765 762 758 755
766 769 772 775
766 763 759 760
767 770 773 776
767 764 761 757
768 771 774 777
768 765 762 758
769 772 775 778
769 766 763 759
770 773 776 779
770 767 764 761
771 774 777 780
771 768 765 762
772 775 778 781
772 769 766 763
773 776 779 782
773 770 767 764
774 777 780 783
774 771 768 765
775 778 781 784
775 772 769 766
776 779 782 785
776 773 770 767
777 780 783 786
777 774 771 768
778 781 784 787
778 775 772 769
779 782 785 788
779 776 773 770
780 783 786 789
780 777 774 771
781 784 787 790
781 778 775 772
782 785 788 791
782 779 776 773
783 786 789 792
783 780 777 774
784 787 790 793
784 781 778 775
785 788 791 794
785 782 779 776
786 789 792 795
786 783 780 777
787 790 793 796
787 784 781 778
788 791 794 797
788 785 782 779
789 792 795 798
789 786 783 780
790 793 796 799
790 787 784 781
791 794 797 800
791 788 785 782
792 795 798 801
792 789 786 783
793 796 799 802
793 790 787 784
794 797 800 803
794 791 788 785
795 798 801 804
795 792 789 786
796 799 802 805
796 793 790 787
797 800 803 806
797 794 791 788
798 801 804 808
798 795 792 789
799 802 805 810
799 796 793 790
800 803 806 811
800 797 794 791
801 804 808 807
801 798 795 792
802 805 810 809
802 799 796 793
803 806 811 814
803 800 797 794
804 808 807 812
804 801 798 795
805 810 809 813
805 802 799 796
806 811 814 817
806 803 800 797
807 812 815 818
807 808 804 801
808 807 812 815
808 804 801 798
809 813 816 819
809 810 805 802
810 809 813 816
810 805 802 799
811 814 817 820
811 806 803 800
812 815 818 821
812 807 808 804
813 816 819 822
813 809 810 805
814 817 820 823
814 811 806 803
815 818 821 824
815 812 807 808
816 819 822 825
816 813 809 810
817 820 823 826
817 814 811 806
818 821 824 827
818 815 812 807
819 822 825 828
819 816 813 809
820 823 826 829
820 817 814 811
821 824 827 830
821 818 815 812
822 825 828 831
822 819 816 813
823 826 829 832
823 820 817 814
824 827 830 833
824 821 818 815
825 828 831 834
825 822 819 816
826 829 832 835
826 823 820 817
827 830 833 836
827 824 821 818
828 831 834 -1
828 825 822 819
829 832 835 837
829 826 823 820
830 833 836 838
830 827 824 821
831 828 825 822
832 835 837 839
832 829 826 823
833 836 838 840
833 830 827 824
834 831 828 825
835 837 839 841
835 832 829 826
836 838 840 842
836 833 830 827
837 839 841 843
837 835 832 829
838 840 842 844
838 836 833 830
839 841 843 845
839 837 835 832
840 842 844 846
840 838 836 833
841 843 845 847
841 839 837 835
842 844 846 848
842 840 838 836
843 845 847 849
843 841 839 837
844 846 848 850
844 842 840 838
845 847 849 851
845 843 841 839
846 848 850 852
846 844 842 840
847 849 851 854
847 845 843 841
848 850 852 855
848 846 844 842
849 851 854 857
849 847 845 843
850 852 855 858
850 848 846 844
851 854 857 860
851 849 847 845
852 855 858 861
852 850 848 846
853 856 859 862
854 857 860 863
854 851 849 847
855 858 861 864
855 852 850 848
856 859 862 865
857 860 863 866
857 854 851 849
858 861 864 867
858 855 852 850
859 862 865 868
859 856 853 -1
860 863 866 869
860 857 854 851
861 864 867 870
861 858 855 852
862 865 868 871
862 859 856 853
863 866 869 872
863 860 857 854
864 867 870 873
864 861 858 855
865 868 871 874
865 862 859 856
866 869 872 875
866 863 860 857
867 870 873 876
867 864 861 858
868 871 874 877
868 865 862 859
869 872 875 878
869 866 863 860
870 873 876 879
870 867 864 861
871 874 877 880
871 868 865 862
872 875 878 881
872 869 866 863
873 876 879 882
873 870 867 864
874 877 880 883
874 871 868 865
875 878 881 884
875 872 869 866
876 879 882 885
876 873 870 867
877 880 883 886
877 874 871 868
878 881 884 887
878 875 872 869
879 882 885 888
879 876 873 870
880 883 886 889
880 877 874 871
881 884 887 890
881 878 875 872
882 885 888 891
882 879 876 873
883 886 889 892
883 880 877 874
884 887 890 893
884 881 878 875
885 888 891 894
885 882 879 876
886 889 892 -1
886 883 880 877
887 890 893 895
887 884 881 878
888 891 894 896
888 885 882 879
889 886 883 880
890 893 895 897
890 887 884 881
891 894 896 898
891 888 885 882
892 889 886 883
893 895 897 899
893 890 887 884
894 896 898 900
894 891 888 885
895 897 899 901
895 893 890 887
896 898 900 902
896 894 891 888
897 899 901 903
897 895 893 890
898 900 902 904
898 896 894 891
899 901 903 905
899 897 895 893
900 902 904 906
900 898 896 894
901 903 905 907
901 899 897 895
902 904 906 908
902 900 898 896
903 905 907 909
903 901 899 897
904 906 908 910
904 902 900 898
905 907 909 911
905 903 901 899
906 908 910 912
906 904 902 900
907 909 911 913
907 905 903 901
908 910 912 914
908 906 904 902
909 911 913 915
909 907 905 903
910 912 914 916
910 908 906 904
911 913 915 917
911 909 907 905
912 914 916 918
912 910 908 906
913 915 917 919
913 911 909 907
914 916 918 920
914 912 910 908
915 917 919 921
915 913 911 909
916 918 920 922
916 914 912 910
917 919 921 923
917 915 913 911
918 920 922 924
918 916 914 912
919 921 923 925
919 917 915 913
920 922 924 926
920 918 916 914
921 923 925 927
921 919 917 915
922 924 926 928
922 920 918 916
923 925 927 929
923 921 919 917
924 926 928 930
924 922 920 918
925 927 929 931
925 923 921 919
926 928 930 932
926 924 922 920
927 929 931 933
927 925 923 921
928 930 932 934
928 926 924 922
929 931 933 935
929 927 925 923
930 932 934 936
930 928 926 924
931 933 935 937
931 929 927 925
932 934 936 938
932 930 928 926
933 935 937 939
933 931 929 927
934 936 938 940
934 932 930 928
935 937 939 941
935 933 931 929
936 938 940 942
936 934 932 930
937 939 941 943
937 935 933 931
938 940 942 944
938 936 934 932
939 941 943 945
939 937 935 933
940 942 944 946
940 938 936 934
941 943 945 947
941 939 937 935
942 944 946 948
942 940 938 936
943 945 947 949
943 941 939 937
944 946 948 950
944 942 940 938
945 947 949 951
945 943 941 939
946 948 950 952
946 944 942 940
947 949 951 953
947 945 943 941
948 950 952 954
948 946 944 942
949 951 953 955
949 947 945 943
950 952 954 956
950 948 946 944
951 953 955 957
951 949 947 945
952 954 956 958
952 950 948 946
953 955 957 959
953 951 949 947
954 956 958 960
954 952 950 948
955 957 959 961
955 953 951 949
956 958 960 962
956 954 952 950
957 959 961 963
957 955 953 951
958 960 962 964
958 956 954 952
959 961 963 965
959 957 955 953
960 962 964 966
960 958 956 954
961 963 965 967
961 959 957 955
962 964 966 968
962 960 958 956
963 965 967 969
963 961 959 957
964 966 968 970
964 962 960 958
965 967 969 971
965 963 961 959
966 968 970 972
966 964 962 960
967 969 971 974
967 965 963 961
968 970 972 975
968 966 964 962
969 971 974 977
969 967 965 963
970 972 975 978
970 968 966 964
971 974 977 980
971 969 967 965
972 975 978 981
972 970 968 966
973 976 979 -1
974 977 980 982
974 971 969 967
975 978 981 983
975 972 970 968
977 980 982 984
977 974 971 969
978 981 983 985
978 975 972 970
979 976 973 -1
980 982 984 986
980 977 974 971
981 983 985 987
981 978 975 972
982 984 986 988
982 980 977 974
983 985 987 989
983 981 978 975
984 986 988 990
984 982 980 977
985 987 989 991
985 983 981 978
986 988 990 992
986 984 982 980
987 989 991 993
987 985 983 981
988 990 992 994
988 986 984 982
989 991 993 995
989 987 985 983
990 992 994 996
990 988 986 984
991 993 995 997
991 989 987 985
992 994 996 998
992 990 988 986
993 995 997 999
993 991 989 987
994 996 998 1000
994 992 990 988
995 997 999 1001
995 993 991 989
996 998 1000 1003
996 994 992 990
997 999 1001 1004
997 995 993 991
998 1000 1003 1006
998 996 994 992
999 1001 1004 1007
999 997 995 993
1000 1003 1006 1009
1000 998 996 994
1001 1004 1007 1010
1001 999 997 995
1002 1005 1008 1011
1003 1006 1009 1012
1003 1000 998 996
1004 1007 1010 1013
1004 1001 999 997
1005 1008 1011 1014
1006 1009 1012 1015
1006 1003 1000 998
1007 1010 1013 1016
1007 1004 1001 999
1008 1011 1014 1017
1008 1005 1002 -1
1009 1012 1015 1018
1009 1006 1003 1000
1010 1013 1016 1019
1010 1007 1004 1001
1011 1014 1017 1020
1011 1008 1005 1002
1012 1015 1018 1021
1012 1009 1006 1003
1013 1016 1019 1022
1013 1010 1007 1004
1014 1017 1020 1023
1014 1011 1008 1005
1015 1018 1021 1024
1015 1012 1009 1006
1016 1019 1022 1025
1016 1013 1010 1007
1017 1020 1023 1026
1017 1014 1011 1008
1018 1021 1024 1027
1018 1015 1012 1009
1019 1022 1025 1028
1019 1016 1013 1010
1020 1023 1026 1029
1020 1017 1014 1011
1021 1024 1027 1030
1021 1018 1015 1012
1022 1025 1028 1031
1022 1019 1016 1013
1023 1026 1029 1032
1023 1020 1017 1014
1024 1027 1030 1033
1024 1021 1018 1015
1025 1028 1031 1034
1025 1022 1019 1016
1026 1029 1032 1035
1026 1023 1020 1017
1027 1030 1033 1036
1027 1024 1021 1018
1028 1031 1034 1037
1028 1025 1022 1019
1029 1032 1035 1038
1029 1026 1023 1020
1030 1033 1036 1039
1030 1027 1024 1021
1031 1034 1037 1040
1031 1028 1025 1022
1032 1035 1038 -1
1032 1029 1026 1023
1033 1036 1039 1041
1033 1030 1027 1024
1034 1037 1040 1042
1034 1031 1028 1025
1035 1032 1029 1026
1036 1039 1041 1043
1036 1033 1030 1027
1037 1040 1042 1044
1037 1034 1031 1028
1038 1035 1032 1029
1039 1041 1043 1045
1039 1036 1033 1030
1040 1042 1044 1046
1040 1037 1034 1031
1041 1043 1045 1047
1041 1039 1036 1033
1042 1044 1046 1048
1042 1040 1037 1034
1043 1045 1047 1049
1043 1041 1039 1036
1044 1046 1048 1050
1044 1042 1040 1037
1045 1047 1049 1051
1045 1043 1041 1039
1046 1048 1050 1052
1046 1044 1042 1040
1047 1049 1051 1053
1047 1045 1043 1041
1048 1050 1052 1054
1048 1046 1044 1042
1049 1051 1053 1055
1049 1047 1045 1043
1050 1052 1054 1056
1050 1048 1046 1044
1051 1053 1055 1057
1051 1049 1047 1045
1052 1054 1056 1058
1052 1050 1048 1046
1053 1055 1057 1059
1053 1051 1049 1047
1054 1056 1058 1060
1054 1052 1050 1048
1055 1057 1059 1062
1055 1053 1051 1049
1056 1058 1060 1063
1056 1054 1052 1050
1057 1059 1062 1065
1057 1055 1053 1051
1058 1060 1063 1066
1058 1056 1054 1052
1059 1062 1065 1068
1059 1057 1055 1053
1060 1063 1066 1069
1060 1058 1056 1054
1061 1064 1067 1070
1062 1065 1068 1071
1062 1059 1057 1055
1063 1066 1069 1072
1063 1060 1058 1056
1064 1067 1070 1073
1065 1068 1071 1074
1065 1062 1059 1057
1066 1069 1072 1075
1066 1063 1060 1058
1067 1070 1073 1076
1067 1064 1061 -1
1068 1071 1074 1077
1068 1065 1062 1059
1069 1072 1075 1078
1069 1066 1063 1060
1070 1073 1076 1079
1070 1067 1064 1061
1071 1074 1077 1080
1071 1068 1065 1062
1072 1075 1078 1081
1072 1069 1066 1063
1073 1076 1079 -1
1073 1070 1067 1064
1074 1077 1080 1082
1074 1071 1068 1065
1075 1078 1081 1083
1075 1072 1069 1066
1076 1073 1070 1067
1077 1080 1082 1084
1077 1074 1071 1068
1078 1081 1083 1085
1078 1075 1072 1069
1079 1076 1073 1070
1080 1082 1084 1086
1080 1077 1074 1071
1081 1083 1085 1087
1081 1078 1075 1072
1082 1084 1086 1088
1082 1080 1077 1074
1083 1085 1087 1089
1083 1081 1078 1075
1084 1086 1088 1090
1084 1082 1080 1077
1085 1087 1089 1091
1085 1083 1081 1078
1086 1088 1090 1092
1086 1084 1082 1080
1087 1089 1091 1093
1087 1085 1083 1081
1088 1090 1092 1094
1088 1086 1084 1082
1089 1091 1093 1095
1089 1087 1085 1083
1090 1092 1094 1096
1090 1088 1086 1084
1091 1093 1095 1097
1091 1089 1087 1085
1092 1094 1096 1099
1092 1090 1088 1086
1093 1095 1097 1100
1093 1091 1089 1087
1094 1096 1099 1102
1094 1092 1090 1088
1095 1097 1100 1103
1095 1093 1091 1089
1096 1099 1102 1105
1096 1094 1092 1090
1097 1100 1103 1106
1097 1095 1093 1091
1098 1101 1104 1107
1099 1102 1105 1108
1099 1096 1094 1092
1100 1103 1106 1109
1100 1097 1095 1093
1101 1104 1107 -1
1102 1105 1108 1110
1102 1099 1096 1094
1103 1106 1109 1111
1103 1100 1097 1095
1104 1101 1098 -1
1105 1108 1110 1112
1105 1102 1099 1096
1106 1109 1111 1113
1106 1103 1100 1097
1107 1104 1101 1098
1108 1110 1112 1114
1108 1105 1102 1099
1109 1111 1113 1115
1109 1106 1103 1100
1110 1112 1114 1116
1110 1108 1105 1102
1111 1113 1115 1117
1111 1109 1106 1103
1112 1114 1116 1118
1112 1110 1108 1105
1113 1115 1117 1119
1113 1111 1109 1106
1114 1116 1118 1120
1114 1112 1110 1108
1115 1117 1119 1121
1115 1113 1111 1109
1116 1118 1120 1122
1116 1114 1112 1110
1117 1119 1121 1123
1117 1115 1113 1111
1118 1120 1122 1125
1118 1116 1114 1112
1119 1121 1123 1126
1119 1117 1115 1113
1120 1122 1125 1128
1120 1118 1116 1114
1121 1123 1126 1129
1121 1119 1117 1115
1122 1125 1128 1132
1122 1120 1118 1116
1123 1126 1129 1130
1123 1121 1119 1117
1124 1127 1131 -1
1125 1128 1132 1134
1125 1122 1120 1118
1126 1129 1130 1133
1126 1123 1121 1119
1128 1132 1134 1136
1128 1125 1122 1120
1129 1130 1133 1135
1129 1126 1123 1121
1130 1133 1135 1137
1130 1129 1126 1123
1131 1127 1124 -1
1132 1134 1136 1138
1132 1128 1125 1122
1133 1135 1137 1139
1133 1130 1129 1126
1134 1136 1138 1140
1134 1132 1128 1125
1135 1137 1139 1141
1135 1133 1130 1129
1136 1138 1140 1142
1136 1134 1132 1128
1137 1139 1141 1143
1137 1135 1133 1130
1138 1140 1142 1144
1138 1136 1134 1132
1139 1141 1143 1145
1139 1137 1135 1133
1140 1142 1144 1146
1140 1138 1136 1134
1141 1143 1145 1147
1141 1139 1137 1135
1142 1144 1146 1148
1142 1140 1138 1136
1143 1145 1147 1149
1143 1141 1139 1137
1144 1146 1148 1150
1144 1142 1140 1138
1145 1147 1149 1151
1145 1143 1141 1139
1146 1148 1150 1152
1146 1144 1142 1140
1147 1149 1151 1153
1147 1145 1143 1141
1148 1150 1152 1154
1148 1146 1144 1142
1149 1151 1153 1155
1149 1147 1145 1143
1150 1152 1154 1156
1150 1148 1146 1144
1151 1153 1155 1157
1151 1149 1147 1145
1152 1154 1156 1158
1152 1150 1148 1146
1153 1155 1157 1159
1153 1151 1149 1147
1154 1156 1158 1160
1154 1152 1150 1148
1155 1157 1159 1161
1155 1153 1151 1149
1156 1158 1160 1162
1156 1154 1152 1150
1157 1159 1161 1163
1157 1155 1153 1151
1158 1160 1162 1164
1158 1156 1154 1152
1159 1161 1163 1165
1159 1157 1155 1153
1160 1162 1164 1166
1160 1158 1156 1154
1161 1163 1165 1167
1161 1159 1157 1155
1162 1164 1166 1168
1162 1160 1158 1156
1163 1165 1167 1169
1163 1161 1159 1157
1164 1166 1168 1170
1164 1162 1160 1158
1165 1167 1169 1171
1165 1163 1161 1159
1166 1168 1170 1172
1166 1164 1162 1160
1167 1169 1171 1173
1167 1165 1163 1161
1168 1170 1172 1174
1168 1166 1164 1162
1169 1171 1173 1175
1169 1167 1165 1163
1170 1172 1174 1176
1170 1168 1166 1164
1171 1173 1175 1177
1171 1169 1167 1165
1172 1174 1176 1178
1172 1170 1168 1166
1173 1175 1177 1179
1173 1171 1169 1167
1174 1176 1178 1180
1174 1172 1170 1168
1175 1177 1179 1181
1175 1173 1171 1169
1176 1178 1180 1182
1176 1174 1172 1170
1177 1179 1181 1183
1177 1175 1173 1171
1178 1180 1182 1184
1178 1176 1174 1172
1179 1181 1183 1185
1179 1177 1175 1173
1180 1182 1184 1186
1180 1178 1176 1174
1181 1183 1185 1187
1181 1179 1177 1175
1182 1184 1186 1188
1182 1180 1178 1176
1183 1185 1187 1189
1183 1181 1179 1177
1184 1186 1188 1190
1184 1182 1180 1178
1185 1187 1189 1191
1185 1183 1181 1179
1186 1188 1190 1192
1186 1184 1182 1180
1187 1189 1191 1193
1187 1185 1183 1181
1188 1190 1192 1194
1188 1186 1184 1182
1189 1191 1193 1195
1189 1187 1185 1183
1190 1192 1194 1196
1190 1188 1186 1184
1191 1193 1195 1197
1191 1189 1187 1185
1192 1194 1196 1198
1192 1190 1188 1186
1193 1195 1197 1199
1193 1191 1189 1187
1194 1196 1198 1200
1194 1192 1190 1188
1195 1197 1199 1201
1195 1193 1191 1189
1196 1198 1200 1202
1196 1194 1192 1190
1197 1199 1201 1203
1197 1195 1193 1191
1198 1200 1202 1204
1198 1196 1194 1192
1199 1201 1203 1205
1199 1197 1195 1193
1200 1202 1204 1206
1200 1198 1196 1194
1201 1203 1205 1207
1201 1199 1197 1195
1202 1204 1206 1208
1202 1200 1198 1196
1203 1205 1207 1209
1203 1201 1199 1197
1204 1206 1208 1210
1204 1202 1200 1198
1205 1207 1209 1211
1205 1203 1201 1199
1206 1208 1210 1212
1206 1204 1202 1200
1207 1209 1211 1213
1207 1205 1203 1201
1208 1210 1212 1215
1208 1206 1204 1202
1209 1211 1213 1216
1209 1207 1205 1203
1210 1212 1215 1214
1210 1208 1206 1204
1211 1213 1216 1218
1211 1209 1207 1205
1212 1215 1214 1217
1212 1210 1208 1206
1213 1216 1218 1220
1213 1211 1209 1207
1214 1217 1219 1221
1214 1215 1212 1210
1215 1214 1217 1219
1215 1212 1210 1208
1216 1218 1220 1222
1216 1213 1211 1209
1217 1219 1221 1223
1217 1214 1215 1212
1218 1220 1222 1224
1218 1216 1213 1211
1219 1221 1223 1225
1219 1217 1214 1215
1220 1222 1224 1226
1220 1218 1216 1213
1221 1223 1225 1227
1221 1219 1217 1214
1222 1224 1226 1228
1222 1220 1218 1216
1223 1225 1227 1229
1223 1221 1219 1217
1224 1226 1228 1230
1224 1222 1220 1218
1225 1227 1229 1232
1225 1223 1221 1219
1226 1228 1230 1233
1226 1224 1222 1220
1227 1229 1232 1231
1227 1225 1223 1221
1228 1230 1233 1235
1228 1226 1224 1222
1229 1232 1231 1234
1229 1227 1225 1223
1230 1233 1235 1237
1230 1228 1226 1224
1231 1234 1236 1238
1231 1232 1229 1227
1232 1231 1234 1236
1232 1229 1227 1225
1233 1235 1237 1239
1233 1230 1228 1226
1234 1236 1238 1240
1234 1231 1232 1229
1235 1237 1239 1241
1235 1233 1230 1228
1236 1238 1240 1242
1236 1234 1231 1232
1237 1239 1241 1243
1237 1235 1233 1230
1238 1240 1242 1244
1238 1236 1234 1231
1239 1241 1243 1245
1239 1237 1235 1233
1240 1242 1244 1246
1240 1238 1236 1234
1241 1243 1245 1247
1241 1239 1237 1235
1242 1244 1246 1249
1242 1240 1238 1236
1243 1245 1247 1250
1243 1241 1239 1237
1244 1246 1249 1248
1244 1242 1240 1238
1245 1247 1250 1252
1245 1243 1241 1239
1246 1249 1248 1251
1246 1244 1242 1240
1247 1250 1252 1254
1247 1245 1243 1241
1248 1251 1253 1257
1248 1249 1246 1244
1249 1248 1251 1253
1249 1246 1244 1242
1250 1252 1254 1255
1250 1247 1245 1243
1251 1253 1257 1256
1251 1248 1249 1246
1252 1254 1255 1258
1252 1250 1247 1245
1253 1257 1256 1259
1253 1251 1248 1249
1254 1255 1258 1260
1254 1252 1250 1247
1255 1258 1260 1262
1255 1254 1252 1250
1256 1259 1261 1263
1256 1257 1253 1251
1257 1256 1259 1261
1257 1253 1251 1248
1258 1260 1262 1264
1258 1255 1254 1252
1259 1261 1263 1265
1259 1256 1257 1253
1260 1262 1264 1266
1260 1258 1255 1254
1261 1263 1265 1267
1261 1259 1256 1257
1262 1264 1266 1268
1262 1260 1258 1255
1263 1265 1267 1269
1263 1261 1259 1256
1264 1266 1268 1270
1264 1262 1260 1258
1265 1267 1269 1271
1265 1263 1261 1259
1266 1268 1270 1272
1266 1264 1262 1260
1267 1269 1271 1274
1267 1265 1263 1261
1268 1270 1272 1275
1268 1266 1264 1262
1269 1271 1274 1273
1269 1267 1265 1263
1270 1272 1275 1277
1270 1268 1266 1264
1271 1274 1273 1276
1271 1269 1267 1265
1272 1275 1277 1279
1272 1270 1268 1266
1273 1276 1278 1281
1273 1274 1271 1269
1274 1273 1276 1278
1274 1271 1269 1267
1275 1277 1279 1280
1275 1272 1270 1268
1276 1278 1281 1283
1276 1273 1274 1271
1277 1279 1280 1282
1277 1275 1272 1270
1278 1281 1283 1285
1278 1276 1273 1274
1279 1280 1282 1284
1279 1277 1275 1272
1280 1282 1284 1286
1280 1279 1277 1275
1281 1283 1285 1287
1281 1278 1276 1273
1282 1284 1286 1288
1282 1280 1279 1277
1283 1285 1287 1289
1283 1281 1278 1276
1284 1286 1288 1290
1284 1282 1280 1279
1285 1287 1289 1292
1285 1283 1281 1278
1286 1288 1290 1293
1286 1284 1282 1280
1287 1289 1292 1291
1287 1285 1283 1281
1288 1290 1293 1295
1288 1286 1284 1282
1289 1292 1291 1294
1289 1287 1285 1283
1290 1293 1295 1296
1290 1288 1286 1284
1291 1294 1297 1300
1291 1292 1289 1287
1292 1291 1294 1297
1292 1289 1287 1285
1293 1295 1296 1298
1293 1290 1288 1286
1294 1297 1300 1299
1294 1291 1292 1289
1295 1296 1298 1301
1295 1293 1290 1288
1296 1298 1301 1303
1296 1295 1293 1290
1297 1300 1299 1302
1297 1294 1291 1292
1298 1301 1303 1305
1298 1296 1295 1293
1299 1302 1304 1306
1299 1300 1297 1294
1300 1299 1302 1304
1300 1297 1294 1291
1301 1303 1305 1307
1301 1298 1296 1295
1302 1304 1306 1308
1302 1299 1300 1297
1303 1305 1307 1309
1303 1301 1298 1296
1304 1306 1308 1311
1304 1302 1299 1300
1305 1307 1309 1312
1305 1303 1301 1298
1306 1308 1311 1310
1306 1304 1302 1299
1307 1309 1312 1314
1307 1305 1303 1301
1308 1311 1310 1313
1308 1306 1304 1302
1309 1312 1314 1316
1309 1307 1305 1303
1310 1313 1315 1318
1310 1311 1308 1306
1311 1310 1313 1315
1311 1308 1306 1304
1312 1314 1316 1319
1312 1309 1307 1305
1313 1315 1318 1317
1313 1310 1311 1308
1314 1316 1319 1321
1314 1312 1309 1307
1315 1318 1317 1320
1315 1313 1310 1311
1316 1319 1321 1323
1316 1314 1312 1309
1317 1320 1322 1324
1317 1318 1315 1313
1318 1317 1320 1322
1318 1315 1313 1310
1319 1321 1323 1325
1319 1316 1314 1312
1320 1322 1324 1326
1320 1317 1318 1315
1321 1323 1325 1327
1321 1319 1316 1314
1322 1324 1326 1328
1322 1320 1317 1318
1323 1325 1327 1329
1323 1321 1319 1316
1324 1326 1328 1330
1324 1322 1320 1317
1325 1327 1329 1331
1325 1323 1321 1319
1326 1328 1330 1332
1326 1324 1322 1320
1327 1329 1331 1333
1327 1325 1323 1321
1328 1330 1332 1335
1328 1326 1324 1322
1329 1331 1333 1336
1329 1327 1325 1323
1330 1332 1335 1334
1330 1328 1326 1324
1331 1333 1336 1337
1331 1329 1327 1325
1332 1335 1334 1338
1332 1330 1328 1326
1333 1336 1337 1339
1333 1331 1329 1327
1334 1338 1340 1342
1334 1335 1332 1330
1335 1334 1338 1340
1335 1332 1330 1328
1336 1337 1339 1341
1336 1333 1331 1329
1337 1339 1341 1343
1337 1336 1333 1331
1338 1340 1342 1344
1338 1334 1335 1332
1339 1341 1343 1345
1339 1337 1336 1333
1340 1342 1344 1346
1340 1338 1334 1335
1341 1343 1345 1347
1341 1339 1337 1336
1342 1344 1346 1348
1342 1340 1338 1334
1343 1345 1347 1349
1343 1341 1339 1337
1344 1346 1348 1350
1344 1342 1340 1338
1345 1347 1349 1351
1345 1343 1341 1339
1346 1348 1350 1353
1346 1344 1342 1340
1347 1349 1351 1354
1347 1345 1343 1341
1348 1350 1353 1352
1348 1346 1344 1342
1349 1351 1354 1355
1349 1347 1345 1343
1350 1353 1352 1356
1350 1348 1346 1344
1351 1354 1355 1357
1351 1349 1347 1345
1352 1356 1358 1362
1352 1353 1350 1348
1353 1352 1356 1358
1353 1350 1348 1346
1354 1355 1357 1359
1354 1351 1349 1347
1355 1357 1359 1360
1355 1354 1351 1349
1356 1358 1362 1361
1356 1352 1353 1350
1357 1359 1360 1363
1357 1355 1354 1351
1358 1362 1361 1364
1358 1356 1352 1353
1359 1360 1363 1365
1359 1357 1355 1354
1360 1363 1365 1367
1360 1359 1357 1355
1361 1364 1366 1368
1361 1362 1358 1356
1362 1361 1364 1366
1362 1358 1356 1352
1363 1365 1367 1369
1363 1360 1359 1357
1364 1366 1368 1370
1364 1361 1362 1358
1365 1367 1369 1371
1365 1363 1360 1359
1366 1368 1370 1373
1366 1364 1361 1362
1367 1369 1371 1372
1367 1365 1363 1360
1368 1370 1373 1375
1368 1366 1364 1361
1369 1371 1372 1374
1369 1367 1365 1363
1370 1373 1375 1378
1370 1368 1366 1364
1371 1372 1374 1376
1371 1369 1367 1365
1372 1374 1376 1377
1372 1371 1369 1367
1373 1375 1378 1381
1373 1370 1368 1366
1374 1376 1377 1379
1374 1372 1371 1369
1375 1378 1381 1380
1375 1373 1370 1368
1376 1377 1379 1382
1376 1374 1372 1371
1377 1379 1382 1384
1377 1376 1374 1372
1378 1381 1380 1383
1378 1375 1373 1370
1379 1382 1384 1386
1379 1377 1376 1374
1380 1383 1385 1387
1380 1381 1378 1375
1381 1380 1383 1385
1381 1378 1375 1373
1382 1384 1386 1388
1382 1379 1377 1376
1383 1385 1387 1389
1383 1380 1381 1378
1384 1386 1388 1390
1384 1382 1379 1377
1385 1387 1389 1391
1385 1383 1380 1381
1386 1388 1390 1392
1386 1384 1382 1379
1387 1389 1391 1393
1387 1385 1383 1380
1388 1390 1392 1394
1388 1386 1384 1382
1389 1391 1393 1395
1389 1387 1385 1383
1390 1392 1394 1396
1390 1388 1386 1384
1391 1393 1395 1398
1391 1389 1387 1385
1392 1394 1396 1399
1392 1390 1388 1386
1393 1395 1398 1397
1393 1391 1389 1387
1394 1396 1399 1401
1394 1392 1390 1388
1395 1398 1397 1400
1395 1393 1391 1389
1396 1399 1401 1403
1396 1394 1392 1390
1397 1400 1402 1405
1397 1398 1395 1393
1398 1397 1400 1402
1398 1395 1393 1391
1399 1401 1403 1406
1399 1396 1394 1392
1400 1402 1405 1404
1400 1397 1398 1395
1401 1403 1406 1408
1401 1399 1396 1394
1402 1405 1404 1407
1402 1400 1397 1398
1403 1406 1408 1410
1403 1401 1399 1396
1404 1407 1409 1411
1404 1405 1402 1400
1405 1404 1407 1409
1405 1402 1400 1397
1406 1408 1410 1412
1406 1403 1401 1399
1407 1409 1411 1414
1407 1404 1405 1402
1408 1410 1412 1413
1408 1406 1403 1401
1409 1411 1414 1417
1409 1407 1404 1405
1410 1412 1413 1415
1410 1408 1406 1403
1411 1414 1417 1416
1411 1409 1407 1404
1412 1413 1415 1418
1412 1410 1408 1406
1413 1415 1418 1419
1413 1412 1410 1408
1414 1417 1416 1420
1414 1411 1409 1407
1415 1418 1419 1421
1415 1413 1412 1410
1416 1420 1422 1426
1416 1417 1414 1411
1417 1416 1420 1422
1417 1414 1411 1409
1418 1419 1421 1423
1418 1415 1413 1412
1419 1421 1423 1424
1419 1418 1415 1413
1420 1422 1426 1425
1420 1416 1417 1414
1421 1423 1424 1427
1421 1419 1418 1415
1422 1426 1425 1428
1422 1420 1416 1417
1423 1424 1427 1429
1423 1421 1419 1418
1424 1427 1429 1431
1424 1423 1421 1419
1425 1428 1430 1433
1425 1426 1422 1420
1426 1425 1428 1430
1426 1422 1420 1416
1427 1429 1431 1432
1427 1424 1423 1421
1428 1430 1433 1435
1428 1425 1426 1422
1429 1431 1432 1434
1429 1427 1424 1423
1430 1433 1435 1438
1430 1428 1425 1426
1431 1432 1434 1436
1431 1429 1427 1424
1432 1434 1436 1437
1432 1431 1429 1427
1433 1435 1438 1441
1433 1430 1428 1425
1434 1436 1437 1439
1434 1432 1431 1429
1435 1438 1441 1443
1435 1433 1430 1428
1436 1437 1439 1440
1436 1434 1432 1431
1437 1439 1440 1442
1437 1436 1434 1432
1438 1441 1443 1446
1438 1435 1433 1430
1439 1440 1442 1444
1439 1437 1436 1434
1440 1442 1444 1447
1440 1439 1437 1436
1441 1443 1446 1445
1441 1438 1435 1433
1442 1444 1447 1448
1442 1440 1439 1437
1443 1446 1445 1449
1443 1441 1438 1435
1444 1447 1448 1450
1444 1442 1440 1439
1445 1449 1452 1454
1445 1446 1443 1441
1446 1445 1449 1452
1446 1443 1441 1438
1447 1448 1450 1451
1447 1444 1442 1440
1448 1450 1451 1453
1448 1447 1444 1442
1449 1452 1454 1457
1449 1445 1446 1443
1450 1451 1453 1455
1450 1448 1447 1444
1451 1453 1455 1456
1451 1450 1448 1447
1452 1454 1457 1460
1452 1449 1445 1446
1453 1455 1456 1458
1453 1451 1450 1448
1454 1457 1460 1463
1454 1452 1449 1445
1455 1456 1458 1459
1455 1453 1451 1450
1456 1458 1459 1461
1456 1455 1453 1451
1457 1460 1463 1466
1457 1454 1452 1449
1458 1459 1461 1462
1458 1456 1455 1453
1459 1461 1462 1464
1459 1458 1456 1455
1460 1463 1466 1469
1460 1457 1454 1452
1461 1462 1464 1465
1461 1459 1458 1456
1462 1464 1465 1467
1462 1461 1459 1458
1463 1466 1469 1468
1463 1460 1457 1454
1464 1465 1467 1470
1464 1462 1461 1459
1465 1467 1470 1471
1465 1464 1462 1461
1466 1469 1468 1472
1466 1463 1460 1457
1467 1470 1471 1473
1467 1465 1464 1462
1468 1472 1475 1479
1468 1469 1466 1463
1469 1468 1472 1475
1469 1466 1463 1460
1470 1471 1473 1474
1470 1467 1465 1464
1471 1473 1474 1476
1471 1470 1467 1465
1472 1475 1479 1478
1472 1468 1469 1466
1473 1474 1476 1477
1473 1471 1470 1467
1474 1476 1477 1480
1474 1473 1471 1470
1475 1479 1478 1482
1475 1472 1468 1469
1476 1477 1480 1481
1476 1474 1473 1471
1477 1480 1481 1483
1477 1476 1474 1473
1478 1482 1485 1488
1478 1479 1475 1472
1479 1478 1482 1485
1479 1475 1472 1468
1480 1481 1483 1484
1480 1477 1476 1474
1481 1483 1484 1486
1481 1480 1477 1476
1482 1485 1488 1491
1482 1478 1479 1475
1483 1484 1486 1487
1483 1481 1480 1477
1484 1486 1487 1489
1484 1483 1481 1480
1485 1488 1491 1494
1485 1482 1478 1479
1486 1487 1489 1490
1486 1484 1483 1481
1487 1489 1490 1492
1487 1486 1484 1483
1488 1491 1494 1497
1488 1485 1482 1478
1489 1490 1492 1493
1489 1487 1486 1484
1490 1492 1493 1495
1490 1489 1487 1486
1491 1494 1497 1500
1491 1488 1485 1482
1492 1493 1495 1496
1492 1490 1489 1487
1493 1495 1496 1498
1493 1492 1490 1489
1494 1497 1500 1504
1494 1491 1488 1485
1495 1496 1498 1499
1495 1493 1492 1490
1496 1498 1499 1501
1496 1495 1493 1492
1497 1500 1504 1503
1497 1494 1491 1488
1498 1499 1501 1502
1498 1496 1495 1493
1499 1501 1502 1505
1499 1498 1496 1495
1500 1504 1503 1507
1500 1497 1494 1491
1501 1502 1505 1506
1501 1499 1498 1496
1502 1505 1506 1508
1502 1501 1499 1498
1503 1507 1510 1513
1503 1504 1500 1497
1504 1503 1507 1510
1504 1500 1497 1494
1505 1506 1508 1509
1505 1502 1501 1499
1506 1508 1509 1511
1506 1505 1502 1501
1507 1510 1513 1516
1507 1503 1504 1500
1508 1509 1511 1512
1508 1506 1505 1502
1509 1511 1512 1514
1509 1508 1506 1505
1510 1513 1516 1519
1510 1507 1503 1504
1511 1512 1514 1515
1511 1509 1508 1506
1512 1514 1515 1517
1512 1511 1509 1508
1513 1516 1519 1522
1513 1510 1507 1503
1514 1515 1517 1518
1514 1512 1511 1509
1515 1517 1518 1520
1515 1514 1512 1511
1516 1519 1522 1525
1516 1513 1510 1507
1517 1518 1520 1521
1517 1515 1514 1512
1518 1520 1521 1523
1518 1517 1515 1514
1519 1522 1525 1529
1519 1516 1513 1510
1520 1521 1523 1524
1520 1518 1517 1515
1521 1523 1524 1526
1521 1520 1518 1517
1522 1525 1529 1528
1522 1519 1516 1513
1523 1524 1526 1527
1523 1521 1520 1518
1524 1526 1527 1530
1524 1523 1521 1520
1525 1529 1528 1532
1525 1522 1519 1516
1526 1527 1530 1531
1526 1524 1523 1521
1527 1530 1531 1533
1527 1526 1524 1523
1528 1532 1535 1538
1528 1529 1525 1522
1529 1528 1532 1535
1529 1525 1522 1519
1530 1531 1533 1534
1530 1527 1526 1524
1531 1533 1534 1536
1531 1530 1527 1526
1532 1535 1538 1541
1532 1528 1529 1525
1533 1534 1536 1537
1533 1531 1530 1527
1534 1536 1537 1539
1534 1533 1531 1530
1535 1538 1541 1544
1535 1532 1528 1529
1536 1537 1539 1540
1536 1534 1533 1531
1537 1539 1540 1542
1537 1536 1534 1533
1538 1541 1544 1547
1538 1535 1532 1528
1539 1540 1542 1543
1539 1537 1536 1534
1540 1542 1543 1545
1540 1539 1537 1536
1541 1544 1547 1551
1541 1538 1535 1532
1542 1543 1545 1546
1542 1540 1539 1537
1543 1545 1546 1548
1543 1542 1540 1539
1544 1547 1551 1555
1544 1541 1538 1535
1545 1546 1548 1549
1545 1543 1542 1540
1546 1548 1549 1550
1546 1545 1543 1542
1547 1551 1555 1554
1547 1544 1541 1538
1548 1549 1550 1552
1548 1546 1545 1543
1549 1550 1552 1553
1549 1548 1546 1545
1550 1552 1553 1556
1550 1549 1548 1546
1551 1555 1554 1558
1551 1547 1544 1541
1552 1553 1556 1557
1552 1550 1549 1548
1553 1556 1557 1559
1553 1552 1550 1549
1554 1558 1562 1566
1554 1555 1551 1547
1555 1554 1558 1562
1555 1551 1547 1544
1556 1557 1559 1560
1556 1553 1552 1550
1557 1559 1560 1561
1557 1556 1553 1552
1558 1562 1566 1565
1558 1554 1555 1551
1559 1560 1561 1563
1559 1557 1556 1553
1560 1561 1563 1564
1560 1559 1557 1556
1561 1563 1564 1567
1561 1560 1559 1557
1562 1566 1565 1569
1562 1558 1554 1555
1563 1564 1567 1568
1563 1561 1560 1559
1564 1567 1568 1570
1564 1563 1561 1560
1565 1569 1573 1577
1565 1566 1562 1558
1566 1565 1569 1573
1566 1562 1558 1554
1567 1568 1570 1571
1567 1564 1563 1561
1568 1570 1571 1572
1568 1567 1564 1563
1569 1573 1577 1581
1569 1565 1566 1562
1570 1571 1572 1574
1570 1568 1567 1564
1571 1572 1574 1575
1571 1570 1568 1567
1572 1574 1575 1576
1572 1571 1570 1568
1573 1577 1581 1584
1573 1569 1565 1566
1574 1575 1576 1578
1574 1572 1571 1570
1575 1576 1578 1579
1575 1574 1572 1571
1576 1578 1579 1580
1576 1575 1574 1572
1577 1581 1584 1587
1577 1573 1569 1565
1578 1579 1580 1582
1578 1576 1575 1574
1579 1580 1582 1583
1579 1578 1576 1575
1580 1582 1583 1585
1580 1579 1578 1576
1581 1584 1587 1590
1581 1577 1573 1569
1582 1583 1585 1586
1582 1580 1579 1578
1583 1585 1586 1588
1583 1582 1580 1579
1584 1587 1590 1594
1584 1581 1577 1573
1585 1586 1588 1589
1585 1583 1582 1580
1586 1588 1589 1591
1586 1585 1583 1582
1587 1590 1594 1593
1587 1584 1581 1577
1588 1589 1591 1592
1588 1586 1585 1583
1589 1591 1592 1595
1589 1588 1586 1585
1590 1594 1593 1597
1590 1587 1584 1581
1591 1592 1595 1596
1591 1589 1588 1586
1592 1595 1596 1598
1592 1591 1589 1588
1593 1597 1600 1603
1593 1594 1590 1587
1594 1593 1597 1600
1594 1590 1587 1584
1595 1596 1598 1599
1595 1592 1591 1589
1596 1598 1599 1601
1596 1595 1592 1591
1597 1600 1603 1606
1597 1593 1594 1590
1598 1599 1601 1602
1598 1596 1595 1592
1599 1601 1602 1604
1599 1598 1596 1595
1600 1603 1606 1609
1600 1597 1593 1594
1601 1602 1604 1605
1601 1599 1598 1596
1602 1604 1605 1607
1602 1601 1599 1598
1603 1606 1609 1613
1603 1600 1597 1593
1604 1605 1607 1608
1604 1602 1601 1599
1605 1607 1608 1610
1605 1604 1602 1601
1606 1609 1613 1617
1606 1603 1600 1597
1607 1608 1610 1611
1607 1605 1604 1602
1608 1610 1611 1612
1608 1607 1605 1604
1609 1613 1617 1622
1609 1606 1603 1600
1610 1611 1612 1614
1610 1608 1607 1605
1611 1612 1614 1615
1611 1610 1608 1607
1612 1614 1615 1616
1612 1611 1610 1608
1613 1617 1622 1621
1613 1609 1606 1603
1614 1615 1616 1618
1614 1612 1611 1610
1615 1616 1618 1619
1615 1614 1612 1611
1616 1618 1619 1620
1616 1615 1614 1612
1617 1622 1621 1626
1617 1613 1609 1606
1618 1619 1620 1623
1618 1616 1615 1614
1619 1620 1623 1624
1619 1618 1616 1615
1620 1623 1624 1625
1620 1619 1618 1616
1621 1626 1630 1633
1621 1622 1617 1613
1622 1621 1626 1630
1622 1617 1613 1609
1623 1624 1625 1627
1623 1620 1619 1618
1624 1625 1627 1628
1624 1623 1620 1619
1625 1627 1628 1629
1625 1624 1623 1620
1626 1630 1633 1637
1626 1621 1622 1617
1627 1628 1629 1631
1627 1625 1624 1623
1628 1629 1631 1632
1628 1627 1625 1624
1629 1631 1632 1634
1629 1628 1627 1625
1630 1633 1637 1641
1630 1626 1621 1622
1631 1632 1634 1635
1631 1629 1628 1627
1632 1634 1635 1636
1632 1631 1629 1628
1633 1637 1641 1644
1633 1630 1626 1621
1634 1635 1636 1638
1634 1632 1631 1629
1635 1636 1638 1639
1635 1634 1632 1631
1636 1638 1639 1640
1636 1635 1634 1632
1637 1641 1644 1648
1637 1633 1630 1626
1638 1639 1640 1642
1638 1636 1635 1634
1639 1640 1642 1643
1639 1638 1636 1635
1640 1642 1643 1645
1640 1639 1638 1636
1641 1644 1648 1653
1641 1637 1633 1630
1642 1643 1645 1646
1642 1640 1639 1638
1643 1645 1646 1647
1643 1642 1640 1639
1644 1648 1653 1652
1644 1641 1637 1633
1645 1646 1647 1649
1645 1643 1642 1640
1646 1647 1649 1650
1646 1645 1643 1642
1647 1649 1650 1651
1647 1646 1645 1643
1648 1653 1652 1656
1648 1644 1641 1637
1649 1650 1651 1654
1649 1647 1646 1645
1650 1651 1654 1655
1650 1649 1647 1646
1651 1654 1655 1657
1651 1650 1649 1647
1652 1656 1663 1683
1652 1653 1648 1644
1653 1652 1656 1663
1653 1648 1644 1641
1654 1655 1657 1658
1654 1651 1650 1649
1655 1657 1658 1659
1655 1654 1651 1650
1656 1663 1683 1682
1656 1652 1653 1648
1657 1658 1659 1660
1657 1655 1654 1651
1658 1659 1660 1661
1658 1657 1655 1654
1659 1660 1661 1662
1659 1658 1657 1655
1660 1661 1662 1664
1660 1659 1658 1657
1661 1662 1664 1665
1661 1660 1659 1658
1662 1664 1665 1666
1662 1661 1660 1659
1663 1683 1682 1709
1663 1656 1652 1653
1664 1665 1666 1667
1664 1662 1661 1660
1665 1666 1667 1668
1665 1664 1662 1661
1666 1667 1668 1669
1666 1665 1664 1662
1667 1668 1669 1670
1667 1666 1665 1664
1668 1669 1670 1671
1668 1667 1666 1665
1669 1670 1671 1672
1669 1668 1667 1666
1670 1671 1672 1673
1670 1669 1668 1667
1671 1672 1673 1674
1671 1670 1669 1668
1672 1673 1674 1675
1672 1671 1670 1669
1673 1674 1675 1676
1673 1672 1671 1670
1674 1675 1676 1677
1674 1673 1672 1671
1675 1676 1677 1678
1675 1674 1673 1672
1676 1677 1678 1679
1676 1675 1674 1673
1677 1678 1679 1680
1677 1676 1675 1674
1678 1679 1680 1681
1678 1677 1676 1675
1679 1680 1681 1684
1679 1678 1677 1676
1680 1681 1684 1685
1680 1679 1678 1677
1681 1684 1685 1686
1681 1680 1679 1678
1682 1709 1729 1728
1682 1683 1663 1656
1683 1682 1709 1729
1683 1663 1656 1652
1684 1685 1686 1687
1684 1681 1680 1679
1685 1686 1687 1688
1685 1684 1681 1680
1686 1687 1688 1689
1686 1685 1684 1681
1687 1688 1689 1690
1687 1686 1685 1684
1688 1689 1690 1691
1688 1687 1686 1685
1689 1690 1691 1692
1689 1688 1687 1686
1690 1691 1692 1693
1690 1689 1688 1687
1691 1692 1693 1694
1691 1690 1689 1688
1692 1693 1694 1695
1692 1691 1690 1689
1693 1694 1695 1696
1693 1692 1691 1690
1694 1695 1696 1697
1694 1693 1692 1691
1695 1696 1697 1698
1695 1694 1693 1692
1696 1697 1698 1699
1696 1695 1694 1693
1697 1698 1699 1700
1697 1696 1695 1694
1698 1699 1700 1701
1698 1697 1696 1695
1699 1700 1701 1702
1699 1698 1697 1696
1700 1701 1702 1703
1700 1699 1698 1697
1701 1702 1703 1704
1701 1700 1699 1698
1702 1703 1704 1705
1702 1701 1700 1699
1703 1704 1705 1706
1703 1702 1701 1700
1704 1705 1706 1707
1704 1703 1702 1701
1705 1706 1707 1708
1705 1704 1703 1702
1706 1707 1708 1710
1706 1705 1704 1703
1707 1708 1710 1711
1707 1706 1705 1704
1708 1710 1711 1712
1708 1707 1706 1705
1709 1729 1728 1755
1709 1682 1683 1663
1710 1711 1712 1713
1710 1708 1707 1706
1711 1712 1713 1714
1711 1710 1708 1707
1712 1713 1714 1715
1712 1711 1710 1708
1713 1714 1715 1716
1713 1712 1711 1710
1714 1715 1716 1717
1714 1713 1712 1711
1715 1716 1717 1718
1715 1714 1713 1712
1716 1717 1718 1719
1716 1715 1714 1713
1717 1718 1719 1720
1717 1716 1715 1714
1718 1719 1720 1721
1718 1717 1716 1715
1719 1720 1721 1722
1719 1718 1717 1716
1720 1721 1722 1723
1720 1719 1718 1717
1721 1722 1723 1724
1721 1720 1719 1718
1722 1723 1724 1725
1722 1721 1720 1719
1723 1724 1725 1726
1723 1722 1721 1720
1724 1725 1726 1727
1724 1723 1722 1721
1725 1726 1727 1730
1725 1724 1723 1722
1726 1727 1730 1731
1726 1725 1724 1723
1727 1730 1731 1732
1727 1726 1725 1724
1728 1755 1776 1775
1728 1729 1709 1682
1729 1728 1755 1776
1729 1709 1682 1683
1730 1731 1732 1733
1730 1727 1726 1725
1731 1732 1733 1734
1731 1730 1727 1726
1732 1733 1734 1735
1732 1731 1730 1727
1733 1734 1735 1736
1733 1732 1731 1730
1734 1735 1736 1737
1734 1733 1732 1731
1735 1736 1737 1738
1735 1734 1733 1732
1736 1737 1738 1739
1736 1735 1734 1733
1737 1738 1739 1740
1737 1736 1735 1734
1738 1739 1740 1741
1738 1737 1736 1735
1739 1740 1741 1742
1739 1738 1737 1736
1740 1741 1742 1743
1740 1739 1738 1737
1741 1742 1743 1744
1741 1740 1739 1738
1742 1743 1744 1745
1742 1741 1740 1739
1743 1744 1745 1746
1743 1742 1741 1740
1744 1745 1746 1747
1744 1743 1742 1741
1745 1746 1747 1748
1745 1744 1743 1742
1746 1747 1748 1749
1746 1745 1744 1743
1747 1748 1749 1750
1747 1746 1745 1744
1748 1749 1750 1751
1748 1747 1746 1745
1749 1750 1751 1752
1749 1748 1747 1746
1750 1751 1752 1753
1750 1749 1748 1747
1751 1752 1753 1754
1751 1750 1749 1748
1752 1753 1754 1756
1752 1751 1750 1749
1753 1754 1756 1757
1753 1752 1751 1750
1754 1756 1757 1758
1754 1753 1752 1751
1755 1776 1775 1774
1755 1728 1729 1709
1756 1757 1758 1759
1756 1754 1753 1752
1757 1758 1759 1760
1757 1756 1754 1753
1758 1759 1760 1761
1758 1757 1756 1754
1759 1760 1761 1762
1759 1758 1757 1756
1760 1761 1762 1763
1760 1759 1758 1757
1761 1762 1763 1764
1761 1760 1759 1758
1762 1763 1764 1765
1762 1761 1760 1759
1763 1764 1765 1766
1763 1762 1761 1760
1764 1765 1766 1767
1764 1763 1762 1761
1765 1766 1767 1768
1765 1764 1763 1762
1766 1767 1768 1769
1766 1765 1764 1763
1767 1768 1769 1770
1767 1766 1765 1764
1768 1769 1770 1771
1768 1767 1766 1765
1769 1770 1771 1772
1769 1768 1767 1766
1770 1771 1772 1773
1770 1769 1768 1767
1771 1772 1773 1777
1771 1770 1769 1768
1772 1773 1777 1778
1772 1771 1770 1769
1773 1777 1778 1779
1773 1772 1771 1770
1774 1788 1787 1786
1774 1775 1776 1755
1775 1774 1788 1787
1775 1776 1755 1728
1776 1775 1774 1788
1776 1755 1728 1729
1777 1778 1779 1780
1777 1773 1772 1771
1778 1779 1780 1781
1778 1777 1773 1772
1779 1780 1781 1782
1779 1778 1777 1773
1780 1781 1782 1783
1780 1779 1778 1777
1781 1782 1783 1784
1781 1780 1779 1778
1782 1783 1784 1785
1782 1781 1780 1779
1783 1784 1785 1786
1783 1782 1781 1780
1784 1785 1786 1787
1784 1783 1782 1781
1785 1784 1783 1782
1785 1786 1787 1788
1786 1785 1784 1783
1786 1787 1788 1774
1787 1786 1785 1784
1787 1788 1774 1775
1788 1787 1786 1785
1788 1774 1775 1776
