0 10 9 8
0 1 2 3
1 0 10 9
1 2 3 4
2 3 4 5
2 1 0 10
3 4 5 11
3 2 1 0
4 5 11 12
4 3 2 1
5 11 12 13
5 4 3 2
6 41 40 39
6 7 8 9
7 6 41 40
7 8 9 10
8 7 6 41
8 9 10 0
9 8 7 6
9 10 0 1
10 9 8 7
10 0 1 2
11 12 13 14
11 5 4 3
12 13 14 15
12 11 5 4
13 14 15 16
13 12 11 5
14 15 16 17
14 13 12 11
15 16 17 18
15 14 13 12
16 17 18 19
16 15 14 13
17 18 19 20
17 16 15 14
18 19 20 21
18 17 16 15
19 20 21 22
19 18 17 16
20 21 22 23
20 19 18 17
21 22 23 24
21 20 19 18
22 23 24 25
22 21 20 19
23 24 25 26
23 22 21 20
24 25 26 27
24 23 22 21
25 26 27 28
25 24 23 22
26 27 28 29
26 25 24 23
27 28 29 30
27 26 25 24
28 29 30 31
28 27 26 25
29 30 31 32
29 28 27 26
30 31 32 33
30 29 28 27
31 32 33 34
31 30 29 28
32 33 34 35
32 31 30 29
33 34 35 36
33 32 31 30
34 35 36 37
34 33 32 31
35 36 37 38
35 34 33 32
36 37 38 42
36 35 34 33
37 38 42 43
37 36 35 34
38 42 43 44
38 37 36 35
39 65 64 63
39 40 41 6
40 39 65 64
40 41 6 7
41 40 39 65
41 6 7 8
42 43 44 45
42 38 37 36
43 44 45 46
43 42 38 37
44 45 46 47
44 43 42 38
45 46 47 48
45 44 43 42
46 47 48 49
46 45 44 43
47 48 49 50
47 46 45 44
48 49 50 51
48 47 46 45
49 50 51 52
49 48 47 46
50 51 52 53
50 49 48 47
51 52 53 54
51 50 49 48
52 53 54 55
52 51 50 49
53 54 55 56
53 52 51 50
54 55 56 57
54 53 52 51
55 56 57 58
55 54 53 52
56 57 58 59
56 55 54 53
57 58 59 60
57 56 55 54
58 59 60 61
58 57 56 55
59 60 61 66
59 58 57 56
60 61 66 67
60 59 58 57
61 66 67 68
61 60 59 58
62 98 97 96
62 63 64 65
63 62 98 97
63 64 65 39
64 63 62 98
64 65 39 40
65 64 63 62
65 39 40 41
66 67 68 69
66 61 60 59
67 68 69 70
67 66 61 60
68 69 70 71
68 67 66 61
69 70 71 72
69 68 67 66
70 71 72 73
70 69 68 67
71 72 73 74
71 70 69 68
72 73 74 75
72 71 70 69
73 74 75 76
73 72 71 70
74 75 76 77
74 73 72 71
75 76 77 78
75 74 73 72
76 77 78 79
76 75 74 73
77 78 79 80
77 76 75 74
78 79 80 81
78 77 76 75
79 80 81 82
79 78 77 76
80 81 82 83
80 79 78 77
81 82 83 84
81 80 79 78
82 83 84 85
82 81 80 79
83 84 85 86
83 82 81 80
84 85 86 87
84 83 82 81
85 86 87 88
85 84 83 82
86 87 88 89
86 85 84 83
87 88 89 90
87 86 85 84
88 89 90 91
88 87 86 85
89 90 91 92
89 88 87 86
90 91 92 93
90 89 88 87
91 92 93 94
91 90 89 88
92 93 94 99
92 91 90 89
93 94 99 100
93 92 91 90
94 99 100 101
94 93 92 91
95 121 120 119
95 96 97 98
96 95 121 120
96 97 98 62
97 96 95 121
97 98 62 63
98 97 96 95
98 62 63 64
99 100 101 102
99 94 93 92
100 101 102 103
100 99 94 93
101 102 103 104
101 100 99 94
102 103 104 105
102 101 100 99
103 104 105 106
103 102 101 100
104 105 106 107
104 103 102 101
105 106 107 108
105 104 103 102
106 107 108 109
106 105 104 103
107 108 109 110
107 106 105 104
108 109 110 111
108 107 106 105
109 110 111 112
109 108 107 106
110 111 112 113
110 109 108 107
111 112 113 114
111 110 109 108
112 113 114 115
112 111 110 109
113 114 115 116
113 112 111 110
114 115 116 117
114 113 112 111
115 116 117 122
115 114 113 112
116 117 122 123
116 115 114 113
117 122 123 124
117 116 115 114
118 153 152 151
118 119 120 121
119 118 153 152
119 120 121 95
120 119 118 153
120 121 95 96
121 120 119 118
121 95 96 97
122 123 124 125
122 117 116 115
123 124 125 126
123 122 117 116
124 125 126 127
124 123 122 117
125 126 127 128
125 124 123 122
126 127 128 129
126 125 124 123
127 128 129 130
127 126 125 124
128 129 130 131
128 127 126 125
129 130 131 132
129 128 127 126
130 131 132 133
130 129 128 127
131 132 133 134
131 130 129 128
132 133 134 135
132 131 130 129
133 134 135 136
133 132 131 130
134 135 136 137
134 133 132 131
135 136 137 138
135 134 133 132
136 137 138 139
136 135 134 133
137 138 139 140
137 136 135 134
138 139 140 141
138 137 136 135
139 140 141 142
139 138 137 136
140 141 142 143
140 139 138 137
141 142 143 144
141 140 139 138
142 143 144 145
142 141 140 139
143 144 145 146
143 142 141 140
144 145 146 147
144 143 142 141
145 146 147 148
145 144 143 142
146 147 148 149
146 145 144 143
147 148 149 154
147 146 145 144
148 149 154 155
148 147 146 145
149 154 155 156
149 148 147 146
150 177 176 175
150 151 152 153
151 150 177 176
151 152 153 118
152 151 150 177
152 153 118 119
153 152 151 150
153 118 119 120
154 155 156 157
154 149 148 147
155 156 157 158
155 154 149 148
156 157 158 159
156 155 154 149
157 158 159 160
157 156 155 154
158 159 160 161
158 157 156 155
159 160 161 162
159 158 157 156
160 161 162 163
160 159 158 157
161 162 163 164
161 160 159 158
162 163 164 165
162 161 160 159
163 164 165 166
163 162 161 160
164 165 166 167
164 163 162 161
165 166 167 168
165 164 163 162
166 167 168 169
166 165 164 163
167 168 169 170
167 166 165 164
168 169 170 171
168 167 166 165
169 170 171 172
169 168 167 166
170 171 172 173
170 169 168 167
171 172 173 178
171 170 169 168
172 173 178 179
172 171 170 169
173 178 179 180
173 172 171 170
174 187 186 185
174 175 176 177
175 174 187 186
175 176 177 150
176 175 174 187
176 177 150 151
177 176 175 174
177 150 151 152
178 179 180 181
178 173 172 171
179 180 181 182
179 178 173 172
180 181 182 183
180 179 178 173
181 182 183 184
181 180 179 178
182 183 184 188
182 181 180 179
183 184 188 189
183 182 181 180
184 188 189 194
184 183 182 181
185 193 192 191
185 186 187 174
186 185 193 192
186 187 174 175
187 186 185 193
187 174 175 176
188 189 194 199
188 184 183 182
189 194 199 204
189 188 184 183
190 198 197 196
190 191 192 193
191 190 198 197
191 192 193 185
192 191 190 198
192 193 185 186
193 192 191 190
193 185 186 187
194 199 204 208
194 189 188 184
195 203 202 201
195 196 197 198
196 195 203 202
196 197 198 190
197 196 195 203
197 198 190 191
198 197 196 195
198 190 191 192
199 204 208 212
199 194 189 188
200 207 206 205
200 201 202 203
201 200 207 206
201 202 203 195
202 201 200 207
202 203 195 196
203 202 201 200
203 195 196 197
204 208 212 216
204 199 194 189
205 211 210 209
205 206 207 200
206 205 211 210
206 207 200 201
207 206 205 211
207 200 201 202
208 212 216 220
208 204 199 194
209 215 214 213
209 210 211 205
210 209 215 214
210 211 205 206
211 210 209 215
211 205 206 207
212 216 220 224
212 208 204 199
213 219 218 217
213 214 215 209
214 213 219 218
214 215 209 210
215 214 213 219
215 209 210 211
216 220 224 228
216 212 208 204
217 223 222 221
217 218 219 213
218 217 223 222
218 219 213 214
219 218 217 223
219 213 214 215
220 224 228 232
220 216 212 208
221 227 226 225
221 222 223 217
222 221 227 226
222 223 217 218
223 222 221 227
223 217 218 219
224 228 232 236
224 220 216 212
225 231 230 229
225 226 227 221
226 225 231 230
226 227 221 222
227 226 225 231
227 221 222 223
228 232 236 239
228 224 220 216
229 235 234 233
229 230 231 225
230 229 235 234
230 231 225 226
231 230 229 235
231 225 226 227
232 236 239 243
232 228 224 220
233 238 237 242
233 234 235 229
234 233 238 237
234 235 229 230
235 234 233 238
235 229 230 231
236 239 243 247
236 232 228 224
237 242 241 240
237 238 233 234
238 237 242 241
238 233 234 235
239 243 247 251
239 236 232 228
240 246 245 244
240 241 242 237
241 240 246 245
241 242 237 238
242 241 240 246
242 237 238 233
243 247 251 255
243 239 236 232
244 250 249 248
244 245 246 240
245 244 250 249
245 246 240 241
246 245 244 250
246 240 241 242
247 251 255 259
247 243 239 236
248 254 253 252
248 249 250 244
249 248 254 253
249 250 244 245
250 249 248 254
250 244 245 246
251 255 259 263
251 247 243 239
252 258 257 256
252 253 254 248
253 252 258 257
253 254 248 249
254 253 252 258
254 248 249 250
255 259 263 267
255 251 247 243
256 262 261 260
256 257 258 252
257 256 262 261
257 258 252 253
258 257 256 262
258 252 253 254
259 263 267 270
259 255 251 247
260 266 265 264
260 261 262 256
261 260 266 265
261 262 256 257
262 261 260 266
262 256 257 258
263 267 270 273
263 259 255 251
264 269 268 272
264 265 266 260
265 264 269 268
265 266 260 261
266 265 264 269
266 260 261 262
267 270 273 276
267 263 259 255
268 272 271 275
268 269 264 265
269 268 272 271
269 264 265 266
270 273 276 279
270 267 263 259
271 275 274 278
271 272 268 269
272 271 275 274
272 268 269 264
273 276 279 282
273 270 267 263
274 278 277 281
274 275 271 272
275 274 278 277
275 271 272 268
276 279 282 283
276 273 270 267
277 281 280 285
277 278 274 275
278 277 281 280
278 274 275 271
279 282 283 286
279 276 273 270
280 285 284 288
280 281 277 278
281 280 285 284
281 277 278 274
282 283 286 289
282 279 276 273
283 286 289 292
283 282 279 276
284 288 287 291
284 285 280 281
285 284 288 287
285 280 281 277
286 289 292 296
286 283 282 279
287 291 290 295
287 288 284 285
288 287 291 290
288 284 285 280
289 292 296 297
289 286 283 282
290 295 294 293
290 291 287 288
291 290 295 294
291 287 288 284
292 296 297 300
292 289 286 283
293 299 298 302
293 294 295 290
294 293 299 298
294 295 290 291
295 294 293 299
295 290 291 287
296 297 300 303
296 292 289 286
297 300 303 306
297 296 292 289
298 302 301 305
298 299 293 294
299 298 302 301
299 293 294 295
300 303 306 309
300 297 296 292
301 305 304 308
301 302 298 299
302 301 305 304
302 298 299 293
303 306 309 312
303 300 297 296
304 308 307 311
304 305 301 302
305 304 308 307
305 301 302 298
306 309 312 315
306 303 300 297
307 311 310 314
307 308 304 305
308 307 311 310
308 304 305 301
309 312 315 317
309 306 303 300
310 314 313 316
310 311 307 308
311 310 314 313
311 307 308 304
312 315 317 319
312 309 306 303
313 316 318 322
313 314 310 311
314 313 316 318
314 310 311 307
315 317 319 320
315 312 309 306
316 318 322 321
316 313 314 310
317 319 320 323
317 315 312 309
318 322 321 325
318 316 313 314
319 320 323 326
319 317 315 312
320 323 326 328
320 319 317 315
321 325 324 327
321 322 318 316
322 321 325 324
322 318 316 313
323 326 328 330
323 320 319 317
324 327 329 332
324 325 321 322
325 324 327 329
325 321 322 318
326 328 330 333
326 323 320 319
327 329 332 331
327 324 325 321
328 330 333 335
328 326 323 320
329 332 331 334
329 327 324 325
330 333 335 337
330 328 326 323
331 334 336 339
331 332 329 327
332 331 334 336
332 329 327 324
333 335 337 340
333 330 328 326
334 336 339 338
334 331 332 329
335 337 340 342
335 333 330 328
336 339 338 341
336 334 331 332
337 340 342 345
337 335 333 330
338 341 344 343
338 339 336 334
339 338 341 344
339 336 334 331
340 342 345 347
340 337 335 333
341 344 343 346
341 338 339 336
342 345 347 350
342 340 337 335
343 346 349 348
343 344 341 338
344 343 346 349
344 341 338 339
345 347 350 352
345 342 340 337
346 349 348 351
346 343 344 341
347 350 352 354
347 345 342 340
348 351 353 355
348 349 346 343
349 348 351 353
349 346 343 344
350 352 354 356
350 347 345 342
351 353 355 357
351 348 349 346
352 354 356 358
352 350 347 345
353 355 357 359
353 351 348 349
354 356 358 360
354 352 350 347
355 357 359 362
355 353 351 348
356 358 360 363
356 354 352 350
357 359 362 361
357 355 353 351
358 360 363 365
358 356 354 352
359 362 361 364
359 357 355 353
360 363 365 368
360 358 356 354
361 364 367 366
361 362 359 357
362 361 364 367
362 359 357 355
363 365 368 370
363 360 358 356
364 367 366 369
364 361 362 359
365 368 370 373
365 363 360 358
366 369 372 371
366 367 364 361
367 366 369 372
367 364 361 362
368 370 373 375
368 365 363 360
369 372 371 374
369 366 367 364
370 373 375 377
370 368 365 363
371 374 376 378
371 372 369 366
372 371 374 376
372 369 366 367
373 375 377 379
373 370 368 365
374 376 378 380
374 371 372 369
375 377 379 381
375 373 370 368
376 378 380 383
376 374 371 372
377 379 381 384
377 375 373 370
378 380 383 382
378 376 374 371
379 381 384 386
379 377 375 373
380 383 382 385
380 378 376 374
381 384 386 388
381 379 377 375
382 385 387 389
382 383 380 378
383 382 385 387
383 380 378 376
384 386 388 390
384 381 379 377
385 387 389 391
385 382 383 380
386 388 390 392
386 384 381 379
387 389 391 395
387 385 382 383
388 390 392 393
388 386 384 381
389 391 395 394
389 387 385 382
390 392 393 396
390 388 386 384
391 395 394 397
391 389 387 385
392 393 396 398
392 390 388 386
393 396 398 400
393 392 390 388
394 397 399 401
394 395 391 389
395 394 397 399
395 391 389 387
396 398 400 402
396 393 392 390
397 399 401 403
397 394 395 391
398 400 402 404
398 396 393 392
399 401 403 405
399 397 394 395
400 402 404 406
400 398 396 393
401 403 405 407
401 399 397 394
402 404 406 408
402 400 398 396
403 405 407 409
403 401 399 397
404 406 408 410
404 402 400 398
405 407 409 411
405 403 401 399
406 408 410 412
406 404 402 400
407 409 411 413
407 405 403 401
408 410 412 414
408 406 404 402
409 411 413 415
409 407 405 403
410 412 414 416
410 408 406 404
411 413 415 417
411 409 407 405
412 414 416 418
412 410 408 406
413 415 417 419
413 411 409 407
414 416 418 420
414 412 410 408
415 417 419 421
415 413 411 409
416 418 420 422
416 414 412 410
417 419 421 423
417 415 413 411
418 420 422 424
418 416 414 412
419 421 423 426
419 417 415 413
420 422 424 427
420 418 416 414
421 423 426 425
421 419 417 415
422 424 427 429
422 420 418 416
423 426 425 428
423 421 419 417
424 427 429 431
424 422 420 418
425 428 430 432
425 426 423 421
426 425 428 430
426 423 421 419
427 429 431 433
427 424 422 420
428 430 432 434
428 425 426 423
429 431 433 435
429 427 424 422
430 432 434 436
430 428 425 426
431 433 435 437
431 429 427 424
432 434 436 438
432 430 428 425
433 435 437 439
433 431 429 427
434 436 438 440
434 432 430 428
435 437 439 441
435 433 431 429
436 438 440 442
436 434 432 430
437 439 441 443
437 435 433 431
438 440 442 444
438 436 434 432
439 441 443 445
439 437 435 433
440 442 444 446
440 438 436 434
441 443 445 447
441 439 437 435
442 444 446 448
442 440 438 436
443 445 447 449
443 441 439 437
444 446 448 450
444 442 440 438
445 447 449 451
445 443 441 439
446 448 450 452
446 444 442 440
447 449 451 453
447 445 443 441
448 450 452 454
448 446 444 442
449 451 453 455
449 447 445 443
450 452 454 456
450 448 446 444
451 453 455 457
451 449 447 445
452 454 456 458
452 450 448 446
453 455 457 459
453 451 449 447
454 456 458 460
454 452 450 448
455 457 459 461
455 453 451 449
456 458 460 463
456 454 452 450
457 459 461 464
457 455 453 451
458 460 463 462
458 456 454 452
459 461 464 466
459 457 455 453
460 463 462 465
460 458 456 454
461 464 466 467
461 459 457 455
462 465 468 470
462 463 460 458
463 462 465 468
463 460 458 456
464 466 467 469
464 461 459 457
465 468 470 472
465 462 463 460
466 467 469 471
466 464 461 459
467 469 471 473
467 466 464 461
468 470 472 474
468 465 462 463
469 471 473 475
469 467 466 464
470 472 474 477
470 468 465 462
471 473 475 476
471 469 467 466
472 474 477 479
472 470 468 465
473 475 476 478
473 471 469 467
474 477 479 482
474 472 470 468
475 476 478 480
475 473 471 469
476 478 480 483
476 475 473 471
477 479 482 481
477 474 472 470
478 480 483 485
478 476 475 473
479 482 481 484
479 477 474 472
480 483 485 487
480 478 476 475
481 484 486 488
481 482 479 477
482 481 484 486
482 479 477 474
483 485 487 489
483 480 478 476
484 486 488 490
484 481 482 479
485 487 489 491
485 483 480 478
486 488 490 492
486 484 481 482
487 489 491 493
487 485 483 480
488 490 492 494
488 486 484 481
489 491 493 495
489 487 485 483
490 492 494 496
490 488 486 484
491 493 495 497
491 489 487 485
492 494 496 498
492 490 488 486
493 495 497 499
493 491 489 487
494 496 498 501
494 492 490 488
495 497 499 502
495 493 491 489
496 498 501 500
496 494 492 490
497 499 502 504
497 495 493 491
498 501 500 503
498 496 494 492
499 502 504 506
499 497 495 493
500 503 505 507
500 501 498 496
501 500 503 505
501 498 496 494
502 504 506 508
502 499 497 495
503 505 507 509
503 500 501 498
504 506 508 510
504 502 499 497
505 507 509 511
505 503 500 501
506 508 510 512
506 504 502 499
507 509 511 513
507 505 503 500
508 510 512 514
508 506 504 502
509 511 513 515
509 507 505 503
510 512 514 516
510 508 506 504
511 513 515 517
511 509 507 505
512 514 516 518
512 510 508 506
513 515 517 519
513 511 509 507
514 516 518 520
514 512 510 508
515 517 519 521
515 513 511 509
516 518 520 522
516 514 512 510
517 519 521 523
517 515 513 511
518 520 522 524
518 516 514 512
519 521 523 525
519 517 515 513
520 522 524 526
520 518 516 514
521 523 525 527
521 519 517 515
522 524 526 528
522 520 518 516
523 525 527 529
523 521 519 517
524 526 528 530
524 522 520 518
525 527 529 531
525 523 521 519
526 528 530 532
526 524 522 520
527 529 531 534
527 525 523 521
528 530 532 533
528 526 524 522
529 531 534 536
529 527 525 523
530 532 533 535
530 528 526 524
531 534 536 538
531 529 527 525
532 533 535 537
532 530 528 526
533 535 537 539
533 532 530 528
534 536 538 540
534 531 529 527
535 537 539 541
535 533 532 530
536 538 540 542
536 534 531 529
537 539 541 543
537 535 533 532
538 540 542 544
538 536 534 531
539 541 543 545
539 537 535 533
540 542 544 546
540 538 536 534
541 543 545 547
541 539 537 535
542 544 546 548
542 540 538 536
543 545 547 549
543 541 539 537
544 546 548 551
544 542 540 538
545 547 549 550
545 543 541 539
546 548 551 553
546 544 542 540
547 549 550 552
547 545 543 541
548 551 553 555
548 546 544 542
549 550 552 554
549 547 545 543
550 552 554 556
550 549 547 545
551 553 555 557
551 548 546 544
552 554 556 558
552 550 549 547
553 555 557 560
553 551 548 546
554 556 558 559
554 552 550 549
555 557 560 562
555 553 551 548
556 558 559 561
556 554 552 550
557 560 562 564
557 555 553 551
558 559 561 563
558 556 554 552
559 561 563 565
559 558 556 554
560 562 564 566
560 557 555 553
561 563 565 567
561 559 558 556
562 564 566 568
562 560 557 555
563 565 567 569
563 561 559 558
564 566 568 570
564 562 560 557
565 567 569 571
565 563 561 559
566 568 570 572
566 564 562 560
567 569 571 573
567 565 563 561
568 570 572 574
568 566 564 562
569 571 573 575
569 567 565 563
570 572 574 576
570 568 566 564
571 573 575 577
571 569 567 565
572 574 576 578
572 570 568 566
573 575 577 579
573 571 569 567
574 576 578 580
574 572 570 568
575 577 579 581
575 573 571 569
576 578 580 582
576 574 572 570
577 579 581 583
577 575 573 571
578 580 582 584
578 576 574 572
579 581 583 585
579 577 575 573
580 582 584 586
580 578 576 574
581 583 585 587
581 579 577 575
582 584 586 588
582 580 578 576
583 585 587 589
583 581 579 577
584 586 588 590
584 582 580 578
585 587 589 591
585 583 581 579
586 588 590 592
586 584 582 580
587 589 591 593
587 585 583 581
588 590 592 594
588 586 584 582
589 591 593 595
589 587 585 583
590 592 594 596
590 588 586 584
591 593 595 597
591 589 587 585
592 594 596 598
592 590 588 586
593 595 597 599
593 591 589 587
594 596 598 600
594 592 590 588
595 597 599 601
595 593 591 589
596 598 600 602
596 594 592 590
597 599 601 603
597 595 593 591
598 600 602 604
598 596 594 592
599 601 603 605
599 597 595 593
600 602 604 607
600 598 596 594
601 603 605 608
601 599 597 595
602 604 607 606
602 600 598 596
603 605 608 610
603 601 599 597
604 607 606 609
604 602 600 598
605 608 610 612
605 603 601 599
606 609 611 613
606 607 604 602
607 606 609 611
607 604 602 600
608 610 612 614
608 605 603 601
609 611 613 616
609 606 607 604
610 612 614 615
610 608 605 603
611 613 616 618
611 609 606 607
612 614 615 617
612 610 608 605
613 616 618 620
613 611 609 606
614 615 617 619
614 612 610 608
615 617 619 621
615 614 612 610
616 618 620 622
616 613 611 609
617 619 621 623
617 615 614 612
618 620 622 624
618 616 613 611
619 621 623 625
619 617 615 614
620 622 624 626
620 618 616 613
621 623 625 627
621 619 617 615
622 624 626 628
622 620 618 616
623 625 627 629
623 621 619 617
624 626 628 630
624 622 620 618
625 627 629 631
625 623 621 619
626 628 630 633
626 624 622 620
627 629 631 632
627 625 623 621
628 630 633 635
628 626 624 622
629 631 632 634
629 627 625 623
630 633 635 637
630 628 626 624
631 632 634 636
631 629 627 625
632 634 636 638
632 631 629 627
633 635 637 639
633 630 628 626
634 636 638 640
634 632 631 629
635 637 639 642
635 633 630 628
636 638 640 641
636 634 632 631
637 639 642 644
637 635 633 630
638 640 641 643
638 636 634 632
639 642 644 646
639 637 635 633
640 641 643 645
640 638 636 634
641 643 645 647
641 640 638 636
642 644 646 648
642 639 637 635
643 645 647 649
643 641 640 638
644 646 648 650
644 642 639 637
645 647 649 651
645 643 641 640
646 648 650 652
646 644 642 639
647 649 651 653
647 645 643 641
648 650 652 654
648 646 644 642
649 651 653 655
649 647 645 643
650 652 654 656
650 648 646 644
651 653 655 657
651 649 647 645
652 654 656 658
652 650 648 646
653 655 657 659
653 651 649 647
654 656 658 660
654 652 650 648
655 657 659 661
655 653 651 649
656 658 660 662
656 654 652 650
657 659 661 663
657 655 653 651
658 660 662 664
658 656 654 652
659 661 663 665
659 657 655 653
660 662 664 666
660 658 656 654
661 663 665 667
661 659 657 655
662 664 666 668
662 660 658 656
663 665 667 669
663 661 659 657
664 666 668 670
664 662 660 658
665 667 669 671
665 663 661 659
666 668 670 672
666 664 662 660
667 669 671 673
667 665 663 661
668 670 672 674
668 666 664 662
669 671 673 675
669 667 665 663
670 672 674 676
670 668 666 664
671 673 675 677
671 669 667 665
672 674 676 678
672 670 668 666
673 675 677 679
673 671 669 667
674 676 678 680
674 672 670 668
675 677 679 681
675 673 671 669
676 678 680 682
676 674 672 670
677 679 681 683
677 675 673 671
678 680 682 684
678 676 674 672
679 681 683 685
679 677 675 673
680 682 684 686
680 678 676 674
681 683 685 687
681 679 677 675
682 684 686 688
682 680 678 676
683 685 687 689
683 681 679 677
684 686 688 690
684 682 680 678
685 687 689 691
685 683 681 679
686 688 690 692
686 684 682 680
687 689 691 693
687 685 683 681
688 690 692 694
688 686 684 682
689 691 693 695
689 687 685 683
690 692 694 697
690 688 686 684
691 693 695 696
691 689 687 685
692 694 697 699
692 690 688 686
693 695 696 698
693 691 689 687
694 697 699 701
694 692 690 688
695 696 698 700
695 693 691 689
696 698 700 702
696 695 693 691
697 699 701 703
697 694 692 690
698 700 702 704
698 696 695 693
699 701 703 706
699 697 694 692
700 702 704 705
700 698 696 695
701 703 706 708
701 699 697 694
702 704 705 707
702 700 698 696
703 706 708 710
703 701 699 697
704 705 707 709
704 702 700 698
705 707 709 711
705 704 702 700
706 708 710 712
706 703 701 699
707 709 711 713
707 705 704 702
708 710 712 715
708 706 703 701
709 711 713 714
709 707 705 704
710 712 715 717
710 708 706 703
711 713 714 716
711 709 707 705
712 715 717 719
712 710 708 706
713 714 716 718
713 711 709 707
714 716 718 720
714 713 711 709
715 717 719 721
715 712 710 708
716 718 720 722
716 714 713 711
717 719 721 724
717 715 712 710
718 720 722 723
718 716 714 713
719 721 724 726
719 717 715 712
720 722 723 725
720 718 716 714
721 724 726 728
721 719 717 715
722 723 725 727
722 720 718 716
723 725 727 729
723 722 720 718
724 726 728 730
724 721 719 717
725 727 729 731
725 723 722 720
726 728 730 732
726 724 721 719
727 729 731 733
727 725 723 722
728 730 732 734
728 726 724 721
729 731 733 735
729 727 725 723
730 732 734 736
730 728 726 724
731 733 735 737
731 729 727 725
732 734 736 738
732 730 728 726
733 735 737 739
733 731 729 727
734 736 738 740
734 732 730 728
735 737 739 741
735 733 731 729
736 738 740 742
736 734 732 730
737 739 741 743
737 735 733 731
738 740 742 744
738 736 734 732
739 741 743 745
739 737 735 733
740 742 744 746
740 738 736 734
741 743 745 747
741 739 737 735
742 744 746 748
742 740 738 736
743 745 747 749
743 741 739 737
744 746 748 750
744 742 740 738
745 747 749 751
745 743 741 739
746 748 750 752
746 744 742 740
747 749 751 753
747 745 743 741
748 750 752 754
748 746 744 742
749 751 753 755
749 747 745 743
750 752 754 756
750 748 746 744
751 753 755 757
751 749 747 745
752 754 756 758
752 750 748 746
753 755 757 759
753 751 749 747
754 756 758 760
754 752 750 748
755 757 759 761
755 753 751 749
756 758 760 762
756 754 752 750
757 759 761 763
757 755 753 751
758 760 762 764
758 756 754 752
759 761 763 765
759 757 755 753
760 762 764 766
760 758 756 754
761 763 765 767
761 759 757 755
762 764 766 768
762 760 758 756
763 765 767 769
763 761 759 757
764 766 768 770
764 762 760 758
765 767 769 771
765 763 761 759
766 768 770 772
766 764 762 760
767 769 771 773
767 765 763 761
768 770 772 774
768 766 764 762
769 771 773 775
769 767 765 763
770 772 774 776
770 768 766 764
771 773 775 777
771 769 767 765
772 774 776 779
772 770 768 766
773 775 777 778
773 771 769 767
774 776 779 781
774 772 770 768
775 777 778 780
775 773 771 769
776 779 781 783
776 774 772 770
777 778 780 782
777 775 773 771
778 780 782 784
778 777 775 773
779 781 783 785
779 776 774 772
780 782 784 786
780 778 777 775
781 783 785 787
781 779 776 774
782 784 786 788
782 780 778 777
783 785 787 789
783 781 779 776
784 786 788 790
784 782 780 778
785 787 789 791
785 783 781 779
786 788 790 792
786 784 782 780
787 789 791 793
787 785 783 781
788 790 792 794
788 786 784 782
789 791 793 795
789 787 785 783
790 792 794 796
790 788 786 784
791 793 795 797
791 789 787 785
792 794 796 798
792 790 788 786
793 795 797 799
793 791 789 787
794 796 798 800
794 792 790 788
795 797 799 801
795 793 791 789
796 798 800 802
796 794 792 790
797 799 801 804
797 795 793 791
798 800 802 803
798 796 794 792
799 801 804 806
799 797 795 793
800 802 803 805
800 798 796 794
801 804 806 808
801 799 797 795
802 803 805 807
802 800 798 796
803 805 807 809
803 802 800 798
804 806 808 810
804 801 799 797
805 807 809 811
805 803 802 800
806 808 810 812
806 804 801 799
807 809 811 813
807 805 803 802
808 810 812 814
808 806 804 801
809 811 813 815
809 807 805 803
810 812 814 816
810 808 806 804
811 813 815 817
811 809 807 805
812 814 816 818
812 810 808 806
813 815 817 819
813 811 809 807
814 816 818 820
814 812 810 808
815 817 819 821
815 813 811 809
816 818 820 822
816 814 812 810
817 819 821 823
817 815 813 811
818 820 822 824
818 816 814 812
819 821 823 825
819 817 815 813
820 822 824 826
820 818 816 814
821 823 825 827
821 819 817 815
822 824 826 828
822 820 818 816
823 825 827 829
823 821 819 817
824 826 828 830
824 822 820 818
825 827 829 831
825 823 821 819
826 828 830 832
826 824 822 820
827 829 831 833
827 825 823 821
828 830 832 834
828 826 824 822
829 831 833 835
829 827 825 823
830 832 834 836
830 828 826 824
831 833 835 837
831 829 827 825
832 834 836 838
832 830 828 826
833 835 837 839
833 831 829 827
834 836 838 840
834 832 830 828
835 837 839 841
835 833 831 829
836 838 840 842
836 834 832 830
837 839 841 843
837 835 833 831
838 840 842 844
838 836 834 832
839 841 843 845
839 837 835 833
840 842 844 846
840 838 836 834
841 843 845 847
841 839 837 835
842 844 846 848
842 840 838 836
843 845 847 849
843 841 839 837
844 846 848 850
844 842 840 838
845 847 849 851
845 843 841 839
846 848 850 852
846 844 842 840
847 849 851 853
847 845 843 841
848 850 852 854
848 846 844 842
849 851 853 855
849 847 845 843
850 852 854 856
850 848 846 844
851 853 855 857
851 849 847 845
852 854 856 859
852 850 848 846
853 855 857 858
853 851 849 847
854 856 859 861
854 852 850 848
855 857 858 860
855 853 851 849
856 859 861 863
856 854 852 850
857 858 860 862
857 855 853 851
858 860 862 864
858 857 855 853
859 861 863 865
859 856 854 852
860 862 864 866
860 858 857 855
861 863 865 867
861 859 856 854
862 864 866 868
862 860 858 857
863 865 867 869
863 861 859 856
864 866 868 870
864 862 860 858
865 867 869 871
865 863 861 859
866 868 870 872
866 864 862 860
867 869 871 873
867 865 863 861
868 870 872 874
868 866 864 862
869 871 873 875
869 867 865 863
870 872 874 876
870 868 866 864
871 873 875 877
871 869 867 865
872 874 876 878
872 870 868 866
873 875 877 879
873 871 869 867
874 876 878 880
874 872 870 868
875 877 879 881
875 873 871 869
876 878 880 882
876 874 872 870
877 879 881 883
877 875 873 871
878 880 882 884
878 876 874 872
879 881 883 885
879 877 875 873
880 882 884 886
880 878 876 874
881 883 885 887
881 879 877 875
882 884 886 888
882 880 878 876
883 885 887 889
883 881 879 877
884 886 888 890
884 882 880 878
885 887 889 891
885 883 881 879
886 888 890 892
886 884 882 880
887 889 891 893
887 885 883 881
888 890 892 894
888 886 884 882
889 891 893 895
889 887 885 883
890 892 894 896
890 888 886 884
891 893 895 897
891 889 887 885
892 894 896 898
892 890 888 886
893 895 897 899
893 891 889 887
894 896 898 900
894 892 890 888
895 897 899 901
895 893 891 889
896 898 900 902
896 894 892 890
897 899 901 903
897 895 893 891
898 900 902 904
898 896 894 892
899 901 903 905
899 897 895 893
900 902 904 906
900 898 896 894
901 903 905 907
901 899 897 895
902 904 906 908
902 900 898 896
903 905 907 909
903 901 899 897
904 906 908 910
904 902 900 898
905 907 909 911
905 903 901 899
906 908 910 912
906 904 902 900
907 909 911 913
907 905 903 901
908 910 912 914
908 906 904 902
909 911 913 915
909 907 905 903
910 912 914 916
910 908 906 904
911 913 915 917
911 909 907 905
912 914 916 918
912 910 908 906
913 915 917 919
913 911 909 907
914 916 918 920
914 912 910 908
915 917 919 921
915 913 911 909
916 918 920 922
916 914 912 910
917 919 921 923
917 915 913 911
918 920 922 924
918 916 914 912
919 921 923 925
919 917 915 913
920 922 924 926
920 918 916 914
921 923 925 927
921 919 917 915
922 924 926 928
922 920 918 916
923 925 927 929
923 921 919 917
924 926 928 930
924 922 920 918
925 927 929 931
925 923 921 919
926 928 930 932
926 924 922 920
927 929 931 933
927 925 923 921
928 930 932 934
928 926 924 922
929 931 933 935
929 927 925 923
930 932 934 936
930 928 926 924
931 933 935 937
931 929 927 925
932 934 936 938
932 930 928 926
933 935 937 939
933 931 929 927
934 936 938 940
934 932 930 928
935 937 939 941
935 933 931 929
936 938 940 942
936 934 932 930
937 939 941 943
937 935 933 931
938 940 942 944
938 936 934 932
939 941 943 945
939 937 935 933
940 942 944 946
940 938 936 934
941 943 945 947
941 939 937 935
942 944 946 948
942 940 938 936
943 945 947 949
943 941 939 937
944 946 948 950
944 942 940 938
945 947 949 951
945 943 941 939
946 948 950 952
946 944 942 940
947 949 951 953
947 945 943 941
948 950 952 954
948 946 944 942
949 951 953 955
949 947 945 943
950 952 954 956
950 948 946 944
951 953 955 957
951 949 947 945
952 954 956 958
952 950 948 946
953 955 957 959
953 951 949 947
954 956 958 960
954 952 950 948
955 957 959 961
955 953 951 949
956 958 960 962
956 954 952 950
957 959 961 963
957 955 953 951
958 960 962 964
958 956 954 952
959 961 963 965
959 957 955 953
960 962 964 967
960 958 956 954
961 963 965 968
961 959 957 955
962 964 967 966
962 960 958 956
963 965 968 970
963 961 959 957
964 967 966 969
964 962 960 958
965 968 970 972
965 963 961 959
966 969 971 973
966 967 964 962
967 966 969 971
967 964 962 960
968 970 972 974
968 965 963 961
969 971 973 975
969 966 967 964
970 972 974 976
970 968 965 963
971 973 975 977
971 969 966 967
972 974 976 978
972 970 968 965
973 975 977 979
973 971 969 966
974 976 978 980
974 972 970 968
975 977 979 981
975 973 971 969
976 978 980 982
976 974 972 970
977 979 981 983
977 975 973 971
978 980 982 984
978 976 974 972
979 981 983 985
979 977 975 973
980 982 984 986
980 978 976 974
981 983 985 987
981 979 977 975
982 984 986 988
982 980 978 976
983 985 987 989
983 981 979 977
984 986 988 990
984 982 980 978
985 987 989 992
985 983 981 979
986 988 990 993
986 984 982 980
987 989 992 991
987 985 983 981
988 990 993 995
988 986 984 982
989 992 991 994
989 987 985 983
990 993 995 997
990 988 986 984
991 994 996 998
991 992 989 987
992 991 994 996
992 989 987 985
993 995 997 999
993 990 988 986
994 996 998 1000
994 991 992 989
995 997 999 1001
995 993 990 988
996 998 1000 1002
996 994 991 992
997 999 1001 1003
997 995 993 990
998 1000 1002 1004
998 996 994 991
999 1001 1003 1005
999 997 995 993
1000 1002 1004 1006
1000 998 996 994
1001 1003 1005 1007
1001 999 997 995
1002 1004 1006 1008
1002 1000 998 996
1003 1005 1007 1009
1003 1001 999 997
1004 1006 1008 1010
1004 1002 1000 998
1005 1007 1009 1011
1005 1003 1001 999
1006 1008 1010 1012
1006 1004 1002 1000
1007 1009 1011 1013
1007 1005 1003 1001
1008 1010 1012 1014
1008 1006 1004 1002
1009 1011 1013 1015
1009 1007 1005 1003
1010 1012 1014 1016
1010 1008 1006 1004
1011 1013 1015 1017
1011 1009 1007 1005
1012 1014 1016 1018
1012 1010 1008 1006
1013 1015 1017 1019
1013 1011 1009 1007
1014 1016 1018 1020
1014 1012 1010 1008
1015 1017 1019 1021
1015 1013 1011 1009
1016 1018 1020 1022
1016 1014 1012 1010
1017 1019 1021 1023
1017 1015 1013 1011
1018 1020 1022 1024
1018 1016 1014 1012
1019 1021 1023 1025
1019 1017 1015 1013
1020 1022 1024 1026
1020 1018 1016 1014
1021 1023 1025 1027
1021 1019 1017 1015
1022 1024 1026 1028
1022 1020 1018 1016
1023 1025 1027 1029
1023 1021 1019 1017
1024 1026 1028 1030
1024 1022 1020 1018
1025 1027 1029 1031
1025 1023 1021 1019
1026 1028 1030 1032
1026 1024 1022 1020
1027 1029 1031 1033
1027 1025 1023 1021
1028 1030 1032 1034
1028 1026 1024 1022
1029 1031 1033 1035
1029 1027 1025 1023
1030 1032 1034 1036
1030 1028 1026 1024
1031 1033 1035 1037
1031 1029 1027 1025
1032 1034 1036 1038
1032 1030 1028 1026
1033 1035 1037 1039
1033 1031 1029 1027
1034 1036 1038 1040
1034 1032 1030 1028
1035 1037 1039 1041
1035 1033 1031 1029
1036 1038 1040 1042
1036 1034 1032 1030
1037 1039 1041 1043
1037 1035 1033 1031
1038 1040 1042 1044
1038 1036 1034 1032
1039 1041 1043 1045
1039 1037 1035 1033
1040 1042 1044 1046
1040 1038 1036 1034
1041 1043 1045 1047
1041 1039 1037 1035
1042 1044 1046 1048
1042 1040 1038 1036
1043 1045 1047 1049
1043 1041 1039 1037
1044 1046 1048 1050
1044 1042 1040 1038
1045 1047 1049 1051
1045 1043 1041 1039
1046 1048 1050 1052
1046 1044 1042 1040
1047 1049 1051 1053
1047 1045 1043 1041
1048 1050 1052 1054
1048 1046 1044 1042
1049 1051 1053 1055
1049 1047 1045 1043
1050 1052 1054 1056
1050 1048 1046 1044
1051 1053 1055 1057
1051 1049 1047 1045
1052 1054 1056 1058
1052 1050 1048 1046
1053 1055 1057 1059
1053 1051 1049 1047
1054 1056 1058 1060
1054 1052 1050 1048
1055 1057 1059 1061
1055 1053 1051 1049
1056 1058 1060 1062
1056 1054 1052 1050
1057 1059 1061 1063
1057 1055 1053 1051
1058 1060 1062 1064
1058 1056 1054 1052
1059 1061 1063 1065
1059 1057 1055 1053
1060 1062 1064 1066
1060 1058 1056 1054
1061 1063 1065 1067
1061 1059 1057 1055
1062 1064 1066 1068
1062 1060 1058 1056
1063 1065 1067 1069
1063 1061 1059 1057
1064 1066 1068 1070
1064 1062 1060 1058
1065 1067 1069 1071
1065 1063 1061 1059
1066 1068 1070 1072
1066 1064 1062 1060
1067 1069 1071 1073
1067 1065 1063 1061
1068 1070 1072 1074
1068 1066 1064 1062
1069 1071 1073 1075
1069 1067 1065 1063
1070 1072 1074 1076
1070 1068 1066 1064
1071 1073 1075 1077
1071 1069 1067 1065
1072 1074 1076 1078
1072 1070 1068 1066
1073 1075 1077 1079
1073 1071 1069 1067
1074 1076 1078 1080
1074 1072 1070 1068
1075 1077 1079 1081
1075 1073 1071 1069
1076 1078 1080 1082
1076 1074 1072 1070
1077 1079 1081 1083
1077 1075 1073 1071
1078 1080 1082 1084
1078 1076 1074 1072
1079 1081 1083 1085
1079 1077 1075 1073
1080 1082 1084 1086
1080 1078 1076 1074
1081 1083 1085 1087
1081 1079 1077 1075
1082 1084 1086 1088
1082 1080 1078 1076
1083 1085 1087 1089
1083 1081 1079 1077
1084 1086 1088 1091
1084 1082 1080 1078
1085 1087 1089 1092
1085 1083 1081 1079
1086 1088 1091 1090
1086 1084 1082 1080
1087 1089 1092 1094
1087 1085 1083 1081
1088 1091 1090 1093
1088 1086 1084 1082
1089 1092 1094 1096
1089 1087 1085 1083
1090 1093 1095 1097
1090 1091 1088 1086
1091 1090 1093 1095
1091 1088 1086 1084
1092 1094 1096 1098
1092 1089 1087 1085
1093 1095 1097 1099
1093 1090 1091 1088
1094 1096 1098 1100
1094 1092 1089 1087
1095 1097 1099 1101
1095 1093 1090 1091
1096 1098 1100 1102
1096 1094 1092 1089
1097 1099 1101 1103
1097 1095 1093 1090
1098 1100 1102 1104
1098 1096 1094 1092
1099 1101 1103 1105
1099 1097 1095 1093
1100 1102 1104 1106
1100 1098 1096 1094
1101 1103 1105 1107
1101 1099 1097 1095
1102 1104 1106 1108
1102 1100 1098 1096
1103 1105 1107 1109
1103 1101 1099 1097
1104 1106 1108 1110
1104 1102 1100 1098
1105 1107 1109 1111
1105 1103 1101 1099
1106 1108 1110 1112
1106 1104 1102 1100
1107 1109 1111 1113
1107 1105 1103 1101
1108 1110 1112 1114
1108 1106 1104 1102
1109 1111 1113 1115
1109 1107 1105 1103
1110 1112 1114 1116
1110 1108 1106 1104
1111 1113 1115 1117
1111 1109 1107 1105
1112 1114 1116 1118
1112 1110 1108 1106
1113 1115 1117 1119
1113 1111 1109 1107
1114 1116 1118 1120
1114 1112 1110 1108
1115 1117 1119 1121
1115 1113 1111 1109
1116 1118 1120 1122
1116 1114 1112 1110
1117 1119 1121 1123
1117 1115 1113 1111
1118 1120 1122 1124
1118 1116 1114 1112
1119 1121 1123 1125
1119 1117 1115 1113
1120 1122 1124 1126
1120 1118 1116 1114
1121 1123 1125 1127
1121 1119 1117 1115
1122 1124 1126 1128
1122 1120 1118 1116
1123 1125 1127 1129
1123 1121 1119 1117
1124 1126 1128 1130
1124 1122 1120 1118
1125 1127 1129 1131
1125 1123 1121 1119
1126 1128 1130 1132
1126 1124 1122 1120
1127 1129 1131 1133
1127 1125 1123 1121
1128 1130 1132 1134
1128 1126 1124 1122
1129 1131 1133 1135
1129 1127 1125 1123
1130 1132 1134 1136
1130 1128 1126 1124
1131 1133 1135 1137
1131 1129 1127 1125
1132 1134 1136 1138
1132 1130 1128 1126
1133 1135 1137 1139
1133 1131 1129 1127
1134 1136 1138 1140
1134 1132 1130 1128
1135 1137 1139 1141
1135 1133 1131 1129
1136 1138 1140 1142
1136 1134 1132 1130
1137 1139 1141 1143
1137 1135 1133 1131
1138 1140 1142 1144
1138 1136 1134 1132
1139 1141 1143 1145
1139 1137 1135 1133
1140 1142 1144 1146
1140 1138 1136 1134
1141 1143 1145 1147
1141 1139 1137 1135
1142 1144 1146 1148
1142 1140 1138 1136
1143 1145 1147 1149
1143 1141 1139 1137
1144 1146 1148 1150
1144 1142 1140 1138
1145 1147 1149 1151
1145 1143 1141 1139
1146 1148 1150 1152
1146 1144 1142 1140
1147 1149 1151 1153
1147 1145 1143 1141
1148 1150 1152 1154
1148 1146 1144 1142
1149 1151 1153 1155
1149 1147 1145 1143
1150 1152 1154 1156
1150 1148 1146 1144
1151 1153 1155 1157
1151 1149 1147 1145
1152 1154 1156 1158
1152 1150 1148 1146
1153 1155 1157 1159
1153 1151 1149 1147
1154 1156 1158 1160
1154 1152 1150 1148
1155 1157 1159 1161
1155 1153 1151 1149
1156 1158 1160 1162
1156 1154 1152 1150
1157 1159 1161 1163
1157 1155 1153 1151
1158 1160 1162 1164
1158 1156 1154 1152
1159 1161 1163 1165
1159 1157 1155 1153
1160 1162 1164 1166
1160 1158 1156 1154
1161 1163 1165 1167
1161 1159 1157 1155
1162 1164 1166 1168
1162 1160 1158 1156
1163 1165 1167 1169
1163 1161 1159 1157
1164 1166 1168 1170
1164 1162 1160 1158
1165 1167 1169 1171
1165 1163 1161 1159
1166 1168 1170 1172
1166 1164 1162 1160
1167 1169 1171 1173
1167 1165 1163 1161
1168 1170 1172 1174
1168 1166 1164 1162
1169 1171 1173 1176
1169 1167 1165 1163
1170 1172 1174 1177
1170 1168 1166 1164
1171 1173 1176 1175
1171 1169 1167 1165
1172 1174 1177 1179
1172 1170 1168 1166
1173 1176 1175 1178
1173 1171 1169 1167
1174 1177 1179 1181
1174 1172 1170 1168
1175 1178 1180 1182
1175 1176 1173 1171
1176 1175 1178 1180
1176 1173 1171 1169
1177 1179 1181 1183
1177 1174 1172 1170
1178 1180 1182 1184
1178 1175 1176 1173
1179 1181 1183 1185
1179 1177 1174 1172
1180 1182 1184 1186
1180 1178 1175 1176
1181 1183 1185 1187
1181 1179 1177 1174
1182 1184 1186 1188
1182 1180 1178 1175
1183 1185 1187 1189
1183 1181 1179 1177
1184 1186 1188 1190
1184 1182 1180 1178
1185 1187 1189 1191
1185 1183 1181 1179
1186 1188 1190 1192
1186 1184 1182 1180
1187 1189 1191 1193
1187 1185 1183 1181
1188 1190 1192 1194
1188 1186 1184 1182
1189 1191 1193 1195
1189 1187 1185 1183
1190 1192 1194 1196
1190 1188 1186 1184
1191 1193 1195 1197
1191 1189 1187 1185
1192 1194 1196 1198
1192 1190 1188 1186
1193 1195 1197 1199
1193 1191 1189 1187
1194 1196 1198 1200
1194 1192 1190 1188
1195 1197 1199 1201
1195 1193 1191 1189
1196 1198 1200 1202
1196 1194 1192 1190
1197 1199 1201 1203
1197 1195 1193 1191
1198 1200 1202 1204
1198 1196 1194 1192
1199 1201 1203 1205
1199 1197 1195 1193
1200 1202 1204 1206
1200 1198 1196 1194
1201 1203 1205 1207
1201 1199 1197 1195
1202 1204 1206 1208
1202 1200 1198 1196
1203 1205 1207 1209
1203 1201 1199 1197
1204 1206 1208 1210
1204 1202 1200 1198
1205 1207 1209 1211
1205 1203 1201 1199
1206 1208 1210 1212
1206 1204 1202 1200
1207 1209 1211 1213
1207 1205 1203 1201
1208 1210 1212 1215
1208 1206 1204 1202
1209 1211 1213 1216
1209 1207 1205 1203
1210 1212 1215 1214
1210 1208 1206 1204
1211 1213 1216 1218
1211 1209 1207 1205
1212 1215 1214 1217
1212 1210 1208 1206
1213 1216 1218 1220
1213 1211 1209 1207
1214 1217 1219 1221
1214 1215 1212 1210
1215 1214 1217 1219
1215 1212 1210 1208
1216 1218 1220 1222
1216 1213 1211 1209
1217 1219 1221 1223
1217 1214 1215 1212
1218 1220 1222 1224
1218 1216 1213 1211
1219 1221 1223 1225
1219 1217 1214 1215
1220 1222 1224 1226
1220 1218 1216 1213
1221 1223 1225 1227
1221 1219 1217 1214
1222 1224 1226 1228
1222 1220 1218 1216
1223 1225 1227 1229
1223 1221 1219 1217
1224 1226 1228 1230
1224 1222 1220 1218
1225 1227 1229 1231
1225 1223 1221 1219
1226 1228 1230 1232
1226 1224 1222 1220
1227 1229 1231 1233
1227 1225 1223 1221
1228 1230 1232 1234
1228 1226 1224 1222
1229 1231 1233 1235
1229 1227 1225 1223
1230 1232 1234 1236
1230 1228 1226 1224
1231 1233 1235 1237
1231 1229 1227 1225
1232 1234 1236 1238
1232 1230 1228 1226
1233 1235 1237 1239
1233 1231 1229 1227
1234 1236 1238 1240
1234 1232 1230 1228
1235 1237 1239 1241
1235 1233 1231 1229
1236 1238 1240 1242
1236 1234 1232 1230
1237 1239 1241 1243
1237 1235 1233 1231
1238 1240 1242 1244
1238 1236 1234 1232
1239 1241 1243 1245
1239 1237 1235 1233
1240 1242 1244 1246
1240 1238 1236 1234
1241 1243 1245 1247
1241 1239 1237 1235
1242 1244 1246 1248
1242 1240 1238 1236
1243 1245 1247 1249
1243 1241 1239 1237
1244 1246 1248 1250
1244 1242 1240 1238
1245 1247 1249 1251
1245 1243 1241 1239
1246 1248 1250 1252
1246 1244 1242 1240
1247 1249 1251 1253
1247 1245 1243 1241
1248 1250 1252 1254
1248 1246 1244 1242
1249 1251 1253 1255
1249 1247 1245 1243
1250 1252 1254 1256
1250 1248 1246 1244
1251 1253 1255 1257
1251 1249 1247 1245
1252 1254 1256 1258
1252 1250 1248 1246
1253 1255 1257 1259
1253 1251 1249 1247
1254 1256 1258 1260
1254 1252 1250 1248
1255 1257 1259 1261
1255 1253 1251 1249
1256 1258 1260 1262
1256 1254 1252 1250
1257 1259 1261 1263
1257 1255 1253 1251
1258 1260 1262 1264
1258 1256 1254 1252
1259 1261 1263 1265
1259 1257 1255 1253
1260 1262 1264 1266
1260 1258 1256 1254
1261 1263 1265 1267
1261 1259 1257 1255
1262 1264 1266 1268
1262 1260 1258 1256
1263 1265 1267 1269
1263 1261 1259 1257
1264 1266 1268 1270
1264 1262 1260 1258
1265 1267 1269 1271
1265 1263 1261 1259
1266 1268 1270 1272
1266 1264 1262 1260
1267 1269 1271 1273
1267 1265 1263 1261
1268 1270 1272 1274
1268 1266 1264 1262
1269 1271 1273 1275
1269 1267 1265 1263
1270 1272 1274 1276
1270 1268 1266 1264
1271 1273 1275 1277
1271 1269 1267 1265
1272 1274 1276 1278
1272 1270 1268 1266
1273 1275 1277 1279
1273 1271 1269 1267
1274 1276 1278 1280
1274 1272 1270 1268
1275 1277 1279 1281
1275 1273 1271 1269
1276 1278 1280 1282
1276 1274 1272 1270
1277 1279 1281 1283
1277 1275 1273 1271
1278 1280 1282 1284
1278 1276 1274 1272
1279 1281 1283 1285
1279 1277 1275 1273
1280 1282 1284 1286
1280 1278 1276 1274
1281 1283 1285 1287
1281 1279 1277 1275
1282 1284 1286 1288
1282 1280 1278 1276
1283 1285 1287 1289
1283 1281 1279 1277
1284 1286 1288 1290
1284 1282 1280 1278
1285 1287 1289 1291
1285 1283 1281 1279
1286 1288 1290 1292
1286 1284 1282 1280
1287 1289 1291 1293
1287 1285 1283 1281
1288 1290 1292 1294
1288 1286 1284 1282
1289 1291 1293 1295
1289 1287 1285 1283
1290 1292 1294 1296
1290 1288 1286 1284
1291 1293 1295 1297
1291 1289 1287 1285
1292 1294 1296 1298
1292 1290 1288 1286
1293 1295 1297 1300
1293 1291 1289 1287
1294 1296 1298 1301
1294 1292 1290 1288
1295 1297 1300 1299
1295 1293 1291 1289
1296 1298 1301 1303
1296 1294 1292 1290
1297 1300 1299 1302
1297 1295 1293 1291
1298 1301 1303 1305
1298 1296 1294 1292
1299 1302 1304 1306
1299 1300 1297 1295
1300 1299 1302 1304
1300 1297 1295 1293
1301 1303 1305 1307
1301 1298 1296 1294
1302 1304 1306 1308
1302 1299 1300 1297
1303 1305 1307 1309
1303 1301 1298 1296
1304 1306 1308 1310
1304 1302 1299 1300
1305 1307 1309 1311
1305 1303 1301 1298
1306 1308 1310 1312
1306 1304 1302 1299
1307 1309 1311 1313
1307 1305 1303 1301
1308 1310 1312 1314
1308 1306 1304 1302
1309 1311 1313 1315
1309 1307 1305 1303
1310 1312 1314 1316
1310 1308 1306 1304
1311 1313 1315 1317
1311 1309 1307 1305
1312 1314 1316 1318
1312 1310 1308 1306
1313 1315 1317 1319
1313 1311 1309 1307
1314 1316 1318 1320
1314 1312 1310 1308
1315 1317 1319 1321
1315 1313 1311 1309
1316 1318 1320 1322
1316 1314 1312 1310
1317 1319 1321 1323
1317 1315 1313 1311
1318 1320 1322 1324
1318 1316 1314 1312
1319 1321 1323 1325
1319 1317 1315 1313
1320 1322 1324 1326
1320 1318 1316 1314
1321 1323 1325 1327
1321 1319 1317 1315
1322 1324 1326 1328
1322 1320 1318 1316
1323 1325 1327 1329
1323 1321 1319 1317
1324 1326 1328 1330
1324 1322 1320 1318
1325 1327 1329 1331
1325 1323 1321 1319
1326 1328 1330 1332
1326 1324 1322 1320
1327 1329 1331 1333
1327 1325 1323 1321
1328 1330 1332 1334
1328 1326 1324 1322
1329 1331 1333 1335
1329 1327 1325 1323
1330 1332 1334 1336
1330 1328 1326 1324
1331 1333 1335 1337
1331 1329 1327 1325
1332 1334 1336 1339
1332 1330 1328 1326
1333 1335 1337 1340
1333 1331 1329 1327
1334 1336 1339 1338
1334 1332 1330 1328
1335 1337 1340 1342
1335 1333 1331 1329
1336 1339 1338 1341
1336 1334 1332 1330
1337 1340 1342 1344
1337 1335 1333 1331
1338 1341 1343 1345
1338 1339 1336 1334
1339 1338 1341 1343
1339 1336 1334 1332
1340 1342 1344 1346
1340 1337 1335 1333
1341 1343 1345 1347
1341 1338 1339 1336
1342 1344 1346 1348
1342 1340 1337 1335
1343 1345 1347 1349
1343 1341 1338 1339
1344 1346 1348 1350
1344 1342 1340 1337
1345 1347 1349 1351
1345 1343 1341 1338
1346 1348 1350 1352
1346 1344 1342 1340
1347 1349 1351 1353
1347 1345 1343 1341
1348 1350 1352 1354
1348 1346 1344 1342
1349 1351 1353 1355
1349 1347 1345 1343
1350 1352 1354 1356
1350 1348 1346 1344
1351 1353 1355 1357
1351 1349 1347 1345
1352 1354 1356 1358
1352 1350 1348 1346
1353 1355 1357 1359
1353 1351 1349 1347
1354 1356 1358 1360
1354 1352 1350 1348
1355 1357 1359 1361
1355 1353 1351 1349
1356 1358 1360 1362
1356 1354 1352 1350
1357 1359 1361 1363
1357 1355 1353 1351
1358 1360 1362 1364
1358 1356 1354 1352
1359 1361 1363 1365
1359 1357 1355 1353
1360 1362 1364 1366
1360 1358 1356 1354
1361 1363 1365 1367
1361 1359 1357 1355
1362 1364 1366 1368
1362 1360 1358 1356
1363 1365 1367 1369
1363 1361 1359 1357
1364 1366 1368 1370
1364 1362 1360 1358
1365 1367 1369 1371
1365 1363 1361 1359
1366 1368 1370 1372
1366 1364 1362 1360
1367 1369 1371 1373
1367 1365 1363 1361
1368 1370 1372 1374
1368 1366 1364 1362
1369 1371 1373 1375
1369 1367 1365 1363
1370 1372 1374 1376
1370 1368 1366 1364
1371 1373 1375 1377
1371 1369 1367 1365
1372 1374 1376 1378
1372 1370 1368 1366
1373 1375 1377 1379
1373 1371 1369 1367
1374 1376 1378 1380
1374 1372 1370 1368
1375 1377 1379 1381
1375 1373 1371 1369
1376 1378 1380 1382
1376 1374 1372 1370
1377 1379 1381 1384
1377 1375 1373 1371
1378 1380 1382 1383
1378 1376 1374 1372
1379 1381 1384 1386
1379 1377 1375 1373
1380 1382 1383 1385
1380 1378 1376 1374
1381 1384 1386 1388
1381 1379 1377 1375
1382 1383 1385 1387
1382 1380 1378 1376
1383 1385 1387 1389
1383 1382 1380 1378
1384 1386 1388 1390
1384 1381 1379 1377
1385 1387 1389 1391
1385 1383 1382 1380
1386 1388 1390 1392
1386 1384 1381 1379
1387 1389 1391 1393
1387 1385 1383 1382
1388 1390 1392 1395
1388 1386 1384 1381
1389 1391 1393 1394
1389 1387 1385 1383
1390 1392 1395 1397
1390 1388 1386 1384
1391 1393 1394 1396
1391 1389 1387 1385
1392 1395 1397 1399
1392 1390 1388 1386
1393 1394 1396 1398
1393 1391 1389 1387
1394 1396 1398 1400
1394 1393 1391 1389
1395 1397 1399 1402
1395 1392 1390 1388
1396 1398 1400 1403
1396 1394 1393 1391
1397 1399 1402 1401
1397 1395 1392 1390
1398 1400 1403 1404
1398 1396 1394 1393
1399 1402 1401 1405
1399 1397 1395 1392
1400 1403 1404 1406
1400 1398 1396 1394
1401 1405 1407 1409
1401 1402 1399 1397
1402 1401 1405 1407
1402 1399 1397 1395
1403 1404 1406 1408
1403 1400 1398 1396
1404 1406 1408 1410
1404 1403 1400 1398
1405 1407 1409 1411
1405 1401 1402 1399
1406 1408 1410 1412
1406 1404 1403 1400
1407 1409 1411 1413
1407 1405 1401 1402
1408 1410 1412 1414
1408 1406 1404 1403
1409 1411 1413 1415
1409 1407 1405 1401
1410 1412 1414 1416
1410 1408 1406 1404
1411 1413 1415 1417
1411 1409 1407 1405
1412 1414 1416 1418
1412 1410 1408 1406
1413 1415 1417 1419
1413 1411 1409 1407
1414 1416 1418 1420
1414 1412 1410 1408
1415 1417 1419 1422
1415 1413 1411 1409
1416 1418 1420 1421
1416 1414 1412 1410
1417 1419 1422 1424
1417 1415 1413 1411
1418 1420 1421 1423
1418 1416 1414 1412
1419 1422 1424 1426
1419 1417 1415 1413
1420 1421 1423 1425
1420 1418 1416 1414
1421 1423 1425 1427
1421 1420 1418 1416
1422 1424 1426 1428
1422 1419 1417 1415
1423 1425 1427 1429
1423 1421 1420 1418
1424 1426 1428 1430
1424 1422 1419 1417
1425 1427 1429 1431
1425 1423 1421 1420
1426 1428 1430 1432
1426 1424 1422 1419
1427 1429 1431 1433
1427 1425 1423 1421
1428 1430 1432 1434
1428 1426 1424 1422
1429 1431 1433 1435
1429 1427 1425 1423
1430 1432 1434 1436
1430 1428 1426 1424
1431 1433 1435 1437
1431 1429 1427 1425
1432 1434 1436 1438
1432 1430 1428 1426
1433 1435 1437 1439
1433 1431 1429 1427
1434 1436 1438 1440
1434 1432 1430 1428
1435 1437 1439 1441
1435 1433 1431 1429
1436 1438 1440 1443
1436 1434 1432 1430
1437 1439 1441 1444
1437 1435 1433 1431
1438 1440 1443 1442
1438 1436 1434 1432
1439 1441 1444 1446
1439 1437 1435 1433
1440 1443 1442 1445
1440 1438 1436 1434
1441 1444 1446 1448
1441 1439 1437 1435
1442 1445 1447 1449
1442 1443 1440 1438
1443 1442 1445 1447
1443 1440 1438 1436
1444 1446 1448 1450
1444 1441 1439 1437
1445 1447 1449 1451
1445 1442 1443 1440
1446 1448 1450 1452
1446 1444 1441 1439
1447 1449 1451 1453
1447 1445 1442 1443
1448 1450 1452 1454
1448 1446 1444 1441
1449 1451 1453 1455
1449 1447 1445 1442
1450 1452 1454 1456
1450 1448 1446 1444
1451 1453 1455 1457
1451 1449 1447 1445
1452 1454 1456 1458
1452 1450 1448 1446
1453 1455 1457 1459
1453 1451 1449 1447
1454 1456 1458 1460
1454 1452 1450 1448
1455 1457 1459 1461
1455 1453 1451 1449
1456 1458 1460 1462
1456 1454 1452 1450
1457 1459 1461 1463
1457 1455 1453 1451
1458 1460 1462 1464
1458 1456 1454 1452
1459 1461 1463 1465
1459 1457 1455 1453
1460 1462 1464 1466
1460 1458 1456 1454
1461 1463 1465 1467
1461 1459 1457 1455
1462 1464 1466 1468
1462 1460 1458 1456
1463 1465 1467 1469
1463 1461 1459 1457
1464 1466 1468 1470
1464 1462 1460 1458
1465 1467 1469 1471
1465 1463 1461 1459
1466 1468 1470 1472
1466 1464 1462 1460
1467 1469 1471 1473
1467 1465 1463 1461
1468 1470 1472 1474
1468 1466 1464 1462
1469 1471 1473 1475
1469 1467 1465 1463
1470 1472 1474 1476
1470 1468 1466 1464
1471 1473 1475 1477
1471 1469 1467 1465
1472 1474 1476 1478
1472 1470 1468 1466
1473 1475 1477 1479
1473 1471 1469 1467
1474 1476 1478 1480
1474 1472 1470 1468
1475 1477 1479 1481
1475 1473 1471 1469
1476 1478 1480 1482
1476 1474 1472 1470
1477 1479 1481 1483
1477 1475 1473 1471
1478 1480 1482 1484
1478 1476 1474 1472
1479 1481 1483 1485
1479 1477 1475 1473
1480 1482 1484 1486
1480 1478 1476 1474
1481 1483 1485 1487
1481 1479 1477 1475
1482 1484 1486 1488
1482 1480 1478 1476
1483 1485 1487 1490
1483 1481 1479 1477
1484 1486 1488 1489
1484 1482 1480 1478
1485 1487 1490 1492
1485 1483 1481 1479
1486 1488 1489 1491
1486 1484 1482 1480
1487 1490 1492 1494
1487 1485 1483 1481
1488 1489 1491 1493
1488 1486 1484 1482
1489 1491 1493 1495
1489 1488 1486 1484
1490 1492 1494 1496
1490 1487 1485 1483
1491 1493 1495 1497
1491 1489 1488 1486
1492 1494 1496 1498
1492 1490 1487 1485
1493 1495 1497 1499
1493 1491 1489 1488
1494 1496 1498 1501
1494 1492 1490 1487
1495 1497 1499 1500
1495 1493 1491 1489
1496 1498 1501 1503
1496 1494 1492 1490
1497 1499 1500 1502
1497 1495 1493 1491
1498 1501 1503 1505
1498 1496 1494 1492
1499 1500 1502 1504
1499 1497 1495 1493
1500 1502 1504 1506
1500 1499 1497 1495
1501 1503 1505 1507
1501 1498 1496 1494
1502 1504 1506 1508
1502 1500 1499 1497
1503 1505 1507 1509
1503 1501 1498 1496
1504 1506 1508 1510
1504 1502 1500 1499
1505 1507 1509 1512
1505 1503 1501 1498
1506 1508 1510 1511
1506 1504 1502 1500
1507 1509 1512 1514
1507 1505 1503 1501
1508 1510 1511 1513
1508 1506 1504 1502
1509 1512 1514 1517
1509 1507 1505 1503
1510 1511 1513 1515
1510 1508 1506 1504
1511 1513 1515 1516
1511 1510 1508 1506
1512 1514 1517 1519
1512 1509 1507 1505
1513 1515 1516 1518
1513 1511 1510 1508
1514 1517 1519 1522
1514 1512 1509 1507
1515 1516 1518 1520
1515 1513 1511 1510
1516 1518 1520 1521
1516 1515 1513 1511
1517 1519 1522 1524
1517 1514 1512 1509
1518 1520 1521 1523
1518 1516 1515 1513
1519 1522 1524 1526
1519 1517 1514 1512
1520 1521 1523 1525
1520 1518 1516 1515
1521 1523 1525 1527
1521 1520 1518 1516
1522 1524 1526 1528
1522 1519 1517 1514
1523 1525 1527 1529
1523 1521 1520 1518
1524 1526 1528 1530
1524 1522 1519 1517
1525 1527 1529 1531
1525 1523 1521 1520
1526 1528 1530 1533
1526 1524 1522 1519
1527 1529 1531 1534
1527 1525 1523 1521
1528 1530 1533 1532
1528 1526 1524 1522
1529 1531 1534 1535
1529 1527 1525 1523
1530 1533 1532 1536
1530 1528 1526 1524
1531 1534 1535 1537
1531 1529 1527 1525
1532 1536 1538 1541
1532 1533 1530 1528
1533 1532 1536 1538
1533 1530 1528 1526
1534 1535 1537 1539
1534 1531 1529 1527
1535 1537 1539 1540
1535 1534 1531 1529
1536 1538 1541 1543
1536 1532 1533 1530
1537 1539 1540 1542
1537 1535 1534 1531
1538 1541 1543 1546
1538 1536 1532 1533
1539 1540 1542 1544
1539 1537 1535 1534
1540 1542 1544 1545
1540 1539 1537 1535
1541 1543 1546 1548
1541 1538 1536 1532
1542 1544 1545 1547
1542 1540 1539 1537
1543 1546 1548 1550
1543 1541 1538 1536
1544 1545 1547 1549
1544 1542 1540 1539
1545 1547 1549 1551
1545 1544 1542 1540
1546 1548 1550 1553
1546 1543 1541 1538
1547 1549 1551 1552
1547 1545 1544 1542
1548 1550 1553 1555
1548 1546 1543 1541
1549 1551 1552 1554
1549 1547 1545 1544
1550 1553 1555 1557
1550 1548 1546 1543
1551 1552 1554 1556
1551 1549 1547 1545
1552 1554 1556 1558
1552 1551 1549 1547
1553 1555 1557 1560
1553 1550 1548 1546
1554 1556 1558 1559
1554 1552 1551 1549
1555 1557 1560 1563
1555 1553 1550 1548
1556 1558 1559 1561
1556 1554 1552 1551
1557 1560 1563 1565
1557 1555 1553 1550
1558 1559 1561 1562
1558 1556 1554 1552
1559 1561 1562 1564
1559 1558 1556 1554
1560 1563 1565 1567
1560 1557 1555 1553
1561 1562 1564 1566
1561 1559 1558 1556
1562 1564 1566 1568
1562 1561 1559 1558
1563 1565 1567 1570
1563 1560 1557 1555
1564 1566 1568 1569
1564 1562 1561 1559
1565 1567 1570 1573
1565 1563 1560 1557
1566 1568 1569 1571
1566 1564 1562 1561
1567 1570 1573 1576
1567 1565 1563 1560
1568 1569 1571 1572
1568 1566 1564 1562
1569 1571 1572 1574
1569 1568 1566 1564
1570 1573 1576 1579
1570 1567 1565 1563
1571 1572 1574 1575
1571 1569 1568 1566
1572 1574 1575 1577
1572 1571 1569 1568
1573 1576 1579 1583
1573 1570 1567 1565
1574 1575 1577 1578
1574 1572 1571 1569
1575 1577 1578 1580
1575 1574 1572 1571
1576 1579 1583 1582
1576 1573 1570 1567
1577 1578 1580 1581
1577 1575 1574 1572
1578 1580 1581 1584
1578 1577 1575 1574
1579 1583 1582 1586
1579 1576 1573 1570
1580 1581 1584 1585
1580 1578 1577 1575
1581 1584 1585 1587
1581 1580 1578 1577
1582 1586 1589 1594
1582 1583 1579 1576
1583 1582 1586 1589
1583 1579 1576 1573
1584 1585 1587 1588
1584 1581 1580 1578
1585 1587 1588 1590
1585 1584 1581 1580
1586 1589 1594 1593
1586 1582 1583 1579
1587 1588 1590 1591
1587 1585 1584 1581
1588 1590 1591 1592
1588 1587 1585 1584
1589 1594 1593 1599
1589 1586 1582 1583
1590 1591 1592 1595
1590 1588 1587 1585
1591 1592 1595 1596
1591 1590 1588 1587
1592 1595 1596 1597
1592 1591 1590 1588
1593 1599 1598 1611
1593 1594 1589 1586
1594 1593 1599 1598
1594 1589 1586 1582
1595 1596 1597 1600
1595 1592 1591 1590
1596 1597 1600 1601
1596 1595 1592 1591
1597 1600 1601 1602
1597 1596 1595 1592
1598 1611 1610 1609
1598 1599 1593 1594
1599 1598 1611 1610
1599 1593 1594 1589
1600 1601 1602 1603
1600 1597 1596 1595
1601 1602 1603 1612
1601 1600 1597 1596
1602 1603 1612 1613
1602 1601 1600 1597
1603 1612 1613 1614
1603 1602 1601 1600
1604 1640 1639 1638
1604 1605 1606 1607
1605 1604 1640 1639
1605 1606 1607 1608
1606 1605 1604 1640
1606 1607 1608 1609
1607 1606 1605 1604
1607 1608 1609 1610
1608 1607 1606 1605
1608 1609 1610 1611
1609 1608 1607 1606
1609 1610 1611 1598
1610 1609 1608 1607
1610 1611 1598 1599
1611 1610 1609 1608
1611 1598 1599 1593
1612 1613 1614 1615
1612 1603 1602 1601
1613 1614 1615 1616
1613 1612 1603 1602
1614 1615 1616 1617
1614 1613 1612 1603
1615 1616 1617 1618
1615 1614 1613 1612
1616 1617 1618 1641
1616 1615 1614 1613
1617 1618 1641 1642
1617 1616 1615 1614
1618 1641 1642 1643
1618 1617 1616 1615
1619 1681 1680 1679
1619 1620 1621 1622
1620 1619 1681 1680
1620 1621 1622 1623
1621 1620 1619 1681
1621 1622 1623 1624
1622 1621 1620 1619
1622 1623 1624 1625
1623 1622 1621 1620
1623 1624 1625 1626
1624 1623 1622 1621
1624 1625 1626 1627
1625 1624 1623 1622
1625 1626 1627 1628
1626 1625 1624 1623
1626 1627 1628 1629
1627 1626 1625 1624
1627 1628 1629 1630
1628 1627 1626 1625
1628 1629 1630 1631
1629 1628 1627 1626
1629 1630 1631 1632
1630 1629 1628 1627
1630 1631 1632 1633
1631 1630 1629 1628
1631 1632 1633 1634
1632 1631 1630 1629
1632 1633 1634 1635
1633 1632 1631 1630
1633 1634 1635 1636
1634 1633 1632 1631
1634 1635 1636 1637
1635 1634 1633 1632
1635 1636 1637 1638
1636 1635 1634 1633
1636 1637 1638 1639
1637 1636 1635 1634
1637 1638 1639 1640
1638 1637 1636 1635
1638 1639 1640 1604
1639 1638 1637 1636
1639 1640 1604 1605
1640 1639 1638 1637
1640 1604 1605 1606
1641 1642 1643 1644
1641 1618 1617 1616
1642 1643 1644 1645
1642 1641 1618 1617
1643 1644 1645 1646
1643 1642 1641 1618
1644 1645 1646 1647
1644 1643 1642 1641
1645 1646 1647 1648
1645 1644 1643 1642
1646 1647 1648 1649
1646 1645 1644 1643
1647 1648 1649 1650
1647 1646 1645 1644
1648 1649 1650 1682
1648 1647 1646 1645
1649 1650 1682 1683
1649 1648 1647 1646
1650 1682 1683 1684
1650 1649 1648 1647
1651 1714 1713 1712
1651 1652 1653 1654
1652 1651 1714 1713
1652 1653 1654 1655
1653 1652 1651 1714
1653 1654 1655 1656
1654 1653 1652 1651
1654 1655 1656 1657
1655 1654 1653 1652
1655 1656 1657 1658
1656 1655 1654 1653
1656 1657 1658 1659
1657 1656 1655 1654
1657 1658 1659 1660
1658 1657 1656 1655
1658 1659 1660 1661
1659 1658 1657 1656
1659 1660 1661 1662
1660 1659 1658 1657
1660 1661 1662 1663
1661 1660 1659 1658
1661 1662 1663 1664
1662 1661 1660 1659
1662 1663 1664 1665
1663 1662 1661 1660
1663 1664 1665 1666
1664 1663 1662 1661
1664 1665 1666 1667
1665 1664 1663 1662
1665 1666 1667 1668
1666 1665 1664 1663
1666 1667 1668 1669
1667 1666 1665 1664
1667 1668 1669 1670
1668 1667 1666 1665
1668 1669 1670 1671
1669 1668 1667 1666
1669 1670 1671 1672
1670 1669 1668 1667
1670 1671 1672 1673
1671 1670 1669 1668
1671 1672 1673 1674
1672 1671 1670 1669
1672 1673 1674 1675
1673 1672 1671 1670
1673 1674 1675 1676
1674 1673 1672 1671
1674 1675 1676 1677
1675 1674 1673 1672
1675 1676 1677 1678
1676 1675 1674 1673
1676 1677 1678 1679
1677 1676 1675 1674
1677 1678 1679 1680
1678 1677 1676 1675
1678 1679 1680 1681
1679 1678 1677 1676
1679 1680 1681 1619
1680 1679 1678 1677
1680 1681 1619 1620
1681 1680 1679 1678
1681 1619 1620 1621
1682 1683 1684 1685
1682 1650 1649 1648
1683 1684 1685 1686
1683 1682 1650 1649
1684 1685 1686 1687
1684 1683 1682 1650
1685 1686 1687 1688
1685 1684 1683 1682
1686 1687 1688 1689
1686 1685 1684 1683
1687 1688 1689 1690
1687 1686 1685 1684
1688 1689 1690 1691
1688 1687 1686 1685
1689 1690 1691 1692
1689 1688 1687 1686
1690 1691 1692 1715
1690 1689 1688 1687
1691 1692 1715 1716
1691 1690 1689 1688
1692 1715 1716 1717
1692 1691 1690 1689
1693 1763 1762 1761
1693 1694 1695 1696
1694 1693 1763 1762
1694 1695 1696 1697
1695 1694 1693 1763
1695 1696 1697 1698
1696 1695 1694 1693
1696 1697 1698 1699
1697 1696 1695 1694
1697 1698 1699 1700
1698 1697 1696 1695
1698 1699 1700 1701
1699 1698 1697 1696
1699 1700 1701 1702
1700 1699 1698 1697
1700 1701 1702 1703
1701 1700 1699 1698
1701 1702 1703 1704
1702 1701 1700 1699
1702 1703 1704 1705
1703 1702 1701 1700
1703 1704 1705 1706
1704 1703 1702 1701
1704 1705 1706 1707
1705 1704 1703 1702
1705 1706 1707 1708
1706 1705 1704 1703
1706 1707 1708 1709
1707 1706 1705 1704
1707 1708 1709 1710
1708 1707 1706 1705
1708 1709 1710 1711
1709 1708 1707 1706
1709 1710 1711 1712
1710 1709 1708 1707
1710 1711 1712 1713
1711 1710 1709 1708
1711 1712 1713 1714
1712 1711 1710 1709
1712 1713 1714 1651
1713 1712 1711 1710
1713 1714 1651 1652
1714 1713 1712 1711
1714 1651 1652 1653
1715 1716 1717 1718
1715 1692 1691 1690
1716 1717 1718 1719
1716 1715 1692 1691
1717 1718 1719 1720
1717 1716 1715 1692
1718 1719 1720 1721
1718 1717 1716 1715
1719 1720 1721 1722
1719 1718 1717 1716
1720 1721 1722 1723
1720 1719 1718 1717
1721 1722 1723 1724
1721 1720 1719 1718
1722 1723 1724 1725
1722 1721 1720 1719
1723 1724 1725 1726
1723 1722 1721 1720
1724 1725 1726 1727
1724 1723 1722 1721
1725 1726 1727 1728
1725 1724 1723 1722
1726 1727 1728 1729
1726 1725 1724 1723
1727 1728 1729 1730
1727 1726 1725 1724
1728 1729 1730 1731
1728 1727 1726 1725
1729 1730 1731 1732
1729 1728 1727 1726
1730 1731 1732 1733
1730 1729 1728 1727
1731 1732 1733 1764
1731 1730 1729 1728
1732 1733 1764 1765
1732 1731 1730 1729
1733 1764 1765 1766
1733 1732 1731 1730
1734 1803 1802 1801
1734 1735 1736 1737
1735 1734 1803 1802
1735 1736 1737 1738
1736 1735 1734 1803
1736 1737 1738 1739
1737 1736 1735 1734
1737 1738 1739 1740
1738 1737 1736 1735
1738 1739 1740 1741
1739 1738 1737 1736
1739 1740 1741 1742
1740 1739 1738 1737
1740 1741 1742 1743
1741 1740 1739 1738
1741 1742 1743 1744
1742 1741 1740 1739
1742 1743 1744 1745
1743 1742 1741 1740
1743 1744 1745 1746
1744 1743 1742 1741
1744 1745 1746 1747
1745 1744 1743 1742
1745 1746 1747 1748
1746 1745 1744 1743
1746 1747 1748 1749
1747 1746 1745 1744
1747 1748 1749 1750
1748 1747 1746 1745
1748 1749 1750 1751
1749 1748 1747 1746
1749 1750 1751 1752
1750 1749 1748 1747
1750 1751 1752 1753
1751 1750 1749 1748
1751 1752 1753 1754
1752 1751 1750 1749
1752 1753 1754 1755
1753 1752 1751 1750
1753 1754 1755 1756
1754 1753 1752 1751
1754 1755 1756 1757
1755 1754 1753 1752
1755 1756 1757 1758
1756 1755 1754 1753
1756 1757 1758 1759
1757 1756 1755 1754
1757 1758 1759 1760
1758 1757 1756 1755
1758 1759 1760 1761
1759 1758 1757 1756
1759 1760 1761 1762
1760 1759 1758 1757
1760 1761 1762 1763
1761 1760 1759 1758
1761 1762 1763 1693
1762 1761 1760 1759
1762 1763 1693 1694
1763 1762 1761 1760
1763 1693 1694 1695
1764 1765 1766 1767
1764 1733 1732 1731
1765 1766 1767 1768
1765 1764 1733 1732
1766 1767 1768 1769
1766 1765 1764 1733
1767 1768 1769 1770
1767 1766 1765 1764
1768 1769 1770 1771
1768 1767 1766 1765
1769 1770 1771 1772
1769 1768 1767 1766
1770 1771 1772 1773
1770 1769 1768 1767
1771 1772 1773 1774
1771 1770 1769 1768
1772 1773 1774 1775
1772 1771 1770 1769
1773 1774 1775 1776
1773 1772 1771 1770
1774 1775 1776 1777
1774 1773 1772 1771
1775 1776 1777 1778
1775 1774 1773 1772
1776 1777 1778 1779
1776 1775 1774 1773
1777 1778 1779 1780
1777 1776 1775 1774
1778 1779 1780 1781
1778 1777 1776 1775
1779 1780 1781 1804
1779 1778 1777 1776
1780 1781 1804 1805
1780 1779 1778 1777
1781 1804 1805 1806
1781 1780 1779 1778
1782 1858 1857 1856
1782 1783 1784 1785
1783 1782 1858 1857
1783 1784 1785 1786
1784 1783 1782 1858
1784 1785 1786 1787
1785 1784 1783 1782
1785 1786 1787 1788
1786 1785 1784 1783
1786 1787 1788 1789
1787 1786 1785 1784
1787 1788 1789 1790
1788 1787 1786 1785
1788 1789 1790 1791
1789 1788 1787 1786
1789 1790 1791 1792
1790 1789 1788 1787
1790 1791 1792 1793
1791 1790 1789 1788
1791 1792 1793 1794
1792 1791 1790 1789
1792 1793 1794 1795
1793 1792 1791 1790
1793 1794 1795 1796
1794 1793 1792 1791
1794 1795 1796 1797
1795 1794 1793 1792
1795 1796 1797 1798
1796 1795 1794 1793
1796 1797 1798 1799
1797 1796 1795 1794
1797 1798 1799 1800
1798 1797 1796 1795
1798 1799 1800 1801
1799 1798 1797 1796
1799 1800 1801 1802
1800 1799 1798 1797
1800 1801 1802 1803
1801 1800 1799 1798
1801 1802 1803 1734
1802 1801 1800 1799
1802 1803 1734 1735
1803 1802 1801 1800
1803 1734 1735 1736
1804 1805 1806 1807
1804 1781 1780 1779
1805 1806 1807 1808
1805 1804 1781 1780
1806 1807 1808 1809
1806 1805 1804 1781
1807 1808 1809 1810
1807 1806 1805 1804
1808 1809 1810 1811
1808 1807 1806 1805
1809 1810 1811 1812
1809 1808 1807 1806
1810 1811 1812 1813
1810 1809 1808 1807
1811 1812 1813 1814
1811 1810 1809 1808
1812 1813 1814 1815
1812 1811 1810 1809
1813 1814 1815 1816
1813 1812 1811 1810
1814 1815 1816 1817
1814 1813 1812 1811
1815 1816 1817 1818
1815 1814 1813 1812
1816 1817 1818 1819
1816 1815 1814 1813
1817 1818 1819 1820
1817 1816 1815 1814
1818 1819 1820 1821
1818 1817 1816 1815
1819 1820 1821 1822
1819 1818 1817 1816
1820 1821 1822 1823
1820 1819 1818 1817
1821 1822 1823 1824
1821 1820 1819 1818
1822 1823 1824 1825
1822 1821 1820 1819
1823 1824 1825 1826
1823 1822 1821 1820
1824 1825 1826 1827
1824 1823 1822 1821
1825 1826 1827 1828
1825 1824 1823 1822
1826 1827 1828 1829
1826 1825 1824 1823
1827 1828 1829 1830
1827 1826 1825 1824
1828 1829 1830 1831
1828 1827 1826 1825
1829 1830 1831 1832
1829 1828 1827 1826
1830 1831 1832 1833
1830 1829 1828 1827
1831 1830 1829 1828
1831 1832 1833 1834
1832 1831 1830 1829
1832 1833 1834 1835
1833 1832 1831 1830
1833 1834 1835 1836
1834 1833 1832 1831
1834 1835 1836 1837
1835 1834 1833 1832
1835 1836 1837 1838
1836 1835 1834 1833
1836 1837 1838 1839
1837 1836 1835 1834
1837 1838 1839 1840
1838 1837 1836 1835
1838 1839 1840 1841
1839 1838 1837 1836
1839 1840 1841 1842
1840 1839 1838 1837
1840 1841 1842 1843
1841 1840 1839 1838
1841 1842 1843 1844
1842 1841 1840 1839
1842 1843 1844 1845
1843 1842 1841 1840
1843 1844 1845 1846
1844 1843 1842 1841
1844 1845 1846 1847
1845 1844 1843 1842
1845 1846 1847 1848
1846 1845 1844 1843
1846 1847 1848 1849
1847 1846 1845 1844
1847 1848 1849 1850
1848 1847 1846 1845
1848 1849 1850 1851
1849 1848 1847 1846
1849 1850 1851 1852
1850 1849 1848 1847
1850 1851 1852 1853
1851 1850 1849 1848
1851 1852 1853 1854
1852 1851 1850 1849
1852 1853 1854 1855
1853 1852 1851 1850
1853 1854 1855 1856
1854 1853 1852 1851
1854 1855 1856 1857
1855 1854 1853 1852
1855 1856 1857 1858
1856 1855 1854 1853
1856 1857 1858 1782
1857 1856 1855 1854
1857 1858 1782 1783
1858 1857 1856 1855
1858 1782 1783 1784
