0 148 147 146
0 1 2 3
1 0 148 147
1 2 3 4
2 1 0 148
2 3 4 5
3 2 1 0
3 4 5 6
4 3 2 1
4 5 6 7
5 4 3 2
5 6 7 8
6 5 4 3
6 7 8 9
7 6 5 4
7 8 9 10
8 7 6 5
8 9 10 11
9 8 7 6
9 10 11 12
10 9 8 7
10 11 12 13
11 10 9 8
11 12 13 14
12 11 10 9
12 13 14 15
13 12 11 10
13 14 15 16
14 13 12 11
14 15 16 17
15 14 13 12
15 16 17 18
16 15 14 13
16 17 18 19
17 16 15 14
17 18 19 20
18 17 16 15
18 19 20 21
19 18 17 16
19 20 21 22
20 19 18 17
20 21 22 23
21 20 19 18
21 22 23 24
22 21 20 19
22 23 24 25
23 22 21 20
23 24 25 26
24 23 22 21
24 25 26 27
25 24 23 22
25 26 27 28
26 25 24 23
26 27 28 29
27 26 25 24
27 28 29 30
28 27 26 25
28 29 30 31
29 28 27 26
29 30 31 32
30 29 28 27
30 31 32 33
31 30 29 28
31 32 33 34
32 31 30 29
32 33 34 35
33 32 31 30
33 34 35 36
34 33 32 31
34 35 36 37
35 34 33 32
35 36 37 38
36 35 34 33
36 37 38 39
37 36 35 34
37 38 39 40
38 37 36 35
38 39 40 41
39 38 37 36
39 40 41 42
40 39 38 37
40 41 42 43
41 40 39 38
41 42 43 44
42 41 40 39
42 43 44 45
43 42 41 40
43 44 45 46
44 43 42 41
44 45 46 47
45 44 43 42
45 46 47 48
46 45 44 43
46 47 48 49
47 46 45 44
47 48 49 50
48 47 46 45
48 49 50 51
49 48 47 46
49 50 51 52
50 49 48 47
50 51 52 53
51 50 49 48
51 52 53 54
52 51 50 49
52 53 54 55
53 52 51 50
53 54 55 56
54 53 52 51
54 55 56 57
55 54 53 52
55 56 57 58
56 55 54 53
56 57 58 59
57 56 55 54
57 58 59 60
58 57 56 55
58 59 60 61
59 58 57 56
59 60 61 62
60 61 62 63
60 59 58 57
61 62 63 64
61 60 59 58
62 63 64 65
62 61 60 59
63 64 65 66
63 62 61 60
64 65 66 67
64 63 62 61
65 66 67 68
65 64 63 62
66 67 68 69
66 65 64 63
67 68 69 70
67 66 65 64
68 69 70 71
68 67 66 65
69 70 71 72
69 68 67 66
70 71 72 73
70 69 68 67
71 72 73 74
71 70 69 68
72 73 74 75
72 71 70 69
73 74 75 76
73 72 71 70
74 75 76 77
74 73 72 71
75 76 77 78
75 74 73 72
76 77 78 79
76 75 74 73
77 78 79 80
77 76 75 74
78 79 80 81
78 77 76 75
79 80 81 82
79 78 77 76
80 81 82 83
80 79 78 77
81 82 83 84
81 80 79 78
82 83 84 85
82 81 80 79
83 84 85 86
83 82 81 80
84 85 86 87
84 83 82 81
85 86 87 88
85 84 83 82
86 87 88 89
86 85 84 83
87 88 89 90
87 86 85 84
88 89 90 91
88 87 86 85
89 90 91 92
89 88 87 86
90 91 92 93
90 89 88 87
91 92 93 94
91 90 89 88
92 93 94 95
92 91 90 89
93 94 95 96
93 92 91 90
94 95 96 97
94 93 92 91
95 96 97 98
95 94 93 92
96 97 98 99
96 95 94 93
97 98 99 100
97 96 95 94
98 99 100 101
98 97 96 95
99 100 101 102
99 98 97 96
100 101 102 103
100 99 98 97
101 102 103 104
101 100 99 98
102 103 104 105
102 101 100 99
103 104 105 106
103 102 101 100
104 105 106 107
104 103 102 101
105 106 107 108
105 104 103 102
106 107 108 109
106 105 104 103
107 108 109 110
107 106 105 104
108 109 110 111
108 107 106 105
109 110 111 112
109 108 107 106
110 111 112 113
110 109 108 107
111 112 113 149
111 110 109 108
112 113 149 150
112 111 110 109
113 149 150 151
113 112 111 110
114 173 172 171
114 115 116 117
115 114 173 172
115 116 117 118
116 115 114 173
116 117 118 119
117 116 115 114
117 118 119 120
118 117 116 115
118 119 120 121
119 118 117 116
119 120 121 122
120 119 118 117
120 121 122 123
121 120 119 118
121 122 123 124
122 121 120 119
122 123 124 125
123 122 121 120
123 124 125 126
124 123 122 121
124 125 126 127
125 124 123 122
125 126 127 128
126 125 124 123
126 127 128 129
127 126 125 124
127 128 129 130
128 127 126 125
128 129 130 131
129 128 127 126
129 130 131 132
130 129 128 127
130 131 132 133
131 130 129 128
131 132 133 134
132 131 130 129
132 133 134 135
133 132 131 130
133 134 135 136
134 133 132 131
134 135 136 137
135 134 133 132
135 136 137 138
136 135 134 133
136 137 138 139
137 136 135 134
137 138 139 140
138 137 136 135
138 139 140 141
139 138 137 136
139 140 141 142
140 139 138 137
140 141 142 143
141 140 139 138
141 142 143 144
142 141 140 139
142 143 144 145
143 142 141 140
143 144 145 146
144 143 142 141
144 145 146 147
145 144 143 142
145 146 147 148
146 145 144 143
146 147 148 0
147 146 145 144
147 148 0 1
148 147 146 145
148 0 1 2
149 150 151 152
149 113 112 111
150 151 152 153
150 149 113 112
151 152 153 154
151 150 149 113
152 153 154 155
152 151 150 149
153 154 155 156
153 152 151 150
154 155 156 157
154 153 152 151
155 156 157 158
155 154 153 152
156 157 158 174
156 155 154 153
157 158 174 175
157 156 155 154
158 174 175 176
158 157 156 155
159 195 194 193
159 160 161 162
160 159 195 194
160 161 162 163
161 160 159 195
161 162 163 164
162 161 160 159
162 163 164 165
163 162 161 160
163 164 165 166
164 163 162 161
164 165 166 167
165 164 163 162
165 166 167 168
166 165 164 163
166 167 168 169
167 166 165 164
167 168 169 170
168 167 166 165
168 169 170 171
169 168 167 166
169 170 171 172
170 169 168 167
170 171 172 173
171 170 169 168
171 172 173 114
172 171 170 169
172 173 114 115
173 172 171 170
173 114 115 116
174 175 176 177
174 158 157 156
175 176 177 178
175 174 158 157
176 177 178 179
176 175 174 158
177 178 179 180
177 176 175 174
178 179 180 181
178 177 176 175
179 180 181 196
179 178 177 176
180 181 196 197
180 179 178 177
181 196 197 198
181 180 179 178
182 213 212 211
182 183 184 185
183 182 213 212
183 184 185 186
184 183 182 213
184 185 186 187
185 184 183 182
185 186 187 188
186 185 184 183
186 187 188 189
187 186 185 184
187 188 189 190
188 187 186 185
188 189 190 191
189 188 187 186
189 190 191 192
190 189 188 187
190 191 192 193
191 190 189 188
191 192 193 194
192 191 190 189
192 193 194 195
193 192 191 190
193 194 195 159
194 193 192 191
194 195 159 160
195 194 193 192
195 159 160 161
196 197 198 199
196 181 180 179
197 198 199 200
197 196 181 180
198 199 200 201
198 197 196 181
199 200 201 202
199 198 197 196
200 201 202 203
200 199 198 197
201 202 203 204
201 200 199 198
202 203 204 205
202 201 200 199
203 204 205 214
203 202 201 200
204 205 214 215
204 203 202 201
205 214 215 216
205 204 203 202
206 229 228 227
206 207 208 209
207 206 229 228
207 208 209 210
208 207 206 229
208 209 210 211
209 208 207 206
209 210 211 212
210 209 208 207
210 211 212 213
211 210 209 208
211 212 213 182
212 211 210 209
212 213 182 183
213 212 211 210
213 182 183 184
214 215 216 217
214 205 204 203
215 216 217 218
215 214 205 204
216 217 218 219
216 215 214 205
217 218 219 220
217 216 215 214
218 219 220 230
218 217 216 215
219 220 230 231
219 218 217 216
220 230 231 232
220 219 218 217
221 245 244 243
221 222 223 224
222 221 245 244
222 223 224 225
223 222 221 245
223 224 225 226
224 223 222 221
224 225 226 227
225 224 223 222
225 226 227 228
226 225 224 223
226 227 228 229
227 226 225 224
227 228 229 206
228 227 226 225
228 229 206 207
229 228 227 226
229 206 207 208
230 231 232 233
230 220 219 218
231 232 233 234
231 230 220 219
232 233 234 235
232 231 230 220
233 234 235 236
233 232 231 230
234 235 236 237
234 233 232 231
235 236 237 238
235 234 233 232
236 237 238 239
236 235 234 233
237 238 239 246
237 236 235 234
238 239 246 247
238 237 236 235
239 246 247 248
239 238 237 236
240 258 257 256
240 241 242 243
241 240 258 257
241 242 243 244
242 241 240 258
242 243 244 245
243 242 241 240
243 244 245 221
244 243 242 241
244 245 221 222
245 244 243 242
245 221 222 223
246 247 248 249
246 239 238 237
247 248 249 250
247 246 239 238
248 249 250 251
248 247 246 239
249 250 251 252
249 248 247 246
250 251 252 253
250 249 248 247
251 252 253 259
251 250 249 248
252 253 259 260
252 251 250 249
253 259 260 261
253 252 251 250
254 272 271 270
254 255 256 257
255 254 272 271
255 256 257 258
256 255 254 272
256 257 258 240
257 256 255 254
257 258 240 241
258 257 256 255
258 240 241 242
259 260 261 262
259 253 252 251
260 261 262 263
260 259 253 252
261 262 263 264
261 260 259 253
262 263 264 265
262 261 260 259
263 264 265 266
263 262 261 260
264 265 266 267
264 263 262 261
265 266 267 268
265 264 263 262
266 267 268 273
266 265 264 263
267 268 273 274
267 266 265 264
268 273 274 275
268 267 266 265
269 284 283 282
269 270 271 272
270 269 284 283
270 271 272 254
271 270 269 284
271 272 254 255
272 271 270 269
272 254 255 256
273 274 275 276
273 268 267 266
274 275 276 277
274 273 268 267
275 276 277 278
275 274 273 268
276 277 278 279
276 275 274 273
277 278 279 280
277 276 275 274
278 279 280 285
278 277 276 275
279 280 285 286
279 278 277 276
280 285 286 287
280 279 278 277
281 297 296 295
281 282 283 284
282 281 297 296
282 283 284 269
283 282 281 297
283 284 269 270
284 283 282 281
284 269 270 271
285 286 287 288
285 280 279 278
286 287 288 289
286 285 280 279
287 288 289 290
287 286 285 280
288 289 290 291
288 287 286 285
289 290 291 292
289 288 287 286
290 291 292 293
290 289 288 287
291 292 293 294
291 290 289 288
292 293 294 298
292 291 290 289
293 294 298 299
293 292 291 290
294 298 299 300
294 293 292 291
295 307 306 320
295 296 297 281
296 295 307 306
296 297 281 282
297 296 295 307
297 281 282 283
298 299 300 301
298 294 293 292
299 300 301 302
299 298 294 293
300 301 302 303
300 299 298 294
301 302 303 304
301 300 299 298
302 303 304 305
302 301 300 299
303 304 305 308
303 302 301 300
304 305 308 309
304 303 302 301
305 308 309 310
305 304 303 302
306 320 319 318
306 307 295 296
307 306 320 319
307 295 296 297
308 309 310 311
308 305 304 303
309 310 311 312
309 308 305 304
310 311 312 313
310 309 308 305
311 312 313 314
311 310 309 308
312 313 314 315
312 311 310 309
313 314 315 316
313 312 311 310
314 315 316 317
314 313 312 311
315 316 317 321
315 314 313 312
316 317 321 322
316 315 314 313
317 321 322 323
317 316 315 314
318 330 329 343
318 319 320 306
319 318 330 329
319 320 306 307
320 319 318 330
320 306 307 295
321 322 323 324
321 317 316 315
322 323 324 325
322 321 317 316
323 324 325 326
323 322 321 317
324 325 326 327
324 323 322 321
325 326 327 328
325 324 323 322
326 327 328 331
326 325 324 323
327 328 331 332
327 326 325 324
328 331 332 333
328 327 326 325
329 343 342 349
329 330 318 319
330 329 343 342
330 318 319 320
331 332 333 334
331 328 327 326
332 333 334 335
332 331 328 327
333 334 335 336
333 332 331 328
334 335 336 337
334 333 332 331
335 336 337 338
335 334 333 332
336 337 338 339
336 335 334 333
337 338 339 340
337 336 335 334
338 339 340 341
338 337 336 335
339 340 341 344
339 338 337 336
340 341 344 345
340 339 338 337
341 344 345 346
341 340 339 338
342 349 353 352
342 343 329 330
343 342 349 353
343 329 330 318
344 345 346 347
344 341 340 339
345 346 347 348
345 344 341 340
346 347 348 350
346 345 344 341
347 348 350 351
347 346 345 344
348 350 351 354
348 347 346 345
349 353 352 356
349 342 343 329
350 351 354 357
350 348 347 346
351 354 357 360
351 350 348 347
352 356 355 359
352 353 349 342
353 352 356 355
353 349 342 343
354 357 360 363
354 351 350 348
355 359 358 362
355 356 352 353
356 355 359 358
356 352 353 349
357 360 363 366
357 354 351 350
358 362 361 365
358 359 355 356
359 358 362 361
359 355 356 352
360 363 366 368
360 357 354 351
361 365 364 367
361 362 358 359
362 361 365 364
362 358 359 355
363 366 368 370
363 360 357 354
364 367 369 372
364 365 361 362
365 364 367 369
365 361 362 358
366 368 370 373
366 363 360 357
367 369 372 371
367 364 365 361
368 370 373 376
368 366 363 360
369 372 371 375
369 367 364 365
370 373 376 379
370 368 366 363
371 375 374 378
371 372 369 367
372 371 375 374
372 369 367 364
373 376 379 382
373 370 368 366
374 378 377 381
374 375 371 372
375 374 378 377
375 371 372 369
376 379 382 384
376 373 370 368
377 381 380 383
377 378 374 375
378 377 381 380
378 374 375 371
379 382 384 386
379 376 373 370
380 383 385 388
380 381 377 378
381 380 383 385
381 377 378 374
382 384 386 389
382 379 376 373
383 385 388 387
383 380 381 377
384 386 389 392
384 382 379 376
385 388 387 391
385 383 380 381
386 389 392 395
386 384 382 379
387 391 390 394
387 388 385 383
388 387 391 390
388 385 383 380
389 392 395 397
389 386 384 382
390 394 393 396
390 391 387 388
391 390 394 393
391 387 388 385
392 395 397 399
392 389 386 384
393 396 398 402
393 394 390 391
394 393 396 398
394 390 391 387
395 397 399 400
395 392 389 386
396 398 402 401
396 393 394 390
397 399 400 403
397 395 392 389
398 402 401 405
398 396 393 394
399 400 403 406
399 397 395 392
400 403 406 409
400 399 397 395
401 405 404 408
401 402 398 396
402 401 405 404
402 398 396 393
403 406 409 411
403 400 399 397
404 408 407 410
404 405 401 402
405 404 408 407
405 401 402 398
406 409 411 413
406 403 400 399
407 410 412 415
407 408 404 405
408 407 410 412
408 404 405 401
409 411 413 416
409 406 403 400
410 412 415 414
410 407 408 404
411 413 416 417
411 409 406 403
412 415 414 419
412 410 407 408
413 416 417 420
413 411 409 406
414 419 418 422
414 415 412 410
415 414 419 418
415 412 410 407
416 417 420 423
416 413 411 409
417 420 423 425
417 416 413 411
418 422 421 424
418 419 414 415
419 418 422 421
419 414 415 412
420 423 425 426
420 417 416 413
421 424 428 427
421 422 418 419
422 421 424 428
422 418 419 414
423 425 426 429
423 420 417 416
424 428 427 431
424 421 422 418
425 426 429 432
425 423 420 417
426 429 432 435
426 425 423 420
427 431 430 434
427 428 424 421
428 427 431 430
428 424 421 422
429 432 435 436
429 426 425 423
430 434 433 437
430 431 427 428
431 430 434 433
431 427 428 424
432 435 436 438
432 429 426 425
433 437 439 442
433 434 430 431
434 433 437 439
434 430 431 427
435 436 438 440
435 432 429 426
436 438 440 443
436 435 432 429
437 439 442 441
437 433 434 430
438 440 443 444
438 436 435 432
439 442 441 446
439 437 433 434
440 443 444 447
440 438 436 435
441 446 445 448
441 442 439 437
442 441 446 445
442 439 437 433
443 444 447 449
443 440 438 436
444 447 449 451
444 443 440 438
445 448 450 453
445 446 441 442
446 445 448 450
446 441 442 439
447 449 451 454
447 444 443 440
448 450 453 452
448 445 446 441
449 451 454 457
449 447 444 443
450 453 452 456
450 448 445 446
451 454 457 460
451 449 447 444
452 456 455 459
452 453 450 448
453 452 456 455
453 450 448 445
454 457 460 462
454 451 449 447
455 459 458 461
455 456 452 453
456 455 459 458
456 452 453 450
457 460 462 465
457 454 451 449
458 461 464 463
458 459 455 456
459 458 461 464
459 455 456 452
460 462 465 468
460 457 454 451
461 464 463 467
461 458 459 455
462 465 468 471
462 460 457 454
463 467 466 470
463 464 461 458
464 463 467 466
464 461 458 459
465 468 471 473
465 462 460 457
466 470 469 472
466 467 463 464
467 466 470 469
467 463 464 461
468 471 473 476
468 465 462 460
469 472 475 474
469 470 466 467
470 469 472 475
470 466 467 463
471 473 476 479
471 468 465 462
472 475 474 478
472 469 470 466
473 476 479 482
473 471 468 465
474 478 477 481
474 475 472 469
475 474 478 477
475 472 469 470
476 479 482 484
476 473 471 468
477 481 480 483
477 478 474 475
478 477 481 480
478 474 475 472
479 482 484 487
479 476 473 471
480 483 486 485
480 481 477 478
481 480 483 486
481 477 478 474
482 484 487 490
482 479 476 473
483 486 485 489
483 480 481 477
484 487 490 493
484 482 479 476
485 489 488 492
485 486 483 480
486 485 489 488
486 483 480 481
487 490 493 495
487 484 482 479
488 492 491 494
488 489 485 486
489 488 492 491
489 485 486 483
490 493 495 498
490 487 484 482
491 494 497 496
491 492 488 489
492 491 494 497
492 488 489 485
493 495 498 501
493 490 487 484
494 497 496 500
494 491 492 488
495 498 501 504
495 493 490 487
496 500 499 503
496 497 494 491
497 496 500 499
497 494 491 492
498 501 504 506
498 495 493 490
499 503 502 505
499 500 496 497
500 499 503 502
500 496 497 494
501 504 506 507
501 498 495 493
502 505 509 508
502 503 499 500
503 502 505 509
503 499 500 496
504 506 507 510
504 501 498 495
505 509 508 512
505 502 503 499
506 507 510 513
506 504 501 498
507 510 513 515
507 506 504 501
508 512 511 514
508 509 505 502
509 508 512 511
509 505 502 503
510 513 515 516
510 507 506 504
511 514 517 520
511 512 508 509
512 511 514 517
512 508 509 505
513 515 516 518
513 510 507 506
514 517 520 519
514 511 512 508
515 516 518 521
515 513 510 507
516 518 521 523
516 515 513 510
517 520 519 522
517 514 511 512
518 521 523 524
518 516 515 513
519 522 525 528
519 520 517 514
520 519 522 525
520 517 514 511
521 523 524 526
521 518 516 515
522 525 528 527
522 519 520 517
523 524 526 529
523 521 518 516
524 526 529 531
524 523 521 518
525 528 527 530
525 522 519 520
526 529 531 532
526 524 523 521
527 530 533 536
527 528 525 522
528 527 530 533
528 525 522 519
529 531 532 534
529 526 524 523
530 533 536 535
530 527 528 525
531 532 534 537
531 529 526 524
532 534 537 539
532 531 529 526
533 536 535 538
533 530 527 528
534 537 539 540
534 532 531 529
535 538 541 544
535 536 533 530
536 535 538 541
536 533 530 527
537 539 540 542
537 534 532 531
538 541 544 543
538 535 536 533
539 540 542 545
539 537 534 532
540 542 545 547
540 539 537 534
541 544 543 546
541 538 535 536
542 545 547 549
542 540 539 537
543 546 548 551
543 544 541 538
544 543 546 548
544 541 538 535
545 547 549 552
545 542 540 539
546 548 551 550
546 543 544 541
547 549 552 554
547 545 542 540
548 551 550 553
548 546 543 544
549 552 554 557
549 547 545 542
550 553 556 555
550 551 548 546
551 550 553 556
551 548 546 543
552 554 557 559
552 549 547 545
553 556 555 558
553 550 551 548
554 557 559 561
554 552 549 547
555 558 560 563
555 556 553 550
556 555 558 560
556 553 550 551
557 559 561 564
557 554 552 549
558 560 563 562
558 555 556 553
559 561 564 566
559 557 554 552
560 563 562 565
560 558 555 556
561 564 566 569
561 559 557 554
562 565 568 567
562 563 560 558
563 562 565 568
563 560 558 555
564 566 569 571
564 561 559 557
565 568 567 570
565 562 563 560
566 569 571 574
566 564 561 559
567 570 573 572
567 568 565 562
568 567 570 573
568 565 562 563
569 571 574 576
569 566 564 561
570 573 572 575
570 567 568 565
571 574 576 578
571 569 566 564
572 575 577 580
572 573 570 567
573 572 575 577
573 570 567 568
574 576 578 581
574 571 569 566
575 577 580 579
575 572 573 570
576 578 581 583
576 574 571 569
577 580 579 582
577 575 572 573
578 581 583 586
578 576 574 571
579 582 585 584
579 580 577 575
580 579 582 585
580 577 575 572
581 583 586 588
581 578 576 574
582 585 584 587
582 579 580 577
583 586 588 589
583 581 578 576
584 587 591 590
584 585 582 579
585 584 587 591
585 582 579 580
586 588 589 592
586 583 581 578
587 591 590 593
587 584 585 582
588 589 592 594
588 586 583 581
589 592 594 597
589 588 586 583
590 593 596 595
590 591 587 584
591 590 593 596
591 587 584 585
592 594 597 599
592 589 588 586
593 596 595 598
593 590 591 587
594 597 599 602
594 592 589 588
595 598 601 600
595 596 593 590
596 595 598 601
596 593 590 591
597 599 602 604
597 594 592 589
598 601 600 603
598 595 596 593
599 602 604 605
599 597 594 592
600 603 607 606
600 601 598 595
601 600 603 607
601 598 595 596
602 604 605 608
602 599 597 594
603 607 606 609
603 600 601 598
604 605 608 610
604 602 599 597
605 608 610 612
605 604 602 599
606 609 611 614
606 607 603 600
607 606 609 611
607 603 600 601
608 610 612 613
608 605 604 602
609 611 614 617
609 606 607 603
610 612 613 615
610 608 605 604
611 614 617 616
611 609 606 607
612 613 615 618
612 610 608 605
613 615 618 620
613 612 610 608
614 617 616 619
614 611 609 606
615 618 620 621
615 613 612 610
616 619 623 622
616 617 614 611
617 616 619 623
617 614 611 609
618 620 621 624
618 615 613 612
619 623 622 625
619 616 617 614
620 621 624 626
620 618 615 613
621 624 626 629
621 620 618 615
622 625 628 627
622 623 619 616
623 622 625 628
623 619 616 617
624 626 629 630
624 621 620 618
625 628 627 631
625 622 623 619
626 629 630 632
626 624 621 620
627 631 634 633
627 628 625 622
628 627 631 634
628 625 622 623
629 630 632 635
629 626 624 621
630 632 635 637
630 629 626 624
631 634 633 636
631 627 628 625
632 635 637 640
632 630 629 626
633 636 639 638
633 634 631 627
634 633 636 639
634 631 627 628
635 637 640 642
635 632 630 629
636 639 638 641
636 633 634 631
637 640 642 644
637 635 632 630
638 641 643 645
638 639 636 633
639 638 641 643
639 636 633 634
640 642 644 646
640 637 635 632
641 643 645 647
641 638 639 636
642 644 646 648
642 640 637 635
643 645 647 649
643 641 638 639
644 646 648 650
644 642 640 637
645 647 649 651
645 643 641 638
646 648 650 652
646 644 642 640
647 649 651 654
647 645 643 641
648 650 652 655
648 646 644 642
649 651 654 653
649 647 645 643
650 652 655 657
650 648 646 644
651 654 653 656
651 649 647 645
652 655 657 659
652 650 648 646
653 656 658 660
653 654 651 649
654 653 656 658
654 651 649 647
655 657 659 661
655 652 650 648
656 658 660 662
656 653 654 651
657 659 661 663
657 655 652 650
658 660 662 664
658 656 653 654
659 661 663 665
659 657 655 652
660 662 664 666
660 658 656 653
661 663 665 667
661 659 657 655
662 664 666 669
662 660 658 656
663 665 667 670
663 661 659 657
664 666 669 668
664 662 660 658
665 667 670 672
665 663 661 659
666 669 668 671
666 664 662 660
667 670 672 674
667 665 663 661
668 671 673 675
668 669 666 664
669 668 671 673
669 666 664 662
670 672 674 676
670 667 665 663
671 673 675 677
671 668 669 666
672 674 676 678
672 670 667 665
673 675 677 680
673 671 668 669
674 676 678 681
674 672 670 667
675 677 680 679
675 673 671 668
676 678 681 683
676 674 672 670
677 680 679 682
677 675 673 671
678 681 683 685
678 676 674 672
679 682 684 686
679 680 677 675
680 679 682 684
680 677 675 673
681 683 685 687
681 678 676 674
682 684 686 689
682 679 680 677
683 685 687 688
683 681 678 676
684 686 689 691
684 682 679 680
685 687 688 690
685 683 681 678
686 689 691 693
686 684 682 679
687 688 690 692
687 685 683 681
688 690 692 694
688 687 685 683
689 691 693 696
689 686 684 682
690 692 694 695
690 688 687 685
691 693 696 699
691 689 686 684
692 694 695 697
692 690 688 687
693 696 699 698
693 691 689 686
694 695 697 700
694 692 690 688
695 697 700 702
695 694 692 690
696 699 698 701
696 693 691 689
697 700 702 703
697 695 694 692
698 701 704 706
698 699 696 693
699 698 701 704
699 696 693 691
700 702 703 705
700 697 695 694
701 704 706 708
701 698 699 696
702 703 705 707
702 700 697 695
703 705 707 709
703 702 700 697
704 706 708 711
704 701 698 699
705 707 709 710
705 703 702 700
706 708 711 713
706 704 701 698
707 709 710 712
707 705 703 702
708 711 713 715
708 706 704 701
709 710 712 714
709 707 705 703
710 712 714 716
710 709 707 705
711 713 715 717
711 708 706 704
712 714 716 718
712 710 709 707
713 715 717 719
713 711 708 706
714 716 718 720
714 712 710 709
715 717 719 721
715 713 711 708
716 718 720 722
716 714 712 710
717 719 721 723
717 715 713 711
718 720 722 724
718 716 714 712
719 721 723 725
719 717 715 713
720 722 724 726
720 718 716 714
721 723 725 727
721 719 717 715
722 724 726 728
722 720 718 716
723 725 727 729
723 721 719 717
724 726 728 730
724 722 720 718
725 727 729 731
725 723 721 719
726 728 730 732
726 724 722 720
727 729 731 733
727 725 723 721
728 730 732 734
728 726 724 722
729 731 733 735
729 727 725 723
730 732 734 736
730 728 726 724
731 733 735 737
731 729 727 725
732 734 736 738
732 730 728 726
733 735 737 739
733 731 729 727
734 736 738 740
734 732 730 728
735 737 739 741
735 733 731 729
736 738 740 742
736 734 732 730
737 739 741 744
737 735 733 731
738 740 742 745
738 736 734 732
739 741 744 743
739 737 735 733
740 742 745 747
740 738 736 734
741 744 743 746
741 739 737 735
742 745 747 749
742 740 738 736
743 746 748 751
743 744 741 739
744 743 746 748
744 741 739 737
745 747 749 752
745 742 740 738
746 748 751 750
746 743 744 741
747 749 752 754
747 745 742 740
748 751 750 753
748 746 743 744
749 752 754 756
749 747 745 742
750 753 755 757
750 751 748 746
751 750 753 755
751 748 746 743
752 754 756 758
752 749 747 745
753 755 757 759
753 750 751 748
754 756 758 760
754 752 749 747
755 757 759 761
755 753 750 751
756 758 760 762
756 754 752 749
757 759 761 763
757 755 753 750
758 760 762 764
758 756 754 752
759 761 763 767
759 757 755 753
760 762 764 765
760 758 756 754
761 763 767 766
761 759 757 755
762 764 765 768
762 760 758 756
763 767 766 769
763 761 759 757
764 765 768 770
764 762 760 758
765 768 770 772
765 764 762 760
766 769 771 774
766 767 763 761
767 766 769 771
767 763 761 759
768 770 772 773
768 765 764 762
769 771 774 776
769 766 767 763
770 772 773 775
770 768 765 764
771 774 776 778
771 769 766 767
772 773 775 777
772 770 768 765
773 775 777 779
773 772 770 768
774 776 778 781
774 771 769 766
775 777 779 780
775 773 772 770
776 778 781 783
776 774 771 769
777 779 780 782
777 775 773 772
778 781 783 785
778 776 774 771
779 780 782 784
779 777 775 773
780 782 784 786
780 779 777 775
781 783 785 788
781 778 776 774
782 784 786 787
782 780 779 777
783 785 788 790
783 781 778 776
784 786 787 789
784 782 780 779
785 788 790 792
785 783 781 778
786 787 789 791
786 784 782 780
787 789 791 793
787 786 784 782
788 790 792 794
788 785 783 781
789 791 793 795
789 787 786 784
790 792 794 796
790 788 785 783
791 793 795 797
791 789 787 786
792 794 796 798
792 790 788 785
793 795 797 799
793 791 789 787
794 796 798 801
794 792 790 788
795 797 799 802
795 793 791 789
796 798 801 800
796 794 792 790
797 799 802 804
797 795 793 791
798 801 800 803
798 796 794 792
799 802 804 806
799 797 795 793
800 803 805 807
800 801 798 796
801 800 803 805
801 798 796 794
802 804 806 808
802 799 797 795
803 805 807 809
803 800 801 798
804 806 808 810
804 802 799 797
805 807 809 811
805 803 800 801
806 808 810 812
806 804 802 799
807 809 811 813
807 805 803 800
808 810 812 814
808 806 804 802
809 811 813 815
809 807 805 803
810 812 814 816
810 808 806 804
811 813 815 817
811 809 807 805
812 814 816 818
812 810 808 806
813 815 817 819
813 811 809 807
814 816 818 820
814 812 810 808
815 817 819 821
815 813 811 809
816 818 820 822
816 814 812 810
817 819 821 823
817 815 813 811
818 820 822 824
818 816 814 812
819 821 823 825
819 817 815 813
820 822 824 826
820 818 816 814
821 823 825 827
821 819 817 815
822 824 826 828
822 820 818 816
823 825 827 829
823 821 819 817
824 826 828 830
824 822 820 818
825 827 829 831
825 823 821 819
826 828 830 832
826 824 822 820
827 829 831 833
827 825 823 821
828 830 832 834
828 826 824 822
829 831 833 835
829 827 825 823
830 832 834 836
830 828 826 824
831 833 835 838
831 829 827 825
832 834 836 839
832 830 828 826
833 835 838 837
833 831 829 827
834 836 839 841
834 832 830 828
835 838 837 840
835 833 831 829
836 839 841 842
836 834 832 830
837 840 843 845
837 838 835 833
838 837 840 843
838 835 833 831
839 841 842 844
839 836 834 832
840 843 845 847
840 837 838 835
841 842 844 846
841 839 836 834
842 844 846 848
842 841 839 836
843 845 847 850
843 840 837 838
844 846 848 849
844 842 841 839
845 847 850 852
845 843 840 837
846 848 849 851
846 844 842 841
847 850 852 854
847 845 843 840
848 849 851 853
848 846 844 842
849 851 853 855
849 848 846 844
850 852 854 857
850 847 845 843
851 853 855 856
851 849 848 846
852 854 857 859
852 850 847 845
853 855 856 858
853 851 849 848
854 857 859 861
854 852 850 847
855 856 858 860
855 853 851 849
856 858 860 862
856 855 853 851
857 859 861 864
857 854 852 850
858 860 862 863
858 856 855 853
859 861 864 866
859 857 854 852
860 862 863 865
860 858 856 855
861 864 866 868
861 859 857 854
862 863 865 867
862 860 858 856
863 865 867 869
863 862 860 858
864 866 868 870
864 861 859 857
865 867 869 871
865 863 862 860
866 868 870 872
866 864 861 859
867 869 871 874
867 865 863 862
868 870 872 875
868 866 864 861
869 871 874 880
869 867 865 863
870 872 875 882
870 868 866 864
871 874 880 881
871 869 867 865
872 875 882 887
872 870 868 866
873 878 879 897
873 878 884 889
873 878 884 893
873 877 876 -1
874 880 881 886
874 871 869 867
875 882 887 891
875 872 870 868
876 883 888 892
876 877 873 -1
877 876 883 888
877 876 883 892
877 873 878 879
878 879 884 885
878 873 877 -1
879 884 885 897
879 878 873 877
880 881 886 890
880 874 871 869
881 886 890 894
881 880 874 871
882 887 891 895
882 875 872 870
883 888 892 896
883 876 877 -1
884 885 889 893
884 879 878 873
885 889 893 897
885 884 879 878
886 890 894 898
886 881 880 874
887 891 895 899
887 882 875 872
888 892 896 900
888 883 876 -1
888 883 877 -1
889 893 897 901
889 885 884 878
890 894 898 902
890 886 881 880
891 895 899 903
891 887 882 875
892 896 900 904
892 888 883 876
892 888 877 -1
893 897 901 905
893 889 885 884
893 889 884 878
894 898 902 906
894 890 886 881
895 899 903 907
895 891 887 882
896 900 904 908
896 892 888 883
896 892 877 -1
897 901 905 909
897 893 889 885
897 893 879 878
897 893 889 884
898 902 906 910
898 894 890 886
899 903 907 911
899 895 891 887
900 904 908 912
900 896 892 888
900 896 892 877
901 905 909 913
901 897 893 889
901 897 879 878
902 906 910 914
902 898 894 890
903 907 911 915
903 899 895 891
904 908 912 916
904 900 896 892
905 909 913 917
905 901 897 893
905 901 897 879
906 910 914 918
906 902 898 894
907 911 915 919
907 903 899 895
908 912 916 921
908 904 900 896
909 913 917 922
909 905 901 897
910 914 918 923
910 906 902 898
911 915 919 924
911 907 903 899
912 916 921 920
912 908 904 900
913 917 922 926
913 909 905 901
914 918 923 927
914 910 906 902
915 919 924 928
915 911 907 903
916 921 920 925
916 912 908 904
917 922 926 930
917 913 909 905
918 923 927 931
918 914 910 906
919 924 928 932
919 915 911 907
920 925 929 934
920 921 916 912
921 920 925 929
921 916 912 908
922 926 930 935
922 917 913 909
923 927 931 936
923 918 914 910
924 928 932 937
924 919 915 911
925 929 934 933
925 920 921 916
926 930 935 939
926 922 917 913
927 931 936 941
927 923 918 914
928 932 937 942
928 924 919 915
929 934 933 938
929 925 920 921
930 935 939 940
930 926 922 917
931 936 941 945
931 927 923 918
932 937 942 946
932 928 924 919
933 938 943 948
933 934 929 925
934 933 938 943
934 929 925 920
935 939 940 944
935 930 926 922
936 941 945 950
936 931 927 923
937 942 946 951
937 932 928 924
938 943 948 947
938 933 934 929
939 940 944 949
939 935 930 926
940 944 949 953
940 939 935 930
941 945 950 954
941 936 931 927
942 946 951 955
942 937 932 928
943 948 947 952
943 938 933 934
944 949 953 957
944 940 939 935
945 950 954 958
945 941 936 931
946 951 955 959
946 942 937 932
947 952 956 961
947 948 943 938
948 947 952 956
948 943 938 933
949 953 957 962
949 944 940 939
950 954 958 963
950 945 941 936
951 955 959 964
951 946 942 937
952 956 961 960
952 947 948 943
953 957 962 966
953 949 944 940
954 958 963 967
954 950 945 941
955 959 964 969
955 951 946 942
956 961 960 965
956 952 947 948
957 962 966 971
957 953 949 944
958 963 967 968
958 954 950 945
959 964 969 973
959 955 951 946
960 965 970 974
960 961 956 952
961 960 965 970
961 956 952 947
962 966 971 975
962 957 953 949
963 967 968 972
963 958 954 950
964 969 973 977
964 959 955 951
965 970 974 978
965 960 961 956
966 971 975 979
966 962 957 953
967 968 972 976
967 963 958 954
968 972 976 980
968 967 963 958
969 973 977 982
969 964 959 955
970 974 978 983
970 965 960 961
971 975 979 984
971 966 962 957
972 976 980 981
972 968 967 963
973 977 982 986
973 969 964 959
974 978 983 987
974 970 965 960
975 979 984 988
975 971 966 962
976 980 981 985
976 972 968 967
977 982 986 991
977 973 969 964
978 983 987 992
978 974 970 965
979 984 988 989
979 975 971 966
980 981 985 990
980 976 972 968
981 985 990 994
981 980 976 972
982 986 991 996
982 977 973 969
983 987 992 997
983 978 974 970
984 988 989 993
984 979 975 971
985 990 994 995
985 981 980 976
986 991 996 1000
986 982 977 973
987 992 997 1001
987 983 978 974
988 989 993 998
988 984 979 975
989 993 998 1002
989 988 984 979
990 994 995 999
990 985 981 980
991 996 1000 1004
991 986 982 977
992 997 1001 1005
992 987 983 978
993 998 1002 1006
993 989 988 984
994 995 999 1003
994 990 985 981
995 999 1003 1007
995 994 990 985
996 1000 1004 1009
996 991 986 982
997 1001 1005 1010
997 992 987 983
998 1002 1006 1011
998 993 989 988
999 1003 1007 1008
999 995 994 990
1000 1004 1009 1013
1000 996 991 986
1001 1005 1010 1014
1001 997 992 987
1002 1006 1011 1015
1002 998 993 989
1003 1007 1008 1012
1003 999 995 994
1004 1009 1013 1017
1004 1000 996 991
1005 1010 1014 1018
1005 1001 997 992
1006 1011 1015 1019
1006 1002 998 993
1007 1008 1012 1016
1007 1003 999 995
1008 1012 1016 1020
1008 1007 1003 999
1009 1013 1017 1022
1009 1004 1000 996
1010 1014 1018 1023
1010 1005 1001 997
1011 1015 1019 1024
1011 1006 1002 998
1012 1016 1020 1021
1012 1008 1007 1003
1013 1017 1022 1026
1013 1009 1004 1000
1014 1018 1023 1027
1014 1010 1005 1001
1015 1019 1024 1028
1015 1011 1006 1002
1016 1020 1021 1025
1016 1012 1008 1007
1017 1022 1026 1030
1017 1013 1009 1004
1018 1023 1027 1031
1018 1014 1010 1005
1019 1024 1028 1032
1019 1015 1011 1006
1020 1021 1025 1029
1020 1016 1012 1008
1021 1025 1029 1033
1021 1020 1016 1012
1022 1026 1030 1034
1022 1017 1013 1009
1023 1027 1031 1035
1023 1018 1014 1010
1024 1028 1032 1036
1024 1019 1015 1011
1025 1029 1033 1037
1025 1021 1020 1016
1026 1030 1034 1038
1026 1022 1017 1013
1027 1031 1035 1039
1027 1023 1018 1014
1028 1032 1036 1040
1028 1024 1019 1015
1029 1033 1037 1041
1029 1025 1021 1020
1030 1034 1038 1042
1030 1026 1022 1017
1031 1035 1039 1043
1031 1027 1023 1018
1032 1036 1040 1044
1032 1028 1024 1019
1033 1037 1041 1045
1033 1029 1025 1021
1034 1038 1042 1046
1034 1030 1026 1022
1035 1039 1043 1047
1035 1031 1027 1023
1036 1040 1044 1048
1036 1032 1028 1024
1037 1041 1045 1049
1037 1033 1029 1025
1038 1042 1046 1050
1038 1034 1030 1026
1039 1043 1047 1051
1039 1035 1031 1027
1040 1044 1048 1052
1040 1036 1032 1028
1041 1045 1049 1054
1041 1037 1033 1029
1042 1046 1050 1055
1042 1038 1034 1030
1043 1047 1051 1056
1043 1039 1035 1031
1044 1048 1052 1053
1044 1040 1036 1032
1045 1049 1054 1058
1045 1041 1037 1033
1046 1050 1055 1059
1046 1042 1038 1034
1047 1051 1056 1060
1047 1043 1039 1035
1048 1052 1053 1057
1048 1044 1040 1036
1049 1054 1058 1062
1049 1045 1041 1037
1050 1055 1059 1063
1050 1046 1042 1038
1051 1056 1060 1064
1051 1047 1043 1039
1052 1053 1057 1061
1052 1048 1044 1040
1053 1057 1061 1065
1053 1052 1048 1044
1054 1058 1062 1066
1054 1049 1045 1041
1055 1059 1063 1067
1055 1050 1046 1042
1056 1060 1064 1068
1056 1051 1047 1043
1057 1061 1065 1069
1057 1053 1052 1048
1058 1062 1066 1070
1058 1054 1049 1045
1059 1063 1067 1071
1059 1055 1050 1046
1060 1064 1068 1072
1060 1056 1051 1047
1061 1065 1069 1073
1061 1057 1053 1052
1062 1066 1070 1074
1062 1058 1054 1049
1063 1067 1071 1075
1063 1059 1055 1050
1064 1068 1072 1076
1064 1060 1056 1051
1065 1069 1073 1077
1065 1061 1057 1053
1066 1070 1074 1078
1066 1062 1058 1054
1067 1071 1075 1079
1067 1063 1059 1055
1068 1072 1076 1080
1068 1064 1060 1056
1069 1073 1077 1081
1069 1065 1061 1057
1070 1074 1078 1082
1070 1066 1062 1058
1071 1075 1079 1083
1071 1067 1063 1059
1072 1076 1080 1084
1072 1068 1064 1060
1073 1077 1081 1085
1073 1069 1065 1061
1074 1078 1082 1086
1074 1070 1066 1062
1075 1079 1083 1087
1075 1071 1067 1063
1076 1080 1084 1088
1076 1072 1068 1064
1077 1081 1085 1089
1077 1073 1069 1065
1078 1082 1086 1090
1078 1074 1070 1066
1079 1083 1087 1091
1079 1075 1071 1067
1080 1084 1088 1092
1080 1076 1072 1068
1081 1085 1089 1093
1081 1077 1073 1069
1082 1086 1090 1094
1082 1078 1074 1070
1083 1087 1091 1095
1083 1079 1075 1071
1084 1088 1092 1096
1084 1080 1076 1072
1085 1089 1093 1097
1085 1081 1077 1073
1086 1090 1094 1098
1086 1082 1078 1074
1087 1091 1095 1099
1087 1083 1079 1075
1088 1092 1096 1100
1088 1084 1080 1076
1089 1093 1097 1101
1089 1085 1081 1077
1090 1094 1098 1102
1090 1086 1082 1078
1091 1095 1099 1103
1091 1087 1083 1079
1092 1096 1100 1104
1092 1088 1084 1080
1093 1097 1101 1105
1093 1089 1085 1081
1094 1098 1102 1106
1094 1090 1086 1082
1095 1099 1103 1107
1095 1091 1087 1083
1096 1100 1104 1108
1096 1092 1088 1084
1097 1101 1105 1109
1097 1093 1089 1085
1098 1102 1106 1110
1098 1094 1090 1086
1099 1103 1107 1111
1099 1095 1091 1087
1100 1104 1108 1112
1100 1096 1092 1088
1101 1105 1109 1113
1101 1097 1093 1089
1102 1106 1110 1114
1102 1098 1094 1090
1103 1107 1111 1116
1103 1099 1095 1091
1104 1108 1112 1117
1104 1100 1096 1092
1105 1109 1113 1118
1105 1101 1097 1093
1106 1110 1114 1115
1106 1102 1098 1094
1107 1111 1116 1120
1107 1103 1099 1095
1108 1112 1117 1121
1108 1104 1100 1096
1109 1113 1118 1122
1109 1105 1101 1097
1110 1114 1115 1119
1110 1106 1102 1098
1111 1116 1120 1124
1111 1107 1103 1099
1112 1117 1121 1125
1112 1108 1104 1100
1113 1118 1122 1126
1113 1109 1105 1101
1114 1115 1119 1123
1114 1110 1106 1102
1115 1119 1123 1127
1115 1114 1110 1106
1116 1120 1124 1129
1116 1111 1107 1103
1117 1121 1125 1130
1117 1112 1108 1104
1118 1122 1126 1131
1118 1113 1109 1105
1119 1123 1127 1128
1119 1115 1114 1110
1120 1124 1129 1133
1120 1116 1111 1107
1121 1125 1130 1134
1121 1117 1112 1108
1122 1126 1131 1135
1122 1118 1113 1109
1123 1127 1128 1132
1123 1119 1115 1114
1124 1129 1133 1137
1124 1120 1116 1111
1125 1130 1134 1138
1125 1121 1117 1112
1126 1131 1135 1139
1126 1122 1118 1113
1127 1128 1132 1136
1127 1123 1119 1115
1128 1132 1136 1140
1128 1127 1123 1119
1129 1133 1137 1142
1129 1124 1120 1116
1130 1134 1138 1143
1130 1125 1121 1117
1131 1135 1139 1144
1131 1126 1122 1118
1132 1136 1140 1141
1132 1128 1127 1123
1133 1137 1142 1146
1133 1129 1124 1120
1134 1138 1143 1147
1134 1130 1125 1121
1135 1139 1144 1148
1135 1131 1126 1122
1136 1140 1141 1145
1136 1132 1128 1127
1137 1142 1146 1150
1137 1133 1129 1124
1138 1143 1147 1151
1138 1134 1130 1125
1139 1144 1148 1152
1139 1135 1131 1126
1140 1141 1145 1149
1140 1136 1132 1128
1141 1145 1149 1153
1141 1140 1136 1132
1142 1146 1150 1155
1142 1137 1133 1129
1143 1147 1151 1156
1143 1138 1134 1130
1144 1148 1152 1157
1144 1139 1135 1131
1145 1149 1153 1154
1145 1141 1140 1136
1146 1150 1155 1159
1146 1142 1137 1133
1147 1151 1156 1160
1147 1143 1138 1134
1148 1152 1157 1161
1148 1144 1139 1135
1149 1153 1154 1158
1149 1145 1141 1140
1150 1155 1159 1163
1150 1146 1142 1137
1151 1156 1160 1164
1151 1147 1143 1138
1152 1157 1161 1165
1152 1148 1144 1139
1153 1154 1158 1162
1153 1149 1145 1141
1154 1158 1162 1166
1154 1153 1149 1145
1155 1159 1163 1167
1155 1150 1146 1142
1156 1160 1164 1168
1156 1151 1147 1143
1157 1161 1165 1169
1157 1152 1148 1144
1158 1162 1166 1170
1158 1154 1153 1149
1159 1163 1167 1171
1159 1155 1150 1146
1160 1164 1168 1172
1160 1156 1151 1147
1161 1165 1169 1173
1161 1157 1152 1148
1162 1166 1170 1174
1162 1158 1154 1153
1163 1167 1171 1175
1163 1159 1155 1150
1164 1168 1172 1176
1164 1160 1156 1151
1165 1169 1173 1177
1165 1161 1157 1152
1166 1170 1174 1178
1166 1162 1158 1154
1167 1171 1175 1180
1167 1163 1159 1155
1168 1172 1176 1181
1168 1164 1160 1156
1169 1173 1177 1182
1169 1165 1161 1157
1170 1174 1178 1179
1170 1166 1162 1158
1171 1175 1180 1184
1171 1167 1163 1159
1172 1176 1181 1185
1172 1168 1164 1160
1173 1177 1182 1186
1173 1169 1165 1161
1174 1178 1179 1183
1174 1170 1166 1162
1175 1180 1184 1188
1175 1171 1167 1163
1176 1181 1185 1189
1176 1172 1168 1164
1177 1182 1186 1190
1177 1173 1169 1165
1178 1179 1183 1187
1178 1174 1170 1166
1179 1183 1187 1191
1179 1178 1174 1170
1180 1184 1188 1192
1180 1175 1171 1167
1181 1185 1189 1193
1181 1176 1172 1168
1182 1186 1190 1194
1182 1177 1173 1169
1183 1187 1191 1195
1183 1179 1178 1174
1184 1188 1192 1196
1184 1180 1175 1171
1185 1189 1193 1197
1185 1181 1176 1172
1186 1190 1194 1198
1186 1182 1177 1173
1187 1191 1195 1199
1187 1183 1179 1178
1188 1192 1196 1200
1188 1184 1180 1175
1189 1193 1197 1201
1189 1185 1181 1176
1190 1194 1198 1202
1190 1186 1182 1177
1191 1195 1199 1203
1191 1187 1183 1179
1192 1196 1200 1204
1192 1188 1184 1180
1193 1197 1201 1205
1193 1189 1185 1181
1194 1198 1202 1206
1194 1190 1186 1182
1195 1199 1203 1207
1195 1191 1187 1183
1196 1200 1204 1208
1196 1192 1188 1184
1197 1201 1205 1209
1197 1193 1189 1185
1198 1202 1206 1210
1198 1194 1190 1186
1199 1203 1207 1211
1199 1195 1191 1187
1200 1204 1208 1212
1200 1196 1192 1188
1201 1205 1209 1213
1201 1197 1193 1189
1202 1206 1210 1214
1202 1198 1194 1190
1203 1207 1211 1215
1203 1199 1195 1191
1204 1208 1212 1216
1204 1200 1196 1192
1205 1209 1213 1217
1205 1201 1197 1193
1206 1210 1214 1218
1206 1202 1198 1194
1207 1211 1215 1219
1207 1203 1199 1195
1208 1212 1216 1220
1208 1204 1200 1196
1209 1213 1217 1221
1209 1205 1201 1197
1210 1214 1218 1222
1210 1206 1202 1198
1211 1215 1219 1223
1211 1207 1203 1199
1212 1216 1220 1224
1212 1208 1204 1200
1213 1217 1221 1225
1213 1209 1205 1201
1214 1218 1222 1226
1214 1210 1206 1202
1215 1219 1223 1227
1215 1211 1207 1203
1216 1220 1224 1228
1216 1212 1208 1204
1217 1221 1225 1229
1217 1213 1209 1205
1218 1222 1226 1230
1218 1214 1210 1206
1219 1223 1227 1231
1219 1215 1211 1207
1220 1224 1228 1232
1220 1216 1212 1208
1221 1225 1229 1233
1221 1217 1213 1209
1222 1226 1230 1234
1222 1218 1214 1210
1223 1227 1231 1235
1223 1219 1215 1211
1224 1228 1232 1236
1224 1220 1216 1212
1225 1229 1233 1237
1225 1221 1217 1213
1226 1230 1234 1238
1226 1222 1218 1214
1227 1231 1235 1239
1227 1223 1219 1215
1228 1232 1236 1240
1228 1224 1220 1216
1229 1233 1237 1241
1229 1225 1221 1217
1230 1234 1238 1242
1230 1226 1222 1218
1231 1235 1239 1243
1231 1227 1223 1219
1232 1236 1240 1244
1232 1228 1224 1220
1233 1237 1241 1245
1233 1229 1225 1221
1234 1238 1242 1246
1234 1230 1226 1222
1235 1239 1243 1247
1235 1231 1227 1223
1236 1240 1244 1248
1236 1232 1228 1224
1237 1241 1245 1249
1237 1233 1229 1225
1238 1242 1246 1250
1238 1234 1230 1226
1239 1243 1247 1251
1239 1235 1231 1227
1240 1244 1248 1252
1240 1236 1232 1228
1241 1245 1249 1253
1241 1237 1233 1229
1242 1246 1250 1254
1242 1238 1234 1230
1243 1247 1251 1255
1243 1239 1235 1231
1244 1248 1252 1256
1244 1240 1236 1232
1245 1249 1253 1257
1245 1241 1237 1233
1246 1250 1254 1258
1246 1242 1238 1234
1247 1251 1255 1259
1247 1243 1239 1235
1248 1252 1256 1261
1248 1244 1240 1236
1249 1253 1257 1262
1249 1245 1241 1237
1250 1254 1258 1263
1250 1246 1242 1238
1251 1255 1259 1260
1251 1247 1243 1239
1252 1256 1261 1265
1252 1248 1244 1240
1253 1257 1262 1266
1253 1249 1245 1241
1254 1258 1263 1267
1254 1250 1246 1242
1255 1259 1260 1264
1255 1251 1247 1243
1256 1261 1265 1269
1256 1252 1248 1244
1257 1262 1266 1270
1257 1253 1249 1245
1258 1263 1267 1271
1258 1254 1250 1246
1259 1260 1264 1268
1259 1255 1251 1247
1260 1264 1268 1272
1260 1259 1255 1251
1261 1265 1269 1274
1261 1256 1252 1248
1262 1266 1270 1275
1262 1257 1253 1249
1263 1267 1271 1276
1263 1258 1254 1250
1264 1268 1272 1273
1264 1260 1259 1255
1265 1269 1274 1278
1265 1261 1256 1252
1266 1270 1275 1279
1266 1262 1257 1253
1267 1271 1276 1280
1267 1263 1258 1254
1268 1272 1273 1277
1268 1264 1260 1259
1269 1274 1278 1282
1269 1265 1261 1256
1270 1275 1279 1283
1270 1266 1262 1257
1271 1276 1280 1284
1271 1267 1263 1258
1272 1273 1277 1281
1272 1268 1264 1260
1273 1277 1281 1285
1273 1272 1268 1264
1274 1278 1282 1287
1274 1269 1265 1261
1275 1279 1283 1288
1275 1270 1266 1262
1276 1280 1284 1289
1276 1271 1267 1263
1277 1281 1285 1286
1277 1273 1272 1268
1278 1282 1287 1291
1278 1274 1269 1265
1279 1283 1288 1292
1279 1275 1270 1266
1280 1284 1289 1293
1280 1276 1271 1267
1281 1285 1286 1290
1281 1277 1273 1272
1282 1287 1291 1295
1282 1278 1274 1269
1283 1288 1292 1296
1283 1279 1275 1270
1284 1289 1293 1297
1284 1280 1276 1271
1285 1286 1290 1294
1285 1281 1277 1273
1286 1290 1294 1298
1286 1285 1281 1277
1287 1291 1295 1300
1287 1282 1278 1274
1288 1292 1296 1301
1288 1283 1279 1275
1289 1293 1297 1302
1289 1284 1280 1276
1290 1294 1298 1299
1290 1286 1285 1281
1291 1295 1300 1304
1291 1287 1282 1278
1292 1296 1301 1305
1292 1288 1283 1279
1293 1297 1302 1306
1293 1289 1284 1280
1294 1298 1299 1303
1294 1290 1286 1285
1295 1300 1304 1308
1295 1291 1287 1282
1296 1301 1305 1309
1296 1292 1288 1283
1297 1302 1306 1310
1297 1293 1289 1284
1298 1299 1303 1307
1298 1294 1290 1286
1299 1303 1307 1311
1299 1298 1294 1290
1300 1304 1308 1312
1300 1295 1291 1287
1301 1305 1309 1313
1301 1296 1292 1288
1302 1306 1310 1314
1302 1297 1293 1289
1303 1307 1311 1315
1303 1299 1298 1294
1304 1308 1312 1316
1304 1300 1295 1291
1305 1309 1313 1317
1305 1301 1296 1292
1306 1310 1314 1318
1306 1302 1297 1293
1307 1311 1315 1319
1307 1303 1299 1298
1308 1312 1316 1320
1308 1304 1300 1295
1309 1313 1317 1321
1309 1305 1301 1296
1310 1314 1318 1322
1310 1306 1302 1297
1311 1315 1319 1323
1311 1307 1303 1299
1312 1316 1320 1325
1312 1308 1304 1300
1313 1317 1321 1326
1313 1309 1305 1301
1314 1318 1322 1327
1314 1310 1306 1302
1315 1319 1323 1324
1315 1311 1307 1303
1316 1320 1325 1329
1316 1312 1308 1304
1317 1321 1326 1330
1317 1313 1309 1305
1318 1322 1327 1331
1318 1314 1310 1306
1319 1323 1324 1328
1319 1315 1311 1307
1320 1325 1329 1333
1320 1316 1312 1308
1321 1326 1330 1334
1321 1317 1313 1309
1322 1327 1331 1335
1322 1318 1314 1310
1323 1324 1328 1332
1323 1319 1315 1311
1324 1328 1332 1336
1324 1323 1319 1315
1325 1329 1333 1337
1325 1320 1316 1312
1326 1330 1334 1338
1326 1321 1317 1313
1327 1331 1335 1339
1327 1322 1318 1314
1328 1332 1336 1340
1328 1324 1323 1319
1329 1333 1337 1341
1329 1325 1320 1316
1330 1334 1338 1342
1330 1326 1321 1317
1331 1335 1339 1343
1331 1327 1322 1318
1332 1336 1340 1344
1332 1328 1324 1323
1333 1337 1341 1345
1333 1329 1325 1320
1334 1338 1342 1346
1334 1330 1326 1321
1335 1339 1343 1347
1335 1331 1327 1322
1336 1340 1344 1348
1336 1332 1328 1324
1337 1341 1345 1349
1337 1333 1329 1325
1338 1342 1346 1350
1338 1334 1330 1326
1339 1343 1347 1351
1339 1335 1331 1327
1340 1344 1348 1352
1340 1336 1332 1328
1341 1345 1349 1353
1341 1337 1333 1329
1342 1346 1350 1354
1342 1338 1334 1330
1343 1347 1351 1355
1343 1339 1335 1331
1344 1348 1352 1356
1344 1340 1336 1332
1345 1349 1353 1357
1345 1341 1337 1333
1346 1350 1354 1358
1346 1342 1338 1334
1347 1351 1355 1359
1347 1343 1339 1335
1348 1352 1356 1360
1348 1344 1340 1336
1349 1353 1357 1361
1349 1345 1341 1337
1350 1354 1358 1362
1350 1346 1342 1338
1351 1355 1359 1363
1351 1347 1343 1339
1352 1356 1360 1364
1352 1348 1344 1340
1353 1357 1361 1365
1353 1349 1345 1341
1354 1358 1362 1366
1354 1350 1346 1342
1355 1359 1363 1367
1355 1351 1347 1343
1356 1360 1364 1368
1356 1352 1348 1344
1357 1361 1365 1369
1357 1353 1349 1345
1358 1362 1366 1370
1358 1354 1350 1346
1359 1363 1367 1371
1359 1355 1351 1347
1360 1364 1368 1372
1360 1356 1352 1348
1361 1365 1369 1373
1361 1357 1353 1349
1362 1366 1370 1374
1362 1358 1354 1350
1363 1367 1371 1375
1363 1359 1355 1351
1364 1368 1372 1376
1364 1360 1356 1352
1365 1369 1373 1377
1365 1361 1357 1353
1366 1370 1374 1378
1366 1362 1358 1354
1367 1371 1375 1379
1367 1363 1359 1355
1368 1372 1376 1380
1368 1364 1360 1356
1369 1373 1377 1381
1369 1365 1361 1357
1370 1374 1378 1382
1370 1366 1362 1358
1371 1375 1379 1383
1371 1367 1363 1359
1372 1376 1380 1384
1372 1368 1364 1360
1373 1377 1381 1385
1373 1369 1365 1361
1374 1378 1382 1386
1374 1370 1366 1362
1375 1379 1383 1387
1375 1371 1367 1363
1376 1380 1384 1388
1376 1372 1368 1364
1377 1381 1385 1389
1377 1373 1369 1365
1378 1382 1386 1390
1378 1374 1370 1366
1379 1383 1387 1391
1379 1375 1371 1367
1380 1384 1388 1392
1380 1376 1372 1368
1381 1385 1389 1393
1381 1377 1373 1369
1382 1386 1390 1394
1382 1378 1374 1370
1383 1387 1391 1395
1383 1379 1375 1371
1384 1388 1392 1396
1384 1380 1376 1372
1385 1389 1393 1397
1385 1381 1377 1373
1386 1390 1394 1398
1386 1382 1378 1374
1387 1391 1395 1399
1387 1383 1379 1375
1388 1392 1396 1400
1388 1384 1380 1376
1389 1393 1397 1401
1389 1385 1381 1377
1390 1394 1398 1402
1390 1386 1382 1378
1391 1395 1399 1403
1391 1387 1383 1379
1392 1396 1400 1404
1392 1388 1384 1380
1393 1397 1401 1405
1393 1389 1385 1381
1394 1398 1402 1406
1394 1390 1386 1382
1395 1399 1403 1407
1395 1391 1387 1383
1396 1400 1404 1408
1396 1392 1388 1384
1397 1401 1405 1409
1397 1393 1389 1385
1398 1402 1406 1410
1398 1394 1390 1386
1399 1403 1407 1411
1399 1395 1391 1387
1400 1404 1408 1412
1400 1396 1392 1388
1401 1405 1409 1413
1401 1397 1393 1389
1402 1406 1410 1414
1402 1398 1394 1390
1403 1407 1411 1415
1403 1399 1395 1391
1404 1408 1412 1416
1404 1400 1396 1392
1405 1409 1413 1417
1405 1401 1397 1393
1406 1410 1414 1418
1406 1402 1398 1394
1407 1411 1415 1419
1407 1403 1399 1395
1408 1412 1416 1420
1408 1404 1400 1396
1409 1413 1417 1421
1409 1405 1401 1397
1410 1414 1418 1422
1410 1406 1402 1398
1411 1415 1419 1423
1411 1407 1403 1399
1412 1416 1420 1424
1412 1408 1404 1400
1413 1417 1421 1425
1413 1409 1405 1401
1414 1418 1422 1426
1414 1410 1406 1402
1415 1419 1423 1427
1415 1411 1407 1403
1416 1420 1424 1428
1416 1412 1408 1404
1417 1421 1425 1429
1417 1413 1409 1405
1418 1422 1426 1430
1418 1414 1410 1406
1419 1423 1427 1431
1419 1415 1411 1407
1420 1424 1428 1432
1420 1416 1412 1408
1421 1425 1429 1433
1421 1417 1413 1409
1422 1426 1430 1434
1422 1418 1414 1410
1423 1427 1431 1435
1423 1419 1415 1411
1424 1428 1432 1436
1424 1420 1416 1412
1425 1429 1433 1437
1425 1421 1417 1413
1426 1430 1434 1438
1426 1422 1418 1414
1427 1431 1435 1439
1427 1423 1419 1415
1428 1432 1436 1440
1428 1424 1420 1416
1429 1433 1437 1441
1429 1425 1421 1417
1430 1434 1438 1442
1430 1426 1422 1418
1431 1435 1439 1443
1431 1427 1423 1419
1432 1436 1440 1444
1432 1428 1424 1420
1433 1437 1441 1445
1433 1429 1425 1421
1434 1438 1442 1446
1434 1430 1426 1422
1435 1439 1443 1448
1435 1431 1427 1423
1436 1440 1444 1449
1436 1432 1428 1424
1437 1441 1445 1450
1437 1433 1429 1425
1438 1442 1446 1451
1438 1434 1430 1426
1439 1443 1448 1447
1439 1435 1431 1427
1440 1444 1449 1453
1440 1436 1432 1428
1441 1445 1450 1454
1441 1437 1433 1429
1442 1446 1451 1455
1442 1438 1434 1430
1443 1448 1447 1452
1443 1439 1435 1431
1444 1449 1453 1457
1444 1440 1436 1432
1445 1450 1454 1458
1445 1441 1437 1433
1446 1451 1455 1459
1446 1442 1438 1434
1447 1452 1456 1460
1447 1448 1443 1439
1448 1447 1452 1456
1448 1443 1439 1435
1449 1453 1457 1461
1449 1444 1440 1436
1450 1454 1458 1462
1450 1445 1441 1437
1451 1455 1459 1463
1451 1446 1442 1438
1452 1456 1460 1464
1452 1447 1448 1443
1453 1457 1461 1465
1453 1449 1444 1440
1454 1458 1462 1466
1454 1450 1445 1441
1455 1459 1463 1467
1455 1451 1446 1442
1456 1460 1464 1468
1456 1452 1447 1448
1457 1461 1465 1469
1457 1453 1449 1444
1458 1462 1466 1470
1458 1454 1450 1445
1459 1463 1467 1471
1459 1455 1451 1446
1460 1464 1468 1472
1460 1456 1452 1447
1461 1465 1469 1473
1461 1457 1453 1449
1462 1466 1470 1474
1462 1458 1454 1450
1463 1467 1471 1475
1463 1459 1455 1451
1464 1468 1472 1476
1464 1460 1456 1452
1465 1469 1473 1477
1465 1461 1457 1453
1466 1470 1474 1478
1466 1462 1458 1454
1467 1471 1475 1479
1467 1463 1459 1455
1468 1472 1476 1480
1468 1464 1460 1456
1469 1473 1477 1481
1469 1465 1461 1457
1470 1474 1478 1482
1470 1466 1462 1458
1471 1475 1479 1483
1471 1467 1463 1459
1472 1476 1480 1484
1472 1468 1464 1460
1473 1477 1481 1485
1473 1469 1465 1461
1474 1478 1482 1486
1474 1470 1466 1462
1475 1479 1483 1487
1475 1471 1467 1463
1476 1480 1484 1488
1476 1472 1468 1464
1477 1481 1485 1489
1477 1473 1469 1465
1478 1482 1486 1490
1478 1474 1470 1466
1479 1483 1487 1491
1479 1475 1471 1467
1480 1484 1488 1492
1480 1476 1472 1468
1481 1485 1489 1493
1481 1477 1473 1469
1482 1486 1490 1494
1482 1478 1474 1470
1483 1487 1491 1495
1483 1479 1475 1471
1484 1488 1492 1496
1484 1480 1476 1472
1485 1489 1493 1497
1485 1481 1477 1473
1486 1490 1494 1498
1486 1482 1478 1474
1487 1491 1495 1499
1487 1483 1479 1475
1488 1492 1496 1500
1488 1484 1480 1476
1489 1493 1497 1501
1489 1485 1481 1477
1490 1494 1498 1502
1490 1486 1482 1478
1491 1495 1499 1503
1491 1487 1483 1479
1492 1496 1500 1504
1492 1488 1484 1480
1493 1497 1501 1505
1493 1489 1485 1481
1494 1498 1502 1506
1494 1490 1486 1482
1495 1499 1503 1507
1495 1491 1487 1483
1496 1500 1504 1509
1496 1492 1488 1484
1497 1501 1505 1510
1497 1493 1489 1485
1498 1502 1506 1511
1498 1494 1490 1486
1499 1503 1507 1512
1499 1495 1491 1487
1500 1504 1509 1508
1500 1496 1492 1488
1501 1505 1510 1514
1501 1497 1493 1489
1502 1506 1511 1515
1502 1498 1494 1490
1503 1507 1512 1516
1503 1499 1495 1491
1504 1509 1508 1513
1504 1500 1496 1492
1505 1510 1514 1518
1505 1501 1497 1493
1506 1511 1515 1519
1506 1502 1498 1494
1507 1512 1516 1520
1507 1503 1499 1495
1508 1513 1517 1521
1508 1509 1504 1500
1509 1508 1513 1517
1509 1504 1500 1496
1510 1514 1518 1522
1510 1505 1501 1497
1511 1515 1519 1523
1511 1506 1502 1498
1512 1516 1520 1524
1512 1507 1503 1499
1513 1517 1521 1525
1513 1508 1509 1504
1514 1518 1522 1526
1514 1510 1505 1501
1515 1519 1523 1527
1515 1511 1506 1502
1516 1520 1524 1528
1516 1512 1507 1503
1517 1521 1525 1529
1517 1513 1508 1509
1518 1522 1526 1530
1518 1514 1510 1505
1519 1523 1527 1531
1519 1515 1511 1506
1520 1524 1528 1532
1520 1516 1512 1507
1521 1525 1529 1534
1521 1517 1513 1508
1522 1526 1530 1535
1522 1518 1514 1510
1523 1527 1531 1536
1523 1519 1515 1511
1524 1528 1532 1533
1524 1520 1516 1512
1525 1529 1534 1538
1525 1521 1517 1513
1526 1530 1535 1539
1526 1522 1518 1514
1527 1531 1536 1540
1527 1523 1519 1515
1528 1532 1533 1537
1528 1524 1520 1516
1529 1534 1538 1542
1529 1525 1521 1517
1530 1535 1539 1543
1530 1526 1522 1518
1531 1536 1540 1544
1531 1527 1523 1519
1532 1533 1537 1541
1532 1528 1524 1520
1533 1537 1541 1545
1533 1532 1528 1524
1534 1538 1542 1547
1534 1529 1525 1521
1535 1539 1543 1548
1535 1530 1526 1522
1536 1540 1544 1549
1536 1531 1527 1523
1537 1541 1545 1546
1537 1533 1532 1528
1538 1542 1547 1551
1538 1534 1529 1525
1539 1543 1548 1552
1539 1535 1530 1526
1540 1544 1549 1553
1540 1536 1531 1527
1541 1545 1546 1550
1541 1537 1533 1532
1542 1547 1551 1556
1542 1538 1534 1529
1543 1548 1552 1557
1543 1539 1535 1530
1544 1549 1553 1558
1544 1540 1536 1531
1545 1546 1550 1554
1545 1541 1537 1533
1546 1550 1554 1559
1546 1545 1541 1537
1547 1551 1556 1555
1547 1542 1538 1534
1548 1552 1557 1562
1548 1543 1539 1535
1549 1553 1558 1563
1549 1544 1540 1536
1550 1554 1559 1560
1550 1546 1545 1541
1551 1556 1555 1561
1551 1547 1542 1538
1552 1557 1562 1566
1552 1548 1543 1539
1553 1558 1563 1567
1553 1549 1544 1540
1554 1559 1560 1564
1554 1550 1546 1545
1555 1561 1565 1569
1555 1556 1551 1547
1556 1555 1561 1565
1556 1551 1547 1542
1557 1562 1566 1570
1557 1552 1548 1543
1558 1563 1567 1571
1558 1553 1549 1544
1559 1560 1564 1568
1559 1554 1550 1546
1560 1564 1568 1572
1560 1559 1554 1550
1561 1565 1569 1574
1561 1555 1556 1551
1562 1566 1570 1575
1562 1557 1552 1548
1563 1567 1571 1576
1563 1558 1553 1549
1564 1568 1572 1573
1564 1560 1559 1554
1565 1569 1574 1578
1565 1561 1555 1556
1566 1570 1575 1579
1566 1562 1557 1552
1567 1571 1576 1580
1567 1563 1558 1553
1568 1572 1573 1577
1568 1564 1560 1559
1569 1574 1578 1582
1569 1565 1561 1555
1570 1575 1579 1583
1570 1566 1562 1557
1571 1576 1580 1584
1571 1567 1563 1558
1572 1573 1577 1581
1572 1568 1564 1560
1573 1577 1581 1585
1573 1572 1568 1564
1574 1578 1582 1586
1574 1569 1565 1561
1575 1579 1583 1587
1575 1570 1566 1562
1576 1580 1584 1588
1576 1571 1567 1563
1577 1581 1585 1589
1577 1573 1572 1568
1578 1582 1586 1590
1578 1574 1569 1565
1579 1583 1587 1591
1579 1575 1570 1566
1580 1584 1588 1592
1580 1576 1571 1567
1581 1585 1589 1593
1581 1577 1573 1572
1582 1586 1590 1594
1582 1578 1574 1569
1583 1587 1591 1595
1583 1579 1575 1570
1584 1588 1592 1596
1584 1580 1576 1571
1585 1589 1593 1597
1585 1581 1577 1573
1586 1590 1594 1598
1586 1582 1578 1574
1587 1591 1595 1599
1587 1583 1579 1575
1588 1592 1596 1600
1588 1584 1580 1576
1589 1593 1597 1601
1589 1585 1581 1577
1590 1594 1598 1602
1590 1586 1582 1578
1591 1595 1599 1603
1591 1587 1583 1579
1592 1596 1600 1604
1592 1588 1584 1580
1593 1597 1601 1605
1593 1589 1585 1581
1594 1598 1602 1607
1594 1598 1602 1611
1594 1590 1586 1582
1595 1599 1603 1608
1595 1591 1587 1583
1596 1600 1604 1609
1596 1592 1588 1584
1597 1601 1605 1606
1597 1593 1589 1585
1598 1602 1607 1612
1598 1602 1611 1617
1598 1594 1590 1586
1599 1603 1608 1613
1599 1595 1591 1587
1600 1604 1609 1614
1600 1596 1592 1588
1601 1605 1606 1610
1601 1605 1606 1616
1601 1597 1593 1589
1602 1607 1612 1611
1602 1607 1611 1617
1602 1598 1594 1590
1603 1608 1613 1619
1603 1599 1595 1591
1604 1609 1614 1620
1604 1600 1596 1592
1605 1606 1610 1615
1605 1606 1610 1616
1605 1601 1597 1593
1606 1610 1615 -1
1606 1610 1616 -1
1606 1605 1601 1597
1607 1612 1611 1617
1607 1602 1598 1594
1608 1613 1619 1622
1608 1603 1599 1595
1609 1614 1620 1623
1609 1604 1600 1596
1610 1615 1616 -1
1610 1606 1605 1601
1611 1618 1617 1621
1611 1612 1607 1602
1612 1611 1618 1617
1612 1607 1602 1598
1613 1619 1622 1624
1613 1608 1603 1599
1614 1620 1623 1625
1614 1609 1604 1600
1615 1616 1621 -1
1615 1610 1606 1605
1616 1621 1617 1618
1616 1615 1610 1606
1616 1615 1610 1605
1616 1615 1610 1601
1617 1621 1616 -1
1617 1618 1611 1612
1618 1617 1621 1616
1618 1611 1612 -1
1619 1622 1624 1626
1619 1613 1608 1603
1620 1623 1625 1627
1620 1614 1609 1604
1621 1616 1615 -1
1621 1617 1618 -1
1621 1617 1611 1602
1622 1624 1626 1628
1622 1619 1613 1608
1623 1625 1627 1629
1623 1620 1614 1609
1624 1626 1628 1630
1624 1622 1619 1613
1625 1627 1629 1631
1625 1623 1620 1614
1626 1628 1630 1632
1626 1624 1622 1619
1627 1629 1631 1633
1627 1625 1623 1620
1628 1630 1632 1634
1628 1626 1624 1622
1629 1631 1633 1635
1629 1627 1625 1623
1630 1632 1634 1637
1630 1628 1626 1624
1631 1633 1635 1638
1631 1629 1627 1625
1632 1634 1637 1636
1632 1630 1628 1626
1633 1635 1638 1640
1633 1631 1629 1627
1634 1637 1636 1639
1634 1632 1630 1628
1635 1638 1640 1643
1635 1633 1631 1629
1636 1639 1642 1641
1636 1637 1634 1632
1637 1636 1639 1642
1637 1634 1632 1630
1638 1640 1643 1645
1638 1635 1633 1631
1639 1642 1641 1644
1639 1636 1637 1634
1640 1643 1645 1648
1640 1638 1635 1633
1641 1644 1647 1646
1641 1642 1639 1636
1642 1641 1644 1647
1642 1639 1636 1637
1643 1645 1648 1650
1643 1640 1638 1635
1644 1647 1646 1649
1644 1641 1642 1639
1645 1648 1650 1653
1645 1643 1640 1638
1646 1649 1652 1651
1646 1647 1644 1641
1647 1646 1649 1652
1647 1644 1641 1642
1648 1650 1653 1655
1648 1645 1643 1640
1649 1652 1651 1654
1649 1646 1647 1644
1650 1653 1655 1656
1650 1648 1645 1643
1651 1654 1658 1657
1651 1652 1649 1646
1652 1651 1654 1658
1652 1649 1646 1647
1653 1655 1656 1659
1653 1650 1648 1645
1654 1658 1657 1660
1654 1651 1652 1649
1655 1656 1659 1661
1655 1653 1650 1648
1656 1659 1661 1664
1656 1655 1653 1650
1657 1660 1663 1662
1657 1658 1654 1651
1658 1657 1660 1663
1658 1654 1651 1652
1659 1661 1664 1666
1659 1656 1655 1653
1660 1663 1662 1665
1660 1657 1658 1654
1661 1664 1666 1669
1661 1659 1656 1655
1662 1665 1668 1667
1662 1663 1660 1657
1663 1662 1665 1668
1663 1660 1657 1658
1664 1666 1669 1671
1664 1661 1659 1656
1665 1668 1667 1670
1665 1662 1663 1660
1666 1669 1671 1674
1666 1664 1661 1659
1667 1670 1673 1672
1667 1668 1665 1662
1668 1667 1670 1673
1668 1665 1662 1663
1669 1671 1674 1676
1669 1666 1664 1661
1670 1673 1672 1675
1670 1667 1668 1665
1671 1674 1676 1679
1671 1669 1666 1664
1672 1675 1678 1677
1672 1673 1670 1667
1673 1672 1675 1678
1673 1670 1667 1668
1674 1676 1679 1681
1674 1671 1669 1666
1675 1678 1677 1680
1675 1672 1673 1670
1676 1679 1681 1684
1676 1674 1671 1669
1677 1680 1683 1682
1677 1678 1675 1672
1678 1677 1680 1683
1678 1675 1672 1673
1679 1681 1684 1686
1679 1676 1674 1671
1680 1683 1682 1685
1680 1677 1678 1675
1681 1684 1686 1689
1681 1679 1676 1674
1682 1685 1688 1687
1682 1683 1680 1677
1683 1682 1685 1688
1683 1680 1677 1678
1684 1686 1689 1691
1684 1681 1679 1676
1685 1688 1687 1690
1685 1682 1683 1680
1686 1689 1691 1694
1686 1684 1681 1679
1687 1690 1693 1692
1687 1688 1685 1682
1688 1687 1690 1693
1688 1685 1682 1683
1689 1691 1694 1696
1689 1686 1684 1681
1690 1693 1692 1695
1690 1687 1688 1685
1691 1694 1696 1699
1691 1689 1686 1684
1692 1695 1698 1697
1692 1693 1690 1687
1693 1692 1695 1698
1693 1690 1687 1688
1694 1696 1699 1701
1694 1691 1689 1686
1695 1698 1697 1700
1695 1692 1693 1690
1696 1699 1701 1702
1696 1694 1691 1689
1697 1700 1704 1703
1697 1698 1695 1692
1698 1697 1700 1704
1698 1695 1692 1693
1699 1701 1702 1705
1699 1696 1694 1691
1700 1704 1703 1706
1700 1697 1698 1695
1701 1702 1705 1707
1701 1699 1696 1694
1702 1705 1707 1710
1702 1701 1699 1696
1703 1706 1709 1708
1703 1704 1700 1697
1704 1703 1706 1709
1704 1700 1697 1698
1705 1707 1710 1712
1705 1702 1701 1699
1706 1709 1708 1711
1706 1703 1704 1700
1707 1710 1712 1715
1707 1705 1702 1701
1708 1711 1714 1713
1708 1709 1706 1703
1709 1708 1711 1714
1709 1706 1703 1704
1710 1712 1715 1717
1710 1707 1705 1702
1711 1714 1713 1716
1711 1708 1709 1706
1712 1715 1717 1720
1712 1710 1707 1705
1713 1716 1719 1718
1713 1714 1711 1708
1714 1713 1716 1719
1714 1711 1708 1709
1715 1717 1720 1722
1715 1712 1710 1707
1716 1719 1718 1721
1716 1713 1714 1711
1717 1720 1722 1725
1717 1715 1712 1710
1718 1721 1724 1723
1718 1719 1716 1713
1719 1718 1721 1724
1719 1716 1713 1714
1720 1722 1725 1727
1720 1717 1715 1712
1721 1724 1723 1726
1721 1718 1719 1716
1722 1725 1727 1730
1722 1720 1717 1715
1723 1726 1729 1728
1723 1724 1721 1718
1724 1723 1726 1729
1724 1721 1718 1719
1725 1727 1730 1732
1725 1722 1720 1717
1726 1729 1728 1731
1726 1723 1724 1721
1727 1730 1732 1735
1727 1725 1722 1720
1728 1731 1734 1733
1728 1729 1726 1723
1729 1728 1731 1734
1729 1726 1723 1724
1730 1732 1735 1737
1730 1727 1725 1722
1731 1734 1733 1736
1731 1728 1729 1726
1732 1735 1737 1740
1732 1730 1727 1725
1733 1736 1739 1738
1733 1734 1731 1728
1734 1733 1736 1739
1734 1731 1728 1729
1735 1737 1740 1741
1735 1732 1730 1727
1736 1739 1738 1742
1736 1733 1734 1731
1737 1740 1741 1743
1737 1735 1732 1730
1738 1742 1745 1744
1738 1739 1736 1733
1739 1738 1742 1745
1739 1736 1733 1734
1740 1741 1743 1746
1740 1737 1735 1732
1741 1743 1746 1748
1741 1740 1737 1735
1742 1745 1744 1747
1742 1738 1739 1736
1743 1746 1748 1751
1743 1741 1740 1737
1744 1747 1750 1749
1744 1745 1742 1738
1745 1744 1747 1750
1745 1742 1738 1739
1746 1748 1751 1753
1746 1743 1741 1740
1747 1750 1749 1752
1747 1744 1745 1742
1748 1751 1753 1756
1748 1746 1743 1741
1749 1752 1755 1754
1749 1750 1747 1744
1750 1749 1752 1755
1750 1747 1744 1745
1751 1753 1756 1758
1751 1748 1746 1743
1752 1755 1754 1757
1752 1749 1750 1747
1753 1756 1758 1759
1753 1751 1748 1746
1754 1757 1761 1760
1754 1755 1752 1749
1755 1754 1757 1761
1755 1752 1749 1750
1756 1758 1759 1762
1756 1753 1751 1748
1757 1761 1760 1763
1757 1754 1755 1752
1758 1759 1762 1764
1758 1756 1753 1751
1759 1762 1764 1767
1759 1758 1756 1753
1760 1763 1766 1765
1760 1761 1757 1754
1761 1760 1763 1766
1761 1757 1754 1755
1762 1764 1767 1768
1762 1759 1758 1756
1763 1766 1765 1769
1763 1760 1761 1757
1764 1767 1768 1770
1764 1762 1759 1758
1765 1769 1772 1771
1765 1766 1763 1760
1766 1765 1769 1772
1766 1763 1760 1761
1767 1768 1770 1773
1767 1764 1762 1759
1768 1770 1773 1775
1768 1767 1764 1762
1769 1772 1771 1774
1769 1765 1766 1763
1770 1773 1775 1778
1770 1768 1767 1764
1771 1774 1777 1776
1771 1772 1769 1765
1772 1771 1774 1777
1772 1769 1765 1766
1773 1775 1778 1780
1773 1770 1768 1767
1774 1777 1776 1779
1774 1771 1772 1769
1775 1778 1780 1783
1775 1773 1770 1768
1776 1779 1782 1781
1776 1777 1774 1771
1777 1776 1779 1782
1777 1774 1771 1772
1778 1780 1783 1785
1778 1775 1773 1770
1779 1782 1781 1784
1779 1776 1777 1774
1780 1783 1785 1788
1780 1778 1775 1773
1781 1784 1787 1786
1781 1782 1779 1776
1782 1781 1784 1787
1782 1779 1776 1777
1783 1785 1788 1790
1783 1780 1778 1775
1784 1787 1786 1789
1784 1781 1782 1779
1785 1788 1790 1793
1785 1783 1780 1778
1786 1789 1792 1791
1786 1787 1784 1781
1787 1786 1789 1792
1787 1784 1781 1782
1788 1790 1793 1795
1788 1785 1783 1780
1789 1792 1791 1794
1789 1786 1787 1784
1790 1793 1795 1798
1790 1788 1785 1783
1791 1794 1797 1796
1791 1792 1789 1786
1792 1791 1794 1797
1792 1789 1786 1787
1793 1795 1798 1800
1793 1790 1788 1785
1794 1797 1796 1799
1794 1791 1792 1789
1795 1798 1800 1803
1795 1793 1790 1788
1796 1799 1802 1801
1796 1797 1794 1791
1797 1796 1799 1802
1797 1794 1791 1792
1798 1800 1803 1805
1798 1795 1793 1790
1799 1802 1801 1804
1799 1796 1797 1794
1800 1803 1805 1808
1800 1798 1795 1793
1801 1804 1807 1806
1801 1802 1799 1796
1802 1801 1804 1807
1802 1799 1796 1797
1803 1805 1808 1810
1803 1800 1798 1795
1804 1807 1806 1809
1804 1801 1802 1799
1805 1808 1810 1813
1805 1803 1800 1798
1806 1809 1812 1811
1806 1807 1804 1801
1807 1806 1809 1812
1807 1804 1801 1802
1808 1810 1813 1815
1808 1805 1803 1800
1809 1812 1811 1814
1809 1806 1807 1804
1810 1813 1815 1818
1810 1808 1805 1803
1811 1814 1817 1816
1811 1812 1809 1806
1812 1811 1814 1817
1812 1809 1806 1807
1813 1815 1818 1820
1813 1810 1808 1805
1814 1817 1816 1819
1814 1811 1812 1809
1815 1818 1820 1821
1815 1813 1810 1808
1816 1819 1823 1822
1816 1817 1814 1811
1817 1816 1819 1823
1817 1814 1811 1812
1818 1820 1821 1824
1818 1815 1813 1810
1819 1823 1822 1825
1819 1816 1817 1814
1820 1821 1824 1826
1820 1818 1815 1813
1821 1824 1826 1829
1821 1820 1818 1815
1822 1825 1828 1827
1822 1823 1819 1816
1823 1822 1825 1828
1823 1819 1816 1817
1824 1826 1829 1831
1824 1821 1820 1818
1825 1828 1827 1830
1825 1822 1823 1819
1826 1829 1831 1834
1826 1824 1821 1820
1827 1830 1833 1832
1827 1828 1825 1822
1828 1827 1830 1833
1828 1825 1822 1823
1829 1831 1834 1836
1829 1826 1824 1821
1830 1833 1832 1835
1830 1827 1828 1825
1831 1834 1836 1839
1831 1829 1826 1824
1832 1835 1838 1837
1832 1833 1830 1827
1833 1832 1835 1838
1833 1830 1827 1828
1834 1836 1839 1841
1834 1831 1829 1826
1835 1838 1837 1840
1835 1832 1833 1830
1836 1839 1841 1842
1836 1834 1831 1829
1837 1840 1844 1843
1837 1838 1835 1832
1838 1837 1840 1844
1838 1835 1832 1833
1839 1841 1842 1845
1839 1836 1834 1831
1840 1844 1843 1846
1840 1837 1838 1835
1841 1842 1845 1847
1841 1839 1836 1834
1842 1845 1847 1850
1842 1841 1839 1836
1843 1846 1849 1848
1843 1844 1840 1837
1844 1843 1846 1849
1844 1840 1837 1838
1845 1847 1850 1852
1845 1842 1841 1839
1846 1849 1848 1851
1846 1843 1844 1840
1847 1850 1852 1855
1847 1845 1842 1841
1848 1851 1854 1853
1848 1849 1846 1843
1849 1848 1851 1854
1849 1846 1843 1844
1850 1852 1855 1856
1850 1847 1845 1842
1851 1854 1853 1857
1851 1848 1849 1846
1852 1855 1856 1858
1852 1850 1847 1845
1853 1857 1860 1859
1853 1854 1851 1848
1854 1853 1857 1860
1854 1851 1848 1849
1855 1856 1858 1861
1855 1852 1850 1847
1856 1858 1861 1863
1856 1855 1852 1850
1857 1860 1859 1862
1857 1853 1854 1851
1858 1861 1863 1866
1858 1856 1855 1852
1859 1862 1865 1864
1859 1860 1857 1853
1860 1859 1862 1865
1860 1857 1853 1854
1861 1863 1866 1868
1861 1858 1856 1855
1862 1865 1864 1867
1862 1859 1860 1857
1863 1866 1868 1869
1863 1861 1858 1856
1864 1867 1871 1870
1864 1865 1862 1859
1865 1864 1867 1871
1865 1862 1859 1860
1866 1868 1869 1872
1866 1863 1861 1858
1867 1871 1870 1873
1867 1864 1865 1862
1868 1869 1872 1874
1868 1866 1863 1861
1869 1872 1874 1875
1869 1868 1866 1863
1870 1873 1877 1876
1870 1871 1867 1864
1871 1870 1873 1877
1871 1867 1864 1865
1872 1874 1875 1878
1872 1869 1868 1866
1873 1877 1876 1879
1873 1870 1871 1867
1874 1875 1878 1880
1874 1872 1869 1868
1875 1878 1880 1883
1875 1874 1872 1869
1876 1879 1882 1881
1876 1877 1873 1870
1877 1876 1879 1882
1877 1873 1870 1871
1878 1880 1883 1885
1878 1875 1874 1872
1879 1882 1881 1884
1879 1876 1877 1873
1880 1883 1885 1888
1880 1878 1875 1874
1881 1884 1887 1886
1881 1882 1879 1876
1882 1881 1884 1887
1882 1879 1876 1877
1883 1885 1888 1890
1883 1880 1878 1875
1884 1887 1886 1889
1884 1881 1882 1879
1885 1888 1890 1893
1885 1883 1880 1878
1886 1889 1892 1891
1886 1887 1884 1881
1887 1886 1889 1892
1887 1884 1881 1882
1888 1890 1893 1894
1888 1885 1883 1880
1889 1892 1891 1895
1889 1886 1887 1884
1890 1893 1894 1896
1890 1888 1885 1883
1891 1895 1898 1897
1891 1892 1889 1886
1892 1891 1895 1898
1892 1889 1886 1887
1893 1894 1896 1899
1893 1890 1888 1885
1894 1896 1899 1900
1894 1893 1890 1888
1895 1898 1897 1901
1895 1891 1892 1889
1896 1899 1900 1902
1896 1894 1893 1890
1897 1901 1904 1903
1897 1898 1895 1891
1898 1897 1901 1904
1898 1895 1891 1892
1899 1900 1902 1905
1899 1896 1894 1893
1900 1902 1905 1906
1900 1899 1896 1894
1901 1904 1903 1907
1901 1897 1898 1895
1902 1905 1906 1908
1902 1900 1899 1896
1903 1907 1910 1909
1903 1904 1901 1897
1904 1903 1907 1910
1904 1901 1897 1898
1905 1906 1908 1911
1905 1902 1900 1899
1906 1908 1911 1912
1906 1905 1902 1900
1907 1910 1909 1913
1907 1903 1904 1901
1908 1911 1912 1914
1908 1906 1905 1902
1909 1913 1916 1915
1909 1910 1907 1903
1910 1909 1913 1916
1910 1907 1903 1904
1911 1912 1914 1917
1911 1908 1906 1905
1912 1914 1917 1918
1912 1911 1908 1906
1913 1916 1915 1919
1913 1909 1910 1907
1914 1917 1918 1920
1914 1912 1911 1908
1915 1919 1922 1921
1915 1916 1913 1909
1916 1915 1919 1922
1916 1913 1909 1910
1917 1918 1920 1923
1917 1914 1912 1911
1918 1920 1923 1924
1918 1917 1914 1912
1919 1922 1921 1925
1919 1915 1916 1913
1920 1923 1924 1926
1920 1918 1917 1914
1921 1925 1928 1927
1921 1922 1919 1915
1922 1921 1925 1928
1922 1919 1915 1916
1923 1924 1926 1929
1923 1920 1918 1917
1924 1926 1929 1930
1924 1923 1920 1918
1925 1928 1927 1931
1925 1921 1922 1919
1926 1929 1930 1932
1926 1924 1923 1920
1927 1931 1934 1933
1927 1928 1925 1921
1928 1927 1931 1934
1928 1925 1921 1922
1929 1930 1932 1935
1929 1926 1924 1923
1930 1932 1935 1936
1930 1929 1926 1924
1931 1934 1933 1937
1931 1927 1928 1925
1932 1935 1936 1938
1932 1930 1929 1926
1933 1937 1940 1939
1933 1934 1931 1927
1934 1933 1937 1940
1934 1931 1927 1928
1935 1936 1938 1941
1935 1932 1930 1929
1936 1938 1941 1942
1936 1935 1932 1930
1937 1940 1939 1943
1937 1933 1934 1931
1938 1941 1942 1944
1938 1936 1935 1932
1939 1943 1946 1945
1939 1940 1937 1933
1940 1939 1943 1946
1940 1937 1933 1934
1941 1942 1944 1947
1941 1938 1936 1935
1942 1944 1947 1948
1942 1941 1938 1936
1943 1946 1945 1949
1943 1939 1940 1937
1944 1947 1948 1950
1944 1942 1941 1938
1945 1949 1952 1951
1945 1946 1943 1939
1946 1945 1949 1952
1946 1943 1939 1940
1947 1948 1950 1953
1947 1944 1942 1941
1948 1950 1953 1954
1948 1947 1944 1942
1949 1952 1951 1955
1949 1945 1946 1943
1950 1953 1954 1956
1950 1948 1947 1944
1951 1955 1958 1957
1951 1952 1949 1945
1952 1951 1955 1958
1952 1949 1945 1946
1953 1954 1956 1959
1953 1950 1948 1947
1954 1956 1959 1960
1954 1953 1950 1948
1955 1958 1957 1961
1955 1951 1952 1949
1956 1959 1960 1962
1956 1954 1953 1950
1957 1961 1964 1963
1957 1958 1955 1951
1958 1957 1961 1964
1958 1955 1951 1952
1959 1960 1962 1965
1959 1956 1954 1953
1960 1962 1965 1967
1960 1959 1956 1954
1961 1964 1963 1966
1961 1957 1958 1955
1962 1965 1967 1968
1962 1960 1959 1956
1963 1966 1970 1969
1963 1964 1961 1957
1964 1963 1966 1970
1964 1961 1957 1958
1965 1967 1968 1971
1965 1962 1960 1959
1966 1970 1969 1972
1966 1963 1964 1961
1967 1968 1971 1973
1967 1965 1962 1960
1968 1971 1973 1974
1968 1967 1965 1962
1969 1972 1976 1975
1969 1970 1966 1963
1970 1969 1972 1976
1970 1966 1963 1964
1971 1973 1974 1977
1971 1968 1967 1965
1972 1976 1975 1978
1972 1969 1970 1966
1973 1974 1977 1979
1973 1971 1968 1967
1974 1977 1979 1980
1974 1973 1971 1968
1975 1978 1982 1981
1975 1976 1972 1969
1976 1975 1978 1982
1976 1972 1969 1970
1977 1979 1980 1983
1977 1974 1973 1971
1978 1982 1981 1984
1978 1975 1976 1972
1979 1980 1983 1985
1979 1977 1974 1973
1980 1983 1985 1988
1980 1979 1977 1974
1981 1984 1987 1986
1981 1982 1978 1975
1982 1981 1984 1987
1982 1978 1975 1976
1983 1985 1988 1989
1983 1980 1979 1977
1984 1987 1986 1990
1984 1981 1982 1978
1985 1988 1989 1991
1985 1983 1980 1979
1986 1990 1992 1995
1986 1987 1984 1981
1987 1986 1990 1992
1987 1984 1981 1982
1988 1989 1991 1993
1988 1985 1983 1980
1989 1991 1993 1994
1989 1988 1985 1983
1990 1992 1995 1997
1990 1986 1987 1984
1991 1993 1994 1996
1991 1989 1988 1985
1992 1995 1997 1999
1992 1990 1986 1987
1993 1994 1996 1998
1993 1991 1989 1988
1994 1996 1998 2000
1994 1993 1991 1989
1995 1997 1999 2002
1995 1992 1990 1986
1996 1998 2000 2001
1996 1994 1993 1991
1997 1999 2002 2004
1997 1995 1992 1990
1998 2000 2001 2003
1998 1996 1994 1993
1999 2002 2004 2006
1999 1997 1995 1992
2000 2001 2003 2005
2000 1998 1996 1994
2001 2003 2005 2007
2001 2000 1998 1996
2002 2004 2006 2009
2002 1999 1997 1995
2003 2005 2007 2008
2003 2001 2000 1998
2004 2006 2009 2011
2004 2002 1999 1997
2005 2007 2008 2010
2005 2003 2001 2000
2006 2009 2011 2013
2006 2004 2002 1999
2007 2008 2010 2012
2007 2005 2003 2001
2008 2010 2012 2014
2008 2007 2005 2003
2009 2011 2013 2016
2009 2006 2004 2002
2010 2012 2014 2015
2010 2008 2007 2005
2011 2013 2016 2018
2011 2009 2006 2004
2012 2014 2015 2017
2012 2010 2008 2007
2013 2016 2018 2020
2013 2011 2009 2006
2014 2015 2017 2019
2014 2012 2010 2008
2015 2017 2019 2021
2015 2014 2012 2010
2016 2018 2020 2023
2016 2013 2011 2009
2017 2019 2021 2022
2017 2015 2014 2012
2018 2020 2023 2025
2018 2016 2013 2011
2019 2021 2022 2024
2019 2017 2015 2014
2020 2023 2025 2027
2020 2018 2016 2013
2021 2022 2024 2026
2021 2019 2017 2015
2022 2024 2026 2028
2022 2021 2019 2017
2023 2025 2027 2030
2023 2020 2018 2016
2024 2026 2028 2029
2024 2022 2021 2019
2025 2027 2030 2033
2025 2023 2020 2018
2026 2028 2029 2031
2026 2024 2022 2021
2027 2030 2033 2035
2027 2025 2023 2020
2028 2029 2031 2032
2028 2026 2024 2022
2029 2031 2032 2034
2029 2028 2026 2024
2030 2033 2035 2038
2030 2027 2025 2023
2031 2032 2034 2036
2031 2029 2028 2026
2032 2034 2036 2037
2032 2031 2029 2028
2033 2035 2038 2041
2033 2030 2027 2025
2034 2036 2037 2039
2034 2032 2031 2029
2035 2038 2041 2044
2035 2033 2030 2027
2036 2037 2039 2040
2036 2034 2032 2031
2037 2039 2040 2042
2037 2036 2034 2032
2038 2041 2044 2046
2038 2035 2033 2030
2039 2040 2042 2043
2039 2037 2036 2034
2040 2042 2043 2045
2040 2039 2037 2036
2041 2044 2046 2049
2041 2038 2035 2033
2042 2043 2045 2047
2042 2040 2039 2037
2043 2045 2047 2048
2043 2042 2040 2039
2044 2046 2049 2052
2044 2041 2038 2035
2045 2047 2048 2050
2045 2043 2042 2040
2046 2049 2052 2055
2046 2044 2041 2038
2047 2048 2050 2051
2047 2045 2043 2042
2048 2050 2051 2053
2048 2047 2045 2043
2049 2052 2055 2057
2049 2046 2044 2041
2050 2051 2053 2054
2050 2048 2047 2045
2051 2053 2054 2056
2051 2050 2048 2047
2052 2055 2057 2060
2052 2049 2046 2044
2053 2054 2056 2058
2053 2051 2050 2048
2054 2056 2058 2059
2054 2053 2051 2050
2055 2057 2060 2063
2055 2052 2049 2046
2056 2058 2059 2061
2056 2054 2053 2051
2057 2060 2063 2066
2057 2055 2052 2049
2058 2059 2061 2062
2058 2056 2054 2053
2059 2061 2062 2064
2059 2058 2056 2054
2060 2063 2066 2068
2060 2057 2055 2052
2061 2062 2064 2065
2061 2059 2058 2056
2062 2064 2065 2067
2062 2061 2059 2058
2063 2066 2068 2071
2063 2060 2057 2055
2064 2065 2067 2069
2064 2062 2061 2059
2065 2067 2069 2070
2065 2064 2062 2061
2066 2068 2071 2074
2066 2063 2060 2057
2067 2069 2070 2072
2067 2065 2064 2062
2068 2071 2074 2077
2068 2066 2063 2060
2069 2070 2072 2073
2069 2067 2065 2064
2070 2072 2073 2075
2070 2069 2067 2065
2071 2074 2077 2079
2071 2068 2066 2063
2072 2073 2075 2076
2072 2070 2069 2067
2073 2075 2076 2078
2073 2072 2070 2069
2074 2077 2079 2082
2074 2071 2068 2066
2075 2076 2078 2080
2075 2073 2072 2070
2076 2078 2080 2081
2076 2075 2073 2072
2077 2079 2082 2085
2077 2074 2071 2068
2078 2080 2081 2083
2078 2076 2075 2073
2079 2082 2085 2088
2079 2077 2074 2071
2080 2081 2083 2084
2080 2078 2076 2075
2081 2083 2084 2086
2081 2080 2078 2076
2082 2085 2088 2090
2082 2079 2077 2074
2083 2084 2086 2087
2083 2081 2080 2078
2084 2086 2087 2089
2084 2083 2081 2080
2085 2088 2090 2092
2085 2082 2079 2077
2086 2087 2089 2091
2086 2084 2083 2081
2087 2089 2091 2093
2087 2086 2084 2083
2088 2090 2092 2095
2088 2085 2082 2079
2089 2091 2093 2094
2089 2087 2086 2084
2090 2092 2095 2098
2090 2088 2085 2082
2091 2093 2094 2096
2091 2089 2087 2086
2092 2095 2098 2100
2092 2090 2088 2085
2093 2094 2096 2097
2093 2091 2089 2087
2094 2096 2097 2099
2094 2093 2091 2089
2095 2098 2100 2102
2095 2092 2090 2088
2096 2097 2099 2101
2096 2094 2093 2091
2097 2099 2101 2103
2097 2096 2094 2093
2098 2100 2102 2105
2098 2095 2092 2090
2099 2101 2103 2104
2099 2097 2096 2094
2100 2102 2105 2108
2100 2098 2095 2092
2101 2103 2104 2106
2101 2099 2097 2096
2102 2105 2108 2110
2102 2100 2098 2095
2103 2104 2106 2107
2103 2101 2099 2097
2104 2106 2107 2109
2104 2103 2101 2099
2105 2108 2110 2112
2105 2102 2100 2098
2106 2107 2109 2111
2106 2104 2103 2101
2107 2109 2111 2113
2107 2106 2104 2103
2108 2110 2112 2115
2108 2105 2102 2100
2109 2111 2113 2114
2109 2107 2106 2104
2110 2112 2115 2118
2110 2108 2105 2102
2111 2113 2114 2116
2111 2109 2107 2106
2112 2115 2118 2121
2112 2110 2108 2105
2113 2114 2116 2117
2113 2111 2109 2107
2114 2116 2117 2119
2114 2113 2111 2109
2115 2118 2121 2123
2115 2112 2110 2108
2116 2117 2119 2120
2116 2114 2113 2111
2117 2119 2120 2122
2117 2116 2114 2113
2118 2121 2123 2125
2118 2115 2112 2110
2119 2120 2122 2124
2119 2117 2116 2114
2120 2122 2124 2126
2120 2119 2117 2116
2121 2123 2125 2128
2121 2118 2115 2112
2122 2124 2126 2127
2122 2120 2119 2117
2123 2125 2128 2131
2123 2121 2118 2115
2124 2126 2127 2129
2124 2122 2120 2119
2125 2128 2131 2134
2125 2123 2121 2118
2126 2127 2129 2130
2126 2124 2122 2120
2127 2129 2130 2132
2127 2126 2124 2122
2128 2131 2134 2137
2128 2125 2123 2121
2129 2130 2132 2133
2129 2127 2126 2124
2130 2132 2133 2135
2130 2129 2127 2126
2131 2134 2137 2141
2131 2128 2125 2123
2132 2133 2135 2136
2132 2130 2129 2127
2133 2135 2136 2138
2133 2132 2130 2129
2134 2137 2141 2144
2134 2131 2128 2125
2135 2136 2138 2139
2135 2133 2132 2130
2136 2138 2139 2140
2136 2135 2133 2132
2137 2141 2144 2147
2137 2134 2131 2128
2138 2139 2140 2142
2138 2136 2135 2133
2139 2140 2142 2143
2139 2138 2136 2135
2140 2142 2143 2145
2140 2139 2138 2136
2141 2144 2147 2150
2141 2137 2134 2131
2142 2143 2145 2146
2142 2140 2139 2138
2143 2145 2146 2148
2143 2142 2140 2139
2144 2147 2150 2154
2144 2141 2137 2134
2145 2146 2148 2149
2145 2143 2142 2140
2146 2148 2149 2151
2146 2145 2143 2142
2147 2150 2154 2157
2147 2144 2141 2137
2148 2149 2151 2152
2148 2146 2145 2143
2149 2151 2152 2153
2149 2148 2146 2145
2150 2154 2157 2161
2150 2147 2144 2141
2151 2152 2153 2155
2151 2149 2148 2146
2152 2153 2155 2156
2152 2151 2149 2148
2153 2155 2156 2158
2153 2152 2151 2149
2154 2157 2161 2164
2154 2150 2147 2144
2155 2156 2158 2159
2155 2153 2152 2151
2156 2158 2159 2160
2156 2155 2153 2152
2157 2161 2164 2167
2157 2154 2150 2147
2158 2159 2160 2162
2158 2156 2155 2153
2159 2160 2162 2163
2159 2158 2156 2155
2160 2162 2163 2165
2160 2159 2158 2156
2161 2164 2167 2171
2161 2157 2154 2150
2162 2163 2165 2166
2162 2160 2159 2158
2163 2165 2166 2168
2163 2162 2160 2159
2164 2167 2171 2174
2164 2161 2157 2154
2165 2166 2168 2169
2165 2163 2162 2160
2166 2168 2169 2170
2166 2165 2163 2162
2167 2171 2174 2177
2167 2164 2161 2157
2168 2169 2170 2172
2168 2166 2165 2163
2169 2170 2172 2173
2169 2168 2166 2165
2170 2172 2173 2175
2170 2169 2168 2166
2171 2174 2177 2180
2171 2167 2164 2161
2172 2173 2175 2176
2172 2170 2169 2168
2173 2175 2176 2178
2173 2172 2170 2169
2174 2177 2180 2183
2174 2171 2167 2164
2175 2176 2178 2179
2175 2173 2172 2170
2176 2178 2179 2181
2176 2175 2173 2172
2177 2180 2183 2186
2177 2174 2171 2167
2178 2179 2181 2182
2178 2176 2175 2173
2179 2181 2182 2184
2179 2178 2176 2175
2180 2183 2186 2189
2180 2177 2174 2171
2181 2182 2184 2185
2181 2179 2178 2176
2182 2184 2185 2187
2182 2181 2179 2178
2183 2186 2189 2193
2183 2180 2177 2174
2184 2185 2187 2188
2184 2182 2181 2179
2185 2187 2188 2190
2185 2184 2182 2181
2186 2189 2193 2197
2186 2183 2180 2177
2187 2188 2190 2191
2187 2185 2184 2182
2188 2190 2191 2192
2188 2187 2185 2184
2189 2193 2197 2200
2189 2186 2183 2180
2190 2191 2192 2194
2190 2188 2187 2185
2191 2192 2194 2195
2191 2190 2188 2187
2192 2194 2195 2196
2192 2191 2190 2188
2193 2197 2200 2204
2193 2189 2186 2183
2194 2195 2196 2198
2194 2192 2191 2190
2195 2196 2198 2199
2195 2194 2192 2191
2196 2198 2199 2201
2196 2195 2194 2192
2197 2200 2204 2208
2197 2193 2189 2186
2198 2199 2201 2202
2198 2196 2195 2194
2199 2201 2202 2203
2199 2198 2196 2195
2200 2204 2208 2212
2200 2197 2193 2189
2201 2202 2203 2205
2201 2199 2198 2196
2202 2203 2205 2206
2202 2201 2199 2198
2203 2205 2206 2207
2203 2202 2201 2199
2204 2208 2212 2217
2204 2200 2197 2193
2205 2206 2207 2209
2205 2203 2202 2201
2206 2207 2209 2210
2206 2205 2203 2202
2207 2209 2210 2211
2207 2206 2205 2203
2208 2212 2217 2216
2208 2204 2200 2197
2209 2210 2211 2213
2209 2207 2206 2205
2210 2211 2213 2214
2210 2209 2207 2206
2211 2213 2214 2215
2211 2210 2209 2207
2212 2217 2216 2222
2212 2208 2204 2200
2213 2214 2215 2218
2213 2211 2210 2209
2214 2215 2218 2219
2214 2213 2211 2210
2215 2218 2219 2220
2215 2214 2213 2211
2216 2222 2228 2227
2216 2217 2212 2208
2217 2216 2222 2228
2217 2212 2208 2204
2218 2219 2220 2221
2218 2215 2214 2213
2219 2220 2221 2223
2219 2218 2215 2214
2220 2221 2223 2224
2220 2219 2218 2215
2221 2223 2224 2225
2221 2220 2219 2218
2222 2228 2227 2233
2222 2216 2217 2212
2223 2224 2225 2226
2223 2221 2220 2219
2224 2225 2226 2229
2224 2223 2221 2220
2225 2226 2229 2230
2225 2224 2223 2221
2226 2229 2230 2231
2226 2225 2224 2223
2227 2233 2239 2238
2227 2228 2222 2216
2228 2227 2233 2239
2228 2222 2216 2217
2229 2230 2231 2232
2229 2226 2225 2224
2230 2231 2232 2234
2230 2229 2226 2225
2231 2232 2234 2235
2231 2230 2229 2226
2232 2234 2235 2236
2232 2231 2230 2229
2233 2239 2238 2243
2233 2227 2228 2222
2234 2235 2236 2237
2234 2232 2231 2230
2235 2236 2237 2240
2235 2234 2232 2231
2236 2237 2240 2241
2236 2235 2234 2232
2237 2240 2241 2242
2237 2236 2235 2234
2238 2243 2249 2248
2238 2239 2233 2227
2239 2238 2243 2249
2239 2233 2227 2228
2240 2241 2242 2244
2240 2237 2236 2235
2241 2242 2244 2245
2241 2240 2237 2236
2242 2244 2245 2246
2242 2241 2240 2237
2243 2249 2248 2254
2243 2238 2239 2233
2244 2245 2246 2247
2244 2242 2241 2240
2245 2246 2247 2250
2245 2244 2242 2241
2246 2247 2250 2251
2246 2245 2244 2242
2247 2250 2251 2252
2247 2246 2245 2244
2248 2254 2260 2259
2248 2249 2243 2238
2249 2248 2254 2260
2249 2243 2238 2239
2250 2251 2252 2253
2250 2247 2246 2245
2251 2252 2253 2255
2251 2250 2247 2246
2252 2253 2255 2256
2252 2251 2250 2247
2253 2255 2256 2257
2253 2252 2251 2250
2254 2260 2259 2266
2254 2248 2249 2243
2255 2256 2257 2258
2255 2253 2252 2251
2256 2257 2258 2261
2256 2255 2253 2252
2257 2258 2261 2262
2257 2256 2255 2253
2258 2261 2262 2263
2258 2257 2256 2255
2259 2266 2272 2271
2259 2260 2254 2248
2260 2259 2266 2272
2260 2254 2248 2249
2261 2262 2263 2264
2261 2258 2257 2256
2262 2263 2264 2265
2262 2261 2258 2257
2263 2264 2265 2267
2263 2262 2261 2258
2264 2265 2267 2268
2264 2263 2262 2261
2265 2267 2268 2269
2265 2264 2263 2262
2266 2272 2271 2277
2266 2259 2260 2254
2267 2268 2269 2270
2267 2265 2264 2263
2268 2269 2270 2273
2268 2267 2265 2264
2269 2270 2273 2274
2269 2268 2267 2265
2270 2273 2274 2275
2270 2269 2268 2267
2271 2277 2283 2282
2271 2272 2266 2259
2272 2271 2277 2283
2272 2266 2259 2260
2273 2274 2275 2276
2273 2270 2269 2268
2274 2275 2276 2278
2274 2273 2270 2269
2275 2276 2278 2279
2275 2274 2273 2270
2276 2278 2279 2280
2276 2275 2274 2273
2277 2283 2282 2288
2277 2271 2272 2266
2278 2279 2280 2281
2278 2276 2275 2274
2279 2280 2281 2284
2279 2278 2276 2275
2280 2281 2284 2285
2280 2279 2278 2276
2281 2284 2285 2286
2281 2280 2279 2278
2282 2288 2294 2293
2282 2283 2277 2271
2283 2282 2288 2294
2283 2277 2271 2272
2284 2285 2286 2287
2284 2281 2280 2279
2285 2286 2287 2289
2285 2284 2281 2280
2286 2287 2289 2290
2286 2285 2284 2281
2287 2289 2290 2291
2287 2286 2285 2284
2288 2294 2293 2300
2288 2282 2283 2277
2289 2290 2291 2292
2289 2287 2286 2285
2290 2291 2292 2295
2290 2289 2287 2286
2291 2292 2295 2296
2291 2290 2289 2287
2292 2295 2296 2297
2292 2291 2290 2289
2293 2300 2307 2306
2293 2294 2288 2282
2294 2293 2300 2307
2294 2288 2282 2283
2295 2296 2297 2298
2295 2292 2291 2290
2296 2297 2298 2299
2296 2295 2292 2291
2297 2298 2299 2301
2297 2296 2295 2292
2298 2299 2301 2302
2298 2297 2296 2295
2299 2301 2302 2303
2299 2298 2297 2296
2300 2307 2306 2313
2300 2293 2294 2288
2301 2302 2303 2304
2301 2299 2298 2297
2302 2303 2304 2305
2302 2301 2299 2298
2303 2304 2305 2308
2303 2302 2301 2299
2304 2305 2308 2309
2304 2303 2302 2301
2305 2308 2309 2310
2305 2304 2303 2302
2306 2313 2320 2319
2306 2307 2300 2293
2307 2306 2313 2320
2307 2300 2293 2294
2308 2309 2310 2311
2308 2305 2304 2303
2309 2310 2311 2312
2309 2308 2305 2304
2310 2311 2312 2314
2310 2309 2308 2305
2311 2312 2314 2315
2311 2310 2309 2308
2312 2314 2315 2316
2312 2311 2310 2309
2313 2320 2319 2329
2313 2306 2307 2300
2314 2315 2316 2317
2314 2312 2311 2310
2315 2316 2317 2318
2315 2314 2312 2311
2316 2317 2318 2321
2316 2315 2314 2312
2317 2318 2321 2322
2317 2316 2315 2314
2318 2321 2322 2323
2318 2317 2316 2315
2319 2329 2328 2327
2319 2320 2313 2306
2320 2319 2329 2328
2320 2313 2306 2307
2321 2322 2323 2324
2321 2318 2317 2316
2322 2323 2324 2325
2322 2321 2318 2317
2323 2324 2325 2330
2323 2322 2321 2318
2324 2325 2330 2331
2324 2323 2322 2321
2325 2330 2331 2332
2325 2324 2323 2322
2326 2341 2340 2339
2326 2327 2328 2329
2327 2326 2341 2340
2327 2328 2329 2319
2328 2327 2326 2341
2328 2329 2319 2320
2329 2328 2327 2326
2329 2319 2320 2313
2330 2331 2332 2333
2330 2325 2324 2323
2331 2332 2333 2334
2331 2330 2325 2324
2332 2333 2334 2342
2332 2331 2330 2325
2333 2334 2342 2343
2333 2332 2331 2330
2334 2342 2343 2344
2334 2333 2332 2331
2335 2357 2356 2355
2335 2336 2337 2338
2336 2335 2357 2356
2336 2337 2338 2339
2337 2336 2335 2357
2337 2338 2339 2340
2338 2337 2336 2335
2338 2339 2340 2341
2339 2338 2337 2336
2339 2340 2341 2326
2340 2339 2338 2337
2340 2341 2326 2327
2341 2340 2339 2338
2341 2326 2327 2328
2342 2343 2344 2345
2342 2334 2333 2332
2343 2344 2345 2346
2343 2342 2334 2333
2344 2345 2346 2347
2344 2343 2342 2334
2345 2346 2347 2358
2345 2344 2343 2342
2346 2347 2358 2359
2346 2345 2344 2343
2347 2358 2359 2360
2347 2346 2345 2344
2348 2370 2369 2368
2348 2349 2350 2351
2349 2348 2370 2369
2349 2350 2351 2352
2350 2349 2348 2370
2350 2351 2352 2353
2351 2350 2349 2348
2351 2352 2353 2354
2352 2351 2350 2349
2352 2353 2354 2355
2353 2352 2351 2350
2353 2354 2355 2356
2354 2353 2352 2351
2354 2355 2356 2357
2355 2354 2353 2352
2355 2356 2357 2335
2356 2355 2354 2353
2356 2357 2335 2336
2357 2356 2355 2354
2357 2335 2336 2337
2358 2359 2360 2361
2358 2347 2346 2345
2359 2360 2361 2362
2359 2358 2347 2346
2360 2361 2362 2371
2360 2359 2358 2347
2361 2362 2371 2372
2361 2360 2359 2358
2362 2371 2372 2373
2362 2361 2360 2359
2363 2385 2384 2383
2363 2364 2365 2366
2364 2363 2385 2384
2364 2365 2366 2367
2365 2364 2363 2385
2365 2366 2367 2368
2366 2365 2364 2363
2366 2367 2368 2369
2367 2366 2365 2364
2367 2368 2369 2370
2368 2367 2366 2365
2368 2369 2370 2348
2369 2368 2367 2366
2369 2370 2348 2349
2370 2369 2368 2367
2370 2348 2349 2350
2371 2372 2373 2374
2371 2362 2361 2360
2372 2373 2374 2375
2372 2371 2362 2361
2373 2374 2375 2376
2373 2372 2371 2362
2374 2375 2376 2386
2374 2373 2372 2371
2375 2376 2386 2387
2375 2374 2373 2372
2376 2386 2387 2388
2376 2375 2374 2373
2377 2397 2396 2395
2377 2378 2379 2380
2378 2377 2397 2396
2378 2379 2380 2381
2379 2378 2377 2397
2379 2380 2381 2382
2380 2379 2378 2377
2380 2381 2382 2383
2381 2380 2379 2378
2381 2382 2383 2384
2382 2381 2380 2379
2382 2383 2384 2385
2383 2382 2381 2380
2383 2384 2385 2363
2384 2383 2382 2381
2384 2385 2363 2364
2385 2384 2383 2382
2385 2363 2364 2365
2386 2387 2388 2389
2386 2376 2375 2374
2387 2388 2389 2390
2387 2386 2376 2375
2388 2389 2390 2398
2388 2387 2386 2376
2389 2390 2398 2399
2389 2388 2387 2386
2390 2398 2399 2400
2390 2389 2388 2387
2391 2414 2413 2412
2391 2392 2393 2394
2392 2391 2414 2413
2392 2393 2394 2395
2393 2392 2391 2414
2393 2394 2395 2396
2394 2393 2392 2391
2394 2395 2396 2397
2395 2394 2393 2392
2395 2396 2397 2377
2396 2395 2394 2393
2396 2397 2377 2378
2397 2396 2395 2394
2397 2377 2378 2379
2398 2399 2400 2401
2398 2390 2389 2388
2399 2400 2401 2402
2399 2398 2390 2389
2400 2401 2402 2403
2400 2399 2398 2390
2401 2402 2403 2404
2401 2400 2399 2398
2402 2403 2404 2415
2402 2401 2400 2399
2403 2404 2415 2416
2403 2402 2401 2400
2404 2415 2416 2417
2404 2403 2402 2401
2405 2427 2426 2425
2405 2406 2407 2408
2406 2405 2427 2426
2406 2407 2408 2409
2407 2406 2405 2427
2407 2408 2409 2410
2408 2407 2406 2405
2408 2409 2410 2411
2409 2408 2407 2406
2409 2410 2411 2412
2410 2409 2408 2407
2410 2411 2412 2413
2411 2410 2409 2408
2411 2412 2413 2414
2412 2411 2410 2409
2412 2413 2414 2391
2413 2412 2411 2410
2413 2414 2391 2392
2414 2413 2412 2411
2414 2391 2392 2393
2415 2416 2417 2418
2415 2404 2403 2402
2416 2417 2418 2419
2416 2415 2404 2403
2417 2418 2419 2420
2417 2416 2415 2404
2418 2419 2420 2428
2418 2417 2416 2415
2419 2420 2428 2429
2419 2418 2417 2416
2420 2428 2429 2430
2420 2419 2418 2417
2421 2444 2443 2442
2421 2422 2423 2424
2422 2421 2444 2443
2422 2423 2424 2425
2423 2422 2421 2444
2423 2424 2425 2426
2424 2423 2422 2421
2424 2425 2426 2427
2425 2424 2423 2422
2425 2426 2427 2405
2426 2425 2424 2423
2426 2427 2405 2406
2427 2426 2425 2424
2427 2405 2406 2407
2428 2429 2430 2431
2428 2420 2419 2418
2429 2430 2431 2432
2429 2428 2420 2419
2430 2431 2432 2433
2430 2429 2428 2420
2431 2432 2433 2434
2431 2430 2429 2428
2432 2433 2434 2445
2432 2431 2430 2429
2433 2434 2445 2446
2433 2432 2431 2430
2434 2445 2446 2447
2434 2433 2432 2431
2435 2456 2455 2454
2435 2436 2437 2438
2436 2435 2456 2455
2436 2437 2438 2439
2437 2436 2435 2456
2437 2438 2439 2440
2438 2437 2436 2435
2438 2439 2440 2441
2439 2438 2437 2436
2439 2440 2441 2442
2440 2439 2438 2437
2440 2441 2442 2443
2441 2440 2439 2438
2441 2442 2443 2444
2442 2441 2440 2439
2442 2443 2444 2421
2443 2442 2441 2440
2443 2444 2421 2422
2444 2443 2442 2441
2444 2421 2422 2423
2445 2446 2447 2448
2445 2434 2433 2432
2446 2447 2448 2449
2446 2445 2434 2433
2447 2448 2449 2457
2447 2446 2445 2434
2448 2449 2457 2458
2448 2447 2446 2445
2449 2457 2458 2459
2449 2448 2447 2446
2450 2472 2471 2470
2450 2451 2452 2453
2451 2450 2472 2471
2451 2452 2453 2454
2452 2451 2450 2472
2452 2453 2454 2455
2453 2452 2451 2450
2453 2454 2455 2456
2454 2453 2452 2451
2454 2455 2456 2435
2455 2454 2453 2452
2455 2456 2435 2436
2456 2455 2454 2453
2456 2435 2436 2437
2457 2458 2459 2460
2457 2449 2448 2447
2458 2459 2460 2461
2458 2457 2449 2448
2459 2460 2461 2462
2459 2458 2457 2449
2460 2461 2462 2463
2460 2459 2458 2457
2461 2462 2463 2473
2461 2460 2459 2458
2462 2463 2473 2474
2462 2461 2460 2459
2463 2473 2474 2475
2463 2462 2461 2460
2464 2485 2484 2483
2464 2465 2466 2467
2465 2464 2485 2484
2465 2466 2467 2468
2466 2465 2464 2485
2466 2467 2468 2469
2467 2466 2465 2464
2467 2468 2469 2470
2468 2467 2466 2465
2468 2469 2470 2471
2469 2468 2467 2466
2469 2470 2471 2472
2470 2469 2468 2467
2470 2471 2472 2450
2471 2470 2469 2468
2471 2472 2450 2451
2472 2471 2470 2469
2472 2450 2451 2452
2473 2474 2475 2476
2473 2463 2462 2461
2474 2475 2476 2477
2474 2473 2463 2462
2475 2476 2477 2486
2475 2474 2473 2463
2476 2477 2486 2487
2476 2475 2474 2473
2477 2486 2487 2488
2477 2476 2475 2474
2478 2501 2500 2499
2478 2479 2480 2481
2479 2478 2501 2500
2479 2480 2481 2482
2480 2479 2478 2501
2480 2481 2482 2483
2481 2480 2479 2478
2481 2482 2483 2484
2482 2481 2480 2479
2482 2483 2484 2485
2483 2482 2481 2480
2483 2484 2485 2464
2484 2483 2482 2481
2484 2485 2464 2465
2485 2484 2483 2482
2485 2464 2465 2466
2486 2487 2488 2489
2486 2477 2476 2475
2487 2488 2489 2490
2487 2486 2477 2476
2488 2489 2490 2491
2488 2487 2486 2477
2489 2490 2491 2492
2489 2488 2487 2486
2490 2491 2492 2502
2490 2489 2488 2487
2491 2492 2502 2503
2491 2490 2489 2488
2492 2502 2503 2504
2492 2491 2490 2489
2493 2514 2513 2512
2493 2494 2495 2496
2494 2493 2514 2513
2494 2495 2496 2497
2495 2494 2493 2514
2495 2496 2497 2498
2496 2495 2494 2493
2496 2497 2498 2499
2497 2496 2495 2494
2497 2498 2499 2500
2498 2497 2496 2495
2498 2499 2500 2501
2499 2498 2497 2496
2499 2500 2501 2478
2500 2499 2498 2497
2500 2501 2478 2479
2501 2500 2499 2498
2501 2478 2479 2480
2502 2503 2504 2505
2502 2492 2491 2490
2503 2504 2505 2506
2503 2502 2492 2491
2504 2505 2506 2507
2504 2503 2502 2492
2505 2506 2507 2515
2505 2504 2503 2502
2506 2507 2515 2516
2506 2505 2504 2503
2507 2515 2516 2517
2507 2506 2505 2504
2508 2531 2530 2529
2508 2509 2510 2511
2509 2508 2531 2530
2509 2510 2511 2512
2510 2509 2508 2531
2510 2511 2512 2513
2511 2510 2509 2508
2511 2512 2513 2514
2512 2511 2510 2509
2512 2513 2514 2493
2513 2512 2511 2510
2513 2514 2493 2494
2514 2513 2512 2511
2514 2493 2494 2495
2515 2516 2517 2518
2515 2507 2506 2505
2516 2517 2518 2519
2516 2515 2507 2506
2517 2518 2519 2520
2517 2516 2515 2507
2518 2519 2520 2521
2518 2517 2516 2515
2519 2520 2521 2532
2519 2518 2517 2516
2520 2521 2532 2533
2520 2519 2518 2517
2521 2532 2533 2534
2521 2520 2519 2518
2522 2537 2536 2535
2522 2523 2524 2525
2523 2522 2537 2536
2523 2524 2525 2526
2524 2523 2522 2537
2524 2525 2526 2527
2525 2524 2523 2522
2525 2526 2527 2528
2526 2525 2524 2523
2526 2527 2528 2529
2527 2526 2525 2524
2527 2528 2529 2530
2528 2527 2526 2525
2528 2529 2530 2531
2529 2528 2527 2526
2529 2530 2531 2508
2530 2529 2528 2527
2530 2531 2508 2509
2531 2530 2529 2528
2531 2508 2509 2510
2532 2533 2534 2535
2532 2521 2520 2519
2533 2534 2535 2536
2533 2532 2521 2520
2534 2535 2536 2537
2534 2533 2532 2521
2535 2534 2533 2532
2535 2536 2537 2522
2536 2535 2534 2533
2536 2537 2522 2523
2537 2536 2535 2534
2537 2522 2523 2524
