0 26 25 24
0 1 2 3
1 0 26 25
1 2 3 27
2 1 0 26
2 3 27 28
3 27 28 29
3 2 1 0
4 45 44 43
4 5 6 7
5 4 45 44
5 6 7 8
6 5 4 45
6 7 8 9
7 6 5 4
7 8 9 10
8 7 6 5
8 9 10 11
9 8 7 6
9 10 11 12
10 9 8 7
10 11 12 13
11 10 9 8
11 12 13 14
12 11 10 9
12 13 14 15
13 12 11 10
13 14 15 16
14 13 12 11
14 15 16 17
15 14 13 12
15 16 17 18
16 15 14 13
16 17 18 19
17 16 15 14
17 18 19 20
18 17 16 15
18 19 20 21
19 18 17 16
19 20 21 22
20 19 18 17
20 21 22 23
21 20 19 18
21 22 23 24
22 21 20 19
22 23 24 25
23 22 21 20
23 24 25 26
24 23 22 21
24 25 26 0
25 24 23 22
25 26 0 1
26 25 24 23
26 0 1 2
27 28 29 30
27 3 2 1
28 29 30 46
28 27 3 2
29 30 46 47
29 28 27 3
30 46 47 71
30 29 28 27
31 70 69 68
31 32 33 34
32 31 70 69
32 33 34 35
33 32 31 70
33 34 35 36
34 33 32 31
34 35 36 37
35 34 33 32
35 36 37 38
36 35 34 33
36 37 38 39
37 36 35 34
37 38 39 40
38 37 36 35
38 39 40 41
39 38 37 36
39 40 41 42
40 39 38 37
40 41 42 43
41 40 39 38
41 42 43 44
42 41 40 39
42 43 44 45
43 42 41 40
43 44 45 4
44 43 42 41
44 45 4 5
45 44 43 42
45 4 5 6
46 47 71 88
46 30 29 28
47 71 88 108
47 46 30 29
48 87 86 85
48 49 50 51
49 48 87 86
49 50 51 52
50 49 48 87
50 51 52 53
51 50 49 48
51 52 53 54
52 51 50 49
52 53 54 55
53 52 51 50
53 54 55 56
54 53 52 51
54 55 56 57
55 54 53 52
55 56 57 58
56 55 54 53
56 57 58 59
57 56 55 54
57 58 59 60
58 57 56 55
58 59 60 61
59 58 57 56
59 60 61 62
60 59 58 57
60 61 62 63
61 60 59 58
61 62 63 64
62 61 60 59
62 63 64 65
63 62 61 60
63 64 65 66
64 63 62 61
64 65 66 67
65 64 63 62
65 66 67 68
66 65 64 63
66 67 68 69
67 66 65 64
67 68 69 70
68 67 66 65
68 69 70 31
69 68 67 66
69 70 31 32
70 69 68 67
70 31 32 33
71 88 108 109
71 47 46 30
72 107 106 105
72 73 74 75
73 72 107 106
73 74 75 76
74 73 72 107
74 75 76 77
75 74 73 72
75 76 77 78
76 75 74 73
76 77 78 79
77 76 75 74
77 78 79 80
78 77 76 75
78 79 80 81
79 78 77 76
79 80 81 82
80 79 78 77
80 81 82 83
81 80 79 78
81 82 83 84
82 81 80 79
82 83 84 85
83 82 81 80
83 84 85 86
84 83 82 81
84 85 86 87
85 84 83 82
85 86 87 48
86 85 84 83
86 87 48 49
87 86 85 84
87 48 49 50
88 108 109 114
88 71 47 46
89 113 112 111
89 90 91 92
90 89 113 112
90 91 92 93
91 90 89 113
91 92 93 94
92 91 90 89
92 93 94 95
93 92 91 90
93 94 95 96
94 93 92 91
94 95 96 97
95 94 93 92
95 96 97 98
96 95 94 93
96 97 98 99
97 96 95 94
97 98 99 100
98 97 96 95
98 99 100 101
99 98 97 96
99 100 101 102
100 99 98 97
100 101 102 103
101 100 99 98
101 102 103 104
102 101 100 99
102 103 104 105
103 102 101 100
103 104 105 106
104 103 102 101
104 105 106 107
105 104 103 102
105 106 107 72
106 105 104 103
106 107 72 73
107 106 105 104
107 72 73 74
108 109 114 117
108 88 71 47
109 114 117 118
109 108 88 71
110 116 115 120
110 111 112 113
111 110 116 115
111 112 113 89
112 111 110 116
112 113 89 90
113 112 111 110
113 89 90 91
114 117 118 121
114 109 108 88
115 120 119 125
115 116 110 111
116 115 120 119
116 110 111 112
117 118 121 122
117 114 109 108
118 121 122 126
118 117 114 109
119 125 124 123
119 120 115 116
120 119 125 124
120 115 116 110
121 122 126 129
121 118 117 114
122 126 129 130
122 121 118 117
123 128 127 132
123 124 125 119
124 123 128 127
124 125 119 120
125 124 123 128
125 119 120 115
126 129 130 133
126 122 121 118
127 132 131 137
127 128 123 124
128 127 132 131
128 123 124 125
129 130 133 134
129 126 122 121
130 133 134 138
130 129 126 122
131 137 136 135
131 132 127 128
132 131 137 136
132 127 128 123
133 134 138 141
133 130 129 126
134 138 141 142
134 133 130 129
135 140 139 145
135 136 137 131
136 135 140 139
136 137 131 132
137 136 135 140
137 131 132 127
138 141 142 146
138 134 133 130
139 145 144 143
139 140 135 136
140 139 145 144
140 135 136 137
141 142 146 149
141 138 134 133
142 146 149 152
142 141 138 134
143 148 147 151
143 144 145 139
144 143 148 147
144 145 139 140
145 144 143 148
145 139 140 135
146 149 152 153
146 142 141 138
147 151 150 155
147 148 143 144
148 147 151 150
148 143 144 145
149 152 153 156
149 146 142 141
150 155 154 158
150 151 147 148
151 150 155 154
151 147 148 143
152 153 156 159
152 149 146 142
153 156 159 162
153 152 149 146
154 158 157 161
154 155 150 151
155 154 158 157
155 150 151 147
156 159 162 163
156 153 152 149
157 161 160 165
157 158 154 155
158 157 161 160
158 154 155 150
159 162 163 166
159 156 153 152
160 165 164 168
160 161 157 158
161 160 165 164
161 157 158 154
162 163 166 169
162 159 156 153
163 166 169 170
163 162 159 156
164 168 167 172
164 165 160 161
165 164 168 167
165 160 161 157
166 169 170 173
166 163 162 159
167 172 171 176
167 168 164 165
168 167 172 171
168 164 165 160
169 170 173 174
169 166 163 162
170 173 174 177
170 169 166 163
171 176 175 179
171 172 167 168
172 171 176 175
172 167 168 164
173 174 177 180
173 170 169 166
174 177 180 181
174 173 170 169
175 179 178 183
175 176 171 172
176 175 179 178
176 171 172 167
177 180 181 184
177 174 173 170
178 183 182 187
178 179 175 176
179 178 183 182
179 175 176 171
180 181 184 188
180 177 174 173
181 184 188 191
181 180 177 174
182 187 186 185
182 183 178 179
183 182 187 186
183 178 179 175
184 188 191 192
184 181 180 177
185 190 189 195
185 186 187 182
186 185 190 189
186 187 182 183
187 186 185 190
187 182 183 178
188 191 192 196
188 184 181 180
189 195 194 193
189 190 185 186
190 189 195 194
190 185 186 187
191 192 196 199
191 188 184 181
192 196 199 202
192 191 188 184
193 198 197 201
193 194 195 189
194 193 198 197
194 195 189 190
195 194 193 198
195 189 190 185
196 199 202 203
196 192 191 188
197 201 200 206
197 198 193 194
198 197 201 200
198 193 194 195
199 202 203 207
199 196 192 191
200 206 205 204
200 201 197 198
201 200 206 205
201 197 198 193
202 203 207 210
202 199 196 192
203 207 210 211
203 202 199 196
204 209 208 213
204 205 206 200
205 204 209 208
205 206 200 201
206 205 204 209
206 200 201 197
207 210 211 214
207 203 202 199
208 213 212 217
208 209 204 205
209 208 213 212
209 204 205 206
210 211 214 215
210 207 203 202
211 214 215 218
211 210 207 203
212 217 216 220
212 213 208 209
213 212 217 216
213 208 209 204
214 215 218 221
214 211 210 207
215 218 221 222
215 214 211 210
216 220 219 224
216 217 212 213
217 216 220 219
217 212 213 208
218 221 222 225
218 215 214 211
219 224 223 228
219 220 216 217
220 219 224 223
220 216 217 212
221 222 225 229
221 218 215 214
222 225 229 232
222 221 218 215
223 228 227 226
223 224 219 220
224 223 228 227
224 219 220 216
225 229 232 233
225 222 221 218
226 231 230 235
226 227 228 223
227 226 231 230
227 228 223 224
228 227 226 231
228 223 224 219
229 232 233 236
229 225 222 221
230 235 234 238
230 231 226 227
231 230 235 234
231 226 227 228
232 233 236 239
232 229 225 222
233 236 239 243
233 232 229 225
234 238 237 242
234 235 230 231
235 234 238 237
235 230 231 226
236 239 243 244
236 233 232 229
237 242 241 240
237 238 234 235
238 237 242 241
238 234 235 230
239 243 244 247
239 236 233 232
240 246 245 249
240 241 242 237
241 240 246 245
241 242 237 238
242 241 240 246
242 237 238 234
243 244 247 250
243 239 236 233
244 247 250 251
244 243 239 236
245 249 248 253
245 246 240 241
246 245 249 248
246 240 241 242
247 250 251 254
247 244 243 239
248 253 252 257
248 249 245 246
249 248 253 252
249 245 246 240
250 251 254 255
250 247 244 243
251 254 255 258
251 250 247 244
252 257 256 261
252 253 248 249
253 252 257 256
253 248 249 245
254 255 258 262
254 251 250 247
255 258 262 263
255 254 251 250
256 261 260 259
256 257 252 253
257 256 261 260
257 252 253 248
258 262 263 266
258 255 254 251
259 265 264 269
259 260 261 256
260 259 265 264
260 261 256 257
261 260 259 265
261 256 257 252
262 263 266 267
262 258 255 254
263 266 267 270
263 262 258 255
264 269 268 272
264 265 259 260
265 264 269 268
265 259 260 261
266 267 270 273
266 263 262 258
267 270 273 274
267 266 263 262
268 272 271 276
268 269 264 265
269 268 272 271
269 264 265 259
270 273 274 277
270 267 266 263
271 276 275 279
271 272 268 269
272 271 276 275
272 268 269 264
273 274 277 280
273 270 267 266
274 277 280 283
274 273 270 267
275 279 278 282
275 276 271 272
276 275 279 278
276 271 272 268
277 280 283 284
277 274 273 270
278 282 281 286
278 279 275 276
279 278 282 281
279 275 276 271
280 283 284 287
280 277 274 273
281 286 285 289
281 282 278 279
282 281 286 285
282 278 279 275
283 284 287 290
283 280 277 274
284 287 290 293
284 283 280 277
285 289 288 292
285 286 281 282
286 285 289 288
286 281 282 278
287 290 293 294
287 284 283 280
288 292 291 296
288 289 285 286
289 288 292 291
289 285 286 281
290 293 294 297
290 287 284 283
291 296 295 299
291 292 288 289
292 291 296 295
292 288 289 285
293 294 297 300
293 290 287 284
294 297 300 301
294 293 290 287
295 299 298 303
295 296 291 292
296 295 299 298
296 291 292 288
297 300 301 304
297 294 293 290
298 303 302 307
298 299 295 296
299 298 303 302
299 295 296 291
300 301 304 305
300 297 294 293
301 304 305 308
301 300 297 294
302 307 306 310
302 303 298 299
303 302 307 306
303 298 299 295
304 305 308 311
304 301 300 297
305 308 311 312
305 304 301 300
306 310 309 314
306 307 302 303
307 306 310 309
307 302 303 298
308 311 312 315
308 305 304 301
309 314 313 317
309 310 306 307
310 309 314 313
310 306 307 302
311 312 315 318
311 308 305 304
312 315 318 321
312 311 308 305
313 317 316 320
313 314 309 310
314 313 317 316
314 309 310 306
315 318 321 322
315 312 311 308
316 320 319 324
316 317 313 314
317 316 320 319
317 313 314 309
318 321 322 325
318 315 312 311
319 324 323 326
319 320 316 317
320 319 324 323
320 316 317 313
321 322 325 327
321 318 315 312
322 325 327 329
322 321 318 315
323 326 328 332
323 324 319 320
324 323 326 328
324 319 320 316
325 327 329 330
325 322 321 318
326 328 332 331
326 323 324 319
327 329 330 333
327 325 322 321
328 332 331 335
328 326 323 324
329 330 333 336
329 327 325 322
330 333 336 337
330 329 327 325
331 335 334 339
331 332 328 326
332 331 335 334
332 328 326 323
333 336 337 340
333 330 329 327
334 339 338 342
334 335 331 332
335 334 339 338
335 331 332 328
336 337 340 341
336 333 330 329
337 340 341 343
337 336 333 330
338 342 344 348
338 339 334 335
339 338 342 344
339 334 335 331
340 341 343 345
340 337 336 333
341 343 345 346
341 340 337 336
342 344 348 347
342 338 339 334
343 345 346 349
343 341 340 337
344 348 347 351
344 342 338 339
345 346 349 352
345 343 341 340
346 349 352 354
346 345 343 341
347 351 350 353
347 348 344 342
348 347 351 350
348 344 342 338
349 352 354 355
349 346 345 343
350 353 356 359
350 351 347 348
351 350 353 356
351 347 348 344
352 354 355 357
352 349 346 345
353 356 359 358
353 350 351 347
354 355 357 360
354 352 349 346
355 357 360 363
355 354 352 349
356 359 358 362
356 353 350 351
357 360 363 364
357 355 354 352
358 362 361 365
358 359 356 353
359 358 362 361
359 356 353 350
360 363 364 366
360 357 355 354
361 365 368 367
361 362 358 359
362 361 365 368
362 358 359 356
363 364 366 369
363 360 357 355
364 366 369 370
364 363 360 357
365 368 367 372
365 361 362 358
366 369 370 373
366 364 363 360
367 372 371 375
367 368 365 361
368 367 372 371
368 365 361 362
369 370 373 374
369 366 364 363
370 373 374 376
370 369 366 364
371 375 378 377
371 372 367 368
372 371 375 378
372 367 368 365
373 374 376 379
373 370 369 366
374 376 379 380
374 373 370 369
375 378 377 381
375 371 372 367
376 379 380 382
376 374 373 370
377 381 384 387
377 378 375 371
378 377 381 384
378 375 371 372
379 380 382 383
379 376 374 373
380 382 383 385
380 379 376 374
381 384 387 386
381 377 378 375
382 383 385 388
382 380 379 376
383 385 388 389
383 382 380 379
384 387 386 390
384 381 377 378
385 388 389 391
385 383 382 380
386 390 393 392
386 387 384 381
387 386 390 393
387 384 381 377
388 389 391 394
388 385 383 382
389 391 394 396
389 388 385 383
390 393 392 395
390 386 387 384
391 394 396 397
391 389 388 385
392 395 398 400
392 393 390 386
393 392 395 398
393 390 386 387
394 396 397 399
394 391 389 388
395 398 400 403
395 392 393 390
396 397 399 401
396 394 391 389
397 399 401 402
397 396 394 391
398 400 403 407
398 395 392 393
399 401 402 404
399 397 396 394
400 403 407 406
400 398 395 392
401 402 404 405
401 399 397 396
402 404 405 408
402 401 399 397
403 407 406 409
403 400 398 395
404 405 408 410
404 402 401 399
405 408 410 411
405 404 402 401
406 409 413 412
406 407 403 400
407 406 409 413
407 403 400 398
408 410 411 414
408 405 404 402
409 413 412 416
409 406 407 403
410 411 414 415
410 408 405 404
411 414 415 417
411 410 408 405
412 416 419 418
412 413 409 406
413 412 416 419
413 409 406 407
414 415 417 420
414 411 410 408
415 417 420 421
415 414 411 410
416 419 418 422
416 412 413 409
417 420 421 423
417 415 414 411
418 422 425 424
418 419 416 412
419 418 422 425
419 416 412 413
420 421 423 426
420 417 415 414
421 423 426 428
421 420 417 415
422 425 424 427
422 418 419 416
423 426 428 429
423 421 420 417
424 427 431 430
424 425 422 418
425 424 427 431
425 422 418 419
426 428 429 432
426 423 421 420
427 431 430 433
427 424 425 422
428 429 432 434
428 426 423 421
429 432 434 435
429 428 426 423
430 433 437 436
430 431 427 424
431 430 433 437
431 427 424 425
432 434 435 438
432 429 428 426
433 437 436 440
433 430 431 427
434 435 438 439
434 432 429 428
435 438 439 441
435 434 432 429
436 440 442 445
436 437 433 430
437 436 440 442
437 433 430 431
438 439 441 443
438 435 434 432
439 441 443 444
439 438 435 434
440 442 445 448
440 436 437 433
441 443 444 446
441 439 438 435
442 445 448 450
442 440 436 437
443 444 446 447
443 441 439 438
444 446 447 449
444 443 441 439
445 448 450 453
445 442 440 436
446 447 449 451
446 444 443 441
447 449 451 452
447 446 444 443
448 450 453 456
448 445 442 440
449 451 452 454
449 447 446 444
450 453 456 455
450 448 445 442
451 452 454 457
451 449 447 446
452 454 457 459
452 451 449 447
453 456 455 458
453 450 448 445
454 457 459 460
454 452 451 449
455 458 461 463
455 456 453 450
456 455 458 461
456 453 450 448
457 459 460 462
457 454 452 451
458 461 463 465
458 455 456 453
459 460 462 464
459 457 454 452
460 462 464 466
460 459 457 454
461 463 465 469
461 458 455 456
462 464 466 467
462 460 459 457
463 465 469 468
463 461 458 455
464 466 467 470
464 462 460 459
465 469 468 471
465 463 461 458
466 467 470 472
466 464 462 460
467 470 472 473
467 466 464 462
468 471 474 478
468 469 465 463
469 468 471 474
469 465 463 461
470 472 473 475
470 467 466 464
471 474 478 477
471 468 469 465
472 473 475 476
472 470 467 466
473 475 476 479
473 472 470 467
474 478 477 480
474 471 468 469
475 476 479 481
475 473 472 470
476 479 481 482
476 475 473 472
477 480 483 485
477 478 474 471
478 477 480 483
478 474 471 468
479 481 482 484
479 476 475 473
480 483 485 487
480 477 478 474
481 482 484 486
481 479 476 475
482 484 486 488
482 481 479 476
483 485 487 490
483 480 477 478
484 486 488 489
484 482 481 479
485 487 490 492
485 483 480 477
486 488 489 491
486 484 482 481
487 490 492 494
487 485 483 480
488 489 491 493
488 486 484 482
489 491 493 495
489 488 486 484
490 492 494 498
490 487 485 483
491 493 495 496
491 489 488 486
492 494 498 497
492 490 487 485
493 495 496 499
493 491 489 488
494 498 497 500
494 492 490 487
495 496 499 501
495 493 491 489
496 499 501 502
496 495 493 491
497 500 503 507
497 498 494 492
498 497 500 503
498 494 492 490
499 501 502 504
499 496 495 493
500 503 507 506
500 497 498 494
501 502 504 505
501 499 496 495
502 504 505 508
502 501 499 496
503 507 506 509
503 500 497 498
504 505 508 510
504 502 501 499
505 508 510 512
505 504 502 501
506 509 511 514
506 507 503 500
507 506 509 511
507 503 500 497
508 510 512 515
508 505 504 502
509 511 514 513
509 506 507 503
510 512 515 517
510 508 505 504
511 514 513 516
511 509 506 507
512 515 517 519
512 510 508 505
513 516 518 520
513 514 511 509
514 513 516 518
514 511 509 506
515 517 519 521
515 512 510 508
516 518 520 522
516 513 514 511
517 519 521 523
517 515 512 510
518 520 522 524
518 516 513 514
519 521 523 525
519 517 515 512
520 522 524 526
520 518 516 513
521 523 525 527
521 519 517 515
522 524 526 528
522 520 518 516
523 525 527 529
523 521 519 517
524 526 528 530
524 522 520 518
525 527 529 531
525 523 521 519
526 528 530 532
526 524 522 520
527 529 531 533
527 525 523 521
528 530 532 535
528 526 524 522
529 531 533 536
529 527 525 523
530 532 535 534
530 528 526 524
531 533 536 538
531 529 527 525
532 535 534 537
532 530 528 526
533 536 538 540
533 531 529 527
534 537 539 541
534 535 532 530
535 534 537 539
535 532 530 528
536 538 540 542
536 533 531 529
537 539 541 543
537 534 535 532
538 540 542 544
538 536 533 531
539 541 543 545
539 537 534 535
540 542 544 546
540 538 536 533
541 543 545 547
541 539 537 534
542 544 546 548
542 540 538 536
543 545 547 549
543 541 539 537
544 546 548 550
544 542 540 538
545 547 549 551
545 543 541 539
546 548 550 552
546 544 542 540
547 549 551 553
547 545 543 541
548 550 552 554
548 546 544 542
549 551 553 555
549 547 545 543
550 552 554 556
550 548 546 544
551 553 555 557
551 549 547 545
552 554 556 558
552 550 548 546
553 555 557 559
553 551 549 547
554 556 558 560
554 552 550 548
555 557 559 561
555 553 551 549
556 558 560 562
556 554 552 550
557 559 561 563
557 555 553 551
558 560 562 564
558 556 554 552
559 561 563 566
559 557 555 553
560 562 564 567
560 558 556 554
561 563 566 565
561 559 557 555
562 564 567 569
562 560 558 556
563 566 565 568
563 561 559 557
564 567 569 571
564 562 560 558
565 568 570 572
565 566 563 561
566 565 568 570
566 563 561 559
567 569 571 573
567 564 562 560
568 570 572 575
568 565 566 563
569 571 573 576
569 567 564 562
570 572 575 574
570 568 565 566
571 573 576 578
571 569 567 564
572 575 574 577
572 570 568 565
573 576 578 580
573 571 569 567
574 577 579 581
574 575 572 570
575 574 577 579
575 572 570 568
576 578 580 582
576 573 571 569
577 579 581 583
577 574 575 572
578 580 582 584
578 576 573 571
579 581 583 586
579 577 574 575
580 582 584 587
580 578 576 573
581 583 586 585
581 579 577 574
582 584 587 589
582 580 578 576
583 586 585 588
583 581 579 577
584 587 589 591
584 582 580 578
585 588 590 592
585 586 583 581
586 585 588 590
586 583 581 579
587 589 591 593
587 584 582 580
588 590 592 594
588 585 586 583
589 591 593 595
589 587 584 582
590 592 594 596
590 588 585 586
591 593 595 597
591 589 587 584
592 594 596 598
592 590 588 585
593 595 597 599
593 591 589 587
594 596 598 600
594 592 590 588
595 597 599 601
595 593 591 589
596 598 600 602
596 594 592 590
597 599 601 603
597 595 593 591
598 600 602 604
598 596 594 592
599 601 603 605
599 597 595 593
600 602 604 606
600 598 596 594
601 603 605 607
601 599 597 595
602 604 606 608
602 600 598 596
603 605 607 609
603 601 599 597
604 606 608 610
604 602 600 598
605 607 609 611
605 603 601 599
606 608 610 612
606 604 602 600
607 609 611 613
607 605 603 601
608 610 612 614
608 606 604 602
609 611 613 615
609 607 605 603
610 612 614 616
610 608 606 604
611 613 615 617
611 609 607 605
612 614 616 618
612 610 608 606
613 615 617 619
613 611 609 607
614 616 618 620
614 612 610 608
615 617 619 621
615 613 611 609
616 618 620 622
616 614 612 610
617 619 621 623
617 615 613 611
618 620 622 624
618 616 614 612
619 621 623 625
619 617 615 613
620 622 624 626
620 618 616 614
621 623 625 627
621 619 617 615
622 624 626 628
622 620 618 616
623 625 627 629
623 621 619 617
624 626 628 630
624 622 620 618
625 627 629 631
625 623 621 619
626 628 630 632
626 624 622 620
627 629 631 633
627 625 623 621
628 630 632 634
628 626 624 622
629 631 633 635
629 627 625 623
630 632 634 636
630 628 626 624
631 633 635 637
631 629 627 625
632 634 636 638
632 630 628 626
633 635 637 639
633 631 629 627
634 636 638 640
634 632 630 628
635 637 639 642
635 633 631 629
636 638 640 643
636 634 632 630
637 639 642 644
637 635 633 631
638 640 643 645
638 636 634 632
639 642 644 646
639 637 635 633
640 643 645 647
640 638 636 634
642 644 646 648
642 639 637 635
643 645 647 649
643 640 638 636
644 646 648 650
644 642 639 637
645 647 649 651
645 643 640 638
646 648 650 652
646 644 642 639
647 649 651 653
647 645 643 640
648 650 652 654
648 646 644 642
649 651 653 655
649 647 645 643
650 652 654 656
650 648 646 644
651 653 655 657
651 649 647 645
652 654 656 658
652 650 648 646
653 655 657 659
653 651 649 647
654 656 658 660
654 652 650 648
655 657 659 661
655 653 651 649
656 658 660 662
656 654 652 650
657 659 661 663
657 655 653 651
658 660 662 664
658 656 654 652
659 661 663 665
659 657 655 653
660 662 664 666
660 658 656 654
661 663 665 667
661 659 657 655
662 664 666 668
662 660 658 656
663 665 667 669
663 661 659 657
664 666 668 670
664 662 660 658
665 667 669 671
665 663 661 659
666 668 670 672
666 664 662 660
667 669 671 673
667 665 663 661
668 670 672 675
668 666 664 662
669 671 673 676
669 667 665 663
670 672 675 678
670 668 666 664
671 673 676 679
671 669 667 665
672 675 678 681
672 670 668 666
673 676 679 682
673 671 669 667
674 677 680 -1
675 678 681 683
675 672 670 668
676 679 682 684
676 673 671 669
678 681 683 685
678 675 672 670
679 682 684 686
679 676 673 671
680 677 674 -1
681 683 685 687
681 678 675 672
682 684 686 688
682 679 676 673
683 685 687 689
683 681 678 675
684 686 688 690
684 682 679 676
685 687 689 691
685 683 681 678
686 688 690 692
686 684 682 679
687 689 691 693
687 685 683 681
688 690 692 694
688 686 684 682
689 691 693 695
689 687 685 683
690 692 694 696
690 688 686 684
691 693 695 697
691 689 687 685
692 694 696 698
692 690 688 686
693 695 697 699
693 691 689 687
694 696 698 700
694 692 690 688
695 697 699 701
695 693 691 689
696 698 700 702
696 694 692 690
697 699 701 704
697 695 693 691
698 700 702 705
698 696 694 692
699 701 704 707
699 697 695 693
700 702 705 708
700 698 696 694
701 704 707 710
701 699 697 695
702 705 708 711
702 700 698 696
703 706 709 712
704 707 710 713
704 701 699 697
705 708 711 714
705 702 700 698
706 709 712 -1
707 710 713 715
707 704 701 699
708 711 714 716
708 705 702 700
709 706 703 -1
710 713 715 717
710 707 704 701
711 714 716 718
711 708 705 702
712 709 706 703
713 715 717 719
713 710 707 704
714 716 718 720
714 711 708 705
715 717 719 721
715 713 710 707
716 718 720 722
716 714 711 708
717 719 721 723
717 715 713 710
718 720 722 724
718 716 714 711
719 721 723 725
719 717 715 713
720 722 724 726
720 718 716 714
721 723 725 727
721 719 717 715
722 724 726 728
722 720 718 716
723 725 727 729
723 721 719 717
724 726 728 730
724 722 720 718
725 727 729 731
725 723 721 719
726 728 730 732
726 724 722 720
727 729 731 733
727 725 723 721
728 730 732 734
728 726 724 722
729 731 733 735
729 727 725 723
730 732 734 736
730 728 726 724
731 733 735 737
731 729 727 725
732 734 736 738
732 730 728 726
733 735 737 739
733 731 729 727
734 736 738 740
734 732 730 728
735 737 739 741
735 733 731 729
736 738 740 742
736 734 732 730
737 739 741 744
737 735 733 731
738 740 742 745
738 736 734 732
739 741 744 747
739 737 735 733
740 742 745 748
740 738 736 734
741 744 747 750
741 739 737 735
742 745 748 751
742 740 738 736
743 746 749 752
744 747 750 753
744 741 739 737
745 748 751 754
745 742 740 738
746 749 752 755
747 750 753 756
747 744 741 739
748 751 754 757
748 745 742 740
749 752 755 758
749 746 743 -1
750 753 756 759
750 747 744 741
751 754 757 760
751 748 745 742
752 755 758 761
752 749 746 743
753 756 759 762
753 750 747 744
754 757 760 763
754 751 748 745
755 758 761 764
755 752 749 746
756 759 762 765
756 753 750 747
757 760 763 766
757 754 751 748
758 761 764 767
758 755 752 749
759 762 765 768
759 756 753 750
760 763 766 769
760 757 754 751
761 764 767 770
761 758 755 752
762 765 768 771
762 759 756 753
763 766 769 772
763 760 757 754
764 767 770 773
764 761 758 755
765 768 771 774
765 762 759 756
766 769 772 775
766 763 760 757
767 770 773 776
767 764 761 758
768 771 774 777
768 765 762 759
769 772 775 778
769 766 763 760
770 773 776 779
770 767 764 761
771 774 777 780
771 768 765 762
772 775 778 781
772 769 766 763
773 776 779 782
773 770 767 764
774 777 780 783
774 771 768 765
775 778 781 784
775 772 769 766
776 779 782 785
776 773 770 767
777 780 783 786
777 774 771 768
778 781 784 787
778 775 772 769
779 782 785 788
779 776 773 770
780 783 786 789
780 777 774 771
781 784 787 790
781 778 775 772
782 785 788 -1
782 779 776 773
783 786 789 791
783 780 777 774
784 787 790 792
784 781 778 775
785 782 779 776
786 789 791 793
786 783 780 777
787 790 792 794
787 784 781 778
788 785 782 779
789 791 793 795
789 786 783 780
790 792 794 796
790 787 784 781
791 793 795 797
791 789 786 783
792 794 796 798
792 790 787 784
793 795 797 799
793 791 789 786
794 796 798 800
794 792 790 787
795 797 799 801
795 793 791 789
796 798 800 802
796 794 792 790
797 799 801 803
797 795 793 791
798 800 802 804
798 796 794 792
799 801 803 805
799 797 795 793
800 802 804 806
800 798 796 794
801 803 805 807
801 799 797 795
802 804 806 808
802 800 798 796
803 805 807 809
803 801 799 797
804 806 808 810
804 802 800 798
805 807 809 811
805 803 801 799
806 808 810 812
806 804 802 800
807 809 811 814
807 805 803 801
808 810 812 815
808 806 804 802
809 811 814 817
809 807 805 803
810 812 815 818
810 808 806 804
811 814 817 820
811 809 807 805
812 815 818 821
812 810 808 806
813 816 819 822
814 817 820 823
814 811 809 807
815 818 821 824
815 812 810 808
816 819 822 829
817 820 823 825
817 814 811 809
818 821 824 826
818 815 812 810
819 822 829 832
819 816 813 -1
820 823 825 827
820 817 814 811
821 824 826 828
821 818 815 812
822 829 832 835
822 819 816 813
823 825 827 830
823 820 817 814
824 826 828 831
824 821 818 815
825 827 830 833
825 823 820 817
826 828 831 834
826 824 821 818
827 830 833 836
827 825 823 820
828 831 834 837
828 826 824 821
829 832 835 838
829 822 819 816
830 833 836 839
830 827 825 823
831 834 837 840
831 828 826 824
832 835 838 841
832 829 822 819
833 836 839 842
833 830 827 825
834 837 840 843
834 831 828 826
835 838 841 844
835 832 829 822
836 839 842 845
836 833 830 827
837 840 843 846
837 834 831 828
838 841 844 847
838 835 832 829
839 842 845 848
839 836 833 830
840 843 846 849
840 837 834 831
841 844 847 850
841 838 835 832
842 845 848 851
842 839 836 833
843 846 849 852
843 840 837 834
844 847 850 853
844 841 838 835
845 848 851 854
845 842 839 836
846 849 852 855
846 843 840 837
847 850 853 856
847 844 841 838
848 851 854 857
848 845 842 839
849 852 855 858
849 846 843 840
850 853 856 859
850 847 844 841
851 854 857 860
851 848 845 842
852 855 858 861
852 849 846 843
853 856 859 862
853 850 847 844
854 857 860 863
854 851 848 845
855 858 861 864
855 852 849 846
856 859 862 865
856 853 850 847
857 860 863 866
857 854 851 848
858 861 864 867
858 855 852 849
859 862 865 868
859 856 853 850
860 863 866 869
860 857 854 851
861 864 867 870
861 858 855 852
862 865 868 -1
862 859 856 853
863 866 869 871
863 860 857 854
864 867 870 872
864 861 858 855
865 862 859 856
866 869 871 873
866 863 860 857
867 870 872 874
867 864 861 858
868 865 862 859
869 871 873 875
869 866 863 860
870 872 874 876
870 867 864 861
871 873 875 877
871 869 866 863
872 874 876 878
872 870 867 864
873 875 877 879
873 871 869 866
874 876 878 880
874 872 870 867
875 877 879 881
875 873 871 869
876 878 880 882
876 874 872 870
877 879 881 883
877 875 873 871
878 880 882 884
878 876 874 872
879 881 883 885
879 877 875 873
880 882 884 886
880 878 876 874
881 883 885 887
881 879 877 875
882 884 886 888
882 880 878 876
883 885 887 889
883 881 879 877
884 886 888 890
884 882 880 878
885 887 889 892
885 883 881 879
886 888 890 893
886 884 882 880
887 889 892 895
887 885 883 881
888 890 893 896
888 886 884 882
889 892 895 898
889 887 885 883
890 893 896 899
890 888 886 884
891 894 897 900
892 895 898 901
892 889 887 885
893 896 899 902
893 890 888 886
894 897 900 903
895 898 901 904
895 892 889 887
896 899 902 905
896 893 890 888
897 900 903 906
897 894 891 -1
898 901 904 907
898 895 892 889
899 902 905 908
899 896 893 890
900 903 906 -1
900 897 894 891
901 904 907 909
901 898 895 892
902 905 908 910
902 899 896 893
903 900 897 894
904 907 909 911
904 901 898 895
905 908 910 912
905 902 899 896
906 903 900 897
907 909 911 914
907 904 901 898
908 910 912 913
908 905 902 899
909 911 914 916
909 907 904 901
910 912 913 915
910 908 905 902
911 914 916 918
911 909 907 904
912 913 915 917
912 910 908 905
913 915 917 919
913 912 910 908
914 916 918 920
914 911 909 907
915 917 919 921
915 913 912 910
916 918 920 922
916 914 911 909
917 919 921 923
917 915 913 912
918 920 922 924
918 916 914 911
919 921 923 925
919 917 915 913
920 922 924 926
920 918 916 914
921 923 925 927
921 919 917 915
922 924 926 929
922 920 918 916
923 925 927 930
923 921 919 917
924 926 929 932
924 922 920 918
925 927 930 933
925 923 921 919
926 929 932 935
926 924 922 920
927 930 933 936
927 925 923 921
928 931 934 937
929 932 935 938
929 926 924 922
930 933 936 939
930 927 925 923
931 934 937 -1
932 935 938 940
932 929 926 924
933 936 939 941
933 930 927 925
934 931 928 -1
935 938 940 942
935 932 929 926
936 939 941 943
936 933 930 927
937 934 931 928
938 940 942 944
938 935 932 929
939 941 943 945
939 936 933 930
940 942 944 946
940 938 935 932
941 943 945 947
941 939 936 933
942 944 946 948
942 940 938 935
943 945 947 949
943 941 939 936
944 946 948 950
944 942 940 938
945 947 949 951
945 943 941 939
946 948 950 953
946 944 942 940
947 949 951 954
947 945 943 941
948 950 953 956
948 946 944 942
949 951 954 957
949 947 945 943
950 953 956 959
950 948 946 944
951 954 957 960
951 949 947 945
952 955 958 -1
953 956 959 961
953 950 948 946
954 957 960 962
954 951 949 947
956 959 961 963
956 953 950 948
957 960 962 964
957 954 951 949
958 955 952 -1
959 961 963 965
959 956 953 950
960 962 964 966
960 957 954 951
961 963 965 967
961 959 956 953
962 964 966 968
962 960 957 954
963 965 967 969
963 961 959 956
964 966 968 970
964 962 960 957
965 967 969 972
965 963 961 959
966 968 970 973
966 964 962 960
967 969 972 975
967 965 963 961
968 970 973 976
968 966 964 962
969 972 975 978
969 967 965 963
970 973 976 979
970 968 966 964
971 974 977 980
972 975 978 981
972 969 967 965
973 976 979 982
973 970 968 966
974 977 980 983
975 978 981 984
975 972 969 967
976 979 982 985
976 973 970 968
977 980 983 986
977 974 971 -1
978 981 984 987
978 975 972 969
979 982 985 988
979 976 973 970
980 983 986 991
980 977 974 971
981 984 987 989
981 978 975 972
982 985 988 990
982 979 976 973
983 986 991 994
983 980 977 974
984 987 989 992
984 981 978 975
985 988 990 993
985 982 979 976
986 991 994 997
986 983 980 977
987 989 992 995
987 984 981 978
988 990 993 996
988 985 982 979
989 992 995 998
989 987 984 981
990 993 996 999
990 988 985 982
991 994 997 1000
991 986 983 980
992 995 998 1001
992 989 987 984
993 996 999 1002
993 990 988 985
994 997 1000 1003
994 991 986 983
995 998 1001 1004
995 992 989 987
996 999 1002 1005
996 993 990 988
997 1000 1003 1006
997 994 991 986
998 1001 1004 1007
998 995 992 989
999 1002 1005 1008
999 996 993 990
1000 1003 1006 1009
1000 997 994 991
1001 1004 1007 1010
1001 998 995 992
1002 1005 1008 1011
1002 999 996 993
1003 1006 1009 1013
1003 1000 997 994
1004 1007 1010 1014
1004 1001 998 995
1005 1008 1011 1012
1005 1002 999 996
1006 1009 1013 1016
1006 1003 1000 997
1007 1010 1014 1017
1007 1004 1001 998
1008 1011 1012 1015
1008 1005 1002 999
1009 1013 1016 1019
1009 1006 1003 1000
1010 1014 1017 1020
1010 1007 1004 1001
1011 1012 1015 1018
1011 1008 1005 1002
1012 1015 1018 1021
1012 1011 1008 1005
1013 1016 1019 1022
1013 1009 1006 1003
1014 1017 1020 1023
1014 1010 1007 1004
1015 1018 1021 1024
1015 1012 1011 1008
1016 1019 1022 1025
1016 1013 1009 1006
1017 1020 1023 1026
1017 1014 1010 1007
1018 1021 1024 1027
1018 1015 1012 1011
1019 1022 1025 1028
1019 1016 1013 1009
1020 1023 1026 1029
1020 1017 1014 1010
1021 1024 1027 1030
1021 1018 1015 1012
1022 1025 1028 1033
1022 1019 1016 1013
1023 1026 1029 1031
1023 1020 1017 1014
1024 1027 1030 1032
1024 1021 1018 1015
1025 1028 1033 1036
1025 1022 1019 1016
1026 1029 1031 1034
1026 1023 1020 1017
1027 1030 1032 1035
1027 1024 1021 1018
1028 1033 1036 1039
1028 1025 1022 1019
1029 1031 1034 1037
1029 1026 1023 1020
1030 1032 1035 1038
1030 1027 1024 1021
1031 1034 1037 1040
1031 1029 1026 1023
1032 1035 1038 1041
1032 1030 1027 1024
1033 1036 1039 1043
1033 1028 1025 1022
1034 1037 1040 1044
1034 1031 1029 1026
1035 1038 1041 1042
1035 1032 1030 1027
1036 1039 1043 1046
1036 1033 1028 1025
1037 1040 1044 1047
1037 1034 1031 1029
1038 1041 1042 1045
1038 1035 1032 1030
1039 1043 1046 1049
1039 1036 1033 1028
1040 1044 1047 1050
1040 1037 1034 1031
1041 1042 1045 1048
1041 1038 1035 1032
1042 1045 1048 1051
1042 1041 1038 1035
1043 1046 1049 1052
1043 1039 1036 1033
1044 1047 1050 1053
1044 1040 1037 1034
1045 1048 1051 1054
1045 1042 1041 1038
1046 1049 1052 1055
1046 1043 1039 1036
1047 1050 1053 1056
1047 1044 1040 1037
1048 1051 1054 1057
1048 1045 1042 1041
1049 1052 1055 1058
1049 1046 1043 1039
1050 1053 1056 1059
1050 1047 1044 1040
1051 1054 1057 1060
1051 1048 1045 1042
1052 1055 1058 1061
1052 1049 1046 1043
1053 1056 1059 1062
1053 1050 1047 1044
1054 1057 1060 1063
1054 1051 1048 1045
1055 1058 1061 1064
1055 1052 1049 1046
1056 1059 1062 1065
1056 1053 1050 1047
1057 1060 1063 1066
1057 1054 1051 1048
1058 1061 1064 1069
1058 1055 1052 1049
1059 1062 1065 1067
1059 1056 1053 1050
1060 1063 1066 1068
1060 1057 1054 1051
1061 1064 1069 1072
1061 1058 1055 1052
1062 1065 1067 1070
1062 1059 1056 1053
1063 1066 1068 1071
1063 1060 1057 1054
1064 1069 1072 1075
1064 1061 1058 1055
1065 1067 1070 1073
1065 1062 1059 1056
1066 1068 1071 1074
1066 1063 1060 1057
1067 1070 1073 1076
1067 1065 1062 1059
1068 1071 1074 1077
1068 1066 1063 1060
1069 1072 1075 1078
1069 1064 1061 1058
1070 1073 1076 1079
1070 1067 1065 1062
1071 1074 1077 1080
1071 1068 1066 1063
1072 1075 1078 1082
1072 1069 1064 1061
1073 1076 1079 1083
1073 1070 1067 1065
1074 1077 1080 1081
1074 1071 1068 1066
1075 1078 1082 1085
1075 1072 1069 1064
1076 1079 1083 1086
1076 1073 1070 1067
1077 1080 1081 1084
1077 1074 1071 1068
1078 1082 1085 1088
1078 1075 1072 1069
1079 1083 1086 1089
1079 1076 1073 1070
1080 1081 1084 1087
1080 1077 1074 1071
1081 1084 1087 1090
1081 1080 1077 1074
1082 1085 1088 1091
1082 1078 1075 1072
1083 1086 1089 1092
1083 1079 1076 1073
1084 1087 1090 1093
1084 1081 1080 1077
1085 1088 1091 1094
1085 1082 1078 1075
1086 1089 1092 1096
1086 1083 1079 1076
1087 1090 1093 1097
1087 1084 1081 1080
1088 1091 1094 1098
1088 1085 1082 1078
1089 1092 1096 1095
1089 1086 1083 1079
1090 1093 1097 1100
1090 1087 1084 1081
1091 1094 1098 1101
1091 1088 1085 1082
1092 1096 1095 1099
1092 1089 1086 1083
1093 1097 1100 1104
1093 1090 1087 1084
1094 1098 1101 1105
1094 1091 1088 1085
1095 1099 1103 1102
1095 1096 1092 1089
1096 1095 1099 1103
1096 1092 1089 1086
1097 1100 1104 1107
1097 1093 1090 1087
1098 1101 1105 1109
1098 1094 1091 1088
1099 1103 1102 1106
1099 1095 1096 1092
1100 1104 1107 1108
1100 1097 1093 1090
1101 1105 1109 -1
1101 1098 1094 1091
1102 1106 1111 1110
1102 1103 1099 1095
1103 1102 1106 1111
1103 1099 1095 1096
1104 1107 1108 1112
1104 1100 1097 1093
1105 1101 1098 1094
1106 1111 1110 1113
1106 1102 1103 1099
1107 1108 1112 1114
1107 1104 1100 1097
1108 1112 1114 1117
1108 1107 1104 1100
1109 1105 1101 1098
1110 1113 1116 1115
1110 1111 1106 1102
1111 1110 1113 1116
1111 1106 1102 1103
1112 1114 1117 1119
1112 1108 1107 1104
1113 1116 1115 1118
1113 1110 1111 1106
1114 1117 1119 1122
1114 1112 1108 1107
1115 1118 1121 1120
1115 1116 1113 1110
1116 1115 1118 1121
1116 1113 1110 1111
1117 1119 1122 1124
1117 1114 1112 1108
1118 1121 1120 1123
1118 1115 1116 1113
1119 1122 1124 1127
1119 1117 1114 1112
1120 1123 1126 1125
1120 1121 1118 1115
1121 1120 1123 1126
1121 1118 1115 1116
1122 1124 1127 1128
1122 1119 1117 1114
1123 1126 1125 1129
1123 1120 1121 1118
1124 1127 1128 1130
1124 1122 1119 1117
1125 1129 1132 1131
1125 1126 1123 1120
1126 1125 1129 1132
1126 1123 1120 1121
1127 1128 1130 1133
1127 1124 1122 1119
1128 1130 1133 1135
1128 1127 1124 1122
1129 1132 1131 1134
1129 1125 1126 1123
1130 1133 1135 1138
1130 1128 1127 1124
1131 1134 1137 1136
1131 1132 1129 1125
1132 1131 1134 1137
1132 1129 1125 1126
1133 1135 1138 1140
1133 1130 1128 1127
1134 1137 1136 1139
1134 1131 1132 1129
1135 1138 1140 1143
1135 1133 1130 1128
1136 1139 1142 1141
1136 1137 1134 1131
1137 1136 1139 1142
1137 1134 1131 1132
1138 1140 1143 1145
1138 1135 1133 1130
1139 1142 1141 1144
1139 1136 1137 1134
1140 1143 1145 1148
1140 1138 1135 1133
1141 1144 1147 1146
1141 1142 1139 1136
1142 1141 1144 1147
1142 1139 1136 1137
1143 1145 1148 1150
1143 1140 1138 1135
1144 1147 1146 1149
1144 1141 1142 1139
1145 1148 1150 1153
1145 1143 1140 1138
1146 1149 1152 1151
1146 1147 1144 1141
1147 1146 1149 1152
1147 1144 1141 1142
1148 1150 1153 1154
1148 1145 1143 1140
1149 1152 1151 1155
1149 1146 1147 1144
1150 1153 1154 1156
1150 1148 1145 1143
1151 1155 1158 1157
1151 1152 1149 1146
1152 1151 1155 1158
1152 1149 1146 1147
1153 1154 1156 1159
1153 1150 1148 1145
1154 1156 1159 1161
1154 1153 1150 1148
1155 1158 1157 1160
1155 1151 1152 1149
1156 1159 1161 1162
1156 1154 1153 1150
1157 1160 1164 1163
1157 1158 1155 1151
1158 1157 1160 1164
1158 1155 1151 1152
1159 1161 1162 1165
1159 1156 1154 1153
1160 1164 1163 1166
1160 1157 1158 1155
1161 1162 1165 1167
1161 1159 1156 1154
1162 1165 1167 1170
1162 1161 1159 1156
1163 1166 1169 1168
1163 1164 1160 1157
1164 1163 1166 1169
1164 1160 1157 1158
1165 1167 1170 1171
1165 1162 1161 1159
1166 1169 1168 1172
1166 1163 1164 1160
1167 1170 1171 1173
1167 1165 1162 1161
1168 1172 1175 1174
1168 1169 1166 1163
1169 1168 1172 1175
1169 1166 1163 1164
1170 1171 1173 1176
1170 1167 1165 1162
1171 1173 1176 1178
1171 1170 1167 1165
1172 1175 1174 1177
1172 1168 1169 1166
1173 1176 1178 1181
1173 1171 1170 1167
1174 1177 1180 1179
1174 1175 1172 1168
1175 1174 1177 1180
1175 1172 1168 1169
1176 1178 1181 1183
1176 1173 1171 1170
1177 1180 1179 1182
1177 1174 1175 1172
1178 1181 1183 1186
1178 1176 1173 1171
1179 1182 1185 1184
1179 1180 1177 1174
1180 1179 1182 1185
1180 1177 1174 1175
1181 1183 1186 1188
1181 1178 1176 1173
1182 1185 1184 1187
1182 1179 1180 1177
1183 1186 1188 1191
1183 1181 1178 1176
1184 1187 1190 1189
1184 1185 1182 1179
1185 1184 1187 1190
1185 1182 1179 1180
1186 1188 1191 1192
1186 1183 1181 1178
1187 1190 1189 1193
1187 1184 1185 1182
1188 1191 1192 1194
1188 1186 1183 1181
1189 1193 1196 1195
1189 1190 1187 1184
1190 1189 1193 1196
1190 1187 1184 1185
1191 1192 1194 1197
1191 1188 1186 1183
1192 1194 1197 1199
1192 1191 1188 1186
1193 1196 1195 1198
1193 1189 1190 1187
1194 1197 1199 1202
1194 1192 1191 1188
1195 1198 1201 1200
1195 1196 1193 1189
1196 1195 1198 1201
1196 1193 1189 1190
1197 1199 1202 1204
1197 1194 1192 1191
1198 1201 1200 1203
1198 1195 1196 1193
1199 1202 1204 1205
1199 1197 1194 1192
1200 1203 1207 1206
1200 1201 1198 1195
1201 1200 1203 1207
1201 1198 1195 1196
1202 1204 1205 1208
1202 1199 1197 1194
1203 1207 1206 1209
1203 1200 1201 1198
1204 1205 1208 1210
1204 1202 1199 1197
1205 1208 1210 1213
1205 1204 1202 1199
1206 1209 1212 1211
1206 1207 1203 1200
1207 1206 1209 1212
1207 1203 1200 1201
1208 1210 1213 1215
1208 1205 1204 1202
1209 1212 1211 1214
1209 1206 1207 1203
1210 1213 1215 1218
1210 1208 1205 1204
1211 1214 1217 1216
1211 1212 1209 1206
1212 1211 1214 1217
1212 1209 1206 1207
1213 1215 1218 1219
1213 1210 1208 1205
1214 1217 1216 1220
1214 1211 1212 1209
1215 1218 1219 1221
1215 1213 1210 1208
1216 1220 1223 1222
1216 1217 1214 1211
1217 1216 1220 1223
1217 1214 1211 1212
1218 1219 1221 1224
1218 1215 1213 1210
1219 1221 1224 1225
1219 1218 1215 1213
1220 1223 1222 1226
1220 1216 1217 1214
1221 1224 1225 1227
1221 1219 1218 1215
1222 1226 1229 1228
1222 1223 1220 1216
1223 1222 1226 1229
1223 1220 1216 1217
1224 1225 1227 1230
1224 1221 1219 1218
1225 1227 1230 1232
1225 1224 1221 1219
1226 1229 1228 1231
1226 1222 1223 1220
1227 1230 1232 1235
1227 1225 1224 1221
1228 1231 1234 1233
1228 1229 1226 1222
1229 1228 1231 1234
1229 1226 1222 1223
1230 1232 1235 1237
1230 1227 1225 1224
1231 1234 1233 1236
1231 1228 1229 1226
1232 1235 1237 1240
1232 1230 1227 1225
1233 1236 1239 1238
1233 1234 1231 1228
1234 1233 1236 1239
1234 1231 1228 1229
1235 1237 1240 1242
1235 1232 1230 1227
1236 1239 1238 1241
1236 1233 1234 1231
1237 1240 1242 1245
1237 1235 1232 1230
1238 1241 1244 1243
1238 1239 1236 1233
1239 1238 1241 1244
1239 1236 1233 1234
1240 1242 1245 1247
1240 1237 1235 1232
1241 1244 1243 1246
1241 1238 1239 1236
1242 1245 1247 1248
1242 1240 1237 1235
1243 1246 1250 1249
1243 1244 1241 1238
1244 1243 1246 1250
1244 1241 1238 1239
1245 1247 1248 1251
1245 1242 1240 1237
1246 1250 1249 1252
1246 1243 1244 1241
1247 1248 1251 1253
1247 1245 1242 1240
1248 1251 1253 1254
1248 1247 1245 1242
1249 1252 1256 1255
1249 1250 1246 1243
1250 1249 1252 1256
1250 1246 1243 1244
1251 1253 1254 1257
1251 1248 1247 1245
1252 1256 1255 1258
1252 1249 1250 1246
1253 1254 1257 1259
1253 1251 1248 1247
1254 1257 1259 1262
1254 1253 1251 1248
1255 1258 1261 1260
1255 1256 1252 1249
1256 1255 1258 1261
1256 1252 1249 1250
1257 1259 1262 1264
1257 1254 1253 1251
1258 1261 1260 1263
1258 1255 1256 1252
1259 1262 1264 1267
1259 1257 1254 1253
1260 1263 1266 1265
1260 1261 1258 1255
1261 1260 1263 1266
1261 1258 1255 1256
1262 1264 1267 1269
1262 1259 1257 1254
1263 1266 1265 1268
1263 1260 1261 1258
1264 1267 1269 1272
1264 1262 1259 1257
1265 1268 1271 1270
1265 1266 1263 1260
1266 1265 1268 1271
1266 1263 1260 1261
1267 1269 1272 1273
1267 1264 1262 1259
1268 1271 1270 1274
1268 1265 1266 1263
1269 1272 1273 1275
1269 1267 1264 1262
1270 1274 1277 1276
1270 1271 1268 1265
1271 1270 1274 1277
1271 1268 1265 1266
1272 1273 1275 1278
1272 1269 1267 1264
1273 1275 1278 1279
1273 1272 1269 1267
1274 1277 1276 1280
1274 1270 1271 1268
1275 1278 1279 1281
1275 1273 1272 1269
1276 1280 1283 1282
1276 1277 1274 1270
1277 1276 1280 1283
1277 1274 1270 1271
1278 1279 1281 1284
1278 1275 1273 1272
1279 1281 1284 1286
1279 1278 1275 1273
1280 1283 1282 1285
1280 1276 1277 1274
1281 1284 1286 1287
1281 1279 1278 1275
1282 1285 1289 1288
1282 1283 1280 1276
1283 1282 1285 1289
1283 1280 1276 1277
1284 1286 1287 1290
1284 1281 1279 1278
1285 1289 1288 1291
1285 1282 1283 1280
1286 1287 1290 1292
1286 1284 1281 1279
1287 1290 1292 1293
1287 1286 1284 1281
1288 1291 1295 1294
1288 1289 1285 1282
1289 1288 1291 1295
1289 1285 1282 1283
1290 1292 1293 1296
1290 1287 1286 1284
1291 1295 1294 1298
1291 1288 1289 1285
1292 1293 1296 1297
1292 1290 1287 1286
1293 1296 1297 1299
1293 1292 1290 1287
1294 1298 1301 1300
1294 1295 1291 1288
1295 1294 1298 1301
1295 1291 1288 1289
1296 1297 1299 1302
1296 1293 1292 1290
1297 1299 1302 1303
1297 1296 1293 1292
1298 1301 1300 1304
1298 1294 1295 1291
1299 1302 1303 1305
1299 1297 1296 1293
1300 1304 1308 1307
1300 1301 1298 1294
1301 1300 1304 1308
1301 1298 1294 1295
1302 1303 1305 1306
1302 1299 1297 1296
1303 1305 1306 1309
1303 1302 1299 1297
1304 1308 1307 1310
1304 1300 1301 1298
1305 1306 1309 1311
1305 1303 1302 1299
1306 1309 1311 1314
1306 1305 1303 1302
1307 1310 1313 1312
1307 1308 1304 1300
1308 1307 1310 1313
1308 1304 1300 1301
1309 1311 1314 1315
1309 1306 1305 1303
1310 1313 1312 1316
1310 1307 1308 1304
1311 1314 1315 1317
1311 1309 1306 1305
1312 1316 1320 1319
1312 1313 1310 1307
1313 1312 1316 1320
1313 1310 1307 1308
1314 1315 1317 1318
1314 1311 1309 1306
1315 1317 1318 1321
1315 1314 1311 1309
1316 1320 1319 1322
1316 1312 1313 1310
1317 1318 1321 1323
1317 1315 1314 1311
1318 1321 1323 1324
1318 1317 1315 1314
1319 1322 1326 1325
1319 1320 1316 1312
1320 1319 1322 1326
1320 1316 1312 1313
1321 1323 1324 1327
1321 1318 1317 1315
1322 1326 1325 1329
1322 1319 1320 1316
1323 1324 1327 1328
1323 1321 1318 1317
1324 1327 1328 1330
1324 1323 1321 1318
1325 1329 1333 1332
1325 1326 1322 1319
1326 1325 1329 1333
1326 1322 1319 1320
1327 1328 1330 1331
1327 1324 1323 1321
1328 1330 1331 1334
1328 1327 1324 1323
1329 1333 1332 1335
1329 1325 1326 1322
1330 1331 1334 1336
1330 1328 1327 1324
1331 1334 1336 1339
1331 1330 1328 1327
1332 1335 1338 1337
1332 1333 1329 1325
1333 1332 1335 1338
1333 1329 1325 1326
1334 1336 1339 1340
1334 1331 1330 1328
1335 1338 1337 1341
1335 1332 1333 1329
1336 1339 1340 1342
1336 1334 1331 1330
1337 1341 1345 1344
1337 1338 1335 1332
1338 1337 1341 1345
1338 1335 1332 1333
1339 1340 1342 1343
1339 1336 1334 1331
1340 1342 1343 1346
1340 1339 1336 1334
1341 1345 1344 1348
1341 1337 1338 1335
1342 1343 1346 1347
1342 1340 1339 1336
1343 1346 1347 1349
1343 1342 1340 1339
1344 1348 1352 1351
1344 1345 1341 1337
1345 1344 1348 1352
1345 1341 1337 1338
1346 1347 1349 1350
1346 1343 1342 1340
1347 1349 1350 1353
1347 1346 1343 1342
1348 1352 1351 1355
1348 1344 1345 1341
1349 1350 1353 1354
1349 1347 1346 1343
1350 1353 1354 1356
1350 1349 1347 1346
1351 1355 1359 1358
1351 1352 1348 1344
1352 1351 1355 1359
1352 1348 1344 1345
1353 1354 1356 1357
1353 1350 1349 1347
1354 1356 1357 1360
1354 1353 1350 1349
1355 1359 1358 1362
1355 1351 1352 1348
1356 1357 1360 1361
1356 1354 1353 1350
1357 1360 1361 1363
1357 1356 1354 1353
1358 1362 1366 1365
1358 1359 1355 1351
1359 1358 1362 1366
1359 1355 1351 1352
1360 1361 1363 1364
1360 1357 1356 1354
1361 1363 1364 1367
1361 1360 1357 1356
1362 1366 1365 1369
1362 1358 1359 1355
1363 1364 1367 1368
1363 1361 1360 1357
1364 1367 1368 1370
1364 1363 1361 1360
1365 1369 1373 1372
1365 1366 1362 1358
1366 1365 1369 1373
1366 1362 1358 1359
1367 1368 1370 1371
1367 1364 1363 1361
1368 1370 1371 1374
1368 1367 1364 1363
1369 1373 1372 1377
1369 1365 1366 1362
1370 1371 1374 1375
1370 1368 1367 1364
1371 1374 1375 1376
1371 1370 1368 1367
1372 1377 1381 1380
1372 1373 1369 1365
1373 1372 1377 1381
1373 1369 1365 1366
1374 1375 1376 1378
1374 1371 1370 1368
1375 1376 1378 1379
1375 1374 1371 1370
1376 1378 1379 1382
1376 1375 1374 1371
1377 1381 1380 1384
1377 1372 1373 1369
1378 1379 1382 1383
1378 1376 1375 1374
1379 1382 1383 1385
1379 1378 1376 1375
1380 1384 1388 1387
1380 1381 1377 1372
1381 1380 1384 1388
1381 1377 1372 1373
1382 1383 1385 1386
1382 1379 1378 1376
1383 1385 1386 1389
1383 1382 1379 1378
1384 1388 1387 1391
1384 1380 1381 1377
1385 1386 1389 1390
1385 1383 1382 1379
1386 1389 1390 1392
1386 1385 1383 1382
1387 1391 1395 1394
1387 1388 1384 1380
1388 1387 1391 1395
1388 1384 1380 1381
1389 1390 1392 1393
1389 1386 1385 1383
1390 1392 1393 1396
1390 1389 1386 1385
1391 1395 1394 1398
1391 1387 1388 1384
1392 1393 1396 1397
1392 1390 1389 1386
1393 1396 1397 1399
1393 1392 1390 1389
1394 1398 1402 1401
1394 1395 1391 1387
1395 1394 1398 1402
1395 1391 1387 1388
1396 1397 1399 1400
1396 1393 1392 1390
1397 1399 1400 1403
1397 1396 1393 1392
1398 1402 1401 1405
1398 1394 1395 1391
1399 1400 1403 1404
1399 1397 1396 1393
1400 1403 1404 1406
1400 1399 1397 1396
1401 1405 1409 1408
1401 1402 1398 1394
1402 1401 1405 1409
1402 1398 1394 1395
1403 1404 1406 1407
1403 1400 1399 1397
1404 1406 1407 1410
1404 1403 1400 1399
1405 1409 1408 1413
1405 1401 1402 1398
1406 1407 1410 1411
1406 1404 1403 1400
1407 1410 1411 1412
1407 1406 1404 1403
1408 1413 1417 1416
1408 1409 1405 1401
1409 1408 1413 1417
1409 1405 1401 1402
1410 1411 1412 1414
1410 1407 1406 1404
1411 1412 1414 1415
1411 1410 1407 1406
1412 1414 1415 1418
1412 1411 1410 1407
1413 1417 1416 1420
1413 1408 1409 1405
1414 1415 1418 1419
1414 1412 1411 1410
1415 1418 1419 1421
1415 1414 1412 1411
1416 1420 1424 1423
1416 1417 1413 1408
1417 1416 1420 1424
1417 1413 1408 1409
1418 1419 1421 1422
1418 1415 1414 1412
1419 1421 1422 1425
1419 1418 1415 1414
1420 1424 1423 1427
1420 1416 1417 1413
1421 1422 1425 1426
1421 1419 1418 1415
1422 1425 1426 1428
1422 1421 1419 1418
1423 1427 1431 1430
1423 1424 1420 1416
1424 1423 1427 1431
1424 1420 1416 1417
1425 1426 1428 1429
1425 1422 1421 1419
1426 1428 1429 1432
1426 1425 1422 1421
1427 1431 1430 1435
1427 1423 1424 1420
1428 1429 1432 1433
1428 1426 1425 1422
1429 1432 1433 1434
1429 1428 1426 1425
1430 1435 1439 1438
1430 1431 1427 1423
1431 1430 1435 1439
1431 1427 1423 1424
1432 1433 1434 1436
1432 1429 1428 1426
1433 1434 1436 1437
1433 1432 1429 1428
1434 1436 1437 1440
1434 1433 1432 1429
1435 1439 1438 1443
1435 1430 1431 1427
1436 1437 1440 1441
1436 1434 1433 1432
1437 1440 1441 1442
1437 1436 1434 1433
1438 1443 1447 1446
1438 1439 1435 1430
1439 1438 1443 1447
1439 1435 1430 1431
1440 1441 1442 1444
1440 1437 1436 1434
1441 1442 1444 1445
1441 1440 1437 1436
1442 1444 1445 1448
1442 1441 1440 1437
1443 1447 1446 1450
1443 1438 1439 1435
1444 1445 1448 1449
1444 1442 1441 1440
1445 1448 1449 1451
1445 1444 1442 1441
1446 1450 1455 1454
1446 1447 1443 1438
1447 1446 1450 1455
1447 1443 1438 1439
1448 1449 1451 1452
1448 1445 1444 1442
1449 1451 1452 1453
1449 1448 1445 1444
1450 1455 1454 1458
1450 1446 1447 1443
1451 1452 1453 1456
1451 1449 1448 1445
1452 1453 1456 1457
1452 1451 1449 1448
1453 1456 1457 1459
1453 1452 1451 1449
1454 1458 1462 1461
1454 1455 1450 1446
1455 1454 1458 1462
1455 1450 1446 1447
1456 1457 1459 1460
1456 1453 1452 1451
1457 1459 1460 1463
1457 1456 1453 1452
1458 1462 1461 1465
1458 1454 1455 1450
1459 1460 1463 1464
1459 1457 1456 1453
1460 1463 1464 1466
1460 1459 1457 1456
1461 1465 1470 1469
1461 1462 1458 1454
1462 1461 1465 1470
1462 1458 1454 1455
1463 1464 1466 1467
1463 1460 1459 1457
1464 1466 1467 1468
1464 1463 1460 1459
1465 1470 1469 1474
1465 1461 1462 1458
1466 1467 1468 1471
1466 1464 1463 1460
1467 1468 1471 1472
1467 1466 1464 1463
1468 1471 1472 1473
1468 1467 1466 1464
1469 1474 1478 1477
1469 1470 1465 1461
1470 1469 1474 1478
1470 1465 1461 1462
1471 1472 1473 1475
1471 1468 1467 1466
1472 1473 1475 1476
1472 1471 1468 1467
1473 1475 1476 1479
1473 1472 1471 1468
1474 1478 1477 1481
1474 1469 1470 1465
1475 1476 1479 1480
1475 1473 1472 1471
1476 1479 1480 1482
1476 1475 1473 1472
1477 1481 1485 1484
1477 1478 1474 1469
1478 1477 1481 1485
1478 1474 1469 1470
1479 1480 1482 1483
1479 1476 1475 1473
1480 1482 1483 1486
1480 1479 1476 1475
1481 1485 1484 1489
1481 1477 1478 1474
1482 1483 1486 1487
1482 1480 1479 1476
1483 1486 1487 1488
1483 1482 1480 1479
1484 1489 1494 1493
1484 1485 1481 1477
1485 1484 1489 1494
1485 1481 1477 1478
1486 1487 1488 1490
1486 1483 1482 1480
1487 1488 1490 1491
1487 1486 1483 1482
1488 1490 1491 1492
1488 1487 1486 1483
1489 1494 1493 1498
1489 1484 1485 1481
1490 1491 1492 1495
1490 1488 1487 1486
1491 1492 1495 1496
1491 1490 1488 1487
1492 1495 1496 1497
1492 1491 1490 1488
1493 1498 1503 1502
1493 1494 1489 1484
1494 1493 1498 1503
1494 1489 1484 1485
1495 1496 1497 1499
1495 1492 1491 1490
1496 1497 1499 1500
1496 1495 1492 1491
1497 1499 1500 1501
1497 1496 1495 1492
1498 1503 1502 1507
1498 1493 1494 1489
1499 1500 1501 1504
1499 1497 1496 1495
1500 1501 1504 1505
1500 1499 1497 1496
1501 1504 1505 1506
1501 1500 1499 1497
1502 1507 1512 1511
1502 1503 1498 1493
1503 1502 1507 1512
1503 1498 1493 1494
1504 1505 1506 1508
1504 1501 1500 1499
1505 1506 1508 1509
1505 1504 1501 1500
1506 1508 1509 1510
1506 1505 1504 1501
1507 1512 1511 1516
1507 1502 1503 1498
1508 1509 1510 1513
1508 1506 1505 1504
1509 1510 1513 1514
1509 1508 1506 1505
1510 1513 1514 1515
1510 1509 1508 1506
1511 1516 1521 1520
1511 1512 1507 1502
1512 1511 1516 1521
1512 1507 1502 1503
1513 1514 1515 1517
1513 1510 1509 1508
1514 1515 1517 1518
1514 1513 1510 1509
1515 1517 1518 1519
1515 1514 1513 1510
1516 1521 1520 1525
1516 1511 1512 1507
1517 1518 1519 1522
1517 1515 1514 1513
1518 1519 1522 1523
1518 1517 1515 1514
1519 1522 1523 1524
1519 1518 1517 1515
1520 1525 1530 1529
1520 1521 1516 1511
1521 1520 1525 1530
1521 1516 1511 1512
1522 1523 1524 1526
1522 1519 1518 1517
1523 1524 1526 1527
1523 1522 1519 1518
1524 1526 1527 1528
1524 1523 1522 1519
1525 1530 1529 1534
1525 1520 1521 1516
1526 1527 1528 1531
1526 1524 1523 1522
1527 1528 1531 1532
1527 1526 1524 1523
1528 1531 1532 1533
1528 1527 1526 1524
1529 1534 1539 1538
1529 1530 1525 1520
1530 1529 1534 1539
1530 1525 1520 1521
1531 1532 1533 1535
1531 1528 1527 1526
1532 1533 1535 1536
1532 1531 1528 1527
1533 1535 1536 1537
1533 1532 1531 1528
1534 1539 1538 1542
1534 1529 1530 1525
1535 1536 1537 1540
1535 1533 1532 1531
1536 1537 1540 1541
1536 1535 1533 1532
1537 1540 1541 1543
1537 1536 1535 1533
1538 1542 1546 1545
1538 1539 1534 1529
1539 1538 1542 1546
1539 1534 1529 1530
1540 1541 1543 1544
1540 1537 1536 1535
1541 1543 1544 1547
1541 1540 1537 1536
1542 1546 1545 1550
1542 1538 1539 1534
1543 1544 1547 1548
1543 1541 1540 1537
1544 1547 1548 1549
1544 1543 1541 1540
1545 1550 1555 1554
1545 1546 1542 1538
1546 1545 1550 1555
1546 1542 1538 1539
1547 1548 1549 1551
1547 1544 1543 1541
1548 1549 1551 1552
1548 1547 1544 1543
1549 1551 1552 1553
1549 1548 1547 1544
1550 1555 1554 1563
1550 1545 1546 1542
1551 1552 1553 1556
1551 1549 1548 1547
1552 1553 1556 1557
1552 1551 1549 1548
1553 1556 1557 1558
1553 1552 1551 1549
1554 1563 1581 1580
1554 1555 1550 1545
1555 1554 1563 1581
1555 1550 1545 1546
1556 1557 1558 1559
1556 1553 1552 1551
1557 1558 1559 1560
1557 1556 1553 1552
1558 1559 1560 1561
1558 1557 1556 1553
1559 1560 1561 1562
1559 1558 1557 1556
1560 1561 1562 1564
1560 1559 1558 1557
1561 1562 1564 1565
1561 1560 1559 1558
1562 1564 1565 1566
1562 1561 1560 1559
1563 1581 1580 1605
1563 1554 1555 1550
1564 1565 1566 1567
1564 1562 1561 1560
1565 1566 1567 1568
1565 1564 1562 1561
1566 1567 1568 1569
1566 1565 1564 1562
1567 1568 1569 1570
1567 1566 1565 1564
1568 1569 1570 1571
1568 1567 1566 1565
1569 1570 1571 1572
1569 1568 1567 1566
1570 1571 1572 1573
1570 1569 1568 1567
1571 1572 1573 1574
1571 1570 1569 1568
1572 1573 1574 1575
1572 1571 1570 1569
1573 1574 1575 1576
1573 1572 1571 1570
1574 1575 1576 1577
1574 1573 1572 1571
1575 1576 1577 1578
1575 1574 1573 1572
1576 1577 1578 1579
1576 1575 1574 1573
1577 1578 1579 1582
1577 1576 1575 1574
1578 1579 1582 1583
1578 1577 1576 1575
1579 1582 1583 1584
1579 1578 1577 1576
1580 1605 1623 1622
1580 1581 1563 1554
1581 1580 1605 1623
1581 1563 1554 1555
1582 1583 1584 1585
1582 1579 1578 1577
1583 1584 1585 1586
1583 1582 1579 1578
1584 1585 1586 1587
1584 1583 1582 1579
1585 1586 1587 1588
1585 1584 1583 1582
1586 1587 1588 1589
1586 1585 1584 1583
1587 1588 1589 1590
1587 1586 1585 1584
1588 1589 1590 1591
1588 1587 1586 1585
1589 1590 1591 1592
1589 1588 1587 1586
1590 1591 1592 1593
1590 1589 1588 1587
1591 1592 1593 1594
1591 1590 1589 1588
1592 1593 1594 1595
1592 1591 1590 1589
1593 1594 1595 1596
1593 1592 1591 1590
1594 1595 1596 1597
1594 1593 1592 1591
1595 1596 1597 1598
1595 1594 1593 1592
1596 1597 1598 1599
1596 1595 1594 1593
1597 1598 1599 1600
1597 1596 1595 1594
1598 1599 1600 1601
1598 1597 1596 1595
1599 1600 1601 1602
1599 1598 1597 1596
1600 1601 1602 1603
1600 1599 1598 1597
1601 1602 1603 1604
1601 1600 1599 1598
1602 1603 1604 1606
1602 1601 1600 1599
1603 1604 1606 1607
1603 1602 1601 1600
1604 1606 1607 1608
1604 1603 1602 1601
1605 1623 1622 1647
1605 1580 1581 1563
1606 1607 1608 1609
1606 1604 1603 1602
1607 1608 1609 1610
1607 1606 1604 1603
1608 1609 1610 1611
1608 1607 1606 1604
1609 1610 1611 1612
1609 1608 1607 1606
1610 1611 1612 1613
1610 1609 1608 1607
1611 1612 1613 1614
1611 1610 1609 1608
1612 1613 1614 1615
1612 1611 1610 1609
1613 1614 1615 1616
1613 1612 1611 1610
1614 1615 1616 1617
1614 1613 1612 1611
1615 1616 1617 1618
1615 1614 1613 1612
1616 1617 1618 1619
1616 1615 1614 1613
1617 1618 1619 1620
1617 1616 1615 1614
1618 1619 1620 1621
1618 1617 1616 1615
1619 1620 1621 1624
1619 1618 1617 1616
1620 1621 1624 1625
1620 1619 1618 1617
1621 1624 1625 1626
1621 1620 1619 1618
1622 1647 1646 1666
1622 1623 1605 1580
1623 1622 1647 1646
1623 1605 1580 1581
1624 1625 1626 1627
1624 1621 1620 1619
1625 1626 1627 1628
1625 1624 1621 1620
1626 1627 1628 1629
1626 1625 1624 1621
1627 1628 1629 1630
1627 1626 1625 1624
1628 1629 1630 1631
1628 1627 1626 1625
1629 1630 1631 1632
1629 1628 1627 1626
1630 1631 1632 1633
1630 1629 1628 1627
1631 1632 1633 1634
1631 1630 1629 1628
1632 1633 1634 1635
1632 1631 1630 1629
1633 1634 1635 1636
1633 1632 1631 1630
1634 1635 1636 1637
1634 1633 1632 1631
1635 1636 1637 1638
1635 1634 1633 1632
1636 1637 1638 1639
1636 1635 1634 1633
1637 1638 1639 1640
1637 1636 1635 1634
1638 1639 1640 1641
1638 1637 1636 1635
1639 1640 1641 1642
1639 1638 1637 1636
1640 1641 1642 1643
1640 1639 1638 1637
1641 1642 1643 1644
1641 1640 1639 1638
1642 1643 1644 1645
1642 1641 1640 1639
1643 1644 1645 1648
1643 1642 1641 1640
1644 1645 1648 1649
1644 1643 1642 1641
1645 1648 1649 1650
1645 1644 1643 1642
1646 1666 1665 1664
1646 1647 1622 1623
1647 1646 1666 1665
1647 1622 1623 1605
1648 1649 1650 1651
1648 1645 1644 1643
1649 1650 1651 1652
1649 1648 1645 1644
1650 1651 1652 1653
1650 1649 1648 1645
1651 1652 1653 1654
1651 1650 1649 1648
1652 1653 1654 1655
1652 1651 1650 1649
1653 1654 1655 1656
1653 1652 1651 1650
1654 1655 1656 1657
1654 1653 1652 1651
1655 1656 1657 1658
1655 1654 1653 1652
1656 1657 1658 1659
1656 1655 1654 1653
1657 1658 1659 1660
1657 1656 1655 1654
1658 1659 1660 1661
1658 1657 1656 1655
1659 1660 1661 1662
1659 1658 1657 1656
1660 1661 1662 1663
1660 1659 1658 1657
1661 1662 1663 1667
1661 1660 1659 1658
1662 1663 1667 1668
1662 1661 1660 1659
1663 1667 1668 1664
1663 1662 1661 1660
1664 1668 1667 1663
1664 1665 1666 1646
1665 1664 1668 1667
1665 1666 1646 1647
1666 1665 1664 1668
1666 1646 1647 1622
1667 1668 1664 1665
1667 1663 1662 1661
1668 1667 1663 1662
1668 1664 1665 1666
