0 62 61 60
0 1 2 3
1 0 62 61
1 2 3 4
2 1 0 62
2 3 4 5
3 2 1 0
3 4 5 6
4 3 2 1
4 5 6 7
5 4 3 2
5 6 7 8
6 5 4 3
6 7 8 9
7 6 5 4
7 8 9 10
8 7 6 5
8 9 10 11
9 8 7 6
9 10 11 12
10 9 8 7
10 11 12 13
11 10 9 8
11 12 13 14
12 11 10 9
12 13 14 15
13 12 11 10
13 14 15 16
14 13 12 11
14 15 16 17
15 14 13 12
15 16 17 18
16 15 14 13
16 17 18 19
17 16 15 14
17 18 19 20
18 17 16 15
18 19 20 21
19 18 17 16
19 20 21 22
20 19 18 17
20 21 22 23
21 22 23 24
21 20 19 18
22 23 24 63
22 21 20 19
23 24 63 64
23 22 21 20
24 63 64 92
24 23 22 21
25 91 90 89
25 26 27 28
26 25 91 90
26 27 28 29
27 26 25 91
27 28 29 30
28 27 26 25
28 29 30 31
29 28 27 26
29 30 31 32
30 29 28 27
30 31 32 33
31 30 29 28
31 32 33 34
32 31 30 29
32 33 34 35
33 32 31 30
33 34 35 36
34 33 32 31
34 35 36 37
35 34 33 32
35 36 37 38
36 35 34 33
36 37 38 39
37 36 35 34
37 38 39 40
38 37 36 35
38 39 40 41
39 38 37 36
39 40 41 42
40 39 38 37
40 41 42 43
41 40 39 38
41 42 43 44
42 41 40 39
42 43 44 45
43 42 41 40
43 44 45 46
44 43 42 41
44 45 46 47
45 44 43 42
45 46 47 48
46 45 44 43
46 47 48 49
47 46 45 44
47 48 49 50
48 47 46 45
48 49 50 51
49 48 47 46
49 50 51 52
50 49 48 47
50 51 52 53
51 50 49 48
51 52 53 54
52 51 50 49
52 53 54 55
53 52 51 50
53 54 55 56
54 53 52 51
54 55 56 57
55 54 53 52
55 56 57 58
56 55 54 53
56 57 58 59
57 56 55 54
57 58 59 60
58 57 56 55
58 59 60 61
59 58 57 56
59 60 61 62
60 59 58 57
60 61 62 0
61 60 59 58
61 62 0 1
62 61 60 59
62 0 1 2
63 64 92 93
63 24 23 22
64 92 93 123
64 63 24 23
65 122 121 120
65 66 67 68
66 65 122 121
66 67 68 69
67 66 65 122
67 68 69 70
68 67 66 65
68 69 70 71
69 68 67 66
69 70 71 72
70 69 68 67
70 71 72 73
71 70 69 68
71 72 73 74
72 71 70 69
72 73 74 75
73 72 71 70
73 74 75 76
74 73 72 71
74 75 76 77
75 74 73 72
75 76 77 78
76 75 74 73
76 77 78 79
77 76 75 74
77 78 79 80
78 77 76 75
78 79 80 81
79 78 77 76
79 80 81 82
80 79 78 77
80 81 82 83
81 80 79 78
81 82 83 84
82 81 80 79
82 83 84 85
83 82 81 80
83 84 85 86
84 83 82 81
84 85 86 87
85 84 83 82
85 86 87 88
86 85 84 83
86 87 88 89
87 86 85 84
87 88 89 90
88 87 86 85
88 89 90 91
89 88 87 86
89 90 91 25
90 89 88 87
90 91 25 26
91 90 89 88
91 25 26 27
92 93 123 128
92 64 63 24
93 123 128 133
93 92 64 63
94 127 126 125
94 95 96 97
95 94 127 126
95 96 97 98
96 95 94 127
96 97 98 99
97 96 95 94
97 98 99 100
98 97 96 95
98 99 100 101
99 98 97 96
99 100 101 102
100 99 98 97
100 101 102 103
101 100 99 98
101 102 103 104
102 101 100 99
102 103 104 105
103 102 101 100
103 104 105 106
104 103 102 101
104 105 106 107
105 104 103 102
105 106 107 108
106 105 104 103
106 107 108 109
107 106 105 104
107 108 109 110
108 107 106 105
108 109 110 111
109 108 107 106
109 110 111 112
110 109 108 107
110 111 112 113
111 110 109 108
111 112 113 114
112 111 110 109
112 113 114 115
113 112 111 110
113 114 115 116
114 113 112 111
114 115 116 117
115 114 113 112
115 116 117 118
116 115 114 113
116 117 118 119
117 116 115 114
117 118 119 120
118 117 116 115
118 119 120 121
119 118 117 116
119 120 121 122
120 119 118 117
120 121 122 65
121 120 119 118
121 122 65 66
122 121 120 119
122 65 66 67
123 128 133 134
123 93 92 64
124 132 131 130
124 125 126 127
125 124 132 131
125 126 127 94
126 125 124 132
126 127 94 95
127 126 125 124
127 94 95 96
128 133 134 138
128 123 93 92
129 137 136 135
129 130 131 132
130 129 137 136
130 131 132 124
131 130 129 137
131 132 124 125
132 131 130 129
132 124 125 126
133 134 138 142
133 128 123 93
134 138 142 146
134 133 128 123
135 141 140 139
135 136 137 129
136 135 141 140
136 137 129 130
137 136 135 141
137 129 130 131
138 142 146 150
138 134 133 128
139 145 144 143
139 140 141 135
140 139 145 144
140 141 135 136
141 140 139 145
141 135 136 137
142 146 150 154
142 138 134 133
143 149 148 147
143 144 145 139
144 143 149 148
144 145 139 140
145 144 143 149
145 139 140 141
146 150 154 155
146 142 138 134
147 153 152 151
147 148 149 143
148 147 153 152
148 149 143 144
149 148 147 153
149 143 144 145
150 154 155 159
150 146 142 138
151 158 157 156
151 152 153 147
152 151 158 157
152 153 147 148
153 152 151 158
153 147 148 149
154 155 159 163
154 150 146 142
155 159 163 167
155 154 150 146
156 162 161 160
156 157 158 151
157 156 162 161
157 158 151 152
158 157 156 162
158 151 152 153
159 163 167 171
159 155 154 150
160 166 165 164
160 161 162 156
161 160 166 165
161 162 156 157
162 161 160 166
162 156 157 158
163 167 171 172
163 159 155 154
164 170 169 168
164 165 166 160
165 164 170 169
165 166 160 161
166 165 164 170
166 160 161 162
167 171 172 176
167 163 159 155
168 175 174 173
168 169 170 164
169 168 175 174
169 170 164 165
170 169 168 175
170 164 165 166
171 172 176 180
171 167 163 159
172 176 180 183
172 171 167 163
173 179 178 177
173 174 175 168
174 173 179 178
174 175 168 169
175 174 173 179
175 168 169 170
176 180 183 186
176 172 171 167
177 182 181 185
177 178 179 173
178 177 182 181
178 179 173 174
179 178 177 182
179 173 174 175
180 183 186 190
180 176 172 171
181 185 184 189
181 182 177 178
182 181 185 184
182 177 178 179
183 186 190 194
183 180 176 172
184 189 188 187
184 185 181 182
185 184 189 188
185 181 182 177
186 190 194 197
186 183 180 176
187 193 192 191
187 188 189 184
188 187 193 192
188 189 184 185
189 188 187 193
189 184 185 181
190 194 197 200
190 186 183 180
191 196 195 199
191 192 193 187
192 191 196 195
192 193 187 188
193 192 191 196
193 187 188 189
194 197 200 203
194 190 186 183
195 199 198 202
195 196 191 192
196 195 199 198
196 191 192 193
197 200 203 206
197 194 190 186
198 202 201 205
198 199 195 196
199 198 202 201
199 195 196 191
200 203 206 209
200 197 194 190
201 205 204 208
201 202 198 199
202 201 205 204
202 198 199 195
203 206 209 213
203 200 197 194
204 208 207 212
204 205 201 202
205 204 208 207
205 201 202 198
206 209 213 217
206 203 200 197
207 212 211 210
207 208 204 205
208 207 212 211
208 204 205 201
209 213 217 220
209 206 203 200
210 216 215 214
210 211 212 207
211 210 216 215
211 212 207 208
212 211 210 216
212 207 208 204
213 217 220 223
213 209 206 203
214 219 218 222
214 215 216 210
215 214 219 218
215 216 210 211
216 215 214 219
216 210 211 212
217 220 223 226
217 213 209 206
218 222 221 225
218 219 214 215
219 218 222 221
219 214 215 216
220 223 226 229
220 217 213 209
221 225 224 228
221 222 218 219
222 221 225 224
222 218 219 214
223 226 229 233
223 220 217 213
224 228 227 232
224 225 221 222
225 224 228 227
225 221 222 218
226 229 233 236
226 223 220 217
227 232 231 230
227 228 224 225
228 227 232 231
228 224 225 221
229 233 236 239
229 226 223 220
230 235 234 238
230 231 232 227
231 230 235 234
231 232 227 228
232 231 230 235
232 227 228 224
233 236 239 242
233 229 226 223
234 238 237 241
234 235 230 231
235 234 238 237
235 230 231 232
236 239 242 245
236 233 229 226
237 241 240 244
237 238 234 235
238 237 241 240
238 234 235 230
239 242 245 248
239 236 233 229
240 244 243 247
240 241 237 238
241 240 244 243
241 237 238 234
242 245 248 251
242 239 236 233
243 247 246 250
243 244 240 241
244 243 247 246
244 240 241 237
245 248 251 254
245 242 239 236
246 250 249 253
246 247 243 244
247 246 250 249
247 243 244 240
248 251 254 257
248 245 242 239
249 253 252 256
249 250 246 247
250 249 253 252
250 246 247 243
251 254 257 260
251 248 245 242
252 256 255 259
252 253 249 250
253 252 256 255
253 249 250 246
254 257 260 263
254 251 248 245
255 259 258 262
255 256 252 253
256 255 259 258
256 252 253 249
257 260 263 266
257 254 251 248
258 262 261 265
258 259 255 256
259 258 262 261
259 255 256 252
260 263 266 268
260 257 254 251
261 265 264 267
261 262 258 259
262 261 265 264
262 258 259 255
263 266 268 270
263 260 257 254
264 267 269 273
264 265 261 262
265 264 267 269
265 261 262 258
266 268 270 271
266 263 260 257
267 269 273 272
267 264 265 261
268 270 271 274
268 266 263 260
269 273 272 276
269 267 264 265
270 271 274 277
270 268 266 263
271 274 277 280
271 270 268 266
272 276 275 279
272 273 269 267
273 272 276 275
273 269 267 264
274 277 280 282
274 271 270 268
275 279 278 281
275 276 272 273
276 275 279 278
276 272 273 269
277 280 282 283
277 274 271 270
278 281 284 287
278 279 275 276
279 278 281 284
279 275 276 272
280 282 283 285
280 277 274 271
281 284 287 286
281 278 279 275
282 283 285 288
282 280 277 274
283 285 288 291
283 282 280 277
284 287 286 290
284 281 278 279
285 288 291 293
285 283 282 280
286 290 289 292
286 287 284 281
287 286 290 289
287 284 281 278
288 291 293 296
288 285 283 282
289 292 295 294
289 290 286 287
290 289 292 295
290 286 287 284
291 293 296 298
291 288 285 283
292 295 294 297
292 289 290 286
293 296 298 300
293 291 288 285
294 297 299 302
294 295 292 289
295 294 297 299
295 292 289 290
296 298 300 303
296 293 291 288
297 299 302 301
297 294 295 292
298 300 303 305
298 296 293 291
299 302 301 304
299 297 294 295
300 303 305 308
300 298 296 293
301 304 307 306
301 302 299 297
302 301 304 307
302 299 297 294
303 305 308 310
303 300 298 296
304 307 306 309
304 301 302 299
305 308 310 313
305 303 300 298
306 309 312 311
306 307 304 301
307 306 309 312
307 304 301 302
308 310 313 315
308 305 303 300
309 312 311 314
309 306 307 304
310 313 315 318
310 308 305 303
311 314 317 316
311 312 309 306
312 311 314 317
312 309 306 307
313 315 318 320
313 310 308 305
314 317 316 319
314 311 312 309
315 318 320 323
315 313 310 308
316 319 322 321
316 317 314 311
317 316 319 322
317 314 311 312
318 320 323 325
318 315 313 310
319 322 321 324
319 316 317 314
320 323 325 328
320 318 315 313
321 324 327 326
321 322 319 316
322 321 324 327
322 319 316 317
323 325 328 330
323 320 318 315
324 327 326 329
324 321 322 319
325 328 330 333
325 323 320 318
326 329 332 331
326 327 324 321
327 326 329 332
327 324 321 322
328 330 333 335
328 325 323 320
329 332 331 334
329 326 327 324
330 333 335 337
330 328 325 323
331 334 336 338
331 332 329 326
332 331 334 336
332 329 326 327
333 335 337 339
333 330 328 325
334 336 338 340
334 331 332 329
335 337 339 341
335 333 330 328
336 338 340 343
336 334 331 332
337 339 341 344
337 335 333 330
338 340 343 342
338 336 334 331
339 341 344 346
339 337 335 333
340 343 342 345
340 338 336 334
341 344 346 348
341 339 337 335
342 345 347 349
342 343 340 338
343 342 345 347
343 340 338 336
344 346 348 350
344 341 339 337
345 347 349 351
345 342 343 340
346 348 350 352
346 344 341 339
347 349 351 353
347 345 342 343
348 350 352 354
348 346 344 341
349 351 353 355
349 347 345 342
350 352 354 356
350 348 346 344
351 353 355 357
351 349 347 345
352 354 356 358
352 350 348 346
353 355 357 359
353 351 349 347
354 356 358 360
354 352 350 348
355 357 359 361
355 353 351 349
356 358 360 362
356 354 352 350
357 359 361 364
357 355 353 351
358 360 362 365
358 356 354 352
359 361 364 363
359 357 355 353
360 362 365 367
360 358 356 354
361 364 363 366
361 359 357 355
362 365 367 369
362 360 358 356
363 366 368 371
363 364 361 359
364 363 366 368
364 361 359 357
365 367 369 372
365 362 360 358
366 368 371 370
366 363 364 361
367 369 372 374
367 365 362 360
368 371 370 373
368 366 363 364
369 372 374 376
369 367 365 362
370 373 375 379
370 371 368 366
371 370 373 375
371 368 366 363
372 374 376 377
372 369 367 365
373 375 379 378
373 370 371 368
374 376 377 380
374 372 369 367
375 379 378 381
375 373 370 371
376 377 380 382
376 374 372 369
377 380 382 384
377 376 374 372
378 381 383 386
378 379 375 373
379 378 381 383
379 375 373 370
380 382 384 387
380 377 376 374
381 383 386 385
381 378 379 375
382 384 387 388
382 380 377 376
383 386 385 389
383 381 378 379
384 387 388 390
384 382 380 377
385 389 391 394
385 386 383 381
386 385 389 391
386 383 381 378
387 388 390 392
387 384 382 380
388 390 392 395
388 387 384 382
389 391 394 393
389 385 386 383
390 392 395 397
390 388 387 384
391 394 393 396
391 389 385 386
392 395 397 399
392 390 388 387
393 396 398 400
393 394 391 389
394 393 396 398
394 391 389 385
395 397 399 401
395 392 390 388
396 398 400 402
396 393 394 391
397 399 401 403
397 395 392 390
398 400 402 404
398 396 393 394
399 401 403 405
399 397 395 392
400 402 404 406
400 398 396 393
401 403 405 407
401 399 397 395
402 404 406 408
402 400 398 396
403 405 407 409
403 401 399 397
404 406 408 410
404 402 400 398
405 407 409 411
405 403 401 399
406 408 410 412
406 404 402 400
407 409 411 413
407 405 403 401
408 410 412 414
408 406 404 402
409 411 413 415
409 407 405 403
410 412 414 416
410 408 406 404
411 413 415 417
411 409 407 405
412 414 416 418
412 410 408 406
413 415 417 419
413 411 409 407
414 416 418 420
414 412 410 408
415 417 419 421
415 413 411 409
416 418 420 423
416 414 412 410
417 419 421 424
417 415 413 411
418 420 423 422
418 416 414 412
419 421 424 426
419 417 415 413
420 423 422 425
420 418 416 414
421 424 426 428
421 419 417 415
422 425 427 429
422 423 420 418
423 422 425 427
423 420 418 416
424 426 428 430
424 421 419 417
425 427 429 431
425 422 423 420
426 428 430 432
426 424 421 419
427 429 431 433
427 425 422 423
428 430 432 434
428 426 424 421
429 431 433 435
429 427 425 422
430 432 434 436
430 428 426 424
431 433 435 437
431 429 427 425
432 434 436 438
432 430 428 426
433 435 437 440
433 431 429 427
434 436 438 441
434 432 430 428
435 437 440 439
435 433 431 429
436 438 441 443
436 434 432 430
437 440 439 442
437 435 433 431
438 441 443 445
438 436 434 432
439 442 444 446
439 440 437 435
440 439 442 444
440 437 435 433
441 443 445 447
441 438 436 434
442 444 446 448
442 439 440 437
443 445 447 449
443 441 438 436
444 446 448 450
444 442 439 440
445 447 449 451
445 443 441 438
446 448 450 452
446 444 442 439
447 449 451 453
447 445 443 441
448 450 452 454
448 446 444 442
449 451 453 455
449 447 445 443
450 452 454 456
450 448 446 444
451 453 455 457
451 449 447 445
452 454 456 458
452 450 448 446
453 455 457 459
453 451 449 447
454 456 458 460
454 452 450 448
455 457 459 461
455 453 451 449
456 458 460 462
456 454 452 450
457 459 461 463
457 455 453 451
458 460 462 464
458 456 454 452
459 461 463 465
459 457 455 453
460 462 464 466
460 458 456 454
461 463 465 467
461 459 457 455
462 464 466 468
462 460 458 456
463 465 467 469
463 461 459 457
464 466 468 470
464 462 460 458
465 467 469 471
465 463 461 459
466 468 470 473
466 464 462 460
467 469 471 472
467 465 463 461
468 470 473 475
468 466 464 462
469 471 472 474
469 467 465 463
470 473 475 477
470 468 466 464
471 472 474 476
471 469 467 465
472 474 476 478
472 471 469 467
473 475 477 479
473 470 468 466
474 476 478 480
474 472 471 469
475 477 479 482
475 473 470 468
476 478 480 481
476 474 472 471
477 479 482 484
477 475 473 470
478 480 481 483
478 476 474 472
479 482 484 486
479 477 475 473
480 481 483 485
480 478 476 474
481 483 485 487
481 480 478 476
482 484 486 488
482 479 477 475
483 485 487 489
483 481 480 478
484 486 488 491
484 482 479 477
485 487 489 492
485 483 481 480
486 488 491 490
486 484 482 479
487 489 492 494
487 485 483 481
488 491 490 493
488 486 484 482
489 492 494 496
489 487 485 483
490 493 495 497
490 491 488 486
491 490 493 495
491 488 486 484
492 494 496 498
492 489 487 485
493 495 497 499
493 490 491 488
494 496 498 500
494 492 489 487
495 497 499 502
495 493 490 491
496 498 500 503
496 494 492 489
497 499 502 501
497 495 493 490
498 500 503 505
498 496 494 492
499 502 501 504
499 497 495 493
500 503 505 507
500 498 496 494
501 504 506 508
501 502 499 497
502 501 504 506
502 499 497 495
503 505 507 509
503 500 498 496
504 506 508 510
504 501 502 499
505 507 509 511
505 503 500 498
506 508 510 512
506 504 501 502
507 509 511 513
507 505 503 500
508 510 512 514
508 506 504 501
509 511 513 515
509 507 505 503
510 512 514 516
510 508 506 504
511 513 515 517
511 509 507 505
512 514 516 518
512 510 508 506
513 515 517 519
513 511 509 507
514 516 518 520
514 512 510 508
515 517 519 521
515 513 511 509
516 518 520 522
516 514 512 510
517 519 521 523
517 515 513 511
518 520 522 524
518 516 514 512
519 521 523 525
519 517 515 513
520 522 524 526
520 518 516 514
521 523 525 527
521 519 517 515
522 524 526 528
522 520 518 516
523 525 527 529
523 521 519 517
524 526 528 530
524 522 520 518
525 527 529 531
525 523 521 519
526 528 530 532
526 524 522 520
527 529 531 533
527 525 523 521
528 530 532 534
528 526 524 522
529 531 533 535
529 527 525 523
530 532 534 536
530 528 526 524
531 533 535 537
531 529 527 525
532 534 536 538
532 530 528 526
533 535 537 539
533 531 529 527
534 536 538 540
534 532 530 528
535 537 539 541
535 533 531 529
536 538 540 542
536 534 532 530
537 539 541 543
537 535 533 531
538 540 542 544
538 536 534 532
539 541 543 545
539 537 535 533
540 542 544 547
540 538 536 534
541 543 545 546
541 539 537 535
542 544 547 549
542 540 538 536
543 545 546 548
543 541 539 537
544 547 549 551
544 542 540 538
545 546 548 550
545 543 541 539
546 548 550 552
546 545 543 541
547 549 551 553
547 544 542 540
548 550 552 554
548 546 545 543
549 551 553 555
549 547 544 542
550 552 554 557
550 548 546 545
551 553 555 558
551 549 547 544
552 554 557 559
552 550 548 546
553 555 558 560
553 551 549 547
554 557 559 561
554 552 550 548
555 558 560 562
555 553 551 549
557 559 561 563
557 554 552 550
558 560 562 564
558 555 553 551
559 561 563 565
559 557 554 552
560 562 564 566
560 558 555 553
561 563 565 567
561 559 557 554
562 564 566 568
562 560 558 555
563 565 567 569
563 561 559 557
564 566 568 570
564 562 560 558
565 567 569 572
565 563 561 559
566 568 570 573
566 564 562 560
567 569 572 575
567 565 563 561
568 570 573 576
568 566 564 562
569 572 575 578
569 567 565 563
570 573 576 579
570 568 566 564
571 574 577 580
572 575 578 581
572 569 567 565
573 576 579 582
573 570 568 566
574 577 580 587
575 578 581 583
575 572 569 567
576 579 582 584
576 573 570 568
577 580 587 -1
577 574 571 -1
578 581 583 585
578 575 572 569
579 582 584 586
579 576 573 570
580 587 594 -1
580 577 574 571
581 583 585 588
581 578 575 572
582 584 586 589
582 579 576 573
583 585 588 590
583 581 578 575
584 586 589 591
584 582 579 576
585 588 590 592
585 583 581 578
586 589 591 593
586 584 582 579
587 594 597 600
587 580 577 574
588 590 592 595
588 585 583 581
589 591 593 596
589 586 584 582
590 592 595 598
590 588 585 583
591 593 596 599
591 589 586 584
592 595 598 601
592 590 588 585
593 596 599 602
593 591 589 586
594 597 600 603
594 587 580 -1
595 598 601 604
595 592 590 588
596 599 602 605
596 593 591 589
597 600 603 606
597 594 587 -1
598 601 604 607
598 595 592 590
599 602 605 608
599 596 593 591
600 603 606 615
600 597 594 587
601 604 607 609
601 598 595 592
602 605 608 610
602 599 596 593
603 606 615 618
603 600 597 594
604 607 609 611
604 601 598 595
605 608 610 612
605 602 599 596
606 615 618 621
606 603 600 597
607 609 611 613
607 604 601 598
608 610 612 614
608 605 602 599
609 611 613 616
609 607 604 601
610 612 614 617
610 608 605 602
611 613 616 619
611 609 607 604
612 614 617 620
612 610 608 605
613 616 619 622
613 611 609 607
614 617 620 623
614 612 610 608
615 618 621 624
615 606 603 600
616 619 622 625
616 613 611 609
617 620 623 626
617 614 612 610
618 621 624 627
618 615 606 603
619 622 625 628
619 616 613 611
620 623 626 629
620 617 614 612
621 624 627 630
621 618 615 606
622 625 628 631
622 619 616 613
623 626 629 632
623 620 617 614
624 627 630 633
624 621 618 615
625 628 631 634
625 622 619 616
626 629 632 635
626 623 620 617
627 630 633 636
627 624 621 618
628 631 634 637
628 625 622 619
629 632 635 638
629 626 623 620
630 633 636 639
630 627 624 621
631 634 637 640
631 628 625 622
632 635 638 641
632 629 626 623
633 636 639 642
633 630 627 624
634 637 640 643
634 631 628 625
635 638 641 644
635 632 629 626
636 639 642 -1
636 633 630 627
637 640 643 645
637 634 631 628
638 641 644 646
638 635 632 629
639 636 633 630
640 643 645 647
640 637 634 631
641 644 646 648
641 638 635 632
642 639 636 633
643 645 647 649
643 640 637 634
644 646 648 650
644 641 638 635
645 647 649 651
645 643 640 637
646 648 650 652
646 644 641 638
647 649 651 653
647 645 643 640
648 650 652 654
648 646 644 641
649 651 653 655
649 647 645 643
650 652 654 656
650 648 646 644
651 653 655 657
651 649 647 645
652 654 656 658
652 650 648 646
653 655 657 659
653 651 649 647
654 656 658 660
654 652 650 648
655 657 659 661
655 653 651 649
656 658 660 662
656 654 652 650
657 659 661 664
657 655 653 651
658 660 662 665
658 656 654 652
659 661 664 667
659 657 655 653
660 662 665 668
660 658 656 654
661 664 667 670
661 659 657 655
662 665 668 671
662 660 658 656
663 666 669 672
664 667 670 673
664 661 659 657
665 668 671 674
665 662 660 658
666 669 672 675
667 670 673 676
667 664 661 659
668 671 674 677
668 665 662 660
669 672 675 678
669 666 663 -1
670 673 676 679
670 667 664 661
671 674 677 680
671 668 665 662
672 675 678 681
672 669 666 663
673 676 679 682
673 670 667 664
674 677 680 683
674 671 668 665
675 678 681 684
675 672 669 666
676 679 682 685
676 673 670 667
677 680 683 686
677 674 671 668
678 681 684 687
678 675 672 669
679 682 685 688
679 676 673 670
680 683 686 689
680 677 674 671
681 684 687 690
681 678 675 672
682 685 688 691
682 679 676 673
683 686 689 692
683 680 677 674
684 687 690 693
684 681 678 675
685 688 691 694
685 682 679 676
686 689 692 695
686 683 680 677
687 690 693 -1
687 684 681 678
688 691 694 696
688 685 682 679
689 692 695 697
689 686 683 680
690 687 684 681
691 694 696 698
691 688 685 682
692 695 697 699
692 689 686 683
693 690 687 684
694 696 698 700
694 691 688 685
695 697 699 701
695 692 689 686
696 698 700 702
696 694 691 688
697 699 701 703
697 695 692 689
698 700 702 704
698 696 694 691
699 701 703 705
699 697 695 692
700 702 704 706
700 698 696 694
701 703 705 707
701 699 697 695
702 704 706 708
702 700 698 696
703 705 707 709
703 701 699 697
704 706 708 710
704 702 700 698
705 707 709 711
705 703 701 699
706 708 710 712
706 704 702 700
707 709 711 713
707 705 703 701
708 710 712 714
708 706 704 702
709 711 713 715
709 707 705 703
710 712 714 716
710 708 706 704
711 713 715 717
711 709 707 705
712 714 716 718
712 710 708 706
713 715 717 719
713 711 709 707
714 716 718 720
714 712 710 708
715 717 719 721
715 713 711 709
716 718 720 723
716 714 712 710
717 719 721 724
717 715 713 711
718 720 723 726
718 716 714 712
719 721 724 727
719 717 715 713
720 723 726 729
720 718 716 714
721 724 727 730
721 719 717 715
722 725 728 731
723 726 729 732
723 720 718 716
724 727 730 733
724 721 719 717
725 728 731 734
726 729 732 735
726 723 720 718
727 730 733 736
727 724 721 719
728 731 734 737
728 725 722 -1
729 732 735 738
729 726 723 720
730 733 736 739
730 727 724 721
731 734 737 740
731 728 725 722
732 735 738 741
732 729 726 723
733 736 739 742
733 730 727 724
734 737 740 743
734 731 728 725
735 738 741 744
735 732 729 726
736 739 742 745
736 733 730 727
737 740 743 746
737 734 731 728
738 741 744 747
738 735 732 729
739 742 745 748
739 736 733 730
740 743 746 749
740 737 734 731
741 744 747 750
741 738 735 732
742 745 748 751
742 739 736 733
743 746 749 752
743 740 737 734
744 747 750 753
744 741 738 735
745 748 751 754
745 742 739 736
746 749 752 755
746 743 740 737
747 750 753 756
747 744 741 738
748 751 754 757
748 745 742 739
749 752 755 758
749 746 743 740
750 753 756 759
750 747 744 741
751 754 757 760
751 748 745 742
752 755 758 761
752 749 746 743
753 756 759 762
753 750 747 744
754 757 760 763
754 751 748 745
755 758 761 764
755 752 749 746
756 759 762 765
756 753 750 747
757 760 763 766
757 754 751 748
758 761 764 767
758 755 752 749
759 762 765 768
759 756 753 750
760 763 766 769
760 757 754 751
761 764 767 770
761 758 755 752
762 765 768 771
762 759 756 753
763 766 769 772
763 760 757 754
764 767 770 773
764 761 758 755
765 768 771 774
765 762 759 756
766 769 772 775
766 763 760 757
767 770 773 776
767 764 761 758
768 771 774 777
768 765 762 759
769 772 775 778
769 766 763 760
770 773 776 779
770 767 764 761
771 774 777 780
771 768 765 762
772 775 778 781
772 769 766 763
773 776 779 -1
773 770 767 764
774 777 780 782
774 771 768 765
775 778 781 783
775 772 769 766
776 773 770 767
777 780 782 784
777 774 771 768
778 781 783 785
778 775 772 769
779 776 773 770
780 782 784 786
780 777 774 771
781 783 785 787
781 778 775 772
782 784 786 788
782 780 777 774
783 785 787 789
783 781 778 775
784 786 788 790
784 782 780 777
785 787 789 791
785 783 781 778
786 788 790 792
786 784 782 780
787 789 791 793
787 785 783 781
788 790 792 794
788 786 784 782
789 791 793 795
789 787 785 783
790 792 794 796
790 788 786 784
791 793 795 797
791 789 787 785
792 794 796 798
792 790 788 786
793 795 797 799
793 791 789 787
794 796 798 800
794 792 790 788
795 797 799 801
795 793 791 789
796 798 800 802
796 794 792 790
797 799 801 803
797 795 793 791
798 800 802 804
798 796 794 792
799 801 803 805
799 797 795 793
800 802 804 806
800 798 796 794
801 803 805 807
801 799 797 795
802 804 806 808
802 800 798 796
803 805 807 809
803 801 799 797
804 806 808 810
804 802 800 798
805 807 809 811
805 803 801 799
806 808 810 812
806 804 802 800
807 809 811 813
807 805 803 801
808 810 812 814
808 806 804 802
809 811 813 815
809 807 805 803
810 812 814 816
810 808 806 804
811 813 815 817
811 809 807 805
812 814 816 818
812 810 808 806
813 815 817 819
813 811 809 807
814 816 818 820
814 812 810 808
815 817 819 821
815 813 811 809
816 818 820 822
816 814 812 810
817 819 821 823
817 815 813 811
818 820 822 824
818 816 814 812
819 821 823 825
819 817 815 813
820 822 824 826
820 818 816 814
821 823 825 827
821 819 817 815
822 824 826 828
822 820 818 816
823 825 827 829
823 821 819 817
824 826 828 830
824 822 820 818
825 827 829 831
825 823 821 819
826 828 830 832
826 824 822 820
827 829 831 833
827 825 823 821
828 830 832 834
828 826 824 822
829 831 833 835
829 827 825 823
830 832 834 836
830 828 826 824
831 833 835 837
831 829 827 825
832 834 836 838
832 830 828 826
833 835 837 839
833 831 829 827
834 836 838 840
834 832 830 828
835 837 839 841
835 833 831 829
836 838 840 842
836 834 832 830
837 839 841 843
837 835 833 831
838 840 842 844
838 836 834 832
839 841 843 845
839 837 835 833
840 842 844 846
840 838 836 834
841 843 845 847
841 839 837 835
842 844 846 848
842 840 838 836
843 845 847 849
843 841 839 837
844 846 848 851
844 842 840 838
845 847 849 852
845 843 841 839
846 848 851 854
846 844 842 840
847 849 852 855
847 845 843 841
848 851 854 857
848 846 844 842
849 852 855 858
849 847 845 843
850 853 856 859
851 854 857 860
851 848 846 844
852 855 858 861
852 849 847 845
853 856 859 862
854 857 860 863
854 851 848 846
855 858 861 864
855 852 849 847
856 859 862 865
856 853 850 -1
857 860 863 866
857 854 851 848
858 861 864 867
858 855 852 849
859 862 865 868
859 856 853 850
860 863 866 869
860 857 854 851
861 864 867 870
861 858 855 852
862 865 868 872
862 859 856 853
863 866 869 873
863 860 857 854
864 867 870 871
864 861 858 855
865 868 872 875
865 862 859 856
866 869 873 876
866 863 860 857
867 870 871 874
867 864 861 858
868 872 875 878
868 865 862 859
869 873 876 879
869 866 863 860
870 871 874 877
870 867 864 861
871 874 877 880
871 870 867 864
872 875 878 881
872 868 865 862
873 876 879 882
873 869 866 863
874 877 880 883
874 871 870 867
875 878 881 884
875 872 868 865
876 879 882 885
876 873 869 866
877 880 883 886
877 874 871 870
878 881 884 887
878 875 872 868
879 882 885 888
879 876 873 869
880 883 886 889
880 877 874 871
881 884 887 890
881 878 875 872
882 885 888 891
882 879 876 873
883 886 889 892
883 880 877 874
884 887 890 -1
884 881 878 875
885 888 891 893
885 882 879 876
886 889 892 894
886 883 880 877
887 884 881 878
888 891 893 895
888 885 882 879
889 892 894 896
889 886 883 880
890 887 884 881
891 893 895 897
891 888 885 882
892 894 896 898
892 889 886 883
893 895 897 899
893 891 888 885
894 896 898 900
894 892 889 886
895 897 899 901
895 893 891 888
896 898 900 902
896 894 892 889
897 899 901 903
897 895 893 891
898 900 902 904
898 896 894 892
899 901 903 905
899 897 895 893
900 902 904 906
900 898 896 894
901 903 905 907
901 899 897 895
902 904 906 908
902 900 898 896
903 905 907 909
903 901 899 897
904 906 908 910
904 902 900 898
905 907 909 911
905 903 901 899
906 908 910 912
906 904 902 900
907 909 911 913
907 905 903 901
908 910 912 914
908 906 904 902
909 911 913 915
909 907 905 903
910 912 914 916
910 908 906 904
911 913 915 917
911 909 907 905
912 914 916 918
912 910 908 906
913 915 917 919
913 911 909 907
914 916 918 920
914 912 910 908
915 917 919 921
915 913 911 909
916 918 920 922
916 914 912 910
917 919 921 923
917 915 913 911
918 920 922 924
918 916 914 912
919 921 923 925
919 917 915 913
920 922 924 926
920 918 916 914
921 923 925 927
921 919 917 915
922 924 926 928
922 920 918 916
923 925 927 929
923 921 919 917
924 926 928 930
924 922 920 918
925 927 929 931
925 923 921 919
926 928 930 932
926 924 922 920
927 929 931 934
927 925 923 921
928 930 932 935
928 926 924 922
929 931 934 937
929 927 925 923
930 932 935 938
930 928 926 924
931 934 937 940
931 929 927 925
932 935 938 941
932 930 928 926
933 936 939 942
934 937 940 943
934 931 929 927
935 938 941 944
935 932 930 928
936 939 942 945
937 940 943 946
937 934 931 929
938 941 944 947
938 935 932 930
939 942 945 -1
939 936 933 -1
940 943 946 948
940 937 934 931
941 944 947 949
941 938 935 932
942 939 936 933
943 946 948 950
943 940 937 934
944 947 949 951
944 941 938 935
945 942 939 936
946 948 950 952
946 943 940 937
947 949 951 953
947 944 941 938
948 950 952 954
948 946 943 940
949 951 953 955
949 947 944 941
950 952 954 956
950 948 946 943
951 953 955 957
951 949 947 944
952 954 956 958
952 950 948 946
953 955 957 959
953 951 949 947
954 956 958 960
954 952 950 948
955 957 959 961
955 953 951 949
956 958 960 962
956 954 952 950
957 959 961 963
957 955 953 951
958 960 962 964
958 956 954 952
959 961 963 965
959 957 955 953
960 962 964 966
960 958 956 954
961 963 965 967
961 959 957 955
962 964 966 968
962 960 958 956
963 965 967 969
963 961 959 957
964 966 968 970
964 962 960 958
965 967 969 971
965 963 961 959
966 968 970 972
966 964 962 960
967 969 971 973
967 965 963 961
968 970 972 974
968 966 964 962
969 971 973 975
969 967 965 963
970 972 974 976
970 968 966 964
971 973 975 977
971 969 967 965
972 974 976 978
972 970 968 966
973 975 977 979
973 971 969 967
974 976 978 980
974 972 970 968
975 977 979 981
975 973 971 969
976 978 980 982
976 974 972 970
977 979 981 983
977 975 973 971
978 980 982 984
978 976 974 972
979 981 983 985
979 977 975 973
980 982 984 986
980 978 976 974
981 983 985 987
981 979 977 975
982 984 986 988
982 980 978 976
983 985 987 989
983 981 979 977
984 986 988 990
984 982 980 978
985 987 989 991
985 983 981 979
986 988 990 992
986 984 982 980
987 989 991 993
987 985 983 981
988 990 992 994
988 986 984 982
989 991 993 995
989 987 985 983
990 992 994 996
990 988 986 984
991 993 995 997
991 989 987 985
992 994 996 998
992 990 988 986
993 995 997 999
993 991 989 987
994 996 998 1000
994 992 990 988
995 997 999 1001
995 993 991 989
996 998 1000 1003
996 994 992 990
997 999 1001 1002
997 995 993 991
998 1000 1003 1005
998 996 994 992
999 1001 1002 1004
999 997 995 993
1000 1003 1005 1007
1000 998 996 994
1001 1002 1004 1006
1001 999 997 995
1002 1004 1006 1008
1002 1001 999 997
1003 1005 1007 1009
1003 1000 998 996
1004 1006 1008 1010
1004 1002 1001 999
1005 1007 1009 1011
1005 1003 1000 998
1006 1008 1010 1012
1006 1004 1002 1001
1007 1009 1011 1013
1007 1005 1003 1000
1008 1010 1012 1014
1008 1006 1004 1002
1009 1011 1013 1015
1009 1007 1005 1003
1010 1012 1014 1016
1010 1008 1006 1004
1011 1013 1015 1017
1011 1009 1007 1005
1012 1014 1016 1018
1012 1010 1008 1006
1013 1015 1017 1019
1013 1011 1009 1007
1014 1016 1018 1020
1014 1012 1010 1008
1015 1017 1019 1021
1015 1013 1011 1009
1016 1018 1020 1022
1016 1014 1012 1010
1017 1019 1021 1023
1017 1015 1013 1011
1018 1020 1022 1024
1018 1016 1014 1012
1019 1021 1023 1025
1019 1017 1015 1013
1020 1022 1024 1026
1020 1018 1016 1014
1021 1023 1025 1027
1021 1019 1017 1015
1022 1024 1026 1028
1022 1020 1018 1016
1023 1025 1027 1029
1023 1021 1019 1017
1024 1026 1028 1030
1024 1022 1020 1018
1025 1027 1029 1031
1025 1023 1021 1019
1026 1028 1030 1032
1026 1024 1022 1020
1027 1029 1031 1033
1027 1025 1023 1021
1028 1030 1032 1034
1028 1026 1024 1022
1029 1031 1033 1035
1029 1027 1025 1023
1030 1032 1034 1036
1030 1028 1026 1024
1031 1033 1035 1037
1031 1029 1027 1025
1032 1034 1036 1038
1032 1030 1028 1026
1033 1035 1037 1039
1033 1031 1029 1027
1034 1036 1038 1040
1034 1032 1030 1028
1035 1037 1039 1041
1035 1033 1031 1029
1036 1038 1040 1042
1036 1034 1032 1030
1037 1039 1041 1043
1037 1035 1033 1031
1038 1040 1042 1044
1038 1036 1034 1032
1039 1041 1043 1045
1039 1037 1035 1033
1040 1042 1044 1046
1040 1038 1036 1034
1041 1043 1045 1047
1041 1039 1037 1035
1042 1044 1046 1048
1042 1040 1038 1036
1043 1045 1047 1049
1043 1041 1039 1037
1044 1046 1048 1050
1044 1042 1040 1038
1045 1047 1049 1051
1045 1043 1041 1039
1046 1048 1050 1052
1046 1044 1042 1040
1047 1049 1051 1053
1047 1045 1043 1041
1048 1050 1052 1054
1048 1046 1044 1042
1049 1051 1053 1055
1049 1047 1045 1043
1050 1052 1054 1056
1050 1048 1046 1044
1051 1053 1055 1057
1051 1049 1047 1045
1052 1054 1056 1058
1052 1050 1048 1046
1053 1055 1057 1059
1053 1051 1049 1047
1054 1056 1058 1060
1054 1052 1050 1048
1055 1057 1059 1061
1055 1053 1051 1049
1056 1058 1060 1062
1056 1054 1052 1050
1057 1059 1061 1063
1057 1055 1053 1051
1058 1060 1062 1064
1058 1056 1054 1052
1059 1061 1063 1066
1059 1057 1055 1053
1060 1062 1064 1065
1060 1058 1056 1054
1061 1063 1066 1068
1061 1059 1057 1055
1062 1064 1065 1067
1062 1060 1058 1056
1063 1066 1068 1070
1063 1061 1059 1057
1064 1065 1067 1069
1064 1062 1060 1058
1065 1067 1069 1071
1065 1064 1062 1060
1066 1068 1070 1072
1066 1063 1061 1059
1067 1069 1071 1073
1067 1065 1064 1062
1068 1070 1072 1074
1068 1066 1063 1061
1069 1071 1073 1075
1069 1067 1065 1064
1070 1072 1074 1076
1070 1068 1066 1063
1071 1073 1075 1077
1071 1069 1067 1065
1072 1074 1076 1078
1072 1070 1068 1066
1073 1075 1077 1079
1073 1071 1069 1067
1074 1076 1078 1080
1074 1072 1070 1068
1075 1077 1079 1081
1075 1073 1071 1069
1076 1078 1080 1082
1076 1074 1072 1070
1077 1079 1081 1083
1077 1075 1073 1071
1078 1080 1082 1084
1078 1076 1074 1072
1079 1081 1083 1085
1079 1077 1075 1073
1080 1082 1084 1086
1080 1078 1076 1074
1081 1083 1085 1087
1081 1079 1077 1075
1082 1084 1086 1088
1082 1080 1078 1076
1083 1085 1087 1089
1083 1081 1079 1077
1084 1086 1088 1091
1084 1082 1080 1078
1085 1087 1089 1090
1085 1083 1081 1079
1086 1088 1091 1093
1086 1084 1082 1080
1087 1089 1090 1092
1087 1085 1083 1081
1088 1091 1093 1095
1088 1086 1084 1082
1089 1090 1092 1094
1089 1087 1085 1083
1090 1092 1094 1096
1090 1089 1087 1085
1091 1093 1095 1097
1091 1088 1086 1084
1092 1094 1096 1098
1092 1090 1089 1087
1093 1095 1097 1099
1093 1091 1088 1086
1094 1096 1098 1100
1094 1092 1090 1089
1095 1097 1099 1102
1095 1093 1091 1088
1096 1098 1100 1101
1096 1094 1092 1090
1097 1099 1102 1104
1097 1095 1093 1091
1098 1100 1101 1103
1098 1096 1094 1092
1099 1102 1104 1106
1099 1097 1095 1093
1100 1101 1103 1105
1100 1098 1096 1094
1101 1103 1105 1107
1101 1100 1098 1096
1102 1104 1106 1108
1102 1099 1097 1095
1103 1105 1107 1109
1103 1101 1100 1098
1104 1106 1108 1110
1104 1102 1099 1097
1105 1107 1109 1111
1105 1103 1101 1100
1106 1108 1110 1112
1106 1104 1102 1099
1107 1109 1111 1113
1107 1105 1103 1101
1108 1110 1112 1114
1108 1106 1104 1102
1109 1111 1113 1115
1109 1107 1105 1103
1110 1112 1114 1116
1110 1108 1106 1104
1111 1113 1115 1117
1111 1109 1107 1105
1112 1114 1116 1118
1112 1110 1108 1106
1113 1115 1117 1119
1113 1111 1109 1107
1114 1116 1118 1120
1114 1112 1110 1108
1115 1117 1119 1121
1115 1113 1111 1109
1116 1118 1120 1122
1116 1114 1112 1110
1117 1119 1121 1123
1117 1115 1113 1111
1118 1120 1122 1124
1118 1116 1114 1112
1119 1121 1123 1125
1119 1117 1115 1113
1120 1122 1124 1126
1120 1118 1116 1114
1121 1123 1125 1127
1121 1119 1117 1115
1122 1124 1126 1128
1122 1120 1118 1116
1123 1125 1127 1129
1123 1121 1119 1117
1124 1126 1128 1130
1124 1122 1120 1118
1125 1127 1129 1131
1125 1123 1121 1119
1126 1128 1130 1132
1126 1124 1122 1120
1127 1129 1131 1133
1127 1125 1123 1121
1128 1130 1132 1134
1128 1126 1124 1122
1129 1131 1133 1135
1129 1127 1125 1123
1130 1132 1134 1136
1130 1128 1126 1124
1131 1133 1135 1137
1131 1129 1127 1125
1132 1134 1136 1138
1132 1130 1128 1126
1133 1135 1137 1139
1133 1131 1129 1127
1134 1136 1138 1140
1134 1132 1130 1128
1135 1137 1139 1141
1135 1133 1131 1129
1136 1138 1140 1142
1136 1134 1132 1130
1137 1139 1141 1143
1137 1135 1133 1131
1138 1140 1142 1144
1138 1136 1134 1132
1139 1141 1143 1145
1139 1137 1135 1133
1140 1142 1144 1146
1140 1138 1136 1134
1141 1143 1145 1147
1141 1139 1137 1135
1142 1144 1146 1148
1142 1140 1138 1136
1143 1145 1147 1149
1143 1141 1139 1137
1144 1146 1148 1151
1144 1142 1140 1138
1145 1147 1149 1150
1145 1143 1141 1139
1146 1148 1151 1153
1146 1144 1142 1140
1147 1149 1150 1152
1147 1145 1143 1141
1148 1151 1153 1155
1148 1146 1144 1142
1149 1150 1152 1154
1149 1147 1145 1143
1150 1152 1154 1156
1150 1149 1147 1145
1151 1153 1155 1157
1151 1148 1146 1144
1152 1154 1156 1158
1152 1150 1149 1147
1153 1155 1157 1160
1153 1151 1148 1146
1154 1156 1158 1159
1154 1152 1150 1149
1155 1157 1160 1162
1155 1153 1151 1148
1156 1158 1159 1161
1156 1154 1152 1150
1157 1160 1162 1164
1157 1155 1153 1151
1158 1159 1161 1163
1158 1156 1154 1152
1159 1161 1163 1165
1159 1158 1156 1154
1160 1162 1164 1166
1160 1157 1155 1153
1161 1163 1165 1167
1161 1159 1158 1156
1162 1164 1166 1168
1162 1160 1157 1155
1163 1165 1167 1169
1163 1161 1159 1158
1164 1166 1168 1171
1164 1162 1160 1157
1165 1167 1169 1172
1165 1163 1161 1159
1166 1168 1171 1170
1166 1164 1162 1160
1167 1169 1172 1174
1167 1165 1163 1161
1168 1171 1170 1173
1168 1166 1164 1162
1169 1172 1174 1177
1169 1167 1165 1163
1170 1173 1176 1175
1170 1171 1168 1166
1171 1170 1173 1176
1171 1168 1166 1164
1172 1174 1177 1178
1172 1169 1167 1165
1173 1176 1175 1179
1173 1170 1171 1168
1174 1177 1178 1180
1174 1172 1169 1167
1175 1179 1181 1183
1175 1176 1173 1170
1176 1175 1179 1181
1176 1173 1170 1171
1177 1178 1180 1182
1177 1174 1172 1169
1178 1180 1182 1184
1178 1177 1174 1172
1179 1181 1183 1185
1179 1175 1176 1173
1180 1182 1184 1186
1180 1178 1177 1174
1181 1183 1185 1188
1181 1179 1175 1176
1182 1184 1186 1189
1182 1180 1178 1177
1183 1185 1188 1187
1183 1181 1179 1175
1184 1186 1189 1191
1184 1182 1180 1178
1185 1188 1187 1190
1185 1183 1181 1179
1186 1189 1191 1193
1186 1184 1182 1180
1187 1190 1192 1195
1187 1188 1185 1183
1188 1187 1190 1192
1188 1185 1183 1181
1189 1191 1193 1194
1189 1186 1184 1182
1190 1192 1195 1197
1190 1187 1188 1185
1191 1193 1194 1196
1191 1189 1186 1184
1192 1195 1197 1199
1192 1190 1187 1188
1193 1194 1196 1198
1193 1191 1189 1186
1194 1196 1198 1200
1194 1193 1191 1189
1195 1197 1199 1201
1195 1192 1190 1187
1196 1198 1200 1202
1196 1194 1193 1191
1197 1199 1201 1204
1197 1195 1192 1190
1198 1200 1202 1205
1198 1196 1194 1193
1199 1201 1204 1203
1199 1197 1195 1192
1200 1202 1205 1207
1200 1198 1196 1194
1201 1204 1203 1206
1201 1199 1197 1195
1202 1205 1207 1209
1202 1200 1198 1196
1203 1206 1208 1210
1203 1204 1201 1199
1204 1203 1206 1208
1204 1201 1199 1197
1205 1207 1209 1211
1205 1202 1200 1198
1206 1208 1210 1212
1206 1203 1204 1201
1207 1209 1211 1213
1207 1205 1202 1200
1208 1210 1212 1215
1208 1206 1203 1204
1209 1211 1213 1216
1209 1207 1205 1202
1210 1212 1215 1214
1210 1208 1206 1203
1211 1213 1216 1218
1211 1209 1207 1205
1212 1215 1214 1217
1212 1210 1208 1206
1213 1216 1218 1220
1213 1211 1209 1207
1214 1217 1219 1221
1214 1215 1212 1210
1215 1214 1217 1219
1215 1212 1210 1208
1216 1218 1220 1222
1216 1213 1211 1209
1217 1219 1221 1223
1217 1214 1215 1212
1218 1220 1222 1224
1218 1216 1213 1211
1219 1221 1223 1225
1219 1217 1214 1215
1220 1222 1224 1226
1220 1218 1216 1213
1221 1223 1225 1228
1221 1219 1217 1214
1222 1224 1226 1227
1222 1220 1218 1216
1223 1225 1228 1231
1223 1221 1219 1217
1224 1226 1227 1229
1224 1222 1220 1218
1225 1228 1231 1230
1225 1223 1221 1219
1226 1227 1229 1232
1226 1224 1222 1220
1227 1229 1232 1234
1227 1226 1224 1222
1228 1231 1230 1233
1228 1225 1223 1221
1229 1232 1234 1236
1229 1227 1226 1224
1230 1233 1235 1237
1230 1231 1228 1225
1231 1230 1233 1235
1231 1228 1225 1223
1232 1234 1236 1238
1232 1229 1227 1226
1233 1235 1237 1239
1233 1230 1231 1228
1234 1236 1238 1240
1234 1232 1229 1227
1235 1237 1239 1242
1235 1233 1230 1231
1236 1238 1240 1243
1236 1234 1232 1229
1237 1239 1242 1241
1237 1235 1233 1230
1238 1240 1243 1245
1238 1236 1234 1232
1239 1242 1241 1244
1239 1237 1235 1233
1240 1243 1245 1248
1240 1238 1236 1234
1241 1244 1247 1246
1241 1242 1239 1237
1242 1241 1244 1247
1242 1239 1237 1235
1243 1245 1248 1250
1243 1240 1238 1236
1244 1247 1246 1249
1244 1241 1242 1239
1245 1248 1250 1251
1245 1243 1240 1238
1246 1249 1252 1254
1246 1247 1244 1241
1247 1246 1249 1252
1247 1244 1241 1242
1248 1250 1251 1253
1248 1245 1243 1240
1249 1252 1254 1256
1249 1246 1247 1244
1250 1251 1253 1255
1250 1248 1245 1243
1251 1253 1255 1257
1251 1250 1248 1245
1252 1254 1256 1259
1252 1249 1246 1247
1253 1255 1257 1260
1253 1251 1250 1248
1254 1256 1259 1258
1254 1252 1249 1246
1255 1257 1260 1262
1255 1253 1251 1250
1256 1259 1258 1261
1256 1254 1252 1249
1257 1260 1262 1263
1257 1255 1253 1251
1258 1261 1264 1266
1258 1259 1256 1254
1259 1258 1261 1264
1259 1256 1254 1252
1260 1262 1263 1265
1260 1257 1255 1253
1261 1264 1266 1269
1261 1258 1259 1256
1262 1263 1265 1267
1262 1260 1257 1255
1263 1265 1267 1268
1263 1262 1260 1257
1264 1266 1269 1271
1264 1261 1258 1259
1265 1267 1268 1270
1265 1263 1262 1260
1266 1269 1271 1274
1266 1264 1261 1258
1267 1268 1270 1272
1267 1265 1263 1262
1268 1270 1272 1273
1268 1267 1265 1263
1269 1271 1274 1277
1269 1266 1264 1261
1270 1272 1273 1275
1270 1268 1267 1265
1271 1274 1277 1276
1271 1269 1266 1264
1272 1273 1275 1278
1272 1270 1268 1267
1273 1275 1278 1279
1273 1272 1270 1268
1274 1277 1276 1280
1274 1271 1269 1266
1275 1278 1279 1281
1275 1273 1272 1270
1276 1280 1282 1285
1276 1277 1274 1271
1277 1276 1280 1282
1277 1274 1271 1269
1278 1279 1281 1283
1278 1275 1273 1272
1279 1281 1283 1284
1279 1278 1275 1273
1280 1282 1285 1287
1280 1276 1277 1274
1281 1283 1284 1286
1281 1279 1278 1275
1282 1285 1287 1291
1282 1280 1276 1277
1283 1284 1286 1288
1283 1281 1279 1278
1284 1286 1288 1289
1284 1283 1281 1279
1285 1287 1291 1290
1285 1282 1280 1276
1286 1288 1289 1292
1286 1284 1283 1281
1287 1291 1290 1293
1287 1285 1282 1280
1288 1289 1292 1294
1288 1286 1284 1283
1289 1292 1294 1295
1289 1288 1286 1284
1290 1293 1297 1296
1290 1291 1287 1285
1291 1290 1293 1297
1291 1287 1285 1282
1292 1294 1295 1298
1292 1289 1288 1286
1293 1297 1296 1299
1293 1290 1291 1287
1294 1295 1298 1300
1294 1292 1289 1288
1295 1298 1300 1302
1295 1294 1292 1289
1296 1299 1301 1304
1296 1297 1293 1290
1297 1296 1299 1301
1297 1293 1290 1291
1298 1300 1302 1303
1298 1295 1294 1292
1299 1301 1304 1306
1299 1296 1297 1293
1300 1302 1303 1305
1300 1298 1295 1294
1301 1304 1306 1309
1301 1299 1296 1297
1302 1303 1305 1307
1302 1300 1298 1295
1303 1305 1307 1310
1303 1302 1300 1298
1304 1306 1309 1308
1304 1301 1299 1296
1305 1307 1310 1311
1305 1303 1302 1300
1306 1309 1308 1312
1306 1304 1301 1299
1307 1310 1311 1313
1307 1305 1303 1302
1308 1312 1314 1316
1308 1309 1306 1304
1309 1308 1312 1314
1309 1306 1304 1301
1310 1311 1313 1315
1310 1307 1305 1303
1311 1313 1315 1317
1311 1310 1307 1305
1312 1314 1316 1319
1312 1308 1309 1306
1313 1315 1317 1318
1313 1311 1310 1307
1314 1316 1319 1323
1314 1312 1308 1309
1315 1317 1318 1320
1315 1313 1311 1310
1316 1319 1323 1322
1316 1314 1312 1308
1317 1318 1320 1321
1317 1315 1313 1311
1318 1320 1321 1324
1318 1317 1315 1313
1319 1323 1322 1326
1319 1316 1314 1312
1320 1321 1324 1325
1320 1318 1317 1315
1321 1324 1325 1327
1321 1320 1318 1317
1322 1326 1329 1328
1322 1323 1319 1316
1323 1322 1326 1329
1323 1319 1316 1314
1324 1325 1327 1330
1324 1321 1320 1318
1325 1327 1330 1331
1325 1324 1321 1320
1326 1329 1328 1332
1326 1322 1323 1319
1327 1330 1331 1333
1327 1325 1324 1321
1328 1332 1335 1338
1328 1329 1326 1322
1329 1328 1332 1335
1329 1326 1322 1323
1330 1331 1333 1334
1330 1327 1325 1324
1331 1333 1334 1336
1331 1330 1327 1325
1332 1335 1338 1341
1332 1328 1329 1326
1333 1334 1336 1337
1333 1331 1330 1327
1334 1336 1337 1339
1334 1333 1331 1330
1335 1338 1341 1345
1335 1332 1328 1329
1336 1337 1339 1340
1336 1334 1333 1331
1337 1339 1340 1342
1337 1336 1334 1333
1338 1341 1345 1344
1338 1335 1332 1328
1339 1340 1342 1343
1339 1337 1336 1334
1340 1342 1343 1346
1340 1339 1337 1336
1341 1345 1344 1348
1341 1338 1335 1332
1342 1343 1346 1347
1342 1340 1339 1337
1343 1346 1347 1349
1343 1342 1340 1339
1344 1348 1350 1353
1344 1345 1341 1338
1345 1344 1348 1350
1345 1341 1338 1335
1346 1347 1349 1351
1346 1343 1342 1340
1347 1349 1351 1352
1347 1346 1343 1342
1348 1350 1353 1356
1348 1344 1345 1341
1349 1351 1352 1354
1349 1347 1346 1343
1350 1353 1356 1359
1350 1348 1344 1345
1351 1352 1354 1355
1351 1349 1347 1346
1352 1354 1355 1357
1352 1351 1349 1347
1353 1356 1359 1362
1353 1350 1348 1344
1354 1355 1357 1358
1354 1352 1351 1349
1355 1357 1358 1360
1355 1354 1352 1351
1356 1359 1362 1366
1356 1353 1350 1348
1357 1358 1360 1361
1357 1355 1354 1352
1358 1360 1361 1363
1358 1357 1355 1354
1359 1362 1366 1365
1359 1356 1353 1350
1360 1361 1363 1364
1360 1358 1357 1355
1361 1363 1364 1367
1361 1360 1358 1357
1362 1366 1365 1369
1362 1359 1356 1353
1363 1364 1367 1368
1363 1361 1360 1358
1364 1367 1368 1370
1364 1363 1361 1360
1365 1369 1372 1375
1365 1366 1362 1359
1366 1365 1369 1372
1366 1362 1359 1356
1367 1368 1370 1371
1367 1364 1363 1361
1368 1370 1371 1373
1368 1367 1364 1363
1369 1372 1375 1377
1369 1365 1366 1362
1370 1371 1373 1374
1370 1368 1367 1364
1371 1373 1374 1376
1371 1370 1368 1367
1372 1375 1377 1381
1372 1369 1365 1366
1373 1374 1376 1378
1373 1371 1370 1368
1374 1376 1378 1379
1374 1373 1371 1370
1375 1377 1381 1380
1375 1372 1369 1365
1376 1378 1379 1382
1376 1374 1373 1371
1377 1381 1380 1384
1377 1375 1372 1369
1378 1379 1382 1383
1378 1376 1374 1373
1379 1382 1383 1385
1379 1378 1376 1374
1380 1384 1388 1387
1380 1381 1377 1375
1381 1380 1384 1388
1381 1377 1375 1372
1382 1383 1385 1386
1382 1379 1378 1376
1383 1385 1386 1389
1383 1382 1379 1378
1384 1388 1387 1391
1384 1380 1381 1377
1385 1386 1389 1390
1385 1383 1382 1379
1386 1389 1390 1392
1386 1385 1383 1382
1387 1391 1394 1397
1387 1388 1384 1380
1388 1387 1391 1394
1388 1384 1380 1381
1389 1390 1392 1393
1389 1386 1385 1383
1390 1392 1393 1395
1390 1389 1386 1385
1391 1394 1397 1400
1391 1387 1388 1384
1392 1393 1395 1396
1392 1390 1389 1386
1393 1395 1396 1398
1393 1392 1390 1389
1394 1397 1400 1404
1394 1391 1387 1388
1395 1396 1398 1399
1395 1393 1392 1390
1396 1398 1399 1401
1396 1395 1393 1392
1397 1400 1404 1403
1397 1394 1391 1387
1398 1399 1401 1402
1398 1396 1395 1393
1399 1401 1402 1405
1399 1398 1396 1395
1400 1404 1403 1407
1400 1397 1394 1391
1401 1402 1405 1406
1401 1399 1398 1396
1402 1405 1406 1408
1402 1401 1399 1398
1403 1407 1410 1413
1403 1404 1400 1397
1404 1403 1407 1410
1404 1400 1397 1394
1405 1406 1408 1409
1405 1402 1401 1399
1406 1408 1409 1411
1406 1405 1402 1401
1407 1410 1413 1417
1407 1403 1404 1400
1408 1409 1411 1412
1408 1406 1405 1402
1409 1411 1412 1414
1409 1408 1406 1405
1410 1413 1417 1421
1410 1407 1403 1404
1411 1412 1414 1415
1411 1409 1408 1406
1412 1414 1415 1416
1412 1411 1409 1408
1413 1417 1421 1420
1413 1410 1407 1403
1414 1415 1416 1418
1414 1412 1411 1409
1415 1416 1418 1419
1415 1414 1412 1411
1416 1418 1419 1422
1416 1415 1414 1412
1417 1421 1420 1424
1417 1413 1410 1407
1418 1419 1422 1423
1418 1416 1415 1414
1419 1422 1423 1425
1419 1418 1416 1415
1420 1424 1428 1427
1420 1421 1417 1413
1421 1420 1424 1428
1421 1417 1413 1410
1422 1423 1425 1426
1422 1419 1418 1416
1423 1425 1426 1429
1423 1422 1419 1418
1424 1428 1427 1431
1424 1420 1421 1417
1425 1426 1429 1430
1425 1423 1422 1419
1426 1429 1430 1432
1426 1425 1423 1422
1427 1431 1434 1437
1427 1428 1424 1420
1428 1427 1431 1434
1428 1424 1420 1421
1429 1430 1432 1433
1429 1426 1425 1423
1430 1432 1433 1435
1430 1429 1426 1425
1431 1434 1437 1440
1431 1427 1428 1424
1432 1433 1435 1436
1432 1430 1429 1426
1433 1435 1436 1438
1433 1432 1430 1429
1434 1437 1440 1444
1434 1431 1427 1428
1435 1436 1438 1439
1435 1433 1432 1430
1436 1438 1439 1441
1436 1435 1433 1432
1437 1440 1444 1443
1437 1434 1431 1427
1438 1439 1441 1442
1438 1436 1435 1433
1439 1441 1442 1445
1439 1438 1436 1435
1440 1444 1443 1447
1440 1437 1434 1431
1441 1442 1445 1446
1441 1439 1438 1436
1442 1445 1446 1448
1442 1441 1439 1438
1443 1447 1450 1453
1443 1444 1440 1437
1444 1443 1447 1450
1444 1440 1437 1434
1445 1446 1448 1449
1445 1442 1441 1439
1446 1448 1449 1451
1446 1445 1442 1441
1447 1450 1453 1456
1447 1443 1444 1440
1448 1449 1451 1452
1448 1446 1445 1442
1449 1451 1452 1454
1449 1448 1446 1445
1450 1453 1456 1459
1450 1447 1443 1444
1451 1452 1454 1455
1451 1449 1448 1446
1452 1454 1455 1457
1452 1451 1449 1448
1453 1456 1459 1462
1453 1450 1447 1443
1454 1455 1457 1458
1454 1452 1451 1449
1455 1457 1458 1460
1455 1454 1452 1451
1456 1459 1462 1467
1456 1453 1450 1447
1457 1458 1460 1461
1457 1455 1454 1452
1458 1460 1461 1463
1458 1457 1455 1454
1459 1462 1467 1466
1459 1456 1453 1450
1460 1461 1463 1464
1460 1458 1457 1455
1461 1463 1464 1465
1461 1460 1458 1457
1462 1467 1466 1470
1462 1459 1456 1453
1463 1464 1465 1468
1463 1461 1460 1458
1464 1465 1468 1469
1464 1463 1461 1460
1465 1468 1469 1471
1465 1464 1463 1461
1466 1470 1473 1476
1466 1467 1462 1459
1467 1466 1470 1473
1467 1462 1459 1456
1468 1469 1471 1472
1468 1465 1464 1463
1469 1471 1472 1474
1469 1468 1465 1464
1470 1473 1476 1479
1470 1466 1467 1462
1471 1472 1474 1475
1471 1469 1468 1465
1472 1474 1475 1477
1472 1471 1469 1468
1473 1476 1479 1483
1473 1470 1466 1467
1474 1475 1477 1478
1474 1472 1471 1469
1475 1477 1478 1480
1475 1474 1472 1471
1476 1479 1483 1482
1476 1473 1470 1466
1477 1478 1480 1481
1477 1475 1474 1472
1478 1480 1481 1484
1478 1477 1475 1474
1479 1483 1482 1486
1479 1476 1473 1470
1480 1481 1484 1485
1480 1478 1477 1475
1481 1484 1485 1487
1481 1480 1478 1477
1482 1486 1489 1492
1482 1483 1479 1476
1483 1482 1486 1489
1483 1479 1476 1473
1484 1485 1487 1488
1484 1481 1480 1478
1485 1487 1488 1490
1485 1484 1481 1480
1486 1489 1492 1518
1486 1482 1483 1479
1487 1488 1490 1491
1487 1485 1484 1481
1488 1490 1491 1493
1488 1487 1485 1484
1489 1492 1518 1546
1489 1486 1482 1483
1490 1491 1493 1494
1490 1488 1487 1485
1491 1493 1494 1495
1491 1490 1488 1487
1492 1518 1546 1545
1492 1489 1486 1482
1493 1494 1495 1496
1493 1491 1490 1488
1494 1495 1496 1497
1494 1493 1491 1490
1495 1496 1497 1498
1495 1494 1493 1491
1496 1497 1498 1499
1496 1495 1494 1493
1497 1498 1499 1500
1497 1496 1495 1494
1498 1499 1500 1501
1498 1497 1496 1495
1499 1500 1501 1502
1499 1498 1497 1496
1500 1501 1502 1503
1500 1499 1498 1497
1501 1502 1503 1504
1501 1500 1499 1498
1502 1503 1504 1505
1502 1501 1500 1499
1503 1504 1505 1506
1503 1502 1501 1500
1504 1505 1506 1507
1504 1503 1502 1501
1505 1506 1507 1508
1505 1504 1503 1502
1506 1507 1508 1509
1506 1505 1504 1503
1507 1508 1509 1510
1507 1506 1505 1504
1508 1509 1510 1511
1508 1507 1506 1505
1509 1510 1511 1512
1509 1508 1507 1506
1510 1511 1512 1513
1510 1509 1508 1507
1511 1512 1513 1514
1511 1510 1509 1508
1512 1513 1514 1515
1512 1511 1510 1509
1513 1514 1515 1516
1513 1512 1511 1510
1514 1515 1516 1517
1514 1513 1512 1511
1515 1516 1517 1519
1515 1514 1513 1512
1516 1517 1519 1520
1516 1515 1514 1513
1517 1519 1520 1521
1517 1516 1515 1514
1518 1546 1545 1583
1518 1492 1489 1486
1519 1520 1521 1522
1519 1517 1516 1515
1520 1521 1522 1523
1520 1519 1517 1516
1521 1522 1523 1524
1521 1520 1519 1517
1522 1523 1524 1525
1522 1521 1520 1519
1523 1524 1525 1526
1523 1522 1521 1520
1524 1525 1526 1527
1524 1523 1522 1521
1525 1526 1527 1528
1525 1524 1523 1522
1526 1527 1528 1529
1526 1525 1524 1523
1527 1528 1529 1530
1527 1526 1525 1524
1528 1529 1530 1531
1528 1527 1526 1525
1529 1530 1531 1532
1529 1528 1527 1526
1530 1531 1532 1533
1530 1529 1528 1527
1531 1532 1533 1534
1531 1530 1529 1528
1532 1533 1534 1535
1532 1531 1530 1529
1533 1534 1535 1536
1533 1532 1531 1530
1534 1535 1536 1537
1534 1533 1532 1531
1535 1536 1537 1538
1535 1534 1533 1532
1536 1537 1538 1539
1536 1535 1534 1533
1537 1538 1539 1540
1537 1536 1535 1534
1538 1539 1540 1541
1538 1537 1536 1535
1539 1540 1541 1542
1539 1538 1537 1536
1540 1541 1542 1543
1540 1539 1538 1537
1541 1542 1543 1544
1541 1540 1539 1538
1542 1543 1544 1547
1542 1541 1540 1539
1543 1544 1547 1548
1543 1542 1541 1540
1544 1547 1548 1549
1544 1543 1542 1541
1545 1583 1582 1611
1545 1546 1518 1492
1546 1545 1583 1582
1546 1518 1492 1489
1547 1548 1549 1550
1547 1544 1543 1542
1548 1549 1550 1551
1548 1547 1544 1543
1549 1550 1551 1552
1549 1548 1547 1544
1550 1551 1552 1553
1550 1549 1548 1547
1551 1552 1553 1554
1551 1550 1549 1548
1552 1553 1554 1555
1552 1551 1550 1549
1553 1554 1555 1556
1553 1552 1551 1550
1554 1555 1556 1557
1554 1553 1552 1551
1555 1556 1557 1558
1555 1554 1553 1552
1556 1557 1558 1559
1556 1555 1554 1553
1557 1558 1559 1560
1557 1556 1555 1554
1558 1559 1560 1561
1558 1557 1556 1555
1559 1560 1561 1562
1559 1558 1557 1556
1560 1561 1562 1563
1560 1559 1558 1557
1561 1562 1563 1564
1561 1560 1559 1558
1562 1563 1564 1565
1562 1561 1560 1559
1563 1564 1565 1566
1563 1562 1561 1560
1564 1565 1566 1567
1564 1563 1562 1561
1565 1566 1567 1568
1565 1564 1563 1562
1566 1567 1568 1569
1566 1565 1564 1563
1567 1568 1569 1570
1567 1566 1565 1564
1568 1569 1570 1571
1568 1567 1566 1565
1569 1570 1571 1572
1569 1568 1567 1566
1570 1571 1572 1573
1570 1569 1568 1567
1571 1572 1573 1574
1571 1570 1569 1568
1572 1573 1574 1575
1572 1571 1570 1569
1573 1574 1575 1576
1573 1572 1571 1570
1574 1575 1576 1577
1574 1573 1572 1571
1575 1576 1577 1578
1575 1574 1573 1572
1576 1577 1578 1579
1576 1575 1574 1573
1577 1578 1579 1580
1577 1576 1575 1574
1578 1579 1580 1581
1578 1577 1576 1575
1579 1580 1581 1584
1579 1578 1577 1576
1580 1581 1584 1585
1580 1579 1578 1577
1581 1584 1585 1586
1581 1580 1579 1578
1582 1611 1610 1609
1582 1583 1545 1546
1583 1582 1611 1610
1583 1545 1546 1518
1584 1585 1586 1587
1584 1581 1580 1579
1585 1586 1587 1588
1585 1584 1581 1580
1586 1587 1588 1589
1586 1585 1584 1581
1587 1588 1589 1590
1587 1586 1585 1584
1588 1589 1590 1591
1588 1587 1586 1585
1589 1590 1591 1592
1589 1588 1587 1586
1590 1591 1592 1593
1590 1589 1588 1587
1591 1592 1593 1594
1591 1590 1589 1588
1592 1593 1594 1595
1592 1591 1590 1589
1593 1594 1595 1596
1593 1592 1591 1590
1594 1595 1596 1597
1594 1593 1592 1591
1595 1596 1597 1598
1595 1594 1593 1592
1596 1597 1598 1599
1596 1595 1594 1593
1597 1598 1599 1600
1597 1596 1595 1594
1598 1599 1600 1601
1598 1597 1596 1595
1599 1600 1601 1602
1599 1598 1597 1596
1600 1601 1602 1603
1600 1599 1598 1597
1601 1602 1603 1604
1601 1600 1599 1598
1602 1603 1604 1605
1602 1601 1600 1599
1603 1604 1605 1606
1603 1602 1601 1600
1604 1605 1606 1607
1604 1603 1602 1601
1605 1606 1607 1608
1605 1604 1603 1602
1606 1607 1608 1612
1606 1605 1604 1603
1607 1608 1612 1613
1607 1606 1605 1604
1608 1612 1613 1614
1608 1607 1606 1605
1609 1621 1620 1619
1609 1610 1611 1582
1610 1609 1621 1620
1610 1611 1582 1583
1611 1610 1609 1621
1611 1582 1583 1545
1612 1613 1614 1615
1612 1608 1607 1606
1613 1614 1615 1616
1613 1612 1608 1607
1614 1615 1616 1617
1614 1613 1612 1608
1615 1616 1617 1618
1615 1614 1613 1612
1616 1617 1618 1619
1616 1615 1614 1613
1617 1618 1619 1620
1617 1616 1615 1614
1618 1619 1620 1621
1618 1617 1616 1615
1619 1618 1617 1616
1619 1620 1621 1609
1620 1619 1618 1617
1620 1621 1609 1610
1621 1620 1619 1618
1621 1609 1610 1611
