0 29 28 27
0 1 2 3
1 0 29 28
1 2 3 4
2 1 0 29
2 3 4 5
3 2 1 0
3 4 5 6
4 3 2 1
4 5 6 7
5 4 3 2
5 6 7 8
6 5 4 3
6 7 8 9
7 6 5 4
7 8 9 10
8 7 6 5
8 9 10 11
9 8 7 6
9 10 11 30
10 11 30 31
10 9 8 7
11 30 31 32
11 10 9 8
12 54 53 52
12 13 14 15
13 12 54 53
13 14 15 16
14 13 12 54
14 15 16 17
15 14 13 12
15 16 17 18
16 15 14 13
16 17 18 19
17 16 15 14
17 18 19 20
18 17 16 15
18 19 20 21
19 18 17 16
19 20 21 22
20 19 18 17
20 21 22 23
21 20 19 18
21 22 23 24
22 21 20 19
22 23 24 25
23 22 21 20
23 24 25 26
24 23 22 21
24 25 26 27
25 24 23 22
25 26 27 28
26 25 24 23
26 27 28 29
27 26 25 24
27 28 29 0
28 27 26 25
28 29 0 1
29 28 27 26
29 0 1 2
30 31 32 55
30 11 10 9
31 32 55 72
31 30 11 10
32 55 72 73
32 31 30 11
33 71 70 69
33 34 35 36
34 33 71 70
34 35 36 37
35 34 33 71
35 36 37 38
36 35 34 33
36 37 38 39
37 36 35 34
37 38 39 40
38 37 36 35
38 39 40 41
39 38 37 36
39 40 41 42
40 39 38 37
40 41 42 43
41 40 39 38
41 42 43 44
42 41 40 39
42 43 44 45
43 42 41 40
43 44 45 46
44 43 42 41
44 45 46 47
45 44 43 42
45 46 47 48
46 45 44 43
46 47 48 49
47 46 45 44
47 48 49 50
48 47 46 45
48 49 50 51
49 48 47 46
49 50 51 52
50 49 48 47
50 51 52 53
51 50 49 48
51 52 53 54
52 51 50 49
52 53 54 12
53 52 51 50
53 54 12 13
54 53 52 51
54 12 13 14
55 72 73 95
55 32 31 30
56 94 93 92
56 57 58 59
57 56 94 93
57 58 59 60
58 57 56 94
58 59 60 61
59 58 57 56
59 60 61 62
60 59 58 57
60 61 62 63
61 60 59 58
61 62 63 64
62 61 60 59
62 63 64 65
63 62 61 60
63 64 65 66
64 63 62 61
64 65 66 67
65 64 63 62
65 66 67 68
66 65 64 63
66 67 68 69
67 66 65 64
67 68 69 70
68 67 66 65
68 69 70 71
69 68 67 66
69 70 71 33
70 69 68 67
70 71 33 34
71 70 69 68
71 33 34 35
72 73 95 102
72 55 32 31
73 95 102 109
73 72 55 32
74 101 100 99
74 75 76 77
75 74 101 100
75 76 77 78
76 75 74 101
76 77 78 79
77 76 75 74
77 78 79 80
78 77 76 75
78 79 80 81
79 78 77 76
79 80 81 82
80 79 78 77
80 81 82 83
81 80 79 78
81 82 83 84
82 81 80 79
82 83 84 85
83 82 81 80
83 84 85 86
84 83 82 81
84 85 86 87
85 84 83 82
85 86 87 88
86 85 84 83
86 87 88 89
87 86 85 84
87 88 89 90
88 87 86 85
88 89 90 91
89 88 87 86
89 90 91 92
90 89 88 87
90 91 92 93
91 90 89 88
91 92 93 94
92 91 90 89
92 93 94 56
93 92 91 90
93 94 56 57
94 93 92 91
94 56 57 58
95 102 109 114
95 73 72 55
96 108 107 106
96 97 98 99
97 96 108 107
97 98 99 100
98 97 96 108
98 99 100 101
99 98 97 96
99 100 101 74
100 99 98 97
100 101 74 75
101 100 99 98
101 74 75 76
102 109 114 123
102 95 73 72
103 113 112 111
103 104 105 106
104 103 113 112
104 105 106 107
105 104 103 113
105 106 107 108
106 105 104 103
106 107 108 96
107 106 105 104
107 108 96 97
108 107 106 105
108 96 97 98
109 114 123 124
109 102 95 73
110 120 119 118
110 111 112 113
111 110 120 119
111 112 113 103
112 111 110 120
112 113 103 104
113 112 111 110
113 103 104 105
114 123 124 133
114 109 102 95
115 129 128 127
115 116 117 118
116 115 129 128
116 117 118 119
117 116 115 129
117 118 119 120
118 117 116 115
118 119 120 110
119 118 117 116
119 120 110 111
120 119 118 117
120 110 111 112
121 132 131 130
122 121 132 131
123 124 133 143
123 114 109 102
124 133 143 151
124 123 114 109
125 138 137 136
125 126 127 128
126 125 138 137
126 127 128 129
127 126 125 138
127 128 129 115
128 127 126 125
128 129 115 116
129 128 127 126
129 115 116 117
130 142 141 140
130 131 132 121
131 130 142 141
131 132 121 122
132 131 130 142
132 121 122 -1
133 143 151 160
133 124 123 114
134 147 146 145
134 135 136 137
135 134 147 146
135 136 137 138
136 135 134 147
136 137 138 125
137 136 135 134
137 138 125 126
138 137 136 135
138 125 126 127
139 150 149 148
139 140 141 142
140 139 150 149
140 141 142 130
141 140 139 150
141 142 130 131
142 141 140 139
142 130 131 132
143 151 160 168
143 133 124 123
144 156 155 154
144 145 146 147
145 144 156 155
145 146 147 134
146 145 144 156
146 147 134 135
147 146 145 144
147 134 135 136
148 159 158 157
148 149 150 139
149 148 159 158
149 150 139 140
150 149 148 159
150 139 140 141
151 160 168 169
151 143 133 124
152 164 163 162
152 153 154 155
153 152 164 163
153 154 155 156
154 153 152 164
154 155 156 144
155 154 153 152
155 156 144 145
156 155 154 153
156 144 145 146
157 167 166 165
157 158 159 148
158 157 167 166
158 159 148 149
159 158 157 167
159 148 149 150
160 168 169 177
160 151 143 133
161 173 172 171
161 162 163 164
162 161 173 172
162 163 164 152
163 162 161 173
163 164 152 153
164 163 162 161
164 152 153 154
165 176 175 174
165 166 167 157
166 165 176 175
166 167 157 158
167 166 165 176
167 157 158 159
168 169 177 185
168 160 151 143
169 177 185 194
169 168 160 151
170 181 180 179
170 171 172 173
171 170 181 180
171 172 173 161
172 171 170 181
172 173 161 162
173 172 171 170
173 161 162 163
174 184 183 182
174 175 176 165
175 174 184 183
175 176 165 166
176 175 174 184
176 165 166 167
177 185 194 202
177 169 168 160
178 190 189 188
178 179 180 181
179 178 190 189
179 180 181 170
180 179 178 190
180 181 170 171
181 180 179 178
181 170 171 172
182 193 192 191
182 183 184 174
183 182 193 192
183 184 174 175
184 183 182 193
184 174 175 176
185 194 202 210
185 177 169 168
186 198 197 196
186 187 188 189
187 186 198 197
187 188 189 190
188 187 186 198
188 189 190 178
189 188 187 186
189 190 178 179
190 189 188 187
190 178 179 180
191 201 200 199
191 192 193 182
192 191 201 200
192 193 182 183
193 192 191 201
193 182 183 184
194 202 210 211
194 185 177 169
195 206 205 204
195 196 197 198
196 195 206 205
196 197 198 186
197 196 195 206
197 198 186 187
198 197 196 195
198 186 187 188
199 209 208 207
199 200 201 191
200 199 209 208
200 201 191 192
201 200 199 209
201 191 192 193
202 210 211 220
202 194 185 177
203 215 214 213
203 204 205 206
204 203 215 214
204 205 206 195
205 204 203 215
205 206 195 196
206 205 204 203
206 195 196 197
207 219 218 217
207 208 209 199
208 207 219 218
208 209 199 200
209 208 207 219
209 199 200 201
210 211 220 229
210 202 194 185
211 220 229 237
211 210 202 194
212 225 224 223
212 213 214 215
213 212 225 224
213 214 215 203
214 213 212 225
214 215 203 204
215 214 213 212
215 203 204 205
216 228 227 226
216 217 218 219
217 216 228 227
217 218 219 207
218 217 216 228
218 219 207 208
219 218 217 216
219 207 208 209
220 229 237 246
220 211 210 202
221 233 232 231
221 222 223 224
222 221 233 232
222 223 224 225
223 222 221 233
223 224 225 212
224 223 222 221
224 225 212 213
225 224 223 222
225 212 213 214
226 236 235 234
226 227 228 216
227 226 236 235
227 228 216 217
228 227 226 236
228 216 217 218
229 237 246 253
229 220 211 210
230 241 240 239
230 231 232 233
231 230 241 240
231 232 233 221
232 231 230 241
232 233 221 222
233 232 231 230
233 221 222 223
234 245 244 243
234 235 236 226
235 234 245 244
235 236 226 227
236 235 234 245
236 226 227 228
237 246 253 254
237 229 220 211
238 249 248 247
238 239 240 241
239 238 249 248
239 240 241 230
240 239 238 249
240 241 230 231
241 240 239 238
241 230 231 232
242 252 251 250
242 243 244 245
243 242 252 251
243 244 245 234
244 243 242 252
244 245 234 235
245 244 243 242
245 234 235 236
246 253 254 262
246 237 229 220
247 258 257 256
247 248 249 238
248 247 258 257
248 249 238 239
249 248 247 258
249 238 239 240
250 261 260 259
250 251 252 242
251 250 261 260
251 252 242 243
252 251 250 261
252 242 243 244
253 254 262 269
253 246 237 229
254 262 269 276
254 253 246 237
255 265 264 263
255 256 257 258
256 255 265 264
256 257 258 247
257 256 255 265
257 258 247 248
258 257 256 255
258 247 248 249
259 268 267 266
259 260 261 250
260 259 268 267
260 261 250 251
261 260 259 268
261 250 251 252
262 269 276 283
262 254 253 246
263 272 271 270
263 264 265 255
264 263 272 271
264 265 255 256
265 264 263 272
265 255 256 257
266 275 274 273
266 267 268 259
267 266 275 274
267 268 259 260
268 267 266 275
268 259 260 261
269 276 283 291
269 262 254 253
270 279 278 277
270 271 272 263
271 270 279 278
271 272 263 264
272 271 270 279
272 263 264 265
273 282 281 280
273 274 275 266
274 273 282 281
274 275 266 267
275 274 273 282
275 266 267 268
276 283 291 292
276 269 262 254
277 286 285 284
277 278 279 270
278 277 286 285
278 279 270 271
279 278 277 286
279 270 271 272
280 290 289 288
280 281 282 273
281 280 290 289
281 282 273 274
282 281 280 290
282 273 274 275
283 291 292 299
283 276 269 262
284 295 294 293
284 285 286 277
285 284 295 294
285 286 277 278
286 285 284 295
286 277 278 279
287 298 297 296
287 288 289 290
288 287 298 297
288 289 290 280
289 288 287 298
289 290 280 281
290 289 288 287
290 280 281 282
291 292 299 305
291 283 276 269
292 299 305 311
292 291 283 276
293 301 300 307
293 294 295 284
294 293 301 300
294 295 284 285
295 294 293 301
295 284 285 286
296 304 303 302
296 297 298 287
297 296 304 303
297 298 287 288
298 297 296 304
298 287 288 289
299 305 311 317
299 292 291 283
300 307 306 314
300 301 293 294
301 300 307 306
301 293 294 295
302 310 309 308
302 303 304 296
303 302 310 309
303 304 296 297
304 303 302 310
304 296 297 298
305 311 317 323
305 299 292 291
306 314 313 312
306 307 300 301
307 306 314 313
307 300 301 293
308 316 315 322
308 309 310 302
309 308 316 315
309 310 302 303
310 309 308 316
310 302 303 304
311 317 323 324
311 305 299 292
312 319 318 326
312 313 314 306
313 312 319 318
313 314 306 307
314 313 312 319
314 306 307 300
315 322 321 320
315 316 308 309
316 315 322 321
316 308 309 310
317 323 324 330
317 311 305 299
318 326 325 333
318 319 312 313
319 318 326 325
319 312 313 314
320 329 328 327
320 321 322 315
321 320 329 328
321 322 315 316
322 321 320 329
322 315 316 308
323 324 330 338
323 317 311 305
324 330 338 344
324 323 317 311
325 333 332 331
325 326 318 319
326 325 333 332
326 318 319 312
327 337 336 335
327 328 329 320
328 327 337 336
328 329 320 321
329 328 327 337
329 320 321 322
330 338 344 351
330 324 323 317
331 340 339 347
331 332 333 325
332 331 340 339
332 333 325 326
333 332 331 340
333 325 326 318
334 343 342 341
334 335 336 337
335 334 343 342
335 336 337 327
336 335 334 343
336 337 327 328
337 336 335 334
337 327 328 329
338 344 351 357
338 330 324 323
339 347 346 345
339 340 331 332
340 339 347 346
340 331 332 333
341 350 349 348
341 342 343 334
342 341 350 349
342 343 334 335
343 342 341 350
343 334 335 336
344 351 357 362
344 338 330 324
345 353 352 359
345 346 347 339
346 345 353 352
346 347 339 340
347 346 345 353
347 339 340 331
348 356 355 354
348 349 350 341
349 348 356 355
349 350 341 342
350 349 348 356
350 341 342 343
351 357 362 367
351 344 338 330
352 359 358 364
352 353 345 346
353 352 359 358
353 345 346 347
354 361 360 366
354 355 356 348
355 354 361 360
355 356 348 349
356 355 354 361
356 348 349 350
357 362 367 371
357 351 344 338
358 364 363 369
358 359 352 353
359 358 364 363
359 352 353 345
360 366 365 370
360 361 354 355
361 360 366 365
361 354 355 356
362 367 371 374
362 357 351 344
363 369 368 372
363 364 358 359
364 363 369 368
364 358 359 352
365 370 373 377
365 366 360 361
366 365 370 373
366 360 361 354
367 371 374 378
367 362 357 351
368 372 376 375
368 369 363 364
369 368 372 376
369 363 364 358
370 373 377 381
370 365 366 360
371 374 378 382
371 367 362 357
372 376 375 380
372 368 369 363
373 377 381 384
373 370 365 366
374 378 382 385
374 371 367 362
375 380 379 383
375 376 372 368
376 375 380 379
376 372 368 369
377 381 384 388
377 373 370 365
378 382 385 389
378 374 371 367
379 383 387 386
379 380 375 376
380 379 383 387
380 375 376 372
381 384 388 392
381 377 373 370
382 385 389 390
382 378 374 371
383 387 386 391
383 379 380 375
384 388 392 395
384 381 377 373
385 389 390 393
385 382 378 374
386 391 394 398
386 387 383 379
387 386 391 394
387 383 379 380
388 392 395 399
388 384 381 377
389 390 393 396
389 385 382 378
390 393 396 400
390 389 385 382
391 394 398 397
391 386 387 383
392 395 399 402
392 388 384 381
393 396 400 403
393 390 389 385
394 398 397 401
394 391 386 387
395 399 402 406
395 392 388 384
396 400 403 407
396 393 390 389
397 401 405 404
397 398 394 391
398 397 401 405
398 394 391 386
399 402 406 410
399 395 392 388
400 403 407 408
400 396 393 390
401 405 404 409
401 397 398 394
402 406 410 413
402 399 395 392
403 407 408 411
403 400 396 393
404 409 412 416
404 405 401 397
405 404 409 412
405 401 397 398
406 410 413 417
406 402 399 395
407 408 411 414
407 403 400 396
408 411 414 418
408 407 403 400
409 412 416 415
409 404 405 401
410 413 417 420
410 406 402 399
411 414 418 421
411 408 407 403
412 416 415 419
412 409 404 405
413 417 420 424
413 410 406 402
414 418 421 425
414 411 408 407
415 419 423 422
415 416 412 409
416 415 419 423
416 412 409 404
417 420 424 429
417 413 410 406
418 421 425 426
418 414 411 408
419 423 422 428
419 415 416 412
420 424 429 432
420 417 413 410
421 425 426 430
421 418 414 411
422 428 427 431
422 423 419 415
423 422 428 427
423 419 415 416
424 429 432 436
424 420 417 413
425 426 430 433
425 421 418 414
426 430 433 437
426 425 421 418
427 431 435 434
427 428 422 423
428 427 431 435
428 422 423 419
429 432 436 439
429 424 420 417
430 433 437 440
430 426 425 421
431 435 434 438
431 427 428 422
432 436 439 442
432 429 424 420
433 437 440 443
433 430 426 425
434 438 441 446
434 435 431 427
435 434 438 441
435 431 427 428
436 439 442 447
436 432 429 424
437 440 443 444
437 433 430 426
438 441 446 445
438 434 435 431
439 442 447 450
439 436 432 429
440 443 444 448
440 437 433 430
441 446 445 449
441 438 434 435
442 447 450 454
442 439 436 432
443 444 448 451
443 440 437 433
444 448 451 455
444 443 440 437
445 449 453 452
445 446 441 438
446 445 449 453
446 441 438 434
447 450 454 457
447 442 439 436
448 451 455 458
448 444 443 440
449 453 452 456
449 445 446 441
450 454 457 460
450 447 442 439
451 455 458 461
451 448 444 443
452 456 459 464
452 453 449 445
453 452 456 459
453 449 445 446
454 457 460 465
454 450 447 442
455 458 461 462
455 451 448 444
456 459 464 463
456 452 453 449
457 460 465 469
457 454 450 447
458 461 462 466
458 455 451 448
459 464 463 467
459 456 452 453
460 465 469 468
460 457 454 450
461 462 466 470
461 458 455 451
462 466 470 474
462 461 458 455
463 467 472 471
463 464 459 456
464 463 467 472
464 459 456 452
465 469 468 473
465 460 457 454
466 470 474 477
466 462 461 458
467 472 471 475
467 463 464 459
468 473 476 479
468 469 465 460
469 468 473 476
469 465 460 457
470 474 477 480
470 466 462 461
471 475 478 483
471 472 467 463
472 471 475 478
472 467 463 464
473 476 479 484
473 468 469 465
474 477 480 481
474 470 466 462
475 478 483 482
475 471 472 467
476 479 484 487
476 473 468 469
477 480 481 485
477 474 470 466
478 483 482 486
478 475 471 472
479 484 487 491
479 476 473 468
480 481 485 488
480 477 474 470
481 485 488 492
481 480 477 474
482 486 490 489
482 483 478 475
483 482 486 490
483 478 475 471
484 487 491 494
484 479 476 473
485 488 492 495
485 481 480 477
486 490 489 493
486 482 483 478
487 491 494 498
487 484 479 476
488 492 495 499
488 485 481 480
489 493 497 496
489 490 486 482
490 489 493 497
490 486 482 483
491 494 498 502
491 487 484 479
492 495 499 500
492 488 485 481
493 497 496 501
493 489 490 486
494 498 502 506
494 491 487 484
495 499 500 503
495 492 488 485
496 501 505 504
496 497 493 489
497 496 501 505
497 493 489 490
498 502 506 509
498 494 491 487
499 500 503 507
499 495 492 488
500 503 507 510
500 499 495 492
501 505 504 508
501 496 497 493
502 506 509 513
502 498 494 491
503 507 510 511
503 500 499 495
504 508 512 515
504 505 501 496
505 504 508 512
505 501 496 497
506 509 513 516
506 502 498 494
507 510 511 514
507 503 500 499
508 512 515 518
508 504 505 501
509 513 516 519
509 506 502 498
510 511 514 517
510 507 503 500
511 514 517 520
511 510 507 503
512 515 518 521
512 508 504 505
513 516 519 522
513 509 506 502
514 517 520 523
514 511 510 507
515 518 521 524
515 512 508 504
516 519 522 525
516 513 509 506
517 520 523 526
517 514 511 510
518 521 524 528
518 515 512 508
519 522 525 529
519 516 513 509
520 523 526 527
520 517 514 511
521 524 528 532
521 518 515 512
522 525 529 533
522 519 516 513
523 526 527 530
523 520 517 514
524 528 532 531
524 521 518 515
525 529 533 536
525 522 519 516
526 527 530 534
526 523 520 517
527 530 534 537
527 526 523 520
528 532 531 535
528 524 521 518
529 533 536 541
529 525 522 519
530 534 537 542
530 527 526 523
531 535 539 538
531 532 528 524
532 531 535 539
532 528 524 521
533 536 541 540
533 529 525 522
534 537 542 545
534 530 527 526
535 539 538 543
535 531 532 528
536 541 540 544
536 533 529 525
537 542 545 546
537 534 530 527
538 543 548 547
538 539 535 531
539 538 543 548
539 535 531 532
540 544 549 552
540 541 536 533
541 540 544 549
541 536 533 529
542 545 546 550
542 537 534 530
543 548 547 551
543 538 539 535
544 549 552 555
544 540 541 536
545 546 550 553
545 542 537 534
546 550 553 556
546 545 542 537
547 551 554 557
547 548 543 538
548 547 551 554
548 543 538 539
549 552 555 558
549 544 540 541
550 553 556 559
550 546 545 542
551 554 557 560
551 547 548 543
552 555 558 561
552 549 544 540
553 556 559 562
553 550 546 545
554 557 560 565
554 551 547 548
555 558 561 566
555 552 549 544
556 559 562 563
556 553 550 546
557 560 565 564
557 554 551 547
558 561 566 569
558 555 552 549
559 562 563 567
559 556 553 550
560 565 564 568
560 557 554 551
561 566 569 572
561 558 555 552
562 563 567 570
562 559 556 553
563 567 570 573
563 562 559 556
564 568 571 574
564 565 560 557
565 564 568 571
565 560 557 554
566 569 572 575
566 561 558 555
567 570 573 576
567 563 562 559
568 571 574 577
568 564 565 560
569 572 575 578
569 566 561 558
570 573 576 579
570 567 563 562
571 574 577 582
571 568 564 565
572 575 578 583
572 569 566 561
573 576 579 580
573 570 567 563
574 577 582 581
574 571 568 564
575 578 583 586
575 572 569 566
576 579 580 584
576 573 570 567
577 582 581 585
577 574 571 568
578 583 586 589
578 575 572 569
579 580 584 587
579 576 573 570
580 584 587 590
580 579 576 573
581 585 588 591
581 582 577 574
582 581 585 588
582 577 574 571
583 586 589 592
583 578 575 572
584 587 590 593
584 580 579 576
585 588 591 594
585 581 582 577
586 589 592 595
586 583 578 575
587 590 593 596
587 584 580 579
588 591 594 598
588 585 581 582
589 592 595 599
589 586 583 578
590 593 596 597
590 587 584 580
591 594 598 601
591 588 585 581
592 595 599 602
592 589 586 583
593 596 597 600
593 590 587 584
594 598 601 604
594 591 588 585
595 599 602 605
595 592 589 586
596 597 600 603
596 593 590 587
597 600 603 606
597 596 593 590
598 601 604 608
598 594 591 588
599 602 605 609
599 595 592 589
600 603 606 610
600 597 596 593
601 604 608 607
601 598 594 591
602 605 609 612
602 599 595 592
603 606 610 613
603 600 597 596
604 608 607 611
604 601 598 594
605 609 612 615
605 602 599 595
606 610 613 616
606 603 600 597
607 611 614 618
607 608 604 601
608 607 611 614
608 604 601 598
609 612 615 619
609 605 602 599
610 613 616 620
610 606 603 600
611 614 618 617
611 607 608 604
612 615 619 622
612 609 605 602
613 616 620 623
613 610 606 603
614 618 617 621
614 611 607 608
615 619 622 626
615 612 609 605
616 620 623 624
616 613 610 606
617 621 625 638
617 618 614 611
618 617 621 625
618 614 611 607
619 622 626 639
619 615 612 609
620 623 624 636
620 616 613 610
621 625 638 637
621 617 618 614
622 626 639 650
622 619 615 612
623 624 636 648
623 620 616 613
624 636 648 656
624 623 620 616
625 638 637 649
625 621 617 618
626 639 650 658
626 622 619 615
627 643 642 641
627 628 629 630
628 627 643 642
628 629 630 631
629 628 627 643
629 630 631 632
630 629 628 627
630 631 632 633
631 632 633 634
631 630 629 628
632 633 634 635
632 631 630 629
633 634 635 644
633 632 631 630
634 635 644 645
634 633 632 631
635 644 645 646
635 634 633 632
636 648 656 664
636 624 623 620
637 649 657 665
637 638 625 621
638 637 649 657
638 625 621 617
639 650 658 666
639 626 622 619
640 653 652 651
640 641 642 643
641 640 653 652
641 642 643 627
642 641 640 653
642 643 627 628
643 642 641 640
643 627 628 629
644 645 646 647
644 635 634 633
645 646 647 654
645 644 635 634
646 647 654 655
646 645 644 635
647 654 655 662
647 646 645 644
648 656 664 671
648 636 624 623
649 657 665 673
649 637 638 625
650 658 666 674
650 639 626 622
651 661 660 659
651 652 653 640
652 651 661 660
652 653 640 641
653 652 651 661
653 640 641 642
654 655 662 663
654 647 646 645
655 662 663 669
655 654 647 646
656 664 671 672
656 648 636 624
657 665 673 681
657 649 637 638
658 666 674 682
658 650 639 626
659 668 667 676
659 660 661 651
660 659 668 667
660 661 651 652
661 660 659 668
661 651 652 653
662 663 669 670
662 655 654 647
663 669 670 677
663 662 655 654
664 671 672 680
664 656 648 636
665 673 681 688
665 657 649 637
666 674 682 689
666 658 650 639
667 676 675 684
667 668 659 660
668 667 676 675
668 659 660 661
669 670 677 678
669 663 662 655
670 677 678 679
670 669 663 662
671 672 680 687
671 664 656 648
672 680 687 695
672 671 664 656
673 681 688 696
673 665 657 649
674 682 689 697
674 666 658 650
675 684 683 692
675 676 667 668
676 675 684 683
676 667 668 659
677 678 679 685
677 670 669 663
678 679 685 686
678 677 670 669
679 685 686 693
679 678 677 670
680 687 695 702
680 672 671 664
681 688 696 703
681 673 665 657
682 689 697 704
682 674 666 658
683 692 691 690
683 684 675 676
684 683 692 691
684 675 676 667
685 686 693 694
685 679 678 677
686 693 694 700
686 685 679 678
687 695 702 709
687 680 672 671
688 696 703 711
688 681 673 665
689 697 704 712
689 682 674 666
690 699 698 706
690 691 692 683
691 690 699 698
691 692 683 684
692 691 690 699
692 683 684 675
693 694 700 701
693 686 685 679
694 700 701 707
694 693 686 685
695 702 709 710
695 687 680 672
696 703 711 718
696 688 681 673
697 704 712 719
697 689 682 674
698 706 705 714
698 699 690 691
699 698 706 705
699 690 691 692
700 701 707 708
700 694 693 686
701 707 708 715
701 700 694 693
702 709 710 717
702 695 687 680
703 711 718 725
703 696 688 681
704 712 719 726
704 697 689 682
705 714 713 721
705 706 698 699
706 705 714 713
706 698 699 690
707 708 715 716
707 701 700 694
708 715 716 722
708 707 701 700
709 710 717 724
709 702 695 687
710 717 724 730
710 709 702 695
711 718 725 731
711 703 696 688
712 719 726 732
712 704 697 689
713 721 720 727
713 714 705 706
714 713 721 720
714 705 706 698
715 716 722 723
715 708 707 701
716 722 723 728
716 715 708 707
717 724 730 736
717 710 709 702
718 725 731 737
718 711 703 696
719 726 732 738
719 712 704 697
720 727 733 740
720 721 713 714
721 720 727 733
721 713 714 705
722 723 728 729
722 716 715 708
723 728 729 734
723 722 716 715
724 730 736 743
724 717 710 709
725 731 737 745
725 718 711 703
726 732 738 746
726 719 712 704
727 733 740 739
727 720 721 713
728 729 734 735
728 723 722 716
729 734 735 741
729 728 723 722
730 736 743 744
730 724 717 710
731 737 745 752
731 725 718 711
732 738 746 753
732 726 719 712
733 740 739 748
733 727 720 721
734 735 741 742
734 729 728 723
735 741 742 749
735 734 729 728
736 743 744 751
736 730 724 717
737 745 752 758
737 731 725 718
738 746 753 759
738 732 726 719
739 748 747 755
739 740 733 727
740 739 748 747
740 733 727 720
741 742 749 750
741 735 734 729
742 749 750 756
742 741 735 734
743 744 751 757
743 736 730 724
744 751 757 762
744 743 736 730
745 752 758 763
745 737 731 725
746 753 759 764
746 738 732 726
747 755 754 760
747 748 739 740
748 747 755 754
748 739 740 733
749 750 756 761
749 742 741 735
750 756 761 766
750 749 742 741
751 757 762 768
751 744 743 736
752 758 763 769
752 745 737 731
753 759 764 770
753 746 738 732
754 760 765 772
754 755 747 748
755 754 760 765
755 747 748 739
756 761 766 767
756 750 749 742
757 762 768 774
757 751 744 743
758 763 769 776
758 752 745 737
759 764 770 777
759 753 746 738
760 765 772 771
760 754 755 747
761 766 767 773
761 756 750 749
762 768 774 775
762 757 751 744
763 769 776 781
763 758 752 745
764 770 777 782
764 759 753 746
765 772 771 778
765 760 754 755
766 767 773 779
766 761 756 750
767 773 779 784
767 766 761 756
768 774 775 780
768 762 757 751
769 776 781 787
769 763 758 752
770 777 782 788
770 764 759 753
771 778 783 790
771 772 765 760
772 771 778 783
772 765 760 754
773 779 784 785
773 767 766 761
774 775 780 786
774 768 762 757
775 780 786 792
775 774 768 762
776 781 787 793
776 769 763 758
777 782 788 794
777 770 764 759
778 783 790 789
778 771 772 765
779 784 785 791
779 773 767 766
780 786 792 797
780 775 774 768
781 787 793 798
781 776 769 763
782 788 794 799
782 777 770 764
783 790 789 795
783 778 771 772
784 785 791 796
784 779 773 767
785 791 796 802
785 784 779 773
786 792 797 804
786 780 775 774
787 793 798 806
787 781 776 769
788 794 799 807
788 782 777 770
789 795 801 800
789 790 783 778
790 789 795 801
790 783 778 771
791 796 802 803
791 785 784 779
792 797 804 805
792 786 780 775
793 798 806 811
793 787 781 776
794 799 807 812
794 788 782 777
795 801 800 808
795 789 790 783
796 802 803 809
796 791 785 784
797 804 805 810
797 792 786 780
798 806 811 818
798 793 787 781
799 807 812 819
799 794 788 782
800 808 814 813
800 801 795 789
801 800 808 814
801 795 789 790
802 803 809 815
802 796 791 785
803 809 815 816
803 802 796 791
804 805 810 817
804 797 792 786
805 810 817 822
805 804 797 792
806 811 818 823
806 798 793 787
807 812 819 824
807 799 794 788
808 814 813 820
808 800 801 795
809 815 816 821
809 803 802 796
810 817 822 828
810 805 804 797
811 818 823 829
811 806 798 793
812 819 824 830
812 807 799 794
813 820 825 831
813 814 808 800
814 813 820 825
814 808 800 801
815 816 821 826
815 809 803 802
816 821 826 827
816 815 809 803
817 822 828 833
817 810 805 804
818 823 829 835
818 811 806 798
819 824 830 836
819 812 807 799
820 825 831 837
820 813 814 808
821 826 827 832
821 816 815 809
822 828 833 834
822 817 810 805
823 829 835 841
823 818 811 806
824 830 836 842
824 819 812 807
825 831 837 843
825 820 813 814
826 827 832 838
826 821 816 815
827 832 838 839
827 826 821 816
828 833 834 840
828 822 817 810
829 835 841 846
829 823 818 811
830 836 842 847
830 824 819 812
831 837 843 848
831 825 820 813
832 838 839 844
832 827 826 821
833 834 840 845
833 828 822 817
834 840 845 851
834 833 828 822
835 841 846 852
835 829 823 818
836 842 847 853
836 830 824 819
837 843 848 854
837 831 825 820
838 839 844 849
838 832 827 826
839 844 849 850
839 838 832 827
840 845 851 856
840 834 833 828
841 846 852 857
841 835 829 823
842 847 853 858
842 836 830 824
843 848 854 860
843 837 831 825
844 849 850 855
844 839 838 832
845 851 856 862
845 840 834 833
846 852 857 864
846 841 835 829
847 853 858 865
847 842 836 830
848 854 860 859
848 843 837 831
849 850 855 861
849 844 839 838
850 855 861 867
850 849 844 839
851 856 862 863
851 845 840 834
852 857 864 869
852 846 841 835
853 858 865 870
853 847 842 836
854 860 859 866
854 848 843 837
855 861 867 873
855 850 849 844
856 862 863 868
856 851 845 840
857 864 869 876
857 852 846 841
858 865 870 877
858 853 847 842
859 866 872 871
859 860 854 848
860 859 866 872
860 854 848 843
861 867 873 879
861 855 850 849
862 863 868 874
862 856 851 845
863 868 874 881
863 862 856 851
864 869 876 875
864 857 852 846
865 870 877 884
865 858 853 847
866 872 871 878
866 859 860 854
867 873 879 880
867 861 855 850
868 874 881 882
868 863 862 856
869 876 875 883
869 864 857 852
870 877 884 889
870 865 858 853
871 878 885 891
871 872 866 859
872 871 878 885
872 866 859 860
873 879 880 886
873 867 861 855
874 881 882 887
874 868 863 862
875 883 888 894
875 876 869 864
876 875 883 888
876 869 864 857
877 884 889 895
877 870 865 858
878 885 891 890
878 871 872 866
879 880 886 892
879 873 867 861
880 886 892 897
880 879 873 867
881 882 887 893
881 874 868 863
882 887 893 898
882 881 874 868
883 888 894 899
883 875 876 869
884 889 895 900
884 877 870 865
885 891 890 896
885 878 871 872
886 892 897 902
886 880 879 873
887 893 898 903
887 882 881 874
888 894 899 905
888 883 875 876
889 895 900 906
889 884 877 870
890 896 901 907
890 891 885 878
891 890 896 901
891 885 878 871
892 897 902 908
892 886 880 879
893 898 903 910
893 887 882 881
894 899 905 904
894 888 883 875
895 900 906 913
895 889 884 877
896 901 907 914
896 890 891 885
897 902 908 909
897 892 886 880
898 903 910 911
898 893 887 882
899 905 904 912
899 894 888 883
900 906 913 918
900 895 889 884
901 907 914 919
901 896 890 891
902 908 909 915
902 897 892 886
903 910 911 916
903 898 893 887
904 912 917 922
904 905 899 894
905 904 912 917
905 899 894 888
906 913 918 923
906 900 895 889
907 914 919 924
907 901 896 890
908 909 915 920
908 902 897 892
909 915 920 925
909 908 902 897
910 911 916 921
910 903 898 893
911 916 921 927
911 910 903 898
912 917 922 928
912 904 905 899
913 918 923 929
913 906 900 895
914 919 924 930
914 907 901 896
915 920 925 926
915 909 908 902
916 921 927 932
916 911 910 903
917 922 928 933
917 912 904 905
918 923 929 934
918 913 906 900
919 924 930 935
919 914 907 901
920 925 926 931
920 915 909 908
921 927 932 937
921 916 911 910
922 928 933 939
922 917 912 904
923 929 934 940
923 918 913 906
924 930 935 941
924 919 914 907
925 926 931 936
925 920 915 909
926 931 936 942
926 925 920 915
927 932 937 938
927 921 916 911
928 933 939 945
928 922 917 912
929 934 940 946
929 923 918 913
930 935 941 947
930 924 919 914
931 936 942 943
931 926 925 920
932 937 938 944
932 927 921 916
933 939 945 950
933 928 922 917
934 940 946 951
934 929 923 918
935 941 947 952
935 930 924 919
936 942 943 948
936 931 926 925
937 938 944 949
937 932 927 921
938 944 949 954
938 937 932 927
939 945 950 955
939 933 928 922
940 946 951 956
940 934 929 923
941 947 952 958
941 935 930 924
942 943 948 953
942 936 931 926
943 948 953 959
943 942 936 931
944 949 954 960
944 938 937 932
945 950 955 961
945 939 933 928
946 951 956 962
946 940 934 929
947 952 958 957
947 941 935 930
948 953 959 964
948 943 942 936
949 954 960 965
949 944 938 937
950 955 961 967
950 945 939 933
951 956 962 968
951 946 940 934
952 958 957 963
952 947 941 935
953 959 964 970
953 948 943 942
954 960 965 966
954 949 944 938
955 961 967 972
955 950 945 939
956 962 968 973
956 951 946 940
957 963 969 974
957 958 952 947
958 957 963 969
958 952 947 941
959 964 970 975
959 953 948 943
960 965 966 971
960 954 949 944
961 967 972 977
961 955 950 945
962 968 973 978
962 956 951 946
963 969 974 979
963 957 958 952
964 970 975 980
964 959 953 948
965 966 971 976
965 960 954 949
966 971 976 982
966 965 960 954
967 972 977 983
967 961 955 950
968 973 978 984
968 962 956 951
969 974 979 985
969 963 957 958
970 975 980 981
970 964 959 953
971 976 982 987
971 966 965 960
972 977 983 988
972 967 961 955
973 978 984 989
973 968 962 956
974 979 985 990
974 969 963 957
975 980 981 986
975 970 964 959
976 982 987 992
976 971 966 965
977 983 988 993
977 972 967 961
978 984 989 994
978 973 968 962
979 985 990 995
979 974 969 963
980 981 986 991
980 975 970 964
981 986 991 996
981 980 975 970
982 987 992 997
982 976 971 966
983 988 993 998
983 977 972 967
984 989 994 999
984 978 973 968
985 990 995 1000
985 979 974 969
986 991 996 1001
986 981 980 975
987 992 997 1002
987 982 976 971
988 993 998 1003
988 983 977 972
989 994 999 1004
989 984 978 973
990 995 1000 1005
990 985 979 974
991 996 1001 1006
991 986 981 980
992 997 1002 1007
992 987 982 976
993 998 1003 1008
993 988 983 977
994 999 1004 1009
994 989 984 978
995 1000 1005 1010
995 990 985 979
996 1001 1006 1011
996 991 986 981
997 1002 1007 1012
997 992 987 982
998 1003 1008 1013
998 993 988 983
999 1004 1009 1014
999 994 989 984
1000 1005 1010 1015
1000 995 990 985
1001 1006 1011 1016
1001 996 991 986
1002 1007 1012 1017
1002 997 992 987
1003 1008 1013 1018
1003 998 993 988
1004 1009 1014 1019
1004 999 994 989
1005 1010 1015 1020
1005 1000 995 990
1006 1011 1016 1021
1006 1001 996 991
1007 1012 1017 1022
1007 1002 997 992
1008 1013 1018 1023
1008 1003 998 993
1009 1014 1019 1024
1009 1004 999 994
1010 1015 1020 1025
1010 1005 1000 995
1011 1016 1021 1026
1011 1006 1001 996
1012 1017 1022 1027
1012 1007 1002 997
1013 1018 1023 1028
1013 1008 1003 998
1014 1019 1024 1029
1014 1009 1004 999
1015 1020 1025 1030
1015 1010 1005 1000
1016 1021 1026 1031
1016 1011 1006 1001
1017 1022 1027 1032
1017 1012 1007 1002
1018 1023 1028 1033
1018 1013 1008 1003
1019 1024 1029 1034
1019 1014 1009 1004
1020 1025 1030 1035
1020 1015 1010 1005
1021 1026 1031 1036
1021 1016 1011 1006
1022 1027 1032 1037
1022 1017 1012 1007
1023 1028 1033 1038
1023 1018 1013 1008
1024 1029 1034 1039
1024 1019 1014 1009
1025 1030 1035 1040
1025 1020 1015 1010
1026 1031 1036 1041
1026 1021 1016 1011
1027 1032 1037 1042
1027 1022 1017 1012
1028 1033 1038 1043
1028 1023 1018 1013
1029 1034 1039 1044
1029 1024 1019 1014
1030 1035 1040 1045
1030 1025 1020 1015
1031 1036 1041 1046
1031 1026 1021 1016
1032 1037 1042 1047
1032 1027 1022 1017
1033 1038 1043 1048
1033 1028 1023 1018
1034 1039 1044 1049
1034 1029 1024 1019
1035 1040 1045 1050
1035 1030 1025 1020
1036 1041 1046 1051
1036 1031 1026 1021
1037 1042 1047 1052
1037 1032 1027 1022
1038 1043 1048 1053
1038 1033 1028 1023
1039 1044 1049 1054
1039 1034 1029 1024
1040 1045 1050 1055
1040 1035 1030 1025
1041 1046 1051 1056
1041 1036 1031 1026
1042 1047 1052 1057
1042 1037 1032 1027
1043 1048 1053 1058
1043 1038 1033 1028
1044 1049 1054 1059
1044 1039 1034 1029
1045 1050 1055 1060
1045 1040 1035 1030
1046 1051 1056 1061
1046 1041 1036 1031
1047 1052 1057 1062
1047 1042 1037 1032
1048 1053 1058 1063
1048 1043 1038 1033
1049 1054 1059 1064
1049 1044 1039 1034
1050 1055 1060 1065
1050 1045 1040 1035
1051 1056 1061 1066
1051 1046 1041 1036
1052 1057 1062 1067
1052 1047 1042 1037
1053 1058 1063 1068
1053 1048 1043 1038
1054 1059 1064 1069
1054 1049 1044 1039
1055 1060 1065 1070
1055 1050 1045 1040
1056 1061 1066 1071
1056 1051 1046 1041
1057 1062 1067 1072
1057 1052 1047 1042
1058 1063 1068 1073
1058 1053 1048 1043
1059 1064 1069 1074
1059 1054 1049 1044
1060 1065 1070 1075
1060 1055 1050 1045
1061 1066 1071 1076
1061 1056 1051 1046
1062 1067 1072 1077
1062 1057 1052 1047
1063 1068 1073 1078
1063 1058 1053 1048
1064 1069 1074 1079
1064 1059 1054 1049
1065 1070 1075 1080
1065 1060 1055 1050
1066 1071 1076 1081
1066 1061 1056 1051
1067 1072 1077 1082
1067 1062 1057 1052
1068 1073 1078 1083
1068 1063 1058 1053
1069 1074 1079 1084
1069 1064 1059 1054
1070 1075 1080 1085
1070 1065 1060 1055
1071 1076 1081 1086
1071 1066 1061 1056
1072 1077 1082 1087
1072 1067 1062 1057
1073 1078 1083 1088
1073 1068 1063 1058
1074 1079 1084 1089
1074 1069 1064 1059
1075 1080 1085 1090
1075 1070 1065 1060
1076 1081 1086 1091
1076 1071 1066 1061
1077 1082 1087 1092
1077 1072 1067 1062
1078 1083 1088 1093
1078 1073 1068 1063
1079 1084 1089 1094
1079 1074 1069 1064
1080 1085 1090 1095
1080 1075 1070 1065
1081 1086 1091 1096
1081 1076 1071 1066
1082 1087 1092 1097
1082 1077 1072 1067
1083 1088 1093 1098
1083 1078 1073 1068
1084 1089 1094 1099
1084 1079 1074 1069
1085 1090 1095 1100
1085 1080 1075 1070
1086 1091 1096 1101
1086 1081 1076 1071
1087 1092 1097 1102
1087 1082 1077 1072
1088 1093 1098 1103
1088 1083 1078 1073
1089 1094 1099 1104
1089 1084 1079 1074
1090 1095 1100 1105
1090 1085 1080 1075
1091 1096 1101 1106
1091 1086 1081 1076
1092 1097 1102 1107
1092 1087 1082 1077
1093 1098 1103 1108
1093 1088 1083 1078
1094 1099 1104 1109
1094 1089 1084 1079
1095 1100 1105 1110
1095 1090 1085 1080
1096 1101 1106 1111
1096 1091 1086 1081
1097 1102 1107 1112
1097 1092 1087 1082
1098 1103 1108 1113
1098 1093 1088 1083
1099 1104 1109 1114
1099 1094 1089 1084
1100 1105 1110 1116
1100 1095 1090 1085
1101 1106 1111 1117
1101 1096 1091 1086
1102 1107 1112 1118
1102 1097 1092 1087
1103 1108 1113 1119
1103 1098 1093 1088
1104 1109 1114 1120
1104 1099 1094 1089
1105 1110 1116 1115
1105 1100 1095 1090
1106 1111 1117 1122
1106 1101 1096 1091
1107 1112 1118 1123
1107 1102 1097 1092
1108 1113 1119 1124
1108 1103 1098 1093
1109 1114 1120 1125
1109 1104 1099 1094
1110 1116 1115 1121
1110 1105 1100 1095
1111 1117 1122 1127
1111 1106 1101 1096
1112 1118 1123 1128
1112 1107 1102 1097
1113 1119 1124 1129
1113 1108 1103 1098
1114 1120 1125 1130
1114 1109 1104 1099
1115 1121 1126 1131
1115 1116 1110 1105
1116 1115 1121 1126
1116 1110 1105 1100
1117 1122 1127 1132
1117 1111 1106 1101
1118 1123 1128 1133
1118 1112 1107 1102
1119 1124 1129 1134
1119 1113 1108 1103
1120 1125 1130 1135
1120 1114 1109 1104
1121 1126 1131 1136
1121 1115 1116 1110
1122 1127 1132 1137
1122 1117 1111 1106
1123 1128 1133 1138
1123 1118 1112 1107
1124 1129 1134 1139
1124 1119 1113 1108
1125 1130 1135 1140
1125 1120 1114 1109
1126 1131 1136 1141
1126 1121 1115 1116
1127 1132 1137 1142
1127 1122 1117 1111
1128 1133 1138 1143
1128 1123 1118 1112
1129 1134 1139 1144
1129 1124 1119 1113
1130 1135 1140 1145
1130 1125 1120 1114
1131 1136 1141 1146
1131 1126 1121 1115
1132 1137 1142 1147
1132 1127 1122 1117
1133 1138 1143 1148
1133 1128 1123 1118
1134 1139 1144 1149
1134 1129 1124 1119
1135 1140 1145 1150
1135 1130 1125 1120
1136 1141 1146 1151
1136 1131 1126 1121
1137 1142 1147 1152
1137 1132 1127 1122
1138 1143 1148 1153
1138 1133 1128 1123
1139 1144 1149 1154
1139 1134 1129 1124
1140 1145 1150 1155
1140 1135 1130 1125
1141 1146 1151 1156
1141 1136 1131 1126
1142 1147 1152 1157
1142 1137 1132 1127
1143 1148 1153 1158
1143 1138 1133 1128
1144 1149 1154 1159
1144 1139 1134 1129
1145 1150 1155 1160
1145 1140 1135 1130
1146 1151 1156 1161
1146 1141 1136 1131
1147 1152 1157 1162
1147 1142 1137 1132
1148 1153 1158 1163
1148 1143 1138 1133
1149 1154 1159 1164
1149 1144 1139 1134
1150 1155 1160 1165
1150 1145 1140 1135
1151 1156 1161 1166
1151 1146 1141 1136
1152 1157 1162 1167
1152 1147 1142 1137
1153 1158 1163 1168
1153 1148 1143 1138
1154 1159 1164 1169
1154 1149 1144 1139
1155 1160 1165 1170
1155 1150 1145 1140
1156 1161 1166 1171
1156 1151 1146 1141
1157 1162 1167 1172
1157 1152 1147 1142
1158 1163 1168 1173
1158 1153 1148 1143
1159 1164 1169 1174
1159 1154 1149 1144
1160 1165 1170 1175
1160 1155 1150 1145
1161 1166 1171 1176
1161 1156 1151 1146
1162 1167 1172 1177
1162 1157 1152 1147
1163 1168 1173 1178
1163 1158 1153 1148
1164 1169 1174 1179
1164 1159 1154 1149
1165 1170 1175 1181
1165 1160 1155 1150
1166 1171 1176 1182
1166 1161 1156 1151
1167 1172 1177 1183
1167 1162 1157 1152
1168 1173 1178 1184
1168 1163 1158 1153
1169 1174 1179 1185
1169 1164 1159 1154
1170 1175 1181 1180
1170 1165 1160 1155
1171 1176 1182 1187
1171 1166 1161 1156
1172 1177 1183 1188
1172 1167 1162 1157
1173 1178 1184 1189
1173 1168 1163 1158
1174 1179 1185 1190
1174 1169 1164 1159
1175 1181 1180 1186
1175 1170 1165 1160
1176 1182 1187 1192
1176 1171 1166 1161
1177 1183 1188 1193
1177 1172 1167 1162
1178 1184 1189 1194
1178 1173 1168 1163
1179 1185 1190 1195
1179 1174 1169 1164
1180 1186 1191 1196
1180 1181 1175 1170
1181 1180 1186 1191
1181 1175 1170 1165
1182 1187 1192 1197
1182 1176 1171 1166
1183 1188 1193 1198
1183 1177 1172 1167
1184 1189 1194 1199
1184 1178 1173 1168
1185 1190 1195 1200
1185 1179 1174 1169
1186 1191 1196 1201
1186 1180 1181 1175
1187 1192 1197 1202
1187 1182 1176 1171
1188 1193 1198 1203
1188 1183 1177 1172
1189 1194 1199 1204
1189 1184 1178 1173
1190 1195 1200 1205
1190 1185 1179 1174
1191 1196 1201 1206
1191 1186 1180 1181
1192 1197 1202 1207
1192 1187 1182 1176
1193 1198 1203 1208
1193 1188 1183 1177
1194 1199 1204 1209
1194 1189 1184 1178
1195 1200 1205 1210
1195 1190 1185 1179
1196 1201 1206 1212
1196 1191 1186 1180
1197 1202 1207 1213
1197 1192 1187 1182
1198 1203 1208 1214
1198 1193 1188 1183
1199 1204 1209 1215
1199 1194 1189 1184
1200 1205 1210 1216
1200 1195 1190 1185
1201 1206 1212 1211
1201 1196 1191 1186
1202 1207 1213 1218
1202 1197 1192 1187
1203 1208 1214 1219
1203 1198 1193 1188
1204 1209 1215 1220
1204 1199 1194 1189
1205 1210 1216 1221
1205 1200 1195 1190
1206 1212 1211 1217
1206 1201 1196 1191
1207 1213 1218 1223
1207 1202 1197 1192
1208 1214 1219 1224
1208 1203 1198 1193
1209 1215 1220 1225
1209 1204 1199 1194
1210 1216 1221 1226
1210 1205 1200 1195
1211 1217 1222 1227
1211 1212 1206 1201
1212 1211 1217 1222
1212 1206 1201 1196
1213 1218 1223 1228
1213 1207 1202 1197
1214 1219 1224 1229
1214 1208 1203 1198
1215 1220 1225 1230
1215 1209 1204 1199
1216 1221 1226 1231
1216 1210 1205 1200
1217 1222 1227 1232
1217 1211 1212 1206
1218 1223 1228 1233
1218 1213 1207 1202
1219 1224 1229 1234
1219 1214 1208 1203
1220 1225 1230 1235
1220 1215 1209 1204
1221 1226 1231 1236
1221 1216 1210 1205
1222 1227 1232 1237
1222 1217 1211 1212
1223 1228 1233 1238
1223 1218 1213 1207
1224 1229 1234 1239
1224 1219 1214 1208
1225 1230 1235 1240
1225 1220 1215 1209
1226 1231 1236 1241
1226 1221 1216 1210
1227 1232 1237 1242
1227 1222 1217 1211
1228 1233 1238 1243
1228 1223 1218 1213
1229 1234 1239 1244
1229 1224 1219 1214
1230 1235 1240 1245
1230 1225 1220 1215
1231 1236 1241 1246
1231 1226 1221 1216
1232 1237 1242 1247
1232 1227 1222 1217
1233 1238 1243 1248
1233 1228 1223 1218
1234 1239 1244 1249
1234 1229 1224 1219
1235 1240 1245 1250
1235 1230 1225 1220
1236 1241 1246 1251
1236 1231 1226 1221
1237 1242 1247 1252
1237 1232 1227 1222
1238 1243 1248 1253
1238 1233 1228 1223
1239 1244 1249 1254
1239 1234 1229 1224
1240 1245 1250 1255
1240 1235 1230 1225
1241 1246 1251 1256
1241 1236 1231 1226
1242 1247 1252 1257
1242 1237 1232 1227
1243 1248 1253 1258
1243 1238 1233 1228
1244 1249 1254 1259
1244 1239 1234 1229
1245 1250 1255 1260
1245 1240 1235 1230
1246 1251 1256 1261
1246 1241 1236 1231
1247 1252 1257 1262
1247 1242 1237 1232
1248 1253 1258 1263
1248 1243 1238 1233
1249 1254 1259 1264
1249 1244 1239 1234
1250 1255 1260 1265
1250 1245 1240 1235
1251 1256 1261 1266
1251 1246 1241 1236
1252 1257 1262 1267
1252 1247 1242 1237
1253 1258 1263 1268
1253 1248 1243 1238
1254 1259 1264 1269
1254 1249 1244 1239
1255 1260 1265 1270
1255 1250 1245 1240
1256 1261 1266 1271
1256 1251 1246 1241
1257 1262 1267 1272
1257 1252 1247 1242
1258 1263 1268 1273
1258 1253 1248 1243
1259 1264 1269 1274
1259 1254 1249 1244
1260 1265 1270 1275
1260 1255 1250 1245
1261 1266 1271 1276
1261 1256 1251 1246
1262 1267 1272 1277
1262 1257 1252 1247
1263 1268 1273 1278
1263 1258 1253 1248
1264 1269 1274 1279
1264 1259 1254 1249
1265 1270 1275 1280
1265 1260 1255 1250
1266 1271 1276 1281
1266 1261 1256 1251
1267 1272 1277 1282
1267 1262 1257 1252
1268 1273 1278 1283
1268 1263 1258 1253
1269 1274 1279 1284
1269 1264 1259 1254
1270 1275 1280 1285
1270 1265 1260 1255
1271 1276 1281 1286
1271 1266 1261 1256
1272 1277 1282 1287
1272 1267 1262 1257
1273 1278 1283 1288
1273 1268 1263 1258
1274 1279 1284 1289
1274 1269 1264 1259
1275 1280 1285 1290
1275 1270 1265 1260
1276 1281 1286 1291
1276 1271 1266 1261
1277 1282 1287 1292
1277 1272 1267 1262
1278 1283 1288 1293
1278 1273 1268 1263
1279 1284 1289 1294
1279 1274 1269 1264
1280 1285 1290 1295
1280 1275 1270 1265
1281 1286 1291 1296
1281 1276 1271 1266
1282 1287 1292 1297
1282 1277 1272 1267
1283 1288 1293 1298
1283 1278 1273 1268
1284 1289 1294 1299
1284 1279 1274 1269
1285 1290 1295 1300
1285 1280 1275 1270
1286 1291 1296 1301
1286 1281 1276 1271
1287 1292 1297 1302
1287 1282 1277 1272
1288 1293 1298 1303
1288 1283 1278 1273
1289 1294 1299 1304
1289 1284 1279 1274
1290 1295 1300 1305
1290 1285 1280 1275
1291 1296 1301 1306
1291 1286 1281 1276
1292 1297 1302 1307
1292 1287 1282 1277
1293 1298 1303 1308
1293 1288 1283 1278
1294 1299 1304 1309
1294 1289 1284 1279
1295 1300 1305 1310
1295 1290 1285 1280
1296 1301 1306 1311
1296 1291 1286 1281
1297 1302 1307 1312
1297 1292 1287 1282
1298 1303 1308 1313
1298 1293 1288 1283
1299 1304 1309 1314
1299 1294 1289 1284
1300 1305 1310 1315
1300 1295 1290 1285
1301 1306 1311 1316
1301 1296 1291 1286
1302 1307 1312 1317
1302 1297 1292 1287
1303 1308 1313 1318
1303 1298 1293 1288
1304 1309 1314 1319
1304 1299 1294 1289
1305 1310 1315 1320
1305 1300 1295 1290
1306 1311 1316 1321
1306 1301 1296 1291
1307 1312 1317 1322
1307 1302 1297 1292
1308 1313 1318 1323
1308 1303 1298 1293
1309 1314 1319 1324
1309 1304 1299 1294
1310 1315 1320 1325
1310 1305 1300 1295
1311 1316 1321 1326
1311 1306 1301 1296
1312 1317 1322 1327
1312 1307 1302 1297
1313 1318 1323 1328
1313 1308 1303 1298
1314 1319 1324 1329
1314 1309 1304 1299
1315 1320 1325 1330
1315 1310 1305 1300
1316 1321 1326 1331
1316 1311 1306 1301
1317 1322 1327 1332
1317 1312 1307 1302
1318 1323 1328 1333
1318 1313 1308 1303
1319 1324 1329 1334
1319 1314 1309 1304
1320 1325 1330 1335
1320 1315 1310 1305
1321 1326 1331 1336
1321 1316 1311 1306
1322 1327 1332 1337
1322 1317 1312 1307
1323 1328 1333 1338
1323 1318 1313 1308
1324 1329 1334 1339
1324 1319 1314 1309
1325 1330 1335 1340
1325 1320 1315 1310
1326 1331 1336 1341
1326 1321 1316 1311
1327 1332 1337 1342
1327 1322 1317 1312
1328 1333 1338 1343
1328 1323 1318 1313
1329 1334 1339 1344
1329 1324 1319 1314
1330 1335 1340 1345
1330 1325 1320 1315
1331 1336 1341 1346
1331 1326 1321 1316
1332 1337 1342 1347
1332 1327 1322 1317
1333 1338 1343 1348
1333 1328 1323 1318
1334 1339 1344 1349
1334 1329 1324 1319
1335 1340 1345 1350
1335 1330 1325 1320
1336 1341 1346 1351
1336 1331 1326 1321
1337 1342 1347 1352
1337 1332 1327 1322
1338 1343 1348 1353
1338 1333 1328 1323
1339 1344 1349 1354
1339 1334 1329 1324
1340 1345 1350 1355
1340 1335 1330 1325
1341 1346 1351 1356
1341 1336 1331 1326
1342 1347 1352 1357
1342 1337 1332 1327
1343 1348 1353 1358
1343 1338 1333 1328
1344 1349 1354 1359
1344 1339 1334 1329
1345 1350 1355 1360
1345 1340 1335 1330
1346 1351 1356 1361
1346 1341 1336 1331
1347 1352 1357 1362
1347 1342 1337 1332
1348 1353 1358 1363
1348 1343 1338 1333
1349 1354 1359 1364
1349 1344 1339 1334
1350 1355 1360 1365
1350 1345 1340 1335
1351 1356 1361 1366
1351 1346 1341 1336
1352 1357 1362 1367
1352 1347 1342 1337
1353 1358 1363 1368
1353 1348 1343 1338
1354 1359 1364 1369
1354 1349 1344 1339
1355 1360 1365 1370
1355 1350 1345 1340
1356 1361 1366 1371
1356 1351 1346 1341
1357 1362 1367 1373
1357 1352 1347 1342
1358 1363 1368 1374
1358 1353 1348 1343
1359 1364 1369 1375
1359 1354 1349 1344
1360 1365 1370 1376
1360 1355 1350 1345
1361 1366 1371 1377
1361 1356 1351 1346
1362 1367 1373 1379
1362 1357 1352 1347
1363 1368 1374 1380
1363 1358 1353 1348
1364 1369 1375 1381
1364 1359 1354 1349
1365 1370 1376 1382
1365 1360 1355 1350
1366 1371 1377 1383
1366 1361 1356 1351
1367 1373 1379 1385
1367 1362 1357 1352
1368 1374 1380 1386
1368 1363 1358 1353
1369 1375 1381 1387
1369 1364 1359 1354
1370 1376 1382 1388
1370 1365 1360 1355
1371 1377 1383 1389
1371 1366 1361 1356
1372 1378 1384 1390
1373 1379 1385 1391
1373 1367 1362 1357
1374 1380 1386 1392
1374 1368 1363 1358
1375 1381 1387 1393
1375 1369 1364 1359
1376 1382 1388 1394
1376 1370 1365 1360
1377 1383 1389 1395
1377 1371 1366 1361
1378 1384 1390 1396
1379 1385 1391 1397
1379 1373 1367 1362
1380 1386 1392 1398
1380 1374 1368 1363
1381 1387 1393 1399
1381 1375 1369 1364
1382 1388 1394 1400
1382 1376 1370 1365
1383 1389 1395 1401
1383 1377 1371 1366
1384 1390 1396 1402
1384 1378 1372 -1
1385 1391 1397 1403
1385 1379 1373 1367
1386 1392 1398 1404
1386 1380 1374 1368
1387 1393 1399 1405
1387 1381 1375 1369
1388 1394 1400 1406
1388 1382 1376 1370
1389 1395 1401 1407
1389 1383 1377 1371
1390 1396 1402 1408
1390 1384 1378 1372
1391 1397 1403 1409
1391 1385 1379 1373
1392 1398 1404 1410
1392 1386 1380 1374
1393 1399 1405 1411
1393 1387 1381 1375
1394 1400 1406 1412
1394 1388 1382 1376
1395 1401 1407 1413
1395 1389 1383 1377
1396 1402 1408 1414
1396 1390 1384 1378
1397 1403 1409 1415
1397 1391 1385 1379
1398 1404 1410 1416
1398 1392 1386 1380
1399 1405 1411 1417
1399 1393 1387 1381
1400 1406 1412 1418
1400 1394 1388 1382
1401 1407 1413 1419
1401 1395 1389 1383
1402 1408 1414 1420
1402 1396 1390 1384
1403 1409 1415 1421
1403 1397 1391 1385
1404 1410 1416 1422
1404 1398 1392 1386
1405 1411 1417 1423
1405 1399 1393 1387
1406 1412 1418 1424
1406 1400 1394 1388
1407 1413 1419 1425
1407 1401 1395 1389
1408 1414 1420 1426
1408 1402 1396 1390
1409 1415 1421 1427
1409 1403 1397 1391
1410 1416 1422 1428
1410 1404 1398 1392
1411 1417 1423 1429
1411 1405 1399 1393
1412 1418 1424 1430
1412 1406 1400 1394
1413 1419 1425 1431
1413 1407 1401 1395
1414 1420 1426 1432
1414 1408 1402 1396
1415 1421 1427 1433
1415 1409 1403 1397
1416 1422 1428 1434
1416 1410 1404 1398
1417 1423 1429 1435
1417 1411 1405 1399
1418 1424 1430 1436
1418 1412 1406 1400
1419 1425 1431 1437
1419 1413 1407 1401
1420 1426 1432 1438
1420 1414 1408 1402
1421 1427 1433 1439
1421 1415 1409 1403
1422 1428 1434 1440
1422 1416 1410 1404
1423 1429 1435 1441
1423 1417 1411 1405
1424 1430 1436 1442
1424 1418 1412 1406
1425 1431 1437 1443
1425 1419 1413 1407
1426 1432 1438 1444
1426 1420 1414 1408
1427 1433 1439 1445
1427 1421 1415 1409
1428 1434 1440 1446
1428 1422 1416 1410
1429 1435 1441 1447
1429 1423 1417 1411
1430 1436 1442 1448
1430 1424 1418 1412
1431 1437 1443 1449
1431 1425 1419 1413
1432 1438 1444 1450
1432 1426 1420 1414
1433 1439 1445 1452
1433 1427 1421 1415
1434 1440 1446 1453
1434 1428 1422 1416
1435 1441 1447 1454
1435 1429 1423 1417
1436 1442 1448 1455
1436 1430 1424 1418
1437 1443 1449 1456
1437 1431 1425 1419
1438 1444 1450 1451
1438 1432 1426 1420
1439 1445 1452 1458
1439 1433 1427 1421
1440 1446 1453 1459
1440 1434 1428 1422
1441 1447 1454 1460
1441 1435 1429 1423
1442 1448 1455 1461
1442 1436 1430 1424
1443 1449 1456 1462
1443 1437 1431 1425
1444 1450 1451 1457
1444 1438 1432 1426
1445 1452 1458 1464
1445 1439 1433 1427
1446 1453 1459 1465
1446 1440 1434 1428
1447 1454 1460 1466
1447 1441 1435 1429
1448 1455 1461 1467
1448 1442 1436 1430
1449 1456 1462 1468
1449 1443 1437 1431
1450 1451 1457 1463
1450 1444 1438 1432
1451 1457 1463 1469
1451 1450 1444 1438
1452 1458 1464 1470
1452 1445 1439 1433
1453 1459 1465 1471
1453 1446 1440 1434
1454 1460 1466 1473
1454 1447 1441 1435
1455 1461 1467 1474
1455 1448 1442 1436
1456 1462 1468 1475
1456 1449 1443 1437
1457 1463 1469 1476
1457 1451 1450 1444
1458 1464 1470 1477
1458 1452 1445 1439
1459 1465 1471 1478
1459 1453 1446 1440
1460 1466 1473 1472
1460 1454 1447 1441
1461 1467 1474 1480
1461 1455 1448 1442
1462 1468 1475 1481
1462 1456 1449 1443
1463 1469 1476 1482
1463 1457 1451 1450
1464 1470 1477 1483
1464 1458 1452 1445
1465 1471 1478 1484
1465 1459 1453 1446
1466 1473 1472 1479
1466 1460 1454 1447
1467 1474 1480 1486
1467 1461 1455 1448
1468 1475 1481 1487
1468 1462 1456 1449
1469 1476 1482 1488
1469 1463 1457 1451
1470 1477 1483 1489
1470 1464 1458 1452
1471 1478 1484 1490
1471 1465 1459 1453
1472 1479 1485 1491
1472 1473 1466 1460
1473 1472 1479 1485
1473 1466 1460 1454
1474 1480 1486 1492
1474 1467 1461 1455
1475 1481 1487 1493
1475 1468 1462 1456
1476 1482 1488 1494
1476 1469 1463 1457
1477 1483 1489 1495
1477 1470 1464 1458
1478 1484 1490 1496
1478 1471 1465 1459
1479 1485 1491 1497
1479 1472 1473 1466
1480 1486 1492 1498
1480 1474 1467 1461
1481 1487 1493 1499
1481 1475 1468 1462
1482 1488 1494 1500
1482 1476 1469 1463
1483 1489 1495 1501
1483 1477 1470 1464
1484 1490 1496 1502
1484 1478 1471 1465
1485 1491 1497 1503
1485 1479 1472 1473
1486 1492 1498 1505
1486 1480 1474 1467
1487 1493 1499 1506
1487 1481 1475 1468
1488 1494 1500 1507
1488 1482 1476 1469
1489 1495 1501 1508
1489 1483 1477 1470
1490 1496 1502 1509
1490 1484 1478 1471
1491 1497 1503 1511
1491 1485 1479 1472
1492 1498 1505 1504
1492 1486 1480 1474
1493 1499 1506 1513
1493 1487 1481 1475
1494 1500 1507 1514
1494 1488 1482 1476
1495 1501 1508 1515
1495 1489 1483 1477
1496 1502 1509 1516
1496 1490 1484 1478
1497 1503 1511 1510
1497 1491 1485 1479
1498 1505 1504 1512
1498 1492 1486 1480
1499 1506 1513 1519
1499 1493 1487 1481
1500 1507 1514 1520
1500 1494 1488 1482
1501 1508 1515 1521
1501 1495 1489 1483
1502 1509 1516 1522
1502 1496 1490 1484
1503 1511 1510 1517
1503 1497 1491 1485
1504 1512 1518 1524
1504 1505 1498 1492
1505 1504 1512 1518
1505 1498 1492 1486
1506 1513 1519 1525
1506 1499 1493 1487
1507 1514 1520 1526
1507 1500 1494 1488
1508 1515 1521 1527
1508 1501 1495 1489
1509 1516 1522 1528
1509 1502 1496 1490
1510 1517 1523 1529
1510 1511 1503 1497
1511 1510 1517 1523
1511 1503 1497 1491
1512 1518 1524 1530
1512 1504 1505 1498
1513 1519 1525 1531
1513 1506 1499 1493
1514 1520 1526 1532
1514 1507 1500 1494
1515 1521 1527 1533
1515 1508 1501 1495
1516 1522 1528 1534
1516 1509 1502 1496
1517 1523 1529 1535
1517 1510 1511 1503
1518 1524 1530 1536
1518 1512 1504 1505
1519 1525 1531 1537
1519 1513 1506 1499
1520 1526 1532 1538
1520 1514 1507 1500
1521 1527 1533 1539
1521 1515 1508 1501
1522 1528 1534 1540
1522 1516 1509 1502
1523 1529 1535 1541
1523 1517 1510 1511
1524 1530 1536 1542
1524 1518 1512 1504
1525 1531 1537 1543
1525 1519 1513 1506
1526 1532 1538 1544
1526 1520 1514 1507
1527 1533 1539 1545
1527 1521 1515 1508
1528 1534 1540 1546
1528 1522 1516 1509
1529 1535 1541 1547
1529 1523 1517 1510
1530 1536 1542 1548
1530 1524 1518 1512
1531 1537 1543 1549
1531 1525 1519 1513
1532 1538 1544 1550
1532 1526 1520 1514
1533 1539 1545 1551
1533 1527 1521 1515
1534 1540 1546 1552
1534 1528 1522 1516
1535 1541 1547 1553
1535 1529 1523 1517
1536 1542 1548 1554
1536 1530 1524 1518
1537 1543 1549 1555
1537 1531 1525 1519
1538 1544 1550 1556
1538 1532 1526 1520
1539 1545 1551 1557
1539 1533 1527 1521
1540 1546 1552 1558
1540 1534 1528 1522
1541 1547 1553 1559
1541 1535 1529 1523
1542 1548 1554 1560
1542 1536 1530 1524
1543 1549 1555 1561
1543 1537 1531 1525
1544 1550 1556 1562
1544 1538 1532 1526
1545 1551 1557 1564
1545 1539 1533 1527
1546 1552 1558 1565
1546 1540 1534 1528
1547 1553 1559 1566
1547 1541 1535 1529
1548 1554 1560 1567
1548 1542 1536 1530
1549 1555 1561 1568
1549 1543 1537 1531
1550 1556 1562 1563
1550 1544 1538 1532
1551 1557 1564 1570
1551 1545 1539 1533
1552 1558 1565 1571
1552 1546 1540 1534
1553 1559 1566 1572
1553 1547 1541 1535
1554 1560 1567 1573
1554 1548 1542 1536
1555 1561 1568 1574
1555 1549 1543 1537
1556 1562 1563 1569
1556 1550 1544 1538
1557 1564 1570 1576
1557 1551 1545 1539
1558 1565 1571 1577
1558 1552 1546 1540
1559 1566 1572 1578
1559 1553 1547 1541
1560 1567 1573 1579
1560 1554 1548 1542
1561 1568 1574 1580
1561 1555 1549 1543
1562 1563 1569 1575
1562 1556 1550 1544
1563 1569 1575 1581
1563 1562 1556 1550
1564 1570 1576 1582
1564 1557 1551 1545
1565 1571 1577 1583
1565 1558 1552 1546
1566 1572 1578 1585
1566 1559 1553 1547
1567 1573 1579 1586
1567 1560 1554 1548
1568 1574 1580 1587
1568 1561 1555 1549
1569 1575 1581 1588
1569 1563 1562 1556
1570 1576 1582 1589
1570 1564 1557 1551
1571 1577 1583 1584
1571 1565 1558 1552
1572 1578 1585 1591
1572 1566 1559 1553
1573 1579 1586 1592
1573 1567 1560 1554
1574 1580 1587 1593
1574 1568 1561 1555
1575 1581 1588 1594
1575 1569 1563 1562
1576 1582 1589 1595
1576 1570 1564 1557
1577 1583 1584 1590
1577 1571 1565 1558
1578 1585 1591 1597
1578 1572 1566 1559
1579 1586 1592 1598
1579 1573 1567 1560
1580 1587 1593 1599
1580 1574 1568 1561
1581 1588 1594 1600
1581 1575 1569 1563
1582 1589 1595 1601
1582 1576 1570 1564
1583 1584 1590 1596
1583 1577 1571 1565
1584 1590 1596 1602
1584 1583 1577 1571
1585 1591 1597 1604
1585 1578 1572 1566
1586 1592 1598 1605
1586 1579 1573 1567
1587 1593 1599 1606
1587 1580 1574 1568
1588 1594 1600 1607
1588 1581 1575 1569
1589 1595 1601 1608
1589 1582 1576 1570
1590 1596 1602 1609
1590 1584 1583 1577
1591 1597 1604 1603
1591 1585 1578 1572
1592 1598 1605 1611
1592 1586 1579 1573
1593 1599 1606 1612
1593 1587 1580 1574
1594 1600 1607 1613
1594 1588 1581 1575
1595 1601 1608 1614
1595 1589 1582 1576
1596 1602 1609 1615
1596 1590 1584 1583
1597 1604 1603 1610
1597 1591 1585 1578
1598 1605 1611 1617
1598 1592 1586 1579
1599 1606 1612 1618
1599 1593 1587 1580
1600 1607 1613 1619
1600 1594 1588 1581
1601 1608 1614 1620
1601 1595 1589 1582
1602 1609 1615 1621
1602 1596 1590 1584
1603 1610 1616 1623
1603 1604 1597 1591
1604 1603 1610 1616
1604 1597 1591 1585
1605 1611 1617 1624
1605 1598 1592 1586
1606 1612 1618 1625
1606 1599 1593 1587
1607 1613 1619 1626
1607 1600 1594 1588
1608 1614 1620 1627
1608 1601 1595 1589
1609 1615 1621 1629
1609 1602 1596 1590
1610 1616 1623 1622
1610 1603 1604 1597
1611 1617 1624 1631
1611 1605 1598 1592
1612 1618 1625 1632
1612 1606 1599 1593
1613 1619 1626 1633
1613 1607 1600 1594
1614 1620 1627 1628
1614 1608 1601 1595
1615 1621 1629 1635
1615 1609 1602 1596
1616 1623 1622 1630
1616 1610 1603 1604
1617 1624 1631 1637
1617 1611 1605 1598
1618 1625 1632 1638
1618 1612 1606 1599
1619 1626 1633 1640
1619 1613 1607 1600
1620 1627 1628 1634
1620 1614 1608 1601
1621 1629 1635 1643
1621 1615 1609 1602
1622 1630 1636 1645
1622 1623 1616 1610
1623 1622 1630 1636
1623 1616 1610 1603
1624 1631 1637 1646
1624 1617 1611 1605
1625 1632 1638 1639
1625 1618 1612 1606
1626 1633 1640 1648
1626 1619 1613 1607
1627 1628 1634 1641
1627 1620 1614 1608
1628 1634 1641 1642
1628 1627 1620 1614
1629 1635 1643 1650
1629 1621 1615 1609
1630 1636 1645 1644
1630 1622 1623 1616
1631 1637 1646 1652
1631 1624 1617 1611
1632 1638 1639 1647
1632 1625 1618 1612
1633 1640 1648 1654
1633 1626 1619 1613
1634 1641 1642 1649
1634 1628 1627 1620
1635 1643 1650 1657
1635 1629 1621 1615
1636 1645 1644 1651
1636 1630 1622 1623
1637 1646 1652 1659
1637 1631 1624 1617
1638 1639 1647 1653
1638 1632 1625 1618
1639 1647 1653 1660
1639 1638 1632 1625
1640 1648 1654 1661
1640 1633 1626 1619
1641 1642 1649 1655
1641 1634 1628 1627
1642 1649 1655 1656
1642 1641 1634 1628
1643 1650 1657 1663
1643 1635 1629 1621
1644 1651 1658 1665
1644 1645 1636 1630
1645 1644 1651 1658
1645 1636 1630 1622
1646 1652 1659 1666
1646 1637 1631 1624
1647 1653 1660 1667
1647 1639 1638 1632
1648 1654 1661 1668
1648 1640 1633 1626
1649 1655 1656 1662
1649 1642 1641 1634
1650 1657 1663 1664
1650 1643 1635 1629
1651 1658 1665 1671
1651 1644 1645 1636
1652 1659 1666 1672
1652 1646 1637 1631
1653 1660 1667 1673
1653 1647 1639 1638
1654 1661 1668 1675
1654 1648 1640 1633
1655 1656 1662 1669
1655 1649 1642 1641
1656 1662 1669 1676
1656 1655 1649 1642
1657 1663 1664 1670
1657 1650 1643 1635
1658 1665 1671 1679
1658 1651 1644 1645
1659 1666 1672 1680
1659 1652 1646 1637
1660 1667 1673 1674
1660 1653 1647 1639
1661 1668 1675 1682
1661 1654 1648 1640
1662 1669 1676 1683
1662 1656 1655 1649
1663 1664 1670 1677
1663 1657 1650 1643
1664 1670 1677 1684
1664 1663 1657 1650
1665 1671 1679 1678
1665 1658 1651 1644
1666 1672 1680 1687
1666 1659 1652 1646
1667 1673 1674 1681
1667 1660 1653 1647
1668 1675 1682 1689
1668 1661 1654 1648
1669 1676 1683 1690
1669 1662 1656 1655
1670 1677 1684 1685
1670 1664 1663 1657
1671 1679 1678 1686
1671 1665 1658 1651
1672 1680 1687 1693
1672 1666 1659 1652
1673 1674 1681 1688
1673 1667 1660 1653
1674 1681 1688 1694
1674 1673 1667 1660
1675 1682 1689 1695
1675 1668 1661 1654
1676 1683 1690 1696
1676 1669 1662 1656
1677 1684 1685 1691
1677 1670 1664 1663
1678 1686 1692 1699
1678 1679 1671 1665
1679 1678 1686 1692
1679 1671 1665 1658
1680 1687 1693 1700
1680 1672 1666 1659
1681 1688 1694 1701
1681 1674 1673 1667
1682 1689 1695 1702
1682 1675 1668 1661
1683 1690 1696 1703
1683 1676 1669 1662
1684 1685 1691 1697
1684 1677 1670 1664
1685 1691 1697 1698
1685 1684 1677 1670
1686 1692 1699 1705
1686 1678 1679 1671
1687 1693 1700 1706
1687 1680 1672 1666
1688 1694 1701 1707
1688 1681 1674 1673
1689 1695 1702 1708
1689 1682 1675 1668
1690 1696 1703 1709
1690 1683 1676 1669
1691 1697 1698 1704
1691 1685 1684 1677
1692 1699 1705 1712
1692 1686 1678 1679
1693 1700 1706 1713
1693 1687 1680 1672
1694 1701 1707 1714
1694 1688 1681 1674
1695 1702 1708 1715
1695 1689 1682 1675
1696 1703 1709 1716
1696 1690 1683 1676
1697 1698 1704 1710
1697 1691 1685 1684
1698 1704 1710 1717
1698 1697 1691 1685
1699 1705 1712 1711
1699 1692 1686 1678
1700 1706 1713 1720
1700 1693 1687 1680
1701 1707 1714 1721
1701 1694 1688 1681
1702 1708 1715 1722
1702 1695 1689 1682
1703 1709 1716 1723
1703 1696 1690 1683
1704 1710 1717 1724
1704 1698 1697 1691
1705 1712 1711 1718
1705 1699 1692 1686
1706 1713 1720 1719
1706 1700 1693 1687
1707 1714 1721 1728
1707 1701 1694 1688
1708 1715 1722 1729
1708 1702 1695 1689
1709 1716 1723 1730
1709 1703 1696 1690
1710 1717 1724 1731
1710 1704 1698 1697
1711 1718 1726 1725
1711 1712 1705 1699
1712 1711 1718 1726
1712 1705 1699 1692
1713 1720 1719 1727
1713 1706 1700 1693
1714 1721 1728 1734
1714 1707 1701 1694
1715 1722 1729 1735
1715 1708 1702 1695
1716 1723 1730 1736
1716 1709 1703 1696
1717 1724 1731 1737
1717 1710 1704 1698
1718 1726 1725 1732
1718 1711 1712 1705
1719 1727 1733 1740
1719 1720 1713 1706
1720 1719 1727 1733
1720 1713 1706 1700
1721 1728 1734 1741
1721 1714 1707 1701
1722 1729 1735 1742
1722 1715 1708 1702
1723 1730 1736 1743
1723 1716 1709 1703
1724 1731 1737 1744
1724 1717 1710 1704
1725 1732 1739 1738
1725 1726 1718 1711
1726 1725 1732 1739
1726 1718 1711 1712
1727 1733 1740 1746
1727 1719 1720 1713
1728 1734 1741 1747
1728 1721 1714 1707
1729 1735 1742 1748
1729 1722 1715 1708
1730 1736 1743 1749
1730 1723 1716 1709
1731 1737 1744 1750
1731 1724 1717 1710
1732 1739 1738 1745
1732 1725 1726 1718
1733 1740 1746 1753
1733 1727 1719 1720
1734 1741 1747 1754
1734 1728 1721 1714
1735 1742 1748 1755
1735 1729 1722 1715
1736 1743 1749 1756
1736 1730 1723 1716
1737 1744 1750 1757
1737 1731 1724 1717
1738 1745 1752 1751
1738 1739 1732 1725
1739 1738 1745 1752
1739 1732 1725 1726
1740 1746 1753 1759
1740 1733 1727 1719
1741 1747 1754 1760
1741 1734 1728 1721
1742 1748 1755 1761
1742 1735 1729 1722
1743 1749 1756 1762
1743 1736 1730 1723
1744 1750 1757 1764
1744 1737 1731 1724
1745 1752 1751 1758
1745 1738 1739 1732
1746 1753 1759 1768
1746 1740 1733 1727
1747 1754 1760 1769
1747 1741 1734 1728
1748 1755 1761 -1
1748 1742 1735 1729
1749 1756 1762 1763
1749 1743 1736 1730
1750 1757 1764 1765
1750 1744 1737 1731
1751 1758 1767 1766
1751 1752 1745 1738
1752 1751 1758 1767
1752 1745 1738 1739
1753 1759 1768 1773
1753 1746 1740 1733
1754 1760 1769 1774
1754 1747 1741 1734
1755 1748 1742 1735
1756 1762 1763 1770
1756 1749 1743 1736
1757 1764 1765 1771
1757 1750 1744 1737
1758 1767 1766 1772
1758 1751 1752 1745
1759 1768 1773 1780
1759 1753 1746 1740
1760 1769 1774 1781
1760 1754 1747 1741
1761 1755 1748 1742
1762 1763 1770 1775
1762 1756 1749 1743
1763 1770 1775 1776
1763 1762 1756 1749
1764 1765 1771 1777
1764 1757 1750 1744
1765 1771 1777 1778
1765 1764 1757 1750
1766 1772 1779 1785
1766 1767 1758 1751
1767 1766 1772 1779
1767 1758 1751 1752
1768 1773 1780 1786
1768 1759 1753 1746
1769 1774 1781 1787
1769 1760 1754 1747
1770 1775 1776 1782
1770 1763 1762 1756
1771 1777 1778 1783
1771 1765 1764 1757
1772 1779 1785 1784
1772 1766 1767 1758
1773 1780 1786 1792
1773 1768 1759 1753
1774 1781 1787 1793
1774 1769 1760 1754
1775 1776 1782 1788
1775 1770 1763 1762
1776 1782 1788 1789
1776 1775 1770 1763
1777 1778 1783 1790
1777 1771 1765 1764
1778 1783 1790 1795
1778 1777 1771 1765
1779 1785 1784 1791
1779 1772 1766 1767
1780 1786 1792 1799
1780 1773 1768 1759
1781 1787 1793 1800
1781 1774 1769 1760
1782 1788 1789 1794
1782 1776 1775 1770
1783 1790 1795 1796
1783 1778 1777 1771
1784 1791 1798 1797
1784 1785 1779 1772
1785 1784 1791 1798
1785 1779 1772 1766
1786 1792 1799 1806
1786 1780 1773 1768
1787 1793 1800 1807
1787 1781 1774 1769
1788 1789 1794 1801
1788 1782 1776 1775
1789 1794 1801 1808
1789 1788 1782 1776
1790 1795 1796 1802
1790 1783 1778 1777
1791 1798 1797 1805
1791 1784 1785 1779
1792 1799 1806 1811
1792 1786 1780 1773
1793 1800 1807 1812
1793 1787 1781 1774
1794 1801 1808 1813
1794 1789 1788 1782
1795 1796 1802 1803
1795 1790 1783 1778
1796 1802 1803 1809
1796 1795 1790 1783
1797 1805 1804 1810
1797 1798 1791 1784
1798 1797 1805 1804
1798 1791 1784 1785
1799 1806 1811 1817
1799 1792 1786 1780
1800 1807 1812 1818
1800 1793 1787 1781
1801 1808 1813 1819
1801 1794 1789 1788
1802 1803 1809 1814
1802 1796 1795 1790
1803 1809 1814 1815
1803 1802 1796 1795
1804 1810 1816 1823
1804 1805 1797 1798
1805 1804 1810 1816
1805 1797 1798 1791
1806 1811 1817 1824
1806 1799 1792 1786
1807 1812 1818 1825
1807 1800 1793 1787
1808 1813 1819 1826
1808 1801 1794 1789
1809 1814 1815 1820
1809 1803 1802 1796
1810 1816 1823 1822
1810 1804 1805 1797
1811 1817 1824 1831
1811 1806 1799 1792
1812 1818 1825 1832
1812 1807 1800 1793
1813 1819 1826 1833
1813 1808 1801 1794
1814 1815 1820 1821
1814 1809 1803 1802
1815 1820 1821 1827
1815 1814 1809 1803
1816 1823 1822 1830
1816 1810 1804 1805
1817 1824 1831 1837
1817 1811 1806 1799
1818 1825 1832 1838
1818 1812 1807 1800
1819 1826 1833 1839
1819 1813 1808 1801
1820 1821 1827 1828
1820 1815 1814 1809
1821 1827 1828 1834
1821 1820 1815 1814
1822 1830 1829 1836
1822 1823 1816 1810
1823 1822 1830 1829
1823 1816 1810 1804
1824 1831 1837 1844
1824 1817 1811 1806
1825 1832 1838 1845
1825 1818 1812 1807
1826 1833 1839 1847
1826 1819 1813 1808
1827 1828 1834 1840
1827 1821 1820 1815
1828 1834 1840 1841
1828 1827 1821 1820
1829 1836 1835 1843
1829 1830 1822 1823
1830 1829 1836 1835
1830 1822 1823 1816
1831 1837 1844 1852
1831 1824 1817 1811
1832 1838 1845 1846
1832 1825 1818 1812
1833 1839 1847 1854
1833 1826 1819 1813
1834 1840 1841 1848
1834 1828 1827 1821
1835 1843 1842 1851
1835 1836 1829 1830
1836 1835 1843 1842
1836 1829 1830 1822
1837 1844 1852 1859
1837 1831 1824 1817
1838 1845 1846 1853
1838 1832 1825 1818
1839 1847 1854 1861
1839 1833 1826 1819
1840 1841 1848 1849
1840 1834 1828 1827
1841 1848 1849 1855
1841 1840 1834 1828
1842 1851 1850 1858
1842 1843 1835 1836
1843 1842 1851 1850
1843 1835 1836 1829
1844 1852 1859 1866
1844 1837 1831 1824
1845 1846 1853 1860
1845 1838 1832 1825
1846 1853 1860 1867
1846 1845 1838 1832
1847 1854 1861 1868
1847 1839 1833 1826
1848 1849 1855 1856
1848 1841 1840 1834
1849 1855 1856 1862
1849 1848 1841 1840
1850 1858 1857 1865
1850 1851 1842 1843
1851 1850 1858 1857
1851 1842 1843 1835
1852 1859 1866 1874
1852 1844 1837 1831
1853 1860 1867 1875
1853 1846 1845 1838
1854 1861 1868 1869
1854 1847 1839 1833
1855 1856 1862 1863
1855 1849 1848 1841
1856 1862 1863 1870
1856 1855 1849 1848
1857 1865 1864 1873
1857 1858 1850 1851
1858 1857 1865 1864
1858 1850 1851 1842
1859 1866 1874 1881
1859 1852 1844 1837
1860 1867 1875 1882
1860 1853 1846 1845
1861 1868 1869 1876
1861 1854 1847 1839
1862 1863 1870 1871
1862 1856 1855 1849
1863 1870 1871 1877
1863 1862 1856 1855
1864 1873 1872 1880
1864 1865 1857 1858
1865 1864 1873 1872
1865 1857 1858 1850
1866 1874 1881 1889
1866 1859 1852 1844
1867 1875 1882 1890
1867 1860 1853 1846
1868 1869 1876 1883
1868 1861 1854 1847
1869 1876 1883 1884
1869 1868 1861 1854
1870 1871 1877 1878
1870 1863 1862 1856
1871 1877 1878 1885
1871 1870 1863 1862
1872 1880 1879 1888
1872 1873 1864 1865
1873 1872 1880 1879
1873 1864 1865 1857
1874 1881 1889 1897
1874 1866 1859 1852
1875 1882 1890 1898
1875 1867 1860 1853
1876 1883 1884 1891
1876 1869 1868 1861
1877 1878 1885 1886
1877 1871 1870 1863
1878 1885 1886 1892
1878 1877 1871 1870
1879 1888 1887 1896
1879 1880 1872 1873
1880 1879 1888 1887
1880 1872 1873 1864
1881 1889 1897 1906
1881 1874 1866 1859
1882 1890 1898 1899
1882 1875 1867 1860
1883 1884 1891 1900
1883 1876 1869 1868
1884 1891 1900 1901
1884 1883 1876 1869
1885 1886 1892 1893
1885 1878 1877 1871
1886 1892 1893 1902
1886 1885 1878 1877
1887 1896 1895 1894
1887 1888 1879 1880
1888 1887 1896 1895
1888 1879 1880 1872
1889 1897 1906 1914
1889 1881 1874 1866
1890 1898 1899 1907
1890 1882 1875 1867
1891 1900 1901 1908
1891 1884 1883 1876
1892 1893 1902 1903
1892 1886 1885 1878
1893 1902 1903 1909
1893 1892 1886 1885
1894 1905 1904 1913
1894 1895 1896 1887
1895 1894 1905 1904
1895 1896 1887 1888
1896 1895 1894 1905
1896 1887 1888 1879
1897 1906 1914 1922
1897 1889 1881 1874
1898 1899 1907 1915
1898 1890 1882 1875
1899 1907 1915 1923
1899 1898 1890 1882
1900 1901 1908 1916
1900 1891 1884 1883
1901 1908 1916 1925
1901 1900 1891 1884
1902 1903 1909 1910
1902 1893 1892 1886
1903 1909 1910 1911
1903 1902 1893 1892
1904 1913 1912 1921
1904 1905 1894 1895
1905 1904 1913 1912
1905 1894 1895 1896
1906 1914 1922 1934
1906 1897 1889 1881
1907 1915 1923 1924
1907 1899 1898 1890
1908 1916 1925 1936
1908 1901 1900 1891
1909 1910 1911 1917
1909 1903 1902 1893
1910 1911 1917 1918
1910 1909 1903 1902
1911 1917 1918 1919
1911 1910 1909 1903
1912 1921 1920 1933
1912 1913 1904 1905
1913 1912 1921 1920
1913 1904 1905 1894
1914 1922 1934 1946
1914 1906 1897 1889
1915 1923 1924 1935
1915 1907 1899 1898
1916 1925 1936 1948
1916 1908 1901 1900
1917 1918 1919 1926
1917 1911 1910 1909
1918 1919 1926 1927
1918 1917 1911 1910
1919 1926 1927 1928
1919 1918 1917 1911
1920 1933 1932 1931
1920 1921 1912 1913
1921 1920 1933 1932
1921 1912 1913 1904
1922 1934 1946 1949
1922 1914 1906 1897
1923 1924 1935 1947
1923 1915 1907 1899
1924 1935 1947 1950
1924 1923 1915 1907
1925 1936 1948 1952
1925 1916 1908 1901
1926 1927 1928 1929
1926 1919 1918 1917
1927 1928 1929 1937
1927 1926 1919 1918
1928 1929 1937 1938
1928 1927 1926 1919
1929 1937 1938 1939
1929 1928 1927 1926
1930 1945 1944 1943
1930 1931 1932 1933
1931 1930 1945 1944
1931 1932 1933 1920
1932 1931 1930 1945
1932 1933 1920 1921
1933 1932 1931 1930
1933 1920 1921 1912
1934 1946 1949 1954
1934 1922 1914 1906
1935 1947 1950 1951
1935 1924 1923 1915
1936 1948 1952 1956
1936 1925 1916 1908
1937 1938 1939 1940
1937 1929 1928 1927
1938 1939 1940 1941
1938 1937 1929 1928
1939 1940 1941 1942
1939 1938 1937 1929
1940 1941 1942 1943
1940 1939 1938 1937
1941 1942 1943 1944
1941 1940 1939 1938
1942 1941 1940 1939
1942 1943 1944 1945
1943 1942 1941 1940
1943 1944 1945 1930
1944 1943 1942 1941
1944 1945 1930 1931
1945 1944 1943 1942
1945 1930 1931 1932
1946 1949 1954 1953
1946 1934 1922 1914
1947 1950 1951 1955
1947 1935 1924 1923
1948 1952 1956 1959
1948 1936 1925 1916
1949 1954 1953 1957
1949 1946 1934 1922
1950 1951 1955 1958
1950 1947 1935 1924
1951 1955 1958 1961
1951 1950 1947 1935
1952 1956 1959 1963
1952 1948 1936 1925
1953 1957 1960 1964
1953 1954 1949 1946
1954 1953 1957 1960
1954 1949 1946 1934
1955 1958 1961 1962
1955 1951 1950 1947
1956 1959 1963 1966
1956 1952 1948 1936
1957 1960 1964 1967
1957 1953 1954 1949
1958 1961 1962 1965
1958 1955 1951 1950
1959 1963 1966 1969
1959 1956 1952 1948
1960 1964 1967 1971
1960 1957 1953 1954
1961 1962 1965 1968
1961 1958 1955 1951
1962 1965 1968 1972
1962 1961 1958 1955
1963 1966 1969 1970
1963 1959 1956 1952
1964 1967 1971 1974
1964 1960 1957 1953
1965 1968 1972 1975
1965 1962 1961 1958
1966 1969 1970 1973
1966 1963 1959 1956
1967 1971 1974 1978
1967 1964 1960 1957
1968 1972 1975 1979
1968 1965 1962 1961
1969 1970 1973 1976
1969 1966 1963 1959
1970 1973 1976 1977
1970 1969 1966 1963
1971 1974 1978 1981
1971 1967 1964 1960
1972 1975 1979 1982
1972 1968 1965 1962
1973 1976 1977 1980
1973 1970 1969 1966
1974 1978 1981 1985
1974 1971 1967 1964
1975 1979 1982 1986
1975 1972 1968 1965
1976 1977 1980 1983
1976 1973 1970 1969
1977 1980 1983 1984
1977 1976 1973 1970
1978 1981 1985 1988
1978 1974 1971 1967
1979 1982 1986 1989
1979 1975 1972 1968
1980 1983 1984 1987
1980 1977 1976 1973
1981 1985 1988 1993
1981 1978 1974 1971
1982 1986 1989 1990
1982 1979 1975 1972
1983 1984 1987 1991
1983 1980 1977 1976
1984 1987 1991 1992
1984 1983 1980 1977
1985 1988 1993 1996
1985 1981 1978 1974
1986 1989 1990 1994
1986 1982 1979 1975
1987 1991 1992 1995
1987 1984 1983 1980
1988 1993 1996 2000
1988 1985 1981 1978
1989 1990 1994 1997
1989 1986 1982 1979
1990 1994 1997 2001
1990 1989 1986 1982
1991 1992 1995 1998
1991 1987 1984 1983
1992 1995 1998 1999
1992 1991 1987 1984
1993 1996 2000 2003
1993 1988 1985 1981
1994 1997 2001 2004
1994 1990 1989 1986
1995 1998 1999 2002
1995 1992 1991 1987
1996 2000 2003 2007
1996 1993 1988 1985
1997 2001 2004 2008
1997 1994 1990 1989
1998 1999 2002 2005
1998 1995 1992 1991
1999 2002 2005 2006
1999 1998 1995 1992
2000 2003 2007 2011
2000 1996 1993 1988
2001 2004 2008 2009
2001 1997 1994 1990
2002 2005 2006 2010
2002 1999 1998 1995
2003 2007 2011 2015
2003 2000 1996 1993
2004 2008 2009 2012
2004 2001 1997 1994
2005 2006 2010 2013
2005 2002 1999 1998
2006 2010 2013 2014
2006 2005 2002 1999
2007 2011 2015 2019
2007 2003 2000 1996
2008 2009 2012 2016
2008 2004 2001 1997
2009 2012 2016 2017
2009 2008 2004 2001
2010 2013 2014 2018
2010 2006 2005 2002
2011 2015 2019 2023
2011 2007 2003 2000
2012 2016 2017 2020
2012 2009 2008 2004
2013 2014 2018 2021
2013 2010 2006 2005
2014 2018 2021 2022
2014 2013 2010 2006
2015 2019 2023 2026
2015 2011 2007 2003
2016 2017 2020 2024
2016 2012 2009 2008
2017 2020 2024 2027
2017 2016 2012 2009
2018 2021 2022 2025
2018 2014 2013 2010
2019 2023 2026 2030
2019 2015 2011 2007
2020 2024 2027 2031
2020 2017 2016 2012
2021 2022 2025 2028
2021 2018 2014 2013
2022 2025 2028 2029
2022 2021 2018 2014
2023 2026 2030 2033
2023 2019 2015 2011
2024 2027 2031 2034
2024 2020 2017 2016
2025 2028 2029 2032
2025 2022 2021 2018
2026 2030 2033 2037
2026 2023 2019 2015
2027 2031 2034 2038
2027 2024 2020 2017
2028 2029 2032 2035
2028 2025 2022 2021
2029 2032 2035 2036
2029 2028 2025 2022
2030 2033 2037 2040
2030 2026 2023 2019
2031 2034 2038 2041
2031 2027 2024 2020
2032 2035 2036 2039
2032 2029 2028 2025
2033 2037 2040 2045
2033 2030 2026 2023
2034 2038 2041 2042
2034 2031 2027 2024
2035 2036 2039 2043
2035 2032 2029 2028
2036 2039 2043 2044
2036 2035 2032 2029
2037 2040 2045 2048
2037 2033 2030 2026
2038 2041 2042 2046
2038 2034 2031 2027
2039 2043 2044 2047
2039 2036 2035 2032
2040 2045 2048 2053
2040 2037 2033 2030
2041 2042 2046 2049
2041 2038 2034 2031
2042 2046 2049 2050
2042 2041 2038 2034
2043 2044 2047 2051
2043 2039 2036 2035
2044 2047 2051 2052
2044 2043 2039 2036
2045 2048 2053 2056
2045 2040 2037 2033
2046 2049 2050 2054
2046 2042 2041 2038
2047 2051 2052 2055
2047 2044 2043 2039
2048 2053 2056 2061
2048 2045 2040 2037
2049 2050 2054 2057
2049 2046 2042 2041
2050 2054 2057 2058
2050 2049 2046 2042
2051 2052 2055 2059
2051 2047 2044 2043
2052 2055 2059 2060
2052 2051 2047 2044
2053 2056 2061 2064
2053 2048 2045 2040
2054 2057 2058 2062
2054 2050 2049 2046
2055 2059 2060 2063
2055 2052 2051 2047
2056 2061 2064 2069
2056 2053 2048 2045
2057 2058 2062 2065
2057 2054 2050 2049
2058 2062 2065 2066
2058 2057 2054 2050
2059 2060 2063 2067
2059 2055 2052 2051
2060 2063 2067 2068
2060 2059 2055 2052
2061 2064 2069 2072
2061 2056 2053 2048
2062 2065 2066 2070
2062 2058 2057 2054
2063 2067 2068 2071
2063 2060 2059 2055
2064 2069 2072 2077
2064 2061 2056 2053
2065 2066 2070 2073
2065 2062 2058 2057
2066 2070 2073 2074
2066 2065 2062 2058
2067 2068 2071 2075
2067 2063 2060 2059
2068 2071 2075 2076
2068 2067 2063 2060
2069 2072 2077 2080
2069 2064 2061 2056
2070 2073 2074 2078
2070 2066 2065 2062
2071 2075 2076 2079
2071 2068 2067 2063
2072 2077 2080 2085
2072 2069 2064 2061
2073 2074 2078 2081
2073 2070 2066 2065
2074 2078 2081 2082
2074 2073 2070 2066
2075 2076 2079 2083
2075 2071 2068 2067
2076 2079 2083 2084
2076 2075 2071 2068
2077 2080 2085 2088
2077 2072 2069 2064
2078 2081 2082 2086
2078 2074 2073 2070
2079 2083 2084 2087
2079 2076 2075 2071
2080 2085 2088 2092
2080 2077 2072 2069
2081 2082 2086 2089
2081 2078 2074 2073
2082 2086 2089 2093
2082 2081 2078 2074
2083 2084 2087 2090
2083 2079 2076 2075
2084 2087 2090 2091
2084 2083 2079 2076
2085 2088 2092 2095
2085 2080 2077 2072
2086 2089 2093 2096
2086 2082 2081 2078
2087 2090 2091 2094
2087 2084 2083 2079
2088 2092 2095 2099
2088 2085 2080 2077
2089 2093 2096 2100
2089 2086 2082 2081
2090 2091 2094 2097
2090 2087 2084 2083
2091 2094 2097 2098
2091 2090 2087 2084
2092 2095 2099 2103
2092 2088 2085 2080
2093 2096 2100 2101
2093 2089 2086 2082
2094 2097 2098 2102
2094 2091 2090 2087
2095 2099 2103 2107
2095 2092 2088 2085
2096 2100 2101 2104
2096 2093 2089 2086
2097 2098 2102 2105
2097 2094 2091 2090
2098 2102 2105 2106
2098 2097 2094 2091
2099 2103 2107 2111
2099 2095 2092 2088
2100 2101 2104 2108
2100 2096 2093 2089
2101 2104 2108 2109
2101 2100 2096 2093
2102 2105 2106 2110
2102 2098 2097 2094
2103 2107 2111 2115
2103 2099 2095 2092
2104 2108 2109 2112
2104 2101 2100 2096
2105 2106 2110 2113
2105 2102 2098 2097
2106 2110 2113 2114
2106 2105 2102 2098
2107 2111 2115 2118
2107 2103 2099 2095
2108 2109 2112 2116
2108 2104 2101 2100
2109 2112 2116 2119
2109 2108 2104 2101
2110 2113 2114 2117
2110 2106 2105 2102
2111 2115 2118 2123
2111 2107 2103 2099
2112 2116 2119 2120
2112 2109 2108 2104
2113 2114 2117 2121
2113 2110 2106 2105
2114 2117 2121 2122
2114 2113 2110 2106
2115 2118 2123 2126
2115 2111 2107 2103
2116 2119 2120 2124
2116 2112 2109 2108
2117 2121 2122 2125
2117 2114 2113 2110
2118 2123 2126 2131
2118 2115 2111 2107
2119 2120 2124 2127
2119 2116 2112 2109
2120 2124 2127 2128
2120 2119 2116 2112
2121 2122 2125 2129
2121 2117 2114 2113
2122 2125 2129 2130
2122 2121 2117 2114
2123 2126 2131 2135
2123 2118 2115 2111
2124 2127 2128 2132
2124 2120 2119 2116
2125 2129 2130 2134
2125 2122 2121 2117
2126 2131 2135 2139
2126 2123 2118 2115
2127 2128 2132 2133
2127 2124 2120 2119
2128 2132 2133 2136
2128 2127 2124 2120
2129 2130 2134 2137
2129 2125 2122 2121
2130 2134 2137 2138
2130 2129 2125 2122
2131 2135 2139 2144
2131 2126 2123 2118
2132 2133 2136 2140
2132 2128 2127 2124
2133 2136 2140 2141
2133 2132 2128 2127
2134 2137 2138 2142
2134 2130 2129 2125
2135 2139 2144 2143
2135 2131 2126 2123
2136 2140 2141 2145
2136 2133 2132 2128
2137 2138 2142 2147
2137 2134 2130 2129
2138 2142 2147 2148
2138 2137 2134 2130
2139 2144 2143 2150
2139 2135 2131 2126
2140 2141 2145 2146
2140 2136 2133 2132
2141 2145 2146 2151
2141 2140 2136 2133
2142 2147 2148 2152
2142 2138 2137 2134
2143 2150 2149 2154
2143 2144 2139 2135
2144 2143 2150 2149
2144 2139 2135 2131
2145 2146 2151 2155
2145 2141 2140 2136
2146 2151 2155 2156
2146 2145 2141 2140
2147 2148 2152 2157
2147 2142 2138 2137
2148 2152 2157 2158
2148 2147 2142 2138
2149 2154 2153 2160
2149 2150 2143 2144
2150 2149 2154 2153
2150 2143 2144 2139
2151 2155 2156 2161
2151 2146 2145 2141
2152 2157 2158 2163
2152 2148 2147 2142
2153 2160 2159 2165
2153 2154 2149 2150
2154 2153 2160 2159
2154 2149 2150 2143
2155 2156 2161 2162
2155 2151 2146 2145
2156 2161 2162 2166
2156 2155 2151 2146
2157 2158 2163 2167
2157 2152 2148 2147
2158 2163 2167 2173
2158 2157 2152 2148
2159 2165 2164 2170
2159 2160 2153 2154
2160 2159 2165 2164
2160 2153 2154 2149
2161 2162 2166 2171
2161 2156 2155 2151
2162 2166 2171 2172
2162 2161 2156 2155
2163 2167 2173 2178
2163 2158 2157 2152
2164 2170 2169 2168
2164 2165 2159 2160
2165 2164 2170 2169
2165 2159 2160 2153
2166 2171 2172 2176
2166 2162 2161 2156
2167 2173 2178 2182
2167 2163 2158 2157
2168 2175 2174 2180
2168 2169 2170 2164
2169 2168 2175 2174
2169 2170 2164 2165
2170 2169 2168 2175
2170 2164 2165 2159
2171 2172 2176 2177
2171 2166 2162 2161
2172 2176 2177 2181
2172 2171 2166 2162
2173 2178 2182 2186
2173 2167 2163 2158
2174 2180 2179 2184
2174 2175 2168 2169
2175 2174 2180 2179
2175 2168 2169 2170
2176 2177 2181 2185
2176 2172 2171 2166
2177 2181 2185 2190
2177 2176 2172 2171
2178 2182 2186 2187
2178 2173 2167 2163
2179 2184 2183 2189
2179 2180 2174 2175
2180 2179 2184 2183
2180 2174 2175 2168
2181 2185 2190 2191
2181 2177 2176 2172
2182 2186 2187 2192
2182 2178 2173 2167
2183 2189 2188 2194
2183 2184 2179 2180
2184 2183 2189 2188
2184 2179 2180 2174
2185 2190 2191 2195
2185 2181 2177 2176
2186 2187 2192 2197
2186 2182 2178 2173
2187 2192 2197 2198
2187 2186 2182 2178
2188 2194 2193 2200
2188 2189 2183 2184
2189 2188 2194 2193
2189 2183 2184 2179
2190 2191 2195 2196
2190 2185 2181 2177
2191 2195 2196 2201
2191 2190 2185 2181
2192 2197 2198 2202
2192 2187 2186 2182
2193 2200 2199 2204
2193 2194 2188 2189
2194 2193 2200 2199
2194 2188 2189 2183
2195 2196 2201 2205
2195 2191 2190 2185
2196 2201 2205 2211
2196 2195 2191 2190
2197 2198 2202 2206
2197 2192 2187 2186
2198 2202 2206 2207
2198 2197 2192 2187
2199 2204 2203 2210
2199 2200 2193 2194
2200 2199 2204 2203
2200 2193 2194 2188
2201 2205 2211 2212
2201 2196 2195 2191
2202 2206 2207 2213
2202 2198 2197 2192
2203 2210 2209 2208
2203 2204 2199 2200
2204 2203 2210 2209
2204 2199 2200 2193
2205 2211 2212 2216
2205 2201 2196 2195
2206 2207 2213 2218
2206 2202 2198 2197
2207 2213 2218 2219
2207 2206 2202 2198
2208 2215 2214 2221
2208 2209 2210 2203
2209 2208 2215 2214
2209 2210 2203 2204
2210 2209 2208 2215
2210 2203 2204 2199
2211 2212 2216 2217
2211 2205 2201 2196
2212 2216 2217 2222
2212 2211 2205 2201
2213 2218 2219 2224
2213 2207 2206 2202
2214 2221 2220 2226
2214 2215 2208 2209
2215 2214 2221 2220
2215 2208 2209 2210
2216 2217 2222 2223
2216 2212 2211 2205
2217 2222 2223 2227
2217 2216 2212 2211
2218 2219 2224 2228
2218 2213 2207 2206
2219 2224 2228 2229
2219 2218 2213 2207
2220 2226 2225 2231
2220 2221 2214 2215
2221 2220 2226 2225
2221 2214 2215 2208
2222 2223 2227 2232
2222 2217 2216 2212
2223 2227 2232 2236
2223 2222 2217 2216
2224 2228 2229 2233
2224 2219 2218 2213
2225 2231 2230 2235
2225 2226 2220 2221
2226 2225 2231 2230
2226 2220 2221 2214
2227 2232 2236 2237
2227 2223 2222 2217
2228 2229 2233 2238
2228 2224 2219 2218
2229 2233 2238 2243
2229 2228 2224 2219
2230 2235 2234 2240
2230 2231 2225 2226
2231 2230 2235 2234
2231 2225 2226 2220
2232 2236 2237 2241
2232 2227 2223 2222
2233 2238 2243 2248
2233 2229 2228 2224
2234 2240 2239 2245
2234 2235 2230 2231
2235 2234 2240 2239
2235 2230 2231 2225
2236 2237 2241 2242
2236 2232 2227 2223
2237 2241 2242 2246
2237 2236 2232 2227
2238 2243 2248 2249
2238 2233 2229 2228
2239 2245 2244 2252
2239 2240 2234 2235
2240 2239 2245 2244
2240 2234 2235 2230
2241 2242 2246 2247
2241 2237 2236 2232
2242 2246 2247 2253
2242 2241 2237 2236
2243 2248 2249 2255
2243 2238 2233 2229
2244 2252 2251 2250
2244 2245 2239 2240
2245 2244 2252 2251
2245 2239 2240 2234
2246 2247 2253 2254
2246 2242 2241 2237
2247 2253 2254 2258
2247 2246 2242 2241
2248 2249 2255 2259
2248 2243 2238 2233
2249 2255 2259 2260
2249 2248 2243 2238
2250 2257 2256 2262
2250 2251 2252 2244
2251 2250 2257 2256
2251 2252 2244 2245
2252 2251 2250 2257
2252 2244 2245 2239
2253 2254 2258 2263
2253 2247 2246 2242
2254 2258 2263 2264
2254 2253 2247 2246
2255 2259 2260 2265
2255 2249 2248 2243
2256 2262 2261 2267
2256 2257 2250 2251
2257 2256 2262 2261
2257 2250 2251 2252
2258 2263 2264 2268
2258 2254 2253 2247
2259 2260 2265 2270
2259 2255 2249 2248
2260 2265 2270 2271
2260 2259 2255 2249
2261 2267 2266 2273
2261 2262 2256 2257
2262 2261 2267 2266
2262 2256 2257 2250
2263 2264 2268 2269
2263 2258 2254 2253
2264 2268 2269 2274
2264 2263 2258 2254
2265 2270 2271 2276
2265 2260 2259 2255
2266 2273 2272 2278
2266 2267 2261 2262
2267 2266 2273 2272
2267 2261 2262 2256
2268 2269 2274 2275
2268 2264 2263 2258
2269 2274 2275 2279
2269 2268 2264 2263
2270 2271 2276 2281
2270 2265 2260 2259
2271 2276 2281 2282
2271 2270 2265 2260
2272 2278 2277 2284
2272 2273 2266 2267
2273 2272 2278 2277
2273 2266 2267 2261
2274 2275 2279 2280
2274 2269 2268 2264
2275 2279 2280 2285
2275 2274 2269 2268
2276 2281 2282 2287
2276 2271 2270 2265
2277 2284 2283 2289
2277 2278 2272 2273
2278 2277 2284 2283
2278 2272 2273 2266
2279 2280 2285 2286
2279 2275 2274 2269
2280 2285 2286 2290
2280 2279 2275 2274
2281 2282 2287 2292
2281 2276 2271 2270
2282 2287 2292 2293
2282 2281 2276 2271
2283 2289 2288 2296
2283 2284 2277 2278
2284 2283 2289 2288
2284 2277 2278 2272
2285 2286 2290 2291
2285 2280 2279 2275
2286 2290 2291 2297
2286 2285 2280 2279
2287 2292 2293 2299
2287 2282 2281 2276
2288 2296 2295 2294
2288 2289 2283 2284
2289 2288 2296 2295
2289 2283 2284 2277
2290 2291 2297 2298
2290 2286 2285 2280
2291 2297 2298 2302
2291 2290 2286 2285
2292 2293 2299 2304
2292 2287 2282 2281
2293 2299 2304 2305
2293 2292 2287 2282
2294 2301 2300 2307
2294 2295 2296 2288
2295 2294 2301 2300
2295 2296 2288 2289
2296 2295 2294 2301
2296 2288 2289 2283
2297 2298 2302 2303
2297 2291 2290 2286
2298 2302 2303 2308
2298 2297 2291 2290
2299 2304 2305 2309
2299 2293 2292 2287
2300 2307 2306 2311
2300 2301 2294 2295
2301 2300 2307 2306
2301 2294 2295 2296
2302 2303 2308 2312
2302 2298 2297 2291
2303 2308 2312 2313
2303 2302 2298 2297
2304 2305 2309 2314
2304 2299 2293 2292
2305 2309 2314 2315
2305 2304 2299 2293
2306 2311 2310 2317
2306 2307 2300 2301
2307 2306 2311 2310
2307 2300 2301 2294
2308 2312 2313 2318
2308 2303 2302 2298
2309 2314 2315 2320
2309 2305 2304 2299
2310 2317 2316 2322
2310 2311 2306 2307
2311 2310 2317 2316
2311 2306 2307 2300
2312 2313 2318 2319
2312 2308 2303 2302
2313 2318 2319 2323
2313 2312 2308 2303
2314 2315 2320 2325
2314 2309 2305 2304
2315 2320 2325 2326
2315 2314 2309 2305
2316 2322 2321 2328
2316 2317 2310 2311
2317 2316 2322 2321
2317 2310 2311 2306
2318 2319 2323 2324
2318 2313 2312 2308
2319 2323 2324 2329
2319 2318 2313 2312
2320 2325 2326 2331
2320 2315 2314 2309
2321 2328 2327 2333
2321 2322 2316 2317
2322 2321 2328 2327
2322 2316 2317 2310
2323 2324 2329 2330
2323 2319 2318 2313
2324 2329 2330 2334
2324 2323 2319 2318
2325 2326 2331 2336
2325 2320 2315 2314
2326 2331 2336 2337
2326 2325 2320 2315
2327 2333 2332 2340
2327 2328 2321 2322
2328 2327 2333 2332
2328 2321 2322 2316
2329 2330 2334 2335
2329 2324 2323 2319
2330 2334 2335 2341
2330 2329 2324 2323
2331 2336 2337 2343
2331 2326 2325 2320
2332 2340 2339 2338
2332 2333 2327 2328
2333 2332 2340 2339
2333 2327 2328 2321
2334 2335 2341 2342
2334 2330 2329 2324
2335 2341 2342 2346
2335 2334 2330 2329
2336 2337 2343 2348
2336 2331 2326 2325
2337 2343 2348 2349
2337 2336 2331 2326
2338 2345 2344 2351
2338 2339 2340 2332
2339 2338 2345 2344
2339 2340 2332 2333
2340 2339 2338 2345
2340 2332 2333 2327
2341 2342 2346 2347
2341 2335 2334 2330
2342 2346 2347 2352
2342 2341 2335 2334
2343 2348 2349 2354
2343 2337 2336 2331
2344 2351 2350 2356
2344 2345 2338 2339
2345 2344 2351 2350
2345 2338 2339 2340
2346 2347 2352 2353
2346 2342 2341 2335
2347 2352 2353 2357
2347 2346 2342 2341
2348 2349 2354 2359
2348 2343 2337 2336
2349 2354 2359 2360
2349 2348 2343 2337
2350 2356 2355 2362
2350 2351 2344 2345
2351 2350 2356 2355
2351 2344 2345 2338
2352 2353 2357 2358
2352 2347 2346 2342
2353 2357 2358 2363
2353 2352 2347 2346
2354 2359 2360 2365
2354 2349 2348 2343
2355 2362 2361 2367
2355 2356 2350 2351
2356 2355 2362 2361
2356 2350 2351 2344
2357 2358 2363 2364
2357 2353 2352 2347
2358 2363 2364 2368
2358 2357 2353 2352
2359 2360 2365 2370
2359 2354 2349 2348
2360 2365 2370 2375
2360 2359 2354 2349
2361 2367 2366 2372
2361 2362 2355 2356
2362 2361 2367 2366
2362 2355 2356 2350
2363 2364 2368 2369
2363 2358 2357 2353
2364 2368 2369 2373
2364 2363 2358 2357
2365 2370 2375 2380
2365 2360 2359 2354
2366 2372 2371 2377
2366 2367 2361 2362
2367 2366 2372 2371
2367 2361 2362 2355
2368 2369 2373 2374
2368 2364 2363 2358
2369 2373 2374 2378
2369 2368 2364 2363
2370 2375 2380 2386
2370 2365 2360 2359
2371 2377 2376 2383
2371 2372 2366 2367
2372 2371 2377 2376
2372 2366 2367 2361
2373 2374 2378 2379
2373 2369 2368 2364
2374 2378 2379 2384
2374 2373 2369 2368
2375 2380 2386 2387
2375 2370 2365 2360
2376 2383 2382 2381
2376 2377 2371 2372
2377 2376 2383 2382
2377 2371 2372 2366
2378 2379 2384 2385
2378 2374 2373 2369
2379 2384 2385 2390
2379 2378 2374 2373
2380 2386 2387 2392
2380 2375 2370 2365
2381 2389 2388 2394
2381 2382 2383 2376
2382 2381 2389 2388
2382 2383 2376 2377
2383 2382 2381 2389
2383 2376 2377 2371
2384 2385 2390 2391
2384 2379 2378 2374
2385 2390 2391 2395
2385 2384 2379 2378
2386 2387 2392 2397
2386 2380 2375 2370
2387 2392 2397 2402
2387 2386 2380 2375
2388 2394 2393 2399
2388 2389 2381 2382
2389 2388 2394 2393
2389 2381 2382 2383
2390 2391 2395 2396
2390 2385 2384 2379
2391 2395 2396 2400
2391 2390 2385 2384
2392 2397 2402 2407
2392 2387 2386 2380
2393 2399 2398 2404
2393 2394 2388 2389
2394 2393 2399 2398
2394 2388 2389 2381
2395 2396 2400 2401
2395 2391 2390 2385
2396 2400 2401 2405
2396 2395 2391 2390
2397 2402 2407 2413
2397 2392 2387 2386
2398 2404 2403 2410
2398 2399 2393 2394
2399 2398 2404 2403
2399 2393 2394 2388
2400 2401 2405 2406
2400 2396 2395 2391
2401 2405 2406 2411
2401 2400 2396 2395
2402 2407 2413 2418
2402 2397 2392 2387
2403 2410 2409 2408
2403 2404 2398 2399
2404 2403 2410 2409
2404 2398 2399 2393
2405 2406 2411 2412
2405 2401 2400 2396
2406 2411 2412 2416
2406 2405 2401 2400
2407 2413 2418 2423
2407 2402 2397 2392
2408 2415 2414 2420
2408 2409 2410 2403
2409 2408 2415 2414
2409 2410 2403 2404
2410 2409 2408 2415
2410 2403 2404 2398
2411 2412 2416 2417
2411 2406 2405 2401
2412 2416 2417 2421
2412 2411 2406 2405
2413 2418 2423 2429
2413 2407 2402 2397
2414 2420 2419 2426
2414 2415 2408 2409
2415 2414 2420 2419
2415 2408 2409 2410
2416 2417 2421 2422
2416 2412 2411 2406
2417 2421 2422 2427
2417 2416 2412 2411
2418 2423 2429 2434
2418 2413 2407 2402
2419 2426 2425 2424
2419 2420 2414 2415
2420 2419 2426 2425
2420 2414 2415 2408
2421 2422 2427 2428
2421 2417 2416 2412
2422 2427 2428 2432
2422 2421 2417 2416
2423 2429 2434 2440
2423 2418 2413 2407
2424 2431 2430 2436
2424 2425 2426 2419
2425 2424 2431 2430
2425 2426 2419 2420
2426 2425 2424 2431
2426 2419 2420 2414
2427 2428 2432 2433
2427 2422 2421 2417
2428 2432 2433 2437
2428 2427 2422 2421
2429 2434 2440 2445
2429 2423 2418 2413
2430 2436 2435 2442
2430 2431 2424 2425
2431 2430 2436 2435
2431 2424 2425 2426
2432 2433 2437 2438
2432 2428 2427 2422
2433 2437 2438 2439
2433 2432 2428 2427
2434 2440 2445 2450
2434 2429 2423 2418
2435 2442 2441 2447
2435 2436 2430 2431
2436 2435 2442 2441
2436 2430 2431 2424
2437 2438 2439 2443
2437 2433 2432 2428
2438 2439 2443 2444
2438 2437 2433 2432
2439 2443 2444 2448
2439 2438 2437 2433
2440 2445 2450 2456
2440 2434 2429 2423
2441 2447 2446 2453
2441 2442 2435 2436
2442 2441 2447 2446
2442 2435 2436 2430
2443 2444 2448 2449
2443 2439 2438 2437
2444 2448 2449 2454
2444 2443 2439 2438
2445 2450 2456 2461
2445 2440 2434 2429
2446 2453 2452 2451
2446 2447 2441 2442
2447 2446 2453 2452
2447 2441 2442 2435
2448 2449 2454 2455
2448 2444 2443 2439
2449 2454 2455 2459
2449 2448 2444 2443
2450 2456 2461 2466
2450 2445 2440 2434
2451 2458 2457 2463
2451 2452 2453 2446
2452 2451 2458 2457
2452 2453 2446 2447
2453 2452 2451 2458
2453 2446 2447 2441
2454 2455 2459 2460
2454 2449 2448 2444
2455 2459 2460 2464
2455 2454 2449 2448
2456 2461 2466 2472
2456 2450 2445 2440
2457 2463 2462 2469
2457 2458 2451 2452
2458 2457 2463 2462
2458 2451 2452 2453
2459 2460 2464 2465
2459 2455 2454 2449
2460 2464 2465 2470
2460 2459 2455 2454
2461 2466 2472 2477
2461 2456 2450 2445
2462 2469 2468 2467
2462 2463 2457 2458
2463 2462 2469 2468
2463 2457 2458 2451
2464 2465 2470 2471
2464 2460 2459 2455
2465 2470 2471 2475
2465 2464 2460 2459
2466 2472 2477 2482
2466 2461 2456 2450
2467 2474 2473 2479
2467 2468 2469 2462
2468 2467 2474 2473
2468 2469 2462 2463
2469 2468 2467 2474
2469 2462 2463 2457
2470 2471 2475 2476
2470 2465 2464 2460
2471 2475 2476 2480
2471 2470 2465 2464
2472 2477 2482 2488
2472 2466 2461 2456
2473 2479 2478 2484
2473 2474 2467 2468
2474 2473 2479 2478
2474 2467 2468 2469
2475 2476 2480 2481
2475 2471 2470 2465
2476 2480 2481 2485
2476 2475 2471 2470
2477 2482 2488 2493
2477 2472 2466 2461
2478 2484 2483 2490
2478 2479 2473 2474
2479 2478 2484 2483
2479 2473 2474 2467
2480 2481 2485 2486
2480 2476 2475 2471
2481 2485 2486 2487
2481 2480 2476 2475
2482 2488 2493 -1
2482 2477 2472 2466
2483 2490 2489 2496
2483 2484 2478 2479
2484 2483 2490 2489
2484 2478 2479 2473
2485 2486 2487 2491
2485 2481 2480 2476
2486 2487 2491 2492
2486 2485 2481 2480
2487 2491 2492 2497
2487 2486 2485 2481
2488 2482 2477 2472
2489 2496 2495 2494
2489 2490 2483 2484
2490 2489 2496 2495
2490 2483 2484 2478
2491 2492 2497 2498
2491 2487 2486 2485
2492 2497 2498 2499
2492 2491 2487 2486
2493 2488 2482 2477
2494 2501 2500 2513
2494 2495 2496 2489
2495 2494 2501 2500
2495 2496 2489 2490
2496 2495 2494 2501
2496 2489 2490 2483
2497 2498 2499 2502
2497 2492 2491 2487
2498 2499 2502 2503
2498 2497 2492 2491
2499 2502 2503 2504
2499 2498 2497 2492
2500 2513 2512 2537
2500 2501 2494 2495
2501 2500 2513 2512
2501 2494 2495 2496
2502 2503 2504 2505
2502 2499 2498 2497
2503 2504 2505 2506
2503 2502 2499 2498
2504 2505 2506 2507
2504 2503 2502 2499
2505 2506 2507 2508
2505 2504 2503 2502
2506 2507 2508 2509
2506 2505 2504 2503
2507 2508 2509 2510
2507 2506 2505 2504
2508 2509 2510 2511
2508 2507 2506 2505
2509 2510 2511 2514
2509 2508 2507 2506
2510 2511 2514 2515
2510 2509 2508 2507
2511 2514 2515 2516
2511 2510 2509 2508
2512 2537 2536 2535
2512 2513 2500 2501
2513 2512 2537 2536
2513 2500 2501 2494
2514 2515 2516 2517
2514 2511 2510 2509
2515 2516 2517 2518
2515 2514 2511 2510
2516 2517 2518 2519
2516 2515 2514 2511
2517 2518 2519 2520
2517 2516 2515 2514
2518 2519 2520 2521
2518 2517 2516 2515
2519 2520 2521 2522
2519 2518 2517 2516
2520 2521 2522 2523
2520 2519 2518 2517
2521 2522 2523 2524
2521 2520 2519 2518
2522 2523 2524 2525
2522 2521 2520 2519
2523 2524 2525 2526
2523 2522 2521 2520
2524 2525 2526 2527
2524 2523 2522 2521
2525 2526 2527 2528
2525 2524 2523 2522
2526 2527 2528 2529
2526 2525 2524 2523
2527 2528 2529 2530
2527 2526 2525 2524
2528 2529 2530 2531
2528 2527 2526 2525
2529 2530 2531 2532
2529 2528 2527 2526
2530 2531 2532 2533
2530 2529 2528 2527
2531 2532 2533 2534
2531 2530 2529 2528
2532 2533 2534 2538
2532 2531 2530 2529
2533 2534 2538 2539
2533 2532 2531 2530
2534 2538 2539 2540
2534 2533 2532 2531
2535 2553 2552 2576
2535 2536 2537 2512
2536 2535 2553 2552
2536 2537 2512 2513
2537 2536 2535 2553
2537 2512 2513 2500
2538 2539 2540 2541
2538 2534 2533 2532
2539 2540 2541 2542
2539 2538 2534 2533
2540 2541 2542 2543
2540 2539 2538 2534
2541 2542 2543 2544
2541 2540 2539 2538
2542 2543 2544 2545
2542 2541 2540 2539
2543 2544 2545 2546
2543 2542 2541 2540
2544 2545 2546 2547
2544 2543 2542 2541
2545 2546 2547 2548
2545 2544 2543 2542
2546 2547 2548 2549
2546 2545 2544 2543
2547 2548 2549 2550
2547 2546 2545 2544
2548 2549 2550 2551
2548 2547 2546 2545
2549 2550 2551 2554
2549 2548 2547 2546
2550 2551 2554 2555
2550 2549 2548 2547
2551 2554 2555 2556
2551 2550 2549 2548
2552 2576 2575 2593
2552 2553 2535 2536
2553 2552 2576 2575
2553 2535 2536 2537
2554 2555 2556 2557
2554 2551 2550 2549
2555 2556 2557 2558
2555 2554 2551 2550
2556 2557 2558 2559
2556 2555 2554 2551
2557 2558 2559 2560
2557 2556 2555 2554
2558 2559 2560 2561
2558 2557 2556 2555
2559 2560 2561 2562
2559 2558 2557 2556
2560 2561 2562 2563
2560 2559 2558 2557
2561 2562 2563 2564
2561 2560 2559 2558
2562 2563 2564 2565
2562 2561 2560 2559
2563 2564 2565 2566
2563 2562 2561 2560
2564 2565 2566 2567
2564 2563 2562 2561
2565 2566 2567 2568
2565 2564 2563 2562
2566 2567 2568 2569
2566 2565 2564 2563
2567 2568 2569 2570
2567 2566 2565 2564
2568 2569 2570 2571
2568 2567 2566 2565
2569 2570 2571 2572
2569 2568 2567 2566
2570 2571 2572 2573
2570 2569 2568 2567
2571 2572 2573 2574
2571 2570 2569 2568
2572 2573 2574 2577
2572 2571 2570 2569
2573 2574 2577 2578
2573 2572 2571 2570
2574 2577 2578 2579
2574 2573 2572 2571
2575 2593 2592 2605
2575 2576 2552 2553
2576 2575 2593 2592
2576 2552 2553 2535
2577 2578 2579 2580
2577 2574 2573 2572
2578 2579 2580 2581
2578 2577 2574 2573
2579 2580 2581 2582
2579 2578 2577 2574
2580 2581 2582 2583
2580 2579 2578 2577
2581 2582 2583 2584
2581 2580 2579 2578
2582 2583 2584 2585
2582 2581 2580 2579
2583 2584 2585 2586
2583 2582 2581 2580
2584 2585 2586 2587
2584 2583 2582 2581
2585 2586 2587 2588
2585 2584 2583 2582
2586 2587 2588 2589
2586 2585 2584 2583
2587 2588 2589 2590
2587 2586 2585 2584
2588 2589 2590 2591
2588 2587 2586 2585
2589 2590 2591 2594
2589 2588 2587 2586
2590 2591 2594 2595
2590 2589 2588 2587
2591 2594 2595 2596
2591 2590 2589 2588
2592 2605 2604 2603
2592 2593 2575 2576
2593 2592 2605 2604
2593 2575 2576 2552
2594 2595 2596 2597
2594 2591 2590 2589
2595 2596 2597 2598
2595 2594 2591 2590
2596 2597 2598 2599
2596 2595 2594 2591
2597 2598 2599 2600
2597 2596 2595 2594
2598 2599 2600 2601
2598 2597 2596 2595
2599 2600 2601 2602
2599 2598 2597 2596
2600 2601 2602 2603
2600 2599 2598 2597
2601 2602 2603 2604
2601 2600 2599 2598
2602 2601 2600 2599
2602 2603 2604 2605
2603 2602 2601 2600
2603 2604 2605 2592
2604 2603 2602 2601
2604 2605 2592 2593
2605 2604 2603 2602
2605 2592 2593 2575
