0 66 65 64
0 1 2 3
1 0 66 65
1 2 3 4
2 1 0 66
2 3 4 67
3 4 67 68
3 2 1 0
4 67 68 69
4 3 2 1
5 112 111 110
5 6 7 8
6 5 112 111
6 7 8 9
7 6 5 112
7 8 9 10
8 7 6 5
8 9 10 11
9 8 7 6
9 10 11 12
10 9 8 7
10 11 12 13
11 10 9 8
11 12 13 14
12 11 10 9
12 13 14 15
13 12 11 10
13 14 15 16
14 13 12 11
14 15 16 17
15 14 13 12
15 16 17 18
16 15 14 13
16 17 18 19
17 16 15 14
17 18 19 20
18 17 16 15
18 19 20 21
19 18 17 16
19 20 21 22
20 19 18 17
20 21 22 23
21 20 19 18
21 22 23 24
22 21 20 19
22 23 24 25
23 22 21 20
23 24 25 26
24 23 22 21
24 25 26 27
25 24 23 22
25 26 27 28
26 25 24 23
26 27 28 29
27 26 25 24
27 28 29 30
28 27 26 25
28 29 30 31
29 28 27 26
29 30 31 32
30 29 28 27
30 31 32 33
31 30 29 28
31 32 33 34
32 31 30 29
32 33 34 35
33 32 31 30
33 34 35 36
34 33 32 31
34 35 36 37
35 34 33 32
35 36 37 38
36 35 34 33
36 37 38 39
37 36 35 34
37 38 39 40
38 37 36 35
38 39 40 41
39 38 37 36
39 40 41 42
40 39 38 37
40 41 42 43
41 40 39 38
41 42 43 44
42 41 40 39
42 43 44 45
43 42 41 40
43 44 45 46
44 43 42 41
44 45 46 47
45 44 43 42
45 46 47 48
46 45 44 43
46 47 48 49
47 46 45 44
47 48 49 50
48 47 46 45
48 49 50 51
49 48 47 46
49 50 51 52
50 49 48 47
50 51 52 53
51 50 49 48
51 52 53 54
52 51 50 49
52 53 54 55
53 52 51 50
53 54 55 56
54 53 52 51
54 55 56 57
55 54 53 52
55 56 57 58
56 55 54 53
56 57 58 59
57 56 55 54
57 58 59 60
58 57 56 55
58 59 60 61
59 58 57 56
59 60 61 62
60 59 58 57
60 61 62 63
61 60 59 58
61 62 63 64
62 61 60 59
62 63 64 65
63 62 61 60
63 64 65 66
64 63 62 61
64 65 66 0
65 64 63 62
65 66 0 1
66 65 64 63
66 0 1 2
67 68 69 70
67 4 3 2
68 69 70 113
68 67 4 3
69 70 113 114
69 68 67 4
70 113 114 120
70 69 68 67
71 119 118 117
71 72 73 74
72 71 119 118
72 73 74 75
73 72 71 119
73 74 75 76
74 73 72 71
74 75 76 77
75 74 73 72
75 76 77 78
76 75 74 73
76 77 78 79
77 76 75 74
77 78 79 80
78 77 76 75
78 79 80 81
79 78 77 76
79 80 81 82
80 79 78 77
80 81 82 83
81 80 79 78
81 82 83 84
82 81 80 79
82 83 84 85
83 82 81 80
83 84 85 86
84 83 82 81
84 85 86 87
85 84 83 82
85 86 87 88
86 85 84 83
86 87 88 89
87 86 85 84
87 88 89 90
88 87 86 85
88 89 90 91
89 88 87 86
89 90 91 92
90 89 88 87
90 91 92 93
91 90 89 88
91 92 93 94
92 91 90 89
92 93 94 95
93 92 91 90
93 94 95 96
94 93 92 91
94 95 96 97
95 94 93 92
95 96 97 98
96 95 94 93
96 97 98 99
97 96 95 94
97 98 99 100
98 97 96 95
98 99 100 101
99 98 97 96
99 100 101 102
100 99 98 97
100 101 102 103
101 100 99 98
101 102 103 104
102 101 100 99
102 103 104 105
103 102 101 100
103 104 105 106
104 103 102 101
104 105 106 107
105 104 103 102
105 106 107 108
106 105 104 103
106 107 108 109
107 106 105 104
107 108 109 110
108 107 106 105
108 109 110 111
109 108 107 106
109 110 111 112
110 109 108 107
110 111 112 5
111 110 109 108
111 112 5 6
112 111 110 109
112 5 6 7
113 114 120 121
113 70 69 68
114 120 121 125
114 113 70 69
115 124 123 122
115 116 117 118
116 115 124 123
116 117 118 119
117 116 115 124
117 118 119 71
118 117 116 115
118 119 71 72
119 118 117 116
119 71 72 73
120 121 125 126
120 114 113 70
121 125 126 127
121 120 114 113
122 129 128 134
122 123 124 115
123 122 129 128
123 124 115 116
124 123 122 129
124 115 116 117
125 126 127 130
125 121 120 114
126 127 130 131
126 125 121 120
127 130 131 132
127 126 125 121
128 134 133 139
128 129 122 123
129 128 134 133
129 122 123 124
130 131 132 135
130 127 126 125
131 132 135 136
131 130 127 126
132 135 136 137
132 131 130 127
133 139 138 143
133 134 128 129
134 133 139 138
134 128 129 122
135 136 137 140
135 132 131 130
136 137 140 141
136 135 132 131
137 140 141 144
137 136 135 132
138 143 142 147
138 139 133 134
139 138 143 142
139 133 134 128
140 141 144 145
140 137 136 135
141 144 145 148
141 140 137 136
142 147 146 152
142 143 138 139
143 142 147 146
143 138 139 133
144 145 148 149
144 141 140 137
145 148 149 150
145 144 141 140
146 152 151 157
146 147 142 143
147 146 152 151
147 142 143 138
148 149 150 153
148 145 144 141
149 150 153 154
149 148 145 144
150 153 154 155
150 149 148 145
151 157 156 161
151 152 146 147
152 151 157 156
152 146 147 142
153 154 155 158
153 150 149 148
154 155 158 159
154 153 150 149
155 158 159 162
155 154 153 150
156 161 160 165
156 157 151 152
157 156 161 160
157 151 152 146
158 159 162 163
158 155 154 153
159 162 163 166
159 158 155 154
160 165 164 169
160 161 156 157
161 160 165 164
161 156 157 151
162 163 166 167
162 159 158 155
163 166 167 170
163 162 159 158
164 169 168 174
164 165 160 161
165 164 169 168
165 160 161 156
166 167 170 171
166 163 162 159
167 170 171 172
167 166 163 162
168 174 173 179
168 169 164 165
169 168 174 173
169 164 165 160
170 171 172 175
170 167 166 163
171 172 175 176
171 170 167 166
172 175 176 177
172 171 170 167
173 179 178 183
173 174 168 169
174 173 179 178
174 168 169 164
175 176 177 180
175 172 171 170
176 177 180 181
176 175 172 171
177 180 181 184
177 176 175 172
178 183 182 186
178 179 173 174
179 178 183 182
179 173 174 168
180 181 184 185
180 177 176 175
181 184 185 187
181 180 177 176
182 186 189 194
182 183 178 179
183 182 186 189
183 178 179 173
184 185 187 188
184 181 180 177
185 187 188 190
185 184 181 180
186 189 194 193
186 182 183 178
187 188 190 191
187 185 184 181
188 190 191 192
188 187 185 184
189 194 193 198
189 186 182 183
190 191 192 195
190 188 187 185
191 192 195 196
191 190 188 187
192 195 196 199
192 191 190 188
193 198 197 202
193 194 189 186
194 193 198 197
194 189 186 182
195 196 199 200
195 192 191 190
196 199 200 203
196 195 192 191
197 202 201 204
197 198 193 194
198 197 202 201
198 193 194 189
199 200 203 205
199 196 195 192
200 203 205 208
200 199 196 195
201 204 207 206
201 202 197 198
202 201 204 207
202 197 198 193
203 205 208 211
203 200 199 196
204 207 206 210
204 201 202 197
205 208 211 213
205 203 200 199
206 210 209 212
206 207 204 201
207 206 210 209
207 204 201 202
208 211 213 216
208 205 203 200
209 212 215 214
209 210 206 207
210 209 212 215
210 206 207 204
211 213 216 218
211 208 205 203
212 215 214 217
212 209 210 206
213 216 218 221
213 211 208 205
214 217 220 219
214 215 212 209
215 214 217 220
215 212 209 210
216 218 221 223
216 213 211 208
217 220 219 222
217 214 215 212
218 221 223 225
218 216 213 211
219 222 224 226
219 220 217 214
220 219 222 224
220 217 214 215
221 223 225 227
221 218 216 213
222 224 226 229
222 219 220 217
223 225 227 230
223 221 218 216
224 226 229 228
224 222 219 220
225 227 230 232
225 223 221 218
226 229 228 231
226 224 222 219
227 230 232 235
227 225 223 221
228 231 234 233
228 229 226 224
229 228 231 234
229 226 224 222
230 232 235 237
230 227 225 223
231 234 233 236
231 228 229 226
232 235 237 239
232 230 227 225
233 236 238 240
233 234 231 228
234 233 236 238
234 231 228 229
235 237 239 241
235 232 230 227
236 238 240 242
236 233 234 231
237 239 241 243
237 235 232 230
238 240 242 244
238 236 233 234
239 241 243 245
239 237 235 232
240 242 244 246
240 238 236 233
241 243 245 247
241 239 237 235
242 244 246 248
242 240 238 236
243 245 247 249
243 241 239 237
244 246 248 250
244 242 240 238
245 247 249 251
245 243 241 239
246 248 250 252
246 244 242 240
247 249 251 253
247 245 243 241
248 250 252 255
248 246 244 242
249 251 253 256
249 247 245 243
250 252 255 254
250 248 246 244
251 253 256 258
251 249 247 245
252 255 254 257
252 250 248 246
253 256 258 260
253 251 249 247
254 257 259 262
254 255 252 250
255 254 257 259
255 252 250 248
256 258 260 263
256 253 251 249
257 259 262 261
257 254 255 252
258 260 263 265
258 256 253 251
259 262 261 264
259 257 254 255
260 263 265 267
260 258 256 253
261 264 266 269
261 262 259 257
262 261 264 266
262 259 257 254
263 265 267 270
263 260 258 256
264 266 269 268
264 261 262 259
265 267 270 272
265 263 260 258
266 269 268 271
266 264 261 262
267 270 272 274
267 265 263 260
268 271 273 275
268 269 266 264
269 268 271 273
269 266 264 261
270 272 274 276
270 267 265 263
271 273 275 277
271 268 269 266
272 274 276 278
272 270 267 265
273 275 277 279
273 271 268 269
274 276 278 280
274 272 270 267
275 277 279 281
275 273 271 268
276 278 280 282
276 274 272 270
277 279 281 283
277 275 273 271
278 280 282 284
278 276 274 272
279 281 283 285
279 277 275 273
280 282 284 286
280 278 276 274
281 283 285 287
281 279 277 275
282 284 286 288
282 280 278 276
283 285 287 289
283 281 279 277
284 286 288 290
284 282 280 278
285 287 289 291
285 283 281 279
286 288 290 292
286 284 282 280
287 289 291 293
287 285 283 281
288 290 292 294
288 286 284 282
289 291 293 295
289 287 285 283
290 292 294 296
290 288 286 284
291 293 295 297
291 289 287 285
292 294 296 298
292 290 288 286
293 295 297 299
293 291 289 287
294 296 298 300
294 292 290 288
295 297 299 301
295 293 291 289
296 298 300 302
296 294 292 290
297 299 301 303
297 295 293 291
298 300 302 304
298 296 294 292
299 301 303 305
299 297 295 293
300 302 304 306
300 298 296 294
301 303 305 307
301 299 297 295
302 304 306 308
302 300 298 296
303 305 307 309
303 301 299 297
304 306 308 310
304 302 300 298
305 307 309 311
305 303 301 299
306 308 310 312
306 304 302 300
307 309 311 313
307 305 303 301
308 310 312 314
308 306 304 302
309 311 313 315
309 307 305 303
310 312 314 316
310 308 306 304
311 313 315 317
311 309 307 305
312 314 316 318
312 310 308 306
313 315 317 319
313 311 309 307
314 316 318 320
314 312 310 308
315 317 319 321
315 313 311 309
316 318 320 322
316 314 312 310
317 319 321 323
317 315 313 311
318 320 322 324
318 316 314 312
319 321 323 325
319 317 315 313
320 322 324 326
320 318 316 314
321 323 325 327
321 319 317 315
322 324 326 328
322 320 318 316
323 325 327 329
323 321 319 317
324 326 328 330
324 322 320 318
325 327 329 331
325 323 321 319
326 328 330 332
326 324 322 320
327 329 331 334
327 325 323 321
328 330 332 335
328 326 324 322
329 331 334 333
329 327 325 323
330 332 335 337
330 328 326 324
331 334 333 336
331 329 327 325
332 335 337 339
332 330 328 326
333 336 338 340
333 334 331 329
334 333 336 338
334 331 329 327
335 337 339 341
335 332 330 328
336 338 340 342
336 333 334 331
337 339 341 343
337 335 332 330
338 340 342 344
338 336 333 334
339 341 343 345
339 337 335 332
340 342 344 347
340 338 336 333
341 343 345 348
341 339 337 335
342 344 347 346
342 340 338 336
343 345 348 350
343 341 339 337
344 347 346 349
344 342 340 338
345 348 350 352
345 343 341 339
346 349 351 353
346 347 344 342
347 346 349 351
347 344 342 340
348 350 352 354
348 345 343 341
349 351 353 355
349 346 347 344
350 352 354 356
350 348 345 343
351 353 355 357
351 349 346 347
352 354 356 358
352 350 348 345
353 355 357 359
353 351 349 346
354 356 358 360
354 352 350 348
355 357 359 361
355 353 351 349
356 358 360 362
356 354 352 350
357 359 361 363
357 355 353 351
358 360 362 364
358 356 354 352
359 361 363 365
359 357 355 353
360 362 364 366
360 358 356 354
361 363 365 367
361 359 357 355
362 364 366 368
362 360 358 356
363 365 367 369
363 361 359 357
364 366 368 370
364 362 360 358
365 367 369 371
365 363 361 359
366 368 370 372
366 364 362 360
367 369 371 373
367 365 363 361
368 370 372 374
368 366 364 362
369 371 373 375
369 367 365 363
370 372 374 376
370 368 366 364
371 373 375 377
371 369 367 365
372 374 376 378
372 370 368 366
373 375 377 379
373 371 369 367
374 376 378 380
374 372 370 368
375 377 379 381
375 373 371 369
376 378 380 382
376 374 372 370
377 379 381 383
377 375 373 371
378 380 382 384
378 376 374 372
379 381 383 386
379 377 375 373
380 382 384 385
380 378 376 374
381 383 386 388
381 379 377 375
382 384 385 387
382 380 378 376
383 386 388 390
383 381 379 377
384 385 387 389
384 382 380 378
385 387 389 391
385 384 382 380
386 388 390 392
386 383 381 379
387 389 391 393
387 385 384 382
388 390 392 394
388 386 383 381
389 391 393 395
389 387 385 384
390 392 394 396
390 388 386 383
391 393 395 397
391 389 387 385
392 394 396 398
392 390 388 386
393 395 397 399
393 391 389 387
394 396 398 400
394 392 390 388
395 397 399 401
395 393 391 389
396 398 400 402
396 394 392 390
397 399 401 403
397 395 393 391
398 400 402 404
398 396 394 392
399 401 403 405
399 397 395 393
400 402 404 406
400 398 396 394
401 403 405 407
401 399 397 395
402 404 406 408
402 400 398 396
403 405 407 409
403 401 399 397
404 406 408 410
404 402 400 398
405 407 409 411
405 403 401 399
406 408 410 412
406 404 402 400
407 409 411 413
407 405 403 401
408 410 412 414
408 406 404 402
409 411 413 415
409 407 405 403
410 412 414 416
410 408 406 404
411 413 415 417
411 409 407 405
412 414 416 418
412 410 408 406
413 415 417 419
413 411 409 407
414 416 418 420
414 412 410 408
415 417 419 421
415 413 411 409
416 418 420 422
416 414 412 410
417 419 421 423
417 415 413 411
418 420 422 424
418 416 414 412
419 421 423 425
419 417 415 413
420 422 424 426
420 418 416 414
421 423 425 427
421 419 417 415
422 424 426 428
422 420 418 416
423 425 427 429
423 421 419 417
424 426 428 430
424 422 420 418
425 427 429 431
425 423 421 419
426 428 430 432
426 424 422 420
427 429 431 433
427 425 423 421
428 430 432 434
428 426 424 422
429 431 433 435
429 427 425 423
430 432 434 436
430 428 426 424
431 433 435 437
431 429 427 425
432 434 436 438
432 430 428 426
433 435 437 439
433 431 429 427
434 436 438 440
434 432 430 428
435 437 439 441
435 433 431 429
436 438 440 442
436 434 432 430
437 439 441 443
437 435 433 431
438 440 442 444
438 436 434 432
439 441 443 445
439 437 435 433
440 442 444 446
440 438 436 434
441 443 445 447
441 439 437 435
442 444 446 448
442 440 438 436
443 445 447 449
443 441 439 437
444 446 448 451
444 442 440 438
445 447 449 452
445 443 441 439
446 448 451 450
446 444 442 440
447 449 452 454
447 445 443 441
448 451 450 453
448 446 444 442
449 452 454 456
449 447 445 443
450 453 455 457
450 451 448 446
451 450 453 455
451 448 446 444
452 454 456 458
452 449 447 445
453 455 457 459
453 450 451 448
454 456 458 460
454 452 449 447
455 457 459 461
455 453 450 451
456 458 460 462
456 454 452 449
457 459 461 463
457 455 453 450
458 460 462 464
458 456 454 452
459 461 463 465
459 457 455 453
460 462 464 466
460 458 456 454
461 463 465 467
461 459 457 455
462 464 466 468
462 460 458 456
463 465 467 469
463 461 459 457
464 466 468 470
464 462 460 458
465 467 469 471
465 463 461 459
466 468 470 472
466 464 462 460
467 469 471 473
467 465 463 461
468 470 472 474
468 466 464 462
469 471 473 475
469 467 465 463
470 472 474 476
470 468 466 464
471 473 475 477
471 469 467 465
472 474 476 478
472 470 468 466
473 475 477 479
473 471 469 467
474 476 478 480
474 472 470 468
475 477 479 481
475 473 471 469
476 478 480 482
476 474 472 470
477 479 481 483
477 475 473 471
478 480 482 484
478 476 474 472
479 481 483 486
479 477 475 473
480 482 484 485
480 478 476 474
481 483 486 488
481 479 477 475
482 484 485 487
482 480 478 476
483 486 488 490
483 481 479 477
484 485 487 489
484 482 480 478
485 487 489 491
485 484 482 480
486 488 490 492
486 483 481 479
487 489 491 493
487 485 484 482
488 490 492 494
488 486 483 481
489 491 493 495
489 487 485 484
490 492 494 496
490 488 486 483
491 493 495 497
491 489 487 485
492 494 496 498
492 490 488 486
493 495 497 499
493 491 489 487
494 496 498 500
494 492 490 488
495 497 499 501
495 493 491 489
496 498 500 502
496 494 492 490
497 499 501 503
497 495 493 491
498 500 502 504
498 496 494 492
499 501 503 505
499 497 495 493
500 502 504 506
500 498 496 494
501 503 505 507
501 499 497 495
502 504 506 508
502 500 498 496
503 505 507 509
503 501 499 497
504 506 508 510
504 502 500 498
505 507 509 511
505 503 501 499
506 508 510 512
506 504 502 500
507 509 511 513
507 505 503 501
508 510 512 514
508 506 504 502
509 511 513 515
509 507 505 503
510 512 514 516
510 508 506 504
511 513 515 517
511 509 507 505
512 514 516 518
512 510 508 506
513 515 517 519
513 511 509 507
514 516 518 520
514 512 510 508
515 517 519 521
515 513 511 509
516 518 520 522
516 514 512 510
517 519 521 523
517 515 513 511
518 520 522 524
518 516 514 512
519 521 523 525
519 517 515 513
520 522 524 526
520 518 516 514
521 523 525 527
521 519 517 515
522 524 526 528
522 520 518 516
523 525 527 529
523 521 519 517
524 526 528 530
524 522 520 518
525 527 529 531
525 523 521 519
526 528 530 532
526 524 522 520
527 529 531 533
527 525 523 521
528 530 532 534
528 526 524 522
529 531 533 535
529 527 525 523
530 532 534 536
530 528 526 524
531 533 535 537
531 529 527 525
532 534 536 538
532 530 528 526
533 535 537 539
533 531 529 527
534 536 538 540
534 532 530 528
535 537 539 541
535 533 531 529
536 538 540 542
536 534 532 530
537 539 541 543
537 535 533 531
538 540 542 544
538 536 534 532
539 541 543 545
539 537 535 533
540 542 544 546
540 538 536 534
541 543 545 547
541 539 537 535
542 544 546 548
542 540 538 536
543 545 547 549
543 541 539 537
544 546 548 550
544 542 540 538
545 547 549 551
545 543 541 539
546 548 550 552
546 544 542 540
547 549 551 553
547 545 543 541
548 550 552 554
548 546 544 542
549 551 553 555
549 547 545 543
550 552 554 557
550 548 546 544
551 553 555 556
551 549 547 545
552 554 557 559
552 550 548 546
553 555 556 558
553 551 549 547
554 557 559 561
554 552 550 548
555 556 558 560
555 553 551 549
556 558 560 562
556 555 553 551
557 559 561 563
557 554 552 550
558 560 562 564
558 556 555 553
559 561 563 565
559 557 554 552
560 562 564 566
560 558 556 555
561 563 565 567
561 559 557 554
562 564 566 568
562 560 558 556
563 565 567 569
563 561 559 557
564 566 568 570
564 562 560 558
565 567 569 571
565 563 561 559
566 568 570 572
566 564 562 560
567 569 571 573
567 565 563 561
568 570 572 574
568 566 564 562
569 571 573 575
569 567 565 563
570 572 574 576
570 568 566 564
571 573 575 577
571 569 567 565
572 574 576 578
572 570 568 566
573 575 577 579
573 571 569 567
574 576 578 580
574 572 570 568
575 577 579 581
575 573 571 569
576 578 580 582
576 574 572 570
577 579 581 583
577 575 573 571
578 580 582 584
578 576 574 572
579 581 583 585
579 577 575 573
580 582 584 586
580 578 576 574
581 583 585 587
581 579 577 575
582 584 586 588
582 580 578 576
583 585 587 589
583 581 579 577
584 586 588 590
584 582 580 578
585 587 589 591
585 583 581 579
586 588 590 592
586 584 582 580
587 589 591 593
587 585 583 581
588 590 592 594
588 586 584 582
589 591 593 595
589 587 585 583
590 592 594 596
590 588 586 584
591 593 595 597
591 589 587 585
592 594 596 598
592 590 588 586
593 595 597 599
593 591 589 587
594 596 598 600
594 592 590 588
595 597 599 601
595 593 591 589
596 598 600 602
596 594 592 590
597 599 601 603
597 595 593 591
598 600 602 604
598 596 594 592
599 601 603 605
599 597 595 593
600 602 604 606
600 598 596 594
601 603 605 607
601 599 597 595
602 604 606 608
602 600 598 596
603 605 607 609
603 601 599 597
604 606 608 610
604 602 600 598
605 607 609 611
605 603 601 599
606 608 610 612
606 604 602 600
607 609 611 613
607 605 603 601
608 610 612 614
608 606 604 602
609 611 613 615
609 607 605 603
610 612 614 616
610 608 606 604
611 613 615 617
611 609 607 605
612 614 616 618
612 610 608 606
613 615 617 619
613 611 609 607
614 616 618 620
614 612 610 608
615 617 619 621
615 613 611 609
616 618 620 622
616 614 612 610
617 619 621 623
617 615 613 611
618 620 622 624
618 616 614 612
619 621 623 625
619 617 615 613
620 622 624 626
620 618 616 614
621 623 625 627
621 619 617 615
622 624 626 628
622 620 618 616
623 625 627 629
623 621 619 617
624 626 628 630
624 622 620 618
625 627 629 631
625 623 621 619
626 628 630 632
626 624 622 620
627 629 631 633
627 625 623 621
628 630 632 634
628 626 624 622
629 631 633 635
629 627 625 623
630 632 634 636
630 628 626 624
631 633 635 637
631 629 627 625
632 634 636 638
632 630 628 626
633 635 637 639
633 631 629 627
634 636 638 640
634 632 630 628
635 637 639 641
635 633 631 629
636 638 640 642
636 634 632 630
637 639 641 643
637 635 633 631
638 640 642 644
638 636 634 632
639 641 643 645
639 637 635 633
640 642 644 646
640 638 636 634
641 643 645 647
641 639 637 635
642 644 646 648
642 640 638 636
643 645 647 649
643 641 639 637
644 646 648 650
644 642 640 638
645 647 649 651
645 643 641 639
646 648 650 652
646 644 642 640
647 649 651 653
647 645 643 641
648 650 652 654
648 646 644 642
649 651 653 655
649 647 645 643
650 652 654 656
650 648 646 644
651 653 655 657
651 649 647 645
652 654 656 658
652 650 648 646
653 655 657 659
653 651 649 647
654 656 658 660
654 652 650 648
655 657 659 661
655 653 651 649
656 658 660 662
656 654 652 650
657 659 661 663
657 655 653 651
658 660 662 664
658 656 654 652
659 661 663 665
659 657 655 653
660 662 664 666
660 658 656 654
661 663 665 667
661 659 657 655
662 664 666 668
662 660 658 656
663 665 667 669
663 661 659 657
664 666 668 670
664 662 660 658
665 667 669 671
665 663 661 659
666 668 670 672
666 664 662 660
667 669 671 673
667 665 663 661
668 670 672 674
668 666 664 662
669 671 673 675
669 667 665 663
670 672 674 676
670 668 666 664
671 673 675 677
671 669 667 665
672 674 676 678
672 670 668 666
673 675 677 679
673 671 669 667
674 676 678 680
674 672 670 668
675 677 679 681
675 673 671 669
676 678 680 682
676 674 672 670
677 679 681 683
677 675 673 671
678 680 682 684
678 676 674 672
679 681 683 685
679 677 675 673
680 682 684 686
680 678 676 674
681 683 685 687
681 679 677 675
682 684 686 688
682 680 678 676
683 685 687 689
683 681 679 677
684 686 688 690
684 682 680 678
685 687 689 691
685 683 681 679
686 688 690 692
686 684 682 680
687 689 691 693
687 685 683 681
688 690 692 694
688 686 684 682
689 691 693 695
689 687 685 683
690 692 694 696
690 688 686 684
691 693 695 697
691 689 687 685
692 694 696 698
692 690 688 686
693 695 697 699
693 691 689 687
694 696 698 700
694 692 690 688
695 697 699 701
695 693 691 689
696 698 700 702
696 694 692 690
697 699 701 703
697 695 693 691
698 700 702 704
698 696 694 692
699 701 703 705
699 697 695 693
700 702 704 706
700 698 696 694
701 703 705 707
701 699 697 695
702 704 706 708
702 700 698 696
703 705 707 709
703 701 699 697
704 706 708 710
704 702 700 698
705 707 709 711
705 703 701 699
706 708 710 712
706 704 702 700
707 709 711 713
707 705 703 701
708 710 712 714
708 706 704 702
709 711 713 715
709 707 705 703
710 712 714 716
710 708 706 704
711 713 715 717
711 709 707 705
712 714 716 718
712 710 708 706
713 715 717 719
713 711 709 707
714 716 718 720
714 712 710 708
715 717 719 721
715 713 711 709
716 718 720 722
716 714 712 710
717 719 721 723
717 715 713 711
718 720 722 724
718 716 714 712
719 721 723 725
719 717 715 713
720 722 724 726
720 718 716 714
721 723 725 727
721 719 717 715
722 724 726 728
722 720 718 716
723 725 727 729
723 721 719 717
724 726 728 730
724 722 720 718
725 727 729 731
725 723 721 719
726 728 730 732
726 724 722 720
727 729 731 733
727 725 723 721
728 730 732 734
728 726 724 722
729 731 733 735
729 727 725 723
730 732 734 736
730 728 726 724
731 733 735 737
731 729 727 725
732 734 736 738
732 730 728 726
733 735 737 739
733 731 729 727
734 736 738 740
734 732 730 728
735 737 739 741
735 733 731 729
736 738 740 742
736 734 732 730
737 739 741 743
737 735 733 731
738 740 742 744
738 736 734 732
739 741 743 745
739 737 735 733
740 742 744 746
740 738 736 734
741 743 745 747
741 739 737 735
742 744 746 748
742 740 738 736
743 745 747 749
743 741 739 737
744 746 748 750
744 742 740 738
745 747 749 751
745 743 741 739
746 748 750 752
746 744 742 740
747 749 751 753
747 745 743 741
748 750 752 754
748 746 744 742
749 751 753 755
749 747 745 743
750 752 754 756
750 748 746 744
751 753 755 757
751 749 747 745
752 754 756 758
752 750 748 746
753 755 757 759
753 751 749 747
754 756 758 760
754 752 750 748
755 757 759 761
755 753 751 749
756 758 760 762
756 754 752 750
757 759 761 763
757 755 753 751
758 760 762 764
758 756 754 752
759 761 763 765
759 757 755 753
760 762 764 766
760 758 756 754
761 763 765 767
761 759 757 755
762 764 766 768
762 760 758 756
763 765 767 769
763 761 759 757
764 766 768 770
764 762 760 758
765 767 769 771
765 763 761 759
766 768 770 772
766 764 762 760
767 769 771 773
767 765 763 761
768 770 772 774
768 766 764 762
769 771 773 775
769 767 765 763
770 772 774 776
770 768 766 764
771 773 775 777
771 769 767 765
772 774 776 778
772 770 768 766
773 775 777 779
773 771 769 767
774 776 778 780
774 772 770 768
775 777 779 781
775 773 771 769
776 778 780 782
776 774 772 770
777 779 781 783
777 775 773 771
778 780 782 784
778 776 774 772
779 781 783 785
779 777 775 773
780 782 784 786
780 778 776 774
781 783 785 787
781 779 777 775
782 784 786 788
782 780 778 776
783 785 787 789
783 781 779 777
784 786 788 790
784 782 780 778
785 787 789 791
785 783 781 779
786 788 790 792
786 784 782 780
787 789 791 793
787 785 783 781
788 790 792 794
788 786 784 782
789 791 793 795
789 787 785 783
790 792 794 796
790 788 786 784
791 793 795 797
791 789 787 785
792 794 796 798
792 790 788 786
793 795 797 799
793 791 789 787
794 796 798 800
794 792 790 788
795 797 799 801
795 793 791 789
796 798 800 802
796 794 792 790
797 799 801 803
797 795 793 791
798 800 802 804
798 796 794 792
799 801 803 805
799 797 795 793
800 802 804 806
800 798 796 794
801 803 805 807
801 799 797 795
802 804 806 808
802 800 798 796
803 805 807 809
803 801 799 797
804 806 808 810
804 802 800 798
805 807 809 811
805 803 801 799
806 808 810 812
806 804 802 800
807 809 811 813
807 805 803 801
808 810 812 814
808 806 804 802
809 811 813 815
809 807 805 803
810 812 814 816
810 808 806 804
811 813 815 817
811 809 807 805
812 814 816 818
812 810 808 806
813 815 817 819
813 811 809 807
814 816 818 820
814 812 810 808
815 817 819 821
815 813 811 809
816 818 820 822
816 814 812 810
817 819 821 823
817 815 813 811
818 820 822 824
818 816 814 812
819 821 823 825
819 817 815 813
820 822 824 826
820 818 816 814
821 823 825 827
821 819 817 815
822 824 826 828
822 820 818 816
823 825 827 829
823 821 819 817
824 826 828 830
824 822 820 818
825 827 829 831
825 823 821 819
826 828 830 832
826 824 822 820
827 829 831 833
827 825 823 821
828 830 832 834
828 826 824 822
829 831 833 835
829 827 825 823
830 832 834 836
830 828 826 824
831 833 835 837
831 829 827 825
832 834 836 838
832 830 828 826
833 835 837 839
833 831 829 827
834 836 838 841
834 832 830 828
835 837 839 842
835 833 831 829
836 838 841 840
836 834 832 830
837 839 842 844
837 835 833 831
838 841 840 843
838 836 834 832
839 842 844 846
839 837 835 833
840 843 845 847
840 841 838 836
841 840 843 845
841 838 836 834
842 844 846 848
842 839 837 835
843 845 847 849
843 840 841 838
844 846 848 850
844 842 839 837
845 847 849 851
845 843 840 841
846 848 850 852
846 844 842 839
847 849 851 853
847 845 843 840
848 850 852 854
848 846 844 842
849 851 853 855
849 847 845 843
850 852 854 856
850 848 846 844
851 853 855 857
851 849 847 845
852 854 856 858
852 850 848 846
853 855 857 859
853 851 849 847
854 856 858 860
854 852 850 848
855 857 859 861
855 853 851 849
856 858 860 862
856 854 852 850
857 859 861 863
857 855 853 851
858 860 862 864
858 856 854 852
859 861 863 865
859 857 855 853
860 862 864 866
860 858 856 854
861 863 865 867
861 859 857 855
862 864 866 868
862 860 858 856
863 865 867 869
863 861 859 857
864 866 868 870
864 862 860 858
865 867 869 871
865 863 861 859
866 868 870 872
866 864 862 860
867 869 871 873
867 865 863 861
868 870 872 874
868 866 864 862
869 871 873 875
869 867 865 863
870 872 874 876
870 868 866 864
871 873 875 877
871 869 867 865
872 874 876 878
872 870 868 866
873 875 877 879
873 871 869 867
874 876 878 880
874 872 870 868
875 877 879 881
875 873 871 869
876 878 880 882
876 874 872 870
877 879 881 883
877 875 873 871
878 880 882 884
878 876 874 872
879 881 883 885
879 877 875 873
880 882 884 886
880 878 876 874
881 883 885 888
881 879 877 875
882 884 886 887
882 880 878 876
883 885 888 890
883 881 879 877
884 886 887 889
884 882 880 878
885 888 890 892
885 883 881 879
886 887 889 891
886 884 882 880
887 889 891 893
887 886 884 882
888 890 892 894
888 885 883 881
889 891 893 895
889 887 886 884
890 892 894 896
890 888 885 883
891 893 895 897
891 889 887 886
892 894 896 898
892 890 888 885
893 895 897 899
893 891 889 887
894 896 898 900
894 892 890 888
895 897 899 901
895 893 891 889
896 898 900 902
896 894 892 890
897 899 901 903
897 895 893 891
898 900 902 904
898 896 894 892
899 901 903 905
899 897 895 893
900 902 904 906
900 898 896 894
901 903 905 907
901 899 897 895
902 904 906 908
902 900 898 896
903 905 907 909
903 901 899 897
904 906 908 910
904 902 900 898
905 907 909 911
905 903 901 899
906 908 910 912
906 904 902 900
907 909 911 913
907 905 903 901
908 910 912 914
908 906 904 902
909 911 913 915
909 907 905 903
910 912 914 916
910 908 906 904
911 913 915 917
911 909 907 905
912 914 916 918
912 910 908 906
913 915 917 919
913 911 909 907
914 916 918 920
914 912 910 908
915 917 919 921
915 913 911 909
916 918 920 922
916 914 912 910
917 919 921 923
917 915 913 911
918 920 922 924
918 916 914 912
919 921 923 925
919 917 915 913
920 922 924 926
920 918 916 914
921 923 925 927
921 919 917 915
922 924 926 928
922 920 918 916
923 925 927 929
923 921 919 917
924 926 928 930
924 922 920 918
925 927 929 931
925 923 921 919
926 928 930 932
926 924 922 920
927 929 931 933
927 925 923 921
928 930 932 934
928 926 924 922
929 931 933 935
929 927 925 923
930 932 934 936
930 928 926 924
931 933 935 937
931 929 927 925
932 934 936 938
932 930 928 926
933 935 937 939
933 931 929 927
934 936 938 940
934 932 930 928
935 937 939 941
935 933 931 929
936 938 940 942
936 934 932 930
937 939 941 943
937 935 933 931
938 940 942 944
938 936 934 932
939 941 943 945
939 937 935 933
940 942 944 947
940 938 936 934
941 943 945 946
941 939 937 935
942 944 947 949
942 940 938 936
943 945 946 948
943 941 939 937
944 947 949 951
944 942 940 938
945 946 948 950
945 943 941 939
946 948 950 952
946 945 943 941
947 949 951 953
947 944 942 940
948 950 952 954
948 946 945 943
949 951 953 955
949 947 944 942
950 952 954 956
950 948 946 945
951 953 955 957
951 949 947 944
952 954 956 958
952 950 948 946
953 955 957 959
953 951 949 947
954 956 958 960
954 952 950 948
955 957 959 961
955 953 951 949
956 958 960 962
956 954 952 950
957 959 961 963
957 955 953 951
958 960 962 964
958 956 954 952
959 961 963 965
959 957 955 953
960 962 964 966
960 958 956 954
961 963 965 967
961 959 957 955
962 964 966 968
962 960 958 956
963 965 967 969
963 961 959 957
964 966 968 970
964 962 960 958
965 967 969 971
965 963 961 959
966 968 970 972
966 964 962 960
967 969 971 973
967 965 963 961
968 970 972 974
968 966 964 962
969 971 973 976
969 967 965 963
970 972 974 975
970 968 966 964
971 973 976 978
971 969 967 965
972 974 975 977
972 970 968 966
973 976 978 980
973 971 969 967
974 975 977 979
974 972 970 968
975 977 979 981
975 974 972 970
976 978 980 983
976 973 971 969
977 979 981 982
977 975 974 972
978 980 983 985
978 976 973 971
979 981 982 984
979 977 975 974
980 983 985 987
980 978 976 973
981 982 984 986
981 979 977 975
982 984 986 988
982 981 979 977
983 985 987 990
983 980 978 976
984 986 988 989
984 982 981 979
985 987 990 992
985 983 980 978
986 988 989 991
986 984 982 981
987 990 992 994
987 985 983 980
988 989 991 993
988 986 984 982
989 991 993 995
989 988 986 984
990 992 994 996
990 987 985 983
991 993 995 997
991 989 988 986
992 994 996 998
992 990 987 985
993 995 997 999
993 991 989 988
994 996 998 1000
994 992 990 987
995 997 999 1001
995 993 991 989
996 998 1000 1002
996 994 992 990
997 999 1001 1003
997 995 993 991
998 1000 1002 1004
998 996 994 992
999 1001 1003 1005
999 997 995 993
1000 1002 1004 1006
1000 998 996 994
1001 1003 1005 1007
1001 999 997 995
1002 1004 1006 1008
1002 1000 998 996
1003 1005 1007 1009
1003 1001 999 997
1004 1006 1008 1011
1004 1002 1000 998
1005 1007 1009 1010
1005 1003 1001 999
1006 1008 1011 1013
1006 1004 1002 1000
1007 1009 1010 1012
1007 1005 1003 1001
1008 1011 1013 1016
1008 1006 1004 1002
1009 1010 1012 1014
1009 1007 1005 1003
1010 1012 1014 1015
1010 1009 1007 1005
1011 1013 1016 1018
1011 1008 1006 1004
1012 1014 1015 1017
1012 1010 1009 1007
1013 1016 1018 1020
1013 1011 1008 1006
1014 1015 1017 1019
1014 1012 1010 1009
1015 1017 1019 1021
1015 1014 1012 1010
1016 1018 1020 1022
1016 1013 1011 1008
1017 1019 1021 1023
1017 1015 1014 1012
1018 1020 1022 1025
1018 1016 1013 1011
1019 1021 1023 1024
1019 1017 1015 1014
1020 1022 1025 1027
1020 1018 1016 1013
1021 1023 1024 1026
1021 1019 1017 1015
1022 1025 1027 1030
1022 1020 1018 1016
1023 1024 1026 1028
1023 1021 1019 1017
1024 1026 1028 1029
1024 1023 1021 1019
1025 1027 1030 1032
1025 1022 1020 1018
1026 1028 1029 1031
1026 1024 1023 1021
1027 1030 1032 1035
1027 1025 1022 1020
1028 1029 1031 1033
1028 1026 1024 1023
1029 1031 1033 1034
1029 1028 1026 1024
1030 1032 1035 1038
1030 1027 1025 1022
1031 1033 1034 1036
1031 1029 1028 1026
1032 1035 1038 1041
1032 1030 1027 1025
1033 1034 1036 1037
1033 1031 1029 1028
1034 1036 1037 1039
1034 1033 1031 1029
1035 1038 1041 1040
1035 1032 1030 1027
1036 1037 1039 1042
1036 1034 1033 1031
1037 1039 1042 1043
1037 1036 1034 1033
1038 1041 1040 1045
1038 1035 1032 1030
1039 1042 1043 1046
1039 1037 1036 1034
1040 1045 1044 1050
1040 1041 1038 1035
1041 1040 1045 1044
1041 1038 1035 1032
1042 1043 1046 1047
1042 1039 1037 1036
1043 1046 1047 1051
1043 1042 1039 1037
1044 1050 1049 1048
1044 1045 1040 1041
1045 1044 1050 1049
1045 1040 1041 1038
1046 1047 1051 1052
1046 1043 1042 1039
1047 1051 1052 1055
1047 1046 1043 1042
1048 1054 1053 1058
1048 1049 1050 1044
1049 1048 1054 1053
1049 1050 1044 1045
1050 1049 1048 1054
1050 1044 1045 1040
1051 1052 1055 1059
1051 1047 1046 1043
1052 1055 1059 1062
1052 1051 1047 1046
1053 1058 1057 1056
1053 1054 1048 1049
1054 1053 1058 1057
1054 1048 1049 1050
1055 1059 1062 1063
1055 1052 1051 1047
1056 1061 1060 1066
1056 1057 1058 1053
1057 1056 1061 1060
1057 1058 1053 1054
1058 1057 1056 1061
1058 1053 1054 1048
1059 1062 1063 1067
1059 1055 1052 1051
1060 1066 1065 1064
1060 1061 1056 1057
1061 1060 1066 1065
1061 1056 1057 1058
1062 1063 1067 1068
1062 1059 1055 1052
1063 1067 1068 1071
1063 1062 1059 1055
1064 1070 1069 1075
1064 1065 1066 1060
1065 1064 1070 1069
1065 1066 1060 1061
1066 1065 1064 1070
1066 1060 1061 1056
1067 1068 1071 1072
1067 1063 1062 1059
1068 1071 1072 1076
1068 1067 1063 1062
1069 1075 1074 1073
1069 1070 1064 1065
1070 1069 1075 1074
1070 1064 1065 1066
1071 1072 1076 1077
1071 1068 1067 1063
1072 1076 1077 1080
1072 1071 1068 1067
1073 1079 1078 1084
1073 1074 1075 1069
1074 1073 1079 1078
1074 1075 1069 1070
1075 1074 1073 1079
1075 1069 1070 1064
1076 1077 1080 1081
1076 1072 1071 1068
1077 1080 1081 1085
1077 1076 1072 1071
1078 1084 1083 1082
1078 1079 1073 1074
1079 1078 1084 1083
1079 1073 1074 1075
1080 1081 1085 1086
1080 1077 1076 1072
1081 1085 1086 1089
1081 1080 1077 1076
1082 1088 1087 1093
1082 1083 1084 1078
1083 1082 1088 1087
1083 1084 1078 1079
1084 1083 1082 1088
1084 1078 1079 1073
1085 1086 1089 1090
1085 1081 1080 1077
1086 1089 1090 1094
1086 1085 1081 1080
1087 1093 1092 1091
1087 1088 1082 1083
1088 1087 1093 1092
1088 1082 1083 1084
1089 1090 1094 1095
1089 1086 1085 1081
1090 1094 1095 1098
1090 1089 1086 1085
1091 1097 1096 1102
1091 1092 1093 1087
1092 1091 1097 1096
1092 1093 1087 1088
1093 1092 1091 1097
1093 1087 1088 1082
1094 1095 1098 1099
1094 1090 1089 1086
1095 1098 1099 1103
1095 1094 1090 1089
1096 1102 1101 1100
1096 1097 1091 1092
1097 1096 1102 1101
1097 1091 1092 1093
1098 1099 1103 1106
1098 1095 1094 1090
1099 1103 1106 1107
1099 1098 1095 1094
1100 1105 1104 1110
1100 1101 1102 1096
1101 1100 1105 1104
1101 1102 1096 1097
1102 1101 1100 1105
1102 1096 1097 1091
1103 1106 1107 1111
1103 1099 1098 1095
1104 1110 1109 1108
1104 1105 1100 1101
1105 1104 1110 1109
1105 1100 1101 1102
1106 1107 1111 1112
1106 1103 1099 1098
1107 1111 1112 1113
1107 1106 1103 1099
1108 1115 1114 1120
1108 1109 1110 1104
1109 1108 1115 1114
1109 1110 1104 1105
1110 1109 1108 1115
1110 1104 1105 1100
1111 1112 1113 1116
1111 1107 1106 1103
1112 1113 1116 1117
1112 1111 1107 1106
1113 1116 1117 1121
1113 1112 1111 1107
1114 1120 1119 1118
1114 1115 1108 1109
1115 1114 1120 1119
1115 1108 1109 1110
1116 1117 1121 1122
1116 1113 1112 1111
1117 1121 1122 1125
1117 1116 1113 1112
1118 1124 1123 1129
1118 1119 1120 1114
1119 1118 1124 1123
1119 1120 1114 1115
1120 1119 1118 1124
1120 1114 1115 1108
1121 1122 1125 1126
1121 1117 1116 1113
1122 1125 1126 1130
1122 1121 1117 1116
1123 1129 1128 1127
1123 1124 1118 1119
1124 1123 1129 1128
1124 1118 1119 1120
1125 1126 1130 1131
1125 1122 1121 1117
1126 1130 1131 1132
1126 1125 1122 1121
1127 1134 1133 1150
1127 1128 1129 1123
1128 1127 1134 1133
1128 1129 1123 1124
1129 1128 1127 1134
1129 1123 1124 1118
1130 1131 1132 1135
1130 1126 1125 1122
1131 1132 1135 1136
1131 1130 1126 1125
1132 1135 1136 1137
1132 1131 1130 1126
1133 1150 1149 1148
1133 1134 1127 1128
1134 1133 1150 1149
1134 1127 1128 1129
1135 1136 1137 1138
1135 1132 1131 1130
1136 1137 1138 1139
1136 1135 1132 1131
1137 1138 1139 1140
1137 1136 1135 1132
1138 1139 1140 1141
1138 1137 1136 1135
1139 1140 1141 1142
1139 1138 1137 1136
1140 1141 1142 1143
1140 1139 1138 1137
1141 1142 1143 1144
1141 1140 1139 1138
1142 1143 1144 1145
1142 1141 1140 1139
1143 1144 1145 1146
1143 1142 1141 1140
1144 1145 1146 1147
1144 1143 1142 1141
1145 1146 1147 1151
1145 1144 1143 1142
1146 1147 1151 1152
1146 1145 1144 1143
1147 1151 1152 1153
1147 1146 1145 1144
1148 1196 1195 1255
1148 1149 1150 1133
1149 1148 1196 1195
1149 1150 1133 1134
1150 1149 1148 1196
1150 1133 1134 1127
1151 1152 1153 1154
1151 1147 1146 1145
1152 1153 1154 1155
1152 1151 1147 1146
1153 1154 1155 1156
1153 1152 1151 1147
1154 1155 1156 1157
1154 1153 1152 1151
1155 1156 1157 1158
1155 1154 1153 1152
1156 1157 1158 1159
1156 1155 1154 1153
1157 1158 1159 1160
1157 1156 1155 1154
1158 1159 1160 1161
1158 1157 1156 1155
1159 1160 1161 1162
1159 1158 1157 1156
1160 1161 1162 1163
1160 1159 1158 1157
1161 1162 1163 1164
1161 1160 1159 1158
1162 1163 1164 1165
1162 1161 1160 1159
1163 1164 1165 1166
1163 1162 1161 1160
1164 1165 1166 1167
1164 1163 1162 1161
1165 1166 1167 1168
1165 1164 1163 1162
1166 1167 1168 1169
1166 1165 1164 1163
1167 1168 1169 1170
1167 1166 1165 1164
1168 1169 1170 1171
1168 1167 1166 1165
1169 1170 1171 1172
1169 1168 1167 1166
1170 1171 1172 1173
1170 1169 1168 1167
1171 1172 1173 1174
1171 1170 1169 1168
1172 1173 1174 1175
1172 1171 1170 1169
1173 1174 1175 1176
1173 1172 1171 1170
1174 1175 1176 1177
1174 1173 1172 1171
1175 1176 1177 1178
1175 1174 1173 1172
1176 1177 1178 1179
1176 1175 1174 1173
1177 1178 1179 1180
1177 1176 1175 1174
1178 1179 1180 1181
1178 1177 1176 1175
1179 1180 1181 1182
1179 1178 1177 1176
1180 1181 1182 1183
1180 1179 1178 1177
1181 1182 1183 1184
1181 1180 1179 1178
1182 1183 1184 1185
1182 1181 1180 1179
1183 1184 1185 1186
1183 1182 1181 1180
1184 1185 1186 1187
1184 1183 1182 1181
1185 1186 1187 1188
1185 1184 1183 1182
1186 1187 1188 1189
1186 1185 1184 1183
1187 1188 1189 1190
1187 1186 1185 1184
1188 1189 1190 1191
1188 1187 1186 1185
1189 1190 1191 1192
1189 1188 1187 1186
1190 1191 1192 1193
1190 1189 1188 1187
1191 1192 1193 1194
1191 1190 1189 1188
1192 1193 1194 1197
1192 1191 1190 1189
1193 1194 1197 1198
1193 1192 1191 1190
1194 1197 1198 1199
1194 1193 1192 1191
1195 1255 1254 1253
1195 1196 1148 1149
1196 1195 1255 1254
1196 1148 1149 1150
1197 1198 1199 1200
1197 1194 1193 1192
1198 1199 1200 1201
1198 1197 1194 1193
1199 1200 1201 1202
1199 1198 1197 1194
1200 1201 1202 1203
1200 1199 1198 1197
1201 1202 1203 1204
1201 1200 1199 1198
1202 1203 1204 1205
1202 1201 1200 1199
1203 1204 1205 1206
1203 1202 1201 1200
1204 1205 1206 1207
1204 1203 1202 1201
1205 1206 1207 1208
1205 1204 1203 1202
1206 1207 1208 1209
1206 1205 1204 1203
1207 1208 1209 1210
1207 1206 1205 1204
1208 1209 1210 1211
1208 1207 1206 1205
1209 1210 1211 1212
1209 1208 1207 1206
1210 1211 1212 1213
1210 1209 1208 1207
1211 1212 1213 1214
1211 1210 1209 1208
1212 1213 1214 1215
1212 1211 1210 1209
1213 1214 1215 1216
1213 1212 1211 1210
1214 1215 1216 1217
1214 1213 1212 1211
1215 1216 1217 1218
1215 1214 1213 1212
1216 1217 1218 1219
1216 1215 1214 1213
1217 1218 1219 1220
1217 1216 1215 1214
1218 1219 1220 1221
1218 1217 1216 1215
1219 1220 1221 1222
1219 1218 1217 1216
1220 1221 1222 1223
1220 1219 1218 1217
1221 1222 1223 1224
1221 1220 1219 1218
1222 1223 1224 1225
1222 1221 1220 1219
1223 1224 1225 1226
1223 1222 1221 1220
1224 1225 1226 1227
1224 1223 1222 1221
1225 1226 1227 1228
1225 1224 1223 1222
1226 1227 1228 1229
1226 1225 1224 1223
1227 1228 1229 1230
1227 1226 1225 1224
1228 1229 1230 1231
1228 1227 1226 1225
1229 1230 1231 1232
1229 1228 1227 1226
1230 1231 1232 1233
1230 1229 1228 1227
1231 1232 1233 1234
1231 1230 1229 1228
1232 1233 1234 1235
1232 1231 1230 1229
1233 1234 1235 1236
1233 1232 1231 1230
1234 1235 1236 1237
1234 1233 1232 1231
1235 1236 1237 1238
1235 1234 1233 1232
1236 1237 1238 1239
1236 1235 1234 1233
1237 1238 1239 1240
1237 1236 1235 1234
1238 1239 1240 1241
1238 1237 1236 1235
1239 1240 1241 1242
1239 1238 1237 1236
1240 1241 1242 1243
1240 1239 1238 1237
1241 1242 1243 1244
1241 1240 1239 1238
1242 1243 1244 1245
1242 1241 1240 1239
1243 1244 1245 1246
1243 1242 1241 1240
1244 1245 1246 1247
1244 1243 1242 1241
1245 1246 1247 1248
1245 1244 1243 1242
1246 1247 1248 1249
1246 1245 1244 1243
1247 1248 1249 1250
1247 1246 1245 1244
1248 1249 1250 1251
1248 1247 1246 1245
1249 1250 1251 1252
1249 1248 1247 1246
1250 1249 1248 1247
1250 1251 1252 1253
1251 1250 1249 1248
1251 1252 1253 1254
1252 1251 1250 1249
1252 1253 1254 1255
1253 1252 1251 1250
1253 1254 1255 1195
1254 1253 1252 1251
1254 1255 1195 1196
1255 1254 1253 1252
1255 1195 1196 1148
