0 14 13 35
0 1 2 3
1 0 14 13
1 2 3 4
2 1 0 14
2 3 4 5
3 2 1 0
3 4 5 6
4 5 6 7
4 3 2 1
5 6 7 8
5 4 3 2
6 7 8 9
6 5 4 3
7 8 9 10
7 6 5 4
8 9 10 11
8 7 6 5
9 10 11 12
9 8 7 6
10 11 12 15
10 9 8 7
11 12 15 16
11 10 9 8
12 15 16 17
12 11 10 9
13 35 34 33
13 14 0 1
14 13 35 34
14 0 1 2
15 16 17 18
15 12 11 10
16 17 18 19
16 15 12 11
17 18 19 20
17 16 15 12
18 19 20 21
18 17 16 15
19 20 21 22
19 18 17 16
20 21 22 23
20 19 18 17
21 22 23 24
21 20 19 18
22 23 24 25
22 21 20 19
23 24 25 26
23 22 21 20
24 25 26 27
24 23 22 21
25 26 27 28
25 24 23 22
26 27 28 29
26 25 24 23
27 28 29 30
27 26 25 24
28 29 30 31
28 27 26 25
29 30 31 32
29 28 27 26
30 31 32 36
30 29 28 27
31 32 36 37
31 30 29 28
32 36 37 38
32 31 30 29
33 50 49 70
33 34 35 13
34 33 50 49
34 35 13 14
35 34 33 50
35 13 14 0
36 37 38 39
36 32 31 30
37 38 39 40
37 36 32 31
38 39 40 41
38 37 36 32
39 40 41 42
39 38 37 36
40 41 42 43
40 39 38 37
41 42 43 44
41 40 39 38
42 43 44 45
42 41 40 39
43 44 45 46
43 42 41 40
44 45 46 47
44 43 42 41
45 46 47 48
45 44 43 42
46 47 48 51
46 45 44 43
47 48 51 52
47 46 45 44
48 51 52 53
48 47 46 45
49 70 69 86
49 50 33 34
50 49 70 69
50 33 34 35
51 52 53 54
51 48 47 46
52 53 54 55
52 51 48 47
53 54 55 56
53 52 51 48
54 55 56 57
54 53 52 51
55 56 57 58
55 54 53 52
56 57 58 59
56 55 54 53
57 58 59 60
57 56 55 54
58 59 60 61
58 57 56 55
59 60 61 62
59 58 57 56
60 61 62 63
60 59 58 57
61 62 63 64
61 60 59 58
62 63 64 65
62 61 60 59
63 64 65 66
63 62 61 60
64 65 66 67
64 63 62 61
65 66 67 68
65 64 63 62
66 67 68 71
66 65 64 63
67 68 71 72
67 66 65 64
68 71 72 73
68 67 66 65
69 86 85 84
69 70 49 50
70 69 86 85
70 49 50 33
71 72 73 74
71 68 67 66
72 73 74 75
72 71 68 67
73 74 75 76
73 72 71 68
74 75 76 77
74 73 72 71
75 76 77 78
75 74 73 72
76 77 78 79
76 75 74 73
77 78 79 80
77 76 75 74
78 79 80 81
78 77 76 75
79 80 81 82
79 78 77 76
80 81 82 83
80 79 78 77
81 82 83 87
81 80 79 78
82 83 87 88
82 81 80 79
83 87 88 89
83 82 81 80
84 106 105 121
84 85 86 69
85 84 106 105
85 86 69 70
86 85 84 106
86 69 70 49
87 88 89 90
87 83 82 81
88 89 90 91
88 87 83 82
89 90 91 92
89 88 87 83
90 91 92 93
90 89 88 87
91 92 93 94
91 90 89 88
92 93 94 95
92 91 90 89
93 94 95 96
93 92 91 90
94 95 96 97
94 93 92 91
95 96 97 98
95 94 93 92
96 97 98 99
96 95 94 93
97 98 99 100
97 96 95 94
98 99 100 101
98 97 96 95
99 100 101 102
99 98 97 96
100 101 102 103
100 99 98 97
101 102 103 104
101 100 99 98
102 103 104 107
102 101 100 99
103 104 107 108
103 102 101 100
104 107 108 109
104 103 102 101
105 121 120 132
105 106 84 85
106 105 121 120
106 84 85 86
107 108 109 110
107 104 103 102
108 109 110 111
108 107 104 103
109 110 111 112
109 108 107 104
110 111 112 113
110 109 108 107
111 112 113 114
111 110 109 108
112 113 114 115
112 111 110 109
113 114 115 116
113 112 111 110
114 115 116 117
114 113 112 111
115 116 117 118
115 114 113 112
116 117 118 119
116 115 114 113
117 118 119 122
117 116 115 114
118 119 122 123
118 117 116 115
119 122 123 124
119 118 117 116
120 132 131 137
120 121 105 106
121 120 132 131
121 105 106 84
122 123 124 125
122 119 118 117
123 124 125 126
123 122 119 118
124 125 126 127
124 123 122 119
125 126 127 128
125 124 123 122
126 127 128 129
126 125 124 123
127 128 129 130
127 126 125 124
128 129 130 133
128 127 126 125
129 130 133 134
129 128 127 126
130 133 134 135
130 129 128 127
131 137 136 141
131 132 120 121
132 131 137 136
132 120 121 105
133 134 135 138
133 130 129 128
134 135 138 139
134 133 130 129
135 138 139 142
135 134 133 130
136 141 140 145
136 137 131 132
137 136 141 140
137 131 132 120
138 139 142 143
138 135 134 133
139 142 143 146
139 138 135 134
140 145 144 149
140 141 136 137
141 140 145 144
141 136 137 131
142 143 146 147
142 139 138 135
143 146 147 150
143 142 139 138
144 149 148 153
144 145 140 141
145 144 149 148
145 140 141 136
146 147 150 151
146 143 142 139
147 150 151 154
147 146 143 142
148 153 152 157
148 149 144 145
149 148 153 152
149 144 145 140
150 151 154 155
150 147 146 143
151 154 155 158
151 150 147 146
152 157 156 161
152 153 148 149
153 152 157 156
153 148 149 144
154 155 158 159
154 151 150 147
155 158 159 162
155 154 151 150
156 161 160 165
156 157 152 153
157 156 161 160
157 152 153 148
158 159 162 163
158 155 154 151
159 162 163 166
159 158 155 154
160 165 164 169
160 161 156 157
161 160 165 164
161 156 157 152
162 163 166 167
162 159 158 155
163 166 167 170
163 162 159 158
164 169 168 173
164 165 160 161
165 164 169 168
165 160 161 156
166 167 170 171
166 163 162 159
167 170 171 174
167 166 163 162
168 173 172 177
168 169 164 165
169 168 173 172
169 164 165 160
170 171 174 175
170 167 166 163
171 174 175 178
171 170 167 166
172 177 176 182
172 173 168 169
173 172 177 176
173 168 169 164
174 175 178 179
174 171 170 167
175 178 179 183
175 174 171 170
176 182 181 180
176 177 172 173
177 176 182 181
177 172 173 168
178 179 183 184
178 175 174 171
179 183 184 187
179 178 175 174
180 186 185 190
180 181 182 176
181 180 186 185
181 182 176 177
182 181 180 186
182 176 177 172
183 184 187 188
183 179 178 175
184 187 188 191
184 183 179 178
185 190 189 194
185 186 180 181
186 185 190 189
186 180 181 182
187 188 191 192
187 184 183 179
188 191 192 195
188 187 184 183
189 194 193 198
189 190 185 186
190 189 194 193
190 185 186 180
191 192 195 196
191 188 187 184
192 195 196 199
192 191 188 187
193 198 197 202
193 194 189 190
194 193 198 197
194 189 190 185
195 196 199 200
195 192 191 188
196 199 200 203
196 195 192 191
197 202 201 206
197 198 193 194
198 197 202 201
198 193 194 189
199 200 203 204
199 196 195 192
200 203 204 207
200 199 196 195
201 206 205 210
201 202 197 198
202 201 206 205
202 197 198 193
203 204 207 208
203 200 199 196
204 207 208 211
204 203 200 199
205 210 209 214
205 206 201 202
206 205 210 209
206 201 202 197
207 208 211 212
207 204 203 200
208 211 212 215
208 207 204 203
209 214 213 218
209 210 205 206
210 209 214 213
210 205 206 201
211 212 215 216
211 208 207 204
212 215 216 219
212 211 208 207
213 218 217 222
213 214 209 210
214 213 218 217
214 209 210 205
215 216 219 220
215 212 211 208
216 219 220 223
216 215 212 211
217 222 221 227
217 218 213 214
218 217 222 221
218 213 214 209
219 220 223 224
219 216 215 212
220 223 224 225
220 219 216 215
221 227 226 231
221 222 217 218
222 221 227 226
222 217 218 213
223 224 225 228
223 220 219 216
224 225 228 229
224 223 220 219
225 228 229 232
225 224 223 220
226 231 230 235
226 227 221 222
227 226 231 230
227 221 222 217
228 229 232 233
228 225 224 223
229 232 233 236
229 228 225 224
230 235 234 239
230 231 226 227
231 230 235 234
231 226 227 221
232 233 236 237
232 229 228 225
233 236 237 240
233 232 229 228
234 239 238 243
234 235 230 231
235 234 239 238
235 230 231 226
236 237 240 241
236 233 232 229
237 240 241 244
237 236 233 232
238 243 242 247
238 239 234 235
239 238 243 242
239 234 235 230
240 241 244 245
240 237 236 233
241 244 245 248
241 240 237 236
242 247 246 251
242 243 238 239
243 242 247 246
243 238 239 234
244 245 248 249
244 241 240 237
245 248 249 252
245 244 241 240
246 251 250 255
246 247 242 243
247 246 251 250
247 242 243 238
248 249 252 253
248 245 244 241
249 252 253 256
249 248 245 244
250 255 254 259
250 251 246 247
251 250 255 254
251 246 247 242
252 253 256 257
252 249 248 245
253 256 257 260
253 252 249 248
254 259 258 263
254 255 250 251
255 254 259 258
255 250 251 246
256 257 260 261
256 253 252 249
257 260 261 264
257 256 253 252
258 263 262 267
258 259 254 255
259 258 263 262
259 254 255 250
260 261 264 265
260 257 256 253
261 264 265 268
261 260 257 256
262 267 266 271
262 263 258 259
263 262 267 266
263 258 259 254
264 265 268 269
264 261 260 257
265 268 269 272
265 264 261 260
266 271 270 275
266 267 262 263
267 266 271 270
267 262 263 258
268 269 272 273
268 265 264 261
269 272 273 276
269 268 265 264
270 275 274 279
270 271 266 267
271 270 275 274
271 266 267 262
272 273 276 277
272 269 268 265
273 276 277 280
273 272 269 268
274 279 278 283
274 275 270 271
275 274 279 278
275 270 271 266
276 277 280 281
276 273 272 269
277 280 281 284
277 276 273 272
278 283 282 287
278 279 274 275
279 278 283 282
279 274 275 270
280 281 284 285
280 277 276 273
281 284 285 288
281 280 277 276
282 287 286 291
282 283 278 279
283 282 287 286
283 278 279 274
284 285 288 289
284 281 280 277
285 288 289 292
285 284 281 280
286 291 290 295
286 287 282 283
287 286 291 290
287 282 283 278
288 289 292 293
288 285 284 281
289 292 293 296
289 288 285 284
290 295 294 299
290 291 286 287
291 290 295 294
291 286 287 282
292 293 296 297
292 289 288 285
293 296 297 300
293 292 289 288
294 299 298 303
294 295 290 291
295 294 299 298
295 290 291 286
296 297 300 301
296 293 292 289
297 300 301 304
297 296 293 292
298 303 302 307
298 299 294 295
299 298 303 302
299 294 295 290
300 301 304 305
300 297 296 293
301 304 305 308
301 300 297 296
302 307 306 311
302 303 298 299
303 302 307 306
303 298 299 294
304 305 308 309
304 301 300 297
305 308 309 312
305 304 301 300
306 311 310 315
306 307 302 303
307 306 311 310
307 302 303 298
308 309 312 313
308 305 304 301
309 312 313 316
309 308 305 304
310 315 314 319
310 311 306 307
311 310 315 314
311 306 307 302
312 313 316 317
312 309 308 305
313 316 317 320
313 312 309 308
314 319 318 322
314 315 310 311
315 314 319 318
315 310 311 306
316 317 320 321
316 313 312 309
317 320 321 323
317 316 313 312
318 322 325 329
318 319 314 315
319 318 322 325
319 314 315 310
320 321 323 324
320 317 316 313
321 323 324 326
321 320 317 316
322 325 329 328
322 318 319 314
323 324 326 327
323 321 320 317
324 326 327 330
324 323 321 320
325 329 328 333
325 322 318 319
326 327 330 331
326 324 323 321
327 330 331 334
327 326 324 323
328 333 332 337
328 329 325 322
329 328 333 332
329 325 322 318
330 331 334 335
330 327 326 324
331 334 335 338
331 330 327 326
332 337 336 341
332 333 328 329
333 332 337 336
333 328 329 325
334 335 338 339
334 331 330 327
335 338 339 342
335 334 331 330
336 341 340 345
336 337 332 333
337 336 341 340
337 332 333 328
338 339 342 343
338 335 334 331
339 342 343 346
339 338 335 334
340 345 344 349
340 341 336 337
341 340 345 344
341 336 337 332
342 343 346 347
342 339 338 335
343 346 347 350
343 342 339 338
344 349 348 352
344 345 340 341
345 344 349 348
345 340 341 336
346 347 350 351
346 343 342 339
347 350 351 353
347 346 343 342
348 352 355 359
348 349 344 345
349 348 352 355
349 344 345 340
350 351 353 354
350 347 346 343
351 353 354 356
351 350 347 346
352 355 359 358
352 348 349 344
353 354 356 357
353 351 350 347
354 356 357 360
354 353 351 350
355 359 358 363
355 352 348 349
356 357 360 361
356 354 353 351
357 360 361 364
357 356 354 353
358 363 362 367
358 359 355 352
359 358 363 362
359 355 352 348
360 361 364 365
360 357 356 354
361 364 365 368
361 360 357 356
362 367 366 370
362 363 358 359
363 362 367 366
363 358 359 355
364 365 368 369
364 361 360 357
365 368 369 371
365 364 361 360
366 370 374 373
366 367 362 363
367 366 370 374
367 362 363 358
368 369 371 372
368 365 364 361
369 371 372 375
369 368 365 364
370 374 373 378
370 366 367 362
371 372 375 376
371 369 368 365
372 375 376 379
372 371 369 368
373 378 377 381
373 374 370 366
374 373 378 377
374 370 366 367
375 376 379 380
375 372 371 369
376 379 380 382
376 375 372 371
377 381 384 389
377 378 373 374
378 377 381 384
378 373 374 370
379 380 382 383
379 376 375 372
380 382 383 385
380 379 376 375
381 384 389 388
381 377 378 373
382 383 385 386
382 380 379 376
383 385 386 387
383 382 380 379
384 389 388 392
384 381 377 378
385 386 387 390
385 383 382 380
386 387 390 391
386 385 383 382
387 390 391 393
387 386 385 383
388 392 395 399
388 389 384 381
389 388 392 395
389 384 381 377
390 391 393 394
390 387 386 385
391 393 394 396
391 390 387 386
392 395 399 398
392 388 389 384
393 394 396 397
393 391 390 387
394 396 397 400
394 393 391 390
395 399 398 402
395 392 388 389
396 397 400 401
396 394 393 391
397 400 401 403
397 396 394 393
398 402 405 409
398 399 395 392
399 398 402 405
399 395 392 388
400 401 403 404
400 397 396 394
401 403 404 406
401 400 397 396
402 405 409 408
402 398 399 395
403 404 406 407
403 401 400 397
404 406 407 410
404 403 401 400
405 409 408 412
405 402 398 399
406 407 410 411
406 404 403 401
407 410 411 413
407 406 404 403
408 412 416 415
408 409 405 402
409 408 412 416
409 405 402 398
410 411 413 414
410 407 406 404
411 413 414 417
411 410 407 406
412 416 415 419
412 408 409 405
413 414 417 418
413 411 410 407
414 417 418 420
414 413 411 410
415 419 422 426
415 416 412 408
416 415 419 422
416 412 408 409
417 418 420 421
417 414 413 411
418 420 421 423
418 417 414 413
419 422 426 425
419 415 416 412
420 421 423 424
420 418 417 414
421 423 424 427
421 420 418 417
422 426 425 429
422 419 415 416
423 424 427 428
423 421 420 418
424 427 428 430
424 423 421 420
425 429 433 432
425 426 422 419
426 425 429 433
426 422 419 415
427 428 430 431
427 424 423 421
428 430 431 434
428 427 424 423
429 433 432 436
429 425 426 422
430 431 434 435
430 428 427 424
431 434 435 437
431 430 428 427
432 436 440 439
432 433 429 425
433 432 436 440
433 429 425 426
434 435 437 438
434 431 430 428
435 437 438 441
435 434 431 430
436 440 439 443
436 432 433 429
437 438 441 442
437 435 434 431
438 441 442 444
438 437 435 434
439 443 447 446
439 440 436 432
440 439 443 447
440 436 432 433
441 442 444 445
441 438 437 435
442 444 445 448
442 441 438 437
443 447 446 450
443 439 440 436
444 445 448 449
444 442 441 438
445 448 449 451
445 444 442 441
446 450 453 456
446 447 443 439
447 446 450 453
447 443 439 440
448 449 451 452
448 445 444 442
449 451 452 454
449 448 445 444
450 453 456 459
450 446 447 443
451 452 454 455
451 449 448 445
452 454 455 457
452 451 449 448
453 456 459 462
453 450 446 447
454 455 457 458
454 452 451 449
455 457 458 460
455 454 452 451
456 459 462 465
456 453 450 446
457 458 460 461
457 455 454 452
458 460 461 463
458 457 455 454
459 462 465 468
459 456 453 450
460 461 463 464
460 458 457 455
461 463 464 466
461 460 458 457
462 465 468 471
462 459 456 453
463 464 466 467
463 461 460 458
464 466 467 469
464 463 461 460
465 468 471 474
465 462 459 456
466 467 469 470
466 464 463 461
467 469 470 472
467 466 464 463
468 471 474 478
468 465 462 459
469 470 472 473
469 467 466 464
470 472 473 475
470 469 467 466
471 474 478 477
471 468 465 462
472 473 475 476
472 470 469 467
473 475 476 479
473 472 470 469
474 478 477 481
474 471 468 465
475 476 479 480
475 473 472 470
476 479 480 482
476 475 473 472
477 481 485 484
477 478 474 471
478 477 481 485
478 474 471 468
479 480 482 483
479 476 475 473
480 482 483 486
480 479 476 475
481 485 484 488
481 477 478 474
482 483 486 487
482 480 479 476
483 486 487 489
483 482 480 479
484 488 492 491
484 485 481 477
485 484 488 492
485 481 477 478
486 487 489 490
486 483 482 480
487 489 490 493
487 486 483 482
488 492 491 495
488 484 485 481
489 490 493 494
489 487 486 483
490 493 494 496
490 489 487 486
491 495 498 501
491 492 488 484
492 491 495 498
492 488 484 485
493 494 496 497
493 490 489 487
494 496 497 499
494 493 490 489
495 498 501 504
495 491 492 488
496 497 499 500
496 494 493 490
497 499 500 502
497 496 494 493
498 501 504 508
498 495 491 492
499 500 502 503
499 497 496 494
500 502 503 505
500 499 497 496
501 504 508 507
501 498 495 491
502 503 505 506
502 500 499 497
503 505 506 509
503 502 500 499
504 508 507 511
504 501 498 495
505 506 509 510
505 503 502 500
506 509 510 512
506 505 503 502
507 511 515 514
507 508 504 501
508 507 511 515
508 504 501 498
509 510 512 513
509 506 505 503
510 512 513 516
510 509 506 505
511 515 514 518
511 507 508 504
512 513 516 517
512 510 509 506
513 516 517 519
513 512 510 509
514 518 521 525
514 515 511 507
515 514 518 521
515 511 507 508
516 517 519 520
516 513 512 510
517 519 520 522
517 516 513 512
518 521 525 528
518 514 515 511
519 520 522 523
519 517 516 513
520 522 523 524
520 519 517 516
521 525 528 532
521 518 514 515
522 523 524 526
522 520 519 517
523 524 526 527
523 522 520 519
524 526 527 529
524 523 522 520
525 528 532 531
525 521 518 514
526 527 529 530
526 524 523 522
527 529 530 533
527 526 524 523
528 532 531 535
528 525 521 518
529 530 533 534
529 527 526 524
530 533 534 536
530 529 527 526
531 535 538 542
531 532 528 525
532 531 535 538
532 528 525 521
533 534 536 537
533 530 529 527
534 536 537 539
534 533 530 529
535 538 542 541
535 531 532 528
536 537 539 540
536 534 533 530
537 539 540 543
537 536 534 533
538 542 541 545
538 535 531 532
539 540 543 544
539 537 536 534
540 543 544 546
540 539 537 536
541 545 548 551
541 542 538 535
542 541 545 548
542 538 535 531
543 544 546 547
543 540 539 537
544 546 547 549
544 543 540 539
545 548 551 554
545 541 542 538
546 547 549 550
546 544 543 540
547 549 550 552
547 546 544 543
548 551 554 558
548 545 541 542
549 550 552 553
549 547 546 544
550 552 553 555
550 549 547 546
551 554 558 557
551 548 545 541
552 553 555 556
552 550 549 547
553 555 556 559
553 552 550 549
554 558 557 561
554 551 548 545
555 556 559 560
555 553 552 550
556 559 560 562
556 555 553 552
557 561 564 568
557 558 554 551
558 557 561 564
558 554 551 548
559 560 562 563
559 556 555 553
560 562 563 565
560 559 556 555
561 564 568 567
561 557 558 554
562 563 565 566
562 560 559 556
563 565 566 569
563 562 560 559
564 568 567 571
564 561 557 558
565 566 569 570
565 563 562 560
566 569 570 572
566 565 563 562
567 571 574 578
567 568 564 561
568 567 571 574
568 564 561 557
569 570 572 573
569 566 565 563
570 572 573 575
570 569 566 565
571 574 578 577
571 567 568 564
572 573 575 576
572 570 569 566
573 575 576 579
573 572 570 569
574 578 577 581
574 571 567 568
575 576 579 580
575 573 572 570
576 579 580 582
576 575 573 572
577 581 584 587
577 578 574 571
578 577 581 584
578 574 571 567
579 580 582 583
579 576 575 573
580 582 583 585
580 579 576 575
581 584 587 586
581 577 578 574
582 583 585 588
582 580 579 576
583 585 588 590
583 582 580 579
584 587 586 589
584 581 577 578
585 588 590 592
585 583 582 580
586 589 591 594
586 587 584 581
587 586 589 591
587 584 581 577
588 590 592 595
588 585 583 582
589 591 594 593
589 586 587 584
590 592 595 597
590 588 585 583
591 594 593 596
591 589 586 587
592 595 597 599
592 590 588 585
593 596 598 600
593 594 591 589
594 593 596 598
594 591 589 586
595 597 599 601
595 592 590 588
596 598 600 602
596 593 594 591
597 599 601 603
597 595 592 590
598 600 602 604
598 596 593 594
599 601 603 605
599 597 595 592
600 602 604 606
600 598 596 593
601 603 605 607
601 599 597 595
602 604 606 608
602 600 598 596
603 605 607 609
603 601 599 597
604 606 608 610
604 602 600 598
605 607 609 611
605 603 601 599
606 608 610 612
606 604 602 600
607 609 611 613
607 605 603 601
608 610 612 614
608 606 604 602
609 611 613 615
609 607 605 603
610 612 614 616
610 608 606 604
611 613 615 617
611 609 607 605
612 614 616 618
612 610 608 606
613 615 617 619
613 611 609 607
614 616 618 620
614 612 610 608
615 617 619 621
615 613 611 609
616 618 620 622
616 614 612 610
617 619 621 623
617 615 613 611
618 620 622 624
618 616 614 612
619 621 623 625
619 617 615 613
620 622 624 626
620 618 616 614
621 623 625 627
621 619 617 615
622 624 626 628
622 620 618 616
623 625 627 629
623 621 619 617
624 626 628 630
624 622 620 618
625 627 629 631
625 623 621 619
626 628 630 632
626 624 622 620
627 629 631 633
627 625 623 621
628 630 632 634
628 626 624 622
629 631 633 635
629 627 625 623
630 632 634 636
630 628 626 624
631 633 635 637
631 629 627 625
632 634 636 638
632 630 628 626
633 635 637 639
633 631 629 627
634 636 638 640
634 632 630 628
635 637 639 641
635 633 631 629
636 638 640 642
636 634 632 630
637 639 641 643
637 635 633 631
638 640 642 644
638 636 634 632
639 641 643 645
639 637 635 633
640 642 644 646
640 638 636 634
641 643 645 647
641 639 637 635
642 644 646 648
642 640 638 636
643 645 647 649
643 641 639 637
644 646 648 650
644 642 640 638
645 647 649 651
645 643 641 639
646 648 650 652
646 644 642 640
647 649 651 653
647 645 643 641
648 650 652 654
648 646 644 642
649 651 653 655
649 647 645 643
650 652 654 656
650 648 646 644
651 653 655 657
651 649 647 645
652 654 656 658
652 650 648 646
653 655 657 659
653 651 649 647
654 656 658 660
654 652 650 648
655 657 659 661
655 653 651 649
656 658 660 663
656 654 652 650
657 659 661 664
657 655 653 651
658 660 663 662
658 656 654 652
659 661 664 666
659 657 655 653
660 663 662 665
660 658 656 654
661 664 666 668
661 659 657 655
662 665 667 669
662 663 660 658
663 662 665 667
663 660 658 656
664 666 668 670
664 661 659 657
665 667 669 671
665 662 663 660
666 668 670 672
666 664 661 659
667 669 671 673
667 665 662 663
668 670 672 674
668 666 664 661
669 671 673 675
669 667 665 662
670 672 674 676
670 668 666 664
671 673 675 677
671 669 667 665
672 674 676 678
672 670 668 666
673 675 677 679
673 671 669 667
674 676 678 680
674 672 670 668
675 677 679 681
675 673 671 669
676 678 680 682
676 674 672 670
677 679 681 683
677 675 673 671
678 680 682 684
678 676 674 672
679 681 683 685
679 677 675 673
680 682 684 686
680 678 676 674
681 683 685 687
681 679 677 675
682 684 686 688
682 680 678 676
683 685 687 689
683 681 679 677
684 686 688 690
684 682 680 678
685 687 689 691
685 683 681 679
686 688 690 692
686 684 682 680
687 689 691 693
687 685 683 681
688 690 692 694
688 686 684 682
689 691 693 695
689 687 685 683
690 692 694 696
690 688 686 684
691 693 695 697
691 689 687 685
692 694 696 698
692 690 688 686
693 695 697 699
693 691 689 687
694 696 698 700
694 692 690 688
695 697 699 701
695 693 691 689
696 698 700 702
696 694 692 690
697 699 701 703
697 695 693 691
698 700 702 704
698 696 694 692
699 701 703 705
699 697 695 693
700 702 704 706
700 698 696 694
701 703 705 707
701 699 697 695
702 704 706 708
702 700 698 696
703 705 707 709
703 701 699 697
704 706 708 710
704 702 700 698
705 707 709 711
705 703 701 699
706 708 710 712
706 704 702 700
707 709 711 713
707 705 703 701
708 710 712 714
708 706 704 702
709 711 713 715
709 707 705 703
710 712 714 716
710 708 706 704
711 713 715 717
711 709 707 705
712 714 716 718
712 710 708 706
713 715 717 719
713 711 709 707
714 716 718 720
714 712 710 708
715 717 719 721
715 713 711 709
716 718 720 722
716 714 712 710
717 719 721 723
717 715 713 711
718 720 722 724
718 716 714 712
719 721 723 725
719 717 715 713
720 722 724 726
720 718 716 714
721 723 725 727
721 719 717 715
722 724 726 728
722 720 718 716
723 725 727 729
723 721 719 717
724 726 728 730
724 722 720 718
725 727 729 731
725 723 721 719
726 728 730 732
726 724 722 720
727 729 731 733
727 725 723 721
728 730 732 734
728 726 724 722
729 731 733 735
729 727 725 723
730 732 734 736
730 728 726 724
731 733 735 737
731 729 727 725
732 734 736 738
732 730 728 726
733 735 737 739
733 731 729 727
734 736 738 740
734 732 730 728
735 737 739 741
735 733 731 729
736 738 740 742
736 734 732 730
737 739 741 743
737 735 733 731
738 740 742 744
738 736 734 732
739 741 743 745
739 737 735 733
740 742 744 746
740 738 736 734
741 743 745 747
741 739 737 735
742 744 746 748
742 740 738 736
743 745 747 749
743 741 739 737
744 746 748 750
744 742 740 738
745 747 749 751
745 743 741 739
746 748 750 752
746 744 742 740
747 749 751 753
747 745 743 741
748 750 752 754
748 746 744 742
749 751 753 755
749 747 745 743
750 752 754 756
750 748 746 744
751 753 755 757
751 749 747 745
752 754 756 758
752 750 748 746
753 755 757 759
753 751 749 747
754 756 758 760
754 752 750 748
755 757 759 761
755 753 751 749
756 758 760 762
756 754 752 750
757 759 761 763
757 755 753 751
758 760 762 764
758 756 754 752
759 761 763 765
759 757 755 753
760 762 764 766
760 758 756 754
761 763 765 767
761 759 757 755
762 764 766 768
762 760 758 756
763 765 767 769
763 761 759 757
764 766 768 770
764 762 760 758
765 767 769 771
765 763 761 759
766 768 770 772
766 764 762 760
767 769 771 773
767 765 763 761
768 770 772 774
768 766 764 762
769 771 773 775
769 767 765 763
770 772 774 776
770 768 766 764
771 773 775 777
771 769 767 765
772 774 776 778
772 770 768 766
773 775 777 779
773 771 769 767
774 776 778 780
774 772 770 768
775 777 779 781
775 773 771 769
776 778 780 782
776 774 772 770
777 779 781 783
777 775 773 771
778 780 782 784
778 776 774 772
779 781 783 785
779 777 775 773
780 782 784 786
780 778 776 774
781 783 785 787
781 779 777 775
782 784 786 788
782 780 778 776
783 785 787 789
783 781 779 777
784 786 788 790
784 782 780 778
785 787 789 791
785 783 781 779
786 788 790 792
786 784 782 780
787 789 791 793
787 785 783 781
788 790 792 794
788 786 784 782
789 791 793 795
789 787 785 783
790 792 794 796
790 788 786 784
791 793 795 797
791 789 787 785
792 794 796 798
792 790 788 786
793 795 797 799
793 791 789 787
794 796 798 800
794 792 790 788
795 797 799 801
795 793 791 789
796 798 800 802
796 794 792 790
797 799 801 803
797 795 793 791
798 800 802 804
798 796 794 792
799 801 803 805
799 797 795 793
800 802 804 806
800 798 796 794
801 803 805 807
801 799 797 795
802 804 806 808
802 800 798 796
803 805 807 809
803 801 799 797
804 806 808 810
804 802 800 798
805 807 809 811
805 803 801 799
806 808 810 812
806 804 802 800
807 809 811 813
807 805 803 801
808 810 812 814
808 806 804 802
809 811 813 815
809 807 805 803
810 812 814 816
810 808 806 804
811 813 815 817
811 809 807 805
812 814 816 818
812 810 808 806
813 815 817 819
813 811 809 807
814 816 818 820
814 812 810 808
815 817 819 821
815 813 811 809
816 818 820 822
816 814 812 810
817 819 821 823
817 815 813 811
818 820 822 824
818 816 814 812
819 821 823 825
819 817 815 813
820 822 824 826
820 818 816 814
821 823 825 827
821 819 817 815
822 824 826 828
822 820 818 816
823 825 827 829
823 821 819 817
824 826 828 830
824 822 820 818
825 827 829 831
825 823 821 819
826 828 830 832
826 824 822 820
827 829 831 833
827 825 823 821
828 830 832 834
828 826 824 822
829 831 833 835
829 827 825 823
830 832 834 836
830 828 826 824
831 833 835 837
831 829 827 825
832 834 836 838
832 830 828 826
833 835 837 839
833 831 829 827
834 836 838 840
834 832 830 828
835 837 839 841
835 833 831 829
836 838 840 842
836 834 832 830
837 839 841 843
837 835 833 831
838 840 842 844
838 836 834 832
839 841 843 845
839 837 835 833
840 842 844 846
840 838 836 834
841 843 845 847
841 839 837 835
842 844 846 848
842 840 838 836
843 845 847 849
843 841 839 837
844 846 848 850
844 842 840 838
845 847 849 851
845 843 841 839
846 848 850 852
846 844 842 840
847 849 851 853
847 845 843 841
848 850 852 854
848 846 844 842
849 851 853 855
849 847 845 843
850 852 854 856
850 848 846 844
851 853 855 857
851 849 847 845
852 854 856 858
852 850 848 846
853 855 857 859
853 851 849 847
854 856 858 860
854 852 850 848
855 857 859 861
855 853 851 849
856 858 860 862
856 854 852 850
857 859 861 863
857 855 853 851
858 860 862 864
858 856 854 852
859 861 863 865
859 857 855 853
860 862 864 866
860 858 856 854
861 863 865 867
861 859 857 855
862 864 866 868
862 860 858 856
863 865 867 869
863 861 859 857
864 866 868 870
864 862 860 858
865 867 869 871
865 863 861 859
866 868 870 872
866 864 862 860
867 869 871 873
867 865 863 861
868 870 872 874
868 866 864 862
869 871 873 875
869 867 865 863
870 872 874 876
870 868 866 864
871 873 875 877
871 869 867 865
872 874 876 878
872 870 868 866
873 875 877 879
873 871 869 867
874 876 878 880
874 872 870 868
875 877 879 881
875 873 871 869
876 878 880 882
876 874 872 870
877 879 881 883
877 875 873 871
878 880 882 884
878 876 874 872
879 881 883 885
879 877 875 873
880 882 884 886
880 878 876 874
881 883 885 887
881 879 877 875
882 884 886 888
882 880 878 876
883 885 887 889
883 881 879 877
884 886 888 890
884 882 880 878
885 887 889 891
885 883 881 879
886 888 890 892
886 884 882 880
887 889 891 893
887 885 883 881
888 890 892 894
888 886 884 882
889 891 893 895
889 887 885 883
890 892 894 896
890 888 886 884
891 893 895 897
891 889 887 885
892 894 896 898
892 890 888 886
893 895 897 899
893 891 889 887
894 896 898 900
894 892 890 888
895 897 899 901
895 893 891 889
896 898 900 902
896 894 892 890
897 899 901 903
897 895 893 891
898 900 902 904
898 896 894 892
899 901 903 905
899 897 895 893
900 902 904 906
900 898 896 894
901 903 905 907
901 899 897 895
902 904 906 908
902 900 898 896
903 905 907 909
903 901 899 897
904 906 908 910
904 902 900 898
905 907 909 911
905 903 901 899
906 908 910 912
906 904 902 900
907 909 911 913
907 905 903 901
908 910 912 914
908 906 904 902
909 911 913 915
909 907 905 903
910 912 914 916
910 908 906 904
911 913 915 917
911 909 907 905
912 914 916 918
912 910 908 906
913 915 917 919
913 911 909 907
914 916 918 920
914 912 910 908
915 917 919 921
915 913 911 909
916 918 920 922
916 914 912 910
917 919 921 923
917 915 913 911
918 920 922 924
918 916 914 912
919 921 923 925
919 917 915 913
920 922 924 926
920 918 916 914
921 923 925 927
921 919 917 915
922 924 926 928
922 920 918 916
923 925 927 929
923 921 919 917
924 926 928 930
924 922 920 918
925 927 929 931
925 923 921 919
926 928 930 932
926 924 922 920
927 929 931 933
927 925 923 921
928 930 932 934
928 926 924 922
929 931 933 935
929 927 925 923
930 932 934 936
930 928 926 924
931 933 935 937
931 929 927 925
932 934 936 938
932 930 928 926
933 935 937 939
933 931 929 927
934 936 938 940
934 932 930 928
935 937 939 941
935 933 931 929
936 938 940 942
936 934 932 930
937 939 941 943
937 935 933 931
938 940 942 944
938 936 934 932
939 941 943 945
939 937 935 933
940 942 944 946
940 938 936 934
941 943 945 947
941 939 937 935
942 944 946 948
942 940 938 936
943 945 947 949
943 941 939 937
944 946 948 950
944 942 940 938
945 947 949 951
945 943 941 939
946 948 950 952
946 944 942 940
947 949 951 953
947 945 943 941
948 950 952 954
948 946 944 942
949 951 953 955
949 947 945 943
950 952 954 956
950 948 946 944
951 953 955 957
951 949 947 945
952 954 956 958
952 950 948 946
953 955 957 959
953 951 949 947
954 956 958 960
954 952 950 948
955 957 959 961
955 953 951 949
956 958 960 962
956 954 952 950
957 959 961 963
957 955 953 951
958 960 962 964
958 956 954 952
959 961 963 965
959 957 955 953
960 962 964 966
960 958 956 954
961 963 965 967
961 959 957 955
962 964 966 968
962 960 958 956
963 965 967 969
963 961 959 957
964 966 968 970
964 962 960 958
965 967 969 971
965 963 961 959
966 968 970 972
966 964 962 960
967 969 971 973
967 965 963 961
968 970 972 974
968 966 964 962
969 971 973 975
969 967 965 963
970 972 974 976
970 968 966 964
971 973 975 977
971 969 967 965
972 974 976 978
972 970 968 966
973 975 977 979
973 971 969 967
974 976 978 980
974 972 970 968
975 977 979 981
975 973 971 969
976 978 980 982
976 974 972 970
977 979 981 983
977 975 973 971
978 980 982 984
978 976 974 972
979 981 983 985
979 977 975 973
980 982 984 986
980 978 976 974
981 983 985 987
981 979 977 975
982 984 986 988
982 980 978 976
983 985 987 989
983 981 979 977
984 986 988 990
984 982 980 978
985 987 989 991
985 983 981 979
986 988 990 992
986 984 982 980
987 989 991 993
987 985 983 981
988 990 992 994
988 986 984 982
989 991 993 995
989 987 985 983
990 992 994 996
990 988 986 984
991 993 995 997
991 989 987 985
992 994 996 998
992 990 988 986
993 995 997 999
993 991 989 987
994 996 998 1000
994 992 990 988
995 997 999 1001
995 993 991 989
996 998 1000 1002
996 994 992 990
997 999 1001 1003
997 995 993 991
998 1000 1002 1004
998 996 994 992
999 1001 1003 1005
999 997 995 993
1000 1002 1004 1006
1000 998 996 994
1001 1003 1005 1007
1001 999 997 995
1002 1004 1006 1008
1002 1000 998 996
1003 1005 1007 1009
1003 1001 999 997
1004 1006 1008 1010
1004 1002 1000 998
1005 1007 1009 1011
1005 1003 1001 999
1006 1008 1010 1012
1006 1004 1002 1000
1007 1009 1011 1013
1007 1005 1003 1001
1008 1010 1012 1014
1008 1006 1004 1002
1009 1011 1013 1015
1009 1007 1005 1003
1010 1012 1014 1016
1010 1008 1006 1004
1011 1013 1015 1017
1011 1009 1007 1005
1012 1014 1016 1018
1012 1010 1008 1006
1013 1015 1017 1019
1013 1011 1009 1007
1014 1016 1018 1020
1014 1012 1010 1008
1015 1017 1019 1021
1015 1013 1011 1009
1016 1018 1020 1022
1016 1014 1012 1010
1017 1019 1021 1023
1017 1015 1013 1011
1018 1020 1022 1024
1018 1016 1014 1012
1019 1021 1023 1025
1019 1017 1015 1013
1020 1022 1024 1026
1020 1018 1016 1014
1021 1023 1025 1027
1021 1019 1017 1015
1022 1024 1026 1028
1022 1020 1018 1016
1023 1025 1027 1029
1023 1021 1019 1017
1024 1026 1028 1030
1024 1022 1020 1018
1025 1027 1029 1031
1025 1023 1021 1019
1026 1028 1030 1032
1026 1024 1022 1020
1027 1029 1031 1033
1027 1025 1023 1021
1028 1030 1032 1034
1028 1026 1024 1022
1029 1031 1033 1035
1029 1027 1025 1023
1030 1032 1034 1036
1030 1028 1026 1024
1031 1033 1035 1037
1031 1029 1027 1025
1032 1034 1036 1038
1032 1030 1028 1026
1033 1035 1037 1039
1033 1031 1029 1027
1034 1036 1038 1040
1034 1032 1030 1028
1035 1037 1039 1041
1035 1033 1031 1029
1036 1038 1040 1042
1036 1034 1032 1030
1037 1039 1041 1043
1037 1035 1033 1031
1038 1040 1042 1044
1038 1036 1034 1032
1039 1041 1043 1045
1039 1037 1035 1033
1040 1042 1044 1046
1040 1038 1036 1034
1041 1043 1045 1047
1041 1039 1037 1035
1042 1044 1046 1048
1042 1040 1038 1036
1043 1045 1047 1049
1043 1041 1039 1037
1044 1046 1048 1050
1044 1042 1040 1038
1045 1047 1049 1051
1045 1043 1041 1039
1046 1048 1050 1052
1046 1044 1042 1040
1047 1049 1051 1053
1047 1045 1043 1041
1048 1050 1052 1054
1048 1046 1044 1042
1049 1051 1053 1055
1049 1047 1045 1043
1050 1052 1054 1056
1050 1048 1046 1044
1051 1053 1055 1057
1051 1049 1047 1045
1052 1054 1056 1058
1052 1050 1048 1046
1053 1055 1057 1059
1053 1051 1049 1047
1054 1056 1058 1060
1054 1052 1050 1048
1055 1057 1059 1061
1055 1053 1051 1049
1056 1058 1060 1062
1056 1054 1052 1050
1057 1059 1061 1063
1057 1055 1053 1051
1058 1060 1062 1064
1058 1056 1054 1052
1059 1061 1063 1065
1059 1057 1055 1053
1060 1062 1064 1066
1060 1058 1056 1054
1061 1063 1065 1067
1061 1059 1057 1055
1062 1064 1066 1068
1062 1060 1058 1056
1063 1065 1067 1069
1063 1061 1059 1057
1064 1066 1068 1070
1064 1062 1060 1058
1065 1067 1069 1071
1065 1063 1061 1059
1066 1068 1070 1072
1066 1064 1062 1060
1067 1069 1071 1073
1067 1065 1063 1061
1068 1070 1072 1074
1068 1066 1064 1062
1069 1071 1073 1075
1069 1067 1065 1063
1070 1072 1074 1076
1070 1068 1066 1064
1071 1073 1075 1077
1071 1069 1067 1065
1072 1074 1076 1078
1072 1070 1068 1066
1073 1075 1077 1079
1073 1071 1069 1067
1074 1076 1078 1080
1074 1072 1070 1068
1075 1077 1079 1081
1075 1073 1071 1069
1076 1078 1080 1082
1076 1074 1072 1070
1077 1079 1081 1083
1077 1075 1073 1071
1078 1080 1082 1084
1078 1076 1074 1072
1079 1081 1083 1085
1079 1077 1075 1073
1080 1082 1084 1086
1080 1078 1076 1074
1081 1083 1085 1087
1081 1079 1077 1075
1082 1084 1086 1088
1082 1080 1078 1076
1083 1085 1087 1089
1083 1081 1079 1077
1084 1086 1088 1090
1084 1082 1080 1078
1085 1087 1089 1091
1085 1083 1081 1079
1086 1088 1090 1092
1086 1084 1082 1080
1087 1089 1091 1093
1087 1085 1083 1081
1088 1090 1092 1094
1088 1086 1084 1082
1089 1091 1093 1095
1089 1087 1085 1083
1090 1092 1094 1096
1090 1088 1086 1084
1091 1093 1095 1097
1091 1089 1087 1085
1092 1094 1096 1098
1092 1090 1088 1086
1093 1095 1097 1099
1093 1091 1089 1087
1094 1096 1098 1100
1094 1092 1090 1088
1095 1097 1099 1101
1095 1093 1091 1089
1096 1098 1100 1102
1096 1094 1092 1090
1097 1099 1101 1103
1097 1095 1093 1091
1098 1100 1102 1104
1098 1096 1094 1092
1099 1101 1103 1105
1099 1097 1095 1093
1100 1102 1104 1106
1100 1098 1096 1094
1101 1103 1105 1107
1101 1099 1097 1095
1102 1104 1106 1108
1102 1100 1098 1096
1103 1105 1107 1109
1103 1101 1099 1097
1104 1106 1108 1110
1104 1102 1100 1098
1105 1107 1109 1111
1105 1103 1101 1099
1106 1108 1110 1112
1106 1104 1102 1100
1107 1109 1111 1113
1107 1105 1103 1101
1108 1110 1112 1114
1108 1106 1104 1102
1109 1111 1113 1115
1109 1107 1105 1103
1110 1112 1114 1116
1110 1108 1106 1104
1111 1113 1115 1117
1111 1109 1107 1105
1112 1114 1116 1118
1112 1110 1108 1106
1113 1115 1117 1119
1113 1111 1109 1107
1114 1116 1118 1120
1114 1112 1110 1108
1115 1117 1119 1121
1115 1113 1111 1109
1116 1118 1120 1122
1116 1114 1112 1110
1117 1119 1121 1123
1117 1115 1113 1111
1118 1120 1122 1124
1118 1116 1114 1112
1119 1121 1123 1125
1119 1117 1115 1113
1120 1122 1124 1126
1120 1118 1116 1114
1121 1123 1125 1127
1121 1119 1117 1115
1122 1124 1126 1128
1122 1120 1118 1116
1123 1125 1127 1129
1123 1121 1119 1117
1124 1126 1128 1130
1124 1122 1120 1118
1125 1127 1129 1131
1125 1123 1121 1119
1126 1128 1130 1132
1126 1124 1122 1120
1127 1129 1131 1133
1127 1125 1123 1121
1128 1130 1132 1134
1128 1126 1124 1122
1129 1131 1133 1135
1129 1127 1125 1123
1130 1132 1134 1136
1130 1128 1126 1124
1131 1133 1135 1137
1131 1129 1127 1125
1132 1134 1136 1138
1132 1130 1128 1126
1133 1135 1137 1139
1133 1131 1129 1127
1134 1136 1138 1140
1134 1132 1130 1128
1135 1137 1139 1141
1135 1133 1131 1129
1136 1138 1140 1142
1136 1134 1132 1130
1137 1139 1141 1143
1137 1135 1133 1131
1138 1140 1142 1144
1138 1136 1134 1132
1139 1141 1143 1145
1139 1137 1135 1133
1140 1142 1144 1146
1140 1138 1136 1134
1141 1143 1145 1147
1141 1139 1137 1135
1142 1144 1146 1149
1142 1140 1138 1136
1143 1145 1147 1148
1143 1141 1139 1137
1144 1146 1149 1151
1144 1142 1140 1138
1145 1147 1148 1150
1145 1143 1141 1139
1146 1149 1151 1153
1146 1144 1142 1140
1147 1148 1150 1152
1147 1145 1143 1141
1148 1150 1152 1154
1148 1147 1145 1143
1149 1151 1153 1155
1149 1146 1144 1142
1150 1152 1154 1156
1150 1148 1147 1145
1151 1153 1155 1157
1151 1149 1146 1144
1152 1154 1156 1158
1152 1150 1148 1147
1153 1155 1157 1159
1153 1151 1149 1146
1154 1156 1158 1160
1154 1152 1150 1148
1155 1157 1159 1161
1155 1153 1151 1149
1156 1158 1160 1162
1156 1154 1152 1150
1157 1159 1161 1163
1157 1155 1153 1151
1158 1160 1162 1164
1158 1156 1154 1152
1159 1161 1163 1165
1159 1157 1155 1153
1160 1162 1164 1166
1160 1158 1156 1154
1161 1163 1165 1167
1161 1159 1157 1155
1162 1164 1166 1168
1162 1160 1158 1156
1163 1165 1167 1169
1163 1161 1159 1157
1164 1166 1168 1170
1164 1162 1160 1158
1165 1167 1169 1171
1165 1163 1161 1159
1166 1168 1170 1172
1166 1164 1162 1160
1167 1169 1171 1173
1167 1165 1163 1161
1168 1170 1172 1174
1168 1166 1164 1162
1169 1171 1173 1176
1169 1167 1165 1163
1170 1172 1174 1175
1170 1168 1166 1164
1171 1173 1176 1178
1171 1169 1167 1165
1172 1174 1175 1177
1172 1170 1168 1166
1173 1176 1178 1180
1173 1171 1169 1167
1174 1175 1177 1179
1174 1172 1170 1168
1175 1177 1179 1181
1175 1174 1172 1170
1176 1178 1180 1182
1176 1173 1171 1169
1177 1179 1181 1183
1177 1175 1174 1172
1178 1180 1182 1184
1178 1176 1173 1171
1179 1181 1183 1185
1179 1177 1175 1174
1180 1182 1184 1186
1180 1178 1176 1173
1181 1183 1185 1187
1181 1179 1177 1175
1182 1184 1186 1188
1182 1180 1178 1176
1183 1185 1187 1189
1183 1181 1179 1177
1184 1186 1188 1190
1184 1182 1180 1178
1185 1187 1189 1191
1185 1183 1181 1179
1186 1188 1190 1192
1186 1184 1182 1180
1187 1189 1191 1193
1187 1185 1183 1181
1188 1190 1192 1194
1188 1186 1184 1182
1189 1191 1193 1195
1189 1187 1185 1183
1190 1192 1194 1196
1190 1188 1186 1184
1191 1193 1195 1197
1191 1189 1187 1185
1192 1194 1196 1198
1192 1190 1188 1186
1193 1195 1197 1199
1193 1191 1189 1187
1194 1196 1198 1200
1194 1192 1190 1188
1195 1197 1199 1201
1195 1193 1191 1189
1196 1198 1200 1202
1196 1194 1192 1190
1197 1199 1201 1203
1197 1195 1193 1191
1198 1200 1202 1204
1198 1196 1194 1192
1199 1201 1203 1205
1199 1197 1195 1193
1200 1202 1204 1206
1200 1198 1196 1194
1201 1203 1205 1207
1201 1199 1197 1195
1202 1204 1206 1208
1202 1200 1198 1196
1203 1205 1207 1209
1203 1201 1199 1197
1204 1206 1208 1210
1204 1202 1200 1198
1205 1207 1209 1211
1205 1203 1201 1199
1206 1208 1210 1212
1206 1204 1202 1200
1207 1209 1211 1213
1207 1205 1203 1201
1208 1210 1212 1214
1208 1206 1204 1202
1209 1211 1213 1215
1209 1207 1205 1203
1210 1212 1214 1216
1210 1208 1206 1204
1211 1213 1215 1217
1211 1209 1207 1205
1212 1214 1216 1219
1212 1210 1208 1206
1213 1215 1217 1218
1213 1211 1209 1207
1214 1216 1219 1221
1214 1212 1210 1208
1215 1217 1218 1220
1215 1213 1211 1209
1216 1219 1221 1223
1216 1214 1212 1210
1217 1218 1220 1222
1217 1215 1213 1211
1218 1220 1222 1224
1218 1217 1215 1213
1219 1221 1223 1226
1219 1216 1214 1212
1220 1222 1224 1225
1220 1218 1217 1215
1221 1223 1226 1228
1221 1219 1216 1214
1222 1224 1225 1227
1222 1220 1218 1217
1223 1226 1228 1231
1223 1221 1219 1216
1224 1225 1227 1229
1224 1222 1220 1218
1225 1227 1229 1232
1225 1224 1222 1220
1226 1228 1231 1230
1226 1223 1221 1219
1227 1229 1232 1233
1227 1225 1224 1222
1228 1231 1230 1235
1228 1226 1223 1221
1229 1232 1233 1236
1229 1227 1225 1224
1230 1235 1234 1238
1230 1231 1228 1226
1231 1230 1235 1234
1231 1228 1226 1223
1232 1233 1236 1239
1232 1229 1227 1225
1233 1236 1239 1242
1233 1232 1229 1227
1234 1238 1237 1241
1234 1235 1230 1231
1235 1234 1238 1237
1235 1230 1231 1228
1236 1239 1242 1243
1236 1233 1232 1229
1237 1241 1240 1245
1237 1238 1234 1235
1238 1237 1241 1240
1238 1234 1235 1230
1239 1242 1243 1246
1239 1236 1233 1232
1240 1245 1244 1248
1240 1241 1237 1238
1241 1240 1245 1244
1241 1237 1238 1234
1242 1243 1246 1249
1242 1239 1236 1233
1243 1246 1249 1252
1243 1242 1239 1236
1244 1248 1247 1251
1244 1245 1240 1241
1245 1244 1248 1247
1245 1240 1241 1237
1246 1249 1252 1253
1246 1243 1242 1239
1247 1251 1250 1255
1247 1248 1244 1245
1248 1247 1251 1250
1248 1244 1245 1240
1249 1252 1253 1256
1249 1246 1243 1242
1250 1255 1254 1258
1250 1251 1247 1248
1251 1250 1255 1254
1251 1247 1248 1244
1252 1253 1256 1259
1252 1249 1246 1243
1253 1256 1259 1262
1253 1252 1249 1246
1254 1258 1257 1261
1254 1255 1250 1251
1255 1254 1258 1257
1255 1250 1251 1247
1256 1259 1262 1265
1256 1253 1252 1249
1257 1261 1260 1264
1257 1258 1254 1255
1258 1257 1261 1260
1258 1254 1255 1250
1259 1262 1265 1268
1259 1256 1253 1252
1260 1264 1263 1267
1260 1261 1257 1258
1261 1260 1264 1263
1261 1257 1258 1254
1262 1265 1268 1271
1262 1259 1256 1253
1263 1267 1266 1270
1263 1264 1260 1261
1264 1263 1267 1266
1264 1260 1261 1257
1265 1268 1271 1274
1265 1262 1259 1256
1266 1270 1269 1273
1266 1267 1263 1264
1267 1266 1270 1269
1267 1263 1264 1260
1268 1271 1274 1277
1268 1265 1262 1259
1269 1273 1272 1276
1269 1270 1266 1267
1270 1269 1273 1272
1270 1266 1267 1263
1271 1274 1277 1280
1271 1268 1265 1262
1272 1276 1275 1279
1272 1273 1269 1270
1273 1272 1276 1275
1273 1269 1270 1266
1274 1277 1280 1283
1274 1271 1268 1265
1275 1279 1278 1282
1275 1276 1272 1273
1276 1275 1279 1278
1276 1272 1273 1269
1277 1280 1283 1286
1277 1274 1271 1268
1278 1282 1281 1285
1278 1279 1275 1276
1279 1278 1282 1281
1279 1275 1276 1272
1280 1283 1286 1289
1280 1277 1274 1271
1281 1285 1284 1288
1281 1282 1278 1279
1282 1281 1285 1284
1282 1278 1279 1275
1283 1286 1289 1292
1283 1280 1277 1274
1284 1288 1287 1291
1284 1285 1281 1282
1285 1284 1288 1287
1285 1281 1282 1278
1286 1289 1292 1293
1286 1283 1280 1277
1287 1291 1290 1295
1287 1288 1284 1285
1288 1287 1291 1290
1288 1284 1285 1281
1289 1292 1293 1296
1289 1286 1283 1280
1290 1295 1294 1298
1290 1291 1287 1288
1291 1290 1295 1294
1291 1287 1288 1284
1292 1293 1296 1299
1292 1289 1286 1283
1293 1296 1299 1300
1293 1292 1289 1286
1294 1298 1297 1302
1294 1295 1290 1291
1295 1294 1298 1297
1295 1290 1291 1287
1296 1299 1300 1303
1296 1293 1292 1289
1297 1302 1301 1305
1297 1298 1294 1295
1298 1297 1302 1301
1298 1294 1295 1290
1299 1300 1303 1306
1299 1296 1293 1292
1300 1303 1306 1309
1300 1299 1296 1293
1301 1305 1304 1308
1301 1302 1297 1298
1302 1301 1305 1304
1302 1297 1298 1294
1303 1306 1309 1312
1303 1300 1299 1296
1304 1308 1307 1311
1304 1305 1301 1302
1305 1304 1308 1307
1305 1301 1302 1297
1306 1309 1312 1315
1306 1303 1300 1299
1307 1311 1310 1314
1307 1308 1304 1305
1308 1307 1311 1310
1308 1304 1305 1301
1309 1312 1315 1316
1309 1306 1303 1300
1310 1314 1313 1318
1310 1311 1307 1308
1311 1310 1314 1313
1311 1307 1308 1304
1312 1315 1316 1319
1312 1309 1306 1303
1313 1318 1317 1321
1313 1314 1310 1311
1314 1313 1318 1317
1314 1310 1311 1307
1315 1316 1319 1322
1315 1312 1309 1306
1316 1319 1322 1323
1316 1315 1312 1309
1317 1321 1320 1325
1317 1318 1313 1314
1318 1317 1321 1320
1318 1313 1314 1310
1319 1322 1323 1326
1319 1316 1315 1312
1320 1325 1324 1328
1320 1321 1317 1318
1321 1320 1325 1324
1321 1317 1318 1313
1322 1323 1326 1329
1322 1319 1316 1315
1323 1326 1329 1330
1323 1322 1319 1316
1324 1328 1327 1332
1324 1325 1320 1321
1325 1324 1328 1327
1325 1320 1321 1317
1326 1329 1330 1333
1326 1323 1322 1319
1327 1332 1331 1335
1327 1328 1324 1325
1328 1327 1332 1331
1328 1324 1325 1320
1329 1330 1333 1336
1329 1326 1323 1322
1330 1333 1336 1339
1330 1329 1326 1323
1331 1335 1334 1338
1331 1332 1327 1328
1332 1331 1335 1334
1332 1327 1328 1324
1333 1336 1339 1342
1333 1330 1329 1326
1334 1338 1337 1341
1334 1335 1331 1332
1335 1334 1338 1337
1335 1331 1332 1327
1336 1339 1342 1345
1336 1333 1330 1329
1337 1341 1340 1344
1337 1338 1334 1335
1338 1337 1341 1340
1338 1334 1335 1331
1339 1342 1345 1348
1339 1336 1333 1330
1340 1344 1343 1347
1340 1341 1337 1338
1341 1340 1344 1343
1341 1337 1338 1334
1342 1345 1348 1351
1342 1339 1336 1333
1343 1347 1346 1350
1343 1344 1340 1341
1344 1343 1347 1346
1344 1340 1341 1337
1345 1348 1351 1354
1345 1342 1339 1336
1346 1350 1349 1353
1346 1347 1343 1344
1347 1346 1350 1349
1347 1343 1344 1340
1348 1351 1354 1357
1348 1345 1342 1339
1349 1353 1352 1356
1349 1350 1346 1347
1350 1349 1353 1352
1350 1346 1347 1343
1351 1354 1357 1360
1351 1348 1345 1342
1352 1356 1355 1359
1352 1353 1349 1350
1353 1352 1356 1355
1353 1349 1350 1346
1354 1357 1360 1361
1354 1351 1348 1345
1355 1359 1358 1363
1355 1356 1352 1353
1356 1355 1359 1358
1356 1352 1353 1349
1357 1360 1361 1364
1357 1354 1351 1348
1358 1363 1362 1366
1358 1359 1355 1356
1359 1358 1363 1362
1359 1355 1356 1352
1360 1361 1364 1367
1360 1357 1354 1351
1361 1364 1367 1368
1361 1360 1357 1354
1362 1366 1365 1370
1362 1363 1358 1359
1363 1362 1366 1365
1363 1358 1359 1355
1364 1367 1368 1371
1364 1361 1360 1357
1365 1370 1369 1373
1365 1366 1362 1363
1366 1365 1370 1369
1366 1362 1363 1358
1367 1368 1371 1374
1367 1364 1361 1360
1368 1371 1374 1375
1368 1367 1364 1361
1369 1373 1372 1377
1369 1370 1365 1366
1370 1369 1373 1372
1370 1365 1366 1362
1371 1374 1375 1378
1371 1368 1367 1364
1372 1377 1376 1380
1372 1373 1369 1370
1373 1372 1377 1376
1373 1369 1370 1365
1374 1375 1378 1381
1374 1371 1368 1367
1375 1378 1381 1382
1375 1374 1371 1368
1376 1380 1379 1384
1376 1377 1372 1373
1377 1376 1380 1379
1377 1372 1373 1369
1378 1381 1382 1385
1378 1375 1374 1371
1379 1384 1383 1387
1379 1380 1376 1377
1380 1379 1384 1383
1380 1376 1377 1372
1381 1382 1385 1388
1381 1378 1375 1374
1382 1385 1388 1391
1382 1381 1378 1375
1383 1387 1386 1390
1383 1384 1379 1380
1384 1383 1387 1386
1384 1379 1380 1376
1385 1388 1391 1392
1385 1382 1381 1378
1386 1390 1389 1394
1386 1387 1383 1384
1387 1386 1390 1389
1387 1383 1384 1379
1388 1391 1392 1395
1388 1385 1382 1381
1389 1394 1393 1397
1389 1390 1386 1387
1390 1389 1394 1393
1390 1386 1387 1383
1391 1392 1395 1398
1391 1388 1385 1382
1392 1395 1398 1399
1392 1391 1388 1385
1393 1397 1396 1401
1393 1394 1389 1390
1394 1393 1397 1396
1394 1389 1390 1386
1395 1398 1399 1402
1395 1392 1391 1388
1396 1401 1400 1404
1396 1397 1393 1394
1397 1396 1401 1400
1397 1393 1394 1389
1398 1399 1402 1405
1398 1395 1392 1391
1399 1402 1405 1408
1399 1398 1395 1392
1400 1404 1403 1407
1400 1401 1396 1397
1401 1400 1404 1403
1401 1396 1397 1393
1402 1405 1408 1409
1402 1399 1398 1395
1403 1407 1406 1411
1403 1404 1400 1401
1404 1403 1407 1406
1404 1400 1401 1396
1405 1408 1409 1412
1405 1402 1399 1398
1406 1411 1410 1414
1406 1407 1403 1404
1407 1406 1411 1410
1407 1403 1404 1400
1408 1409 1412 1415
1408 1405 1402 1399
1409 1412 1415 1418
1409 1408 1405 1402
1410 1414 1413 1417
1410 1411 1406 1407
1411 1410 1414 1413
1411 1406 1407 1403
1412 1415 1418 1419
1412 1409 1408 1405
1413 1417 1416 1421
1413 1414 1410 1411
1414 1413 1417 1416
1414 1410 1411 1406
1415 1418 1419 1422
1415 1412 1409 1408
1416 1421 1420 1424
1416 1417 1413 1414
1417 1416 1421 1420
1417 1413 1414 1410
1418 1419 1422 1425
1418 1415 1412 1409
1419 1422 1425 1428
1419 1418 1415 1412
1420 1424 1423 1427
1420 1421 1416 1417
1421 1420 1424 1423
1421 1416 1417 1413
1422 1425 1428 1429
1422 1419 1418 1415
1423 1427 1426 1431
1423 1424 1420 1421
1424 1423 1427 1426
1424 1420 1421 1416
1425 1428 1429 1432
1425 1422 1419 1418
1426 1431 1430 1435
1426 1427 1423 1424
1427 1426 1431 1430
1427 1423 1424 1420
1428 1429 1432 1433
1428 1425 1422 1419
1429 1432 1433 1436
1429 1428 1425 1422
1430 1435 1434 1438
1430 1431 1426 1427
1431 1430 1435 1434
1431 1426 1427 1423
1432 1433 1436 1439
1432 1429 1428 1425
1433 1436 1439 1440
1433 1432 1429 1428
1434 1438 1437 1442
1434 1435 1430 1431
1435 1434 1438 1437
1435 1430 1431 1426
1436 1439 1440 1443
1436 1433 1432 1429
1437 1442 1441 1446
1437 1438 1434 1435
1438 1437 1442 1441
1438 1434 1435 1430
1439 1440 1443 1444
1439 1436 1433 1432
1440 1443 1444 1447
1440 1439 1436 1433
1441 1446 1445 1450
1441 1442 1437 1438
1442 1441 1446 1445
1442 1437 1438 1434
1443 1444 1447 1448
1443 1440 1439 1436
1444 1447 1448 1451
1444 1443 1440 1439
1445 1450 1449 1453
1445 1446 1441 1442
1446 1445 1450 1449
1446 1441 1442 1437
1447 1448 1451 1454
1447 1444 1443 1440
1448 1451 1454 1457
1448 1447 1444 1443
1449 1453 1452 1456
1449 1450 1445 1446
1450 1449 1453 1452
1450 1445 1446 1441
1451 1454 1457 1458
1451 1448 1447 1444
1452 1456 1455 1460
1452 1453 1449 1450
1453 1452 1456 1455
1453 1449 1450 1445
1454 1457 1458 1461
1454 1451 1448 1447
1455 1460 1459 1464
1455 1456 1452 1453
1456 1455 1460 1459
1456 1452 1453 1449
1457 1458 1461 1462
1457 1454 1451 1448
1458 1461 1462 1465
1458 1457 1454 1451
1459 1464 1463 1468
1459 1460 1455 1456
1460 1459 1464 1463
1460 1455 1456 1452
1461 1462 1465 1466
1461 1458 1457 1454
1462 1465 1466 1469
1462 1461 1458 1457
1463 1468 1467 1472
1463 1464 1459 1460
1464 1463 1468 1467
1464 1459 1460 1455
1465 1466 1469 1470
1465 1462 1461 1458
1466 1469 1470 1473
1466 1465 1462 1461
1467 1472 1471 1476
1467 1468 1463 1464
1468 1467 1472 1471
1468 1463 1464 1459
1469 1470 1473 1474
1469 1466 1465 1462
1470 1473 1474 1477
1470 1469 1466 1465
1471 1476 1475 1480
1471 1472 1467 1468
1472 1471 1476 1475
1472 1467 1468 1463
1473 1474 1477 1478
1473 1470 1469 1466
1474 1477 1478 1481
1474 1473 1470 1469
1475 1480 1479 1484
1475 1476 1471 1472
1476 1475 1480 1479
1476 1471 1472 1467
1477 1478 1481 1482
1477 1474 1473 1470
1478 1481 1482 1485
1478 1477 1474 1473
1479 1484 1483 1487
1479 1480 1475 1476
1480 1479 1484 1483
1480 1475 1476 1471
1481 1482 1485 1488
1481 1478 1477 1474
1482 1485 1488 1489
1482 1481 1478 1477
1483 1487 1486 1491
1483 1484 1479 1480
1484 1483 1487 1486
1484 1479 1480 1475
1485 1488 1489 1492
1485 1482 1481 1478
1486 1491 1490 1495
1486 1487 1483 1484
1487 1486 1491 1490
1487 1483 1484 1479
1488 1489 1492 1493
1488 1485 1482 1481
1489 1492 1493 1496
1489 1488 1485 1482
1490 1495 1494 1499
1490 1491 1486 1487
1491 1490 1495 1494
1491 1486 1487 1483
1492 1493 1496 1497
1492 1489 1488 1485
1493 1496 1497 1500
1493 1492 1489 1488
1494 1499 1498 1503
1494 1495 1490 1491
1495 1494 1499 1498
1495 1490 1491 1486
1496 1497 1500 1501
1496 1493 1492 1489
1497 1500 1501 1504
1497 1496 1493 1492
1498 1503 1502 1507
1498 1499 1494 1495
1499 1498 1503 1502
1499 1494 1495 1490
1500 1501 1504 1505
1500 1497 1496 1493
1501 1504 1505 1508
1501 1500 1497 1496
1502 1507 1506 1511
1502 1503 1498 1499
1503 1502 1507 1506
1503 1498 1499 1494
1504 1505 1508 1509
1504 1501 1500 1497
1505 1508 1509 1512
1505 1504 1501 1500
1506 1511 1510 1515
1506 1507 1502 1503
1507 1506 1511 1510
1507 1502 1503 1498
1508 1509 1512 1513
1508 1505 1504 1501
1509 1512 1513 1516
1509 1508 1505 1504
1510 1515 1514 1519
1510 1511 1506 1507
1511 1510 1515 1514
1511 1506 1507 1502
1512 1513 1516 1517
1512 1509 1508 1505
1513 1516 1517 1520
1513 1512 1509 1508
1514 1519 1518 1523
1514 1515 1510 1511
1515 1514 1519 1518
1515 1510 1511 1506
1516 1517 1520 1521
1516 1513 1512 1509
1517 1520 1521 1524
1517 1516 1513 1512
1518 1523 1522 1527
1518 1519 1514 1515
1519 1518 1523 1522
1519 1514 1515 1510
1520 1521 1524 1525
1520 1517 1516 1513
1521 1524 1525 1528
1521 1520 1517 1516
1522 1527 1526 1531
1522 1523 1518 1519
1523 1522 1527 1526
1523 1518 1519 1514
1524 1525 1528 1529
1524 1521 1520 1517
1525 1528 1529 1532
1525 1524 1521 1520
1526 1531 1530 1535
1526 1527 1522 1523
1527 1526 1531 1530
1527 1522 1523 1518
1528 1529 1532 1533
1528 1525 1524 1521
1529 1532 1533 1536
1529 1528 1525 1524
1530 1535 1534 1539
1530 1531 1526 1527
1531 1530 1535 1534
1531 1526 1527 1522
1532 1533 1536 1537
1532 1529 1528 1525
1533 1536 1537 1540
1533 1532 1529 1528
1534 1539 1538 1543
1534 1535 1530 1531
1535 1534 1539 1538
1535 1530 1531 1526
1536 1537 1540 1541
1536 1533 1532 1529
1537 1540 1541 1544
1537 1536 1533 1532
1538 1543 1542 1547
1538 1539 1534 1535
1539 1538 1543 1542
1539 1534 1535 1530
1540 1541 1544 1545
1540 1537 1536 1533
1541 1544 1545 1548
1541 1540 1537 1536
1542 1547 1546 1551
1542 1543 1538 1539
1543 1542 1547 1546
1543 1538 1539 1534
1544 1545 1548 1549
1544 1541 1540 1537
1545 1548 1549 1552
1545 1544 1541 1540
1546 1551 1550 1555
1546 1547 1542 1543
1547 1546 1551 1550
1547 1542 1543 1538
1548 1549 1552 1553
1548 1545 1544 1541
1549 1552 1553 1556
1549 1548 1545 1544
1550 1555 1554 1559
1550 1551 1546 1547
1551 1550 1555 1554
1551 1546 1547 1542
1552 1553 1556 1557
1552 1549 1548 1545
1553 1556 1557 1560
1553 1552 1549 1548
1554 1559 1558 1563
1554 1555 1550 1551
1555 1554 1559 1558
1555 1550 1551 1546
1556 1557 1560 1561
1556 1553 1552 1549
1557 1560 1561 1564
1557 1556 1553 1552
1558 1563 1562 1567
1558 1559 1554 1555
1559 1558 1563 1562
1559 1554 1555 1550
1560 1561 1564 1565
1560 1557 1556 1553
1561 1564 1565 1568
1561 1560 1557 1556
1562 1567 1566 1571
1562 1563 1558 1559
1563 1562 1567 1566
1563 1558 1559 1554
1564 1565 1568 1569
1564 1561 1560 1557
1565 1568 1569 1572
1565 1564 1561 1560
1566 1571 1570 1575
1566 1567 1562 1563
1567 1566 1571 1570
1567 1562 1563 1558
1568 1569 1572 1573
1568 1565 1564 1561
1569 1572 1573 1576
1569 1568 1565 1564
1570 1575 1574 1579
1570 1571 1566 1567
1571 1570 1575 1574
1571 1566 1567 1562
1572 1573 1576 1577
1572 1569 1568 1565
1573 1576 1577 1580
1573 1572 1569 1568
1574 1579 1578 1583
1574 1575 1570 1571
1575 1574 1579 1578
1575 1570 1571 1566
1576 1577 1580 1581
1576 1573 1572 1569
1577 1580 1581 1584
1577 1576 1573 1572
1578 1583 1582 1587
1578 1579 1574 1575
1579 1578 1583 1582
1579 1574 1575 1570
1580 1581 1584 1585
1580 1577 1576 1573
1581 1584 1585 1588
1581 1580 1577 1576
1582 1587 1586 1591
1582 1583 1578 1579
1583 1582 1587 1586
1583 1578 1579 1574
1584 1585 1588 1589
1584 1581 1580 1577
1585 1588 1589 1592
1585 1584 1581 1580
1586 1591 1590 1595
1586 1587 1582 1583
1587 1586 1591 1590
1587 1582 1583 1578
1588 1589 1592 1593
1588 1585 1584 1581
1589 1592 1593 1596
1589 1588 1585 1584
1590 1595 1594 1599
1590 1591 1586 1587
1591 1590 1595 1594
1591 1586 1587 1582
1592 1593 1596 1597
1592 1589 1588 1585
1593 1596 1597 1600
1593 1592 1589 1588
1594 1599 1598 1603
1594 1595 1590 1591
1595 1594 1599 1598
1595 1590 1591 1586
1596 1597 1600 1601
1596 1593 1592 1589
1597 1600 1601 1604
1597 1596 1593 1592
1598 1603 1602 1607
1598 1599 1594 1595
1599 1598 1603 1602
1599 1594 1595 1590
1600 1601 1604 1605
1600 1597 1596 1593
1601 1604 1605 1608
1601 1600 1597 1596
1602 1607 1606 1611
1602 1603 1598 1599
1603 1602 1607 1606
1603 1598 1599 1594
1604 1605 1608 1609
1604 1601 1600 1597
1605 1608 1609 1612
1605 1604 1601 1600
1606 1611 1610 1615
1606 1607 1602 1603
1607 1606 1611 1610
1607 1602 1603 1598
1608 1609 1612 1613
1608 1605 1604 1601
1609 1612 1613 1616
1609 1608 1605 1604
1610 1615 1614 1620
1610 1611 1606 1607
1611 1610 1615 1614
1611 1606 1607 1602
1612 1613 1616 1617
1612 1609 1608 1605
1613 1616 1617 1621
1613 1612 1609 1608
1614 1620 1619 1618
1614 1615 1610 1611
1615 1614 1620 1619
1615 1610 1611 1606
1616 1617 1621 1622
1616 1613 1612 1609
1617 1621 1622 1625
1617 1616 1613 1612
1618 1624 1623 1628
1618 1619 1620 1614
1619 1618 1624 1623
1619 1620 1614 1615
1620 1619 1618 1624
1620 1614 1615 1610
1621 1622 1625 1626
1621 1617 1616 1613
1622 1625 1626 1629
1622 1621 1617 1616
1623 1628 1627 1632
1623 1624 1618 1619
1624 1623 1628 1627
1624 1618 1619 1620
1625 1626 1629 1630
1625 1622 1621 1617
1626 1629 1630 1633
1626 1625 1622 1621
1627 1632 1631 1636
1627 1628 1623 1624
1628 1627 1632 1631
1628 1623 1624 1618
1629 1630 1633 1634
1629 1626 1625 1622
1630 1633 1634 1637
1630 1629 1626 1625
1631 1636 1635 1641
1631 1632 1627 1628
1632 1631 1636 1635
1632 1627 1628 1623
1633 1634 1637 1638
1633 1630 1629 1626
1634 1637 1638 1639
1634 1633 1630 1629
1635 1641 1640 1645
1635 1636 1631 1632
1636 1635 1641 1640
1636 1631 1632 1627
1637 1638 1639 1642
1637 1634 1633 1630
1638 1639 1642 1643
1638 1637 1634 1633
1639 1642 1643 1646
1639 1638 1637 1634
1640 1645 1644 1649
1640 1641 1635 1636
1641 1640 1645 1644
1641 1635 1636 1631
1642 1643 1646 1647
1642 1639 1638 1637
1643 1646 1647 1650
1643 1642 1639 1638
1644 1649 1648 1653
1644 1645 1640 1641
1645 1644 1649 1648
1645 1640 1641 1635
1646 1647 1650 1651
1646 1643 1642 1639
1647 1650 1651 1654
1647 1646 1643 1642
1648 1653 1652 1657
1648 1649 1644 1645
1649 1648 1653 1652
1649 1644 1645 1640
1650 1651 1654 1655
1650 1647 1646 1643
1651 1654 1655 1658
1651 1650 1647 1646
1652 1657 1656 1661
1652 1653 1648 1649
1653 1652 1657 1656
1653 1648 1649 1644
1654 1655 1658 1659
1654 1651 1650 1647
1655 1658 1659 1662
1655 1654 1651 1650
1656 1661 1660 1665
1656 1657 1652 1653
1657 1656 1661 1660
1657 1652 1653 1648
1658 1659 1662 1663
1658 1655 1654 1651
1659 1662 1663 1666
1659 1658 1655 1654
1660 1665 1664 1669
1660 1661 1656 1657
1661 1660 1665 1664
1661 1656 1657 1652
1662 1663 1666 1667
1662 1659 1658 1655
1663 1666 1667 1670
1663 1662 1659 1658
1664 1669 1668 1673
1664 1665 1660 1661
1665 1664 1669 1668
1665 1660 1661 1656
1666 1667 1670 1671
1666 1663 1662 1659
1667 1670 1671 1674
1667 1666 1663 1662
1668 1673 1672 1677
1668 1669 1664 1665
1669 1668 1673 1672
1669 1664 1665 1660
1670 1671 1674 1675
1670 1667 1666 1663
1671 1674 1675 1678
1671 1670 1667 1666
1672 1677 1676 1687
1672 1673 1668 1669
1673 1672 1677 1676
1673 1668 1669 1664
1674 1675 1678 1679
1674 1671 1670 1667
1675 1678 1679 1688
1675 1674 1671 1670
1676 1687 1686 1685
1676 1677 1672 1673
1677 1676 1687 1686
1677 1672 1673 1668
1678 1679 1688 1689
1678 1675 1674 1671
1679 1688 1689 1704
1679 1678 1675 1674
1680 1703 1702 1701
1680 1681 1682 1683
1681 1680 1703 1702
1681 1682 1683 1684
1682 1681 1680 1703
1682 1683 1684 1685
1683 1682 1681 1680
1683 1684 1685 1686
1684 1683 1682 1681
1684 1685 1686 1687
1685 1684 1683 1682
1685 1686 1687 1676
1686 1685 1684 1683
1686 1687 1676 1677
1687 1686 1685 1684
1687 1676 1677 1672
1688 1689 1704 1705
1688 1679 1678 1675
1689 1704 1705 1706
1689 1688 1679 1678
1690 1724 1723 1722
1690 1691 1692 1693
1691 1690 1724 1723
1691 1692 1693 1694
1692 1691 1690 1724
1692 1693 1694 1695
1693 1692 1691 1690
1693 1694 1695 1696
1694 1693 1692 1691
1694 1695 1696 1697
1695 1694 1693 1692
1695 1696 1697 1698
1696 1695 1694 1693
1696 1697 1698 1699
1697 1696 1695 1694
1697 1698 1699 1700
1698 1697 1696 1695
1698 1699 1700 1701
1699 1698 1697 1696
1699 1700 1701 1702
1700 1699 1698 1697
1700 1701 1702 1703
1701 1700 1699 1698
1701 1702 1703 1680
1702 1701 1700 1699
1702 1703 1680 1681
1703 1702 1701 1700
1703 1680 1681 1682
1704 1705 1706 1725
1704 1689 1688 1679
1705 1706 1725 1726
1705 1704 1689 1688
1706 1725 1726 1740
1706 1705 1704 1689
1707 1739 1738 1737
1707 1708 1709 1710
1708 1707 1739 1738
1708 1709 1710 1711
1709 1708 1707 1739
1709 1710 1711 1712
1710 1709 1708 1707
1710 1711 1712 1713
1711 1710 1709 1708
1711 1712 1713 1714
1712 1711 1710 1709
1712 1713 1714 1715
1713 1712 1711 1710
1713 1714 1715 1716
1714 1713 1712 1711
1714 1715 1716 1717
1715 1714 1713 1712
1715 1716 1717 1718
1716 1715 1714 1713
1716 1717 1718 1719
1717 1716 1715 1714
1717 1718 1719 1720
1718 1717 1716 1715
1718 1719 1720 1721
1719 1718 1717 1716
1719 1720 1721 1722
1720 1719 1718 1717
1720 1721 1722 1723
1721 1720 1719 1718
1721 1722 1723 1724
1722 1721 1720 1719
1722 1723 1724 1690
1723 1722 1721 1720
1723 1724 1690 1691
1724 1723 1722 1721
1724 1690 1691 1692
1725 1726 1740 1741
1725 1706 1705 1704
1726 1740 1741 1760
1726 1725 1706 1705
1727 1759 1758 1757
1727 1728 1729 1730
1728 1727 1759 1758
1728 1729 1730 1731
1729 1728 1727 1759
1729 1730 1731 1732
1730 1729 1728 1727
1730 1731 1732 1733
1731 1730 1729 1728
1731 1732 1733 1734
1732 1731 1730 1729
1732 1733 1734 1735
1733 1732 1731 1730
1733 1734 1735 1736
1734 1733 1732 1731
1734 1735 1736 1737
1735 1734 1733 1732
1735 1736 1737 1738
1736 1735 1734 1733
1736 1737 1738 1739
1737 1736 1735 1734
1737 1738 1739 1707
1738 1737 1736 1735
1738 1739 1707 1708
1739 1738 1737 1736
1739 1707 1708 1709
1740 1741 1760 1761
1740 1726 1725 1706
1741 1760 1761 1775
1741 1740 1726 1725
1742 1774 1773 1772
1742 1743 1744 1745
1743 1742 1774 1773
1743 1744 1745 1746
1744 1743 1742 1774
1744 1745 1746 1747
1745 1744 1743 1742
1745 1746 1747 1748
1746 1745 1744 1743
1746 1747 1748 1749
1747 1746 1745 1744
1747 1748 1749 1750
1748 1747 1746 1745
1748 1749 1750 1751
1749 1748 1747 1746
1749 1750 1751 1752
1750 1749 1748 1747
1750 1751 1752 1753
1751 1750 1749 1748
1751 1752 1753 1754
1752 1751 1750 1749
1752 1753 1754 1755
1753 1752 1751 1750
1753 1754 1755 1756
1754 1753 1752 1751
1754 1755 1756 1757
1755 1754 1753 1752
1755 1756 1757 1758
1756 1755 1754 1753
1756 1757 1758 1759
1757 1756 1755 1754
1757 1758 1759 1727
1758 1757 1756 1755
1758 1759 1727 1728
1759 1758 1757 1756
1759 1727 1728 1729
1760 1761 1775 1776
1760 1741 1740 1726
1761 1775 1776 1777
1761 1760 1741 1740
1762 1795 1794 1793
1762 1763 1764 1765
1763 1762 1795 1794
1763 1764 1765 1766
1764 1763 1762 1795
1764 1765 1766 1767
1765 1764 1763 1762
1765 1766 1767 1768
1766 1765 1764 1763
1766 1767 1768 1769
1767 1766 1765 1764
1767 1768 1769 1770
1768 1767 1766 1765
1768 1769 1770 1771
1769 1768 1767 1766
1769 1770 1771 1772
1770 1769 1768 1767
1770 1771 1772 1773
1771 1770 1769 1768
1771 1772 1773 1774
1772 1771 1770 1769
1772 1773 1774 1742
1773 1772 1771 1770
1773 1774 1742 1743
1774 1773 1772 1771
1774 1742 1743 1744
1775 1776 1777 1796
1775 1761 1760 1741
1776 1777 1796 1797
1776 1775 1761 1760
1777 1796 1797 1798
1777 1776 1775 1761
1778 1809 1808 1807
1778 1779 1780 1781
1779 1778 1809 1808
1779 1780 1781 1782
1780 1779 1778 1809
1780 1781 1782 1783
1781 1780 1779 1778
1781 1782 1783 1784
1782 1781 1780 1779
1782 1783 1784 1785
1783 1782 1781 1780
1783 1784 1785 1786
1784 1783 1782 1781
1784 1785 1786 1787
1785 1784 1783 1782
1785 1786 1787 1788
1786 1785 1784 1783
1786 1787 1788 1789
1787 1786 1785 1784
1787 1788 1789 1790
1788 1787 1786 1785
1788 1789 1790 1791
1789 1788 1787 1786
1789 1790 1791 1792
1790 1789 1788 1787
1790 1791 1792 1793
1791 1790 1789 1788
1791 1792 1793 1794
1792 1791 1790 1789
1792 1793 1794 1795
1793 1792 1791 1790
1793 1794 1795 1762
1794 1793 1792 1791
1794 1795 1762 1763
1795 1794 1793 1792
1795 1762 1763 1764
1796 1797 1798 1799
1796 1777 1776 1775
1797 1798 1799 1800
1797 1796 1777 1776
1798 1799 1800 1801
1798 1797 1796 1777
1799 1800 1801 1802
1799 1798 1797 1796
1800 1799 1798 1797
1800 1801 1802 1803
1801 1800 1799 1798
1801 1802 1803 1804
1802 1801 1800 1799
1802 1803 1804 1805
1803 1802 1801 1800
1803 1804 1805 1806
1804 1803 1802 1801
1804 1805 1806 1807
1805 1804 1803 1802
1805 1806 1807 1808
1806 1805 1804 1803
1806 1807 1808 1809
1807 1806 1805 1804
1807 1808 1809 1778
1808 1807 1806 1805
1808 1809 1778 1779
1809 1808 1807 1806
1809 1778 1779 1780
