0 54 53 52
0 1 2 3
1 0 54 53
1 2 3 4
2 1 0 54
2 3 4 5
3 2 1 0
3 4 5 6
4 3 2 1
4 5 6 7
5 4 3 2
5 6 7 8
6 5 4 3
6 7 8 9
7 6 5 4
7 8 9 10
8 7 6 5
8 9 10 11
9 8 7 6
9 10 11 12
10 9 8 7
10 11 12 13
11 10 9 8
11 12 13 14
12 11 10 9
12 13 14 15
13 14 15 16
13 12 11 10
14 15 16 17
14 13 12 11
15 16 17 18
15 14 13 12
16 17 18 19
16 15 14 13
17 18 19 20
17 16 15 14
18 19 20 21
18 17 16 15
19 20 21 22
19 18 17 16
20 21 22 23
20 19 18 17
21 22 23 24
21 20 19 18
22 23 24 25
22 21 20 19
23 24 25 26
23 22 21 20
24 25 26 27
24 23 22 21
25 26 27 28
25 24 23 22
26 27 28 29
26 25 24 23
27 28 29 30
27 26 25 24
28 29 30 31
28 27 26 25
29 30 31 32
29 28 27 26
30 31 32 33
30 29 28 27
31 32 33 34
31 30 29 28
32 33 34 35
32 31 30 29
33 34 35 36
33 32 31 30
34 35 36 37
34 33 32 31
35 36 37 38
35 34 33 32
36 37 38 39
36 35 34 33
37 38 39 40
37 36 35 34
38 39 40 41
38 37 36 35
39 40 41 42
39 38 37 36
40 41 42 43
40 39 38 37
41 42 43 44
41 40 39 38
42 43 44 45
42 41 40 39
43 44 45 46
43 42 41 40
44 45 46 47
44 43 42 41
45 46 47 48
45 44 43 42
46 47 48 49
46 45 44 43
47 48 49 50
47 46 45 44
48 49 50 51
48 47 46 45
49 50 51 55
49 48 47 46
50 51 55 56
50 49 48 47
51 55 56 57
51 50 49 48
52 122 121 140
52 53 54 0
53 52 122 121
53 54 0 1
54 53 52 122
54 0 1 2
55 56 57 58
55 51 50 49
56 57 58 59
56 55 51 50
57 58 59 60
57 56 55 51
58 59 60 61
58 57 56 55
59 60 61 62
59 58 57 56
60 61 62 63
60 59 58 57
61 62 63 64
61 60 59 58
62 63 64 65
62 61 60 59
63 62 61 60
63 64 65 66
64 63 62 61
64 65 66 67
65 64 63 62
65 66 67 68
66 65 64 63
66 67 68 69
67 68 69 70
67 66 65 64
68 69 70 71
68 67 66 65
69 70 71 72
69 68 67 66
70 71 72 73
70 69 68 67
71 72 73 74
71 70 69 68
72 73 74 75
72 71 70 69
73 74 75 76
73 72 71 70
74 75 76 77
74 73 72 71
75 76 77 78
75 74 73 72
76 77 78 79
76 75 74 73
77 78 79 80
77 76 75 74
78 79 80 81
78 77 76 75
79 80 81 82
79 78 77 76
80 81 82 83
80 79 78 77
81 82 83 84
81 80 79 78
82 83 84 85
82 81 80 79
83 84 85 86
83 82 81 80
84 85 86 87
84 83 82 81
85 86 87 88
85 84 83 82
86 87 88 89
86 85 84 83
87 88 89 90
87 86 85 84
88 89 90 91
88 87 86 85
89 90 91 92
89 88 87 86
90 91 92 93
90 89 88 87
91 92 93 94
91 90 89 88
92 93 94 95
92 91 90 89
93 94 95 96
93 92 91 90
94 95 96 97
94 93 92 91
95 96 97 98
95 94 93 92
96 97 98 99
96 95 94 93
97 98 99 100
97 96 95 94
98 99 100 101
98 97 96 95
99 100 101 102
99 98 97 96
100 101 102 103
100 99 98 97
101 102 103 104
101 100 99 98
102 103 104 105
102 101 100 99
103 104 105 106
103 102 101 100
104 105 106 107
104 103 102 101
105 106 107 108
105 104 103 102
106 107 108 109
106 105 104 103
107 108 109 110
107 106 105 104
108 109 110 111
108 107 106 105
109 110 111 112
109 108 107 106
110 111 112 113
110 109 108 107
111 112 113 114
111 110 109 108
112 113 114 115
112 111 110 109
113 114 115 116
113 112 111 110
114 115 116 117
114 113 112 111
115 116 117 118
115 114 113 112
116 117 118 119
116 115 114 113
117 118 119 120
117 116 115 114
118 119 120 123
118 117 116 115
119 120 123 124
119 118 117 116
120 123 124 125
120 119 118 117
121 140 139 162
121 122 52 53
122 121 140 139
122 52 53 54
123 124 125 126
123 120 119 118
124 125 126 127
124 123 120 119
125 126 127 128
125 124 123 120
126 127 128 129
126 125 124 123
127 128 129 130
127 126 125 124
128 129 130 131
128 127 126 125
129 130 131 132
129 128 127 126
130 131 132 133
130 129 128 127
131 132 133 134
131 130 129 128
132 133 134 135
132 131 130 129
133 134 135 136
133 132 131 130
134 135 136 137
134 133 132 131
135 136 137 138
135 134 133 132
136 137 138 141
136 135 134 133
137 138 141 142
137 136 135 134
138 141 142 143
138 137 136 135
139 162 161 178
139 140 121 122
140 139 162 161
140 121 122 52
141 142 143 144
141 138 137 136
142 143 144 145
142 141 138 137
143 144 145 146
143 142 141 138
144 145 146 147
144 143 142 141
145 146 147 148
145 144 143 142
146 147 148 149
146 145 144 143
147 148 149 150
147 146 145 144
148 149 150 151
148 147 146 145
149 150 151 152
149 148 147 146
150 151 152 153
150 149 148 147
151 152 153 154
151 150 149 148
152 153 154 155
152 151 150 149
153 154 155 156
153 152 151 150
154 155 156 157
154 153 152 151
155 156 157 158
155 154 153 152
156 157 158 159
156 155 154 153
157 158 159 160
157 156 155 154
158 159 160 163
158 157 156 155
159 160 163 164
159 158 157 156
160 163 164 165
160 159 158 157
161 178 177 190
161 162 139 140
162 161 178 177
162 139 140 121
163 164 165 166
163 160 159 158
164 165 166 167
164 163 160 159
165 166 167 168
165 164 163 160
166 167 168 169
166 165 164 163
167 168 169 170
167 166 165 164
168 169 170 171
168 167 166 165
169 170 171 172
169 168 167 166
170 171 172 173
170 169 168 167
171 172 173 174
171 170 169 168
172 173 174 175
172 171 170 169
173 174 175 176
173 172 171 170
174 175 176 179
174 173 172 171
175 176 179 180
175 174 173 172
176 179 180 181
176 175 174 173
177 190 195 194
177 178 161 162
178 177 190 195
178 161 162 139
179 180 181 182
179 176 175 174
180 181 182 183
180 179 176 175
181 182 183 184
181 180 179 176
182 183 184 185
182 181 180 179
183 184 185 186
183 182 181 180
184 185 186 187
184 183 182 181
185 186 187 188
185 184 183 182
186 187 188 189
186 185 184 183
187 188 189 192
187 186 185 184
188 189 192 193
188 187 186 185
189 192 193 198
189 188 187 186
190 195 194 200
190 177 178 161
191 197 202 206
192 193 198 203
192 189 188 187
193 198 203 207
193 192 189 188
194 200 199 204
194 195 190 177
195 194 200 199
195 190 177 178
196 201 205 210
197 202 206 212
198 203 207 213
198 193 192 189
199 204 209 208
199 200 194 195
200 199 204 209
200 194 195 190
201 205 210 211
202 206 212 216
202 197 191 -1
203 207 213 217
203 198 193 192
204 209 208 214
204 199 200 194
205 210 211 215
205 201 196 -1
206 212 216 221
206 202 197 191
207 213 217 222
207 203 198 193
208 214 218 223
208 209 204 199
209 208 214 218
209 204 199 200
210 211 215 219
210 205 201 196
211 215 219 220
211 210 205 201
212 216 221 226
212 206 202 197
213 217 222 227
213 207 203 198
214 218 223 228
214 208 209 204
215 219 220 224
215 211 210 205
216 221 226 225
216 212 206 202
217 222 227 232
217 213 207 203
218 223 228 233
218 214 208 209
219 220 224 229
219 215 211 210
220 224 229 230
220 219 215 211
221 226 225 231
221 216 212 206
222 227 232 236
222 217 213 207
223 228 233 238
223 218 214 208
224 229 230 234
224 220 219 215
225 231 235 240
225 226 221 216
226 225 231 235
226 221 216 212
227 232 236 241
227 222 217 213
228 233 238 237
228 223 218 214
229 230 234 239
229 224 220 219
230 234 239 243
230 229 224 220
231 235 240 244
231 225 226 221
232 236 241 245
232 227 222 217
233 238 237 242
233 228 223 218
234 239 243 247
234 230 229 224
235 240 244 248
235 231 225 226
236 241 245 249
236 232 227 222
237 242 246 250
237 238 233 228
238 237 242 246
238 233 228 223
239 243 247 251
239 234 230 229
240 244 248 252
240 235 231 225
241 245 249 253
241 236 232 227
242 246 250 254
242 237 238 233
243 247 251 255
243 239 234 230
244 248 252 257
244 240 235 231
245 249 253 258
245 241 236 232
246 250 254 260
246 242 237 238
247 251 255 261
247 243 239 234
248 252 257 256
248 244 240 235
249 253 258 263
249 245 241 236
250 254 260 259
250 246 242 237
251 255 261 265
251 247 243 239
252 257 256 262
252 248 244 240
253 258 263 267
253 249 245 241
254 260 259 264
254 250 246 242
255 261 265 269
255 251 247 243
256 262 266 270
256 257 252 248
257 256 262 266
257 252 248 244
258 263 267 271
258 253 249 245
259 264 268 272
259 260 254 250
260 259 264 268
260 254 250 246
261 265 269 273
261 255 251 247
262 266 270 274
262 256 257 252
263 267 271 275
263 258 253 249
264 268 272 276
264 259 260 254
265 269 273 277
265 261 255 251
266 270 274 279
266 262 256 257
267 271 275 280
267 263 258 253
268 272 276 281
268 264 259 260
269 273 277 282
269 265 261 255
270 274 279 278
270 266 262 256
271 275 280 284
271 267 263 258
272 276 281 286
272 268 264 259
273 277 282 287
273 269 265 261
274 279 278 283
274 270 266 262
275 280 284 289
275 271 267 263
276 281 286 285
276 272 268 264
277 282 287 291
277 273 269 265
278 283 288 292
278 279 274 270
279 278 283 288
279 274 270 266
280 284 289 293
280 275 271 267
281 286 285 290
281 276 272 268
282 287 291 295
282 277 273 269
283 288 292 296
283 278 279 274
284 289 293 297
284 280 275 271
285 290 294 299
285 286 281 276
286 285 290 294
286 281 276 272
287 291 295 300
287 282 277 273
288 292 296 301
288 283 278 279
289 293 297 302
289 284 280 275
290 294 299 298
290 285 286 281
291 295 300 304
291 287 282 277
292 296 301 305
292 288 283 278
293 297 302 306
293 289 284 280
294 299 298 303
294 290 285 286
295 300 304 308
295 291 287 282
296 301 305 309
296 292 288 283
297 302 306 310
297 293 289 284
298 303 307 311
298 299 294 290
299 298 303 307
299 294 290 285
300 304 308 312
300 295 291 287
301 305 309 314
301 296 292 288
302 306 310 315
302 297 293 289
303 307 311 316
303 298 299 294
304 308 312 317
304 300 295 291
305 309 314 313
305 301 296 292
306 310 315 320
306 302 297 293
307 311 316 321
307 303 298 299
308 312 317 318
308 304 300 295
309 314 313 319
309 305 301 296
310 315 320 324
310 306 302 297
311 316 321 325
311 307 303 298
312 317 318 322
312 308 304 300
313 319 323 327
313 314 309 305
314 313 319 323
314 309 305 301
315 320 324 328
315 310 306 302
316 321 325 329
316 311 307 303
317 318 322 326
317 312 308 304
318 322 326 330
318 317 312 308
319 323 327 331
319 313 314 309
320 324 328 332
320 315 310 306
321 325 329 333
321 316 311 307
322 326 330 334
322 318 317 312
323 327 331 335
323 319 313 314
324 328 332 336
324 320 315 310
325 329 333 337
325 321 316 311
326 330 334 338
326 322 318 317
327 331 335 340
327 323 319 313
328 332 336 341
328 324 320 315
329 333 337 342
329 325 321 316
330 334 338 343
330 326 322 318
331 335 340 339
331 327 323 319
332 336 341 345
332 328 324 320
333 337 342 346
333 329 325 321
334 338 343 347
334 330 326 322
335 340 339 344
335 331 327 323
336 341 345 349
336 332 328 324
337 342 346 350
337 333 329 325
338 343 347 351
338 334 330 326
339 344 348 353
339 340 335 331
340 339 344 348
340 335 331 327
341 345 349 354
341 336 332 328
342 346 350 355
342 337 333 329
343 347 351 356
343 338 334 330
344 348 353 352
344 339 340 335
345 349 354 358
345 341 336 332
346 350 355 359
346 342 337 333
347 351 356 360
347 343 338 334
348 353 352 357
348 344 339 340
349 354 358 362
349 345 341 336
350 355 359 363
350 346 342 337
351 356 360 364
351 347 343 338
352 357 361 365
352 353 348 344
353 352 357 361
353 348 344 339
354 358 362 366
354 349 345 341
355 359 363 367
355 350 346 342
356 360 364 368
356 351 347 343
357 361 365 369
357 352 353 348
358 362 366 370
358 354 349 345
359 363 367 371
359 355 350 346
360 364 368 372
360 356 351 347
361 365 369 374
361 357 352 353
362 366 370 375
362 358 354 349
363 367 371 376
363 359 355 350
364 368 372 373
364 360 356 351
365 369 374 378
365 361 357 352
366 370 375 379
366 362 358 354
367 371 376 380
367 363 359 355
368 372 373 377
368 364 360 356
369 374 378 382
369 365 361 357
370 375 379 383
370 366 362 358
371 376 380 384
371 367 363 359
372 373 377 381
372 368 364 360
373 377 381 385
373 372 368 364
374 378 382 386
374 369 365 361
375 379 383 387
375 370 366 362
376 380 384 388
376 371 367 363
377 381 385 389
377 373 372 368
378 382 386 390
378 374 369 365
379 383 387 391
379 375 370 366
380 384 388 392
380 376 371 367
381 385 389 393
381 377 373 372
382 386 390 394
382 378 374 369
383 387 391 395
383 379 375 370
384 388 392 396
384 380 376 371
385 389 393 397
385 381 377 373
386 390 394 398
386 382 378 374
387 391 395 399
387 383 379 375
388 392 396 400
388 384 380 376
389 393 397 401
389 385 381 377
390 394 398 402
390 386 382 378
391 395 399 403
391 387 383 379
392 396 400 404
392 388 384 380
393 397 401 405
393 389 385 381
394 398 402 406
394 390 386 382
395 399 403 407
395 391 387 383
396 400 404 408
396 392 388 384
397 401 405 409
397 393 389 385
398 402 406 411
398 394 390 386
399 403 407 412
399 395 391 387
400 404 408 413
400 396 392 388
401 405 409 414
401 397 393 389
402 406 411 410
402 398 394 390
403 407 412 416
403 399 395 391
404 408 413 417
404 400 396 392
405 409 414 418
405 401 397 393
406 411 410 415
406 402 398 394
407 412 416 420
407 403 399 395
408 413 417 421
408 404 400 396
409 414 418 422
409 405 401 397
410 415 419 423
410 411 406 402
411 410 415 419
411 406 402 398
412 416 420 424
412 407 403 399
413 417 421 425
413 408 404 400
414 418 422 426
414 409 405 401
415 419 423 428
415 410 411 406
416 420 424 429
416 412 407 403
417 421 425 430
417 413 408 404
418 422 426 431
418 414 409 405
419 423 428 427
419 415 410 411
420 424 429 433
420 416 412 407
421 425 430 434
421 417 413 408
422 426 431 435
422 418 414 409
423 428 427 432
423 419 415 410
424 429 433 438
424 420 416 412
425 430 434 439
425 421 417 413
426 431 435 436
426 422 418 414
427 432 437 441
427 428 423 419
428 427 432 437
428 423 419 415
429 433 438 442
429 424 420 416
430 434 439 443
430 425 421 417
431 435 436 440
431 426 422 418
432 437 441 445
432 427 428 423
433 438 442 446
433 429 424 420
434 439 443 447
434 430 425 421
435 436 440 444
435 431 426 422
436 440 444 448
436 435 431 426
437 441 445 449
437 432 427 428
438 442 446 450
438 433 429 424
439 443 447 451
439 434 430 425
440 444 448 452
440 436 435 431
441 445 449 453
441 437 432 427
442 446 450 454
442 438 433 429
443 447 451 455
443 439 434 430
444 448 452 456
444 440 436 435
445 449 453 457
445 441 437 432
446 450 454 458
446 442 438 433
447 451 455 459
447 443 439 434
448 452 456 460
448 444 440 436
449 453 457 461
449 445 441 437
450 454 458 462
450 446 442 438
451 455 459 463
451 447 443 439
452 456 460 464
452 448 444 440
453 457 461 465
453 449 445 441
454 458 462 466
454 450 446 442
455 459 463 467
455 451 447 443
456 460 464 468
456 452 448 444
457 461 465 469
457 453 449 445
458 462 466 470
458 454 450 446
459 463 467 471
459 455 451 447
460 464 468 472
460 456 452 448
461 465 469 473
461 457 453 449
462 466 470 474
462 458 454 450
463 467 471 475
463 459 455 451
464 468 472 476
464 460 456 452
465 469 473 477
465 461 457 453
466 470 474 478
466 462 458 454
467 471 475 479
467 463 459 455
468 472 476 480
468 464 460 456
469 473 477 481
469 465 461 457
470 474 478 482
470 466 462 458
471 475 479 483
471 467 463 459
472 476 480 484
472 468 464 460
473 477 481 485
473 469 465 461
474 478 482 486
474 470 466 462
475 479 483 487
475 471 467 463
476 480 484 488
476 472 468 464
477 481 485 489
477 473 469 465
478 482 486 490
478 474 470 466
479 483 487 491
479 475 471 467
480 484 488 492
480 476 472 468
481 485 489 493
481 477 473 469
482 486 490 494
482 478 474 470
483 487 491 495
483 479 475 471
484 488 492 496
484 480 476 472
485 489 493 497
485 481 477 473
486 490 494 498
486 482 478 474
487 491 495 499
487 483 479 475
488 492 496 500
488 484 480 476
489 493 497 501
489 485 481 477
490 494 498 502
490 486 482 478
491 495 499 503
491 487 483 479
492 496 500 504
492 488 484 480
493 497 501 505
493 489 485 481
494 498 502 506
494 490 486 482
495 499 503 507
495 491 487 483
496 500 504 508
496 492 488 484
497 501 505 509
497 493 489 485
498 502 506 510
498 494 490 486
499 503 507 511
499 495 491 487
500 504 508 512
500 496 492 488
501 505 509 513
501 497 493 489
502 506 510 514
502 498 494 490
503 507 511 515
503 499 495 491
504 508 512 516
504 500 496 492
505 509 513 517
505 501 497 493
506 510 514 518
506 502 498 494
507 511 515 519
507 503 499 495
508 512 516 520
508 504 500 496
509 513 517 521
509 505 501 497
510 514 518 522
510 506 502 498
511 515 519 523
511 507 503 499
512 516 520 -1
512 508 504 500
513 517 521 524
513 509 505 501
514 518 522 525
514 510 506 502
515 519 523 526
515 511 507 503
516 512 508 504
517 521 524 527
517 513 509 505
518 522 525 528
518 514 510 506
519 523 526 529
519 515 511 507
520 516 512 508
521 524 527 531
521 517 513 509
522 525 528 532
522 518 514 510
523 526 529 533
523 519 515 511
524 527 531 530
524 521 517 513
525 528 532 535
525 522 518 514
526 529 533 536
526 523 519 515
527 531 530 534
527 524 521 517
528 532 535 538
528 525 522 518
529 533 536 539
529 526 523 519
530 534 537 540
530 531 527 524
531 530 534 537
531 527 524 521
532 535 538 541
532 528 525 522
533 536 539 542
533 529 526 523
534 537 540 543
534 530 531 527
535 538 541 544
535 532 528 525
536 539 542 545
536 533 529 526
537 540 543 547
537 534 530 531
538 541 544 548
538 535 532 528
539 542 545 549
539 536 533 529
540 543 547 546
540 537 534 530
541 544 548 551
541 538 535 532
542 545 549 552
542 539 536 533
543 547 546 550
543 540 537 534
544 548 551 554
544 541 538 535
545 549 552 555
545 542 539 536
546 550 553 556
546 547 543 540
547 546 550 553
547 543 540 537
548 551 554 557
548 544 541 538
549 552 555 558
549 545 542 539
550 553 556 559
550 546 547 543
551 554 557 560
551 548 544 541
552 555 558 561
552 549 545 542
553 556 559 562
553 550 546 547
554 557 560 563
554 551 548 544
555 558 561 564
555 552 549 545
556 559 562 565
556 553 550 546
557 560 563 566
557 554 551 548
558 561 564 567
558 555 552 549
559 562 565 568
559 556 553 550
560 563 566 569
560 557 554 551
561 564 567 570
561 558 555 552
562 565 568 571
562 559 556 553
563 566 569 572
563 560 557 554
564 567 570 573
564 561 558 555
565 568 571 574
565 562 559 556
566 569 572 575
566 563 560 557
567 570 573 576
567 564 561 558
568 571 574 577
568 565 562 559
569 572 575 578
569 566 563 560
570 573 576 579
570 567 564 561
571 574 577 580
571 568 565 562
572 575 578 581
572 569 566 563
573 576 579 582
573 570 567 564
574 577 580 583
574 571 568 565
575 578 581 584
575 572 569 566
576 579 582 585
576 573 570 567
577 580 583 586
577 574 571 568
578 581 584 587
578 575 572 569
579 582 585 588
579 576 573 570
580 583 586 589
580 577 574 571
581 584 587 590
581 578 575 572
582 585 588 591
582 579 576 573
583 586 589 596
583 580 577 574
584 587 590 597
584 581 578 575
585 588 591 598
585 582 579 576
586 589 596 603
586 583 580 577
587 590 597 604
587 584 581 578
588 591 598 605
588 585 582 579
589 596 603 610
589 586 583 580
590 597 604 611
590 587 584 581
591 598 605 612
591 588 585 582
592 600 599 607
592 593 594 595
593 592 600 599
593 594 595 601
594 595 601 602
594 593 592 600
595 601 602 608
595 594 593 592
596 603 610 616
596 589 586 583
597 604 611 617
597 590 587 584
598 605 612 618
598 591 588 585
599 607 606 613
599 600 592 593
600 599 607 606
600 592 593 594
601 602 608 609
601 595 594 593
602 608 609 614
602 601 595 594
603 610 616 621
603 596 589 586
604 611 617 622
604 597 590 587
605 612 618 623
605 598 591 588
606 613 619 625
606 607 599 600
607 606 613 619
607 599 600 592
608 609 614 615
608 602 601 595
609 614 615 620
609 608 602 601
610 616 621 627
610 603 596 589
611 617 622 628
611 604 597 590
612 618 623 629
612 605 598 591
613 619 625 624
613 606 607 599
614 615 620 626
614 609 608 602
615 620 626 631
615 614 609 608
616 621 627 633
616 610 603 596
617 622 628 634
617 611 604 597
618 623 629 635
618 612 605 598
619 625 624 630
619 613 606 607
620 626 631 632
620 615 614 609
621 627 633 639
621 616 610 603
622 628 634 640
622 617 611 604
623 629 635 641
623 618 612 605
624 630 637 636
624 625 619 613
625 624 630 637
625 619 613 606
626 631 632 638
626 620 615 614
627 633 639 644
627 621 616 610
628 634 640 645
628 622 617 611
629 635 641 646
629 623 618 612
630 637 636 642
630 624 625 619
631 632 638 643
631 626 620 615
632 638 643 648
632 631 626 620
633 639 644 649
633 627 621 616
634 640 645 650
634 628 622 617
635 641 646 651
635 629 623 618
636 642 647 652
636 637 630 624
637 636 642 647
637 630 624 625
638 643 648 653
638 632 631 626
639 644 649 654
639 633 627 621
640 645 650 655
640 634 628 622
641 646 651 656
641 635 629 623
642 647 652 657
642 636 637 630
643 648 653 658
643 638 632 631
644 649 654 660
644 639 633 627
645 650 655 661
645 640 634 628
646 651 656 662
646 641 635 629
647 652 657 664
647 642 636 637
648 653 658 659
648 643 638 632
649 654 660 666
649 644 639 633
650 655 661 667
650 645 640 634
651 656 662 668
651 646 641 635
652 657 664 663
652 647 642 636
653 658 659 665
653 648 643 638
654 660 666 671
654 649 644 639
655 661 667 672
655 650 645 640
656 662 668 674
656 651 646 641
657 664 663 669
657 652 647 642
658 659 665 670
658 653 648 643
659 665 670 676
659 658 653 648
660 666 671 678
660 654 649 644
661 667 672 673
661 655 650 645
662 668 674 680
662 656 651 646
663 669 675 681
663 664 657 652
664 663 669 675
664 657 652 647
665 670 676 677
665 659 658 653
666 671 678 683
666 660 654 649
667 672 673 679
667 661 655 650
668 674 680 685
668 662 656 651
669 675 681 686
669 663 664 657
670 676 677 682
670 665 659 658
671 678 683 688
671 666 660 654
672 673 679 684
672 667 661 655
673 679 684 689
673 672 667 661
674 680 685 690
674 668 662 656
675 681 686 691
675 669 663 664
676 677 682 687
676 670 665 659
677 682 687 692
677 676 670 665
678 683 688 693
678 671 666 660
679 684 689 694
679 673 672 667
680 685 690 695
680 674 668 662
681 686 691 696
681 675 669 663
682 687 692 697
682 677 676 670
683 688 693 698
683 678 671 666
684 689 694 699
684 679 673 672
685 690 695 700
685 680 674 668
686 691 696 702
686 681 675 669
687 692 697 703
687 682 677 676
688 693 698 704
688 683 678 671
689 694 699 705
689 684 679 673
690 695 700 706
690 685 680 674
691 696 702 701
691 686 681 675
692 697 703 708
692 687 682 677
693 698 704 709
693 688 683 678
694 699 705 710
694 689 684 679
695 700 706 711
695 690 685 680
696 702 701 707
696 691 686 681
697 703 708 713
697 692 687 682
698 704 709 714
698 693 688 683
699 705 710 715
699 694 689 684
700 706 711 716
700 695 690 685
701 707 712 717
701 702 696 691
702 701 707 712
702 696 691 686
703 708 713 718
703 697 692 687
704 709 714 719
704 698 693 688
705 710 715 720
705 699 694 689
706 711 716 721
706 700 695 690
707 712 717 722
707 701 702 696
708 713 718 723
708 703 697 692
709 714 719 724
709 704 698 693
710 715 720 725
710 705 699 694
711 716 721 727
711 706 700 695
712 717 722 728
712 707 701 702
713 718 723 729
713 708 703 697
714 719 724 730
714 709 704 698
715 720 725 726
715 710 705 699
716 721 727 732
716 711 706 700
717 722 728 733
717 712 707 701
718 723 729 734
718 713 708 703
719 724 730 735
719 714 709 704
720 725 726 731
720 715 710 705
721 727 732 737
721 716 711 706
722 728 733 738
722 717 712 707
723 729 734 739
723 718 713 708
724 730 735 740
724 719 714 709
725 726 731 736
725 720 715 710
726 731 736 741
726 725 720 715
727 732 737 742
727 721 716 711
728 733 738 743
728 722 717 712
729 734 739 744
729 723 718 713
730 735 740 745
730 724 719 714
731 736 741 746
731 726 725 720
732 737 742 747
732 727 721 716
733 738 743 748
733 728 722 717
734 739 744 749
734 729 723 718
735 740 745 750
735 730 724 719
736 741 746 751
736 731 726 725
737 742 747 752
737 732 727 721
738 743 748 753
738 733 728 722
739 744 749 754
739 734 729 723
740 745 750 755
740 735 730 724
741 746 751 756
741 736 731 726
742 747 752 757
742 737 732 727
743 748 753 758
743 738 733 728
744 749 754 759
744 739 734 729
745 750 755 760
745 740 735 730
746 751 756 761
746 741 736 731
747 752 757 762
747 742 737 732
748 753 758 763
748 743 738 733
749 754 759 764
749 744 739 734
750 755 760 765
750 745 740 735
751 756 761 766
751 746 741 736
752 757 762 767
752 747 742 737
753 758 763 768
753 748 743 738
754 759 764 769
754 749 744 739
755 760 765 770
755 750 745 740
756 761 766 771
756 751 746 741
757 762 767 772
757 752 747 742
758 763 768 773
758 753 748 743
759 764 769 774
759 754 749 744
760 765 770 775
760 755 750 745
761 766 771 776
761 756 751 746
762 767 772 777
762 757 752 747
763 768 773 778
763 758 753 748
764 769 774 779
764 759 754 749
765 770 775 780
765 760 755 750
766 771 776 781
766 761 756 751
767 772 777 782
767 762 757 752
768 773 778 783
768 763 758 753
769 774 779 784
769 764 759 754
770 775 780 785
770 765 760 755
771 776 781 786
771 766 761 756
772 777 782 787
772 767 762 757
773 778 783 788
773 768 763 758
774 779 784 789
774 769 764 759
775 780 785 790
775 770 765 760
776 781 786 791
776 771 766 761
777 782 787 792
777 772 767 762
778 783 788 793
778 773 768 763
779 784 789 794
779 774 769 764
780 785 790 795
780 775 770 765
781 786 791 796
781 776 771 766
782 787 792 797
782 777 772 767
783 788 793 798
783 778 773 768
784 789 794 799
784 779 774 769
785 790 795 800
785 780 775 770
786 791 796 801
786 781 776 771
787 792 797 802
787 782 777 772
788 793 798 803
788 783 778 773
789 794 799 804
789 784 779 774
790 795 800 805
790 785 780 775
791 796 801 806
791 786 781 776
792 797 802 807
792 787 782 777
793 798 803 808
793 788 783 778
794 799 804 809
794 789 784 779
795 800 805 810
795 790 785 780
796 801 806 811
796 791 786 781
797 802 807 812
797 792 787 782
798 803 808 813
798 793 788 783
799 804 809 814
799 794 789 784
800 805 810 815
800 795 790 785
801 806 811 816
801 796 791 786
802 807 812 817
802 797 792 787
803 808 813 818
803 798 793 788
804 809 814 819
804 799 794 789
805 810 815 820
805 800 795 790
806 811 816 821
806 801 796 791
807 812 817 822
807 802 797 792
808 813 818 823
808 803 798 793
809 814 819 824
809 804 799 794
810 815 820 825
810 805 800 795
811 816 821 826
811 806 801 796
812 817 822 827
812 807 802 797
813 818 823 828
813 808 803 798
814 819 824 829
814 809 804 799
815 820 825 830
815 810 805 800
816 821 826 831
816 811 806 801
817 822 827 832
817 812 807 802
818 823 828 833
818 813 808 803
819 824 829 834
819 814 809 804
820 825 830 835
820 815 810 805
821 826 831 836
821 816 811 806
822 827 832 837
822 817 812 807
823 828 833 838
823 818 813 808
824 829 834 839
824 819 814 809
825 830 835 840
825 820 815 810
826 831 836 841
826 821 816 811
827 832 837 842
827 822 817 812
828 833 838 843
828 823 818 813
829 834 839 844
829 824 819 814
830 835 840 845
830 825 820 815
831 836 841 846
831 826 821 816
832 837 842 847
832 827 822 817
833 838 843 848
833 828 823 818
834 839 844 849
834 829 824 819
835 840 845 850
835 830 825 820
836 841 846 851
836 831 826 821
837 842 847 852
837 832 827 822
838 843 848 853
838 833 828 823
839 844 849 854
839 834 829 824
840 845 850 855
840 835 830 825
841 846 851 856
841 836 831 826
842 847 852 857
842 837 832 827
843 848 853 858
843 838 833 828
844 849 854 859
844 839 834 829
845 850 855 860
845 840 835 830
846 851 856 861
846 841 836 831
847 852 857 862
847 842 837 832
848 853 858 863
848 843 838 833
849 854 859 864
849 844 839 834
850 855 860 865
850 845 840 835
851 856 861 866
851 846 841 836
852 857 862 867
852 847 842 837
853 858 863 868
853 848 843 838
854 859 864 869
854 849 844 839
855 860 865 870
855 850 845 840
856 861 866 871
856 851 846 841
857 862 867 872
857 852 847 842
858 863 868 873
858 853 848 843
859 864 869 874
859 854 849 844
860 865 870 875
860 855 850 845
861 866 871 876
861 856 851 846
862 867 872 877
862 857 852 847
863 868 873 878
863 858 853 848
864 869 874 879
864 859 854 849
865 870 875 880
865 860 855 850
866 871 876 881
866 861 856 851
867 872 877 882
867 862 857 852
868 873 878 883
868 863 858 853
869 874 879 884
869 864 859 854
870 875 880 885
870 865 860 855
871 876 881 886
871 866 861 856
872 877 882 887
872 867 862 857
873 878 883 888
873 868 863 858
874 879 884 889
874 869 864 859
875 880 885 890
875 870 865 860
876 881 886 891
876 871 866 861
877 882 887 892
877 872 867 862
878 883 888 893
878 873 868 863
879 884 889 894
879 874 869 864
880 885 890 895
880 875 870 865
881 886 891 896
881 876 871 866
882 887 892 897
882 877 872 867
883 888 893 898
883 878 873 868
884 889 894 899
884 879 874 869
885 890 895 900
885 880 875 870
886 891 896 901
886 881 876 871
887 892 897 902
887 882 877 872
888 893 898 903
888 883 878 873
889 894 899 904
889 884 879 874
890 895 900 905
890 885 880 875
891 896 901 906
891 886 881 876
892 897 902 907
892 887 882 877
893 898 903 908
893 888 883 878
894 899 904 909
894 889 884 879
895 900 905 910
895 900 927 -1
895 890 885 880
896 901 906 912
896 891 886 881
897 902 907 913
897 892 887 882
898 903 908 914
898 893 888 883
899 904 909 915
899 894 889 884
900 905 910 911
900 895 890 885
901 906 912 917
901 896 891 886
902 907 913 918
902 897 892 887
903 908 914 919
903 898 893 888
904 909 915 920
904 899 894 889
905 910 911 916
905 900 895 890
906 912 917 923
906 901 896 891
907 913 918 924
907 902 897 892
908 914 919 925
908 903 898 893
909 915 920 926
909 904 899 894
910 911 916 922
910 905 900 895
911 916 922 928
911 910 905 900
912 917 923 930
912 906 901 896
913 918 924 931
913 907 902 897
914 919 925 932
914 908 903 898
915 920 926 933
915 909 904 899
916 922 928 929
916 911 910 905
917 923 930 936
917 912 906 901
918 924 931 937
918 913 907 902
919 925 932 938
919 914 908 903
920 926 933 939
920 915 909 904
921 927 934 940
921 927 947 -1
922 928 929 935
922 916 911 910
923 930 936 942
923 917 912 906
924 931 937 943
924 918 913 907
925 932 938 944
925 919 914 908
926 933 939 945
926 920 915 909
927 934 940 946
927 921 895 -1
928 929 935 941
928 922 916 911
929 935 941 947
929 928 922 916
930 936 942 948
930 923 917 912
931 937 943 949
931 924 918 913
932 938 944 950
932 925 919 914
933 939 945 951
933 926 920 915
934 940 946 952
934 927 921 -1
935 941 947 953
935 929 928 922
936 942 948 954
936 930 923 917
937 943 949 955
937 931 924 918
938 944 950 956
938 932 925 919
939 945 951 957
939 933 926 920
940 946 952 958
940 934 927 -1
940 934 921 -1
941 947 953 959
941 935 929 928
942 948 954 960
942 936 930 923
943 949 955 961
943 937 931 924
944 950 956 962
944 938 932 925
945 951 957 963
945 939 933 926
946 952 958 964
946 940 934 927
946 940 934 921
947 953 959 965
947 941 935 929
947 941 921 -1
948 954 960 967
948 942 936 930
949 955 961 968
949 943 937 931
950 956 962 969
950 944 938 932
951 957 963 970
951 945 939 933
952 958 964 971
952 946 940 934
953 959 965 966
953 947 941 935
954 960 967 973
954 948 942 936
955 961 968 974
955 949 943 937
956 962 969 975
956 950 944 938
957 963 970 976
957 951 945 939
958 964 971 977
958 952 946 940
958 952 940 934
959 965 966 972
959 953 947 941
960 967 973 979
960 954 948 942
961 968 974 980
961 955 949 943
962 969 975 981
962 956 950 944
963 970 976 982
963 957 951 945
964 971 977 983
964 958 952 946
965 966 972 978
965 959 953 947
966 972 978 984
966 965 959 953
967 973 979 986
967 960 954 948
968 974 980 987
968 961 955 949
969 975 981 988
969 962 956 950
970 976 982 989
970 963 957 951
971 977 983 990
971 964 958 952
972 978 984 985
972 966 965 959
973 979 986 992
973 967 960 954
974 980 987 993
974 968 961 955
975 981 988 994
975 969 962 956
976 982 989 995
976 970 963 957
977 983 990 996
977 971 964 958
978 984 985 991
978 972 966 965
979 986 992 998
979 973 967 960
980 987 993 999
980 974 968 961
981 988 994 1000
981 975 969 962
982 989 995 1001
982 976 970 963
983 990 996 1002
983 977 971 964
984 985 991 997
984 978 972 966
985 991 997 1003
985 984 978 972
986 992 998 1005
986 979 973 967
987 993 999 1006
987 980 974 968
988 994 1000 1007
988 981 975 969
989 995 1001 1008
989 982 976 970
990 996 1002 1009
990 983 977 971
991 997 1003 1004
991 985 984 978
992 998 1005 1011
992 986 979 973
993 999 1006 1013
993 987 980 974
994 1000 1007 1014
994 988 981 975
995 1001 1008 1015
995 989 982 976
996 1002 1009 1016
996 990 983 977
997 1003 1004 1010
997 991 985 984
998 1005 1011 1012
998 992 986 979
999 1006 1013 1019
999 993 987 980
1000 1007 1014 1020
1000 994 988 981
1001 1008 1015 1021
1001 995 989 982
1002 1009 1016 1022
1002 996 990 983
1003 1004 1010 1017
1003 997 991 985
1004 1010 1017 1023
1004 1003 997 991
1005 1011 1012 1018
1005 998 992 986
1006 1013 1019 1026
1006 999 993 987
1007 1014 1020 1027
1007 1000 994 988
1008 1015 1021 1028
1008 1001 995 989
1009 1016 1022 1029
1009 1002 996 990
1010 1017 1023 1024
1010 1004 1003 997
1011 1012 1018 1025
1011 1005 998 992
1012 1018 1025 1031
1012 1011 1005 998
1013 1019 1026 1032
1013 1006 999 993
1014 1020 1027 1033
1014 1007 1000 994
1015 1021 1028 1034
1015 1008 1001 995
1016 1022 1029 1035
1016 1009 1002 996
1017 1023 1024 1030
1017 1010 1004 1003
1018 1025 1031 1037
1018 1012 1011 1005
1019 1026 1032 1038
1019 1013 1006 999
1020 1027 1033 1039
1020 1014 1007 1000
1021 1028 1034 1040
1021 1015 1008 1001
1022 1029 1035 1041
1022 1016 1009 1002
1023 1024 1030 1036
1023 1017 1010 1004
1024 1030 1036 1042
1024 1023 1017 1010
1025 1031 1037 1043
1025 1018 1012 1011
1026 1032 1038 1044
1026 1019 1013 1006
1027 1033 1039 1045
1027 1020 1014 1007
1028 1034 1040 1046
1028 1021 1015 1008
1029 1035 1041 1047
1029 1022 1016 1009
1030 1036 1042 1048
1030 1024 1023 1017
1031 1037 1043 1049
1031 1025 1018 1012
1032 1038 1044 1050
1032 1026 1019 1013
1033 1039 1045 1051
1033 1027 1020 1014
1034 1040 1046 1052
1034 1028 1021 1015
1035 1041 1047 1053
1035 1029 1022 1016
1036 1042 1048 1054
1036 1030 1024 1023
1037 1043 1049 1055
1037 1031 1025 1018
1038 1044 1050 1056
1038 1032 1026 1019
1039 1045 1051 1057
1039 1033 1027 1020
1040 1046 1052 1058
1040 1034 1028 1021
1041 1047 1053 1059
1041 1035 1029 1022
1042 1048 1054 1060
1042 1036 1030 1024
1043 1049 1055 1061
1043 1037 1031 1025
1044 1050 1056 1062
1044 1038 1032 1026
1045 1051 1057 1063
1045 1039 1033 1027
1046 1052 1058 1064
1046 1040 1034 1028
1047 1053 1059 1065
1047 1041 1035 1029
1048 1054 1060 1066
1048 1042 1036 1030
1049 1055 1061 1067
1049 1043 1037 1031
1050 1056 1062 1068
1050 1044 1038 1032
1051 1057 1063 1069
1051 1045 1039 1033
1052 1058 1064 1070
1052 1046 1040 1034
1053 1059 1065 1071
1053 1047 1041 1035
1054 1060 1066 1072
1054 1048 1042 1036
1055 1061 1067 1074
1055 1049 1043 1037
1056 1062 1068 1075
1056 1050 1044 1038
1057 1063 1069 1076
1057 1051 1045 1039
1058 1064 1070 1077
1058 1052 1046 1040
1059 1065 1071 1078
1059 1053 1047 1041
1060 1066 1072 1073
1060 1054 1048 1042
1061 1067 1074 1080
1061 1055 1049 1043
1062 1068 1075 1081
1062 1056 1050 1044
1063 1069 1076 1082
1063 1057 1051 1045
1064 1070 1077 1083
1064 1058 1052 1046
1065 1071 1078 1084
1065 1059 1053 1047
1066 1072 1073 1079
1066 1060 1054 1048
1067 1074 1080 1087
1067 1061 1055 1049
1068 1075 1081 1088
1068 1062 1056 1050
1069 1076 1082 1089
1069 1063 1057 1051
1070 1077 1083 1090
1070 1064 1058 1052
1071 1078 1084 1091
1071 1065 1059 1053
1072 1073 1079 1085
1072 1066 1060 1054
1073 1079 1085 1086
1073 1072 1066 1060
1074 1080 1087 1093
1074 1067 1061 1055
1075 1081 1088 1094
1075 1068 1062 1056
1076 1082 1089 1095
1076 1069 1063 1057
1077 1083 1090 1096
1077 1070 1064 1058
1078 1084 1091 1097
1078 1071 1065 1059
1079 1085 1086 1092
1079 1073 1072 1066
1080 1087 1093 1099
1080 1074 1067 1061
1081 1088 1094 1100
1081 1075 1068 1062
1082 1089 1095 1101
1082 1076 1069 1063
1083 1090 1096 1102
1083 1077 1070 1064
1084 1091 1097 1103
1084 1078 1071 1065
1085 1086 1092 1098
1085 1079 1073 1072
1086 1092 1098 1104
1086 1085 1079 1073
1087 1093 1099 1105
1087 1080 1074 1067
1088 1094 1100 1106
1088 1081 1075 1068
1089 1095 1101 1107
1089 1082 1076 1069
1090 1096 1102 1108
1090 1083 1077 1070
1091 1097 1103 1109
1091 1084 1078 1071
1092 1098 1104 1110
1092 1086 1085 1079
1093 1099 1105 1111
1093 1087 1080 1074
1094 1100 1106 1112
1094 1088 1081 1075
1095 1101 1107 1113
1095 1089 1082 1076
1096 1102 1108 1114
1096 1090 1083 1077
1097 1103 1109 1115
1097 1091 1084 1078
1098 1104 1110 1116
1098 1092 1086 1085
1099 1105 1111 1118
1099 1093 1087 1080
1100 1106 1112 1119
1100 1094 1088 1081
1101 1107 1113 1120
1101 1095 1089 1082
1102 1108 1114 1121
1102 1096 1090 1083
1103 1109 1115 1122
1103 1097 1091 1084
1104 1110 1116 1117
1104 1098 1092 1086
1105 1111 1118 1124
1105 1099 1093 1087
1106 1112 1119 1125
1106 1100 1094 1088
1107 1113 1120 1126
1107 1101 1095 1089
1108 1114 1121 1127
1108 1102 1096 1090
1109 1115 1122 1128
1109 1103 1097 1091
1110 1116 1117 1123
1110 1104 1098 1092
1111 1118 1124 1131
1111 1105 1099 1093
1112 1119 1125 1132
1112 1106 1100 1094
1113 1120 1126 1133
1113 1107 1101 1095
1114 1121 1127 1134
1114 1108 1102 1096
1115 1122 1128 1135
1115 1109 1103 1097
1116 1117 1123 1129
1116 1110 1104 1098
1117 1123 1129 1130
1117 1116 1110 1104
1118 1124 1131 1137
1118 1111 1105 1099
1119 1125 1132 1138
1119 1112 1106 1100
1120 1126 1133 1139
1120 1113 1107 1101
1121 1127 1134 1140
1121 1114 1108 1102
1122 1128 1135 1141
1122 1115 1109 1103
1123 1129 1130 1136
1123 1117 1116 1110
1124 1131 1137 1143
1124 1118 1111 1105
1125 1132 1138 1144
1125 1119 1112 1106
1126 1133 1139 1145
1126 1120 1113 1107
1127 1134 1140 1146
1127 1121 1114 1108
1128 1135 1141 1147
1128 1122 1115 1109
1129 1130 1136 1142
1129 1123 1117 1116
1130 1136 1142 1148
1130 1129 1123 1117
1131 1137 1143 1149
1131 1124 1118 1111
1132 1138 1144 1150
1132 1125 1119 1112
1133 1139 1145 1151
1133 1126 1120 1113
1134 1140 1146 1152
1134 1127 1121 1114
1135 1141 1147 1153
1135 1128 1122 1115
1136 1142 1148 1154
1136 1130 1129 1123
1137 1143 1149 1155
1137 1131 1124 1118
1138 1144 1150 1156
1138 1132 1125 1119
1139 1145 1151 1157
1139 1133 1126 1120
1140 1146 1152 1158
1140 1134 1127 1121
1141 1147 1153 1159
1141 1135 1128 1122
1142 1148 1154 1160
1142 1136 1130 1129
1143 1149 1155 1162
1143 1137 1131 1124
1144 1150 1156 1163
1144 1138 1132 1125
1145 1151 1157 1164
1145 1139 1133 1126
1146 1152 1158 1165
1146 1140 1134 1127
1147 1153 1159 1166
1147 1141 1135 1128
1148 1154 1160 1161
1148 1142 1136 1130
1149 1155 1162 1168
1149 1143 1137 1131
1150 1156 1163 1169
1150 1144 1138 1132
1151 1157 1164 1170
1151 1145 1139 1133
1152 1158 1165 1171
1152 1146 1140 1134
1153 1159 1166 1172
1153 1147 1141 1135
1154 1160 1161 1167
1154 1148 1142 1136
1155 1162 1168 1175
1155 1149 1143 1137
1156 1163 1169 1176
1156 1150 1144 1138
1157 1164 1170 1177
1157 1151 1145 1139
1158 1165 1171 1178
1158 1152 1146 1140
1159 1166 1172 1179
1159 1153 1147 1141
1160 1161 1167 1173
1160 1154 1148 1142
1161 1167 1173 1174
1161 1160 1154 1148
1162 1168 1175 1181
1162 1155 1149 1143
1163 1169 1176 1182
1163 1156 1150 1144
1164 1170 1177 1183
1164 1157 1151 1145
1165 1171 1178 1184
1165 1158 1152 1146
1166 1172 1179 1185
1166 1159 1153 1147
1167 1173 1174 1180
1167 1161 1160 1154
1168 1175 1181 1188
1168 1162 1155 1149
1169 1176 1182 1189
1169 1163 1156 1150
1170 1177 1183 1190
1170 1164 1157 1151
1171 1178 1184 1191
1171 1165 1158 1152
1172 1179 1185 1192
1172 1166 1159 1153
1173 1174 1180 1186
1173 1167 1161 1160
1174 1180 1186 1187
1174 1173 1167 1161
1175 1181 1188 1194
1175 1168 1162 1155
1176 1182 1189 1195
1176 1169 1163 1156
1177 1183 1190 1196
1177 1170 1164 1157
1178 1184 1191 1197
1178 1171 1165 1158
1179 1185 1192 1198
1179 1172 1166 1159
1180 1186 1187 1193
1180 1174 1173 1167
1181 1188 1194 1200
1181 1175 1168 1162
1182 1189 1195 1201
1182 1176 1169 1163
1183 1190 1196 1202
1183 1177 1170 1164
1184 1191 1197 1203
1184 1178 1171 1165
1185 1192 1198 1204
1185 1179 1172 1166
1186 1187 1193 1199
1186 1180 1174 1173
1187 1193 1199 1205
1187 1186 1180 1174
1188 1194 1200 1206
1188 1181 1175 1168
1189 1195 1201 1207
1189 1182 1176 1169
1190 1196 1202 1208
1190 1183 1177 1170
1191 1197 1203 1209
1191 1184 1178 1171
1192 1198 1204 1210
1192 1185 1179 1172
1193 1199 1205 1211
1193 1187 1186 1180
1194 1200 1206 1212
1194 1188 1181 1175
1195 1201 1207 1213
1195 1189 1182 1176
1196 1202 1208 1214
1196 1190 1183 1177
1197 1203 1209 1215
1197 1191 1184 1178
1198 1204 1210 1216
1198 1192 1185 1179
1199 1205 1211 1217
1199 1193 1187 1186
1200 1206 1212 1218
1200 1194 1188 1181
1201 1207 1213 1219
1201 1195 1189 1182
1202 1208 1214 1220
1202 1196 1190 1183
1203 1209 1215 1221
1203 1197 1191 1184
1204 1210 1216 1222
1204 1198 1192 1185
1205 1211 1217 1223
1205 1199 1193 1187
1206 1212 1218 1224
1206 1200 1194 1188
1207 1213 1219 1225
1207 1201 1195 1189
1208 1214 1220 1226
1208 1202 1196 1190
1209 1215 1221 1227
1209 1203 1197 1191
1210 1216 1222 1228
1210 1204 1198 1192
1211 1217 1223 1229
1211 1205 1199 1193
1212 1218 1224 1230
1212 1206 1200 1194
1213 1219 1225 1231
1213 1207 1201 1195
1214 1220 1226 1232
1214 1208 1202 1196
1215 1221 1227 1233
1215 1209 1203 1197
1216 1222 1228 1234
1216 1210 1204 1198
1217 1223 1229 1235
1217 1211 1205 1199
1218 1224 1230 1236
1218 1212 1206 1200
1219 1225 1231 1237
1219 1213 1207 1201
1220 1226 1232 1238
1220 1214 1208 1202
1221 1227 1233 1239
1221 1215 1209 1203
1222 1228 1234 1240
1222 1216 1210 1204
1223 1229 1235 1241
1223 1217 1211 1205
1224 1230 1236 1242
1224 1218 1212 1206
1225 1231 1237 1243
1225 1219 1213 1207
1226 1232 1238 1244
1226 1220 1214 1208
1227 1233 1239 1245
1227 1221 1215 1209
1228 1234 1240 1246
1228 1222 1216 1210
1229 1235 1241 1247
1229 1223 1217 1211
1230 1236 1242 1248
1230 1224 1218 1212
1231 1237 1243 1249
1231 1225 1219 1213
1232 1238 1244 1250
1232 1226 1220 1214
1233 1239 1245 1251
1233 1227 1221 1215
1234 1240 1246 1252
1234 1228 1222 1216
1235 1241 1247 1253
1235 1229 1223 1217
1236 1242 1248 1254
1236 1230 1224 1218
1237 1243 1249 1255
1237 1231 1225 1219
1238 1244 1250 1256
1238 1232 1226 1220
1239 1245 1251 1257
1239 1233 1227 1221
1240 1246 1252 1258
1240 1234 1228 1222
1241 1247 1253 1259
1241 1235 1229 1223
1242 1248 1254 1260
1242 1236 1230 1224
1243 1249 1255 1261
1243 1237 1231 1225
1244 1250 1256 1262
1244 1238 1232 1226
1245 1251 1257 1263
1245 1239 1233 1227
1246 1252 1258 1264
1246 1240 1234 1228
1247 1253 1259 1265
1247 1241 1235 1229
1248 1254 1260 1266
1248 1242 1236 1230
1249 1255 1261 1267
1249 1243 1237 1231
1250 1256 1262 1268
1250 1244 1238 1232
1251 1257 1263 1269
1251 1245 1239 1233
1252 1258 1264 1270
1252 1246 1240 1234
1253 1259 1265 1271
1253 1247 1241 1235
1254 1260 1266 1272
1254 1248 1242 1236
1255 1261 1267 1273
1255 1249 1243 1237
1256 1262 1268 1274
1256 1250 1244 1238
1257 1263 1269 1275
1257 1251 1245 1239
1258 1264 1270 1276
1258 1252 1246 1240
1259 1265 1271 1277
1259 1253 1247 1241
1260 1266 1272 1278
1260 1254 1248 1242
1261 1267 1273 1279
1261 1255 1249 1243
1262 1268 1274 1280
1262 1256 1250 1244
1263 1269 1275 1281
1263 1257 1251 1245
1264 1270 1276 1282
1264 1258 1252 1246
1265 1271 1277 1283
1265 1259 1253 1247
1266 1272 1278 1285
1266 1260 1254 1248
1267 1273 1279 1286
1267 1261 1255 1249
1268 1274 1280 1287
1268 1262 1256 1250
1269 1275 1281 1288
1269 1263 1257 1251
1270 1276 1282 1289
1270 1264 1258 1252
1271 1277 1283 1284
1271 1265 1259 1253
1272 1278 1285 1291
1272 1266 1260 1254
1273 1279 1286 1292
1273 1267 1261 1255
1274 1280 1287 1293
1274 1268 1262 1256
1275 1281 1288 1294
1275 1269 1263 1257
1276 1282 1289 1295
1276 1270 1264 1258
1277 1283 1284 1290
1277 1271 1265 1259
1278 1285 1291 1298
1278 1272 1266 1260
1279 1286 1292 1299
1279 1273 1267 1261
1280 1287 1293 1300
1280 1274 1268 1262
1281 1288 1294 1301
1281 1275 1269 1263
1282 1289 1295 1302
1282 1276 1270 1264
1283 1284 1290 1296
1283 1277 1271 1265
1284 1290 1296 1297
1284 1283 1277 1271
1285 1291 1298 1304
1285 1278 1272 1266
1286 1292 1299 1305
1286 1279 1273 1267
1287 1293 1300 1306
1287 1280 1274 1268
1288 1294 1301 1307
1288 1281 1275 1269
1289 1295 1302 1308
1289 1282 1276 1270
1290 1296 1297 1303
1290 1284 1283 1277
1291 1298 1304 1311
1291 1285 1278 1272
1292 1299 1305 1312
1292 1286 1279 1273
1293 1300 1306 1313
1293 1287 1280 1274
1294 1301 1307 1314
1294 1288 1281 1275
1295 1302 1308 1315
1295 1289 1282 1276
1296 1297 1303 1309
1296 1290 1284 1283
1297 1303 1309 1310
1297 1296 1290 1284
1298 1304 1311 1317
1298 1291 1285 1278
1299 1305 1312 1318
1299 1292 1286 1279
1300 1306 1313 1319
1300 1293 1287 1280
1301 1307 1314 1320
1301 1294 1288 1281
1302 1308 1315 1321
1302 1295 1289 1282
1303 1309 1310 1316
1303 1297 1296 1290
1304 1311 1317 1324
1304 1298 1291 1285
1305 1312 1318 1325
1305 1299 1292 1286
1306 1313 1319 1326
1306 1300 1293 1287
1307 1314 1320 1327
1307 1301 1294 1288
1308 1315 1321 1328
1308 1302 1295 1289
1309 1310 1316 1322
1309 1303 1297 1296
1310 1316 1322 1323
1310 1309 1303 1297
1311 1317 1324 1330
1311 1304 1298 1291
1312 1318 1325 1331
1312 1305 1299 1292
1313 1319 1326 1332
1313 1306 1300 1293
1314 1320 1327 1333
1314 1307 1301 1294
1315 1321 1328 1334
1315 1308 1302 1295
1316 1322 1323 1329
1316 1310 1309 1303
1317 1324 1330 1337
1317 1311 1304 1298
1318 1325 1331 1338
1318 1312 1305 1299
1319 1326 1332 1339
1319 1313 1306 1300
1320 1327 1333 1340
1320 1314 1307 1301
1321 1328 1334 1341
1321 1315 1308 1302
1322 1323 1329 1335
1322 1316 1310 1309
1323 1329 1335 1336
1323 1322 1316 1310
1324 1330 1337 1343
1324 1317 1311 1304
1325 1331 1338 1344
1325 1318 1312 1305
1326 1332 1339 1345
1326 1319 1313 1306
1327 1333 1340 1346
1327 1320 1314 1307
1328 1334 1341 1347
1328 1321 1315 1308
1329 1335 1336 1342
1329 1323 1322 1316
1330 1337 1343 1349
1330 1324 1317 1311
1331 1338 1344 1350
1331 1325 1318 1312
1332 1339 1345 1351
1332 1326 1319 1313
1333 1340 1346 1352
1333 1327 1320 1314
1334 1341 1347 1353
1334 1328 1321 1315
1335 1336 1342 1348
1335 1329 1323 1322
1336 1342 1348 1354
1336 1335 1329 1323
1337 1343 1349 1356
1337 1330 1324 1317
1338 1344 1350 1357
1338 1331 1325 1318
1339 1345 1351 1358
1339 1332 1326 1319
1340 1346 1352 1359
1340 1333 1327 1320
1341 1347 1353 1360
1341 1334 1328 1321
1342 1348 1354 1355
1342 1336 1335 1329
1343 1349 1356 1362
1343 1337 1330 1324
1344 1350 1357 1363
1344 1338 1331 1325
1345 1351 1358 1364
1345 1339 1332 1326
1346 1352 1359 1365
1346 1340 1333 1327
1347 1353 1360 1366
1347 1341 1334 1328
1348 1354 1355 1361
1348 1342 1336 1335
1349 1356 1362 1369
1349 1343 1337 1330
1350 1357 1363 1370
1350 1344 1338 1331
1351 1358 1364 1371
1351 1345 1339 1332
1352 1359 1365 1372
1352 1346 1340 1333
1353 1360 1366 1373
1353 1347 1341 1334
1354 1355 1361 1367
1354 1348 1342 1336
1355 1361 1367 1368
1355 1354 1348 1342
1356 1362 1369 1375
1356 1349 1343 1337
1357 1363 1370 1376
1357 1350 1344 1338
1358 1364 1371 1377
1358 1351 1345 1339
1359 1365 1372 1378
1359 1352 1346 1340
1360 1366 1373 1379
1360 1353 1347 1341
1361 1367 1368 1374
1361 1355 1354 1348
1362 1369 1375 1381
1362 1356 1349 1343
1363 1370 1376 1382
1363 1357 1350 1344
1364 1371 1377 1383
1364 1358 1351 1345
1365 1372 1378 1384
1365 1359 1352 1346
1366 1373 1379 1385
1366 1360 1353 1347
1367 1368 1374 1380
1367 1361 1355 1354
1368 1374 1380 1386
1368 1367 1361 1355
1369 1375 1381 1387
1369 1362 1356 1349
1370 1376 1382 1388
1370 1363 1357 1350
1371 1377 1383 1389
1371 1364 1358 1351
1372 1378 1384 1390
1372 1365 1359 1352
1373 1379 1385 1391
1373 1366 1360 1353
1374 1380 1386 1392
1374 1368 1367 1361
1375 1381 1387 1393
1375 1369 1362 1356
1376 1382 1388 1394
1376 1370 1363 1357
1377 1383 1389 1395
1377 1371 1364 1358
1378 1384 1390 1396
1378 1372 1365 1359
1379 1385 1391 1397
1379 1373 1366 1360
1380 1386 1392 1398
1380 1374 1368 1367
1381 1387 1393 1400
1381 1375 1369 1362
1382 1388 1394 1401
1382 1376 1370 1363
1383 1389 1395 1402
1383 1377 1371 1364
1384 1390 1396 1403
1384 1378 1372 1365
1385 1391 1397 1404
1385 1379 1373 1366
1386 1392 1398 1399
1386 1380 1374 1368
1387 1393 1400 1406
1387 1381 1375 1369
1388 1394 1401 1407
1388 1382 1376 1370
1389 1395 1402 1408
1389 1383 1377 1371
1390 1396 1403 1409
1390 1384 1378 1372
1391 1397 1404 1410
1391 1385 1379 1373
1392 1398 1399 1405
1392 1386 1380 1374
1393 1400 1406 1413
1393 1387 1381 1375
1394 1401 1407 1414
1394 1388 1382 1376
1395 1402 1408 1415
1395 1389 1383 1377
1396 1403 1409 1416
1396 1390 1384 1378
1397 1404 1410 1417
1397 1391 1385 1379
1398 1399 1405 1411
1398 1392 1386 1380
1399 1405 1411 1412
1399 1398 1392 1386
1400 1406 1413 1420
1400 1393 1387 1381
1401 1407 1414 1421
1401 1394 1388 1382
1402 1408 1415 1422
1402 1395 1389 1383
1403 1409 1416 1423
1403 1396 1390 1384
1404 1410 1417 1424
1404 1397 1391 1385
1405 1411 1412 1418
1405 1399 1398 1392
1406 1413 1420 1426
1406 1400 1393 1387
1407 1414 1421 1427
1407 1401 1394 1388
1408 1415 1422 1428
1408 1402 1395 1389
1409 1416 1423 1429
1409 1403 1396 1390
1410 1417 1424 1430
1410 1404 1397 1391
1411 1412 1418 1419
1411 1405 1399 1398
1412 1418 1419 1425
1412 1411 1405 1399
1413 1420 1426 1433
1413 1406 1400 1393
1414 1421 1427 1434
1414 1407 1401 1394
1415 1422 1428 1435
1415 1408 1402 1395
1416 1423 1429 1436
1416 1409 1403 1396
1417 1424 1430 1437
1417 1410 1404 1397
1418 1419 1425 1431
1418 1412 1411 1405
1419 1425 1431 1432
1419 1418 1412 1411
1420 1426 1433 1439
1420 1413 1406 1400
1421 1427 1434 1440
1421 1414 1407 1401
1422 1428 1435 1441
1422 1415 1408 1402
1423 1429 1436 1442
1423 1416 1409 1403
1424 1430 1437 1443
1424 1417 1410 1404
1425 1431 1432 1438
1425 1419 1418 1412
1426 1433 1439 1445
1426 1420 1413 1406
1427 1434 1440 1446
1427 1421 1414 1407
1428 1435 1441 1447
1428 1422 1415 1408
1429 1436 1442 1448
1429 1423 1416 1409
1430 1437 1443 1449
1430 1424 1417 1410
1431 1432 1438 1444
1431 1425 1419 1418
1432 1438 1444 1450
1432 1431 1425 1419
1433 1439 1445 1451
1433 1426 1420 1413
1434 1440 1446 1452
1434 1427 1421 1414
1435 1441 1447 1453
1435 1428 1422 1415
1436 1442 1448 1454
1436 1429 1423 1416
1437 1443 1449 1455
1437 1430 1424 1417
1438 1444 1450 1456
1438 1432 1431 1425
1439 1445 1451 1458
1439 1433 1426 1420
1440 1446 1452 1459
1440 1434 1427 1421
1441 1447 1453 1460
1441 1435 1428 1422
1442 1448 1454 1461
1442 1436 1429 1423
1443 1449 1455 1462
1443 1437 1430 1424
1444 1450 1456 1457
1444 1438 1432 1431
1445 1451 1458 1464
1445 1439 1433 1426
1446 1452 1459 1465
1446 1440 1434 1427
1447 1453 1460 1466
1447 1441 1435 1428
1448 1454 1461 1467
1448 1442 1436 1429
1449 1455 1462 1468
1449 1443 1437 1430
1450 1456 1457 1463
1450 1444 1438 1432
1451 1458 1464 1470
1451 1445 1439 1433
1452 1459 1465 1471
1452 1446 1440 1434
1453 1460 1466 1472
1453 1447 1441 1435
1454 1461 1467 1473
1454 1448 1442 1436
1455 1462 1468 1474
1455 1449 1443 1437
1456 1457 1463 1469
1456 1450 1444 1438
1457 1463 1469 1475
1457 1456 1450 1444
1458 1464 1470 1476
1458 1451 1445 1439
1459 1465 1471 1477
1459 1452 1446 1440
1460 1466 1472 1478
1460 1453 1447 1441
1461 1467 1473 1479
1461 1454 1448 1442
1462 1468 1474 1480
1462 1455 1449 1443
1463 1469 1475 1481
1463 1457 1456 1450
1464 1470 1476 1482
1464 1458 1451 1445
1465 1471 1477 1483
1465 1459 1452 1446
1466 1472 1478 1484
1466 1460 1453 1447
1467 1473 1479 1485
1467 1461 1454 1448
1468 1474 1480 1486
1468 1462 1455 1449
1469 1475 1481 1487
1469 1463 1457 1456
1470 1476 1482 1488
1470 1464 1458 1451
1471 1477 1483 1489
1471 1465 1459 1452
1472 1478 1484 1490
1472 1466 1460 1453
1473 1479 1485 1491
1473 1467 1461 1454
1474 1480 1486 1492
1474 1468 1462 1455
1475 1481 1487 1494
1475 1469 1463 1457
1476 1482 1488 1495
1476 1470 1464 1458
1477 1483 1489 1496
1477 1471 1465 1459
1478 1484 1490 1497
1478 1472 1466 1460
1479 1485 1491 1498
1479 1473 1467 1461
1480 1486 1492 1499
1480 1474 1468 1462
1481 1487 1494 1493
1481 1475 1469 1463
1482 1488 1495 1501
1482 1476 1470 1464
1483 1489 1496 1502
1483 1477 1471 1465
1484 1490 1497 1503
1484 1478 1472 1466
1485 1491 1498 1504
1485 1479 1473 1467
1486 1492 1499 1505
1486 1480 1474 1468
1487 1494 1493 1500
1487 1481 1475 1469
1488 1495 1501 1507
1488 1482 1476 1470
1489 1496 1502 1508
1489 1483 1477 1471
1490 1497 1503 1509
1490 1484 1478 1472
1491 1498 1504 1510
1491 1485 1479 1473
1492 1499 1505 1511
1492 1486 1480 1474
1493 1500 1506 1513
1493 1494 1487 1481
1494 1493 1500 1506
1494 1487 1481 1475
1495 1501 1507 1514
1495 1488 1482 1476
1496 1502 1508 1515
1496 1489 1483 1477
1497 1503 1509 1516
1497 1490 1484 1478
1498 1504 1510 1517
1498 1491 1485 1479
1499 1505 1511 1518
1499 1492 1486 1480
1500 1506 1513 1512
1500 1493 1494 1487
1501 1507 1514 1521
1501 1495 1488 1482
1502 1508 1515 1522
1502 1496 1489 1483
1503 1509 1516 1523
1503 1497 1490 1484
1504 1510 1517 1524
1504 1498 1491 1485
1505 1511 1518 1525
1505 1499 1492 1486
1506 1513 1512 1520
1506 1500 1493 1494
1507 1514 1521 1527
1507 1501 1495 1488
1508 1515 1522 1528
1508 1502 1496 1489
1509 1516 1523 1529
1509 1503 1497 1490
1510 1517 1524 1530
1510 1504 1498 1491
1511 1518 1525 1531
1511 1505 1499 1492
1512 1520 1519 1526
1512 1513 1506 1500
1513 1512 1520 1519
1513 1506 1500 1493
1514 1521 1527 1533
1514 1507 1501 1495
1515 1522 1528 1534
1515 1508 1502 1496
1516 1523 1529 1535
1516 1509 1503 1497
1517 1524 1530 1536
1517 1510 1504 1498
1518 1525 1531 1537
1518 1511 1505 1499
1519 1526 1532 1539
1519 1520 1512 1513
1520 1519 1526 1532
1520 1512 1513 1506
1521 1527 1533 1540
1521 1514 1507 1501
1522 1528 1534 1541
1522 1515 1508 1502
1523 1529 1535 1542
1523 1516 1509 1503
1524 1530 1536 1543
1524 1517 1510 1504
1525 1531 1537 1544
1525 1518 1511 1505
1526 1532 1539 1538
1526 1519 1520 1512
1527 1533 1540 1547
1527 1521 1514 1507
1528 1534 1541 1548
1528 1522 1515 1508
1529 1535 1542 1549
1529 1523 1516 1509
1530 1536 1543 1550
1530 1524 1517 1510
1531 1537 1544 1551
1531 1525 1518 1511
1532 1539 1538 1546
1532 1526 1519 1520
1533 1540 1547 1553
1533 1527 1521 1514
1534 1541 1548 1554
1534 1528 1522 1515
1535 1542 1549 1555
1535 1529 1523 1516
1536 1543 1550 1556
1536 1530 1524 1517
1537 1544 1551 1557
1537 1531 1525 1518
1538 1546 1545 1552
1538 1539 1532 1526
1539 1538 1546 1545
1539 1532 1526 1519
1540 1547 1553 1560
1540 1533 1527 1521
1541 1548 1554 1561
1541 1534 1528 1522
1542 1549 1555 1562
1542 1535 1529 1523
1543 1550 1556 1563
1543 1536 1530 1524
1544 1551 1557 1564
1544 1537 1531 1525
1545 1552 1559 1558
1545 1546 1538 1539
1546 1545 1552 1559
1546 1538 1539 1532
1547 1553 1560 1567
1547 1540 1533 1527
1548 1554 1561 1568
1548 1541 1534 1528
1549 1555 1562 1569
1549 1542 1535 1529
1550 1556 1563 1570
1550 1543 1536 1530
1551 1557 1564 1571
1551 1544 1537 1531
1552 1559 1558 1566
1552 1545 1546 1538
1553 1560 1567 1573
1553 1547 1540 1533
1554 1561 1568 1574
1554 1548 1541 1534
1555 1562 1569 1575
1555 1549 1542 1535
1556 1563 1570 1576
1556 1550 1543 1536
1557 1564 1571 1577
1557 1551 1544 1537
1558 1566 1565 1572
1558 1559 1552 1545
1559 1558 1566 1565
1559 1552 1545 1546
1560 1567 1573 1579
1560 1553 1547 1540
1561 1568 1574 1580
1561 1554 1548 1541
1562 1569 1575 1581
1562 1555 1549 1542
1563 1570 1576 1582
1563 1556 1550 1543
1564 1571 1577 1583
1564 1557 1551 1544
1565 1572 1578 1585
1565 1566 1558 1559
1566 1565 1572 1578
1566 1558 1559 1552
1567 1573 1579 1586
1567 1560 1553 1547
1568 1574 1580 1587
1568 1561 1554 1548
1569 1575 1581 1588
1569 1562 1555 1549
1570 1576 1582 1589
1570 1563 1556 1550
1571 1577 1583 1590
1571 1564 1557 1551
1572 1578 1585 1584
1572 1565 1566 1558
1573 1579 1586 1592
1573 1567 1560 1553
1574 1580 1587 1593
1574 1568 1561 1554
1575 1581 1588 1594
1575 1569 1562 1555
1576 1582 1589 1595
1576 1570 1563 1556
1577 1583 1590 1596
1577 1571 1564 1557
1578 1585 1584 1591
1578 1572 1565 1566
1579 1586 1592 1598
1579 1573 1567 1560
1580 1587 1593 1599
1580 1574 1568 1561
1581 1588 1594 1600
1581 1575 1569 1562
1582 1589 1595 1601
1582 1576 1570 1563
1583 1590 1596 1602
1583 1577 1571 1564
1584 1591 1597 1604
1584 1585 1578 1572
1585 1584 1591 1597
1585 1578 1572 1565
1586 1592 1598 1606
1586 1579 1573 1567
1587 1593 1599 1607
1587 1580 1574 1568
1588 1594 1600 1608
1588 1581 1575 1569
1589 1595 1601 1609
1589 1582 1576 1570
1590 1596 1602 1610
1590 1583 1577 1571
1591 1597 1604 1603
1591 1584 1585 1578
1592 1598 1606 1605
1592 1586 1579 1573
1593 1599 1607 1614
1593 1587 1580 1574
1594 1600 1608 1615
1594 1588 1581 1575
1595 1601 1609 1616
1595 1589 1582 1576
1596 1602 1610 1617
1596 1590 1583 1577
1597 1604 1603 1612
1597 1591 1584 1585
1598 1606 1605 1613
1598 1592 1586 1579
1599 1607 1614 1620
1599 1593 1587 1580
1600 1608 1615 1621
1600 1594 1588 1581
1601 1609 1616 1622
1601 1595 1589 1582
1602 1610 1617 1623
1602 1596 1590 1583
1603 1612 1611 1618
1603 1604 1597 1591
1604 1603 1612 1611
1604 1597 1591 1584
1605 1613 1619 1626
1605 1606 1598 1592
1606 1605 1613 1619
1606 1598 1592 1586
1607 1614 1620 1627
1607 1599 1593 1587
1608 1615 1621 1628
1608 1600 1594 1588
1609 1616 1622 1629
1609 1601 1595 1589
1610 1617 1623 1630
1610 1602 1596 1590
1611 1618 1625 1624
1611 1612 1603 1604
1612 1611 1618 1625
1612 1603 1604 1597
1613 1619 1626 1632
1613 1605 1606 1598
1614 1620 1627 1633
1614 1607 1599 1593
1615 1621 1628 1634
1615 1608 1600 1594
1616 1622 1629 1635
1616 1609 1601 1595
1617 1623 1630 1636
1617 1610 1602 1596
1618 1625 1624 1631
1618 1611 1612 1603
1619 1626 1632 1638
1619 1613 1605 1606
1620 1627 1633 1639
1620 1614 1607 1599
1621 1628 1634 1640
1621 1615 1608 1600
1622 1629 1635 1641
1622 1616 1609 1601
1623 1630 1636 1642
1623 1617 1610 1602
1624 1631 1637 1644
1624 1625 1618 1611
1625 1624 1631 1637
1625 1618 1611 1612
1626 1632 1638 1645
1626 1619 1613 1605
1627 1633 1639 1646
1627 1620 1614 1607
1628 1634 1640 1647
1628 1621 1615 1608
1629 1635 1641 1648
1629 1622 1616 1609
1630 1636 1642 1649
1630 1623 1617 1610
1631 1637 1644 1643
1631 1624 1625 1618
1632 1638 1645 1651
1632 1626 1619 1613
1633 1639 1646 1652
1633 1627 1620 1614
1634 1640 1647 1653
1634 1628 1621 1615
1635 1641 1648 1654
1635 1629 1622 1616
1636 1642 1649 1655
1636 1630 1623 1617
1637 1644 1643 1650
1637 1631 1624 1625
1638 1645 1651 1657
1638 1632 1626 1619
1639 1646 1652 1658
1639 1633 1627 1620
1640 1647 1653 1659
1640 1634 1628 1621
1641 1648 1654 1660
1641 1635 1629 1622
1642 1649 1655 1661
1642 1636 1630 1623
1643 1650 1656 1663
1643 1644 1637 1631
1644 1643 1650 1656
1644 1637 1631 1624
1645 1651 1657 1664
1645 1638 1632 1626
1646 1652 1658 1665
1646 1639 1633 1627
1647 1653 1659 1666
1647 1640 1634 1628
1648 1654 1660 1667
1648 1641 1635 1629
1649 1655 1661 1668
1649 1642 1636 1630
1650 1656 1663 1662
1650 1643 1644 1637
1651 1657 1664 1670
1651 1645 1638 1632
1652 1658 1665 1671
1652 1646 1639 1633
1653 1659 1666 1672
1653 1647 1640 1634
1654 1660 1667 1673
1654 1648 1641 1635
1655 1661 1668 1674
1655 1649 1642 1636
1656 1663 1662 1669
1656 1650 1643 1644
1657 1664 1670 1677
1657 1651 1645 1638
1658 1665 1671 1678
1658 1652 1646 1639
1659 1666 1672 1679
1659 1653 1647 1640
1660 1667 1673 1680
1660 1654 1648 1641
1661 1668 1674 1681
1661 1655 1649 1642
1662 1669 1676 1675
1662 1663 1656 1650
1663 1662 1669 1676
1663 1656 1650 1643
1664 1670 1677 1683
1664 1657 1651 1645
1665 1671 1678 1684
1665 1658 1652 1646
1666 1672 1679 1685
1666 1659 1653 1647
1667 1673 1680 1686
1667 1660 1654 1648
1668 1674 1681 1687
1668 1661 1655 1649
1669 1676 1675 1682
1669 1662 1663 1656
1670 1677 1683 1689
1670 1664 1657 1651
1671 1678 1684 1690
1671 1665 1658 1652
1672 1679 1685 1691
1672 1666 1659 1653
1673 1680 1686 1692
1673 1667 1660 1654
1674 1681 1687 1693
1674 1668 1661 1655
1675 1682 1688 1695
1675 1676 1669 1662
1676 1675 1682 1688
1676 1669 1662 1663
1677 1683 1689 1696
1677 1670 1664 1657
1678 1684 1690 1697
1678 1671 1665 1658
1679 1685 1691 1698
1679 1672 1666 1659
1680 1686 1692 1699
1680 1673 1667 1660
1681 1687 1693 1700
1681 1674 1668 1661
1682 1688 1695 1694
1682 1675 1676 1669
1683 1689 1696 1702
1683 1677 1670 1664
1684 1690 1697 1703
1684 1678 1671 1665
1685 1691 1698 1704
1685 1679 1672 1666
1686 1692 1699 1705
1686 1680 1673 1667
1687 1693 1700 1706
1687 1681 1674 1668
1688 1695 1694 1701
1688 1682 1675 1676
1689 1696 1702 1710
1689 1683 1677 1670
1690 1697 1703 1711
1690 1684 1678 1671
1691 1698 1704 1712
1691 1685 1679 1672
1692 1699 1705 1713
1692 1686 1680 1673
1693 1700 1706 1714
1693 1687 1681 1674
1694 1701 1708 1707
1694 1695 1688 1682
1695 1694 1701 1708
1695 1688 1682 1675
1696 1702 1710 1709
1696 1689 1683 1677
1697 1703 1711 1718
1697 1690 1684 1678
1698 1704 1712 1719
1698 1691 1685 1679
1699 1705 1713 1720
1699 1692 1686 1680
1700 1706 1714 1721
1700 1693 1687 1681
1701 1708 1707 1716
1701 1694 1695 1688
1702 1710 1709 1717
1702 1696 1689 1683
1703 1711 1718 1724
1703 1697 1690 1684
1704 1712 1719 1725
1704 1698 1691 1685
1705 1713 1720 1726
1705 1699 1692 1686
1706 1714 1721 1727
1706 1700 1693 1687
1707 1716 1715 1722
1707 1708 1701 1694
1708 1707 1716 1715
1708 1701 1694 1695
1709 1717 1723 1730
1709 1710 1702 1696
1710 1709 1717 1723
1710 1702 1696 1689
1711 1718 1724 1731
1711 1703 1697 1690
1712 1719 1725 1732
1712 1704 1698 1691
1713 1720 1726 1733
1713 1705 1699 1692
1714 1721 1727 1734
1714 1706 1700 1693
1715 1722 1729 1728
1715 1716 1707 1708
1716 1715 1722 1729
1716 1707 1708 1701
1717 1723 1730 1736
1717 1709 1710 1702
1718 1724 1731 1737
1718 1711 1703 1697
1719 1725 1732 1738
1719 1712 1704 1698
1720 1726 1733 1739
1720 1713 1705 1699
1721 1727 1734 1740
1721 1714 1706 1700
1722 1729 1728 1735
1722 1715 1716 1707
1723 1730 1736 1742
1723 1717 1709 1710
1724 1731 1737 1743
1724 1718 1711 1703
1725 1732 1738 1744
1725 1719 1712 1704
1726 1733 1739 1745
1726 1720 1713 1705
1727 1734 1740 1746
1727 1721 1714 1706
1728 1735 1741 1747
1728 1729 1722 1715
1729 1728 1735 1741
1729 1722 1715 1716
1730 1736 1742 1748
1730 1723 1717 1709
1731 1737 1743 1749
1731 1724 1718 1711
1732 1738 1744 1750
1732 1725 1719 1712
1733 1739 1745 1751
1733 1726 1720 1713
1734 1740 1746 1752
1734 1727 1721 1714
1735 1741 1747 1753
1735 1728 1729 1722
1736 1742 1748 1754
1736 1730 1723 1717
1737 1743 1749 1755
1737 1731 1724 1718
1738 1744 1750 1756
1738 1732 1725 1719
1739 1745 1751 1757
1739 1733 1726 1720
1740 1746 1752 1758
1740 1734 1727 1721
1741 1747 1753 1759
1741 1735 1728 1729
1742 1748 1754 1760
1742 1736 1730 1723
1743 1749 1755 1761
1743 1737 1731 1724
1744 1750 1756 1762
1744 1738 1732 1725
1745 1751 1757 1763
1745 1739 1733 1726
1746 1752 1758 1764
1746 1740 1734 1727
1747 1753 1759 1765
1747 1741 1735 1728
1748 1754 1760 1766
1748 1742 1736 1730
1749 1755 1761 1767
1749 1743 1737 1731
1750 1756 1762 1768
1750 1744 1738 1732
1751 1757 1763 1769
1751 1745 1739 1733
1752 1758 1764 1770
1752 1746 1740 1734
1753 1759 1765 1772
1753 1747 1741 1735
1754 1760 1766 1773
1754 1748 1742 1736
1755 1761 1767 1774
1755 1749 1743 1737
1756 1762 1768 1775
1756 1750 1744 1738
1757 1763 1769 1776
1757 1751 1745 1739
1758 1764 1770 1777
1758 1752 1746 1740
1759 1765 1772 1771
1759 1753 1747 1741
1760 1766 1773 1779
1760 1754 1748 1742
1761 1767 1774 1780
1761 1755 1749 1743
1762 1768 1775 1781
1762 1756 1750 1744
1763 1769 1776 1782
1763 1757 1751 1745
1764 1770 1777 1783
1764 1758 1752 1746
1765 1772 1771 1778
1765 1759 1753 1747
1766 1773 1779 1786
1766 1760 1754 1748
1767 1774 1780 1787
1767 1761 1755 1749
1768 1775 1781 1788
1768 1762 1756 1750
1769 1776 1782 1789
1769 1763 1757 1751
1770 1777 1783 1790
1770 1764 1758 1752
1771 1778 1785 1784
1771 1772 1765 1759
1772 1771 1778 1785
1772 1765 1759 1753
1773 1779 1786 1792
1773 1766 1760 1754
1774 1780 1787 1793
1774 1767 1761 1755
1775 1781 1788 1794
1775 1768 1762 1756
1776 1782 1789 1795
1776 1769 1763 1757
1777 1783 1790 1796
1777 1770 1764 1758
1778 1785 1784 1791
1778 1771 1772 1765
1779 1786 1792 1799
1779 1773 1766 1760
1780 1787 1793 1800
1780 1774 1767 1761
1781 1788 1794 1801
1781 1775 1768 1762
1782 1789 1795 1802
1782 1776 1769 1763
1783 1790 1796 1803
1783 1777 1770 1764
1784 1791 1798 1797
1784 1785 1778 1771
1785 1784 1791 1798
1785 1778 1771 1772
1786 1792 1799 1805
1786 1779 1773 1766
1787 1793 1800 1806
1787 1780 1774 1767
1788 1794 1801 1807
1788 1781 1775 1768
1789 1795 1802 1808
1789 1782 1776 1769
1790 1796 1803 1809
1790 1783 1777 1770
1791 1798 1797 1804
1791 1784 1785 1778
1792 1799 1805 1812
1792 1786 1779 1773
1793 1800 1806 1813
1793 1787 1780 1774
1794 1801 1807 1814
1794 1788 1781 1775
1795 1802 1808 1815
1795 1789 1782 1776
1796 1803 1809 1816
1796 1790 1783 1777
1797 1804 1811 1810
1797 1798 1791 1784
1798 1797 1804 1811
1798 1791 1784 1785
1799 1805 1812 1818
1799 1792 1786 1779
1800 1806 1813 1819
1800 1793 1787 1780
1801 1807 1814 1820
1801 1794 1788 1781
1802 1808 1815 1821
1802 1795 1789 1782
1803 1809 1816 1822
1803 1796 1790 1783
1804 1811 1810 1817
1804 1797 1798 1791
1805 1812 1818 1825
1805 1799 1792 1786
1806 1813 1819 1826
1806 1800 1793 1787
1807 1814 1820 1827
1807 1801 1794 1788
1808 1815 1821 1828
1808 1802 1795 1789
1809 1816 1822 1829
1809 1803 1796 1790
1810 1817 1824 1823
1810 1811 1804 1797
1811 1810 1817 1824
1811 1804 1797 1798
1812 1818 1825 1831
1812 1805 1799 1792
1813 1819 1826 1832
1813 1806 1800 1793
1814 1820 1827 1833
1814 1807 1801 1794
1815 1821 1828 1835
1815 1808 1802 1795
1816 1822 1829 1836
1816 1809 1803 1796
1817 1824 1823 1830
1817 1810 1811 1804
1818 1825 1831 1839
1818 1812 1805 1799
1819 1826 1832 1840
1819 1813 1806 1800
1820 1827 1833 1834
1820 1814 1807 1801
1821 1828 1835 1842
1821 1815 1808 1802
1822 1829 1836 1843
1822 1816 1809 1803
1823 1830 1838 1837
1823 1824 1817 1810
1824 1823 1830 1838
1824 1817 1810 1811
1825 1831 1839 1846
1825 1818 1812 1805
1826 1832 1840 1847
1826 1819 1813 1806
1827 1833 1834 1841
1827 1820 1814 1807
1828 1835 1842 1849
1828 1821 1815 1808
1829 1836 1843 1850
1829 1822 1816 1809
1830 1838 1837 1844
1830 1823 1824 1817
1831 1839 1846 1845
1831 1825 1818 1812
1832 1840 1847 1854
1832 1826 1819 1813
1833 1834 1841 1848
1833 1827 1820 1814
1834 1841 1848 1855
1834 1833 1827 1820
1835 1842 1849 1856
1835 1828 1821 1815
1836 1843 1850 1857
1836 1829 1822 1816
1837 1844 1852 1851
1837 1838 1830 1823
1838 1837 1844 1852
1838 1830 1823 1824
1839 1846 1845 1853
1839 1831 1825 1818
1840 1847 1854 1860
1840 1832 1826 1819
1841 1848 1855 1861
1841 1834 1833 1827
1842 1849 1856 1862
1842 1835 1828 1821
1843 1850 1857 1863
1843 1836 1829 1822
1844 1852 1851 1858
1844 1837 1838 1830
1845 1853 1859 1866
1845 1846 1839 1831
1846 1845 1853 1859
1846 1839 1831 1825
1847 1854 1860 1867
1847 1840 1832 1826
1848 1855 1861 1868
1848 1841 1834 1833
1849 1856 1862 1869
1849 1842 1835 1828
1850 1857 1863 1870
1850 1843 1836 1829
1851 1858 1865 1864
1851 1852 1844 1837
1852 1851 1858 1865
1852 1844 1837 1838
1853 1859 1866 1872
1853 1845 1846 1839
1854 1860 1867 1873
1854 1847 1840 1832
1855 1861 1868 1874
1855 1848 1841 1834
1856 1862 1869 1875
1856 1849 1842 1835
1857 1863 1870 1876
1857 1850 1843 1836
1858 1865 1864 1871
1858 1851 1852 1844
1859 1866 1872 1878
1859 1853 1845 1846
1860 1867 1873 1879
1860 1854 1847 1840
1861 1868 1874 1880
1861 1855 1848 1841
1862 1869 1875 1881
1862 1856 1849 1842
1863 1870 1876 1882
1863 1857 1850 1843
1864 1871 1877 1883
1864 1865 1858 1851
1865 1864 1871 1877
1865 1858 1851 1852
1866 1872 1878 1884
1866 1859 1853 1845
1867 1873 1879 1885
1867 1860 1854 1847
1868 1874 1880 1886
1868 1861 1855 1848
1869 1875 1881 1887
1869 1862 1856 1849
1870 1876 1882 1888
1870 1863 1857 1850
1871 1877 1883 1889
1871 1864 1865 1858
1872 1878 1884 1890
1872 1866 1859 1853
1873 1879 1885 1891
1873 1867 1860 1854
1874 1880 1886 1892
1874 1868 1861 1855
1875 1881 1887 1893
1875 1869 1862 1856
1876 1882 1888 1894
1876 1870 1863 1857
1877 1883 1889 1896
1877 1871 1864 1865
1878 1884 1890 1897
1878 1872 1866 1859
1879 1885 1891 1898
1879 1873 1867 1860
1880 1886 1892 1899
1880 1874 1868 1861
1881 1887 1893 1900
1881 1875 1869 1862
1882 1888 1894 1901
1882 1876 1870 1863
1883 1889 1896 1895
1883 1877 1871 1864
1884 1890 1897 1903
1884 1878 1872 1866
1885 1891 1898 1904
1885 1879 1873 1867
1886 1892 1899 1905
1886 1880 1874 1868
1887 1893 1900 1906
1887 1881 1875 1869
1888 1894 1901 1907
1888 1882 1876 1870
1889 1896 1895 1902
1889 1883 1877 1871
1890 1897 1903 1910
1890 1884 1878 1872
1891 1898 1904 1911
1891 1885 1879 1873
1892 1899 1905 1912
1892 1886 1880 1874
1893 1900 1906 1913
1893 1887 1881 1875
1894 1901 1907 1914
1894 1888 1882 1876
1895 1902 1909 1908
1895 1896 1889 1883
1896 1895 1902 1909
1896 1889 1883 1877
1897 1903 1910 1916
1897 1890 1884 1878
1898 1904 1911 1917
1898 1891 1885 1879
1899 1905 1912 1918
1899 1892 1886 1880
1900 1906 1913 1919
1900 1893 1887 1881
1901 1907 1914 1920
1901 1894 1888 1882
1902 1909 1908 1915
1902 1895 1896 1889
1903 1910 1916 1922
1903 1897 1890 1884
1904 1911 1917 1923
1904 1898 1891 1885
1905 1912 1918 1924
1905 1899 1892 1886
1906 1913 1919 1926
1906 1900 1893 1887
1907 1914 1920 1927
1907 1901 1894 1888
1908 1915 1921 1928
1908 1909 1902 1895
1909 1908 1915 1921
1909 1902 1895 1896
1910 1916 1922 1929
1910 1903 1897 1890
1911 1917 1923 1930
1911 1904 1898 1891
1912 1918 1924 1931
1912 1905 1899 1892
1913 1919 1926 1925
1913 1906 1900 1893
1914 1920 1927 -1
1914 1907 1901 1894
1915 1921 1928 1933
1915 1908 1909 1902
1916 1922 1929 1934
1916 1910 1903 1897
1917 1923 1930 1935
1917 1911 1904 1898
1918 1924 1931 1936
1918 1912 1905 1899
1919 1926 1925 1932
1919 1913 1906 1900
1920 1914 1907 1901
1921 1928 1933 1940
1921 1915 1908 1909
1922 1929 1934 1941
1922 1916 1910 1903
1923 1930 1935 1942
1923 1917 1911 1904
1924 1931 1936 1937
1924 1918 1912 1905
1925 1932 1938 1945
1925 1926 1919 1913
1926 1925 1932 1938
1926 1919 1913 1906
1927 1920 1914 1907
1928 1933 1940 1939
1928 1921 1915 1908
1929 1934 1941 1947
1929 1922 1916 1910
1930 1935 1942 1948
1930 1923 1917 1911
1931 1936 1937 1943
1931 1924 1918 1912
1932 1938 1945 1944
1932 1925 1926 1919
1933 1940 1939 1946
1933 1928 1921 1915
1934 1941 1947 1952
1934 1929 1922 1916
1935 1942 1948 1953
1935 1930 1923 1917
1936 1937 1943 1949
1936 1931 1924 1918
1937 1943 1949 1954
1937 1936 1931 1924
1938 1945 1944 1950
1938 1932 1925 1926
1939 1946 1951 1956
1939 1940 1933 1928
1940 1939 1946 1951
1940 1933 1928 1921
1941 1947 1952 1957
1941 1934 1929 1922
1942 1948 1953 1958
1942 1935 1930 1923
1943 1949 1954 1959
1943 1937 1936 1931
1944 1950 1955 1960
1944 1945 1938 1932
1945 1944 1950 1955
1945 1938 1932 1925
1946 1951 1956 1961
1946 1939 1940 1933
1947 1952 1957 1962
1947 1941 1934 1929
1948 1953 1958 1963
1948 1942 1935 1930
1949 1954 1959 1964
1949 1943 1937 1936
1950 1955 1960 1966
1950 1944 1945 1938
1951 1956 1961 1968
1951 1946 1939 1940
1952 1957 1962 1969
1952 1947 1941 1934
1953 1958 1963 1970
1953 1948 1942 1935
1954 1959 1964 1965
1954 1949 1943 1937
1955 1960 1966 1973
1955 1950 1944 1945
1956 1961 1968 1967
1956 1951 1946 1939
1957 1962 1969 1975
1957 1952 1947 1941
1958 1963 1970 1976
1958 1953 1948 1942
1959 1964 1965 1971
1959 1954 1949 1943
1960 1966 1973 1972
1960 1955 1950 1944
1961 1968 1967 1974
1961 1956 1951 1946
1962 1969 1975 1981
1962 1957 1952 1947
1963 1970 1976 1982
1963 1958 1953 1948
1964 1965 1971 1977
1964 1959 1954 1949
1965 1971 1977 1978
1965 1964 1959 1954
1966 1973 1972 1979
1966 1960 1955 1950
1967 1974 1980 1985
1967 1968 1961 1956
1968 1967 1974 1980
1968 1961 1956 1951
1969 1975 1981 1986
1969 1962 1957 1952
1970 1976 1982 1987
1970 1963 1958 1953
1971 1977 1978 1983
1971 1965 1964 1959
1972 1979 1984 1990
1972 1973 1966 1960
1973 1972 1979 1984
1973 1966 1960 1955
1974 1980 1985 1991
1974 1967 1968 1961
1975 1981 1986 1992
1975 1969 1962 1957
1976 1982 1987 1993
1976 1970 1963 1958
1977 1978 1983 1988
1977 1971 1965 1964
1978 1983 1988 1994
1978 1977 1971 1965
1979 1984 1990 1989
1979 1972 1973 1966
1980 1985 1991 1999
1980 1974 1967 1968
1981 1986 1992 2000
1981 1975 1969 1962
1982 1987 1993 2001
1982 1976 1970 1963
1983 1988 1994 1995
1983 1978 1977 1971
1984 1990 1989 1997
1984 1979 1972 1973
1985 1991 1999 1998
1985 1980 1974 1967
1986 1992 2000 2007
1986 1981 1975 1969
1987 1993 2001 2008
1987 1982 1976 1970
1988 1994 1995 2002
1988 1983 1978 1977
1989 1997 1996 2005
1989 1990 1984 1979
1990 1989 1997 1996
1990 1984 1979 1972
1991 1999 1998 2006
1991 1985 1980 1974
1992 2000 2007 2015
1992 1986 1981 1975
1993 2001 2008 2016
1993 1987 1982 1976
1994 1995 2002 2003
1994 1988 1983 1978
1995 2002 2003 2009
1995 1994 1988 1983
1996 2005 2004 2013
1996 1997 1989 1990
1997 1996 2005 2004
1997 1989 1990 1984
1998 2006 2014 2017
1998 1999 1991 1985
1999 1998 2006 2014
1999 1991 1985 1980
2000 2007 2015 2018
2000 1992 1986 1981
2001 2008 2016 2019
2001 1993 1987 1982
2002 2003 2009 2010
2002 1995 1994 1988
2003 2009 2010 2011
2003 2002 1995 1994
2004 2013 2012 2011
2004 2005 1996 1997
2005 2004 2013 2012
2005 1996 1997 1989
2006 2014 2017 2020
2006 1998 1999 1991
2007 2015 2018 2021
2007 2000 1992 1986
2008 2016 2019 2022
2008 2001 1993 1987
2009 2010 2011 2012
2009 2003 2002 1995
2010 2011 2012 2013
2010 2009 2003 2002
2011 2010 2009 2003
2011 2012 2013 2004
2012 2011 2010 2009
2012 2013 2004 2005
2013 2012 2011 2010
2013 2004 2005 1996
2014 2017 2020 2023
2014 2006 1998 1999
2015 2018 2021 2024
2015 2007 2000 1992
2016 2019 2022 2025
2016 2008 2001 1993
2017 2020 2023 2026
2017 2014 2006 1998
2018 2021 2024 2027
2018 2015 2007 2000
2019 2022 2025 2028
2019 2016 2008 2001
2020 2023 2026 2030
2020 2017 2014 2006
2021 2024 2027 2031
2021 2018 2015 2007
2022 2025 2028 2032
2022 2019 2016 2008
2023 2026 2030 2029
2023 2020 2017 2014
2024 2027 2031 2034
2024 2021 2018 2015
2025 2028 2032 2035
2025 2022 2019 2016
2026 2030 2029 2033
2026 2023 2020 2017
2027 2031 2034 2037
2027 2024 2021 2018
2028 2032 2035 2038
2028 2025 2022 2019
2029 2033 2036 2039
2029 2030 2026 2023
2030 2029 2033 2036
2030 2026 2023 2020
2031 2034 2037 2040
2031 2027 2024 2021
2032 2035 2038 2041
2032 2028 2025 2022
2033 2036 2039 2043
2033 2029 2030 2026
2034 2037 2040 2044
2034 2031 2027 2024
2035 2038 2041 2045
2035 2032 2028 2025
2036 2039 2043 2042
2036 2033 2029 2030
2037 2040 2044 2047
2037 2034 2031 2027
2038 2041 2045 2048
2038 2035 2032 2028
2039 2043 2042 2046
2039 2036 2033 2029
2040 2044 2047 2050
2040 2037 2034 2031
2041 2045 2048 2051
2041 2038 2035 2032
2042 2046 2049 2052
2042 2043 2039 2036
2043 2042 2046 2049
2043 2039 2036 2033
2044 2047 2050 2053
2044 2040 2037 2034
2045 2048 2051 2054
2045 2041 2038 2035
2046 2049 2052 2055
2046 2042 2043 2039
2047 2050 2053 2056
2047 2044 2040 2037
2048 2051 2054 2057
2048 2045 2041 2038
2049 2052 2055 2058
2049 2046 2042 2043
2050 2053 2056 2059
2050 2047 2044 2040
2051 2054 2057 2060
2051 2048 2045 2041
2052 2055 2058 2061
2052 2049 2046 2042
2053 2056 2059 2062
2053 2050 2047 2044
2054 2057 2060 2063
2054 2051 2048 2045
2055 2058 2061 2064
2055 2052 2049 2046
2056 2059 2062 2065
2056 2053 2050 2047
2057 2060 2063 2066
2057 2054 2051 2048
2058 2061 2064 2067
2058 2055 2052 2049
2059 2062 2065 2068
2059 2056 2053 2050
2060 2063 2066 2069
2060 2057 2054 2051
2061 2064 2067 2070
2061 2058 2055 2052
2062 2065 2068 2071
2062 2059 2056 2053
2063 2066 2069 2072
2063 2060 2057 2054
2064 2067 2070 2073
2064 2061 2058 2055
2065 2068 2071 2075
2065 2062 2059 2056
2066 2069 2072 2076
2066 2063 2060 2057
2067 2070 2073 2077
2067 2064 2061 2058
2068 2071 2075 2074
2068 2065 2062 2059
2069 2072 2076 2079
2069 2066 2063 2060
2070 2073 2077 2080
2070 2067 2064 2061
2071 2075 2074 2078
2071 2068 2065 2062
2072 2076 2079 2082
2072 2069 2066 2063
2073 2077 2080 2083
2073 2070 2067 2064
2074 2078 2081 2084
2074 2075 2071 2068
2075 2074 2078 2081
2075 2071 2068 2065
2076 2079 2082 2085
2076 2072 2069 2066
2077 2080 2083 2086
2077 2073 2070 2067
2078 2081 2084 2087
2078 2074 2075 2071
2079 2082 2085 2088
2079 2076 2072 2069
2080 2083 2086 2089
2080 2077 2073 2070
2081 2084 2087 2090
2081 2078 2074 2075
2082 2085 2088 2091
2082 2079 2076 2072
2083 2086 2089 2092
2083 2080 2077 2073
2084 2087 2090 2093
2084 2081 2078 2074
2085 2088 2091 2094
2085 2082 2079 2076
2086 2089 2092 2095
2086 2083 2080 2077
2087 2090 2093 2096
2087 2084 2081 2078
2088 2091 2094 2097
2088 2085 2082 2079
2089 2092 2095 2098
2089 2086 2083 2080
2090 2093 2096 2099
2090 2087 2084 2081
2091 2094 2097 2100
2091 2088 2085 2082
2092 2095 2098 2101
2092 2089 2086 2083
2093 2096 2099 2102
2093 2090 2087 2084
2094 2097 2100 2103
2094 2091 2088 2085
2095 2098 2101 2104
2095 2092 2089 2086
2096 2099 2102 2105
2096 2093 2090 2087
2097 2100 2103 2106
2097 2094 2091 2088
2098 2101 2104 2107
2098 2095 2092 2089
2099 2102 2105 2108
2099 2096 2093 2090
2100 2103 2106 2109
2100 2097 2094 2091
2101 2104 2107 2110
2101 2098 2095 2092
2102 2105 2108 2111
2102 2099 2096 2093
2103 2106 2109 2112
2103 2100 2097 2094
2104 2107 2110 2113
2104 2101 2098 2095
2105 2108 2111 2114
2105 2102 2099 2096
2106 2109 2112 2115
2106 2103 2100 2097
2107 2110 2113 2116
2107 2104 2101 2098
2108 2111 2114 2117
2108 2105 2102 2099
2109 2112 2115 2118
2109 2106 2103 2100
2110 2113 2116 2119
2110 2107 2104 2101
2111 2114 2117 2120
2111 2108 2105 2102
2112 2115 2118 2121
2112 2109 2106 2103
2113 2116 2119 2122
2113 2110 2107 2104
2114 2117 2120 2123
2114 2111 2108 2105
2115 2118 2121 2124
2115 2112 2109 2106
2116 2119 2122 2125
2116 2113 2110 2107
2117 2120 2123 2126
2117 2114 2111 2108
2118 2121 2124 2127
2118 2115 2112 2109
2119 2122 2125 2128
2119 2116 2113 2110
2120 2123 2126 2129
2120 2117 2114 2111
2121 2124 2127 2130
2121 2118 2115 2112
2122 2125 2128 2131
2122 2119 2116 2113
2123 2126 2129 2132
2123 2120 2117 2114
2124 2127 2130 2133
2124 2121 2118 2115
2125 2128 2131 2134
2125 2122 2119 2116
2126 2129 2132 2135
2126 2123 2120 2117
2127 2130 2133 2136
2127 2124 2121 2118
2128 2131 2134 2137
2128 2125 2122 2119
2129 2132 2135 2138
2129 2126 2123 2120
2130 2133 2136 2139
2130 2127 2124 2121
2131 2134 2137 2140
2131 2128 2125 2122
2132 2135 2138 2141
2132 2129 2126 2123
2133 2136 2139 2142
2133 2130 2127 2124
2134 2137 2140 2143
2134 2131 2128 2125
2135 2138 2141 2144
2135 2132 2129 2126
2136 2139 2142 2145
2136 2133 2130 2127
2137 2140 2143 2146
2137 2134 2131 2128
2138 2141 2144 2147
2138 2135 2132 2129
2139 2142 2145 2148
2139 2136 2133 2130
2140 2143 2146 2149
2140 2137 2134 2131
2141 2144 2147 2150
2141 2138 2135 2132
2142 2145 2148 2151
2142 2139 2136 2133
2143 2146 2149 2152
2143 2140 2137 2134
2144 2147 2150 2153
2144 2141 2138 2135
2145 2148 2151 2154
2145 2142 2139 2136
2146 2149 2152 2155
2146 2143 2140 2137
2147 2150 2153 2156
2147 2144 2141 2138
2148 2151 2154 2157
2148 2145 2142 2139
2149 2152 2155 2158
2149 2146 2143 2140
2150 2153 2156 2159
2150 2147 2144 2141
2151 2154 2157 2160
2151 2148 2145 2142
2152 2155 2158 2161
2152 2149 2146 2143
2153 2156 2159 2162
2153 2150 2147 2144
2154 2157 2160 2163
2154 2151 2148 2145
2155 2158 2161 2164
2155 2152 2149 2146
2156 2159 2162 2165
2156 2153 2150 2147
2157 2160 2163 2166
2157 2154 2151 2148
2158 2161 2164 2167
2158 2155 2152 2149
2159 2162 2165 2169
2159 2156 2153 2150
2160 2163 2166 2170
2160 2157 2154 2151
2161 2164 2167 2171
2161 2158 2155 2152
2162 2165 2169 2168
2162 2159 2156 2153
2163 2166 2170 2173
2163 2160 2157 2154
2164 2167 2171 2174
2164 2161 2158 2155
2165 2169 2168 2172
2165 2162 2159 2156
2166 2170 2173 2176
2166 2163 2160 2157
2167 2171 2174 2177
2167 2164 2161 2158
2168 2172 2175 2178
2168 2169 2165 2162
2169 2168 2172 2175
2169 2165 2162 2159
2170 2173 2176 2179
2170 2166 2163 2160
2171 2174 2177 2180
2171 2167 2164 2161
2172 2175 2178 2181
2172 2168 2169 2165
2173 2176 2179 2182
2173 2170 2166 2163
2174 2177 2180 2183
2174 2171 2167 2164
2175 2178 2181 2184
2175 2172 2168 2169
2176 2179 2182 2185
2176 2173 2170 2166
2177 2180 2183 2186
2177 2174 2171 2167
2178 2181 2184 2187
2178 2175 2172 2168
2179 2182 2185 2188
2179 2176 2173 2170
2180 2183 2186 2189
2180 2177 2174 2171
2181 2184 2187 2190
2181 2178 2175 2172
2182 2185 2188 2191
2182 2179 2176 2173
2183 2186 2189 2192
2183 2180 2177 2174
2184 2187 2190 2193
2184 2181 2178 2175
2185 2188 2191 2194
2185 2182 2179 2176
2186 2189 2192 2195
2186 2183 2180 2177
2187 2190 2193 2196
2187 2184 2181 2178
2188 2191 2194 2197
2188 2185 2182 2179
2189 2192 2195 2198
2189 2186 2183 2180
2190 2193 2196 2199
2190 2187 2184 2181
2191 2194 2197 2200
2191 2188 2185 2182
2192 2195 2198 2201
2192 2189 2186 2183
2193 2196 2199 2202
2193 2190 2187 2184
2194 2197 2200 2203
2194 2191 2188 2185
2195 2198 2201 2204
2195 2192 2189 2186
2196 2199 2202 2205
2196 2193 2190 2187
2197 2200 2203 2206
2197 2194 2191 2188
2198 2201 2204 2207
2198 2195 2192 2189
2199 2202 2205 2208
2199 2196 2193 2190
2200 2203 2206 2209
2200 2197 2194 2191
2201 2204 2207 2211
2201 2198 2195 2192
2202 2205 2208 2212
2202 2199 2196 2193
2203 2206 2209 2213
2203 2200 2197 2194
2204 2207 2211 2215
2204 2201 2198 2195
2205 2208 2212 2216
2205 2202 2199 2196
2206 2209 2213 2217
2206 2203 2200 2197
2207 2211 2215 2219
2207 2204 2201 2198
2208 2212 2216 2221
2208 2205 2202 2199
2209 2213 2217 2222
2209 2206 2203 2200
2210 2214 2218 2223
2211 2215 2219 2224
2211 2207 2204 2201
2212 2216 2221 2220
2212 2208 2205 2202
2213 2217 2222 2226
2213 2209 2206 2203
2214 2218 2223 2227
2215 2219 2224 2228
2215 2211 2207 2204
2216 2221 2220 2225
2216 2212 2208 2205
2217 2222 2226 2230
2217 2213 2209 2206
2218 2223 2227 2231
2218 2214 2210 -1
2219 2224 2228 2232
2219 2215 2211 2207
2220 2225 2229 2233
2220 2221 2216 2212
2221 2220 2225 2229
2221 2216 2212 2208
2222 2226 2230 2234
2222 2217 2213 2209
2223 2227 2231 2235
2223 2218 2214 2210
2224 2228 2232 2236
2224 2219 2215 2211
2225 2229 2233 2237
2225 2220 2221 2216
2226 2230 2234 2238
2226 2222 2217 2213
2227 2231 2235 2239
2227 2223 2218 2214
2228 2232 2236 2240
2228 2224 2219 2215
2229 2233 2237 2241
2229 2225 2220 2221
2230 2234 2238 2242
2230 2226 2222 2217
2231 2235 2239 2243
2231 2227 2223 2218
2232 2236 2240 2244
2232 2228 2224 2219
2233 2237 2241 2245
2233 2229 2225 2220
2234 2238 2242 2246
2234 2230 2226 2222
2235 2239 2243 2247
2235 2231 2227 2223
2236 2240 2244 2248
2236 2232 2228 2224
2237 2241 2245 2249
2237 2233 2229 2225
2238 2242 2246 2250
2238 2234 2230 2226
2239 2243 2247 2251
2239 2235 2231 2227
2240 2244 2248 2252
2240 2236 2232 2228
2241 2245 2249 2253
2241 2237 2233 2229
2242 2246 2250 2254
2242 2238 2234 2230
2243 2247 2251 2255
2243 2239 2235 2231
2244 2248 2252 2256
2244 2240 2236 2232
2245 2249 2253 2257
2245 2241 2237 2233
2246 2250 2254 2258
2246 2242 2238 2234
2247 2251 2255 2260
2247 2243 2239 2235
2248 2252 2256 2261
2248 2244 2240 2236
2249 2253 2257 2262
2249 2245 2241 2237
2250 2254 2258 2259
2250 2246 2242 2238
2251 2255 2260 2264
2251 2247 2243 2239
2252 2256 2261 2265
2252 2248 2244 2240
2253 2257 2262 2266
2253 2249 2245 2241
2254 2258 2259 2263
2254 2250 2246 2242
2255 2260 2264 2268
2255 2251 2247 2243
2256 2261 2265 2269
2256 2252 2248 2244
2257 2262 2266 2270
2257 2253 2249 2245
2258 2259 2263 2267
2258 2254 2250 2246
2259 2263 2267 2271
2259 2258 2254 2250
2260 2264 2268 2273
2260 2255 2251 2247
2261 2265 2269 2274
2261 2256 2252 2248
2262 2266 2270 2275
2262 2257 2253 2249
2263 2267 2271 2272
2263 2259 2258 2254
2264 2268 2273 2277
2264 2260 2255 2251
2265 2269 2274 2278
2265 2261 2256 2252
2266 2270 2275 2279
2266 2262 2257 2253
2267 2271 2272 2276
2267 2263 2259 2258
2268 2273 2277 2281
2268 2264 2260 2255
2269 2274 2278 2282
2269 2265 2261 2256
2270 2275 2279 2284
2270 2266 2262 2257
2271 2272 2276 2280
2271 2267 2263 2259
2272 2276 2280 2285
2272 2271 2267 2263
2273 2277 2281 2286
2273 2268 2264 2260
2274 2278 2282 2287
2274 2269 2265 2261
2275 2279 2284 2283
2275 2270 2266 2262
2276 2280 2285 2289
2276 2272 2271 2267
2277 2281 2286 2290
2277 2273 2268 2264
2278 2282 2287 2291
2278 2274 2269 2265
2279 2284 2283 2288
2279 2275 2270 2266
2280 2285 2289 2293
2280 2276 2272 2271
2281 2286 2290 2294
2281 2277 2273 2268
2282 2287 2291 2295
2282 2278 2274 2269
2283 2288 2292 2296
2283 2284 2279 2275
2284 2283 2288 2292
2284 2279 2275 2270
2285 2289 2293 2297
2285 2280 2276 2272
2286 2290 2294 2299
2286 2281 2277 2273
2287 2291 2295 2300
2287 2282 2278 2274
2288 2292 2296 2301
2288 2283 2284 2279
2289 2293 2297 2298
2289 2285 2280 2276
2290 2294 2299 2303
2290 2286 2281 2277
2291 2295 2300 2304
2291 2287 2282 2278
2292 2296 2301 2305
2292 2288 2283 2284
2293 2297 2298 2302
2293 2289 2285 2280
2294 2299 2303 2308
2294 2290 2286 2281
2295 2300 2304 2309
2295 2291 2287 2282
2296 2301 2305 2310
2296 2292 2288 2283
2297 2298 2302 2306
2297 2293 2289 2285
2298 2302 2306 2311
2298 2297 2293 2289
2299 2303 2308 2307
2299 2294 2290 2286
2300 2304 2309 2313
2300 2295 2291 2287
2301 2305 2310 2314
2301 2296 2292 2288
2302 2306 2311 2315
2302 2298 2297 2293
2303 2308 2307 2312
2303 2299 2294 2290
2304 2309 2313 2317
2304 2300 2295 2291
2305 2310 2314 2319
2305 2301 2296 2292
2306 2311 2315 2320
2306 2302 2298 2297
2307 2312 2316 2322
2307 2308 2303 2299
2308 2307 2312 2316
2308 2303 2299 2294
2309 2313 2317 2318
2309 2304 2300 2295
2310 2314 2319 2324
2310 2305 2301 2296
2311 2315 2320 2321
2311 2306 2302 2298
2312 2316 2322 2326
2312 2307 2308 2303
2313 2317 2318 2323
2313 2309 2304 2300
2314 2319 2324 2328
2314 2310 2305 2301
2315 2320 2321 2325
2315 2311 2306 2302
2316 2322 2326 2331
2316 2312 2307 2308
2317 2318 2323 2327
2317 2313 2309 2304
2318 2323 2327 2332
2318 2317 2313 2309
2319 2324 2328 2333
2319 2314 2310 2305
2320 2321 2325 2329
2320 2315 2311 2306
2321 2325 2329 2334
2321 2320 2315 2311
2322 2326 2331 2330
2322 2316 2312 2307
2323 2327 2332 2336
2323 2318 2317 2313
2324 2328 2333 2337
2324 2319 2314 2310
2325 2329 2334 2338
2325 2321 2320 2315
2326 2331 2330 2335
2326 2322 2316 2312
2327 2332 2336 2340
2327 2323 2318 2317
2328 2333 2337 2341
2328 2324 2319 2314
2329 2334 2338 2342
2329 2325 2321 2320
2330 2335 2339 2344
2330 2331 2326 2322
2331 2330 2335 2339
2331 2326 2322 2316
2332 2336 2340 2345
2332 2327 2323 2318
2333 2337 2341 2346
2333 2328 2324 2319
2334 2338 2342 2347
2334 2329 2325 2321
2335 2339 2344 2343
2335 2330 2331 2326
2336 2340 2345 2350
2336 2332 2327 2323
2337 2341 2346 2351
2337 2333 2328 2324
2338 2342 2347 2348
2338 2334 2329 2325
2339 2344 2343 2349
2339 2335 2330 2331
2340 2345 2350 2355
2340 2336 2332 2327
2341 2346 2351 2357
2341 2337 2333 2328
2342 2347 2348 2352
2342 2338 2334 2329
2343 2349 2354 2353
2343 2344 2339 2335
2344 2343 2349 2354
2344 2339 2335 2330
2345 2350 2355 2361
2345 2340 2336 2332
2346 2351 2357 2356
2346 2341 2337 2333
2347 2348 2352 2358
2347 2342 2338 2334
2348 2352 2358 2359
2348 2347 2342 2338
2349 2354 2353 2360
2349 2343 2344 2339
2350 2355 2361 2362
2350 2345 2340 2336
2351 2357 2356 2363
2351 2346 2341 2337
2352 2358 2359 2364
2352 2348 2347 2342
2353 2360 2367 2366
2353 2354 2349 2343
2354 2353 2360 2367
2354 2349 2343 2344
2355 2361 2362 2368
2355 2350 2345 2340
2356 2363 2369 2374
2356 2357 2351 2346
2357 2356 2363 2369
2357 2351 2346 2341
2358 2359 2364 2365
2358 2352 2348 2347
2359 2364 2365 2370
2359 2358 2352 2348
2360 2367 2366 2372
2360 2353 2354 2349
2361 2362 2368 2373
2361 2355 2350 2345
2362 2368 2373 2378
2362 2361 2355 2350
2363 2369 2374 2380
2363 2356 2357 2351
2364 2365 2370 2375
2364 2359 2358 2352
2365 2370 2375 2376
2365 2364 2359 2358
2366 2372 2371 2377
2366 2367 2360 2353
2367 2366 2372 2371
2367 2360 2353 2354
2368 2373 2378 2379
2368 2362 2361 2355
2369 2374 2380 2385
2369 2363 2356 2357
2370 2375 2376 2381
2370 2365 2364 2359
2371 2377 2383 2388
2371 2372 2366 2367
2372 2371 2377 2383
2372 2366 2367 2360
2373 2378 2379 2384
2373 2368 2362 2361
2374 2380 2385 2390
2374 2369 2363 2356
2375 2376 2381 2382
2375 2370 2365 2364
2376 2381 2382 2386
2376 2375 2370 2365
2377 2383 2388 -1
2377 2371 2372 2366
2378 2379 2384 2389
2378 2373 2368 2362
2379 2384 2389 2393
2379 2378 2373 2368
2380 2385 2390 2395
2380 2374 2369 2363
2381 2382 2386 2387
2381 2376 2375 2370
2382 2386 2387 2391
2382 2381 2376 2375
2383 2377 2371 2372
2384 2389 2393 2394
2384 2379 2378 2373
2385 2390 2395 2399
2385 2380 2374 2369
2386 2387 2391 2392
2386 2382 2381 2376
2387 2391 2392 2396
2387 2386 2382 2381
2388 2383 2377 2371
2389 2393 2394 2398
2389 2384 2379 2378
2390 2395 2399 2403
2390 2385 2380 2374
2391 2392 2396 2397
2391 2387 2386 2382
2392 2396 2397 2400
2392 2391 2387 2386
2393 2394 2398 2402
2393 2389 2384 2379
2394 2398 2402 2406
2394 2393 2389 2384
2395 2399 2403 2407
2395 2390 2385 2380
2396 2397 2400 2401
2396 2392 2391 2387
2397 2400 2401 2404
2397 2396 2392 2391
2398 2402 2406 2411
2398 2394 2393 2389
2399 2403 2407 2412
2399 2395 2390 2385
2400 2401 2404 2405
2400 2397 2396 2392
2401 2404 2405 2408
2401 2400 2397 2396
2402 2406 2411 2415
2402 2398 2394 2393
2403 2407 2412 2417
2403 2399 2395 2390
2404 2405 2408 2409
2404 2401 2400 2397
2405 2408 2409 2410
2405 2404 2401 2400
2406 2411 2415 2416
2406 2402 2398 2394
2407 2412 2417 2421
2407 2403 2399 2395
2408 2409 2410 2413
2408 2405 2404 2401
2409 2410 2413 2414
2409 2408 2405 2404
2410 2413 2414 2418
2410 2409 2408 2405
2411 2415 2416 2420
2411 2406 2402 2398
2412 2417 2421 2427
2412 2407 2403 2399
2413 2414 2418 2419
2413 2410 2409 2408
2414 2418 2419 2422
2414 2413 2410 2409
2415 2416 2420 2425
2415 2411 2406 2402
2416 2420 2425 2426
2416 2415 2411 2406
2417 2421 2427 2433
2417 2412 2407 2403
2418 2419 2422 2423
2418 2414 2413 2410
2419 2422 2423 2424
2419 2418 2414 2413
2420 2425 2426 2431
2420 2416 2415 2411
2421 2427 2433 2432
2421 2417 2412 2407
2422 2423 2424 2428
2422 2419 2418 2414
2423 2424 2428 2429
2423 2422 2419 2418
2424 2428 2429 2430
2424 2423 2422 2419
2425 2426 2431 2437
2425 2420 2416 2415
2426 2431 2437 2442
2426 2425 2420 2416
2427 2433 2432 2438
2427 2421 2417 2412
2428 2429 2430 2434
2428 2424 2423 2422
2429 2430 2434 2435
2429 2428 2424 2423
2430 2434 2435 2436
2430 2429 2428 2424
2431 2437 2442 2446
2431 2426 2425 2420
2432 2438 2443 2447
2432 2433 2427 2421
2433 2432 2438 2443
2433 2427 2421 2417
2434 2435 2436 2439
2434 2430 2429 2428
2435 2436 2439 2440
2435 2434 2430 2429
2436 2439 2440 2441
2436 2435 2434 2430
2437 2442 2446 2451
2437 2431 2426 2425
2438 2443 2447 2452
2438 2432 2433 2427
2439 2440 2441 2444
2439 2436 2435 2434
2440 2441 2444 2445
2440 2439 2436 2435
2441 2444 2445 2448
2441 2440 2439 2436
2442 2446 2451 2456
2442 2437 2431 2426
2443 2447 2452 2457
2443 2438 2432 2433
2444 2445 2448 2449
2444 2441 2440 2439
2445 2448 2449 2450
2445 2444 2441 2440
2446 2451 2456 2461
2446 2442 2437 2431
2447 2452 2457 2463
2447 2443 2438 2432
2448 2449 2450 2453
2448 2445 2444 2441
2449 2450 2453 2454
2449 2448 2445 2444
2450 2453 2454 2455
2450 2449 2448 2445
2451 2456 2461 2462
2451 2446 2442 2437
2452 2457 2463 2468
2452 2447 2443 2438
2453 2454 2455 2458
2453 2450 2449 2448
2454 2455 2458 2459
2454 2453 2450 2449
2455 2458 2459 2460
2455 2454 2453 2450
2456 2461 2462 2467
2456 2451 2446 2442
2457 2463 2468 2473
2457 2452 2447 2443
2458 2459 2460 2464
2458 2455 2454 2453
2459 2460 2464 2465
2459 2458 2455 2454
2460 2464 2465 2466
2460 2459 2458 2455
2461 2462 2467 2472
2461 2456 2451 2446
2462 2467 2472 2478
2462 2461 2456 2451
2463 2468 2473 2479
2463 2457 2452 2447
2464 2465 2466 2469
2464 2460 2459 2458
2465 2466 2469 2470
2465 2464 2460 2459
2466 2469 2470 2471
2466 2465 2464 2460
2467 2472 2478 -1
2467 2462 2461 2456
2468 2473 2479 2485
2468 2463 2457 2452
2469 2470 2471 2474
2469 2466 2465 2464
2470 2471 2474 2475
2470 2469 2466 2465
2471 2474 2475 2476
2471 2470 2469 2466
2472 2467 2462 2461
2473 2479 2485 2484
2473 2468 2463 2457
2474 2475 2476 2477
2474 2471 2470 2469
2475 2476 2477 2480
2475 2474 2471 2470
2476 2477 2480 2481
2476 2475 2474 2471
2477 2480 2481 2482
2477 2476 2475 2474
2478 2472 2467 2462
2479 2485 2484 2490
2479 2473 2468 2463
2480 2481 2482 2483
2480 2477 2476 2475
2481 2482 2483 2486
2481 2480 2477 2476
2482 2483 2486 2487
2482 2481 2480 2477
2483 2486 2487 2488
2483 2482 2481 2480
2484 2490 2495 2494
2484 2485 2479 2473
2485 2484 2490 2495
2485 2479 2473 2468
2486 2487 2488 2489
2486 2483 2482 2481
2487 2488 2489 2491
2487 2486 2483 2482
2488 2489 2491 2492
2488 2487 2486 2483
2489 2491 2492 2493
2489 2488 2487 2486
2490 2495 2494 2520
2490 2484 2485 2479
2491 2492 2493 2496
2491 2489 2488 2487
2492 2493 2496 2497
2492 2491 2489 2488
2493 2496 2497 2498
2493 2492 2491 2489
2494 2520 2519 2518
2494 2495 2490 2484
2495 2494 2520 2519
2495 2490 2484 2485
2496 2497 2498 2499
2496 2493 2492 2491
2497 2498 2499 2521
2497 2496 2493 2492
2498 2499 2521 2522
2498 2497 2496 2493
2499 2521 2522 2523
2499 2498 2497 2496
2500 2562 2561 2560
2500 2501 2502 2503
2501 2500 2562 2561
2501 2502 2503 2504
2502 2501 2500 2562
2502 2503 2504 2505
2503 2502 2501 2500
2503 2504 2505 2506
2504 2503 2502 2501
2504 2505 2506 2507
2505 2504 2503 2502
2505 2506 2507 2508
2506 2505 2504 2503
2506 2507 2508 2509
2507 2506 2505 2504
2507 2508 2509 2510
2508 2507 2506 2505
2508 2509 2510 2511
2509 2508 2507 2506
2509 2510 2511 2512
2510 2509 2508 2507
2510 2511 2512 2513
2511 2510 2509 2508
2511 2512 2513 2514
2512 2511 2510 2509
2512 2513 2514 2515
2513 2512 2511 2510
2513 2514 2515 2516
2514 2513 2512 2511
2514 2515 2516 2517
2515 2514 2513 2512
2515 2516 2517 2518
2516 2515 2514 2513
2516 2517 2518 2519
2517 2516 2515 2514
2517 2518 2519 2520
2518 2517 2516 2515
2518 2519 2520 2494
2519 2518 2517 2516
2519 2520 2494 2495
2520 2519 2518 2517
2520 2494 2495 2490
2521 2522 2523 2524
2521 2499 2498 2497
2522 2523 2524 2563
2522 2521 2499 2498
2523 2524 2563 2564
2523 2522 2521 2499
2524 2563 2564 2565
2524 2523 2522 2521
2525 2620 2619 2618
2525 2526 2527 2528
2526 2525 2620 2619
2526 2527 2528 2529
2527 2526 2525 2620
2527 2528 2529 2530
2528 2527 2526 2525
2528 2529 2530 2531
2529 2528 2527 2526
2529 2530 2531 2532
2530 2529 2528 2527
2530 2531 2532 2533
2531 2530 2529 2528
2531 2532 2533 2534
2532 2531 2530 2529
2532 2533 2534 2535
2533 2532 2531 2530
2533 2534 2535 2536
2534 2533 2532 2531
2534 2535 2536 2537
2535 2534 2533 2532
2535 2536 2537 2538
2536 2535 2534 2533
2536 2537 2538 2539
2537 2536 2535 2534
2537 2538 2539 2540
2538 2537 2536 2535
2538 2539 2540 2541
2539 2538 2537 2536
2539 2540 2541 2542
2540 2539 2538 2537
2540 2541 2542 2543
2541 2540 2539 2538
2541 2542 2543 2544
2542 2541 2540 2539
2542 2543 2544 2545
2543 2542 2541 2540
2543 2544 2545 2546
2544 2543 2542 2541
2544 2545 2546 2547
2545 2544 2543 2542
2545 2546 2547 2548
2546 2545 2544 2543
2546 2547 2548 2549
2547 2546 2545 2544
2547 2548 2549 2550
2548 2547 2546 2545
2548 2549 2550 2551
2549 2548 2547 2546
2549 2550 2551 2552
2550 2549 2548 2547
2550 2551 2552 2553
2551 2550 2549 2548
2551 2552 2553 2554
2552 2551 2550 2549
2552 2553 2554 2555
2553 2552 2551 2550
2553 2554 2555 2556
2554 2553 2552 2551
2554 2555 2556 2557
2555 2554 2553 2552
2555 2556 2557 2558
2556 2555 2554 2553
2556 2557 2558 2559
2557 2556 2555 2554
2557 2558 2559 2560
2558 2557 2556 2555
2558 2559 2560 2561
2559 2558 2557 2556
2559 2560 2561 2562
2560 2559 2558 2557
2560 2561 2562 2500
2561 2560 2559 2558
2561 2562 2500 2501
2562 2561 2560 2559
2562 2500 2501 2502
2563 2564 2565 2566
2563 2524 2523 2522
2564 2565 2566 2567
2564 2563 2524 2523
2565 2566 2567 2568
2565 2564 2563 2524
2566 2567 2568 2621
2566 2565 2564 2563
2567 2568 2621 2622
2567 2566 2565 2564
2568 2621 2622 2569
2568 2567 2566 2565
2569 2622 2621 2568
2569 2570 2571 2572
2570 2569 2622 2621
2570 2571 2572 2573
2571 2570 2569 2622
2571 2572 2573 2574
2572 2571 2570 2569
2572 2573 2574 2575
2573 2572 2571 2570
2573 2574 2575 2576
2574 2573 2572 2571
2574 2575 2576 2577
2575 2574 2573 2572
2575 2576 2577 2578
2576 2575 2574 2573
2576 2577 2578 2579
2577 2576 2575 2574
2577 2578 2579 2580
2578 2577 2576 2575
2578 2579 2580 2581
2579 2578 2577 2576
2579 2580 2581 2582
2580 2579 2578 2577
2580 2581 2582 2583
2581 2580 2579 2578
2581 2582 2583 2584
2582 2581 2580 2579
2582 2583 2584 2585
2583 2582 2581 2580
2583 2584 2585 2586
2584 2583 2582 2581
2584 2585 2586 2587
2585 2584 2583 2582
2585 2586 2587 2588
2586 2585 2584 2583
2586 2587 2588 2589
2587 2586 2585 2584
2587 2588 2589 2590
2588 2587 2586 2585
2588 2589 2590 2591
2589 2588 2587 2586
2589 2590 2591 2592
2590 2589 2588 2587
2590 2591 2592 2593
2591 2590 2589 2588
2591 2592 2593 2594
2592 2591 2590 2589
2592 2593 2594 2595
2593 2592 2591 2590
2593 2594 2595 2596
2594 2593 2592 2591
2594 2595 2596 2597
2595 2594 2593 2592
2595 2596 2597 2598
2596 2595 2594 2593
2596 2597 2598 2599
2597 2596 2595 2594
2597 2598 2599 2600
2598 2597 2596 2595
2598 2599 2600 2601
2599 2598 2597 2596
2599 2600 2601 2602
2600 2599 2598 2597
2600 2601 2602 2603
2601 2600 2599 2598
2601 2602 2603 2604
2602 2601 2600 2599
2602 2603 2604 2605
2603 2602 2601 2600
2603 2604 2605 2606
2604 2603 2602 2601
2604 2605 2606 2607
2605 2604 2603 2602
2605 2606 2607 2608
2606 2605 2604 2603
2606 2607 2608 2609
2607 2606 2605 2604
2607 2608 2609 2610
2608 2607 2606 2605
2608 2609 2610 2611
2609 2608 2607 2606
2609 2610 2611 2612
2610 2609 2608 2607
2610 2611 2612 2613
2611 2610 2609 2608
2611 2612 2613 2614
2612 2611 2610 2609
2612 2613 2614 2615
2613 2612 2611 2610
2613 2614 2615 2616
2614 2613 2612 2611
2614 2615 2616 2617
2615 2614 2613 2612
2615 2616 2617 2618
2616 2615 2614 2613
2616 2617 2618 2619
2617 2616 2615 2614
2617 2618 2619 2620
2618 2617 2616 2615
2618 2619 2620 2525
2619 2618 2617 2616
2619 2620 2525 2526
2620 2619 2618 2617
2620 2525 2526 2527
2621 2622 2569 2570
2621 2568 2567 2566
2622 2621 2568 2567
2622 2569 2570 2571
