0 33 32 31
0 1 2 3
1 0 33 32
1 2 3 4
2 1 0 33
2 3 4 5
3 2 1 0
3 4 5 6
4 3 2 1
4 5 6 7
5 4 3 2
5 6 7 8
6 5 4 3
6 7 8 9
7 6 5 4
7 8 9 10
8 7 6 5
8 9 10 11
9 8 7 6
9 10 11 12
10 9 8 7
10 11 12 13
11 10 9 8
11 12 13 14
12 13 14 15
12 11 10 9
13 14 15 34
13 12 11 10
14 15 34 35
14 13 12 11
15 34 35 36
15 14 13 12
16 49 48 47
16 17 18 19
17 16 49 48
17 18 19 20
18 17 16 49
18 19 20 21
19 18 17 16
19 20 21 22
20 19 18 17
20 21 22 23
21 20 19 18
21 22 23 24
22 21 20 19
22 23 24 25
23 22 21 20
23 24 25 26
24 23 22 21
24 25 26 27
25 24 23 22
25 26 27 28
26 25 24 23
26 27 28 29
27 26 25 24
27 28 29 30
28 27 26 25
28 29 30 31
29 28 27 26
29 30 31 32
30 29 28 27
30 31 32 33
31 30 29 28
31 32 33 0
32 31 30 29
32 33 0 1
33 32 31 30
33 0 1 2
34 35 36 50
34 15 14 13
35 36 50 51
35 34 15 14
36 50 51 70
36 35 34 15
37 69 68 67
37 38 39 40
38 37 69 68
38 39 40 41
39 38 37 69
39 40 41 42
40 39 38 37
40 41 42 43
41 40 39 38
41 42 43 44
42 41 40 39
42 43 44 45
43 42 41 40
43 44 45 46
44 43 42 41
44 45 46 47
45 44 43 42
45 46 47 48
46 45 44 43
46 47 48 49
47 46 45 44
47 48 49 16
48 47 46 45
48 49 16 17
49 48 47 46
49 16 17 18
50 51 70 84
50 36 35 34
51 70 84 95
51 50 36 35
52 83 82 81
52 53 54 55
53 52 83 82
53 54 55 56
54 53 52 83
54 55 56 57
55 54 53 52
55 56 57 58
56 55 54 53
56 57 58 59
57 56 55 54
57 58 59 60
58 57 56 55
58 59 60 61
59 58 57 56
59 60 61 62
60 59 58 57
60 61 62 63
61 60 59 58
61 62 63 64
62 61 60 59
62 63 64 65
63 62 61 60
63 64 65 66
64 63 62 61
64 65 66 67
65 64 63 62
65 66 67 68
66 65 64 63
66 67 68 69
67 66 65 64
67 68 69 37
68 67 66 65
68 69 37 38
69 68 67 66
69 37 38 39
70 84 95 96
70 51 50 36
71 94 93 92
71 72 73 74
72 71 94 93
72 73 74 75
73 72 71 94
73 74 75 76
74 73 72 71
74 75 76 77
75 74 73 72
75 76 77 78
76 75 74 73
76 77 78 79
77 76 75 74
77 78 79 80
78 77 76 75
78 79 80 81
79 78 77 76
79 80 81 82
80 79 78 77
80 81 82 83
81 80 79 78
81 82 83 52
82 81 80 79
82 83 52 53
83 82 81 80
83 52 53 54
84 95 96 99
84 70 51 50
85 98 97 102
85 86 87 88
86 85 98 97
86 87 88 89
87 86 85 98
87 88 89 90
88 87 86 85
88 89 90 91
89 88 87 86
89 90 91 92
90 89 88 87
90 91 92 93
91 90 89 88
91 92 93 94
92 91 90 89
92 93 94 71
93 92 91 90
93 94 71 72
94 93 92 91
94 71 72 73
95 96 99 100
95 84 70 51
96 99 100 103
96 95 84 70
97 102 101 106
97 98 85 86
98 97 102 101
98 85 86 87
99 100 103 104
99 96 95 84
100 103 104 107
100 99 96 95
101 106 105 111
101 102 97 98
102 101 106 105
102 97 98 85
103 104 107 108
103 100 99 96
104 107 108 112
104 103 100 99
105 111 110 109
105 106 101 102
106 105 111 110
106 101 102 97
107 108 112 116
107 104 103 100
108 112 116 119
108 107 104 103
109 115 114 113
109 110 111 105
110 109 115 114
110 111 105 106
111 110 109 115
111 105 106 101
112 116 119 120
112 108 107 104
113 118 117 122
113 114 115 109
114 113 118 117
114 115 109 110
115 114 113 118
115 109 110 111
116 119 120 123
116 112 108 107
117 122 121 127
117 118 113 114
118 117 122 121
118 113 114 115
119 120 123 124
119 116 112 108
120 123 124 128
120 119 116 112
121 127 126 125
121 122 117 118
122 121 127 126
122 117 118 113
123 124 128 129
123 120 119 116
124 128 129 132
124 123 120 119
125 131 130 135
125 126 127 121
126 125 131 130
126 127 121 122
127 126 125 131
127 121 122 117
128 129 132 133
128 124 123 120
129 132 133 136
129 128 124 123
130 135 134 139
130 131 125 126
131 130 135 134
131 125 126 127
132 133 136 140
132 129 128 124
133 136 140 141
133 132 129 128
134 139 138 137
134 135 130 131
135 134 139 138
135 130 131 125
136 140 141 144
136 133 132 129
137 143 142 147
137 138 139 134
138 137 143 142
138 139 134 135
139 138 137 143
139 134 135 130
140 141 144 145
140 136 133 132
141 144 145 148
141 140 136 133
142 147 146 152
142 143 137 138
143 142 147 146
143 137 138 139
144 145 148 149
144 141 140 136
145 148 149 153
145 144 141 140
146 152 151 150
146 147 142 143
147 146 152 151
147 142 143 137
148 149 153 154
148 145 144 141
149 153 154 157
149 148 145 144
150 156 155 160
150 151 152 146
151 150 156 155
151 152 146 147
152 151 150 156
152 146 147 142
153 154 157 158
153 149 148 145
154 157 158 161
154 153 149 148
155 160 159 164
155 156 150 151
156 155 160 159
156 150 151 152
157 158 161 165
157 154 153 149
158 161 165 166
158 157 154 153
159 164 163 162
159 160 155 156
160 159 164 163
160 155 156 150
161 165 166 169
161 158 157 154
162 168 167 173
162 163 164 159
163 162 168 167
163 164 159 160
164 163 162 168
164 159 160 155
165 166 169 170
165 161 158 157
166 169 170 174
166 165 161 158
167 173 172 171
167 168 162 163
168 167 173 172
168 162 163 164
169 170 174 175
169 166 165 161
170 174 175 178
170 169 166 165
171 177 176 181
171 172 173 167
172 171 177 176
172 173 167 168
173 172 171 177
173 167 168 162
174 175 178 179
174 170 169 166
175 178 179 182
175 174 170 169
176 181 180 185
176 177 171 172
177 176 181 180
177 171 172 173
178 179 182 183
178 175 174 170
179 182 183 186
179 178 175 174
180 185 184 188
180 181 176 177
181 180 185 184
181 176 177 171
182 183 186 189
182 179 178 175
183 186 189 190
183 182 179 178
184 188 187 192
184 185 180 181
185 184 188 187
185 180 181 176
186 189 190 193
186 183 182 179
187 192 191 196
187 188 184 185
188 187 192 191
188 184 185 180
189 190 193 194
189 186 183 182
190 193 194 197
190 189 186 183
191 196 195 200
191 192 187 188
192 191 196 195
192 187 188 184
193 194 197 198
193 190 189 186
194 197 198 201
194 193 190 189
195 200 199 204
195 196 191 192
196 195 200 199
196 191 192 187
197 198 201 202
197 194 193 190
198 201 202 205
198 197 194 193
199 204 203 208
199 200 195 196
200 199 204 203
200 195 196 191
201 202 205 206
201 198 197 194
202 205 206 209
202 201 198 197
203 208 207 212
203 204 199 200
204 203 208 207
204 199 200 195
205 206 209 213
205 202 201 198
206 209 213 214
206 205 202 201
207 212 211 210
207 208 203 204
208 207 212 211
208 203 204 199
209 213 214 217
209 206 205 202
210 216 215 220
210 211 212 207
211 210 216 215
211 212 207 208
212 211 210 216
212 207 208 203
213 214 217 218
213 209 206 205
214 217 218 221
214 213 209 206
215 220 219 224
215 216 210 211
216 215 220 219
216 210 211 212
217 218 221 222
217 214 213 209
218 221 222 225
218 217 214 213
219 224 223 228
219 220 215 216
220 219 224 223
220 215 216 210
221 222 225 226
221 218 217 214
222 225 226 229
222 221 218 217
223 228 227 233
223 224 219 220
224 223 228 227
224 219 220 215
225 226 229 230
225 222 221 218
226 229 230 234
226 225 222 221
227 233 232 231
227 228 223 224
228 227 233 232
228 223 224 219
229 230 234 237
229 226 225 222
230 234 237 238
230 229 226 225
231 236 235 240
231 232 233 227
232 231 236 235
232 233 227 228
233 232 231 236
233 227 228 223
234 237 238 241
234 230 229 226
235 240 239 245
235 236 231 232
236 235 240 239
236 231 232 233
237 238 241 242
237 234 230 229
238 241 242 246
238 237 234 230
239 245 244 243
239 240 235 236
240 239 245 244
240 235 236 231
241 242 246 247
241 238 237 234
242 246 247 250
242 241 238 237
243 249 248 253
243 244 245 239
244 243 249 248
244 245 239 240
245 244 243 249
245 239 240 235
246 247 250 251
246 242 241 238
247 250 251 254
247 246 242 241
248 253 252 258
248 249 243 244
249 248 253 252
249 243 244 245
250 251 254 255
250 247 246 242
251 254 255 259
251 250 247 246
252 258 257 256
252 253 248 249
253 252 258 257
253 248 249 243
254 255 259 262
254 251 250 247
255 259 262 263
255 254 251 250
256 261 260 265
256 257 258 252
257 256 261 260
257 258 252 253
258 257 256 261
258 252 253 248
259 262 263 266
259 255 254 251
260 265 264 269
260 261 256 257
261 260 265 264
261 256 257 258
262 263 266 267
262 259 255 254
263 266 267 270
263 262 259 255
264 269 268 273
264 265 260 261
265 264 269 268
265 260 261 256
266 267 270 271
266 263 262 259
267 270 271 274
267 266 263 262
268 273 272 277
268 269 264 265
269 268 273 272
269 264 265 260
270 271 274 275
270 267 266 263
271 274 275 278
271 270 267 266
272 277 276 281
272 273 268 269
273 272 277 276
273 268 269 264
274 275 278 279
274 271 270 267
275 278 279 282
275 274 271 270
276 281 280 284
276 277 272 273
277 276 281 280
277 272 273 268
278 279 282 285
278 275 274 271
279 282 285 286
279 278 275 274
280 284 283 288
280 281 276 277
281 280 284 283
281 276 277 272
282 285 286 289
282 279 278 275
283 288 287 292
283 284 280 281
284 283 288 287
284 280 281 276
285 286 289 290
285 282 279 278
286 289 290 293
286 285 282 279
287 292 291 296
287 288 283 284
288 287 292 291
288 283 284 280
289 290 293 294
289 286 285 282
290 293 294 297
290 289 286 285
291 296 295 300
291 292 287 288
292 291 296 295
292 287 288 283
293 294 297 298
293 290 289 286
294 297 298 301
294 293 290 289
295 300 299 305
295 296 291 292
296 295 300 299
296 291 292 287
297 298 301 302
297 294 293 290
298 301 302 306
298 297 294 293
299 305 304 303
299 300 295 296
300 299 305 304
300 295 296 291
301 302 306 309
301 298 297 294
302 306 309 310
302 301 298 297
303 308 307 312
303 304 305 299
304 303 308 307
304 305 299 300
305 304 303 308
305 299 300 295
306 309 310 313
306 302 301 298
307 312 311 316
307 308 303 304
308 307 312 311
308 303 304 305
309 310 313 314
309 306 302 301
310 313 314 317
310 309 306 302
311 316 315 320
311 312 307 308
312 311 316 315
312 307 308 303
313 314 317 318
313 310 309 306
314 317 318 321
314 313 310 309
315 320 319 324
315 316 311 312
316 315 320 319
316 311 312 307
317 318 321 322
317 314 313 310
318 321 322 325
318 317 314 313
319 324 323 328
319 320 315 316
320 319 324 323
320 315 316 311
321 322 325 326
321 318 317 314
322 325 326 329
322 321 318 317
323 328 327 331
323 324 319 320
324 323 328 327
324 319 320 315
325 326 329 332
325 322 321 318
326 329 332 333
326 325 322 321
327 331 330 335
327 328 323 324
328 327 331 330
328 323 324 319
329 332 333 336
329 326 325 322
330 335 334 338
330 331 327 328
331 330 335 334
331 327 328 323
332 333 336 337
332 329 326 325
333 336 337 339
333 332 329 326
334 338 342 341
334 335 330 331
335 334 338 342
335 330 331 327
336 337 339 340
336 333 332 329
337 339 340 343
337 336 333 332
338 342 341 346
338 334 335 330
339 340 343 344
339 337 336 333
340 343 344 347
340 339 337 336
341 346 345 349
341 342 338 334
342 341 346 345
342 338 334 335
343 344 347 350
343 340 339 337
344 347 350 353
344 343 340 339
345 349 348 352
345 346 341 342
346 345 349 348
346 341 342 338
347 350 353 354
347 344 343 340
348 352 351 356
348 349 345 346
349 348 352 351
349 345 346 341
350 353 354 357
350 347 344 343
351 356 355 360
351 352 348 349
352 351 356 355
352 348 349 345
353 354 357 358
353 350 347 344
354 357 358 361
354 353 350 347
355 360 359 363
355 356 351 352
356 355 360 359
356 351 352 348
357 358 361 362
357 354 353 350
358 361 362 364
358 357 354 353
359 363 367 366
359 360 355 356
360 359 363 367
360 355 356 351
361 362 364 365
361 358 357 354
362 364 365 368
362 361 358 357
363 367 366 370
363 359 360 355
364 365 368 371
364 362 361 358
365 368 371 374
365 364 362 361
366 370 369 373
366 367 363 359
367 366 370 369
367 363 359 360
368 371 374 375
368 365 364 362
369 373 372 376
369 370 366 367
370 369 373 372
370 366 367 363
371 374 375 377
371 368 365 364
372 376 379 383
372 373 369 370
373 372 376 379
373 369 370 366
374 375 377 378
374 371 368 365
375 377 378 380
375 374 371 368
376 379 383 382
376 372 373 369
377 378 380 381
377 375 374 371
378 380 381 384
378 377 375 374
379 383 382 387
379 376 372 373
380 381 384 385
380 378 377 375
381 384 385 388
381 380 378 377
382 387 386 389
382 383 379 376
383 382 387 386
383 379 376 372
384 385 388 390
384 381 380 378
385 388 390 393
385 384 381 380
386 389 392 391
386 387 382 383
387 386 389 392
387 382 383 379
388 390 393 394
388 385 384 381
389 392 391 396
389 386 387 382
390 393 394 397
390 388 385 384
391 396 395 399
391 392 389 386
392 391 396 395
392 389 386 387
393 394 397 398
393 390 388 385
394 397 398 400
394 393 390 388
395 399 403 402
395 396 391 392
396 395 399 403
396 391 392 389
397 398 400 401
397 394 393 390
398 400 401 404
398 397 394 393
399 403 402 406
399 395 396 391
400 401 404 405
400 398 397 394
401 404 405 407
401 400 398 397
402 406 408 411
402 403 399 395
403 402 406 408
403 399 395 396
404 405 407 409
404 401 400 398
405 407 409 412
405 404 401 400
406 408 411 410
406 402 403 399
407 409 412 413
407 405 404 401
408 411 410 414
408 406 402 403
409 412 413 415
409 407 405 404
410 414 418 417
410 411 408 406
411 410 414 418
411 408 406 402
412 413 415 416
412 409 407 405
413 415 416 419
413 412 409 407
414 418 417 421
414 410 411 408
415 416 419 420
415 413 412 409
416 419 420 422
416 415 413 412
417 421 425 424
417 418 414 410
418 417 421 425
418 414 410 411
419 420 422 423
419 416 415 413
420 422 423 426
420 419 416 415
421 425 424 427
421 417 418 414
422 423 426 428
422 420 419 416
423 426 428 430
423 422 420 419
424 427 429 432
424 425 421 417
425 424 427 429
425 421 417 418
426 428 430 431
426 423 422 420
427 429 432 435
427 424 425 421
428 430 431 433
428 426 423 422
429 432 435 438
429 427 424 425
430 431 433 434
430 428 426 423
431 433 434 436
431 430 428 426
432 435 438 441
432 429 427 424
433 434 436 437
433 431 430 428
434 436 437 439
434 433 431 430
435 438 441 443
435 432 429 427
436 437 439 440
436 434 433 431
437 439 440 442
437 436 434 433
438 441 443 445
438 435 432 429
439 440 442 444
439 437 436 434
440 442 444 446
440 439 437 436
441 443 445 449
441 438 435 432
442 444 446 447
442 440 439 437
443 445 449 448
443 441 438 435
444 446 447 450
444 442 440 439
445 449 448 452
445 443 441 438
446 447 450 451
446 444 442 440
447 450 451 453
447 446 444 442
448 452 456 455
448 449 445 443
449 448 452 456
449 445 443 441
450 451 453 454
450 447 446 444
451 453 454 457
451 450 447 446
452 456 455 459
452 448 449 445
453 454 457 458
453 451 450 447
454 457 458 460
454 453 451 450
455 459 462 461
455 456 452 448
456 455 459 462
456 452 448 449
457 458 460 463
457 454 453 451
458 460 463 465
458 457 454 453
459 462 461 464
459 455 456 452
460 463 465 466
460 458 457 454
461 464 467 470
461 462 459 455
462 461 464 467
462 459 455 456
463 465 466 468
463 460 458 457
464 467 470 473
464 461 462 459
465 466 468 469
465 463 460 458
466 468 469 471
466 465 463 460
467 470 473 476
467 464 461 462
468 469 471 472
468 466 465 463
469 471 472 474
469 468 466 465
470 473 476 478
470 467 464 461
471 472 474 475
471 469 468 466
472 474 475 477
472 471 469 468
473 476 478 481
473 470 467 464
474 475 477 479
474 472 471 469
475 477 479 482
475 474 472 471
476 478 481 480
476 473 470 467
477 479 482 483
477 475 474 472
478 481 480 484
478 476 473 470
479 482 483 485
479 477 475 474
480 484 488 487
480 481 478 476
481 480 484 488
481 478 476 473
482 483 485 486
482 479 477 475
483 485 486 489
483 482 479 477
484 488 487 491
484 480 481 478
485 486 489 490
485 483 482 479
486 489 490 492
486 485 483 482
487 491 493 495
487 488 484 480
488 487 491 493
488 484 480 481
489 490 492 494
489 486 485 483
490 492 494 496
490 489 486 485
491 493 495 497
491 487 488 484
492 494 496 498
492 490 489 486
493 495 497 500
493 491 487 488
494 496 498 501
494 492 490 489
495 497 500 499
495 493 491 487
496 498 501 503
496 494 492 490
497 500 499 502
497 495 493 491
498 501 503 505
498 496 494 492
499 502 504 507
499 500 497 495
500 499 502 504
500 497 495 493
501 503 505 508
501 498 496 494
502 504 507 506
502 499 500 497
503 505 508 510
503 501 498 496
504 507 506 509
504 502 499 500
505 508 510 512
505 503 501 498
506 509 511 513
506 507 504 502
507 506 509 511
507 504 502 499
508 510 512 514
508 505 503 501
509 511 513 515
509 506 507 504
510 512 514 516
510 508 505 503
511 513 515 517
511 509 506 507
512 514 516 518
512 510 508 505
513 515 517 519
513 511 509 506
514 516 518 520
514 512 510 508
515 517 519 521
515 513 511 509
516 518 520 522
516 514 512 510
517 519 521 524
517 515 513 511
518 520 522 525
518 516 514 512
519 521 524 523
519 517 515 513
520 522 525 527
520 518 516 514
521 524 523 526
521 519 517 515
522 525 527 529
522 520 518 516
523 526 528 530
523 524 521 519
524 523 526 528
524 521 519 517
525 527 529 531
525 522 520 518
526 528 530 532
526 523 524 521
527 529 531 533
527 525 522 520
528 530 532 534
528 526 523 524
529 531 533 535
529 527 525 522
530 532 534 536
530 528 526 523
531 533 535 537
531 529 527 525
532 534 536 538
532 530 528 526
533 535 537 539
533 531 529 527
534 536 538 540
534 532 530 528
535 537 539 541
535 533 531 529
536 538 540 542
536 534 532 530
537 539 541 543
537 535 533 531
538 540 542 544
538 536 534 532
539 541 543 545
539 537 535 533
540 542 544 546
540 538 536 534
541 543 545 547
541 539 537 535
542 544 546 548
542 540 538 536
543 545 547 549
543 541 539 537
544 546 548 551
544 542 540 538
545 547 549 552
545 543 541 539
546 548 551 550
546 544 542 540
547 549 552 554
547 545 543 541
548 551 550 553
548 546 544 542
549 552 554 556
549 547 545 543
550 553 555 557
550 551 548 546
551 550 553 555
551 548 546 544
552 554 556 558
552 549 547 545
553 555 557 559
553 550 551 548
554 556 558 560
554 552 549 547
555 557 559 561
555 553 550 551
556 558 560 562
556 554 552 549
557 559 561 563
557 555 553 550
558 560 562 564
558 556 554 552
559 561 563 565
559 557 555 553
560 562 564 566
560 558 556 554
561 563 565 567
561 559 557 555
562 564 566 568
562 560 558 556
563 565 567 569
563 561 559 557
564 566 568 570
564 562 560 558
565 567 569 571
565 563 561 559
566 568 570 572
566 564 562 560
567 569 571 573
567 565 563 561
568 570 572 574
568 566 564 562
569 571 573 575
569 567 565 563
570 572 574 576
570 568 566 564
571 573 575 577
571 569 567 565
572 574 576 578
572 570 568 566
573 575 577 579
573 571 569 567
574 576 578 580
574 572 570 568
575 577 579 581
575 573 571 569
576 578 580 582
576 574 572 570
577 579 581 583
577 575 573 571
578 580 582 584
578 576 574 572
579 581 583 585
579 577 575 573
580 582 584 586
580 578 576 574
581 583 585 587
581 579 577 575
582 584 586 588
582 580 578 576
583 585 587 589
583 581 579 577
584 586 588 590
584 582 580 578
585 587 589 591
585 583 581 579
586 588 590 592
586 584 582 580
587 589 591 593
587 585 583 581
588 590 592 594
588 586 584 582
589 591 593 595
589 587 585 583
590 592 594 596
590 588 586 584
591 593 595 597
591 589 587 585
592 594 596 598
592 590 588 586
593 595 597 599
593 591 589 587
594 596 598 600
594 592 590 588
595 597 599 601
595 593 591 589
596 598 600 602
596 594 592 590
597 599 601 603
597 595 593 591
598 600 602 604
598 596 594 592
599 601 603 605
599 597 595 593
600 602 604 606
600 598 596 594
601 603 605 607
601 599 597 595
602 604 606 608
602 600 598 596
603 605 607 609
603 601 599 597
604 606 608 610
604 602 600 598
605 607 609 611
605 603 601 599
606 608 610 612
606 604 602 600
607 609 611 613
607 605 603 601
608 610 612 614
608 606 604 602
609 611 613 615
609 607 605 603
610 612 614 616
610 608 606 604
611 613 615 617
611 609 607 605
612 614 616 618
612 610 608 606
613 615 617 619
613 611 609 607
614 616 618 620
614 612 610 608
615 617 619 621
615 613 611 609
616 618 620 622
616 614 612 610
617 619 621 623
617 615 613 611
618 620 622 624
618 616 614 612
619 621 623 625
619 617 615 613
620 622 624 626
620 618 616 614
621 623 625 627
621 619 617 615
622 624 626 628
622 620 618 616
623 625 627 629
623 621 619 617
624 626 628 630
624 622 620 618
625 627 629 631
625 623 621 619
626 628 630 632
626 624 622 620
627 629 631 633
627 625 623 621
628 630 632 634
628 626 624 622
629 631 633 635
629 627 625 623
630 632 634 636
630 628 626 624
631 633 635 637
631 629 627 625
632 634 636 638
632 630 628 626
633 635 637 640
633 631 629 627
634 636 638 641
634 632 630 628
635 637 640 639
635 633 631 629
636 638 641 643
636 634 632 630
637 640 639 642
637 635 633 631
638 641 643 645
638 636 634 632
639 642 644 646
639 640 637 635
640 639 642 644
640 637 635 633
641 643 645 647
641 638 636 634
642 644 646 648
642 639 640 637
643 645 647 649
643 641 638 636
644 646 648 650
644 642 639 640
645 647 649 651
645 643 641 638
646 648 650 652
646 644 642 639
647 649 651 653
647 645 643 641
648 650 652 654
648 646 644 642
649 651 653 655
649 647 645 643
650 652 654 656
650 648 646 644
651 653 655 657
651 649 647 645
652 654 656 658
652 650 648 646
653 655 657 659
653 651 649 647
654 656 658 660
654 652 650 648
655 657 659 661
655 653 651 649
656 658 660 662
656 654 652 650
657 659 661 663
657 655 653 651
658 660 662 664
658 656 654 652
659 661 663 665
659 657 655 653
660 662 664 666
660 658 656 654
661 663 665 667
661 659 657 655
662 664 666 668
662 660 658 656
663 665 667 669
663 661 659 657
664 666 668 670
664 662 660 658
665 667 669 671
665 663 661 659
666 668 670 672
666 664 662 660
667 669 671 673
667 665 663 661
668 670 672 674
668 666 664 662
669 671 673 675
669 667 665 663
670 672 674 676
670 668 666 664
671 673 675 677
671 669 667 665
672 674 676 678
672 670 668 666
673 675 677 679
673 671 669 667
674 676 678 680
674 672 670 668
675 677 679 681
675 673 671 669
676 678 680 682
676 674 672 670
677 679 681 683
677 675 673 671
678 680 682 684
678 676 674 672
679 681 683 685
679 677 675 673
680 682 684 686
680 678 676 674
681 683 685 687
681 679 677 675
682 684 686 688
682 680 678 676
683 685 687 689
683 681 679 677
684 686 688 690
684 682 680 678
685 687 689 691
685 683 681 679
686 688 690 692
686 684 682 680
687 689 691 693
687 685 683 681
688 690 692 694
688 686 684 682
689 691 693 695
689 687 685 683
690 692 694 696
690 688 686 684
691 693 695 697
691 689 687 685
692 694 696 698
692 690 688 686
693 695 697 699
693 691 689 687
694 696 698 700
694 692 690 688
695 697 699 701
695 693 691 689
696 698 700 702
696 694 692 690
697 699 701 703
697 695 693 691
698 700 702 704
698 696 694 692
699 701 703 705
699 697 695 693
700 702 704 706
700 698 696 694
701 703 705 707
701 699 697 695
702 704 706 708
702 700 698 696
703 705 707 709
703 701 699 697
704 706 708 710
704 702 700 698
705 707 709 711
705 703 701 699
706 708 710 712
706 704 702 700
707 709 711 713
707 705 703 701
708 710 712 714
708 706 704 702
709 711 713 715
709 707 705 703
710 712 714 716
710 708 706 704
711 713 715 717
711 709 707 705
712 714 716 718
712 710 708 706
713 715 717 719
713 711 709 707
714 716 718 720
714 712 710 708
715 717 719 721
715 713 711 709
716 718 720 722
716 714 712 710
717 719 721 723
717 715 713 711
718 720 722 724
718 716 714 712
719 721 723 725
719 717 715 713
720 722 724 726
720 718 716 714
721 723 725 727
721 719 717 715
722 724 726 728
722 720 718 716
723 725 727 729
723 721 719 717
724 726 728 730
724 722 720 718
725 727 729 731
725 723 721 719
726 728 730 732
726 724 722 720
727 729 731 733
727 725 723 721
728 730 732 734
728 726 724 722
729 731 733 735
729 727 725 723
730 732 734 736
730 728 726 724
731 733 735 737
731 729 727 725
732 734 736 738
732 730 728 726
733 735 737 739
733 731 729 727
734 736 738 740
734 732 730 728
735 737 739 741
735 733 731 729
736 738 740 742
736 734 732 730
737 739 741 743
737 735 733 731
738 740 742 744
738 736 734 732
739 741 743 745
739 737 735 733
740 742 744 746
740 738 736 734
741 743 745 747
741 739 737 735
742 744 746 748
742 740 738 736
743 745 747 749
743 741 739 737
744 746 748 750
744 742 740 738
745 747 749 751
745 743 741 739
746 748 750 752
746 744 742 740
747 749 751 753
747 745 743 741
748 750 752 754
748 746 744 742
749 751 753 755
749 747 745 743
750 752 754 756
750 748 746 744
751 753 755 757
751 749 747 745
752 754 756 758
752 750 748 746
753 755 757 759
753 751 749 747
754 756 758 760
754 752 750 748
755 757 759 761
755 753 751 749
756 758 760 762
756 754 752 750
757 759 761 763
757 755 753 751
758 760 762 764
758 756 754 752
759 761 763 765
759 757 755 753
760 762 764 766
760 758 756 754
761 763 765 767
761 759 757 755
762 764 766 768
762 760 758 756
763 765 767 769
763 761 759 757
764 766 768 770
764 762 760 758
765 767 769 771
765 763 761 759
766 768 770 772
766 764 762 760
767 769 771 773
767 765 763 761
768 770 772 774
768 766 764 762
769 771 773 775
769 767 765 763
770 772 774 776
770 768 766 764
771 773 775 777
771 769 767 765
772 774 776 778
772 770 768 766
773 775 777 779
773 771 769 767
774 776 778 780
774 772 770 768
775 777 779 781
775 773 771 769
776 778 780 782
776 774 772 770
777 779 781 783
777 775 773 771
778 780 782 784
778 776 774 772
779 781 783 785
779 777 775 773
780 782 784 786
780 778 776 774
781 783 785 787
781 779 777 775
782 784 786 788
782 780 778 776
783 785 787 789
783 781 779 777
784 786 788 790
784 782 780 778
785 787 789 791
785 783 781 779
786 788 790 792
786 784 782 780
787 789 791 793
787 785 783 781
788 790 792 794
788 786 784 782
789 791 793 795
789 787 785 783
790 792 794 796
790 788 786 784
791 793 795 797
791 789 787 785
792 794 796 798
792 790 788 786
793 795 797 799
793 791 789 787
794 796 798 800
794 792 790 788
795 797 799 801
795 793 791 789
796 798 800 802
796 794 792 790
797 799 801 803
797 795 793 791
798 800 802 804
798 796 794 792
799 801 803 805
799 797 795 793
800 802 804 806
800 798 796 794
801 803 805 807
801 799 797 795
802 804 806 808
802 800 798 796
803 805 807 809
803 801 799 797
804 806 808 810
804 802 800 798
805 807 809 811
805 803 801 799
806 808 810 812
806 804 802 800
807 809 811 813
807 805 803 801
808 810 812 814
808 806 804 802
809 811 813 815
809 807 805 803
810 812 814 816
810 808 806 804
811 813 815 817
811 809 807 805
812 814 816 818
812 810 808 806
813 815 817 819
813 811 809 807
814 816 818 820
814 812 810 808
815 817 819 821
815 813 811 809
816 818 820 822
816 814 812 810
817 819 821 823
817 815 813 811
818 820 822 824
818 816 814 812
819 821 823 825
819 817 815 813
820 822 824 826
820 818 816 814
821 823 825 827
821 819 817 815
822 824 826 828
822 820 818 816
823 825 827 829
823 821 819 817
824 826 828 830
824 822 820 818
825 827 829 831
825 823 821 819
826 828 830 832
826 824 822 820
827 829 831 833
827 825 823 821
828 830 832 834
828 826 824 822
829 831 833 835
829 827 825 823
830 832 834 836
830 828 826 824
831 833 835 837
831 829 827 825
832 834 836 838
832 830 828 826
833 835 837 839
833 831 829 827
834 836 838 840
834 832 830 828
835 837 839 841
835 833 831 829
836 838 840 842
836 834 832 830
837 839 841 843
837 835 833 831
838 840 842 844
838 836 834 832
839 841 843 845
839 837 835 833
840 842 844 846
840 838 836 834
841 843 845 847
841 839 837 835
842 844 846 848
842 840 838 836
843 845 847 849
843 841 839 837
844 846 848 850
844 842 840 838
845 847 849 852
845 843 841 839
846 848 850 851
846 844 842 840
847 849 852 854
847 845 843 841
848 850 851 853
848 846 844 842
849 852 854 856
849 847 845 843
850 851 853 855
850 848 846 844
851 853 855 857
851 850 848 846
852 854 856 858
852 849 847 845
853 855 857 859
853 851 850 848
854 856 858 860
854 852 849 847
855 857 859 861
855 853 851 850
856 858 860 862
856 854 852 849
857 859 861 863
857 855 853 851
858 860 862 864
858 856 854 852
859 861 863 865
859 857 855 853
860 862 864 866
860 858 856 854
861 863 865 867
861 859 857 855
862 864 866 868
862 860 858 856
863 865 867 869
863 861 859 857
864 866 868 870
864 862 860 858
865 867 869 871
865 863 861 859
866 868 870 872
866 864 862 860
867 869 871 873
867 865 863 861
868 870 872 874
868 866 864 862
869 871 873 875
869 867 865 863
870 872 874 876
870 868 866 864
871 873 875 877
871 869 867 865
872 874 876 878
872 870 868 866
873 875 877 879
873 871 869 867
874 876 878 880
874 872 870 868
875 877 879 881
875 873 871 869
876 878 880 882
876 874 872 870
877 879 881 883
877 875 873 871
878 880 882 884
878 876 874 872
879 881 883 885
879 877 875 873
880 882 884 886
880 878 876 874
881 883 885 887
881 879 877 875
882 884 886 888
882 880 878 876
883 885 887 889
883 881 879 877
884 886 888 890
884 882 880 878
885 887 889 891
885 883 881 879
886 888 890 892
886 884 882 880
887 889 891 893
887 885 883 881
888 890 892 894
888 886 884 882
889 891 893 895
889 887 885 883
890 892 894 897
890 888 886 884
891 893 895 898
891 889 887 885
892 894 897 899
892 890 888 886
893 895 898 900
893 891 889 887
894 897 899 903
894 892 890 888
895 898 900 901
895 893 891 889
896 902 905 910
897 899 903 906
897 894 892 890
898 900 901 904
898 895 893 891
899 903 906 908
899 897 894 892
900 901 904 907
900 898 895 893
901 904 907 909
901 900 898 895
902 905 910 913
903 906 908 911
903 899 897 894
904 907 909 912
904 901 900 898
905 910 913 916
905 902 896 -1
906 908 911 914
906 903 899 897
907 909 912 915
907 904 901 900
908 911 914 917
908 906 903 899
909 912 915 918
909 907 904 901
910 913 916 919
910 905 902 896
911 914 917 920
911 908 906 903
912 915 918 921
912 909 907 904
913 916 919 922
913 910 905 902
914 917 920 923
914 911 908 906
915 918 921 924
915 912 909 907
916 919 922 925
916 913 910 905
917 920 923 926
917 914 911 908
918 921 924 927
918 915 912 909
919 922 925 -1
919 916 913 910
920 923 926 928
920 917 914 911
921 924 927 929
921 918 915 912
922 919 916 913
923 926 928 930
923 920 917 914
924 927 929 931
924 921 918 915
925 922 919 916
926 928 930 932
926 923 920 917
927 929 931 933
927 924 921 918
928 930 932 934
928 926 923 920
929 931 933 935
929 927 924 921
930 932 934 936
930 928 926 923
931 933 935 937
931 929 927 924
932 934 936 940
932 930 928 926
933 935 937 938
933 931 929 927
934 936 940 943
934 932 930 928
935 937 938 941
935 933 931 929
936 940 943 946
936 934 932 930
937 938 941 944
937 935 933 931
938 941 944 947
938 937 935 933
939 942 945 -1
940 943 946 950
940 936 934 932
941 944 947 948
941 938 937 935
942 945 954 -1
943 946 950 949
943 940 936 934
944 947 948 951
944 941 938 937
945 942 939 -1
946 950 949 952
946 943 940 936
947 948 951 953
947 944 941 938
948 951 953 957
948 947 944 941
949 952 956 955
949 950 946 943
950 949 952 956
950 946 943 940
951 953 957 958
951 948 947 944
952 956 955 959
952 949 950 946
953 957 958 960
953 951 948 947
954 945 942 -1
955 959 962 961
955 956 952 949
956 955 959 962
956 952 949 950
957 958 960 963
957 953 951 948
958 960 963 966
958 957 953 951
959 962 961 965
959 955 956 952
960 963 966 967
960 958 957 953
961 965 964 968
961 962 959 955
962 961 965 964
962 959 955 956
963 966 967 969
963 960 958 957
964 968 970 973
964 965 961 962
965 964 968 970
965 961 962 959
966 967 969 971
966 963 960 958
967 969 971 974
967 966 963 960
968 970 973 972
968 964 965 961
969 971 974 976
969 967 966 963
970 973 972 975
970 968 964 965
971 974 976 978
971 969 967 966
972 975 977 980
972 973 970 968
973 972 975 977
973 970 968 964
974 976 978 981
974 971 969 967
975 977 980 979
975 972 973 970
976 978 981 984
976 974 971 969
977 980 979 983
977 975 972 973
978 981 984 986
978 976 974 971
979 983 982 985
979 980 977 975
980 979 983 982
980 977 975 972
981 984 986 987
981 978 976 974
982 985 989 988
982 983 979 980
983 982 985 989
983 979 980 977
984 986 987 990
984 981 978 976
985 989 988 992
985 982 983 979
986 987 990 993
986 984 981 978
987 990 993 995
987 986 984 981
988 992 991 994
988 989 985 982
989 988 992 991
989 985 982 983
990 993 995 997
990 987 986 984
991 994 996 999
991 992 988 989
992 991 994 996
992 988 989 985
993 995 997 1000
993 990 987 986
994 996 999 998
994 991 992 988
995 997 1000 1001
995 993 990 987
996 999 998 1002
996 994 991 992
997 1000 1001 1003
997 995 993 990
998 1002 1004 1008
998 999 996 994
999 998 1002 1004
999 996 994 991
1000 1001 1003 1005
1000 997 995 993
1001 1003 1005 1006
1001 1000 997 995
1002 1004 1008 1007
1002 998 999 996
1003 1005 1006 1009
1003 1001 1000 997
1004 1008 1007 1011
1004 1002 998 999
1005 1006 1009 1012
1005 1003 1001 1000
1006 1009 1012 1014
1006 1005 1003 1001
1007 1011 1010 1013
1007 1008 1004 1002
1008 1007 1011 1010
1008 1004 1002 998
1009 1012 1014 1017
1009 1006 1005 1003
1010 1013 1016 1015
1010 1011 1007 1008
1011 1010 1013 1016
1011 1007 1008 1004
1012 1014 1017 1020
1012 1009 1006 1005
1013 1016 1015 1019
1013 1010 1011 1007
1014 1017 1020 1022
1014 1012 1009 1006
1015 1019 1018 1021
1015 1016 1013 1010
1016 1015 1019 1018
1016 1013 1010 1011
1017 1020 1022 1024
1017 1014 1012 1009
1018 1021 1023 1027
1018 1019 1015 1016
1019 1018 1021 1023
1019 1015 1016 1013
1020 1022 1024 1025
1020 1017 1014 1012
1021 1023 1027 1026
1021 1018 1019 1015
1022 1024 1025 1028
1022 1020 1017 1014
1023 1027 1026 1029
1023 1021 1018 1019
1024 1025 1028 1030
1024 1022 1020 1017
1025 1028 1030 1031
1025 1024 1022 1020
1026 1029 1032 1035
1026 1027 1023 1021
1027 1026 1029 1032
1027 1023 1021 1018
1028 1030 1031 1033
1028 1025 1024 1022
1029 1032 1035 1034
1029 1026 1027 1023
1030 1031 1033 1036
1030 1028 1025 1024
1031 1033 1036 1037
1031 1030 1028 1025
1032 1035 1034 1039
1032 1029 1026 1027
1033 1036 1037 1040
1033 1031 1030 1028
1034 1039 1038 1041
1034 1035 1032 1029
1035 1034 1039 1038
1035 1032 1029 1026
1036 1037 1040 1042
1036 1033 1031 1030
1037 1040 1042 1043
1037 1036 1033 1031
1038 1041 1045 1044
1038 1039 1034 1035
1039 1038 1041 1045
1039 1034 1035 1032
1040 1042 1043 1046
1040 1037 1036 1033
1041 1045 1044 1048
1041 1038 1039 1034
1042 1043 1046 1049
1042 1040 1037 1036
1043 1046 1049 1050
1043 1042 1040 1037
1044 1048 1047 1051
1044 1045 1041 1038
1045 1044 1048 1047
1045 1041 1038 1039
1046 1049 1050 1052
1046 1043 1042 1040
1047 1051 1054 1053
1047 1048 1044 1045
1048 1047 1051 1054
1048 1044 1045 1041
1049 1050 1052 1055
1049 1046 1043 1042
1050 1052 1055 1058
1050 1049 1046 1043
1051 1054 1053 1057
1051 1047 1048 1044
1052 1055 1058 1060
1052 1050 1049 1046
1053 1057 1056 1059
1053 1054 1051 1047
1054 1053 1057 1056
1054 1051 1047 1048
1055 1058 1060 1062
1055 1052 1050 1049
1056 1059 1061 1064
1056 1057 1053 1054
1057 1056 1059 1061
1057 1053 1054 1051
1058 1060 1062 1065
1058 1055 1052 1050
1059 1061 1064 1063
1059 1056 1057 1053
1060 1062 1065 1068
1060 1058 1055 1052
1061 1064 1063 1067
1061 1059 1056 1057
1062 1065 1068 1069
1062 1060 1058 1055
1063 1067 1066 1070
1063 1064 1061 1059
1064 1063 1067 1066
1064 1061 1059 1056
1065 1068 1069 1071
1065 1062 1060 1058
1066 1070 1073 1072
1066 1067 1063 1064
1067 1066 1070 1073
1067 1063 1064 1061
1068 1069 1071 1074
1068 1065 1062 1060
1069 1071 1074 1075
1069 1068 1065 1062
1070 1073 1072 1077
1070 1066 1067 1063
1071 1074 1075 1078
1071 1069 1068 1065
1072 1077 1076 1079
1072 1073 1070 1066
1073 1072 1077 1076
1073 1070 1066 1067
1074 1075 1078 1080
1074 1071 1069 1068
1075 1078 1080 1081
1075 1074 1071 1069
1076 1079 1083 1082
1076 1077 1072 1073
1077 1076 1079 1083
1077 1072 1073 1070
1078 1080 1081 1084
1078 1075 1074 1071
1079 1083 1082 1086
1079 1076 1077 1072
1080 1081 1084 1087
1080 1078 1075 1074
1081 1084 1087 1088
1081 1080 1078 1075
1082 1086 1085 1089
1082 1083 1079 1076
1083 1082 1086 1085
1083 1079 1076 1077
1084 1087 1088 1090
1084 1081 1080 1078
1085 1089 1091 1094
1085 1086 1082 1083
1086 1085 1089 1091
1086 1082 1083 1079
1087 1088 1090 1092
1087 1084 1081 1080
1088 1090 1092 1095
1088 1087 1084 1081
1089 1091 1094 1093
1089 1085 1086 1082
1090 1092 1095 1096
1090 1088 1087 1084
1091 1094 1093 1098
1091 1089 1085 1086
1092 1095 1096 1099
1092 1090 1088 1087
1093 1098 1097 1100
1093 1094 1091 1089
1094 1093 1098 1097
1094 1091 1089 1085
1095 1096 1099 1101
1095 1092 1090 1088
1096 1099 1101 1104
1096 1095 1092 1090
1097 1100 1103 1102
1097 1098 1093 1094
1098 1097 1100 1103
1098 1093 1094 1091
1099 1101 1104 1105
1099 1096 1095 1092
1100 1103 1102 1107
1100 1097 1098 1093
1101 1104 1105 1108
1101 1099 1096 1095
1102 1107 1106 1109
1102 1103 1100 1097
1103 1102 1107 1106
1103 1100 1097 1098
1104 1105 1108 1110
1104 1101 1099 1096
1105 1108 1110 1113
1105 1104 1101 1099
1106 1109 1112 1111
1106 1107 1102 1103
1107 1106 1109 1112
1107 1102 1103 1100
1108 1110 1113 1114
1108 1105 1104 1101
1109 1112 1111 1116
1109 1106 1107 1102
1110 1113 1114 1117
1110 1108 1105 1104
1111 1116 1115 1119
1111 1112 1109 1106
1112 1111 1116 1115
1112 1109 1106 1107
1113 1114 1117 1118
1113 1110 1108 1105
1114 1117 1118 1120
1114 1113 1110 1108
1115 1119 1122 1125
1115 1116 1111 1112
1116 1115 1119 1122
1116 1111 1112 1109
1117 1118 1120 1121
1117 1114 1113 1110
1118 1120 1121 1123
1118 1117 1114 1113
1119 1122 1125 1124
1119 1115 1116 1111
1120 1121 1123 1126
1120 1118 1117 1114
1121 1123 1126 1127
1121 1120 1118 1117
1122 1125 1124 1128
1122 1119 1115 1116
1123 1126 1127 1129
1123 1121 1120 1118
1124 1128 1131 1135
1124 1125 1122 1119
1125 1124 1128 1131
1125 1122 1119 1115
1126 1127 1129 1130
1126 1123 1121 1120
1127 1129 1130 1132
1127 1126 1123 1121
1128 1131 1135 1134
1128 1124 1125 1122
1129 1130 1132 1133
1129 1127 1126 1123
1130 1132 1133 1136
1130 1129 1127 1126
1131 1135 1134 1139
1131 1128 1124 1125
1132 1133 1136 1137
1132 1130 1129 1127
1133 1136 1137 1140
1133 1132 1130 1129
1134 1139 1138 1142
1134 1135 1131 1128
1135 1134 1139 1138
1135 1131 1128 1124
1136 1137 1140 1141
1136 1133 1132 1130
1137 1140 1141 1143
1137 1136 1133 1132
1138 1142 1146 1145
1138 1139 1134 1135
1139 1138 1142 1146
1139 1134 1135 1131
1140 1141 1143 1144
1140 1137 1136 1133
1141 1143 1144 1147
1141 1140 1137 1136
1142 1146 1145 1150
1142 1138 1139 1134
1143 1144 1147 1148
1143 1141 1140 1137
1144 1147 1148 1151
1144 1143 1141 1140
1145 1150 1149 1153
1145 1146 1142 1138
1146 1145 1150 1149
1146 1142 1138 1139
1147 1148 1151 1152
1147 1144 1143 1141
1148 1151 1152 1154
1148 1147 1144 1143
1149 1153 1156 1160
1149 1150 1145 1146
1150 1149 1153 1156
1150 1145 1146 1142
1151 1152 1154 1155
1151 1148 1147 1144
1152 1154 1155 1157
1152 1151 1148 1147
1153 1156 1160 1159
1153 1149 1150 1145
1154 1155 1157 1158
1154 1152 1151 1148
1155 1157 1158 1161
1155 1154 1152 1151
1156 1160 1159 1163
1156 1153 1149 1150
1157 1158 1161 1162
1157 1155 1154 1152
1158 1161 1162 1164
1158 1157 1155 1154
1159 1163 1166 1170
1159 1160 1156 1153
1160 1159 1163 1166
1160 1156 1153 1149
1161 1162 1164 1165
1161 1158 1157 1155
1162 1164 1165 1167
1162 1161 1158 1157
1163 1166 1170 1169
1163 1159 1160 1156
1164 1165 1167 1168
1164 1162 1161 1158
1165 1167 1168 1171
1165 1164 1162 1161
1166 1170 1169 1174
1166 1163 1159 1160
1167 1168 1171 1172
1167 1165 1164 1162
1168 1171 1172 1175
1168 1167 1165 1164
1169 1174 1173 1178
1169 1170 1166 1163
1170 1169 1174 1173
1170 1166 1163 1159
1171 1172 1175 1176
1171 1168 1167 1165
1172 1175 1176 1177
1172 1171 1168 1167
1173 1178 1182 1181
1173 1174 1169 1170
1174 1173 1178 1182
1174 1169 1170 1166
1175 1176 1177 1179
1175 1172 1171 1168
1176 1177 1179 1180
1176 1175 1172 1171
1177 1179 1180 1183
1177 1176 1175 1172
1178 1182 1181 1186
1178 1173 1174 1169
1179 1180 1183 1184
1179 1177 1176 1175
1180 1183 1184 1187
1180 1179 1177 1176
1181 1186 1185 1189
1181 1182 1178 1173
1182 1181 1186 1185
1182 1178 1173 1174
1183 1184 1187 1188
1183 1180 1179 1177
1184 1187 1188 1190
1184 1183 1180 1179
1185 1189 1193 1192
1185 1186 1181 1182
1186 1185 1189 1193
1186 1181 1182 1178
1187 1188 1190 1191
1187 1184 1183 1180
1188 1190 1191 1194
1188 1187 1184 1183
1189 1193 1192 1197
1189 1185 1186 1181
1190 1191 1194 1195
1190 1188 1187 1184
1191 1194 1195 1198
1191 1190 1188 1187
1192 1197 1196 1200
1192 1193 1189 1185
1193 1192 1197 1196
1193 1189 1185 1186
1194 1195 1198 1199
1194 1191 1190 1188
1195 1198 1199 1201
1195 1194 1191 1190
1196 1200 1203 1207
1196 1197 1192 1193
1197 1196 1200 1203
1197 1192 1193 1189
1198 1199 1201 1202
1198 1195 1194 1191
1199 1201 1202 1204
1199 1198 1195 1194
1200 1203 1207 1206
1200 1196 1197 1192
1201 1202 1204 1205
1201 1199 1198 1195
1202 1204 1205 1208
1202 1201 1199 1198
1203 1207 1206 1211
1203 1200 1196 1197
1204 1205 1208 1209
1204 1202 1201 1199
1205 1208 1209 1212
1205 1204 1202 1201
1206 1211 1210 1215
1206 1207 1203 1200
1207 1206 1211 1210
1207 1203 1200 1196
1208 1209 1212 1213
1208 1205 1204 1202
1209 1212 1213 1214
1209 1208 1205 1204
1210 1215 1219 1218
1210 1211 1206 1207
1211 1210 1215 1219
1211 1206 1207 1203
1212 1213 1214 1216
1212 1209 1208 1205
1213 1214 1216 1217
1213 1212 1209 1208
1214 1216 1217 1220
1214 1213 1212 1209
1215 1219 1218 1223
1215 1210 1211 1206
1216 1217 1220 1221
1216 1214 1213 1212
1217 1220 1221 1224
1217 1216 1214 1213
1218 1223 1222 1226
1218 1219 1215 1210
1219 1218 1223 1222
1219 1215 1210 1211
1220 1221 1224 1225
1220 1217 1216 1214
1221 1224 1225 1227
1221 1220 1217 1216
1222 1226 1230 1229
1222 1223 1218 1219
1223 1222 1226 1230
1223 1218 1219 1215
1224 1225 1227 1228
1224 1221 1220 1217
1225 1227 1228 1231
1225 1224 1221 1220
1226 1230 1229 1234
1226 1222 1223 1218
1227 1228 1231 1232
1227 1225 1224 1221
1228 1231 1232 1235
1228 1227 1225 1224
1229 1234 1233 1237
1229 1230 1226 1222
1230 1229 1234 1233
1230 1226 1222 1223
1231 1232 1235 1236
1231 1228 1227 1225
1232 1235 1236 1238
1232 1231 1228 1227
1233 1237 1240 1245
1233 1234 1229 1230
1234 1233 1237 1240
1234 1229 1230 1226
1235 1236 1238 1239
1235 1232 1231 1228
1236 1238 1239 1241
1236 1235 1232 1231
1237 1240 1245 1244
1237 1233 1234 1229
1238 1239 1241 1242
1238 1236 1235 1232
1239 1241 1242 1243
1239 1238 1236 1235
1240 1245 1244 1249
1240 1237 1233 1234
1241 1242 1243 1246
1241 1239 1238 1236
1242 1243 1246 1247
1242 1241 1239 1238
1243 1246 1247 1250
1243 1242 1241 1239
1244 1249 1248 1253
1244 1245 1240 1237
1245 1244 1249 1248
1245 1240 1237 1233
1246 1247 1250 1251
1246 1243 1242 1241
1247 1250 1251 1252
1247 1246 1243 1242
1248 1253 1257 1256
1248 1249 1244 1245
1249 1248 1253 1257
1249 1244 1245 1240
1250 1251 1252 1254
1250 1247 1246 1243
1251 1252 1254 1255
1251 1250 1247 1246
1252 1254 1255 1258
1252 1251 1250 1247
1253 1257 1256 1261
1253 1248 1249 1244
1254 1255 1258 1259
1254 1252 1251 1250
1255 1258 1259 1262
1255 1254 1252 1251
1256 1261 1260 1265
1256 1257 1253 1248
1257 1256 1261 1260
1257 1253 1248 1249
1258 1259 1262 1263
1258 1255 1254 1252
1259 1262 1263 1264
1259 1258 1255 1254
1260 1265 1270 1269
1260 1261 1256 1257
1261 1260 1265 1270
1261 1256 1257 1253
1262 1263 1264 1266
1262 1259 1258 1255
1263 1264 1266 1267
1263 1262 1259 1258
1264 1266 1267 1268
1264 1263 1262 1259
1265 1270 1269 1274
1265 1260 1261 1256
1266 1267 1268 1271
1266 1264 1263 1262
1267 1268 1271 1272
1267 1266 1264 1263
1268 1271 1272 1275
1268 1267 1266 1264
1269 1274 1273 1277
1269 1270 1265 1260
1270 1269 1274 1273
1270 1265 1260 1261
1271 1272 1275 1276
1271 1268 1267 1266
1272 1275 1276 1278
1272 1271 1268 1267
1273 1277 1281 1286
1273 1274 1269 1270
1274 1273 1277 1281
1274 1269 1270 1265
1275 1276 1278 1279
1275 1272 1271 1268
1276 1278 1279 1280
1276 1275 1272 1271
1277 1281 1286 1285
1277 1273 1274 1269
1278 1279 1280 1282
1278 1276 1275 1272
1279 1280 1282 1283
1279 1278 1276 1275
1280 1282 1283 1284
1280 1279 1278 1276
1281 1286 1285 1290
1281 1277 1273 1274
1282 1283 1284 1287
1282 1280 1279 1278
1283 1284 1287 1288
1283 1282 1280 1279
1284 1287 1288 1291
1284 1283 1282 1280
1285 1290 1289 1293
1285 1286 1281 1277
1286 1285 1290 1289
1286 1281 1277 1273
1287 1288 1291 1292
1287 1284 1283 1282
1288 1291 1292 1294
1288 1287 1284 1283
1289 1293 1297 1296
1289 1290 1285 1286
1290 1289 1293 1297
1290 1285 1286 1281
1291 1292 1294 1295
1291 1288 1287 1284
1292 1294 1295 1298
1292 1291 1288 1287
1293 1297 1296 1302
1293 1289 1290 1285
1294 1295 1298 1299
1294 1292 1291 1288
1295 1298 1299 1300
1295 1294 1292 1291
1296 1302 1301 1306
1296 1297 1293 1289
1297 1296 1302 1301
1297 1293 1289 1290
1298 1299 1300 1303
1298 1295 1294 1292
1299 1300 1303 1304
1299 1298 1295 1294
1300 1303 1304 1305
1300 1299 1298 1295
1301 1306 1311 1310
1301 1302 1296 1297
1302 1301 1306 1311
1302 1296 1297 1293
1303 1304 1305 1307
1303 1300 1299 1298
1304 1305 1307 1308
1304 1303 1300 1299
1305 1307 1308 1309
1305 1304 1303 1300
1306 1311 1310 1316
1306 1301 1302 1296
1307 1308 1309 1312
1307 1305 1304 1303
1308 1309 1312 1313
1308 1307 1305 1304
1309 1312 1313 1314
1309 1308 1307 1305
1310 1316 1315 1320
1310 1311 1306 1301
1311 1310 1316 1315
1311 1306 1301 1302
1312 1313 1314 1317
1312 1309 1308 1307
1313 1314 1317 1318
1313 1312 1309 1308
1314 1317 1318 1319
1314 1313 1312 1309
1315 1320 1323 1328
1315 1316 1310 1311
1316 1315 1320 1323
1316 1310 1311 1306
1317 1318 1319 1321
1317 1314 1313 1312
1318 1319 1321 1322
1318 1317 1314 1313
1319 1321 1322 1324
1319 1318 1317 1314
1320 1323 1328 1327
1320 1315 1316 1310
1321 1322 1324 1325
1321 1319 1318 1317
1322 1324 1325 1326
1322 1321 1319 1318
1323 1328 1327 1332
1323 1320 1315 1316
1324 1325 1326 1329
1324 1322 1321 1319
1325 1326 1329 1330
1325 1324 1322 1321
1326 1329 1330 1331
1326 1325 1324 1322
1327 1332 1336 1341
1327 1328 1323 1320
1328 1327 1332 1336
1328 1323 1320 1315
1329 1330 1331 1333
1329 1326 1325 1324
1330 1331 1333 1334
1330 1329 1326 1325
1331 1333 1334 1335
1331 1330 1329 1326
1332 1336 1341 1340
1332 1327 1328 1323
1333 1334 1335 1337
1333 1331 1330 1329
1334 1335 1337 1338
1334 1333 1331 1330
1335 1337 1338 1339
1335 1334 1333 1331
1336 1341 1340 1346
1336 1332 1327 1328
1337 1338 1339 1342
1337 1335 1334 1333
1338 1339 1342 1343
1338 1337 1335 1334
1339 1342 1343 1344
1339 1338 1337 1335
1340 1346 1345 1350
1340 1341 1336 1332
1341 1340 1346 1345
1341 1336 1332 1327
1342 1343 1344 1347
1342 1339 1338 1337
1343 1344 1347 1348
1343 1342 1339 1338
1344 1347 1348 1349
1344 1343 1342 1339
1345 1350 1355 1354
1345 1346 1340 1341
1346 1345 1350 1355
1346 1340 1341 1336
1347 1348 1349 1351
1347 1344 1343 1342
1348 1349 1351 1352
1348 1347 1344 1343
1349 1351 1352 1353
1349 1348 1347 1344
1350 1355 1354 1360
1350 1345 1346 1340
1351 1352 1353 1356
1351 1349 1348 1347
1352 1353 1356 1357
1352 1351 1349 1348
1353 1356 1357 1358
1353 1352 1351 1349
1354 1360 1359 1364
1354 1355 1350 1345
1355 1354 1360 1359
1355 1350 1345 1346
1356 1357 1358 1361
1356 1353 1352 1351
1357 1358 1361 1362
1357 1356 1353 1352
1358 1361 1362 1363
1358 1357 1356 1353
1359 1364 1368 1372
1359 1360 1354 1355
1360 1359 1364 1368
1360 1354 1355 1350
1361 1362 1363 1365
1361 1358 1357 1356
1362 1363 1365 1366
1362 1361 1358 1357
1363 1365 1366 1367
1363 1362 1361 1358
1364 1368 1372 1371
1364 1359 1360 1354
1365 1366 1367 1369
1365 1363 1362 1361
1366 1367 1369 1370
1366 1365 1363 1362
1367 1369 1370 1373
1367 1366 1365 1363
1368 1372 1371 1376
1368 1364 1359 1360
1369 1370 1373 1374
1369 1367 1366 1365
1370 1373 1374 1375
1370 1369 1367 1366
1371 1376 1383 1398
1371 1372 1368 1364
1372 1371 1376 1383
1372 1368 1364 1359
1373 1374 1375 1377
1373 1370 1369 1367
1374 1375 1377 1378
1374 1373 1370 1369
1375 1377 1378 1379
1375 1374 1373 1370
1376 1383 1398 1397
1376 1371 1372 1368
1377 1378 1379 1380
1377 1375 1374 1373
1378 1379 1380 1381
1378 1377 1375 1374
1379 1380 1381 1382
1379 1378 1377 1375
1380 1381 1382 1384
1380 1379 1378 1377
1381 1382 1384 1385
1381 1380 1379 1378
1382 1384 1385 1386
1382 1381 1380 1379
1383 1398 1397 1418
1383 1376 1371 1372
1384 1385 1386 1387
1384 1382 1381 1380
1385 1386 1387 1388
1385 1384 1382 1381
1386 1387 1388 1389
1386 1385 1384 1382
1387 1388 1389 1390
1387 1386 1385 1384
1388 1389 1390 1391
1388 1387 1386 1385
1389 1390 1391 1392
1389 1388 1387 1386
1390 1391 1392 1393
1390 1389 1388 1387
1391 1392 1393 1394
1391 1390 1389 1388
1392 1393 1394 1395
1392 1391 1390 1389
1393 1394 1395 1396
1393 1392 1391 1390
1394 1395 1396 1399
1394 1393 1392 1391
1395 1396 1399 1400
1395 1394 1393 1392
1396 1399 1400 1401
1396 1395 1394 1393
1397 1418 1417 1433
1397 1398 1383 1376
1398 1397 1418 1417
1398 1383 1376 1371
1399 1400 1401 1402
1399 1396 1395 1394
1400 1401 1402 1403
1400 1399 1396 1395
1401 1402 1403 1404
1401 1400 1399 1396
1402 1403 1404 1405
1402 1401 1400 1399
1403 1404 1405 1406
1403 1402 1401 1400
1404 1405 1406 1407
1404 1403 1402 1401
1405 1406 1407 1408
1405 1404 1403 1402
1406 1407 1408 1409
1406 1405 1404 1403
1407 1408 1409 1410
1407 1406 1405 1404
1408 1409 1410 1411
1408 1407 1406 1405
1409 1410 1411 1412
1409 1408 1407 1406
1410 1411 1412 1413
1410 1409 1408 1407
1411 1412 1413 1414
1411 1410 1409 1408
1412 1413 1414 1415
1412 1411 1410 1409
1413 1414 1415 1416
1413 1412 1411 1410
1414 1415 1416 1419
1414 1413 1412 1411
1415 1416 1419 1420
1415 1414 1413 1412
1416 1419 1420 1421
1416 1415 1414 1413
1417 1433 1453 1452
1417 1418 1397 1398
1418 1417 1433 1453
1418 1397 1398 1383
1419 1420 1421 1422
1419 1416 1415 1414
1420 1421 1422 1423
1420 1419 1416 1415
1421 1422 1423 1424
1421 1420 1419 1416
1422 1423 1424 1425
1422 1421 1420 1419
1423 1424 1425 1426
1423 1422 1421 1420
1424 1425 1426 1427
1424 1423 1422 1421
1425 1426 1427 1428
1425 1424 1423 1422
1426 1427 1428 1429
1426 1425 1424 1423
1427 1428 1429 1430
1427 1426 1425 1424
1428 1429 1430 1431
1428 1427 1426 1425
1429 1430 1431 1432
1429 1428 1427 1426
1430 1431 1432 1434
1430 1429 1428 1427
1431 1432 1434 1435
1431 1430 1429 1428
1432 1434 1435 1436
1432 1431 1430 1429
1433 1453 1452 1471
1433 1417 1418 1397
1434 1435 1436 1437
1434 1432 1431 1430
1435 1436 1437 1438
1435 1434 1432 1431
1436 1437 1438 1439
1436 1435 1434 1432
1437 1438 1439 1440
1437 1436 1435 1434
1438 1439 1440 1441
1438 1437 1436 1435
1439 1440 1441 1442
1439 1438 1437 1436
1440 1441 1442 1443
1440 1439 1438 1437
1441 1442 1443 1444
1441 1440 1439 1438
1442 1443 1444 1445
1442 1441 1440 1439
1443 1444 1445 1446
1443 1442 1441 1440
1444 1445 1446 1447
1444 1443 1442 1441
1445 1446 1447 1448
1445 1444 1443 1442
1446 1447 1448 1449
1446 1445 1444 1443
1447 1448 1449 1450
1447 1446 1445 1444
1448 1449 1450 1451
1448 1447 1446 1445
1449 1450 1451 1454
1449 1448 1447 1446
1450 1451 1454 1455
1450 1449 1448 1447
1451 1454 1455 1456
1451 1450 1449 1448
1452 1471 1470 1469
1452 1453 1433 1417
1453 1452 1471 1470
1453 1433 1417 1418
1454 1455 1456 1457
1454 1451 1450 1449
1455 1456 1457 1458
1455 1454 1451 1450
1456 1457 1458 1459
1456 1455 1454 1451
1457 1458 1459 1460
1457 1456 1455 1454
1458 1459 1460 1461
1458 1457 1456 1455
1459 1460 1461 1462
1459 1458 1457 1456
1460 1461 1462 1463
1460 1459 1458 1457
1461 1462 1463 1464
1461 1460 1459 1458
1462 1463 1464 1465
1462 1461 1460 1459
1463 1464 1465 1466
1463 1462 1461 1460
1464 1465 1466 1467
1464 1463 1462 1461
1465 1466 1467 1468
1465 1464 1463 1462
1466 1467 1468 1472
1466 1465 1464 1463
1467 1468 1472 1473
1467 1466 1465 1464
1468 1472 1473 1469
1468 1467 1466 1465
1469 1473 1472 1468
1469 1470 1471 1452
1470 1469 1473 1472
1470 1471 1452 1453
1471 1470 1469 1473
1471 1452 1453 1433
1472 1473 1469 1470
1472 1468 1467 1466
1473 1472 1468 1467
1473 1469 1470 1471
