0 26 25 24
0 1 2 3
1 0 26 25
1 2 3 4
2 1 0 26
2 3 4 5
3 2 1 0
3 4 5 6
4 3 2 1
4 5 6 7
5 4 3 2
5 6 7 8
6 5 4 3
6 7 8 9
7 6 5 4
7 8 9 10
8 7 6 5
8 9 10 11
9 8 7 6
9 10 11 12
10 9 8 7
10 11 12 13
11 10 9 8
11 12 13 14
12 11 10 9
12 13 14 15
13 14 15 27
13 12 11 10
14 15 27 28
14 13 12 11
15 27 28 44
15 14 13 12
16 43 42 41
16 17 18 19
17 16 43 42
17 18 19 20
18 17 16 43
18 19 20 21
19 18 17 16
19 20 21 22
20 19 18 17
20 21 22 23
21 20 19 18
21 22 23 24
22 21 20 19
22 23 24 25
23 22 21 20
23 24 25 26
24 23 22 21
24 25 26 0
25 24 23 22
25 26 0 1
26 25 24 23
26 0 1 2
27 28 44 56
27 15 14 13
28 44 56 72
28 27 15 14
29 55 54 53
29 30 31 32
30 29 55 54
30 31 32 33
31 30 29 55
31 32 33 34
32 31 30 29
32 33 34 35
33 32 31 30
33 34 35 36
34 33 32 31
34 35 36 37
35 34 33 32
35 36 37 38
36 35 34 33
36 37 38 39
37 36 35 34
37 38 39 40
38 37 36 35
38 39 40 41
39 38 37 36
39 40 41 42
40 39 38 37
40 41 42 43
41 40 39 38
41 42 43 16
42 41 40 39
42 43 16 17
43 42 41 40
43 16 17 18
44 56 72 83
44 28 27 15
45 71 70 69
45 46 47 48
46 45 71 70
46 47 48 49
47 46 45 71
47 48 49 50
48 47 46 45
48 49 50 51
49 48 47 46
49 50 51 52
50 49 48 47
50 51 52 53
51 50 49 48
51 52 53 54
52 51 50 49
52 53 54 55
53 52 51 50
53 54 55 29
54 53 52 51
54 55 29 30
55 54 53 52
55 29 30 31
56 72 83 99
56 44 28 27
57 82 81 80
57 58 59 60
58 57 82 81
58 59 60 61
59 58 57 82
59 60 61 62
60 59 58 57
60 61 62 63
61 60 59 58
61 62 63 64
62 61 60 59
62 63 64 65
63 62 61 60
63 64 65 66
64 63 62 61
64 65 66 67
65 64 63 62
65 66 67 68
66 65 64 63
66 67 68 69
67 66 65 64
67 68 69 70
68 67 66 65
68 69 70 71
69 68 67 66
69 70 71 45
70 69 68 67
70 71 45 46
71 70 69 68
71 45 46 47
72 83 99 100
72 56 44 28
73 98 97 96
73 74 75 76
74 73 98 97
74 75 76 77
75 74 73 98
75 76 77 78
76 75 74 73
76 77 78 79
77 76 75 74
77 78 79 80
78 77 76 75
78 79 80 81
79 78 77 76
79 80 81 82
80 79 78 77
80 81 82 57
81 80 79 78
81 82 57 58
82 81 80 79
82 57 58 59
83 99 100 108
83 72 56 44
84 107 106 105
84 85 86 87
85 84 107 106
85 86 87 88
86 85 84 107
86 87 88 89
87 86 85 84
87 88 89 90
88 87 86 85
88 89 90 91
89 88 87 86
89 90 91 92
90 89 88 87
90 91 92 93
91 90 89 88
91 92 93 94
92 91 90 89
92 93 94 95
93 92 91 90
93 94 95 96
94 93 92 91
94 95 96 97
95 94 93 92
95 96 97 98
96 95 94 93
96 97 98 73
97 96 95 94
97 98 73 74
98 97 96 95
98 73 74 75
99 100 108 114
99 83 72 56
100 108 114 115
100 99 83 72
101 113 112 111
101 102 103 104
102 101 113 112
102 103 104 105
103 102 101 113
103 104 105 106
104 103 102 101
104 105 106 107
105 104 103 102
105 106 107 84
106 105 104 103
106 107 84 85
107 106 105 104
107 84 85 86
108 114 115 120
108 100 99 83
109 119 118 117
109 110 111 112
110 109 119 118
110 111 112 113
111 110 109 119
111 112 113 101
112 111 110 109
112 113 101 102
113 112 111 110
113 101 102 103
114 115 120 125
114 108 100 99
115 120 125 126
115 114 108 100
116 124 123 122
116 117 118 119
117 116 124 123
117 118 119 109
118 117 116 124
118 119 109 110
119 118 117 116
119 109 110 111
120 125 126 131
120 115 114 108
121 130 129 128
121 122 123 124
122 121 130 129
122 123 124 116
123 122 121 130
123 124 116 117
124 123 122 121
124 116 117 118
125 126 131 136
125 120 115 114
126 131 136 137
126 125 120 115
127 135 134 133
127 128 129 130
128 127 135 134
128 129 130 121
129 128 127 135
129 130 121 122
130 129 128 127
130 121 122 123
131 136 137 142
131 126 125 120
132 141 140 139
132 133 134 135
133 132 141 140
133 134 135 127
134 133 132 141
134 135 127 128
135 134 133 132
135 127 128 129
136 137 142 147
136 131 126 125
137 142 147 151
137 136 131 126
138 146 145 144
138 139 140 141
139 138 146 145
139 140 141 132
140 139 138 146
140 141 132 133
141 140 139 138
141 132 133 134
142 147 151 156
142 137 136 131
143 150 149 148
143 144 145 146
144 143 150 149
144 145 146 138
145 144 143 150
145 146 138 139
146 145 144 143
146 138 139 140
147 151 156 161
147 142 137 136
148 155 154 153
148 149 150 143
149 148 155 154
149 150 143 144
150 149 148 155
150 143 144 145
151 156 161 162
151 147 142 137
152 160 159 158
152 153 154 155
153 152 160 159
153 154 155 148
154 153 152 160
154 155 148 149
155 154 153 152
155 148 149 150
156 161 162 166
156 151 147 142
157 165 164 163
157 158 159 160
158 157 165 164
158 159 160 152
159 158 157 165
159 160 152 153
160 159 158 157
160 152 153 154
161 162 166 170
161 156 151 147
162 166 170 171
162 161 156 151
163 169 168 167
163 164 165 157
164 163 169 168
164 165 157 158
165 164 163 169
165 157 158 159
166 170 171 176
166 162 161 156
167 175 174 173
167 168 169 163
168 167 175 174
168 169 163 164
169 168 167 175
169 163 164 165
170 171 176 181
170 166 162 161
171 176 181 182
171 170 166 162
172 180 179 178
172 173 174 175
173 172 180 179
173 174 175 167
174 173 172 180
174 175 167 168
175 174 173 172
175 167 168 169
176 181 182 187
176 171 170 166
177 186 185 184
177 178 179 180
178 177 186 185
178 179 180 172
179 178 177 186
179 180 172 173
180 179 178 177
180 172 173 174
181 182 187 192
181 176 171 170
182 187 192 193
182 181 176 171
183 191 190 189
183 184 185 186
184 183 191 190
184 185 186 177
185 184 183 191
185 186 177 178
186 185 184 183
186 177 178 179
187 192 193 198
187 182 181 176
188 197 196 195
188 189 190 191
189 188 197 196
189 190 191 183
190 189 188 197
190 191 183 184
191 190 189 188
191 183 184 185
192 193 198 203
192 187 182 181
193 198 203 208
193 192 187 182
194 202 201 200
194 195 196 197
195 194 202 201
195 196 197 188
196 195 194 202
196 197 188 189
197 196 195 194
197 188 189 190
198 203 208 213
198 193 192 187
199 207 206 205
199 200 201 202
200 199 207 206
200 201 202 194
201 200 199 207
201 202 194 195
202 201 200 199
202 194 195 196
203 208 213 218
203 198 193 192
204 212 211 210
204 205 206 207
205 204 212 211
205 206 207 199
206 205 204 212
206 207 199 200
207 206 205 204
207 199 200 201
208 213 218 219
208 203 198 193
209 217 216 215
209 210 211 212
210 209 217 216
210 211 212 204
211 210 209 217
211 212 204 205
212 211 210 209
212 204 205 206
213 218 219 223
213 208 203 198
214 222 221 220
214 215 216 217
215 214 222 221
215 216 217 209
216 215 214 222
216 217 209 210
217 216 215 214
217 209 210 211
218 219 223 227
218 213 208 203
219 223 227 228
219 218 213 208
220 226 225 224
220 221 222 214
221 220 226 225
221 222 214 215
222 221 220 226
222 214 215 216
223 227 228 232
223 219 218 213
224 231 230 229
224 225 226 220
225 224 231 230
225 226 220 221
226 225 224 231
226 220 221 222
227 228 232 237
227 223 219 218
228 232 237 238
228 227 223 219
229 236 235 234
229 230 231 224
230 229 236 235
230 231 224 225
231 230 229 236
231 224 225 226
232 237 238 242
232 228 227 223
233 241 240 239
233 234 235 236
234 233 241 240
234 235 236 229
235 234 233 241
235 236 229 230
236 235 234 233
236 229 230 231
237 238 242 246
237 232 228 227
238 242 246 247
238 237 232 228
239 245 244 243
239 240 241 233
240 239 245 244
240 241 233 234
241 240 239 245
241 233 234 235
242 246 247 251
242 238 237 232
243 250 249 248
243 244 245 239
244 243 250 249
244 245 239 240
245 244 243 250
245 239 240 241
246 247 251 255
246 242 238 237
247 251 255 259
247 246 242 238
248 254 253 252
248 249 250 243
249 248 254 253
249 250 243 244
250 249 248 254
250 243 244 245
251 255 259 263
251 247 246 242
252 258 257 256
252 253 254 248
253 252 258 257
253 254 248 249
254 253 252 258
254 248 249 250
255 259 263 267
255 251 247 246
256 262 261 260
256 257 258 252
257 256 262 261
257 258 252 253
258 257 256 262
258 252 253 254
259 263 267 271
259 255 251 247
260 266 265 264
260 261 262 256
261 260 266 265
261 262 256 257
262 261 260 266
262 256 257 258
263 267 271 275
263 259 255 251
264 270 269 268
264 265 266 260
265 264 270 269
265 266 260 261
266 265 264 270
266 260 261 262
267 271 275 276
267 263 259 255
268 274 273 272
268 269 270 264
269 268 274 273
269 270 264 265
270 269 268 274
270 264 265 266
271 275 276 280
271 267 263 259
272 279 278 277
272 273 274 268
273 272 279 278
273 274 268 269
274 273 272 279
274 268 269 270
275 276 280 283
275 271 267 263
276 280 283 284
276 275 271 267
277 282 281 287
277 278 279 272
278 277 282 281
278 279 272 273
279 278 277 282
279 272 273 274
280 283 284 288
280 276 275 271
281 287 286 285
281 282 277 278
282 281 287 286
282 277 278 279
283 284 288 292
283 280 276 275
284 288 292 293
284 283 280 276
285 291 290 289
285 286 287 281
286 285 291 290
286 287 281 282
287 286 285 291
287 281 282 277
288 292 293 297
288 284 283 280
289 296 295 294
289 290 291 285
290 289 296 295
290 291 285 286
291 290 289 296
291 285 286 287
292 293 297 301
292 288 284 283
293 297 301 302
293 292 288 284
294 300 299 298
294 295 296 289
295 294 300 299
295 296 289 290
296 295 294 300
296 289 290 291
297 301 302 306
297 293 292 288
298 305 304 303
298 299 300 294
299 298 305 304
299 300 294 295
300 299 298 305
300 294 295 296
301 302 306 310
301 297 293 292
302 306 310 314
302 301 297 293
303 309 308 307
303 304 305 298
304 303 309 308
304 305 298 299
305 304 303 309
305 298 299 300
306 310 314 317
306 302 301 297
307 313 312 311
307 308 309 303
308 307 313 312
308 309 303 304
309 308 307 313
309 303 304 305
310 314 317 320
310 306 302 301
311 316 315 319
311 312 313 307
312 311 316 315
312 313 307 308
313 312 311 316
313 307 308 309
314 317 320 321
314 310 306 302
315 319 318 323
315 316 311 312
316 315 319 318
316 311 312 313
317 320 321 324
317 314 310 306
318 323 322 327
318 319 315 316
319 318 323 322
319 315 316 311
320 321 324 328
320 317 314 310
321 324 328 329
321 320 317 314
322 327 326 325
322 323 318 319
323 322 327 326
323 318 319 315
324 328 329 332
324 321 320 317
325 331 330 334
325 326 327 322
326 325 331 330
326 327 322 323
327 326 325 331
327 322 323 318
328 329 332 335
328 324 321 320
329 332 335 336
329 328 324 321
330 334 333 338
330 331 325 326
331 330 334 333
331 325 326 327
332 335 336 339
332 329 328 324
333 338 337 341
333 334 330 331
334 333 338 337
334 330 331 325
335 336 339 342
335 332 329 328
336 339 342 343
336 335 332 329
337 341 340 345
337 338 333 334
338 337 341 340
338 333 334 330
339 342 343 346
339 336 335 332
340 345 344 348
340 341 337 338
341 340 345 344
341 337 338 333
342 343 346 349
342 339 336 335
343 346 349 352
343 342 339 336
344 348 347 351
344 345 340 341
345 344 348 347
345 340 341 337
346 349 352 355
346 343 342 339
347 351 350 354
347 348 344 345
348 347 351 350
348 344 345 340
349 352 355 358
349 346 343 342
350 354 353 357
350 351 347 348
351 350 354 353
351 347 348 344
352 355 358 359
352 349 346 343
353 357 356 361
353 354 350 351
354 353 357 356
354 350 351 347
355 358 359 362
355 352 349 346
356 361 360 364
356 357 353 354
357 356 361 360
357 353 354 350
358 359 362 365
358 355 352 349
359 362 365 366
359 358 355 352
360 364 363 368
360 361 356 357
361 360 364 363
361 356 357 353
362 365 366 369
362 359 358 355
363 368 367 371
363 364 360 361
364 363 368 367
364 360 361 356
365 366 369 372
365 362 359 358
366 369 372 373
366 365 362 359
367 371 370 375
367 368 363 364
368 367 371 370
368 363 364 360
369 372 373 376
369 366 365 362
370 375 374 378
370 371 367 368
371 370 375 374
371 367 368 363
372 373 376 379
372 369 366 365
373 376 379 380
373 372 369 366
374 378 377 382
374 375 370 371
375 374 378 377
375 370 371 367
376 379 380 383
376 373 372 369
377 382 381 385
377 378 374 375
378 377 382 381
378 374 375 370
379 380 383 386
379 376 373 372
380 383 386 389
380 379 376 373
381 385 384 388
381 382 377 378
382 381 385 384
382 377 378 374
383 386 389 392
383 380 379 376
384 388 387 391
384 385 381 382
385 384 388 387
385 381 382 377
386 389 392 395
386 383 380 379
387 391 390 394
387 388 384 385
388 387 391 390
388 384 385 381
389 392 395 396
389 386 383 380
390 394 393 397
390 391 387 388
391 390 394 393
391 387 388 384
392 395 396 398
392 389 386 383
393 397 400 399
393 394 390 391
394 393 397 400
394 390 391 387
395 396 398 401
395 392 389 386
396 398 401 402
396 395 392 389
397 400 399 403
397 393 394 390
398 401 402 404
398 396 395 392
399 403 405 408
399 400 397 393
400 399 403 405
400 397 393 394
401 402 404 406
401 398 396 395
402 404 406 407
402 401 398 396
403 405 408 410
403 399 400 397
404 406 407 409
404 402 401 398
405 408 410 413
405 403 399 400
406 407 409 411
406 404 402 401
407 409 411 412
407 406 404 402
408 410 413 415
408 405 403 399
409 411 412 414
409 407 406 404
410 413 415 417
410 408 405 403
411 412 414 416
411 409 407 406
412 414 416 418
412 411 409 407
413 415 417 419
413 410 408 405
414 416 418 420
414 412 411 409
415 417 419 421
415 413 410 408
416 418 420 422
416 414 412 411
417 419 421 424
417 415 413 410
418 420 422 423
418 416 414 412
419 421 424 426
419 417 415 413
420 422 423 425
420 418 416 414
421 424 426 430
421 419 417 415
422 423 425 427
422 420 418 416
423 425 427 428
423 422 420 418
424 426 430 429
424 421 419 417
425 427 428 431
425 423 422 420
426 430 429 432
426 424 421 419
427 428 431 433
427 425 423 422
428 431 433 434
428 427 425 423
429 432 436 435
429 430 426 424
430 429 432 436
430 426 424 421
431 433 434 437
431 428 427 425
432 436 435 438
432 429 430 426
433 434 437 439
433 431 428 427
434 437 439 440
434 433 431 428
435 438 442 441
435 436 432 429
436 435 438 442
436 432 429 430
437 439 440 443
437 434 433 431
438 442 441 444
438 435 436 432
439 440 443 445
439 437 434 433
440 443 445 448
440 439 437 434
441 444 447 446
441 442 438 435
442 441 444 447
442 438 435 436
443 445 448 450
443 440 439 437
444 447 446 449
444 441 442 438
445 448 450 453
445 443 440 439
446 449 452 451
446 447 444 441
447 446 449 452
447 444 441 442
448 450 453 455
448 445 443 440
449 452 451 454
449 446 447 444
450 453 455 458
450 448 445 443
451 454 457 456
451 452 449 446
452 451 454 457
452 449 446 447
453 455 458 459
453 450 448 445
454 457 456 460
454 451 452 449
455 458 459 461
455 453 450 448
456 460 462 465
456 457 454 451
457 456 460 462
457 454 451 452
458 459 461 463
458 455 453 450
459 461 463 464
459 458 455 453
460 462 465 467
460 456 457 454
461 463 464 466
461 459 458 455
462 465 467 470
462 460 456 457
463 464 466 468
463 461 459 458
464 466 468 469
464 463 461 459
465 467 470 472
465 462 460 456
466 468 469 471
466 464 463 461
467 470 472 476
467 465 462 460
468 469 471 473
468 466 464 463
469 471 473 474
469 468 466 464
470 472 476 475
470 467 465 462
471 473 474 477
471 469 468 466
472 476 475 478
472 470 467 465
473 474 477 479
473 471 469 468
474 477 479 482
474 473 471 469
475 478 481 480
475 476 472 470
476 475 478 481
476 472 470 467
477 479 482 484
477 474 473 471
478 481 480 483
478 475 476 472
479 482 484 486
479 477 474 473
480 483 485 488
480 481 478 475
481 480 483 485
481 478 475 476
482 484 486 487
482 479 477 474
483 485 488 490
483 480 481 478
484 486 487 489
484 482 479 477
485 488 490 493
485 483 480 481
486 487 489 491
486 484 482 479
487 489 491 492
487 486 484 482
488 490 493 495
488 485 483 480
489 491 492 494
489 487 486 484
490 493 495 499
490 488 485 483
491 492 494 496
491 489 487 486
492 494 496 497
492 491 489 487
493 495 499 498
493 490 488 485
494 496 497 500
494 492 491 489
495 499 498 501
495 493 490 488
496 497 500 502
496 494 492 491
497 500 502 503
497 496 494 492
498 501 504 506
498 499 495 493
499 498 501 504
499 495 493 490
500 502 503 505
500 497 496 494
501 504 506 508
501 498 499 495
502 503 505 507
502 500 497 496
503 505 507 509
503 502 500 497
504 506 508 510
504 501 498 499
505 507 509 511
505 503 502 500
506 508 510 512
506 504 501 498
507 509 511 513
507 505 503 502
508 510 512 516
508 506 504 501
509 511 513 514
509 507 505 503
510 512 516 515
510 508 506 504
511 513 514 517
511 509 507 505
512 516 515 518
512 510 508 506
513 514 517 519
513 511 509 507
514 517 519 520
514 513 511 509
515 518 521 523
515 516 512 510
516 515 518 521
516 512 510 508
517 519 520 522
517 514 513 511
518 521 523 526
518 515 516 512
519 520 522 524
519 517 514 513
520 522 524 525
520 519 517 514
521 523 526 529
521 518 515 516
522 524 525 527
522 520 519 517
523 526 529 528
523 521 518 515
524 525 527 530
524 522 520 519
525 527 530 531
525 524 522 520
526 529 528 532
526 523 521 518
527 530 531 533
527 525 524 522
528 532 534 536
528 529 526 523
529 528 532 534
529 526 523 521
530 531 533 535
530 527 525 524
531 533 535 537
531 530 527 525
532 534 536 538
532 528 529 526
533 535 537 539
533 531 530 527
534 536 538 541
534 532 528 529
535 537 539 542
535 533 531 530
536 538 541 540
536 534 532 528
537 539 542 543
537 535 533 531
538 541 540 544
538 536 534 532
539 542 543 545
539 537 535 533
540 544 546 549
540 541 538 536
541 540 544 546
541 538 536 534
542 543 545 547
542 539 537 535
543 545 547 548
543 542 539 537
544 546 549 551
544 540 541 538
545 547 548 550
545 543 542 539
546 549 551 555
546 544 540 541
547 548 550 552
547 545 543 542
548 550 552 553
548 547 545 543
549 551 555 554
549 546 544 540
550 552 553 556
550 548 547 545
551 555 554 557
551 549 546 544
552 553 556 558
552 550 548 547
553 556 558 559
553 552 550 548
554 557 560 562
554 555 551 549
555 554 557 560
555 551 549 546
556 558 559 561
556 553 552 550
557 560 562 564
557 554 555 551
558 559 561 563
558 556 553 552
559 561 563 565
559 558 556 553
560 562 564 567
560 557 554 555
561 563 565 568
561 559 558 556
562 564 567 566
562 560 557 554
563 565 568 570
563 561 559 558
564 567 566 569
564 562 560 557
565 568 570 572
565 563 561 559
566 569 571 574
566 567 564 562
567 566 569 571
567 564 562 560
568 570 572 575
568 565 563 561
569 571 574 573
569 566 567 564
570 572 575 576
570 568 565 563
571 574 573 577
571 569 566 567
572 575 576 578
572 570 568 565
573 577 579 582
573 574 571 569
574 573 577 579
574 571 569 566
575 576 578 580
575 572 570 568
576 578 580 581
576 575 572 570
577 579 582 584
577 573 574 571
578 580 581 583
578 576 575 572
579 582 584 587
579 577 573 574
580 581 583 585
580 578 576 575
581 583 585 586
581 580 578 576
582 584 587 589
582 579 577 573
583 585 586 588
583 581 580 578
584 587 589 592
584 582 579 577
585 586 588 590
585 583 581 580
586 588 590 591
586 585 583 581
587 589 592 594
587 584 582 579
588 590 591 593
588 586 585 583
589 592 594 596
589 587 584 582
590 591 593 595
590 588 586 585
591 593 595 597
591 590 588 586
592 594 596 598
592 589 587 584
593 595 597 599
593 591 590 588
594 596 598 600
594 592 589 587
595 597 599 601
595 593 591 590
596 598 600 604
596 594 592 589
597 599 601 602
597 595 593 591
598 600 604 603
598 596 594 592
599 601 602 605
599 597 595 593
600 604 603 606
600 598 596 594
601 602 605 607
601 599 597 595
602 605 607 608
602 601 599 597
603 606 609 612
603 604 600 598
604 603 606 609
604 600 598 596
605 607 608 610
605 602 601 599
606 609 612 611
606 603 604 600
607 608 610 613
607 605 602 601
608 610 613 614
608 607 605 602
609 612 611 615
609 606 603 604
610 613 614 616
610 608 607 605
611 615 617 620
611 612 609 606
612 611 615 617
612 609 606 603
613 614 616 618
613 610 608 607
614 616 618 619
614 613 610 608
615 617 620 622
615 611 612 609
616 618 619 621
616 614 613 610
617 620 622 624
617 615 611 612
618 619 621 623
618 616 614 613
619 621 623 625
619 618 616 614
620 622 624 626
620 617 615 611
621 623 625 627
621 619 618 616
622 624 626 628
622 620 617 615
623 625 627 629
623 621 619 618
624 626 628 631
624 622 620 617
625 627 629 630
625 623 621 619
626 628 631 633
626 624 622 620
627 629 630 632
627 625 623 621
628 631 633 636
628 626 624 622
629 630 632 634
629 627 625 623
630 632 634 635
630 629 627 625
631 633 636 638
631 628 626 624
632 634 635 637
632 630 629 627
633 636 638 641
633 631 628 626
634 635 637 639
634 632 630 629
635 637 639 640
635 634 632 630
636 638 641 643
636 633 631 628
637 639 640 642
637 635 634 632
638 641 643 646
638 636 633 631
639 640 642 644
639 637 635 634
640 642 644 645
640 639 637 635
641 643 646 649
641 638 636 633
642 644 645 647
642 640 639 637
643 646 649 648
643 641 638 636
644 645 647 650
644 642 640 639
645 647 650 652
645 644 642 640
646 649 648 651
646 643 641 638
647 650 652 654
647 645 644 642
648 651 653 655
648 649 646 643
649 648 651 653
649 646 643 641
650 652 654 656
650 647 645 644
651 653 655 657
651 648 649 646
652 654 656 658
652 650 647 645
653 655 657 659
653 651 648 649
654 656 658 660
654 652 650 647
655 657 659 661
655 653 651 648
656 658 660 662
656 654 652 650
657 659 661 663
657 655 653 651
658 660 662 664
658 656 654 652
659 661 663 665
659 657 655 653
660 662 664 666
660 658 656 654
661 663 665 667
661 659 657 655
662 664 666 668
662 660 658 656
663 665 667 669
663 661 659 657
664 666 668 670
664 662 660 658
665 667 669 671
665 663 661 659
666 668 670 672
666 664 662 660
667 669 671 673
667 665 663 661
668 670 672 674
668 666 664 662
669 671 673 675
669 667 665 663
670 672 674 676
670 668 666 664
671 673 675 677
671 669 667 665
672 674 676 678
672 670 668 666
673 675 677 679
673 671 669 667
674 676 678 680
674 672 670 668
675 677 679 681
675 673 671 669
676 678 680 682
676 674 672 670
677 679 681 683
677 675 673 671
678 680 682 684
678 676 674 672
679 681 683 685
679 677 675 673
680 682 684 686
680 678 676 674
681 683 685 687
681 679 677 675
682 684 686 688
682 680 678 676
683 685 687 689
683 681 679 677
684 686 688 690
684 682 680 678
685 687 689 691
685 683 681 679
686 688 690 692
686 684 682 680
687 689 691 693
687 685 683 681
688 690 692 694
688 686 684 682
689 691 693 695
689 687 685 683
690 692 694 696
690 688 686 684
691 693 695 697
691 689 687 685
692 694 696 698
692 690 688 686
693 695 697 699
693 691 689 687
694 696 698 700
694 692 690 688
695 697 699 701
695 693 691 689
696 698 700 702
696 694 692 690
697 699 701 703
697 695 693 691
698 700 702 704
698 696 694 692
699 701 703 705
699 697 695 693
700 702 704 706
700 698 696 694
701 703 705 707
701 699 697 695
702 704 706 708
702 700 698 696
703 705 707 709
703 701 699 697
704 706 708 710
704 702 700 698
705 707 709 711
705 703 701 699
706 708 710 712
706 704 702 700
707 709 711 713
707 705 703 701
708 710 712 714
708 706 704 702
709 711 713 715
709 707 705 703
710 712 714 716
710 708 706 704
711 713 715 717
711 709 707 705
712 714 716 718
712 710 708 706
713 715 717 719
713 711 709 707
714 716 718 720
714 712 710 708
715 717 719 721
715 713 711 709
716 718 720 722
716 714 712 710
717 719 721 723
717 715 713 711
718 720 722 724
718 716 714 712
719 721 723 725
719 717 715 713
720 722 724 726
720 718 716 714
721 723 725 727
721 719 717 715
722 724 726 728
722 720 718 716
723 725 727 729
723 721 719 717
724 726 728 730
724 722 720 718
725 727 729 731
725 723 721 719
726 728 730 732
726 724 722 720
727 729 731 733
727 725 723 721
728 730 732 734
728 726 724 722
729 731 733 735
729 727 725 723
730 732 734 736
730 728 726 724
731 733 735 737
731 729 727 725
732 734 736 738
732 730 728 726
733 735 737 739
733 731 729 727
734 736 738 741
734 732 730 728
735 737 739 742
735 733 731 729
736 738 741 745
736 734 732 730
737 739 742 746
737 735 733 731
738 741 745 749
738 736 734 732
739 742 746 750
739 737 735 733
740 743 744 747
741 745 749 753
741 738 736 734
742 746 750 754
742 739 737 735
743 744 747 748
744 747 748 752
744 743 740 -1
745 749 753 757
745 741 738 736
746 750 754 758
746 742 739 737
747 748 752 756
747 744 743 740
748 752 756 760
748 747 744 743
749 753 757 762
749 745 741 738
750 754 758 763
750 746 742 739
751 755 759 764
752 756 760 761
752 748 747 744
753 757 762 766
753 749 745 741
754 758 763 767
754 750 746 742
755 759 764 768
756 760 761 765
756 752 748 747
757 762 766 770
757 753 749 745
758 763 767 771
758 754 750 746
759 764 768 772
759 755 751 -1
760 761 765 769
760 756 752 748
761 765 769 773
761 760 756 752
762 766 770 774
762 757 753 749
763 767 771 775
763 758 754 750
764 768 772 776
764 759 755 751
765 769 773 777
765 761 760 756
766 770 774 778
766 762 757 753
767 771 775 779
767 763 758 754
768 772 776 780
768 764 759 755
769 773 777 781
769 765 761 760
770 774 778 782
770 766 762 757
771 775 779 783
771 767 763 758
772 776 780 784
772 768 764 759
773 777 781 785
773 769 765 761
774 778 782 786
774 770 766 762
775 779 783 787
775 771 767 763
776 780 784 788
776 772 768 764
777 781 785 789
777 773 769 765
778 782 786 790
778 774 770 766
779 783 787 791
779 775 771 767
780 784 788 792
780 776 772 768
781 785 789 793
781 777 773 769
782 786 790 794
782 778 774 770
783 787 791 795
783 779 775 771
784 788 792 796
784 780 776 772
785 789 793 797
785 781 777 773
786 790 794 798
786 782 778 774
787 791 795 799
787 783 779 775
788 792 796 800
788 784 780 776
789 793 797 801
789 785 781 777
790 794 798 802
790 786 782 778
791 795 799 803
791 787 783 779
792 796 800 804
792 788 784 780
793 797 801 805
793 789 785 781
794 798 802 806
794 790 786 782
795 799 803 807
795 791 787 783
796 800 804 808
796 792 788 784
797 801 805 809
797 793 789 785
798 802 806 810
798 794 790 786
799 803 807 811
799 795 791 787
800 804 808 812
800 796 792 788
801 805 809 813
801 797 793 789
802 806 810 814
802 798 794 790
803 807 811 815
803 799 795 791
804 808 812 816
804 800 796 792
805 809 813 817
805 801 797 793
806 810 814 818
806 802 798 794
807 811 815 819
807 803 799 795
808 812 816 820
808 804 800 796
809 813 817 821
809 805 801 797
810 814 818 822
810 806 802 798
811 815 819 823
811 807 803 799
812 816 820 824
812 808 804 800
813 817 821 825
813 809 805 801
814 818 822 826
814 810 806 802
815 819 823 827
815 811 807 803
816 820 824 828
816 812 808 804
817 821 825 829
817 813 809 805
818 822 826 830
818 814 810 806
819 823 827 831
819 815 811 807
820 824 828 832
820 816 812 808
821 825 829 833
821 817 813 809
822 826 830 835
822 818 814 810
823 827 831 836
823 819 815 811
824 828 832 837
824 820 816 812
825 829 833 834
825 821 817 813
826 830 835 839
826 822 818 814
827 831 836 840
827 823 819 815
828 832 837 841
828 824 820 816
829 833 834 838
829 825 821 817
830 835 839 843
830 826 822 818
831 836 840 844
831 827 823 819
832 837 841 845
832 828 824 820
833 834 838 842
833 829 825 821
834 838 842 846
834 833 829 825
835 839 843 847
835 830 826 822
836 840 844 848
836 831 827 823
837 841 845 849
837 832 828 824
838 842 846 850
838 834 833 829
839 843 847 851
839 835 830 826
840 844 848 852
840 836 831 827
841 845 849 853
841 837 832 828
842 846 850 854
842 838 834 833
843 847 851 855
843 839 835 830
844 848 852 856
844 840 836 831
845 849 853 857
845 841 837 832
846 850 854 858
846 842 838 834
847 851 855 859
847 843 839 835
848 852 856 860
848 844 840 836
849 853 857 861
849 845 841 837
850 854 858 862
850 846 842 838
851 855 859 863
851 847 843 839
852 856 860 864
852 848 844 840
853 857 861 865
853 849 845 841
854 858 862 866
854 850 846 842
855 859 863 867
855 851 847 843
856 860 864 868
856 852 848 844
857 861 865 869
857 853 849 845
858 862 866 870
858 854 850 846
859 863 867 871
859 855 851 847
860 864 868 872
860 856 852 848
861 865 869 873
861 857 853 849
862 866 870 874
862 858 854 850
863 867 871 875
863 859 855 851
864 868 872 876
864 860 856 852
865 869 873 877
865 861 857 853
866 870 874 878
866 862 858 854
867 871 875 879
867 863 859 855
868 872 876 880
868 864 860 856
869 873 877 881
869 865 861 857
870 874 878 882
870 866 862 858
871 875 879 884
871 867 863 859
872 876 880 885
872 868 864 860
873 877 881 886
873 869 865 861
874 878 882 887
874 870 866 862
875 879 884 883
875 871 867 863
876 880 885 889
876 872 868 864
877 881 886 890
877 873 869 865
878 882 887 891
878 874 870 866
879 884 883 888
879 875 871 867
880 885 889 893
880 876 872 868
881 886 890 894
881 877 873 869
882 887 891 895
882 878 874 870
883 888 892 896
883 884 879 875
884 883 888 892
884 879 875 871
885 889 893 897
885 880 876 872
886 890 894 898
886 881 877 873
887 891 895 899
887 882 878 874
888 892 896 900
888 883 884 879
889 893 897 901
889 885 880 876
890 894 898 902
890 886 881 877
891 895 899 903
891 887 882 878
892 896 900 904
892 888 883 884
893 897 901 905
893 889 885 880
894 898 902 906
894 890 886 881
895 899 903 907
895 891 887 882
896 900 904 908
896 892 888 883
897 901 905 909
897 893 889 885
898 902 906 910
898 894 890 886
899 903 907 911
899 895 891 887
900 904 908 912
900 896 892 888
901 905 909 913
901 897 893 889
902 906 910 914
902 898 894 890
903 907 911 915
903 899 895 891
904 908 912 916
904 900 896 892
905 909 913 917
905 901 897 893
906 910 914 918
906 902 898 894
907 911 915 919
907 903 899 895
908 912 916 920
908 904 900 896
909 913 917 921
909 905 901 897
910 914 918 922
910 906 902 898
911 915 919 923
911 907 903 899
912 916 920 924
912 908 904 900
913 917 921 925
913 909 905 901
914 918 922 926
914 910 906 902
915 919 923 927
915 911 907 903
916 920 924 928
916 912 908 904
917 921 925 929
917 913 909 905
918 922 926 930
918 914 910 906
919 923 927 931
919 915 911 907
920 924 928 932
920 916 912 908
921 925 929 933
921 917 913 909
922 926 930 934
922 918 914 910
923 927 931 935
923 919 915 911
924 928 932 936
924 920 916 912
925 929 933 937
925 921 917 913
926 930 934 938
926 922 918 914
927 931 935 939
927 923 919 915
928 932 936 940
928 924 920 916
929 933 937 941
929 925 921 917
930 934 938 942
930 926 922 918
931 935 939 943
931 927 923 919
932 936 940 944
932 928 924 920
933 937 941 945
933 929 925 921
934 938 942 946
934 930 926 922
935 939 943 947
935 931 927 923
936 940 944 948
936 932 928 924
937 941 945 949
937 933 929 925
938 942 946 950
938 934 930 926
939 943 947 951
939 935 931 927
940 944 948 952
940 936 932 928
941 945 949 953
941 937 933 929
942 946 950 954
942 938 934 930
943 947 951 955
943 939 935 931
944 948 952 956
944 940 936 932
945 949 953 957
945 941 937 933
946 950 954 958
946 942 938 934
947 951 955 959
947 943 939 935
948 952 956 960
948 944 940 936
949 953 957 961
949 945 941 937
950 954 958 962
950 946 942 938
951 955 959 963
951 947 943 939
952 956 960 964
952 948 944 940
953 957 961 965
953 949 945 941
954 958 962 966
954 950 946 942
955 959 963 967
955 951 947 943
956 960 964 969
956 952 948 944
957 961 965 970
957 953 949 945
958 962 966 971
958 954 950 946
959 963 967 972
959 955 951 947
960 964 969 968
960 956 952 948
961 965 970 974
961 957 953 949
962 966 971 975
962 958 954 950
963 967 972 976
963 959 955 951
964 969 968 973
964 960 956 952
965 970 974 978
965 961 957 953
966 971 975 979
966 962 958 954
967 972 976 980
967 963 959 955
968 973 977 981
968 969 964 960
969 968 973 977
969 964 960 956
970 974 978 982
970 965 961 957
971 975 979 983
971 966 962 958
972 976 980 984
972 967 963 959
973 977 981 985
973 968 969 964
974 978 982 986
974 970 965 961
975 979 983 987
975 971 966 962
976 980 984 988
976 972 967 963
977 981 985 989
977 973 968 969
978 982 986 990
978 974 970 965
979 983 987 991
979 975 971 966
980 984 988 992
980 976 972 967
981 985 989 993
981 977 973 968
982 986 990 994
982 978 974 970
983 987 991 995
983 979 975 971
984 988 992 997
984 980 976 972
985 989 993 998
985 981 977 973
986 990 994 999
986 982 978 974
987 991 995 1000
987 983 979 975
988 992 997 996
988 984 980 976
989 993 998 1002
989 985 981 977
990 994 999 1003
990 986 982 978
991 995 1000 1004
991 987 983 979
992 997 996 1001
992 988 984 980
993 998 1002 1006
993 989 985 981
994 999 1003 1007
994 990 986 982
995 1000 1004 1008
995 991 987 983
996 1001 1005 1009
996 997 992 988
997 996 1001 1005
997 992 988 984
998 1002 1006 1010
998 993 989 985
999 1003 1007 1011
999 994 990 986
1000 1004 1008 1012
1000 995 991 987
1001 1005 1009 1013
1001 996 997 992
1002 1006 1010 1014
1002 998 993 989
1003 1007 1011 1015
1003 999 994 990
1004 1008 1012 1016
1004 1000 995 991
1005 1009 1013 1017
1005 1001 996 997
1006 1010 1014 1018
1006 1002 998 993
1007 1011 1015 1019
1007 1003 999 994
1008 1012 1016 1020
1008 1004 1000 995
1009 1013 1017 1021
1009 1005 1001 996
1010 1014 1018 1022
1010 1006 1002 998
1011 1015 1019 1023
1011 1007 1003 999
1012 1016 1020 1024
1012 1008 1004 1000
1013 1017 1021 1025
1013 1009 1005 1001
1014 1018 1022 1026
1014 1010 1006 1002
1015 1019 1023 1027
1015 1011 1007 1003
1016 1020 1024 1028
1016 1012 1008 1004
1017 1021 1025 1029
1017 1013 1009 1005
1018 1022 1026 1030
1018 1014 1010 1006
1019 1023 1027 1031
1019 1015 1011 1007
1020 1024 1028 1032
1020 1016 1012 1008
1021 1025 1029 1033
1021 1017 1013 1009
1022 1026 1030 1034
1022 1018 1014 1010
1023 1027 1031 1035
1023 1019 1015 1011
1024 1028 1032 1036
1024 1020 1016 1012
1025 1029 1033 1037
1025 1021 1017 1013
1026 1030 1034 1038
1026 1022 1018 1014
1027 1031 1035 1039
1027 1023 1019 1015
1028 1032 1036 1040
1028 1024 1020 1016
1029 1033 1037 1041
1029 1025 1021 1017
1030 1034 1038 1042
1030 1026 1022 1018
1031 1035 1039 1043
1031 1027 1023 1019
1032 1036 1040 1044
1032 1028 1024 1020
1033 1037 1041 1045
1033 1029 1025 1021
1034 1038 1042 1046
1034 1030 1026 1022
1035 1039 1043 1047
1035 1031 1027 1023
1036 1040 1044 1048
1036 1032 1028 1024
1037 1041 1045 1049
1037 1033 1029 1025
1038 1042 1046 1050
1038 1034 1030 1026
1039 1043 1047 1051
1039 1035 1031 1027
1040 1044 1048 1052
1040 1036 1032 1028
1041 1045 1049 1053
1041 1037 1033 1029
1042 1046 1050 1054
1042 1038 1034 1030
1043 1047 1051 1055
1043 1039 1035 1031
1044 1048 1052 1056
1044 1040 1036 1032
1045 1049 1053 1057
1045 1041 1037 1033
1046 1050 1054 1058
1046 1042 1038 1034
1047 1051 1055 1059
1047 1043 1039 1035
1048 1052 1056 1060
1048 1044 1040 1036
1049 1053 1057 1061
1049 1045 1041 1037
1050 1054 1058 1062
1050 1046 1042 1038
1051 1055 1059 1063
1051 1047 1043 1039
1052 1056 1060 1064
1052 1048 1044 1040
1053 1057 1061 1065
1053 1049 1045 1041
1054 1058 1062 1066
1054 1050 1046 1042
1055 1059 1063 1067
1055 1051 1047 1043
1056 1060 1064 1068
1056 1052 1048 1044
1057 1061 1065 1070
1057 1053 1049 1045
1058 1062 1066 1071
1058 1054 1050 1046
1059 1063 1067 1072
1059 1055 1051 1047
1060 1064 1068 1073
1060 1056 1052 1048
1061 1065 1070 1069
1061 1057 1053 1049
1062 1066 1071 1075
1062 1058 1054 1050
1063 1067 1072 1076
1063 1059 1055 1051
1064 1068 1073 1077
1064 1060 1056 1052
1065 1070 1069 1074
1065 1061 1057 1053
1066 1071 1075 1079
1066 1062 1058 1054
1067 1072 1076 1080
1067 1063 1059 1055
1068 1073 1077 -1
1068 1064 1060 1056
1069 1074 1078 1082
1069 1070 1065 1061
1070 1069 1074 1078
1070 1065 1061 1057
1071 1075 1079 1083
1071 1066 1062 1058
1072 1076 1080 1084
1072 1067 1063 1059
1073 1068 1064 1060
1074 1078 1082 1081
1074 1069 1070 1065
1075 1079 1083 1087
1075 1071 1066 1062
1076 1080 1084 1088
1076 1072 1067 1063
1077 1073 1068 1064
1078 1082 1081 1086
1078 1074 1069 1070
1079 1083 1087 1089
1079 1075 1071 1066
1080 1084 1088 1090
1080 1076 1072 1067
1081 1086 1085 -1
1081 1082 1078 1074
1082 1081 1086 1085
1082 1078 1074 1069
1083 1087 1089 1092
1083 1079 1075 1071
1084 1088 1090 1091
1084 1080 1076 1072
1085 1086 1081 1082
1086 1081 1082 1078
1087 1089 1092 1094
1087 1083 1079 1075
1088 1090 1091 1093
1088 1084 1080 1076
1089 1092 1094 1096
1089 1087 1083 1079
1090 1091 1093 1095
1090 1088 1084 1080
1091 1093 1095 1097
1091 1090 1088 1084
1092 1094 1096 1098
1092 1089 1087 1083
1093 1095 1097 1099
1093 1091 1090 1088
1094 1096 1098 1100
1094 1092 1089 1087
1095 1097 1099 1101
1095 1093 1091 1090
1096 1098 1100 1102
1096 1094 1092 1089
1097 1099 1101 1103
1097 1095 1093 1091
1098 1100 1102 1104
1098 1096 1094 1092
1099 1101 1103 1105
1099 1097 1095 1093
1100 1102 1104 1107
1100 1098 1096 1094
1101 1103 1105 1106
1101 1099 1097 1095
1102 1104 1107 1109
1102 1100 1098 1096
1103 1105 1106 1108
1103 1101 1099 1097
1104 1107 1109 1111
1104 1102 1100 1098
1105 1106 1108 1110
1105 1103 1101 1099
1106 1108 1110 1112
1106 1105 1103 1101
1107 1109 1111 1113
1107 1104 1102 1100
1108 1110 1112 1114
1108 1106 1105 1103
1109 1111 1113 1115
1109 1107 1104 1102
1110 1112 1114 1116
1110 1108 1106 1105
1111 1113 1115 1117
1111 1109 1107 1104
1112 1114 1116 1118
1112 1110 1108 1106
1113 1115 1117 1119
1113 1111 1109 1107
1114 1116 1118 1120
1114 1112 1110 1108
1115 1117 1119 1121
1115 1113 1111 1109
1116 1118 1120 1122
1116 1114 1112 1110
1117 1119 1121 1123
1117 1115 1113 1111
1118 1120 1122 1124
1118 1116 1114 1112
1119 1121 1123 1125
1119 1117 1115 1113
1120 1122 1124 1126
1120 1118 1116 1114
1121 1123 1125 1127
1121 1119 1117 1115
1122 1124 1126 1128
1122 1120 1118 1116
1123 1125 1127 1129
1123 1121 1119 1117
1124 1126 1128 1130
1124 1122 1120 1118
1125 1127 1129 1131
1125 1123 1121 1119
1126 1128 1130 1132
1126 1124 1122 1120
1127 1129 1131 1134
1127 1125 1123 1121
1128 1130 1132 1133
1128 1126 1124 1122
1129 1131 1134 1136
1129 1127 1125 1123
1130 1132 1133 1135
1130 1128 1126 1124
1131 1134 1136 1138
1131 1129 1127 1125
1132 1133 1135 1137
1132 1130 1128 1126
1133 1135 1137 1139
1133 1132 1130 1128
1134 1136 1138 1140
1134 1131 1129 1127
1135 1137 1139 1141
1135 1133 1132 1130
1136 1138 1140 1142
1136 1134 1131 1129
1137 1139 1141 1143
1137 1135 1133 1132
1138 1140 1142 1144
1138 1136 1134 1131
1139 1141 1143 1145
1139 1137 1135 1133
1140 1142 1144 1147
1140 1138 1136 1134
1141 1143 1145 1146
1141 1139 1137 1135
1142 1144 1147 1149
1142 1140 1138 1136
1143 1145 1146 1148
1143 1141 1139 1137
1144 1147 1149 1151
1144 1142 1140 1138
1145 1146 1148 1150
1145 1143 1141 1139
1146 1148 1150 1152
1146 1145 1143 1141
1147 1149 1151 1153
1147 1144 1142 1140
1148 1150 1152 1154
1148 1146 1145 1143
1149 1151 1153 1155
1149 1147 1144 1142
1150 1152 1154 1156
1150 1148 1146 1145
1151 1153 1155 1157
1151 1149 1147 1144
1152 1154 1156 1158
1152 1150 1148 1146
1153 1155 1157 1159
1153 1151 1149 1147
1154 1156 1158 1160
1154 1152 1150 1148
1155 1157 1159 1161
1155 1153 1151 1149
1156 1158 1160 1162
1156 1154 1152 1150
1157 1159 1161 1163
1157 1155 1153 1151
1158 1160 1162 1164
1158 1156 1154 1152
1159 1161 1163 1165
1159 1157 1155 1153
1160 1162 1164 1166
1160 1158 1156 1154
1161 1163 1165 1167
1161 1159 1157 1155
1162 1164 1166 1168
1162 1160 1158 1156
1163 1165 1167 1169
1163 1161 1159 1157
1164 1166 1168 1170
1164 1162 1160 1158
1165 1167 1169 1171
1165 1163 1161 1159
1166 1168 1170 1172
1166 1164 1162 1160
1167 1169 1171 1173
1167 1165 1163 1161
1168 1170 1172 1174
1168 1166 1164 1162
1169 1171 1173 1175
1169 1167 1165 1163
1170 1172 1174 1176
1170 1168 1166 1164
1171 1173 1175 1177
1171 1169 1167 1165
1172 1174 1176 1178
1172 1170 1168 1166
1173 1175 1177 1179
1173 1171 1169 1167
1174 1176 1178 1180
1174 1172 1170 1168
1175 1177 1179 1181
1175 1173 1171 1169
1176 1178 1180 1182
1176 1174 1172 1170
1177 1179 1181 1183
1177 1175 1173 1171
1178 1180 1182 1184
1178 1176 1174 1172
1179 1181 1183 1185
1179 1177 1175 1173
1180 1182 1184 1186
1180 1178 1176 1174
1181 1183 1185 1187
1181 1179 1177 1175
1182 1184 1186 1188
1182 1180 1178 1176
1183 1185 1187 1189
1183 1181 1179 1177
1184 1186 1188 1190
1184 1182 1180 1178
1185 1187 1189 1192
1185 1183 1181 1179
1186 1188 1190 1191
1186 1184 1182 1180
1187 1189 1192 1194
1187 1185 1183 1181
1188 1190 1191 1193
1188 1186 1184 1182
1189 1192 1194 1196
1189 1187 1185 1183
1190 1191 1193 1195
1190 1188 1186 1184
1191 1193 1195 1197
1191 1190 1188 1186
1192 1194 1196 1198
1192 1189 1187 1185
1193 1195 1197 1199
1193 1191 1190 1188
1194 1196 1198 1201
1194 1192 1189 1187
1195 1197 1199 1200
1195 1193 1191 1190
1196 1198 1201 1203
1196 1194 1192 1189
1197 1199 1200 1202
1197 1195 1193 1191
1198 1201 1203 1205
1198 1196 1194 1192
1199 1200 1202 1204
1199 1197 1195 1193
1200 1202 1204 1206
1200 1199 1197 1195
1201 1203 1205 1207
1201 1198 1196 1194
1202 1204 1206 1208
1202 1200 1199 1197
1203 1205 1207 1209
1203 1201 1198 1196
1204 1206 1208 1210
1204 1202 1200 1199
1205 1207 1209 1211
1205 1203 1201 1198
1206 1208 1210 1212
1206 1204 1202 1200
1207 1209 1211 1213
1207 1205 1203 1201
1208 1210 1212 1214
1208 1206 1204 1202
1209 1211 1213 1215
1209 1207 1205 1203
1210 1212 1214 1216
1210 1208 1206 1204
1211 1213 1215 1217
1211 1209 1207 1205
1212 1214 1216 1218
1212 1210 1208 1206
1213 1215 1217 1219
1213 1211 1209 1207
1214 1216 1218 1220
1214 1212 1210 1208
1215 1217 1219 1221
1215 1213 1211 1209
1216 1218 1220 1222
1216 1214 1212 1210
1217 1219 1221 1223
1217 1215 1213 1211
1218 1220 1222 1224
1218 1216 1214 1212
1219 1221 1223 1226
1219 1217 1215 1213
1220 1222 1224 1227
1220 1218 1216 1214
1221 1223 1226 1225
1221 1219 1217 1215
1222 1224 1227 1229
1222 1220 1218 1216
1223 1226 1225 1228
1223 1221 1219 1217
1224 1227 1229 1230
1224 1222 1220 1218
1225 1228 1231 1233
1225 1226 1223 1221
1226 1225 1228 1231
1226 1223 1221 1219
1227 1229 1230 1232
1227 1224 1222 1220
1228 1231 1233 1235
1228 1225 1226 1223
1229 1230 1232 1234
1229 1227 1224 1222
1230 1232 1234 1236
1230 1229 1227 1224
1231 1233 1235 1237
1231 1228 1225 1226
1232 1234 1236 1238
1232 1230 1229 1227
1233 1235 1237 1239
1233 1231 1228 1225
1234 1236 1238 1240
1234 1232 1230 1229
1235 1237 1239 1241
1235 1233 1231 1228
1236 1238 1240 1242
1236 1234 1232 1230
1237 1239 1241 1243
1237 1235 1233 1231
1238 1240 1242 1244
1238 1236 1234 1232
1239 1241 1243 1245
1239 1237 1235 1233
1240 1242 1244 1246
1240 1238 1236 1234
1241 1243 1245 1247
1241 1239 1237 1235
1242 1244 1246 1248
1242 1240 1238 1236
1243 1245 1247 1249
1243 1241 1239 1237
1244 1246 1248 1250
1244 1242 1240 1238
1245 1247 1249 1251
1245 1243 1241 1239
1246 1248 1250 1252
1246 1244 1242 1240
1247 1249 1251 1253
1247 1245 1243 1241
1248 1250 1252 1254
1248 1246 1244 1242
1249 1251 1253 1255
1249 1247 1245 1243
1250 1252 1254 1256
1250 1248 1246 1244
1251 1253 1255 1257
1251 1249 1247 1245
1252 1254 1256 1258
1252 1250 1248 1246
1253 1255 1257 1260
1253 1251 1249 1247
1254 1256 1258 1259
1254 1252 1250 1248
1255 1257 1260 1262
1255 1253 1251 1249
1256 1258 1259 1261
1256 1254 1252 1250
1257 1260 1262 1264
1257 1255 1253 1251
1258 1259 1261 1263
1258 1256 1254 1252
1259 1261 1263 1265
1259 1258 1256 1254
1260 1262 1264 1266
1260 1257 1255 1253
1261 1263 1265 1267
1261 1259 1258 1256
1262 1264 1266 1268
1262 1260 1257 1255
1263 1265 1267 1269
1263 1261 1259 1258
1264 1266 1268 1271
1264 1262 1260 1257
1265 1267 1269 1270
1265 1263 1261 1259
1266 1268 1271 1273
1266 1264 1262 1260
1267 1269 1270 1272
1267 1265 1263 1261
1268 1271 1273 1276
1268 1266 1264 1262
1269 1270 1272 1274
1269 1267 1265 1263
1270 1272 1274 1275
1270 1269 1267 1265
1271 1273 1276 1278
1271 1268 1266 1264
1272 1274 1275 1277
1272 1270 1269 1267
1273 1276 1278 1280
1273 1271 1268 1266
1274 1275 1277 1279
1274 1272 1270 1269
1275 1277 1279 1281
1275 1274 1272 1270
1276 1278 1280 1282
1276 1273 1271 1268
1277 1279 1281 1283
1277 1275 1274 1272
1278 1280 1282 1284
1278 1276 1273 1271
1279 1281 1283 1285
1279 1277 1275 1274
1280 1282 1284 1287
1280 1278 1276 1273
1281 1283 1285 1286
1281 1279 1277 1275
1282 1284 1287 1289
1282 1280 1278 1276
1283 1285 1286 1288
1283 1281 1279 1277
1284 1287 1289 1291
1284 1282 1280 1278
1285 1286 1288 1290
1285 1283 1281 1279
1286 1288 1290 1292
1286 1285 1283 1281
1287 1289 1291 1293
1287 1284 1282 1280
1288 1290 1292 1294
1288 1286 1285 1283
1289 1291 1293 1295
1289 1287 1284 1282
1290 1292 1294 1296
1290 1288 1286 1285
1291 1293 1295 1298
1291 1289 1287 1284
1292 1294 1296 1297
1292 1290 1288 1286
1293 1295 1298 1300
1293 1291 1289 1287
1294 1296 1297 1299
1294 1292 1290 1288
1295 1298 1300 1303
1295 1293 1291 1289
1296 1297 1299 1301
1296 1294 1292 1290
1297 1299 1301 1302
1297 1296 1294 1292
1298 1300 1303 1305
1298 1295 1293 1291
1299 1301 1302 1304
1299 1297 1296 1294
1300 1303 1305 1308
1300 1298 1295 1293
1301 1302 1304 1306
1301 1299 1297 1296
1302 1304 1306 1307
1302 1301 1299 1297
1303 1305 1308 1310
1303 1300 1298 1295
1304 1306 1307 1309
1304 1302 1301 1299
1305 1308 1310 1313
1305 1303 1300 1298
1306 1307 1309 1311
1306 1304 1302 1301
1307 1309 1311 1312
1307 1306 1304 1302
1308 1310 1313 1315
1308 1305 1303 1300
1309 1311 1312 1314
1309 1307 1306 1304
1310 1313 1315 1318
1310 1308 1305 1303
1311 1312 1314 1316
1311 1309 1307 1306
1312 1314 1316 1317
1312 1311 1309 1307
1313 1315 1318 1320
1313 1310 1308 1305
1314 1316 1317 1319
1314 1312 1311 1309
1315 1318 1320 1323
1315 1313 1310 1308
1316 1317 1319 1321
1316 1314 1312 1311
1317 1319 1321 1322
1317 1316 1314 1312
1318 1320 1323 1325
1318 1315 1313 1310
1319 1321 1322 1324
1319 1317 1316 1314
1320 1323 1325 1328
1320 1318 1315 1313
1321 1322 1324 1326
1321 1319 1317 1316
1322 1324 1326 1327
1322 1321 1319 1317
1323 1325 1328 1330
1323 1320 1318 1315
1324 1326 1327 1329
1324 1322 1321 1319
1325 1328 1330 1333
1325 1323 1320 1318
1326 1327 1329 1331
1326 1324 1322 1321
1327 1329 1331 1332
1327 1326 1324 1322
1328 1330 1333 1335
1328 1325 1323 1320
1329 1331 1332 1334
1329 1327 1326 1324
1330 1333 1335 1338
1330 1328 1325 1323
1331 1332 1334 1336
1331 1329 1327 1326
1332 1334 1336 1337
1332 1331 1329 1327
1333 1335 1338 1340
1333 1330 1328 1325
1334 1336 1337 1339
1334 1332 1331 1329
1335 1338 1340 1342
1335 1333 1330 1328
1336 1337 1339 1341
1336 1334 1332 1331
1337 1339 1341 1343
1337 1336 1334 1332
1338 1340 1342 1345
1338 1335 1333 1330
1339 1341 1343 1344
1339 1337 1336 1334
1340 1342 1345 1347
1340 1338 1335 1333
1341 1343 1344 1346
1341 1339 1337 1336
1342 1345 1347 1350
1342 1340 1338 1335
1343 1344 1346 1348
1343 1341 1339 1337
1344 1346 1348 1349
1344 1343 1341 1339
1345 1347 1350 1352
1345 1342 1340 1338
1346 1348 1349 1351
1346 1344 1343 1341
1347 1350 1352 1354
1347 1345 1342 1340
1348 1349 1351 1353
1348 1346 1344 1343
1349 1351 1353 1355
1349 1348 1346 1344
1350 1352 1354 1357
1350 1347 1345 1342
1351 1353 1355 1356
1351 1349 1348 1346
1352 1354 1357 1359
1352 1350 1347 1345
1353 1355 1356 1358
1353 1351 1349 1348
1354 1357 1359 1363
1354 1352 1350 1347
1355 1356 1358 1360
1355 1353 1351 1349
1356 1358 1360 1361
1356 1355 1353 1351
1357 1359 1363 1362
1357 1354 1352 1350
1358 1360 1361 1364
1358 1356 1355 1353
1359 1363 1362 1367
1359 1357 1354 1352
1360 1361 1364 1365
1360 1358 1356 1355
1361 1364 1365 1368
1361 1360 1358 1356
1362 1367 1366 1370
1362 1363 1359 1357
1363 1362 1367 1366
1363 1359 1357 1354
1364 1365 1368 1371
1364 1361 1360 1358
1365 1368 1371 1372
1365 1364 1361 1360
1366 1370 1369 1374
1366 1367 1362 1363
1367 1366 1370 1369
1367 1362 1363 1359
1368 1371 1372 1375
1368 1365 1364 1361
1369 1374 1373 1378
1369 1370 1366 1367
1370 1369 1374 1373
1370 1366 1367 1362
1371 1372 1375 1376
1371 1368 1365 1364
1372 1375 1376 1379
1372 1371 1368 1365
1373 1378 1377 1382
1373 1374 1369 1370
1374 1373 1378 1377
1374 1369 1370 1366
1375 1376 1379 1383
1375 1372 1371 1368
1376 1379 1383 1384
1376 1375 1372 1371
1377 1382 1381 1380
1377 1378 1373 1374
1378 1377 1382 1381
1378 1373 1374 1369
1379 1383 1384 1387
1379 1376 1375 1372
1380 1386 1385 1390
1380 1381 1382 1377
1381 1380 1386 1385
1381 1382 1377 1378
1382 1381 1380 1386
1382 1377 1378 1373
1383 1384 1387 1388
1383 1379 1376 1375
1384 1387 1388 1391
1384 1383 1379 1376
1385 1390 1389 1393
1385 1386 1380 1381
1386 1385 1390 1389
1386 1380 1381 1382
1387 1388 1391 1394
1387 1384 1383 1379
1388 1391 1394 1397
1388 1387 1384 1383
1389 1393 1392 1396
1389 1390 1385 1386
1390 1389 1393 1392
1390 1385 1386 1380
1391 1394 1397 1398
1391 1388 1387 1384
1392 1396 1395 1400
1392 1393 1389 1390
1393 1392 1396 1395
1393 1389 1390 1385
1394 1397 1398 1401
1394 1391 1388 1387
1395 1400 1399 1404
1395 1396 1392 1393
1396 1395 1400 1399
1396 1392 1393 1389
1397 1398 1401 1402
1397 1394 1391 1388
1398 1401 1402 1405
1398 1397 1394 1391
1399 1404 1403 1407
1399 1400 1395 1396
1400 1399 1404 1403
1400 1395 1396 1392
1401 1402 1405 1408
1401 1398 1397 1394
1402 1405 1408 1409
1402 1401 1398 1397
1403 1407 1406 1411
1403 1404 1399 1400
1404 1403 1407 1406
1404 1399 1400 1395
1405 1408 1409 1412
1405 1402 1401 1398
1406 1411 1410 1415
1406 1407 1403 1404
1407 1406 1411 1410
1407 1403 1404 1399
1408 1409 1412 1413
1408 1405 1402 1401
1409 1412 1413 1416
1409 1408 1405 1402
1410 1415 1414 1419
1410 1411 1406 1407
1411 1410 1415 1414
1411 1406 1407 1403
1412 1413 1416 1417
1412 1409 1408 1405
1413 1416 1417 1420
1413 1412 1409 1408
1414 1419 1418 1422
1414 1415 1410 1411
1415 1414 1419 1418
1415 1410 1411 1406
1416 1417 1420 1423
1416 1413 1412 1409
1417 1420 1423 1426
1417 1416 1413 1412
1418 1422 1421 1425
1418 1419 1414 1415
1419 1418 1422 1421
1419 1414 1415 1410
1420 1423 1426 1427
1420 1417 1416 1413
1421 1425 1424 1430
1421 1422 1418 1419
1422 1421 1425 1424
1422 1418 1419 1414
1423 1426 1427 1431
1423 1420 1417 1416
1424 1430 1429 1428
1424 1425 1421 1422
1425 1424 1430 1429
1425 1421 1422 1418
1426 1427 1431 1432
1426 1423 1420 1417
1427 1431 1432 1435
1427 1426 1423 1420
1428 1434 1433 1438
1428 1429 1430 1424
1429 1428 1434 1433
1429 1430 1424 1425
1430 1429 1428 1434
1430 1424 1425 1421
1431 1432 1435 1436
1431 1427 1426 1423
1432 1435 1436 1439
1432 1431 1427 1426
1433 1438 1437 1442
1433 1434 1428 1429
1434 1433 1438 1437
1434 1428 1429 1430
1435 1436 1439 1440
1435 1432 1431 1427
1436 1439 1440 1443
1436 1435 1432 1431
1437 1442 1441 1445
1437 1438 1433 1434
1438 1437 1442 1441
1438 1433 1434 1428
1439 1440 1443 1446
1439 1436 1435 1432
1440 1443 1446 1447
1440 1439 1436 1435
1441 1445 1444 1449
1441 1442 1437 1438
1442 1441 1445 1444
1442 1437 1438 1433
1443 1446 1447 1450
1443 1440 1439 1436
1444 1449 1448 1453
1444 1445 1441 1442
1445 1444 1449 1448
1445 1441 1442 1437
1446 1447 1450 1451
1446 1443 1440 1439
1447 1450 1451 1454
1447 1446 1443 1440
1448 1453 1452 1457
1448 1449 1444 1445
1449 1448 1453 1452
1449 1444 1445 1441
1450 1451 1454 1455
1450 1447 1446 1443
1451 1454 1455 1458
1451 1450 1447 1446
1452 1457 1456 1461
1452 1453 1448 1449
1453 1452 1457 1456
1453 1448 1449 1444
1454 1455 1458 1459
1454 1451 1450 1447
1455 1458 1459 1462
1455 1454 1451 1450
1456 1461 1460 1465
1456 1457 1452 1453
1457 1456 1461 1460
1457 1452 1453 1448
1458 1459 1462 1463
1458 1455 1454 1451
1459 1462 1463 1466
1459 1458 1455 1454
1460 1465 1464 1469
1460 1461 1456 1457
1461 1460 1465 1464
1461 1456 1457 1452
1462 1463 1466 1467
1462 1459 1458 1455
1463 1466 1467 1470
1463 1462 1459 1458
1464 1469 1468 1472
1464 1465 1460 1461
1465 1464 1469 1468
1465 1460 1461 1456
1466 1467 1470 1473
1466 1463 1462 1459
1467 1470 1473 1474
1467 1466 1463 1462
1468 1472 1471 1476
1468 1469 1464 1465
1469 1468 1472 1471
1469 1464 1465 1460
1470 1473 1474 1477
1470 1467 1466 1463
1471 1476 1475 1481
1471 1472 1468 1469
1472 1471 1476 1475
1472 1468 1469 1464
1473 1474 1477 1478
1473 1470 1467 1466
1474 1477 1478 1482
1474 1473 1470 1467
1475 1481 1480 1479
1475 1476 1471 1472
1476 1475 1481 1480
1476 1471 1472 1468
1477 1478 1482 1483
1477 1474 1473 1470
1478 1482 1483 1486
1478 1477 1474 1473
1479 1485 1484 1489
1479 1480 1481 1475
1480 1479 1485 1484
1480 1481 1475 1476
1481 1480 1479 1485
1481 1475 1476 1471
1482 1483 1486 1487
1482 1478 1477 1474
1483 1486 1487 1490
1483 1482 1478 1477
1484 1489 1488 1493
1484 1485 1479 1480
1485 1484 1489 1488
1485 1479 1480 1481
1486 1487 1490 1491
1486 1483 1482 1478
1487 1490 1491 1494
1487 1486 1483 1482
1488 1493 1492 1497
1488 1489 1484 1485
1489 1488 1493 1492
1489 1484 1485 1479
1490 1491 1494 1495
1490 1487 1486 1483
1491 1494 1495 1498
1491 1490 1487 1486
1492 1497 1496 1501
1492 1493 1488 1489
1493 1492 1497 1496
1493 1488 1489 1484
1494 1495 1498 1499
1494 1491 1490 1487
1495 1498 1499 1502
1495 1494 1491 1490
1496 1501 1500 1505
1496 1497 1492 1493
1497 1496 1501 1500
1497 1492 1493 1488
1498 1499 1502 1503
1498 1495 1494 1491
1499 1502 1503 1506
1499 1498 1495 1494
1500 1505 1504 1509
1500 1501 1496 1497
1501 1500 1505 1504
1501 1496 1497 1492
1502 1503 1506 1507
1502 1499 1498 1495
1503 1506 1507 1510
1503 1502 1499 1498
1504 1509 1508 1513
1504 1505 1500 1501
1505 1504 1509 1508
1505 1500 1501 1496
1506 1507 1510 1511
1506 1503 1502 1499
1507 1510 1511 1514
1507 1506 1503 1502
1508 1513 1512 1517
1508 1509 1504 1505
1509 1508 1513 1512
1509 1504 1505 1500
1510 1511 1514 1515
1510 1507 1506 1503
1511 1514 1515 1518
1511 1510 1507 1506
1512 1517 1516 1521
1512 1513 1508 1509
1513 1512 1517 1516
1513 1508 1509 1504
1514 1515 1518 1519
1514 1511 1510 1507
1515 1518 1519 1522
1515 1514 1511 1510
1516 1521 1520 1525
1516 1517 1512 1513
1517 1516 1521 1520
1517 1512 1513 1508
1518 1519 1522 1523
1518 1515 1514 1511
1519 1522 1523 1526
1519 1518 1515 1514
1520 1525 1524 1529
1520 1521 1516 1517
1521 1520 1525 1524
1521 1516 1517 1512
1522 1523 1526 1527
1522 1519 1518 1515
1523 1526 1527 1530
1523 1522 1519 1518
1524 1529 1528 1534
1524 1525 1520 1521
1525 1524 1529 1528
1525 1520 1521 1516
1526 1527 1530 1531
1526 1523 1522 1519
1527 1530 1531 1535
1527 1526 1523 1522
1528 1534 1533 1532
1528 1529 1524 1525
1529 1528 1534 1533
1529 1524 1525 1520
1530 1531 1535 1536
1530 1527 1526 1523
1531 1535 1536 1539
1531 1530 1527 1526
1532 1538 1537 1542
1532 1533 1534 1528
1533 1532 1538 1537
1533 1534 1528 1529
1534 1533 1532 1538
1534 1528 1529 1524
1535 1536 1539 1540
1535 1531 1530 1527
1536 1539 1540 1543
1536 1535 1531 1530
1537 1542 1541 1546
1537 1538 1532 1533
1538 1537 1542 1541
1538 1532 1533 1534
1539 1540 1543 1544
1539 1536 1535 1531
1540 1543 1544 1547
1540 1539 1536 1535
1541 1546 1545 1550
1541 1542 1537 1538
1542 1541 1546 1545
1542 1537 1538 1532
1543 1544 1547 1548
1543 1540 1539 1536
1544 1547 1548 1551
1544 1543 1540 1539
1545 1550 1549 1554
1545 1546 1541 1542
1546 1545 1550 1549
1546 1541 1542 1537
1547 1548 1551 1552
1547 1544 1543 1540
1548 1551 1552 1555
1548 1547 1544 1543
1549 1554 1553 1558
1549 1550 1545 1546
1550 1549 1554 1553
1550 1545 1546 1541
1551 1552 1555 1556
1551 1548 1547 1544
1552 1555 1556 1559
1552 1551 1548 1547
1553 1558 1557 1562
1553 1554 1549 1550
1554 1553 1558 1557
1554 1549 1550 1545
1555 1556 1559 1560
1555 1552 1551 1548
1556 1559 1560 1563
1556 1555 1552 1551
1557 1562 1561 1566
1557 1558 1553 1554
1558 1557 1562 1561
1558 1553 1554 1549
1559 1560 1563 1564
1559 1556 1555 1552
1560 1563 1564 1567
1560 1559 1556 1555
1561 1566 1565 1570
1561 1562 1557 1558
1562 1561 1566 1565
1562 1557 1558 1553
1563 1564 1567 1568
1563 1560 1559 1556
1564 1567 1568 1571
1564 1563 1560 1559
1565 1570 1569 1574
1565 1566 1561 1562
1566 1565 1570 1569
1566 1561 1562 1557
1567 1568 1571 1572
1567 1564 1563 1560
1568 1571 1572 1575
1568 1567 1564 1563
1569 1574 1573 1579
1569 1570 1565 1566
1570 1569 1574 1573
1570 1565 1566 1561
1571 1572 1575 1576
1571 1568 1567 1564
1572 1575 1576 1577
1572 1571 1568 1567
1573 1579 1578 1583
1573 1574 1569 1570
1574 1573 1579 1578
1574 1569 1570 1565
1575 1576 1577 1580
1575 1572 1571 1568
1576 1577 1580 1581
1576 1575 1572 1571
1577 1580 1581 1584
1577 1576 1575 1572
1578 1583 1582 1588
1578 1579 1573 1574
1579 1578 1583 1582
1579 1573 1574 1569
1580 1581 1584 1585
1580 1577 1576 1575
1581 1584 1585 1589
1581 1580 1577 1576
1582 1588 1587 1586
1582 1583 1578 1579
1583 1582 1588 1587
1583 1578 1579 1573
1584 1585 1589 1590
1584 1581 1580 1577
1585 1589 1590 1593
1585 1584 1581 1580
1586 1592 1591 1596
1586 1587 1588 1582
1587 1586 1592 1591
1587 1588 1582 1583
1588 1587 1586 1592
1588 1582 1583 1578
1589 1590 1593 1594
1589 1585 1584 1581
1590 1593 1594 1597
1590 1589 1585 1584
1591 1596 1595 1600
1591 1592 1586 1587
1592 1591 1596 1595
1592 1586 1587 1588
1593 1594 1597 1598
1593 1590 1589 1585
1594 1597 1598 1601
1594 1593 1590 1589
1595 1600 1599 1604
1595 1596 1591 1592
1596 1595 1600 1599
1596 1591 1592 1586
1597 1598 1601 1602
1597 1594 1593 1590
1598 1601 1602 1605
1598 1597 1594 1593
1599 1604 1603 1608
1599 1600 1595 1596
1600 1599 1604 1603
1600 1595 1596 1591
1601 1602 1605 1606
1601 1598 1597 1594
1602 1605 1606 1609
1602 1601 1598 1597
1603 1608 1607 1613
1603 1604 1599 1600
1604 1603 1608 1607
1604 1599 1600 1595
1605 1606 1609 1610
1605 1602 1601 1598
1606 1609 1610 1611
1606 1605 1602 1601
1607 1613 1612 1617
1607 1608 1603 1604
1608 1607 1613 1612
1608 1603 1604 1599
1609 1610 1611 1614
1609 1606 1605 1602
1610 1611 1614 1615
1610 1609 1606 1605
1611 1614 1615 1618
1611 1610 1609 1606
1612 1617 1616 1621
1612 1613 1607 1608
1613 1612 1617 1616
1613 1607 1608 1603
1614 1615 1618 1619
1614 1611 1610 1609
1615 1618 1619 1622
1615 1614 1611 1610
1616 1621 1620 1626
1616 1617 1612 1613
1617 1616 1621 1620
1617 1612 1613 1607
1618 1619 1622 1623
1618 1615 1614 1611
1619 1622 1623 1627
1619 1618 1615 1614
1620 1626 1625 1624
1620 1621 1616 1617
1621 1620 1626 1625
1621 1616 1617 1612
1622 1623 1627 1628
1622 1619 1618 1615
1623 1627 1628 1631
1623 1622 1619 1618
1624 1630 1629 1634
1624 1625 1626 1620
1625 1624 1630 1629
1625 1626 1620 1621
1626 1625 1624 1630
1626 1620 1621 1616
1627 1628 1631 1632
1627 1623 1622 1619
1628 1631 1632 1635
1628 1627 1623 1622
1629 1634 1633 1638
1629 1630 1624 1625
1630 1629 1634 1633
1630 1624 1625 1626
1631 1632 1635 1636
1631 1628 1627 1623
1632 1635 1636 1639
1632 1631 1628 1627
1633 1638 1637 1643
1633 1634 1629 1630
1634 1633 1638 1637
1634 1629 1630 1624
1635 1636 1639 1640
1635 1632 1631 1628
1636 1639 1640 1644
1636 1635 1632 1631
1637 1643 1642 1641
1637 1638 1633 1634
1638 1637 1643 1642
1638 1633 1634 1629
1639 1640 1644 1645
1639 1636 1635 1632
1640 1644 1645 1648
1640 1639 1636 1635
1641 1647 1646 1651
1641 1642 1643 1637
1642 1641 1647 1646
1642 1643 1637 1638
1643 1642 1641 1647
1643 1637 1638 1633
1644 1645 1648 1649
1644 1640 1639 1636
1645 1648 1649 1652
1645 1644 1640 1639
1646 1651 1650 1656
1646 1647 1641 1642
1647 1646 1651 1650
1647 1641 1642 1643
1648 1649 1652 1653
1648 1645 1644 1640
1649 1652 1653 1654
1649 1648 1645 1644
1650 1656 1655 1660
1650 1651 1646 1647
1651 1650 1656 1655
1651 1646 1647 1641
1652 1653 1654 1657
1652 1649 1648 1645
1653 1654 1657 1658
1653 1652 1649 1648
1654 1657 1658 1661
1654 1653 1652 1649
1655 1660 1659 1664
1655 1656 1650 1651
1656 1655 1660 1659
1656 1650 1651 1646
1657 1658 1661 1662
1657 1654 1653 1652
1658 1661 1662 1665
1658 1657 1654 1653
1659 1664 1663 1668
1659 1660 1655 1656
1660 1659 1664 1663
1660 1655 1656 1650
1661 1662 1665 1666
1661 1658 1657 1654
1662 1665 1666 1669
1662 1661 1658 1657
1663 1668 1667 1673
1663 1664 1659 1660
1664 1663 1668 1667
1664 1659 1660 1655
1665 1666 1669 1670
1665 1662 1661 1658
1666 1669 1670 1671
1666 1665 1662 1661
1667 1673 1672 1677
1667 1668 1663 1664
1668 1667 1673 1672
1668 1663 1664 1659
1669 1670 1671 1674
1669 1666 1665 1662
1670 1671 1674 1675
1670 1669 1666 1665
1671 1674 1675 1678
1671 1670 1669 1666
1672 1677 1676 1682
1672 1673 1667 1668
1673 1672 1677 1676
1673 1667 1668 1663
1674 1675 1678 1679
1674 1671 1670 1669
1675 1678 1679 1683
1675 1674 1671 1670
1676 1682 1681 1680
1676 1677 1672 1673
1677 1676 1682 1681
1677 1672 1673 1667
1678 1679 1683 1684
1678 1675 1674 1671
1679 1683 1684 1687
1679 1678 1675 1674
1680 1686 1685 1691
1680 1681 1682 1676
1681 1680 1686 1685
1681 1682 1676 1677
1682 1681 1680 1686
1682 1676 1677 1672
1683 1684 1687 1688
1683 1679 1678 1675
1684 1687 1688 1689
1684 1683 1679 1678
1685 1691 1690 1695
1685 1686 1680 1681
1686 1685 1691 1690
1686 1680 1681 1682
1687 1688 1689 1692
1687 1684 1683 1679
1688 1689 1692 1693
1688 1687 1684 1683
1689 1692 1693 1696
1689 1688 1687 1684
1690 1695 1694 1700
1690 1691 1685 1686
1691 1690 1695 1694
1691 1685 1686 1680
1692 1693 1696 1697
1692 1689 1688 1687
1693 1696 1697 1701
1693 1692 1689 1688
1694 1700 1699 1698
1694 1695 1690 1691
1695 1694 1700 1699
1695 1690 1691 1685
1696 1697 1701 1702
1696 1693 1692 1689
1697 1701 1702 1705
1697 1696 1693 1692
1698 1704 1703 1708
1698 1699 1700 1694
1699 1698 1704 1703
1699 1700 1694 1695
1700 1699 1698 1704
1700 1694 1695 1690
1701 1702 1705 1706
1701 1697 1696 1693
1702 1705 1706 1709
1702 1701 1697 1696
1703 1708 1707 1712
1703 1704 1698 1699
1704 1703 1708 1707
1704 1698 1699 1700
1705 1706 1709 1710
1705 1702 1701 1697
1706 1709 1710 1713
1706 1705 1702 1701
1707 1712 1711 1716
1707 1708 1703 1704
1708 1707 1712 1711
1708 1703 1704 1698
1709 1710 1713 1714
1709 1706 1705 1702
1710 1713 1714 1717
1710 1709 1706 1705
1711 1716 1715 1720
1711 1712 1707 1708
1712 1711 1716 1715
1712 1707 1708 1703
1713 1714 1717 1718
1713 1710 1709 1706
1714 1717 1718 1721
1714 1713 1710 1709
1715 1720 1719 1724
1715 1716 1711 1712
1716 1715 1720 1719
1716 1711 1712 1707
1717 1718 1721 1722
1717 1714 1713 1710
1718 1721 1722 1725
1718 1717 1714 1713
1719 1724 1723 1728
1719 1720 1715 1716
1720 1719 1724 1723
1720 1715 1716 1711
1721 1722 1725 1726
1721 1718 1717 1714
1722 1725 1726 1729
1722 1721 1718 1717
1723 1728 1727 1733
1723 1724 1719 1720
1724 1723 1728 1727
1724 1719 1720 1715
1725 1726 1729 1730
1725 1722 1721 1718
1726 1729 1730 1731
1726 1725 1722 1721
1727 1733 1732 1738
1727 1728 1723 1724
1728 1727 1733 1732
1728 1723 1724 1719
1729 1730 1731 1734
1729 1726 1725 1722
1730 1731 1734 1735
1730 1729 1726 1725
1731 1734 1735 1739
1731 1730 1729 1726
1732 1738 1737 1736
1732 1733 1727 1728
1733 1732 1738 1737
1733 1727 1728 1723
1734 1735 1739 1740
1734 1731 1730 1729
1735 1739 1740 1743
1735 1734 1731 1730
1736 1742 1741 1746
1736 1737 1738 1732
1737 1736 1742 1741
1737 1738 1732 1733
1738 1737 1736 1742
1738 1732 1733 1727
1739 1740 1743 1744
1739 1735 1734 1731
1740 1743 1744 1747
1740 1739 1735 1734
1741 1746 1745 1750
1741 1742 1736 1737
1742 1741 1746 1745
1742 1736 1737 1738
1743 1744 1747 1748
1743 1740 1739 1735
1744 1747 1748 1751
1744 1743 1740 1739
1745 1750 1749 1756
1745 1746 1741 1742
1746 1745 1750 1749
1746 1741 1742 1736
1747 1748 1751 1752
1747 1744 1743 1740
1748 1751 1752 1753
1748 1747 1744 1743
1749 1756 1755 1754
1749 1750 1745 1746
1750 1749 1756 1755
1750 1745 1746 1741
1751 1752 1753 1757
1751 1748 1747 1744
1752 1753 1757 1758
1752 1751 1748 1747
1753 1757 1758 1759
1753 1752 1751 1748
1754 1761 1760 1769
1754 1755 1756 1749
1755 1754 1761 1760
1755 1756 1749 1750
1756 1755 1754 1761
1756 1749 1750 1745
1757 1758 1759 1762
1757 1753 1752 1751
1758 1759 1762 1763
1758 1757 1753 1752
1759 1762 1763 1764
1759 1758 1757 1753
1760 1769 1768 1785
1760 1761 1754 1755
1761 1760 1769 1768
1761 1754 1755 1756
1762 1763 1764 1765
1762 1759 1758 1757
1763 1764 1765 1766
1763 1762 1759 1758
1764 1765 1766 1767
1764 1763 1762 1759
1765 1766 1767 1770
1765 1764 1763 1762
1766 1767 1770 1771
1766 1765 1764 1763
1767 1770 1771 1772
1767 1766 1765 1764
1768 1785 1784 1798
1768 1769 1760 1761
1769 1768 1785 1784
1769 1760 1761 1754
1770 1771 1772 1773
1770 1767 1766 1765
1771 1772 1773 1774
1771 1770 1767 1766
1772 1773 1774 1775
1772 1771 1770 1767
1773 1774 1775 1776
1773 1772 1771 1770
1774 1775 1776 1777
1774 1773 1772 1771
1775 1776 1777 1778
1775 1774 1773 1772
1776 1777 1778 1779
1776 1775 1774 1773
1777 1778 1779 1780
1777 1776 1775 1774
1778 1779 1780 1781
1778 1777 1776 1775
1779 1780 1781 1782
1779 1778 1777 1776
1780 1781 1782 1783
1780 1779 1778 1777
1781 1782 1783 1786
1781 1780 1779 1778
1782 1783 1786 1787
1782 1781 1780 1779
1783 1786 1787 1788
1783 1782 1781 1780
1784 1798 1797 1814
1784 1785 1768 1769
1785 1784 1798 1797
1785 1768 1769 1760
1786 1787 1788 1789
1786 1783 1782 1781
1787 1788 1789 1790
1787 1786 1783 1782
1788 1789 1790 1791
1788 1787 1786 1783
1789 1790 1791 1792
1789 1788 1787 1786
1790 1791 1792 1793
1790 1789 1788 1787
1791 1792 1793 1794
1791 1790 1789 1788
1792 1793 1794 1795
1792 1791 1790 1789
1793 1794 1795 1796
1793 1792 1791 1790
1794 1795 1796 1799
1794 1793 1792 1791
1795 1796 1799 1800
1795 1794 1793 1792
1796 1799 1800 1801
1796 1795 1794 1793
1797 1814 1813 1826
1797 1798 1784 1785
1798 1797 1814 1813
1798 1784 1785 1768
1799 1800 1801 1802
1799 1796 1795 1794
1800 1801 1802 1803
1800 1799 1796 1795
1801 1802 1803 1804
1801 1800 1799 1796
1802 1803 1804 1805
1802 1801 1800 1799
1803 1804 1805 1806
1803 1802 1801 1800
1804 1805 1806 1807
1804 1803 1802 1801
1805 1806 1807 1808
1805 1804 1803 1802
1806 1807 1808 1809
1806 1805 1804 1803
1807 1808 1809 1810
1807 1806 1805 1804
1808 1809 1810 1811
1808 1807 1806 1805
1809 1810 1811 1812
1809 1808 1807 1806
1810 1811 1812 1815
1810 1809 1808 1807
1811 1812 1815 1816
1811 1810 1809 1808
1812 1815 1816 1817
1812 1811 1810 1809
1813 1826 1825 1842
1813 1814 1797 1798
1814 1813 1826 1825
1814 1797 1798 1784
1815 1816 1817 1818
1815 1812 1811 1810
1816 1817 1818 1819
1816 1815 1812 1811
1817 1818 1819 1820
1817 1816 1815 1812
1818 1819 1820 1821
1818 1817 1816 1815
1819 1820 1821 1822
1819 1818 1817 1816
1820 1821 1822 1823
1820 1819 1818 1817
1821 1822 1823 1824
1821 1820 1819 1818
1822 1823 1824 1827
1822 1821 1820 1819
1823 1824 1827 1828
1823 1822 1821 1820
1824 1827 1828 1829
1824 1823 1822 1821
1825 1842 1841 1855
1825 1826 1813 1814
1826 1825 1842 1841
1826 1813 1814 1797
1827 1828 1829 1830
1827 1824 1823 1822
1828 1829 1830 1831
1828 1827 1824 1823
1829 1830 1831 1832
1829 1828 1827 1824
1830 1831 1832 1833
1830 1829 1828 1827
1831 1832 1833 1834
1831 1830 1829 1828
1832 1833 1834 1835
1832 1831 1830 1829
1833 1834 1835 1836
1833 1832 1831 1830
1834 1835 1836 1837
1834 1833 1832 1831
1835 1836 1837 1838
1835 1834 1833 1832
1836 1837 1838 1839
1836 1835 1834 1833
1837 1838 1839 1840
1837 1836 1835 1834
1838 1839 1840 1843
1838 1837 1836 1835
1839 1840 1843 1844
1839 1838 1837 1836
1840 1843 1844 1845
1840 1839 1838 1837
1841 1855 1854 1873
1841 1842 1825 1826
1842 1841 1855 1854
1842 1825 1826 1813
1843 1844 1845 1846
1843 1840 1839 1838
1844 1845 1846 1847
1844 1843 1840 1839
1845 1846 1847 1848
1845 1844 1843 1840
1846 1847 1848 1849
1846 1845 1844 1843
1847 1848 1849 1850
1847 1846 1845 1844
1848 1849 1850 1851
1848 1847 1846 1845
1849 1850 1851 1852
1849 1848 1847 1846
1850 1851 1852 1853
1850 1849 1848 1847
1851 1852 1853 1856
1851 1850 1849 1848
1852 1853 1856 1857
1852 1851 1850 1849
1853 1856 1857 1858
1853 1852 1851 1850
1854 1873 1872 1871
1854 1855 1841 1842
1855 1854 1873 1872
1855 1841 1842 1825
1856 1857 1858 1859
1856 1853 1852 1851
1857 1858 1859 1860
1857 1856 1853 1852
1858 1859 1860 1861
1858 1857 1856 1853
1859 1860 1861 1862
1859 1858 1857 1856
1860 1861 1862 1863
1860 1859 1858 1857
1861 1862 1863 1864
1861 1860 1859 1858
1862 1863 1864 1865
1862 1861 1860 1859
1863 1864 1865 1866
1863 1862 1861 1860
1864 1865 1866 1867
1864 1863 1862 1861
1865 1866 1867 1868
1865 1864 1863 1862
1866 1867 1868 1869
1866 1865 1864 1863
1867 1868 1869 1870
1867 1866 1865 1864
1868 1869 1870 1874
1868 1867 1866 1865
1869 1870 1874 1875
1869 1868 1867 1866
1870 1874 1875 1876
1870 1869 1868 1867
1871 1879 1878 1877
1871 1872 1873 1854
1872 1871 1879 1878
1872 1873 1854 1855
1873 1872 1871 1879
1873 1854 1855 1841
1874 1875 1876 1877
1874 1870 1869 1868
1875 1876 1877 1878
1875 1874 1870 1869
1876 1877 1878 1879
1876 1875 1874 1870
1877 1878 1879 1871
1877 1876 1875 1874
1878 1877 1876 1875
1878 1879 1871 1872
1879 1878 1877 1876
1879 1871 1872 1873
