0 31 30 29
0 1 2 3
1 0 31 30
1 2 3 4
2 1 0 31
2 3 4 5
3 2 1 0
3 4 5 6
4 3 2 1
4 5 6 7
5 4 3 2
5 6 7 8
6 5 4 3
6 7 8 9
7 6 5 4
7 8 9 10
8 7 6 5
8 9 10 11
9 8 7 6
9 10 11 12
10 9 8 7
10 11 12 13
11 10 9 8
11 12 13 14
12 11 10 9
12 13 14 15
13 12 11 10
13 14 15 16
14 15 16 17
14 13 12 11
15 16 17 18
15 14 13 12
16 17 18 32
16 15 14 13
17 18 32 33
17 16 15 14
18 32 33 34
18 17 16 15
19 53 52 51
19 20 21 22
20 19 53 52
20 21 22 23
21 20 19 53
21 22 23 24
22 21 20 19
22 23 24 25
23 22 21 20
23 24 25 26
24 23 22 21
24 25 26 27
25 24 23 22
25 26 27 28
26 25 24 23
26 27 28 29
27 26 25 24
27 28 29 30
28 27 26 25
28 29 30 31
29 28 27 26
29 30 31 0
30 29 28 27
30 31 0 1
31 30 29 28
31 0 1 2
32 33 34 54
32 18 17 16
33 34 54 55
33 32 18 17
34 54 55 56
34 33 32 18
35 69 68 67
35 36 37 38
36 35 69 68
36 37 38 39
37 36 35 69
37 38 39 40
38 37 36 35
38 39 40 41
39 38 37 36
39 40 41 42
40 39 38 37
40 41 42 43
41 40 39 38
41 42 43 44
42 41 40 39
42 43 44 45
43 42 41 40
43 44 45 46
44 43 42 41
44 45 46 47
45 44 43 42
45 46 47 48
46 45 44 43
46 47 48 49
47 46 45 44
47 48 49 50
48 47 46 45
48 49 50 51
49 48 47 46
49 50 51 52
50 49 48 47
50 51 52 53
51 50 49 48
51 52 53 19
52 51 50 49
52 53 19 20
53 52 51 50
53 19 20 21
54 55 56 70
54 34 33 32
55 56 70 71
55 54 34 33
56 70 71 72
56 55 54 34
57 90 89 88
57 58 59 60
58 57 90 89
58 59 60 61
59 58 57 90
59 60 61 62
60 59 58 57
60 61 62 63
61 60 59 58
61 62 63 64
62 61 60 59
62 63 64 65
63 62 61 60
63 64 65 66
64 63 62 61
64 65 66 67
65 64 63 62
65 66 67 68
66 65 64 63
66 67 68 69
67 66 65 64
67 68 69 35
68 67 66 65
68 69 35 36
69 68 67 66
69 35 36 37
70 71 72 91
70 56 55 54
71 72 91 92
71 70 56 55
72 91 92 93
72 71 70 56
73 107 106 105
73 74 75 76
74 73 107 106
74 75 76 77
75 74 73 107
75 76 77 78
76 75 74 73
76 77 78 79
77 76 75 74
77 78 79 80
78 77 76 75
78 79 80 81
79 78 77 76
79 80 81 82
80 79 78 77
80 81 82 83
81 80 79 78
81 82 83 84
82 81 80 79
82 83 84 85
83 82 81 80
83 84 85 86
84 83 82 81
84 85 86 87
85 84 83 82
85 86 87 88
86 85 84 83
86 87 88 89
87 86 85 84
87 88 89 90
88 87 86 85
88 89 90 57
89 88 87 86
89 90 57 58
90 89 88 87
90 57 58 59
91 92 93 108
91 72 71 70
92 93 108 109
92 91 72 71
93 108 109 110
93 92 91 72
94 129 128 127
94 95 96 97
95 94 129 128
95 96 97 98
96 95 94 129
96 97 98 99
97 96 95 94
97 98 99 100
98 97 96 95
98 99 100 101
99 98 97 96
99 100 101 102
100 99 98 97
100 101 102 103
101 100 99 98
101 102 103 104
102 101 100 99
102 103 104 105
103 102 101 100
103 104 105 106
104 103 102 101
104 105 106 107
105 104 103 102
105 106 107 73
106 105 104 103
106 107 73 74
107 106 105 104
107 73 74 75
108 109 110 130
108 93 92 91
109 110 130 131
109 108 93 92
110 130 131 132
110 109 108 93
111 146 145 144
111 112 113 114
112 111 146 145
112 113 114 115
113 112 111 146
113 114 115 116
114 113 112 111
114 115 116 117
115 114 113 112
115 116 117 118
116 115 114 113
116 117 118 119
117 116 115 114
117 118 119 120
118 117 116 115
118 119 120 121
119 118 117 116
119 120 121 122
120 119 118 117
120 121 122 123
121 120 119 118
121 122 123 124
122 121 120 119
122 123 124 125
123 122 121 120
123 124 125 126
124 123 122 121
124 125 126 127
125 124 123 122
125 126 127 128
126 125 124 123
126 127 128 129
127 126 125 124
127 128 129 94
128 127 126 125
128 129 94 95
129 128 127 126
129 94 95 96
130 131 132 133
130 110 109 108
131 132 133 147
131 130 110 109
132 133 147 148
132 131 130 110
133 147 148 149
133 132 131 130
134 159 158 157
134 135 136 137
135 134 159 158
135 136 137 138
136 135 134 159
136 137 138 139
137 136 135 134
137 138 139 140
138 137 136 135
138 139 140 141
139 138 137 136
139 140 141 142
140 139 138 137
140 141 142 143
141 140 139 138
141 142 143 144
142 141 140 139
142 143 144 145
143 142 141 140
143 144 145 146
144 143 142 141
144 145 146 111
145 144 143 142
145 146 111 112
146 145 144 143
146 111 112 113
147 148 149 150
147 133 132 131
148 149 150 160
148 147 133 132
149 150 160 161
149 148 147 133
150 160 161 162
150 149 148 147
151 165 164 171
151 152 153 154
152 151 165 164
152 153 154 155
153 152 151 165
153 154 155 156
154 153 152 151
154 155 156 157
155 154 153 152
155 156 157 158
156 155 154 153
156 157 158 159
157 156 155 154
157 158 159 134
158 157 156 155
158 159 134 135
159 158 157 156
159 134 135 136
160 161 162 163
160 150 149 148
161 162 163 166
161 160 150 149
162 163 166 167
162 161 160 150
163 166 167 168
163 162 161 160
164 171 170 177
164 165 151 152
165 164 171 170
165 151 152 153
166 167 168 169
166 163 162 161
167 168 169 172
167 166 163 162
168 169 172 173
168 167 166 163
169 172 173 174
169 168 167 166
170 177 176 183
170 171 164 165
171 170 177 176
171 164 165 151
172 173 174 175
172 169 168 167
173 174 175 178
173 172 169 168
174 175 178 179
174 173 172 169
175 178 179 180
175 174 173 172
176 183 182 189
176 177 170 171
177 176 183 182
177 170 171 164
178 179 180 181
178 175 174 173
179 180 181 184
179 178 175 174
180 181 184 185
180 179 178 175
181 184 185 186
181 180 179 178
182 189 188 193
182 183 176 177
183 182 189 188
183 176 177 170
184 185 186 187
184 181 180 179
185 186 187 190
185 184 181 180
186 187 190 191
186 185 184 181
187 190 191 192
187 186 185 184
188 193 199 198
188 189 182 183
189 188 193 199
189 182 183 176
190 191 192 194
190 187 186 185
191 192 194 195
191 190 187 186
192 194 195 196
192 191 190 187
193 199 198 204
193 188 189 182
194 195 196 197
194 192 191 190
195 196 197 200
195 194 192 191
196 197 200 201
196 195 194 192
197 200 201 202
197 196 195 194
198 204 203 209
198 199 193 188
199 198 204 203
199 193 188 189
200 201 202 205
200 197 196 195
201 202 205 206
201 200 197 196
202 205 206 207
202 201 200 197
203 209 208 214
203 204 198 199
204 203 209 208
204 198 199 193
205 206 207 210
205 202 201 200
206 207 210 211
206 205 202 201
207 210 211 212
207 206 205 202
208 214 213 218
208 209 203 204
209 208 214 213
209 203 204 198
210 211 212 215
210 207 206 205
211 212 215 216
211 210 207 206
212 215 216 217
212 211 210 207
213 218 223 222
213 214 208 209
214 213 218 223
214 208 209 203
215 216 217 219
215 212 211 210
216 217 219 220
216 215 212 211
217 219 220 221
217 216 215 212
218 223 222 228
218 213 214 208
219 220 221 224
219 217 216 215
220 221 224 225
220 219 217 216
221 224 225 226
221 220 219 217
222 228 227 233
222 223 218 213
223 222 228 227
223 218 213 214
224 225 226 229
224 221 220 219
225 226 229 230
225 224 221 220
226 229 230 231
226 225 224 221
227 233 232 238
227 228 222 223
228 227 233 232
228 222 223 218
229 230 231 234
229 226 225 224
230 231 234 235
230 229 226 225
231 234 235 236
231 230 229 226
232 238 237 242
232 233 227 228
233 232 238 237
233 227 228 222
234 235 236 239
234 231 230 229
235 236 239 240
235 234 231 230
236 239 240 241
236 235 234 231
237 242 247 246
237 238 232 233
238 237 242 247
238 232 233 227
239 240 241 243
239 236 235 234
240 241 243 244
240 239 236 235
241 243 244 245
241 240 239 236
242 247 246 252
242 237 238 232
243 244 245 248
243 241 240 239
244 245 248 249
244 243 241 240
245 248 249 250
245 244 243 241
246 252 251 257
246 247 242 237
247 246 252 251
247 242 237 238
248 249 250 253
248 245 244 243
249 250 253 254
249 248 245 244
250 253 254 255
250 249 248 245
251 257 256 261
251 252 246 247
252 251 257 256
252 246 247 242
253 254 255 258
253 250 249 248
254 255 258 259
254 253 250 249
255 258 259 260
255 254 253 250
256 261 266 272
256 257 251 252
257 256 261 266
257 251 252 246
258 259 260 262
258 255 254 253
259 260 262 263
259 258 255 254
260 262 263 264
260 259 258 255
261 266 272 271
261 256 257 251
262 263 264 265
262 260 259 258
263 264 265 267
263 262 260 259
264 265 267 268
264 263 262 260
265 267 268 269
265 264 263 262
266 272 271 278
266 261 256 257
267 268 269 270
267 265 264 263
268 269 270 273
268 267 265 264
269 270 273 274
269 268 267 265
270 273 274 275
270 269 268 267
271 278 277 283
271 272 266 261
272 271 278 277
272 266 261 256
273 274 275 276
273 270 269 268
274 275 276 279
274 273 270 269
275 276 279 280
275 274 273 270
276 279 280 281
276 275 274 273
277 283 288 294
277 278 271 272
278 277 283 288
278 271 272 266
279 280 281 282
279 276 275 274
280 281 282 284
280 279 276 275
281 282 284 285
281 280 279 276
282 284 285 286
282 281 280 279
283 288 294 293
283 277 278 271
284 285 286 287
284 282 281 280
285 286 287 289
285 284 282 281
286 287 289 290
286 285 284 282
287 289 290 291
287 286 285 284
288 294 293 300
288 283 277 278
289 290 291 292
289 287 286 285
290 291 292 295
290 289 287 286
291 292 295 296
291 290 289 287
292 295 296 297
292 291 290 289
293 300 299 304
293 294 288 283
294 293 300 299
294 288 283 277
295 296 297 298
295 292 291 290
296 297 298 301
296 295 292 291
297 298 301 302
297 296 295 292
298 301 302 303
298 297 296 295
299 304 308 313
299 300 293 294
300 299 304 308
300 293 294 288
301 302 303 305
301 298 297 296
302 303 305 306
302 301 298 297
303 305 306 307
303 302 301 298
304 308 313 312
304 299 300 293
305 306 307 309
305 303 302 301
306 307 309 310
306 305 303 302
307 309 310 311
307 306 305 303
308 313 312 318
308 304 299 300
309 310 311 314
309 307 306 305
310 311 314 315
310 309 307 306
311 314 315 316
311 310 309 307
312 318 317 322
312 313 308 304
313 312 318 317
313 308 304 299
314 315 316 319
314 311 310 309
315 316 319 320
315 314 311 310
316 319 320 321
316 315 314 311
317 322 326 330
317 318 312 313
318 317 322 326
318 312 313 308
319 320 321 323
319 316 315 314
320 321 323 324
320 319 316 315
321 323 324 325
321 320 319 316
322 326 330 329
322 317 318 312
323 324 325 327
323 321 320 319
324 325 327 328
324 323 321 320
325 327 328 331
325 324 323 321
326 330 329 334
326 322 317 318
327 328 331 332
327 325 324 323
328 331 332 335
328 327 325 324
329 334 333 336
329 330 326 322
330 329 334 333
330 326 322 317
331 332 335 337
331 328 327 325
332 335 337 338
332 331 328 327
333 336 340 339
333 334 329 330
334 333 336 340
334 329 330 326
335 337 338 341
335 332 331 328
336 340 339 343
336 333 334 329
337 338 341 344
337 335 332 331
338 341 344 346
338 337 335 332
339 343 342 345
339 340 336 333
340 339 343 342
340 336 333 334
341 344 346 348
341 338 337 335
342 345 347 351
342 343 339 340
343 342 345 347
343 339 340 336
344 346 348 349
344 341 338 337
345 347 351 350
345 342 343 339
346 348 349 352
346 344 341 338
347 351 350 354
347 345 342 343
348 349 352 355
348 346 344 341
349 352 355 357
349 348 346 344
350 354 353 356
350 351 347 345
351 350 354 353
351 347 345 342
352 355 357 360
352 349 348 346
353 356 359 358
353 354 350 351
354 353 356 359
354 350 351 347
355 357 360 363
355 352 349 348
356 359 358 362
356 353 354 350
357 360 363 365
357 355 352 349
358 362 361 364
358 359 356 353
359 358 362 361
359 356 353 354
360 363 365 368
360 357 355 352
361 364 367 366
361 362 358 359
362 361 364 367
362 358 359 356
363 365 368 371
363 360 357 355
364 367 366 370
364 361 362 358
365 368 371 373
365 363 360 357
366 370 369 372
366 367 364 361
367 366 370 369
367 364 361 362
368 371 373 375
368 365 363 360
369 372 374 377
369 370 366 367
370 369 372 374
370 366 367 364
371 373 375 378
371 368 365 363
372 374 377 376
372 369 370 366
373 375 378 380
373 371 368 365
374 377 376 379
374 372 369 370
375 378 380 382
375 373 371 368
376 379 381 384
376 377 374 372
377 376 379 381
377 374 372 369
378 380 382 385
378 375 373 371
379 381 384 383
379 376 377 374
380 382 385 387
380 378 375 373
381 384 383 386
381 379 376 377
382 385 387 390
382 380 378 375
383 386 389 388
383 384 381 379
384 383 386 389
384 381 379 376
385 387 390 393
385 382 380 378
386 389 388 392
386 383 384 381
387 390 393 395
387 385 382 380
388 392 391 394
388 389 386 383
389 388 392 391
389 386 383 384
390 393 395 398
390 387 385 382
391 394 397 396
391 392 388 389
392 391 394 397
392 388 389 386
393 395 398 401
393 390 387 385
394 397 396 400
394 391 392 388
395 398 401 403
395 393 390 387
396 400 399 402
396 397 394 391
397 396 400 399
397 394 391 392
398 401 403 406
398 395 393 390
399 402 405 404
399 400 396 397
400 399 402 405
400 396 397 394
401 403 406 409
401 398 395 393
402 405 404 408
402 399 400 396
403 406 409 411
403 401 398 395
404 408 407 410
404 405 402 399
405 404 408 407
405 402 399 400
406 409 411 414
406 403 401 398
407 410 413 412
407 408 404 405
408 407 410 413
408 404 405 402
409 411 414 416
409 406 403 401
410 413 412 415
410 407 408 404
411 414 416 418
411 409 406 403
412 415 417 420
412 413 410 407
413 412 415 417
413 410 407 408
414 416 418 421
414 411 409 406
415 417 420 419
415 412 413 410
416 418 421 423
416 414 411 409
417 420 419 422
417 415 412 413
418 421 423 425
418 416 414 411
419 422 424 427
419 420 417 415
420 419 422 424
420 417 415 412
421 423 425 428
421 418 416 414
422 424 427 426
422 419 420 417
423 425 428 430
423 421 418 416
424 427 426 429
424 422 419 420
425 428 430 433
425 423 421 418
426 429 432 431
426 427 424 422
427 426 429 432
427 424 422 419
428 430 433 436
428 425 423 421
429 432 431 435
429 426 427 424
430 433 436 438
430 428 425 423
431 435 434 437
431 432 429 426
432 431 435 434
432 429 426 427
433 436 438 441
433 430 428 425
434 437 440 439
434 435 431 432
435 434 437 440
435 431 432 429
436 438 441 443
436 433 430 428
437 440 439 442
437 434 435 431
438 441 443 445
438 436 433 430
439 442 444 447
439 440 437 434
440 439 442 444
440 437 434 435
441 443 445 448
441 438 436 433
442 444 447 446
442 439 440 437
443 445 448 450
443 441 438 436
444 447 446 449
444 442 439 440
445 448 450 453
445 443 441 438
446 449 452 451
446 447 444 442
447 446 449 452
447 444 442 439
448 450 453 455
448 445 443 441
449 452 451 454
449 446 447 444
450 453 455 456
450 448 445 443
451 454 458 457
451 452 449 446
452 451 454 458
452 449 446 447
453 455 456 459
453 450 448 445
454 458 457 460
454 451 452 449
455 456 459 461
455 453 450 448
456 459 461 463
456 455 453 450
457 460 462 464
457 458 454 451
458 457 460 462
458 454 451 452
459 461 463 465
459 456 455 453
460 462 464 466
460 457 458 454
461 463 465 467
461 459 456 455
462 464 466 469
462 460 457 458
463 465 467 470
463 461 459 456
464 466 469 468
464 462 460 457
465 467 470 472
465 463 461 459
466 469 468 471
466 464 462 460
467 470 472 475
467 465 463 461
468 471 474 473
468 469 466 464
469 468 471 474
469 466 464 462
470 472 475 477
470 467 465 463
471 474 473 476
471 468 469 466
472 475 477 480
472 470 467 465
473 476 479 478
473 474 471 468
474 473 476 479
474 471 468 469
475 477 480 482
475 472 470 467
476 479 478 481
476 473 474 471
477 480 482 485
477 475 472 470
478 481 484 483
478 479 476 473
479 478 481 484
479 476 473 474
480 482 485 487
480 477 475 472
481 484 483 486
481 478 479 476
482 485 487 490
482 480 477 475
483 486 489 488
483 484 481 478
484 483 486 489
484 481 478 479
485 487 490 492
485 482 480 477
486 489 488 491
486 483 484 481
487 490 492 494
487 485 482 480
488 491 493 495
488 489 486 483
489 488 491 493
489 486 483 484
490 492 494 496
490 487 485 482
491 493 495 497
491 488 489 486
492 494 496 498
492 490 487 485
493 495 497 499
493 491 488 489
494 496 498 500
494 492 490 487
495 497 499 501
495 493 491 488
496 498 500 502
496 494 492 490
497 499 501 503
497 495 493 491
498 500 502 504
498 496 494 492
499 501 503 506
499 497 495 493
500 502 504 505
500 498 496 494
501 503 506 509
501 499 497 495
502 504 505 507
502 500 498 496
503 506 509 508
503 501 499 497
504 505 507 510
504 502 500 498
505 507 510 512
505 504 502 500
506 509 508 511
506 503 501 499
507 510 512 514
507 505 504 502
508 511 513 515
508 509 506 503
509 508 511 513
509 506 503 501
510 512 514 516
510 507 505 504
511 513 515 517
511 508 509 506
512 514 516 518
512 510 507 505
513 515 517 519
513 511 508 509
514 516 518 520
514 512 510 507
515 517 519 521
515 513 511 508
516 518 520 522
516 514 512 510
517 519 521 524
517 515 513 511
518 520 522 525
518 516 514 512
519 521 524 523
519 517 515 513
520 522 525 527
520 518 516 514
521 524 523 526
521 519 517 515
522 525 527 529
522 520 518 516
523 526 528 530
523 524 521 519
524 523 526 528
524 521 519 517
525 527 529 531
525 522 520 518
526 528 530 532
526 523 524 521
527 529 531 533
527 525 522 520
528 530 532 535
528 526 523 524
529 531 533 536
529 527 525 522
530 532 535 534
530 528 526 523
531 533 536 538
531 529 527 525
532 535 534 537
532 530 528 526
533 536 538 540
533 531 529 527
534 537 539 542
534 535 532 530
535 534 537 539
535 532 530 528
536 538 540 543
536 533 531 529
537 539 542 541
537 534 535 532
538 540 543 545
538 536 533 531
539 542 541 544
539 537 534 535
540 543 545 547
540 538 536 533
541 544 546 548
541 542 539 537
542 541 544 546
542 539 537 534
543 545 547 549
543 540 538 536
544 546 548 550
544 541 542 539
545 547 549 551
545 543 540 538
546 548 550 552
546 544 541 542
547 549 551 553
547 545 543 540
548 550 552 554
548 546 544 541
549 551 553 555
549 547 545 543
550 552 554 556
550 548 546 544
551 553 555 557
551 549 547 545
552 554 556 559
552 550 548 546
553 555 557 560
553 551 549 547
554 556 559 558
554 552 550 548
555 557 560 562
555 553 551 549
556 559 558 561
556 554 552 550
557 560 562 564
557 555 553 551
558 561 563 566
558 559 556 554
559 558 561 563
559 556 554 552
560 562 564 567
560 557 555 553
561 563 566 565
561 558 559 556
562 564 567 569
562 560 557 555
563 566 565 568
563 561 558 559
564 567 569 571
564 562 560 557
565 568 570 573
565 566 563 561
566 565 568 570
566 563 561 558
567 569 571 574
567 564 562 560
568 570 573 572
568 565 566 563
569 571 574 576
569 567 564 562
570 573 572 575
570 568 565 566
571 574 576 578
571 569 567 564
572 575 577 580
572 573 570 568
573 572 575 577
573 570 568 565
574 576 578 581
574 571 569 567
575 577 580 579
575 572 573 570
576 578 581 583
576 574 571 569
577 580 579 582
577 575 572 573
578 581 583 585
578 576 574 571
579 582 584 586
579 580 577 575
580 579 582 584
580 577 575 572
581 583 585 587
581 578 576 574
582 584 586 588
582 579 580 577
583 585 587 589
583 581 578 576
584 586 588 590
584 582 579 580
585 587 589 591
585 583 581 578
586 588 590 592
586 584 582 579
587 589 591 593
587 585 583 581
588 590 592 594
588 586 584 582
589 591 593 595
589 587 585 583
590 592 594 596
590 588 586 584
591 593 595 597
591 589 587 585
592 594 596 598
592 590 588 586
593 595 597 599
593 591 589 587
594 596 598 600
594 592 590 588
595 597 599 601
595 593 591 589
596 598 600 602
596 594 592 590
597 599 601 603
597 595 593 591
598 600 602 604
598 596 594 592
599 601 603 605
599 597 595 593
600 602 604 606
600 598 596 594
601 603 605 607
601 599 597 595
602 604 606 608
602 600 598 596
603 605 607 609
603 601 599 597
604 606 608 610
604 602 600 598
605 607 609 611
605 603 601 599
606 608 610 612
606 604 602 600
607 609 611 613
607 605 603 601
608 610 612 615
608 606 604 602
609 611 613 616
609 607 605 603
610 612 615 614
610 608 606 604
611 613 616 618
611 609 607 605
612 615 614 617
612 610 608 606
613 616 618 620
613 611 609 607
614 617 619 621
614 615 612 610
615 614 617 619
615 612 610 608
616 618 620 622
616 613 611 609
617 619 621 624
617 614 615 612
618 620 622 625
618 616 613 611
619 621 624 623
619 617 614 615
620 622 625 627
620 618 616 613
621 624 623 626
621 619 617 614
622 625 627 629
622 620 618 616
623 626 628 630
623 624 621 619
624 623 626 628
624 621 619 617
625 627 629 631
625 622 620 618
626 628 630 632
626 623 624 621
627 629 631 633
627 625 622 620
628 630 632 634
628 626 623 624
629 631 633 635
629 627 625 622
630 632 634 636
630 628 626 623
631 633 635 637
631 629 627 625
632 634 636 638
632 630 628 626
633 635 637 639
633 631 629 627
634 636 638 640
634 632 630 628
635 637 639 641
635 633 631 629
636 638 640 642
636 634 632 630
637 639 641 643
637 635 633 631
638 640 642 644
638 636 634 632
639 641 643 645
639 637 635 633
640 642 644 646
640 638 636 634
641 643 645 647
641 639 637 635
642 644 646 648
642 640 638 636
643 645 647 649
643 641 639 637
644 646 648 650
644 642 640 638
645 647 649 651
645 643 641 639
646 648 650 652
646 644 642 640
647 649 651 653
647 645 643 641
648 650 652 655
648 646 644 642
649 651 653 654
649 647 645 643
650 652 655 657
650 648 646 644
651 653 654 656
651 649 647 645
652 655 657 659
652 650 648 646
653 654 656 658
653 651 649 647
654 656 658 660
654 653 651 649
655 657 659 661
655 652 650 648
656 658 660 662
656 654 653 651
657 659 661 663
657 655 652 650
658 660 662 664
658 656 654 653
659 661 663 665
659 657 655 652
660 662 664 666
660 658 656 654
661 663 665 667
661 659 657 655
662 664 666 668
662 660 658 656
663 665 667 669
663 661 659 657
664 666 668 670
664 662 660 658
665 667 669 671
665 663 661 659
666 668 670 672
666 664 662 660
667 669 671 673
667 665 663 661
668 670 672 674
668 666 664 662
669 671 673 675
669 667 665 663
670 672 674 676
670 668 666 664
671 673 675 678
671 669 667 665
672 674 676 679
672 670 668 666
673 675 678 677
673 671 669 667
674 676 679 681
674 672 670 668
675 678 677 680
675 673 671 669
676 679 681 683
676 674 672 670
677 680 682 684
677 678 675 673
678 677 680 682
678 675 673 671
679 681 683 685
679 676 674 672
680 682 684 686
680 677 678 675
681 683 685 687
681 679 676 674
682 684 686 688
682 680 677 678
683 685 687 689
683 681 679 676
684 686 688 690
684 682 680 677
685 687 689 691
685 683 681 679
686 688 690 692
686 684 682 680
687 689 691 693
687 685 683 681
688 690 692 694
688 686 684 682
689 691 693 695
689 687 685 683
690 692 694 696
690 688 686 684
691 693 695 697
691 689 687 685
692 694 696 698
692 690 688 686
693 695 697 699
693 691 689 687
694 696 698 700
694 692 690 688
695 697 699 701
695 693 691 689
696 698 700 702
696 694 692 690
697 699 701 703
697 695 693 691
698 700 702 704
698 696 694 692
699 701 703 705
699 697 695 693
700 702 704 706
700 698 696 694
701 703 705 707
701 699 697 695
702 704 706 708
702 700 698 696
703 705 707 709
703 701 699 697
704 706 708 710
704 702 700 698
705 707 709 711
705 703 701 699
706 708 710 712
706 704 702 700
707 709 711 713
707 705 703 701
708 710 712 714
708 706 704 702
709 711 713 715
709 707 705 703
710 712 714 716
710 708 706 704
711 713 715 717
711 709 707 705
712 714 716 718
712 710 708 706
713 715 717 719
713 711 709 707
714 716 718 720
714 712 710 708
715 717 719 721
715 713 711 709
716 718 720 722
716 714 712 710
717 719 721 723
717 715 713 711
718 720 722 724
718 716 714 712
719 721 723 725
719 717 715 713
720 722 724 726
720 718 716 714
721 723 725 727
721 719 717 715
722 724 726 728
722 720 718 716
723 725 727 729
723 721 719 717
724 726 728 730
724 722 720 718
725 727 729 731
725 723 721 719
726 728 730 732
726 724 722 720
727 729 731 733
727 725 723 721
728 730 732 734
728 726 724 722
729 731 733 735
729 727 725 723
730 732 734 737
730 728 726 724
731 733 735 738
731 729 727 725
732 734 737 736
732 730 728 726
733 735 738 740
733 731 729 727
734 737 736 739
734 732 730 728
735 738 740 741
735 733 731 729
736 739 742 744
736 737 734 732
737 736 739 742
737 734 732 730
738 740 741 743
738 735 733 731
739 742 744 746
739 736 737 734
740 741 743 745
740 738 735 733
741 743 745 747
741 740 738 735
742 744 746 748
742 739 736 737
743 745 747 749
743 741 740 738
744 746 748 750
744 742 739 736
745 747 749 751
745 743 741 740
746 748 750 752
746 744 742 739
747 749 751 753
747 745 743 741
748 750 752 754
748 746 744 742
749 751 753 755
749 747 745 743
750 752 754 756
750 748 746 744
751 753 755 757
751 749 747 745
752 754 756 758
752 750 748 746
753 755 757 759
753 751 749 747
754 756 758 760
754 752 750 748
755 757 759 761
755 753 751 749
756 758 760 762
756 754 752 750
757 759 761 763
757 755 753 751
758 760 762 764
758 756 754 752
759 761 763 765
759 757 755 753
760 762 764 766
760 758 756 754
761 763 765 767
761 759 757 755
762 764 766 768
762 760 758 756
763 765 767 769
763 761 759 757
764 766 768 770
764 762 760 758
765 767 769 771
765 763 761 759
766 768 770 772
766 764 762 760
767 769 771 773
767 765 763 761
768 770 772 774
768 766 764 762
769 771 773 775
769 767 765 763
770 772 774 776
770 768 766 764
771 773 775 777
771 769 767 765
772 774 776 778
772 770 768 766
773 775 777 779
773 771 769 767
774 776 778 780
774 772 770 768
775 777 779 781
775 773 771 769
776 778 780 782
776 774 772 770
777 779 781 783
777 775 773 771
778 780 782 785
778 776 774 772
779 781 783 784
779 777 775 773
780 782 785 787
780 778 776 774
781 783 784 786
781 779 777 775
782 785 787 789
782 780 778 776
783 784 786 788
783 781 779 777
784 786 788 790
784 783 781 779
785 787 789 791
785 782 780 778
786 788 790 792
786 784 783 781
787 789 791 793
787 785 782 780
788 790 792 794
788 786 784 783
789 791 793 795
789 787 785 782
790 792 794 796
790 788 786 784
791 793 795 797
791 789 787 785
792 794 796 798
792 790 788 786
793 795 797 799
793 791 789 787
794 796 798 800
794 792 790 788
795 797 799 801
795 793 791 789
796 798 800 802
796 794 792 790
797 799 801 803
797 795 793 791
798 800 802 804
798 796 794 792
799 801 803 805
799 797 795 793
800 802 804 806
800 798 796 794
801 803 805 807
801 799 797 795
802 804 806 808
802 800 798 796
803 805 807 809
803 801 799 797
804 806 808 810
804 802 800 798
805 807 809 811
805 803 801 799
806 808 810 812
806 804 802 800
807 809 811 813
807 805 803 801
808 810 812 814
808 806 804 802
809 811 813 815
809 807 805 803
810 812 814 816
810 808 806 804
811 813 815 818
811 809 807 805
812 814 816 819
812 810 808 806
813 815 818 817
813 811 809 807
814 816 819 821
814 812 810 808
815 818 817 820
815 813 811 809
816 819 821 823
816 814 812 810
817 820 822 824
817 818 815 813
818 817 820 822
818 815 813 811
819 821 823 825
819 816 814 812
820 822 824 826
820 817 818 815
821 823 825 827
821 819 816 814
822 824 826 828
822 820 817 818
823 825 827 829
823 821 819 816
824 826 828 830
824 822 820 817
825 827 829 831
825 823 821 819
826 828 830 832
826 824 822 820
827 829 831 833
827 825 823 821
828 830 832 834
828 826 824 822
829 831 833 835
829 827 825 823
830 832 834 836
830 828 826 824
831 833 835 837
831 829 827 825
832 834 836 838
832 830 828 826
833 835 837 839
833 831 829 827
834 836 838 840
834 832 830 828
835 837 839 841
835 833 831 829
836 838 840 842
836 834 832 830
837 839 841 843
837 835 833 831
838 840 842 844
838 836 834 832
839 841 843 845
839 837 835 833
840 842 844 846
840 838 836 834
841 843 845 847
841 839 837 835
842 844 846 848
842 840 838 836
843 845 847 849
843 841 839 837
844 846 848 850
844 842 840 838
845 847 849 851
845 843 841 839
846 848 850 852
846 844 842 840
847 849 851 853
847 845 843 841
848 850 852 854
848 846 844 842
849 851 853 855
849 847 845 843
850 852 854 856
850 848 846 844
851 853 855 857
851 849 847 845
852 854 856 858
852 850 848 846
853 855 857 859
853 851 849 847
854 856 858 860
854 852 850 848
855 857 859 861
855 853 851 849
856 858 860 862
856 854 852 850
857 859 861 863
857 855 853 851
858 860 862 864
858 856 854 852
859 861 863 865
859 857 855 853
860 862 864 866
860 858 856 854
861 863 865 867
861 859 857 855
862 864 866 868
862 860 858 856
863 865 867 869
863 861 859 857
864 866 868 870
864 862 860 858
865 867 869 871
865 863 861 859
866 868 870 872
866 864 862 860
867 869 871 873
867 865 863 861
868 870 872 874
868 866 864 862
869 871 873 875
869 867 865 863
870 872 874 876
870 868 866 864
871 873 875 877
871 869 867 865
872 874 876 878
872 870 868 866
873 875 877 879
873 871 869 867
874 876 878 881
874 872 870 868
875 877 879 880
875 873 871 869
876 878 881 883
876 874 872 870
877 879 880 882
877 875 873 871
878 881 883 885
878 876 874 872
879 880 882 884
879 877 875 873
880 882 884 886
880 879 877 875
881 883 885 887
881 878 876 874
882 884 886 888
882 880 879 877
883 885 887 889
883 881 878 876
884 886 888 890
884 882 880 879
885 887 889 891
885 883 881 878
886 888 890 892
886 884 882 880
887 889 891 893
887 885 883 881
888 890 892 894
888 886 884 882
889 891 893 895
889 887 885 883
890 892 894 896
890 888 886 884
891 893 895 897
891 889 887 885
892 894 896 898
892 890 888 886
893 895 897 899
893 891 889 887
894 896 898 900
894 892 890 888
895 897 899 901
895 893 891 889
896 898 900 902
896 894 892 890
897 899 901 903
897 895 893 891
898 900 902 904
898 896 894 892
899 901 903 905
899 897 895 893
900 902 904 906
900 898 896 894
901 903 905 907
901 899 897 895
902 904 906 908
902 900 898 896
903 905 907 909
903 901 899 897
904 906 908 910
904 902 900 898
905 907 909 911
905 903 901 899
906 908 910 912
906 904 902 900
907 909 911 913
907 905 903 901
908 910 912 914
908 906 904 902
909 911 913 915
909 907 905 903
910 912 914 916
910 908 906 904
911 913 915 917
911 909 907 905
912 914 916 919
912 910 908 906
913 915 917 920
913 911 909 907
914 916 919 918
914 912 910 908
915 917 920 922
915 913 911 909
916 919 918 921
916 914 912 910
917 920 922 924
917 915 913 911
918 921 923 925
918 919 916 914
919 918 921 923
919 916 914 912
920 922 924 926
920 917 915 913
921 923 925 927
921 918 919 916
922 924 926 928
922 920 917 915
923 925 927 929
923 921 918 919
924 926 928 930
924 922 920 917
925 927 929 931
925 923 921 918
926 928 930 932
926 924 922 920
927 929 931 933
927 925 923 921
928 930 932 934
928 926 924 922
929 931 933 935
929 927 925 923
930 932 934 936
930 928 926 924
931 933 935 937
931 929 927 925
932 934 936 938
932 930 928 926
933 935 937 939
933 931 929 927
934 936 938 940
934 932 930 928
935 937 939 941
935 933 931 929
936 938 940 942
936 934 932 930
937 939 941 943
937 935 933 931
938 940 942 944
938 936 934 932
939 941 943 945
939 937 935 933
940 942 944 946
940 938 936 934
941 943 945 947
941 939 937 935
942 944 946 948
942 940 938 936
943 945 947 949
943 941 939 937
944 946 948 950
944 942 940 938
945 947 949 951
945 943 941 939
946 948 950 952
946 944 942 940
947 949 951 953
947 945 943 941
948 950 952 954
948 946 944 942
949 951 953 955
949 947 945 943
950 952 954 956
950 948 946 944
951 953 955 957
951 949 947 945
952 954 956 958
952 950 948 946
953 955 957 959
953 951 949 947
954 956 958 960
954 952 950 948
955 957 959 961
955 953 951 949
956 958 960 962
956 954 952 950
957 959 961 963
957 955 953 951
958 960 962 964
958 956 954 952
959 961 963 965
959 957 955 953
960 962 964 966
960 958 956 954
961 963 965 968
961 959 957 955
962 964 966 969
962 960 958 956
963 965 968 967
963 961 959 957
964 966 969 971
964 962 960 958
965 968 967 970
965 963 961 959
966 969 971 973
966 964 962 960
967 970 972 974
967 968 965 963
968 967 970 972
968 965 963 961
969 971 973 975
969 966 964 962
970 972 974 976
970 967 968 965
971 973 975 977
971 969 966 964
972 974 976 978
972 970 967 968
973 975 977 979
973 971 969 966
974 976 978 980
974 972 970 967
975 977 979 981
975 973 971 969
976 978 980 982
976 974 972 970
977 979 981 983
977 975 973 971
978 980 982 984
978 976 974 972
979 981 983 985
979 977 975 973
980 982 984 986
980 978 976 974
981 983 985 987
981 979 977 975
982 984 986 988
982 980 978 976
983 985 987 989
983 981 979 977
984 986 988 990
984 982 980 978
985 987 989 991
985 983 981 979
986 988 990 992
986 984 982 980
987 989 991 993
987 985 983 981
988 990 992 994
988 986 984 982
989 991 993 995
989 987 985 983
990 992 994 996
990 988 986 984
991 993 995 997
991 989 987 985
992 994 996 999
992 990 988 986
993 995 997 1000
993 991 989 987
994 996 999 998
994 992 990 988
995 997 1000 1002
995 993 991 989
996 999 998 1001
996 994 992 990
997 1000 1002 1004
997 995 993 991
998 1001 1003 1005
998 999 996 994
999 998 1001 1003
999 996 994 992
1000 1002 1004 1006
1000 997 995 993
1001 1003 1005 1007
1001 998 999 996
1002 1004 1006 1008
1002 1000 997 995
1003 1005 1007 1009
1003 1001 998 999
1004 1006 1008 1010
1004 1002 1000 997
1005 1007 1009 1011
1005 1003 1001 998
1006 1008 1010 1012
1006 1004 1002 1000
1007 1009 1011 1013
1007 1005 1003 1001
1008 1010 1012 1014
1008 1006 1004 1002
1009 1011 1013 1015
1009 1007 1005 1003
1010 1012 1014 1016
1010 1008 1006 1004
1011 1013 1015 1017
1011 1009 1007 1005
1012 1014 1016 1018
1012 1010 1008 1006
1013 1015 1017 1019
1013 1011 1009 1007
1014 1016 1018 1020
1014 1012 1010 1008
1015 1017 1019 1021
1015 1013 1011 1009
1016 1018 1020 1022
1016 1014 1012 1010
1017 1019 1021 1023
1017 1015 1013 1011
1018 1020 1022 1024
1018 1016 1014 1012
1019 1021 1023 1025
1019 1017 1015 1013
1020 1022 1024 1026
1020 1018 1016 1014
1021 1023 1025 1027
1021 1019 1017 1015
1022 1024 1026 1028
1022 1020 1018 1016
1023 1025 1027 1030
1023 1021 1019 1017
1024 1026 1028 1029
1024 1022 1020 1018
1025 1027 1030 1032
1025 1023 1021 1019
1026 1028 1029 1031
1026 1024 1022 1020
1027 1030 1032 1034
1027 1025 1023 1021
1028 1029 1031 1033
1028 1026 1024 1022
1029 1031 1033 1035
1029 1028 1026 1024
1030 1032 1034 1036
1030 1027 1025 1023
1031 1033 1035 1037
1031 1029 1028 1026
1032 1034 1036 1038
1032 1030 1027 1025
1033 1035 1037 1039
1033 1031 1029 1028
1034 1036 1038 1040
1034 1032 1030 1027
1035 1037 1039 1041
1035 1033 1031 1029
1036 1038 1040 1042
1036 1034 1032 1030
1037 1039 1041 1043
1037 1035 1033 1031
1038 1040 1042 1044
1038 1036 1034 1032
1039 1041 1043 1045
1039 1037 1035 1033
1040 1042 1044 1046
1040 1038 1036 1034
1041 1043 1045 1047
1041 1039 1037 1035
1042 1044 1046 1049
1042 1040 1038 1036
1043 1045 1047 1050
1043 1041 1039 1037
1044 1046 1049 1048
1044 1042 1040 1038
1045 1047 1050 1052
1045 1043 1041 1039
1046 1049 1048 1051
1046 1044 1042 1040
1047 1050 1052 1054
1047 1045 1043 1041
1048 1051 1053 1055
1048 1049 1046 1044
1049 1048 1051 1053
1049 1046 1044 1042
1050 1052 1054 1056
1050 1047 1045 1043
1051 1053 1055 1057
1051 1048 1049 1046
1052 1054 1056 1058
1052 1050 1047 1045
1053 1055 1057 1059
1053 1051 1048 1049
1054 1056 1058 1060
1054 1052 1050 1047
1055 1057 1059 1061
1055 1053 1051 1048
1056 1058 1060 1062
1056 1054 1052 1050
1057 1059 1061 1063
1057 1055 1053 1051
1058 1060 1062 1064
1058 1056 1054 1052
1059 1061 1063 1065
1059 1057 1055 1053
1060 1062 1064 1066
1060 1058 1056 1054
1061 1063 1065 1067
1061 1059 1057 1055
1062 1064 1066 1068
1062 1060 1058 1056
1063 1065 1067 1069
1063 1061 1059 1057
1064 1066 1068 1070
1064 1062 1060 1058
1065 1067 1069 1071
1065 1063 1061 1059
1066 1068 1070 1072
1066 1064 1062 1060
1067 1069 1071 1073
1067 1065 1063 1061
1068 1070 1072 1074
1068 1066 1064 1062
1069 1071 1073 1075
1069 1067 1065 1063
1070 1072 1074 1076
1070 1068 1066 1064
1071 1073 1075 1077
1071 1069 1067 1065
1072 1074 1076 1078
1072 1070 1068 1066
1073 1075 1077 1080
1073 1071 1069 1067
1074 1076 1078 1081
1074 1072 1070 1068
1075 1077 1080 1079
1075 1073 1071 1069
1076 1078 1081 1083
1076 1074 1072 1070
1077 1080 1079 1082
1077 1075 1073 1071
1078 1081 1083 1085
1078 1076 1074 1072
1079 1082 1084 1086
1079 1080 1077 1075
1080 1079 1082 1084
1080 1077 1075 1073
1081 1083 1085 1087
1081 1078 1076 1074
1082 1084 1086 1088
1082 1079 1080 1077
1083 1085 1087 1089
1083 1081 1078 1076
1084 1086 1088 1090
1084 1082 1079 1080
1085 1087 1089 1091
1085 1083 1081 1078
1086 1088 1090 1093
1086 1084 1082 1079
1087 1089 1091 1092
1087 1085 1083 1081
1088 1090 1093 1095
1088 1086 1084 1082
1089 1091 1092 1094
1089 1087 1085 1083
1090 1093 1095 1097
1090 1088 1086 1084
1091 1092 1094 1096
1091 1089 1087 1085
1092 1094 1096 1098
1092 1091 1089 1087
1093 1095 1097 1099
1093 1090 1088 1086
1094 1096 1098 1100
1094 1092 1091 1089
1095 1097 1099 1101
1095 1093 1090 1088
1096 1098 1100 1102
1096 1094 1092 1091
1097 1099 1101 1103
1097 1095 1093 1090
1098 1100 1102 1104
1098 1096 1094 1092
1099 1101 1103 1105
1099 1097 1095 1093
1100 1102 1104 1106
1100 1098 1096 1094
1101 1103 1105 1107
1101 1099 1097 1095
1102 1104 1106 1108
1102 1100 1098 1096
1103 1105 1107 1109
1103 1101 1099 1097
1104 1106 1108 1110
1104 1102 1100 1098
1105 1107 1109 1111
1105 1103 1101 1099
1106 1108 1110 1112
1106 1104 1102 1100
1107 1109 1111 1113
1107 1105 1103 1101
1108 1110 1112 1114
1108 1106 1104 1102
1109 1111 1113 1115
1109 1107 1105 1103
1110 1112 1114 1116
1110 1108 1106 1104
1111 1113 1115 1117
1111 1109 1107 1105
1112 1114 1116 1118
1112 1110 1108 1106
1113 1115 1117 1119
1113 1111 1109 1107
1114 1116 1118 1120
1114 1112 1110 1108
1115 1117 1119 1121
1115 1113 1111 1109
1116 1118 1120 1122
1116 1114 1112 1110
1117 1119 1121 1123
1117 1115 1113 1111
1118 1120 1122 1124
1118 1116 1114 1112
1119 1121 1123 1125
1119 1117 1115 1113
1120 1122 1124 1126
1120 1118 1116 1114
1121 1123 1125 1127
1121 1119 1117 1115
1122 1124 1126 1128
1122 1120 1118 1116
1123 1125 1127 1129
1123 1121 1119 1117
1124 1126 1128 1130
1124 1122 1120 1118
1125 1127 1129 1131
1125 1123 1121 1119
1126 1128 1130 1132
1126 1124 1122 1120
1127 1129 1131 1133
1127 1125 1123 1121
1128 1130 1132 1134
1128 1126 1124 1122
1129 1131 1133 1136
1129 1127 1125 1123
1130 1132 1134 1135
1130 1128 1126 1124
1131 1133 1136 1138
1131 1129 1127 1125
1132 1134 1135 1137
1132 1130 1128 1126
1133 1136 1138 1140
1133 1131 1129 1127
1134 1135 1137 1139
1134 1132 1130 1128
1135 1137 1139 1141
1135 1134 1132 1130
1136 1138 1140 1142
1136 1133 1131 1129
1137 1139 1141 1143
1137 1135 1134 1132
1138 1140 1142 1145
1138 1136 1133 1131
1139 1141 1143 1144
1139 1137 1135 1134
1140 1142 1145 1147
1140 1138 1136 1133
1141 1143 1144 1146
1141 1139 1137 1135
1142 1145 1147 1149
1142 1140 1138 1136
1143 1144 1146 1148
1143 1141 1139 1137
1144 1146 1148 1150
1144 1143 1141 1139
1145 1147 1149 1151
1145 1142 1140 1138
1146 1148 1150 1152
1146 1144 1143 1141
1147 1149 1151 1153
1147 1145 1142 1140
1148 1150 1152 1154
1148 1146 1144 1143
1149 1151 1153 1155
1149 1147 1145 1142
1150 1152 1154 1156
1150 1148 1146 1144
1151 1153 1155 1157
1151 1149 1147 1145
1152 1154 1156 1158
1152 1150 1148 1146
1153 1155 1157 1159
1153 1151 1149 1147
1154 1156 1158 1160
1154 1152 1150 1148
1155 1157 1159 1162
1155 1153 1151 1149
1156 1158 1160 1163
1156 1154 1152 1150
1157 1159 1162 1161
1157 1155 1153 1151
1158 1160 1163 1165
1158 1156 1154 1152
1159 1162 1161 1164
1159 1157 1155 1153
1160 1163 1165 1167
1160 1158 1156 1154
1161 1164 1166 1168
1161 1162 1159 1157
1162 1161 1164 1166
1162 1159 1157 1155
1163 1165 1167 1169
1163 1160 1158 1156
1164 1166 1168 1170
1164 1161 1162 1159
1165 1167 1169 1171
1165 1163 1160 1158
1166 1168 1170 1172
1166 1164 1161 1162
1167 1169 1171 1173
1167 1165 1163 1160
1168 1170 1172 1174
1168 1166 1164 1161
1169 1171 1173 1175
1169 1167 1165 1163
1170 1172 1174 1176
1170 1168 1166 1164
1171 1173 1175 1177
1171 1169 1167 1165
1172 1174 1176 1178
1172 1170 1168 1166
1173 1175 1177 1179
1173 1171 1169 1167
1174 1176 1178 1180
1174 1172 1170 1168
1175 1177 1179 1181
1175 1173 1171 1169
1176 1178 1180 1182
1176 1174 1172 1170
1177 1179 1181 1183
1177 1175 1173 1171
1178 1180 1182 1184
1178 1176 1174 1172
1179 1181 1183 1185
1179 1177 1175 1173
1180 1182 1184 1187
1180 1178 1176 1174
1181 1183 1185 1186
1181 1179 1177 1175
1182 1184 1187 1189
1182 1180 1178 1176
1183 1185 1186 1188
1183 1181 1179 1177
1184 1187 1189 1192
1184 1182 1180 1178
1185 1186 1188 1190
1185 1183 1181 1179
1186 1188 1190 1193
1186 1185 1183 1181
1187 1189 1192 1191
1187 1184 1182 1180
1188 1190 1193 1195
1188 1186 1185 1183
1189 1192 1191 1194
1189 1187 1184 1182
1190 1193 1195 1197
1190 1188 1186 1185
1191 1194 1196 1198
1191 1192 1189 1187
1192 1191 1194 1196
1192 1189 1187 1184
1193 1195 1197 1199
1193 1190 1188 1186
1194 1196 1198 1200
1194 1191 1192 1189
1195 1197 1199 1201
1195 1193 1190 1188
1196 1198 1200 1202
1196 1194 1191 1192
1197 1199 1201 1203
1197 1195 1193 1190
1198 1200 1202 1204
1198 1196 1194 1191
1199 1201 1203 1205
1199 1197 1195 1193
1200 1202 1204 1206
1200 1198 1196 1194
1201 1203 1205 1207
1201 1199 1197 1195
1202 1204 1206 1208
1202 1200 1198 1196
1203 1205 1207 1209
1203 1201 1199 1197
1204 1206 1208 1210
1204 1202 1200 1198
1205 1207 1209 1211
1205 1203 1201 1199
1206 1208 1210 1212
1206 1204 1202 1200
1207 1209 1211 1213
1207 1205 1203 1201
1208 1210 1212 1214
1208 1206 1204 1202
1209 1211 1213 1215
1209 1207 1205 1203
1210 1212 1214 1216
1210 1208 1206 1204
1211 1213 1215 1217
1211 1209 1207 1205
1212 1214 1216 1218
1212 1210 1208 1206
1213 1215 1217 1219
1213 1211 1209 1207
1214 1216 1218 1220
1214 1212 1210 1208
1215 1217 1219 1221
1215 1213 1211 1209
1216 1218 1220 1223
1216 1214 1212 1210
1217 1219 1221 1222
1217 1215 1213 1211
1218 1220 1223 1225
1218 1216 1214 1212
1219 1221 1222 1224
1219 1217 1215 1213
1220 1223 1225 1227
1220 1218 1216 1214
1221 1222 1224 1226
1221 1219 1217 1215
1222 1224 1226 1228
1222 1221 1219 1217
1223 1225 1227 1230
1223 1220 1218 1216
1224 1226 1228 1229
1224 1222 1221 1219
1225 1227 1230 1232
1225 1223 1220 1218
1226 1228 1229 1231
1226 1224 1222 1221
1227 1230 1232 1234
1227 1225 1223 1220
1228 1229 1231 1233
1228 1226 1224 1222
1229 1231 1233 1235
1229 1228 1226 1224
1230 1232 1234 1237
1230 1227 1225 1223
1231 1233 1235 1236
1231 1229 1228 1226
1232 1234 1237 1239
1232 1230 1227 1225
1233 1235 1236 1238
1233 1231 1229 1228
1234 1237 1239 1241
1234 1232 1230 1227
1235 1236 1238 1240
1235 1233 1231 1229
1236 1238 1240 1242
1236 1235 1233 1231
1237 1239 1241 1244
1237 1234 1232 1230
1238 1240 1242 1243
1238 1236 1235 1233
1239 1241 1244 1246
1239 1237 1234 1232
1240 1242 1243 1245
1240 1238 1236 1235
1241 1244 1246 1248
1241 1239 1237 1234
1242 1243 1245 1247
1242 1240 1238 1236
1243 1245 1247 1249
1243 1242 1240 1238
1244 1246 1248 1251
1244 1241 1239 1237
1245 1247 1249 1250
1245 1243 1242 1240
1246 1248 1251 1253
1246 1244 1241 1239
1247 1249 1250 1252
1247 1245 1243 1242
1248 1251 1253 1255
1248 1246 1244 1241
1249 1250 1252 1254
1249 1247 1245 1243
1250 1252 1254 1256
1250 1249 1247 1245
1251 1253 1255 1257
1251 1248 1246 1244
1252 1254 1256 1258
1252 1250 1249 1247
1253 1255 1257 1259
1253 1251 1248 1246
1254 1256 1258 1260
1254 1252 1250 1249
1255 1257 1259 1261
1255 1253 1251 1248
1256 1258 1260 1262
1256 1254 1252 1250
1257 1259 1261 1263
1257 1255 1253 1251
1258 1260 1262 1264
1258 1256 1254 1252
1259 1261 1263 1265
1259 1257 1255 1253
1260 1262 1264 1266
1260 1258 1256 1254
1261 1263 1265 1268
1261 1259 1257 1255
1262 1264 1266 1267
1262 1260 1258 1256
1263 1265 1268 1270
1263 1261 1259 1257
1264 1266 1267 1269
1264 1262 1260 1258
1265 1268 1270 1272
1265 1263 1261 1259
1266 1267 1269 1271
1266 1264 1262 1260
1267 1269 1271 1273
1267 1266 1264 1262
1268 1270 1272 1274
1268 1265 1263 1261
1269 1271 1273 1275
1269 1267 1266 1264
1270 1272 1274 1277
1270 1268 1265 1263
1271 1273 1275 1278
1271 1269 1267 1266
1272 1274 1277 1276
1272 1270 1268 1265
1273 1275 1278 1279
1273 1271 1269 1267
1274 1277 1276 1280
1274 1272 1270 1268
1275 1278 1279 1281
1275 1273 1271 1269
1276 1280 1282 1284
1276 1277 1274 1272
1277 1276 1280 1282
1277 1274 1272 1270
1278 1279 1281 1283
1278 1275 1273 1271
1279 1281 1283 1285
1279 1278 1275 1273
1280 1282 1284 1286
1280 1276 1277 1274
1281 1283 1285 1287
1281 1279 1278 1275
1282 1284 1286 1288
1282 1280 1276 1277
1283 1285 1287 1289
1283 1281 1279 1278
1284 1286 1288 1291
1284 1282 1280 1276
1285 1287 1289 1290
1285 1283 1281 1279
1286 1288 1291 1293
1286 1284 1282 1280
1287 1289 1290 1292
1287 1285 1283 1281
1288 1291 1293 1295
1288 1286 1284 1282
1289 1290 1292 1294
1289 1287 1285 1283
1290 1292 1294 1296
1290 1289 1287 1285
1291 1293 1295 1297
1291 1288 1286 1284
1292 1294 1296 1298
1292 1290 1289 1287
1293 1295 1297 1299
1293 1291 1288 1286
1294 1296 1298 1300
1294 1292 1290 1289
1295 1297 1299 1301
1295 1293 1291 1288
1296 1298 1300 1302
1296 1294 1292 1290
1297 1299 1301 1303
1297 1295 1293 1291
1298 1300 1302 1304
1298 1296 1294 1292
1299 1301 1303 1306
1299 1297 1295 1293
1300 1302 1304 1305
1300 1298 1296 1294
1301 1303 1306 1308
1301 1299 1297 1295
1302 1304 1305 1307
1302 1300 1298 1296
1303 1306 1308 1312
1303 1301 1299 1297
1304 1305 1307 1309
1304 1302 1300 1298
1305 1307 1309 1310
1305 1304 1302 1300
1306 1308 1312 1311
1306 1303 1301 1299
1307 1309 1310 1313
1307 1305 1304 1302
1308 1312 1311 1314
1308 1306 1303 1301
1309 1310 1313 1315
1309 1307 1305 1304
1310 1313 1315 1316
1310 1309 1307 1305
1311 1314 1317 1319
1311 1312 1308 1306
1312 1311 1314 1317
1312 1308 1306 1303
1313 1315 1316 1318
1313 1310 1309 1307
1314 1317 1319 1322
1314 1311 1312 1308
1315 1316 1318 1320
1315 1313 1310 1309
1316 1318 1320 1321
1316 1315 1313 1310
1317 1319 1322 1324
1317 1314 1311 1312
1318 1320 1321 1323
1318 1316 1315 1313
1319 1322 1324 1327
1319 1317 1314 1311
1320 1321 1323 1325
1320 1318 1316 1315
1321 1323 1325 1326
1321 1320 1318 1316
1322 1324 1327 1329
1322 1319 1317 1314
1323 1325 1326 1328
1323 1321 1320 1318
1324 1327 1329 1332
1324 1322 1319 1317
1325 1326 1328 1330
1325 1323 1321 1320
1326 1328 1330 1331
1326 1325 1323 1321
1327 1329 1332 1334
1327 1324 1322 1319
1328 1330 1331 1333
1328 1326 1325 1323
1329 1332 1334 1337
1329 1327 1324 1322
1330 1331 1333 1335
1330 1328 1326 1325
1331 1333 1335 1336
1331 1330 1328 1326
1332 1334 1337 1339
1332 1329 1327 1324
1333 1335 1336 1338
1333 1331 1330 1328
1334 1337 1339 1342
1334 1332 1329 1327
1335 1336 1338 1340
1335 1333 1331 1330
1336 1338 1340 1341
1336 1335 1333 1331
1337 1339 1342 1344
1337 1334 1332 1329
1338 1340 1341 1343
1338 1336 1335 1333
1339 1342 1344 1347
1339 1337 1334 1332
1340 1341 1343 1345
1340 1338 1336 1335
1341 1343 1345 1346
1341 1340 1338 1336
1342 1344 1347 1349
1342 1339 1337 1334
1343 1345 1346 1348
1343 1341 1340 1338
1344 1347 1349 1351
1344 1342 1339 1337
1345 1346 1348 1350
1345 1343 1341 1340
1346 1348 1350 1352
1346 1345 1343 1341
1347 1349 1351 1353
1347 1344 1342 1339
1348 1350 1352 1354
1348 1346 1345 1343
1349 1351 1353 1355
1349 1347 1344 1342
1350 1352 1354 1356
1350 1348 1346 1345
1351 1353 1355 1358
1351 1349 1347 1344
1352 1354 1356 1357
1352 1350 1348 1346
1353 1355 1358 1360
1353 1351 1349 1347
1354 1356 1357 1359
1354 1352 1350 1348
1355 1358 1360 1363
1355 1353 1351 1349
1356 1357 1359 1361
1356 1354 1352 1350
1357 1359 1361 1362
1357 1356 1354 1352
1358 1360 1363 1365
1358 1355 1353 1351
1359 1361 1362 1364
1359 1357 1356 1354
1360 1363 1365 1367
1360 1358 1355 1353
1361 1362 1364 1366
1361 1359 1357 1356
1362 1364 1366 1368
1362 1361 1359 1357
1363 1365 1367 1370
1363 1360 1358 1355
1364 1366 1368 1369
1364 1362 1361 1359
1365 1367 1370 1372
1365 1363 1360 1358
1366 1368 1369 1371
1366 1364 1362 1361
1367 1370 1372 1374
1367 1365 1363 1360
1368 1369 1371 1373
1368 1366 1364 1362
1369 1371 1373 1375
1369 1368 1366 1364
1370 1372 1374 1377
1370 1367 1365 1363
1371 1373 1375 1376
1371 1369 1368 1366
1372 1374 1377 1379
1372 1370 1367 1365
1373 1375 1376 1378
1373 1371 1369 1368
1374 1377 1379 1382
1374 1372 1370 1367
1375 1376 1378 1380
1375 1373 1371 1369
1376 1378 1380 1381
1376 1375 1373 1371
1377 1379 1382 1385
1377 1374 1372 1370
1378 1380 1381 1383
1378 1376 1375 1373
1379 1382 1385 1387
1379 1377 1374 1372
1380 1381 1383 1384
1380 1378 1376 1375
1381 1383 1384 1386
1381 1380 1378 1376
1382 1385 1387 1390
1382 1379 1377 1374
1383 1384 1386 1388
1383 1381 1380 1378
1384 1386 1388 1389
1384 1383 1381 1380
1385 1387 1390 1393
1385 1382 1379 1377
1386 1388 1389 1391
1386 1384 1383 1381
1387 1390 1393 1395
1387 1385 1382 1379
1388 1389 1391 1392
1388 1386 1384 1383
1389 1391 1392 1394
1389 1388 1386 1384
1390 1393 1395 1398
1390 1387 1385 1382
1391 1392 1394 1396
1391 1389 1388 1386
1392 1394 1396 1397
1392 1391 1389 1388
1393 1395 1398 1401
1393 1390 1387 1385
1394 1396 1397 1399
1394 1392 1391 1389
1395 1398 1401 1403
1395 1393 1390 1387
1396 1397 1399 1400
1396 1394 1392 1391
1397 1399 1400 1402
1397 1396 1394 1392
1398 1401 1403 1406
1398 1395 1393 1390
1399 1400 1402 1404
1399 1397 1396 1394
1400 1402 1404 1405
1400 1399 1397 1396
1401 1403 1406 1410
1401 1398 1395 1393
1402 1404 1405 1407
1402 1400 1399 1397
1403 1406 1410 1409
1403 1401 1398 1395
1404 1405 1407 1408
1404 1402 1400 1399
1405 1407 1408 1411
1405 1404 1402 1400
1406 1410 1409 1412
1406 1403 1401 1398
1407 1408 1411 1413
1407 1405 1404 1402
1408 1411 1413 1414
1408 1407 1405 1404
1409 1412 1415 1417
1409 1410 1406 1403
1410 1409 1412 1415
1410 1406 1403 1401
1411 1413 1414 1416
1411 1408 1407 1405
1412 1415 1417 1419
1412 1409 1410 1406
1413 1414 1416 1418
1413 1411 1408 1407
1414 1416 1418 1420
1414 1413 1411 1408
1415 1417 1419 1422
1415 1412 1409 1410
1416 1418 1420 1421
1416 1414 1413 1411
1417 1419 1422 1424
1417 1415 1412 1409
1418 1420 1421 1423
1418 1416 1414 1413
1419 1422 1424 1426
1419 1417 1415 1412
1420 1421 1423 1425
1420 1418 1416 1414
1421 1423 1425 1427
1421 1420 1418 1416
1422 1424 1426 1429
1422 1419 1417 1415
1423 1425 1427 1428
1423 1421 1420 1418
1424 1426 1429 1431
1424 1422 1419 1417
1425 1427 1428 1430
1425 1423 1421 1420
1426 1429 1431 1433
1426 1424 1422 1419
1427 1428 1430 1432
1427 1425 1423 1421
1428 1430 1432 1434
1428 1427 1425 1423
1429 1431 1433 1436
1429 1426 1424 1422
1430 1432 1434 1435
1430 1428 1427 1425
1431 1433 1436 1438
1431 1429 1426 1424
1432 1434 1435 1437
1432 1430 1428 1427
1433 1436 1438 1440
1433 1431 1429 1426
1434 1435 1437 1439
1434 1432 1430 1428
1435 1437 1439 1441
1435 1434 1432 1430
1436 1438 1440 1444
1436 1433 1431 1429
1437 1439 1441 1442
1437 1435 1434 1432
1438 1440 1444 1443
1438 1436 1433 1431
1439 1441 1442 1445
1439 1437 1435 1434
1440 1444 1443 1446
1440 1438 1436 1433
1441 1442 1445 1447
1441 1439 1437 1435
1442 1445 1447 1449
1442 1441 1439 1437
1443 1446 1448 1451
1443 1444 1440 1438
1444 1443 1446 1448
1444 1440 1438 1436
1445 1447 1449 1450
1445 1442 1441 1439
1446 1448 1451 1453
1446 1443 1444 1440
1447 1449 1450 1452
1447 1445 1442 1441
1448 1451 1453 1455
1448 1446 1443 1444
1449 1450 1452 1454
1449 1447 1445 1442
1450 1452 1454 1456
1450 1449 1447 1445
1451 1453 1455 1458
1451 1448 1446 1443
1452 1454 1456 1457
1452 1450 1449 1447
1453 1455 1458 1461
1453 1451 1448 1446
1454 1456 1457 1459
1454 1452 1450 1449
1455 1458 1461 1463
1455 1453 1451 1448
1456 1457 1459 1460
1456 1454 1452 1450
1457 1459 1460 1462
1457 1456 1454 1452
1458 1461 1463 1466
1458 1455 1453 1451
1459 1460 1462 1464
1459 1457 1456 1454
1460 1462 1464 1465
1460 1459 1457 1456
1461 1463 1466 1469
1461 1458 1455 1453
1462 1464 1465 1467
1462 1460 1459 1457
1463 1466 1469 1471
1463 1461 1458 1455
1464 1465 1467 1468
1464 1462 1460 1459
1465 1467 1468 1470
1465 1464 1462 1460
1466 1469 1471 1473
1466 1463 1461 1458
1467 1468 1470 1472
1467 1465 1464 1462
1468 1470 1472 1474
1468 1467 1465 1464
1469 1471 1473 1476
1469 1466 1463 1461
1470 1472 1474 1475
1470 1468 1467 1465
1471 1473 1476 1479
1471 1469 1466 1463
1472 1474 1475 1477
1472 1470 1468 1467
1473 1476 1479 1481
1473 1471 1469 1466
1474 1475 1477 1478
1474 1472 1470 1468
1475 1477 1478 1480
1475 1474 1472 1470
1476 1479 1481 1484
1476 1473 1471 1469
1477 1478 1480 1482
1477 1475 1474 1472
1478 1480 1482 1483
1478 1477 1475 1474
1479 1481 1484 1488
1479 1476 1473 1471
1480 1482 1483 1485
1480 1478 1477 1475
1481 1484 1488 1487
1481 1479 1476 1473
1482 1483 1485 1486
1482 1480 1478 1477
1483 1485 1486 1489
1483 1482 1480 1478
1484 1488 1487 1492
1484 1481 1479 1476
1485 1486 1489 1493
1485 1483 1482 1480
1486 1489 1493 1499
1486 1485 1483 1482
1487 1492 1491 1490
1487 1488 1484 1481
1488 1487 1492 1491
1488 1484 1481 1479
1489 1493 1499 1500
1489 1486 1485 1483
1490 1498 1497 1496
1490 1491 1492 1487
1491 1490 1498 1497
1491 1492 1487 1488
1492 1491 1490 1498
1492 1487 1488 1484
1493 1499 1500 1505
1493 1489 1486 1485
1494 1504 1503 1502
1494 1495 1496 1497
1495 1494 1504 1503
1495 1496 1497 1498
1496 1495 1494 1504
1496 1497 1498 1490
1497 1496 1495 1494
1497 1498 1490 1491
1498 1497 1496 1495
1498 1490 1491 1492
1499 1500 1505 1506
1499 1493 1489 1486
1500 1505 1506 1512
1500 1499 1493 1489
1501 1511 1510 1509
1501 1502 1503 1504
1502 1501 1511 1510
1502 1503 1504 1494
1503 1502 1501 1511
1503 1504 1494 1495
1504 1503 1502 1501
1504 1494 1495 1496
1505 1506 1512 1517
1505 1500 1499 1493
1506 1512 1517 1522
1506 1505 1500 1499
1507 1516 1515 1514
1507 1508 1509 1510
1508 1507 1516 1515
1508 1509 1510 1511
1509 1508 1507 1516
1509 1510 1511 1501
1510 1509 1508 1507
1510 1511 1501 1502
1511 1510 1509 1508
1511 1501 1502 1503
1512 1517 1522 1523
1512 1506 1505 1500
1513 1521 1520 1519
1513 1514 1515 1516
1514 1513 1521 1520
1514 1515 1516 1507
1515 1514 1513 1521
1515 1516 1507 1508
1516 1515 1514 1513
1516 1507 1508 1509
1517 1522 1523 1528
1517 1512 1506 1505
1518 1527 1526 1525
1518 1519 1520 1521
1519 1518 1527 1526
1519 1520 1521 1513
1520 1519 1518 1527
1520 1521 1513 1514
1521 1520 1519 1518
1521 1513 1514 1515
1522 1523 1528 1529
1522 1517 1512 1506
1523 1528 1529 1534
1523 1522 1517 1512
1524 1533 1532 1531
1524 1525 1526 1527
1525 1524 1533 1532
1525 1526 1527 1518
1526 1525 1524 1533
1526 1527 1518 1519
1527 1526 1525 1524
1527 1518 1519 1520
1528 1529 1534 1539
1528 1523 1522 1517
1529 1534 1539 1544
1529 1528 1523 1522
1530 1538 1537 1536
1530 1531 1532 1533
1531 1530 1538 1537
1531 1532 1533 1524
1532 1531 1530 1538
1532 1533 1524 1525
1533 1532 1531 1530
1533 1524 1525 1526
1534 1539 1544 1545
1534 1529 1528 1523
1535 1543 1542 1541
1535 1536 1537 1538
1536 1535 1543 1542
1536 1537 1538 1530
1537 1536 1535 1543
1537 1538 1530 1531
1538 1537 1536 1535
1538 1530 1531 1532
1539 1544 1545 1550
1539 1534 1529 1528
1540 1549 1548 1547
1540 1541 1542 1543
1541 1540 1549 1548
1541 1542 1543 1535
1542 1541 1540 1549
1542 1543 1535 1536
1543 1542 1541 1540
1543 1535 1536 1537
1544 1545 1550 1551
1544 1539 1534 1529
1545 1550 1551 1556
1545 1544 1539 1534
1546 1555 1554 1553
1546 1547 1548 1549
1547 1546 1555 1554
1547 1548 1549 1540
1548 1547 1546 1555
1548 1549 1540 1541
1549 1548 1547 1546
1549 1540 1541 1542
1550 1551 1556 1561
1550 1545 1544 1539
1551 1556 1561 1566
1551 1550 1545 1544
1552 1560 1559 1558
1552 1553 1554 1555
1553 1552 1560 1559
1553 1554 1555 1546
1554 1553 1552 1560
1554 1555 1546 1547
1555 1554 1553 1552
1555 1546 1547 1548
1556 1561 1566 1567
1556 1551 1550 1545
1557 1565 1564 1563
1557 1558 1559 1560
1558 1557 1565 1564
1558 1559 1560 1552
1559 1558 1557 1565
1559 1560 1552 1553
1560 1559 1558 1557
1560 1552 1553 1554
1561 1566 1567 1572
1561 1556 1551 1550
1562 1571 1570 1569
1562 1563 1564 1565
1563 1562 1571 1570
1563 1564 1565 1557
1564 1563 1562 1571
1564 1565 1557 1558
1565 1564 1563 1562
1565 1557 1558 1559
1566 1567 1572 1573
1566 1561 1556 1551
1567 1572 1573 1578
1567 1566 1561 1556
1568 1577 1576 1575
1568 1569 1570 1571
1569 1568 1577 1576
1569 1570 1571 1562
1570 1569 1568 1577
1570 1571 1562 1563
1571 1570 1569 1568
1571 1562 1563 1564
1572 1573 1578 1579
1572 1567 1566 1561
1573 1578 1579 1584
1573 1572 1567 1566
1574 1583 1582 1581
1574 1575 1576 1577
1575 1574 1583 1582
1575 1576 1577 1568
1576 1575 1574 1583
1576 1577 1568 1569
1577 1576 1575 1574
1577 1568 1569 1570
1578 1579 1584 1589
1578 1573 1572 1567
1579 1584 1589 1590
1579 1578 1573 1572
1580 1588 1587 1586
1580 1581 1582 1583
1581 1580 1588 1587
1581 1582 1583 1574
1582 1581 1580 1588
1582 1583 1574 1575
1583 1582 1581 1580
1583 1574 1575 1576
1584 1589 1590 1595
1584 1579 1578 1573
1585 1594 1593 1592
1585 1586 1587 1588
1586 1585 1594 1593
1586 1587 1588 1580
1587 1586 1585 1594
1587 1588 1580 1581
1588 1587 1586 1585
1588 1580 1581 1582
1589 1590 1595 1596
1589 1584 1579 1578
1590 1595 1596 1601
1590 1589 1584 1579
1591 1600 1599 1598
1591 1592 1593 1594
1592 1591 1600 1599
1592 1593 1594 1585
1593 1592 1591 1600
1593 1594 1585 1586
1594 1593 1592 1591
1594 1585 1586 1587
1595 1596 1601 1602
1595 1590 1589 1584
1596 1601 1602 1607
1596 1595 1590 1589
1597 1606 1605 1604
1597 1598 1599 1600
1598 1597 1606 1605
1598 1599 1600 1591
1599 1598 1597 1606
1599 1600 1591 1592
1600 1599 1598 1597
1600 1591 1592 1593
1601 1602 1607 1608
1601 1596 1595 1590
1602 1607 1608 1613
1602 1601 1596 1595
1603 1612 1611 1610
1603 1604 1605 1606
1604 1603 1612 1611
1604 1605 1606 1597
1605 1604 1603 1612
1605 1606 1597 1598
1606 1605 1604 1603
1606 1597 1598 1599
1607 1608 1613 1614
1607 1602 1601 1596
1608 1613 1614 1615
1608 1607 1602 1601
1609 1620 1619 1618
1609 1610 1611 1612
1610 1609 1620 1619
1610 1611 1612 1603
1611 1610 1609 1620
1611 1612 1603 1604
1612 1611 1610 1609
1612 1603 1604 1605
1613 1614 1615 1616
1613 1608 1607 1602
1614 1615 1616 1621
1614 1613 1608 1607
1615 1616 1621 1622
1615 1614 1613 1608
1616 1621 1622 1623
1616 1615 1614 1613
1617 1642 1641 1640
1617 1618 1619 1620
1618 1617 1642 1641
1618 1619 1620 1609
1619 1618 1617 1642
1619 1620 1609 1610
1620 1619 1618 1617
1620 1609 1610 1611
1621 1622 1623 1624
1621 1616 1615 1614
1622 1623 1624 1625
1622 1621 1616 1615
1623 1624 1625 1626
1623 1622 1621 1616
1624 1625 1626 1627
1624 1623 1622 1621
1625 1626 1627 1628
1625 1624 1623 1622
1626 1627 1628 1629
1626 1625 1624 1623
1627 1628 1629 1630
1627 1626 1625 1624
1628 1629 1630 1631
1628 1627 1626 1625
1629 1630 1631 1632
1629 1628 1627 1626
1630 1631 1632 1633
1630 1629 1628 1627
1631 1632 1633 1634
1631 1630 1629 1628
1632 1633 1634 1635
1632 1631 1630 1629
1633 1634 1635 1636
1633 1632 1631 1630
1634 1635 1636 1637
1634 1633 1632 1631
1635 1636 1637 1643
1635 1634 1633 1632
1636 1637 1643 1644
1636 1635 1634 1633
1637 1643 1644 1645
1637 1636 1635 1634
1638 1659 1658 1657
1638 1639 1640 1641
1639 1638 1659 1658
1639 1640 1641 1642
1640 1639 1638 1659
1640 1641 1642 1617
1641 1640 1639 1638
1641 1642 1617 1618
1642 1641 1640 1639
1642 1617 1618 1619
1643 1644 1645 1646
1643 1637 1636 1635
1644 1645 1646 1647
1644 1643 1637 1636
1645 1646 1647 1648
1645 1644 1643 1637
1646 1647 1648 1649
1646 1645 1644 1643
1647 1648 1649 1650
1647 1646 1645 1644
1648 1649 1650 1651
1648 1647 1646 1645
1649 1650 1651 1652
1649 1648 1647 1646
1650 1651 1652 1653
1650 1649 1648 1647
1651 1652 1653 1654
1651 1650 1649 1648
1652 1653 1654 1655
1652 1651 1650 1649
1653 1654 1655 1660
1653 1652 1651 1650
1654 1655 1660 1661
1654 1653 1652 1651
1655 1660 1661 1662
1655 1654 1653 1652
1656 1683 1682 1681
1656 1657 1658 1659
1657 1656 1683 1682
1657 1658 1659 1638
1658 1657 1656 1683
1658 1659 1638 1639
1659 1658 1657 1656
1659 1638 1639 1640
1660 1661 1662 1663
1660 1655 1654 1653
1661 1662 1663 1664
1661 1660 1655 1654
1662 1663 1664 1665
1662 1661 1660 1655
1663 1664 1665 1666
1663 1662 1661 1660
1664 1665 1666 1667
1664 1663 1662 1661
1665 1666 1667 1668
1665 1664 1663 1662
1666 1667 1668 1669
1666 1665 1664 1663
1667 1668 1669 1670
1667 1666 1665 1664
1668 1669 1670 1671
1668 1667 1666 1665
1669 1670 1671 1672
1669 1668 1667 1666
1670 1671 1672 1673
1670 1669 1668 1667
1671 1672 1673 1674
1671 1670 1669 1668
1672 1673 1674 1675
1672 1671 1670 1669
1673 1674 1675 1676
1673 1672 1671 1670
1674 1675 1676 1677
1674 1673 1672 1671
1675 1676 1677 1678
1675 1674 1673 1672
1676 1677 1678 1684
1676 1675 1674 1673
1677 1678 1684 1685
1677 1676 1675 1674
1678 1684 1685 1686
1678 1677 1676 1675
1679 1701 1700 1699
1679 1680 1681 1682
1680 1679 1701 1700
1680 1681 1682 1683
1681 1680 1679 1701
1681 1682 1683 1656
1682 1681 1680 1679
1682 1683 1656 1657
1683 1682 1681 1680
1683 1656 1657 1658
1684 1685 1686 1687
1684 1678 1677 1676
1685 1686 1687 1688
1685 1684 1678 1677
1686 1687 1688 1689
1686 1685 1684 1678
1687 1688 1689 1690
1687 1686 1685 1684
1688 1689 1690 1691
1688 1687 1686 1685
1689 1690 1691 1692
1689 1688 1687 1686
1690 1691 1692 1693
1690 1689 1688 1687
1691 1692 1693 1694
1691 1690 1689 1688
1692 1693 1694 1695
1692 1691 1690 1689
1693 1694 1695 1696
1693 1692 1691 1690
1694 1695 1696 1697
1694 1693 1692 1691
1695 1696 1697 1702
1695 1694 1693 1692
1696 1697 1702 1703
1696 1695 1694 1693
1697 1702 1703 1704
1697 1696 1695 1694
1698 1725 1724 1723
1698 1699 1700 1701
1699 1698 1725 1724
1699 1700 1701 1679
1700 1699 1698 1725
1700 1701 1679 1680
1701 1700 1699 1698
1701 1679 1680 1681
1702 1703 1704 1705
1702 1697 1696 1695
1703 1704 1705 1706
1703 1702 1697 1696
1704 1705 1706 1707
1704 1703 1702 1697
1705 1706 1707 1708
1705 1704 1703 1702
1706 1707 1708 1709
1706 1705 1704 1703
1707 1708 1709 1710
1707 1706 1705 1704
1708 1709 1710 1711
1708 1707 1706 1705
1709 1710 1711 1712
1709 1708 1707 1706
1710 1711 1712 1713
1710 1709 1708 1707
1711 1712 1713 1714
1711 1710 1709 1708
1712 1713 1714 1715
1712 1711 1710 1709
1713 1714 1715 1716
1713 1712 1711 1710
1714 1715 1716 1717
1714 1713 1712 1711
1715 1716 1717 1718
1715 1714 1713 1712
1716 1717 1718 1719
1716 1715 1714 1713
1717 1718 1719 1720
1717 1716 1715 1714
1718 1719 1720 1726
1718 1717 1716 1715
1719 1720 1726 1727
1719 1718 1717 1716
1720 1726 1727 1728
1720 1719 1718 1717
1721 1742 1741 1740
1721 1722 1723 1724
1722 1721 1742 1741
1722 1723 1724 1725
1723 1722 1721 1742
1723 1724 1725 1698
1724 1723 1722 1721
1724 1725 1698 1699
1725 1724 1723 1722
1725 1698 1699 1700
1726 1727 1728 1729
1726 1720 1719 1718
1727 1728 1729 1730
1727 1726 1720 1719
1728 1729 1730 1731
1728 1727 1726 1720
1729 1730 1731 1732
1729 1728 1727 1726
1730 1731 1732 1733
1730 1729 1728 1727
1731 1732 1733 1734
1731 1730 1729 1728
1732 1733 1734 1735
1732 1731 1730 1729
1733 1734 1735 1736
1733 1732 1731 1730
1734 1735 1736 1737
1734 1733 1732 1731
1735 1736 1737 1738
1735 1734 1733 1732
1736 1737 1738 1743
1736 1735 1734 1733
1737 1738 1743 1744
1737 1736 1735 1734
1738 1743 1744 1745
1738 1737 1736 1735
1739 1766 1765 1764
1739 1740 1741 1742
1740 1739 1766 1765
1740 1741 1742 1721
1741 1740 1739 1766
1741 1742 1721 1722
1742 1741 1740 1739
1742 1721 1722 1723
1743 1744 1745 1746
1743 1738 1737 1736
1744 1745 1746 1747
1744 1743 1738 1737
1745 1746 1747 1748
1745 1744 1743 1738
1746 1747 1748 1749
1746 1745 1744 1743
1747 1748 1749 1750
1747 1746 1745 1744
1748 1749 1750 1751
1748 1747 1746 1745
1749 1750 1751 1752
1749 1748 1747 1746
1750 1751 1752 1753
1750 1749 1748 1747
1751 1752 1753 1754
1751 1750 1749 1748
1752 1753 1754 1755
1752 1751 1750 1749
1753 1754 1755 1756
1753 1752 1751 1750
1754 1755 1756 1757
1754 1753 1752 1751
1755 1756 1757 1758
1755 1754 1753 1752
1756 1757 1758 1759
1756 1755 1754 1753
1757 1758 1759 1760
1757 1756 1755 1754
1758 1759 1760 1761
1758 1757 1756 1755
1759 1760 1761 1767
1759 1758 1757 1756
1760 1761 1767 1768
1760 1759 1758 1757
1761 1767 1768 1769
1761 1760 1759 1758
1762 1786 1785 1784
1762 1763 1764 1765
1763 1762 1786 1785
1763 1764 1765 1766
1764 1763 1762 1786
1764 1765 1766 1739
1765 1764 1763 1762
1765 1766 1739 1740
1766 1765 1764 1763
1766 1739 1740 1741
1767 1768 1769 1770
1767 1761 1760 1759
1768 1769 1770 1771
1768 1767 1761 1760
1769 1770 1771 1772
1769 1768 1767 1761
1770 1771 1772 1773
1770 1769 1768 1767
1771 1772 1773 1774
1771 1770 1769 1768
1772 1773 1774 1775
1772 1771 1770 1769
1773 1774 1775 1776
1773 1772 1771 1770
1774 1775 1776 1777
1774 1773 1772 1771
1775 1776 1777 1778
1775 1774 1773 1772
1776 1777 1778 1779
1776 1775 1774 1773
1777 1778 1779 1780
1777 1776 1775 1774
1778 1779 1780 1787
1778 1777 1776 1775
1779 1780 1787 1788
1779 1778 1777 1776
1780 1787 1788 1789
1780 1779 1778 1777
1781 1789 1788 1787
1781 1782 1783 1784
1782 1781 1789 1788
1782 1783 1784 1785
1783 1782 1781 1789
1783 1784 1785 1786
1784 1783 1782 1781
1784 1785 1786 1762
1785 1784 1783 1782
1785 1786 1762 1763
1786 1785 1784 1783
1786 1762 1763 1764
1787 1788 1789 1781
1787 1780 1779 1778
1788 1789 1781 1782
1788 1787 1780 1779
1789 1788 1787 1780
1789 1781 1782 1783
