0 91 90 89
0 1 2 3
1 0 91 90
1 2 3 4
2 1 0 91
2 3 4 5
3 2 1 0
3 4 5 6
4 3 2 1
4 5 6 7
5 6 7 8
5 4 3 2
6 7 8 9
6 5 4 3
7 8 9 10
7 6 5 4
8 9 10 11
8 7 6 5
9 10 11 12
9 8 7 6
10 11 12 13
10 9 8 7
11 12 13 14
11 10 9 8
12 13 14 15
12 11 10 9
13 14 15 16
13 12 11 10
14 15 16 17
14 13 12 11
15 16 17 18
15 14 13 12
16 17 18 19
16 15 14 13
17 18 19 20
17 16 15 14
18 19 20 21
18 17 16 15
19 20 21 22
19 18 17 16
20 21 22 23
20 19 18 17
21 22 23 24
21 20 19 18
22 23 24 25
22 21 20 19
23 24 25 26
23 22 21 20
24 25 26 27
24 23 22 21
25 26 27 28
25 24 23 22
26 27 28 29
26 25 24 23
27 28 29 30
27 26 25 24
28 29 30 31
28 27 26 25
29 30 31 32
29 28 27 26
30 31 32 33
30 29 28 27
31 32 33 34
31 30 29 28
32 33 34 35
32 31 30 29
33 34 35 36
33 32 31 30
34 35 36 37
34 33 32 31
35 36 37 38
35 34 33 32
36 37 38 39
36 35 34 33
37 38 39 40
37 36 35 34
38 39 40 41
38 37 36 35
39 40 41 42
39 38 37 36
40 41 42 43
40 39 38 37
41 42 43 44
41 40 39 38
42 43 44 45
42 41 40 39
43 44 45 46
43 42 41 40
44 45 46 47
44 43 42 41
45 46 47 48
45 44 43 42
46 47 48 49
46 45 44 43
47 48 49 50
47 46 45 44
48 49 50 51
48 47 46 45
49 50 51 52
49 48 47 46
50 51 52 53
50 49 48 47
51 52 53 54
51 50 49 48
52 53 54 55
52 51 50 49
53 54 55 56
53 52 51 50
54 55 56 57
54 53 52 51
55 56 57 58
55 54 53 52
56 57 58 59
56 55 54 53
57 58 59 60
57 56 55 54
58 59 60 61
58 57 56 55
59 60 61 62
59 58 57 56
60 61 62 63
60 59 58 57
61 62 63 64
61 60 59 58
62 63 64 65
62 61 60 59
63 64 65 66
63 62 61 60
64 65 66 67
64 63 62 61
65 66 67 68
65 64 63 62
66 67 68 69
66 65 64 63
67 68 69 70
67 66 65 64
68 69 70 71
68 67 66 65
69 70 71 72
69 68 67 66
70 71 72 73
70 69 68 67
71 72 73 74
71 70 69 68
72 73 74 75
72 71 70 69
73 74 75 76
73 72 71 70
74 75 76 77
74 73 72 71
75 76 77 78
75 74 73 72
76 77 78 79
76 75 74 73
77 78 79 80
77 76 75 74
78 79 80 81
78 77 76 75
79 80 81 82
79 78 77 76
80 81 82 83
80 79 78 77
81 82 83 84
81 80 79 78
82 83 84 85
82 81 80 79
83 84 85 86
83 82 81 80
84 85 86 87
84 83 82 81
85 86 87 88
85 84 83 82
86 87 88 92
86 85 84 83
87 88 92 93
87 86 85 84
88 92 93 94
88 87 86 85
89 147 146 145
89 90 91 0
90 89 147 146
90 91 0 1
91 90 89 147
91 0 1 2
92 93 94 95
92 88 87 86
93 94 95 96
93 92 88 87
94 95 96 97
94 93 92 88
95 96 97 98
95 94 93 92
96 97 98 99
96 95 94 93
97 98 99 100
97 96 95 94
98 99 100 101
98 97 96 95
99 100 101 102
99 98 97 96
100 101 102 103
100 99 98 97
101 102 103 104
101 100 99 98
102 103 104 105
102 101 100 99
103 104 105 106
103 102 101 100
104 105 106 107
104 103 102 101
105 106 107 108
105 104 103 102
106 107 108 109
106 105 104 103
107 108 109 110
107 106 105 104
108 109 110 111
108 107 106 105
109 110 111 112
109 108 107 106
110 111 112 113
110 109 108 107
111 112 113 114
111 110 109 108
112 113 114 115
112 111 110 109
113 114 115 116
113 112 111 110
114 115 116 117
114 113 112 111
115 116 117 118
115 114 113 112
116 117 118 119
116 115 114 113
117 118 119 120
117 116 115 114
118 119 120 121
118 117 116 115
119 120 121 122
119 118 117 116
120 121 122 123
120 119 118 117
121 122 123 124
121 120 119 118
122 123 124 125
122 121 120 119
123 124 125 126
123 122 121 120
124 125 126 127
124 123 122 121
125 126 127 128
125 124 123 122
126 127 128 129
126 125 124 123
127 128 129 130
127 126 125 124
128 129 130 131
128 127 126 125
129 130 131 132
129 128 127 126
130 131 132 133
130 129 128 127
131 132 133 134
131 130 129 128
132 133 134 135
132 131 130 129
133 134 135 136
133 132 131 130
134 135 136 137
134 133 132 131
135 136 137 138
135 134 133 132
136 137 138 139
136 135 134 133
137 138 139 140
137 136 135 134
138 139 140 141
138 137 136 135
139 140 141 142
139 138 137 136
140 141 142 143
140 139 138 137
141 142 143 144
141 140 139 138
142 143 144 148
142 141 140 139
143 144 148 149
143 142 141 140
144 148 149 152
144 143 142 141
145 151 150 156
145 146 147 89
146 145 151 150
146 147 89 90
147 146 145 151
147 89 90 91
148 149 152 153
148 144 143 142
149 152 153 157
149 148 144 143
150 156 155 154
150 151 145 146
151 150 156 155
151 145 146 147
152 153 157 158
152 149 148 144
153 157 158 162
153 152 149 148
154 161 160 159
154 155 156 150
155 154 161 160
155 156 150 151
156 155 154 161
156 150 151 145
157 158 162 166
157 153 152 149
158 162 166 170
158 157 153 152
159 165 164 163
159 160 161 154
160 159 165 164
160 161 154 155
161 160 159 165
161 154 155 156
162 166 170 173
162 158 157 153
163 169 168 167
163 164 165 159
164 163 169 168
164 165 159 160
165 164 163 169
165 159 160 161
166 170 173 176
166 162 158 157
167 172 171 175
167 168 169 163
168 167 172 171
168 169 163 164
169 168 167 172
169 163 164 165
170 173 176 177
170 166 162 158
171 175 174 180
171 172 167 168
172 171 175 174
172 167 168 169
173 176 177 181
173 170 166 162
174 180 179 178
174 175 171 172
175 174 180 179
175 171 172 167
176 177 181 184
176 173 170 166
177 181 184 187
177 176 173 170
178 183 182 186
178 179 180 174
179 178 183 182
179 180 174 175
180 179 178 183
180 174 175 171
181 184 187 190
181 177 176 173
182 186 185 189
182 183 178 179
183 182 186 185
183 178 179 180
184 187 190 193
184 181 177 176
185 189 188 192
185 186 182 183
186 185 189 188
186 182 183 178
187 190 193 194
187 184 181 177
188 192 191 196
188 189 185 186
189 188 192 191
189 185 186 182
190 193 194 197
190 187 184 181
191 196 195 199
191 192 188 189
192 191 196 195
192 188 189 185
193 194 197 200
193 190 187 184
194 197 200 203
194 193 190 187
195 199 198 202
195 196 191 192
196 195 199 198
196 191 192 188
197 200 203 206
197 194 193 190
198 202 201 205
198 199 195 196
199 198 202 201
199 195 196 191
200 203 206 209
200 197 194 193
201 205 204 208
201 202 198 199
202 201 205 204
202 198 199 195
203 206 209 210
203 200 197 194
204 208 207 212
204 205 201 202
205 204 208 207
205 201 202 198
206 209 210 213
206 203 200 197
207 212 211 215
207 208 204 205
208 207 212 211
208 204 205 201
209 210 213 216
209 206 203 200
210 213 216 219
210 209 206 203
211 215 214 218
211 212 207 208
212 211 215 214
212 207 208 204
213 216 219 222
213 210 209 206
214 218 217 221
214 215 211 212
215 214 218 217
215 211 212 207
216 219 222 225
216 213 210 209
217 221 220 224
217 218 214 215
218 217 221 220
218 214 215 211
219 222 225 226
219 216 213 210
220 224 223 228
220 221 217 218
221 220 224 223
221 217 218 214
222 225 226 229
222 219 216 213
223 228 227 231
223 224 220 221
224 223 228 227
224 220 221 217
225 226 229 232
225 222 219 216
226 229 232 235
226 225 222 219
227 231 230 234
227 228 223 224
228 227 231 230
228 223 224 220
229 232 235 238
229 226 225 222
230 234 233 237
230 231 227 228
231 230 234 233
231 227 228 223
232 235 238 241
232 229 226 225
233 237 236 240
233 234 230 231
234 233 237 236
234 230 231 227
235 238 241 242
235 232 229 226
236 240 239 243
236 237 233 234
237 236 240 239
237 233 234 230
238 241 242 244
238 235 232 229
239 243 245 247
239 240 236 237
240 239 243 245
240 236 237 233
241 242 244 246
241 238 235 232
242 244 246 248
242 241 238 235
243 245 247 249
243 239 240 236
244 246 248 250
244 242 241 238
245 247 249 251
245 243 239 240
246 248 250 252
246 244 242 241
247 249 251 254
247 245 243 239
248 250 252 253
248 246 244 242
249 251 254 256
249 247 245 243
250 252 253 255
250 248 246 244
251 254 256 258
251 249 247 245
252 253 255 257
252 250 248 246
253 255 257 259
253 252 250 248
254 256 258 260
254 251 249 247
255 257 259 261
255 253 252 250
256 258 260 262
256 254 251 249
257 259 261 263
257 255 253 252
258 260 262 265
258 256 254 251
259 261 263 264
259 257 255 253
260 262 265 267
260 258 256 254
261 263 264 266
261 259 257 255
262 265 267 269
262 260 258 256
263 264 266 268
263 261 259 257
264 266 268 270
264 263 261 259
265 267 269 271
265 262 260 258
266 268 270 272
266 264 263 261
267 269 271 273
267 265 262 260
268 270 272 274
268 266 264 263
269 271 273 276
269 267 265 262
270 272 274 275
270 268 266 264
271 273 276 278
271 269 267 265
272 274 275 277
272 270 268 266
273 276 278 281
273 271 269 267
274 275 277 280
274 272 270 268
275 277 280 283
275 274 272 270
276 278 281 284
276 273 271 269
277 280 283 287
277 275 274 272
278 281 284 288
278 276 273 271
279 282 285 286
280 283 287 290
280 277 275 274
281 284 288 292
281 278 276 273
282 285 286 289
283 287 290 291
283 280 277 275
284 288 292 296
284 281 278 276
285 286 289 293
285 282 279 -1
286 289 293 294
286 285 282 279
287 290 291 295
287 283 280 277
288 292 296 300
288 284 281 278
289 293 294 297
289 286 285 282
290 291 295 299
290 287 283 280
291 295 299 302
291 290 287 283
292 296 300 303
292 288 284 281
293 294 297 298
293 289 286 285
294 297 298 301
294 293 289 286
295 299 302 306
295 291 290 287
296 300 303 307
296 292 288 284
297 298 301 304
297 294 293 289
298 301 304 305
298 297 294 293
299 302 306 310
299 295 291 290
300 303 307 312
300 296 292 288
301 304 305 308
301 298 297 294
302 306 310 311
302 299 295 291
303 307 312 316
303 300 296 292
304 305 308 309
304 301 298 297
305 308 309 313
305 304 301 298
306 310 311 315
306 302 299 295
307 312 316 320
307 303 300 296
308 309 313 314
308 305 304 301
309 313 314 317
309 308 305 304
310 311 315 319
310 306 302 299
311 315 319 323
311 310 306 302
312 316 320 324
312 307 303 300
313 314 317 318
313 309 308 305
314 317 318 321
314 313 309 308
315 319 323 327
315 311 310 306
316 320 324 328
316 312 307 303
317 318 321 322
317 314 313 309
318 321 322 325
318 317 314 313
319 323 327 331
319 315 311 310
320 324 328 333
320 316 312 307
321 322 325 326
321 318 317 314
322 325 326 329
322 321 318 317
323 327 331 332
323 319 315 311
324 328 333 337
324 320 316 312
325 326 329 330
325 322 321 318
326 329 330 334
326 325 322 321
327 331 332 336
327 323 319 315
328 333 337 341
328 324 320 316
329 330 334 335
329 326 325 322
330 334 335 338
330 329 326 325
331 332 336 340
331 327 323 319
332 336 340 344
332 331 327 323
333 337 341 345
333 328 324 320
334 335 338 339
334 330 329 326
335 338 339 342
335 334 330 329
336 340 344 349
336 332 331 327
337 341 345 350
337 333 328 324
338 339 342 343
338 335 334 330
339 342 343 346
339 338 335 334
340 344 349 353
340 336 332 331
341 345 350 355
341 337 333 328
342 343 346 347
342 339 338 335
343 346 347 348
343 342 339 338
344 349 353 354
344 340 336 332
345 350 355 359
345 341 337 333
346 347 348 351
346 343 342 339
347 348 351 352
347 346 343 342
348 351 352 356
348 347 346 343
349 353 354 358
349 344 340 336
350 355 359 363
350 345 341 337
351 352 356 357
351 348 347 346
352 356 357 360
352 351 348 347
353 354 358 362
353 349 344 340
354 358 362 366
354 353 349 344
355 359 363 367
355 350 345 341
356 357 360 361
356 352 351 348
357 360 361 364
357 356 352 351
358 362 366 370
358 354 353 349
359 363 367 371
359 355 350 345
360 361 364 365
360 357 356 352
361 364 365 368
361 360 357 356
362 366 370 374
362 358 354 353
363 367 371 376
363 359 355 350
364 365 368 369
364 361 360 357
365 368 369 372
365 364 361 360
366 370 374 375
366 362 358 354
367 371 376 380
367 363 359 355
368 369 372 373
368 365 364 361
369 372 373 377
369 368 365 364
370 374 375 379
370 366 362 358
371 376 380 385
371 367 363 359
372 373 377 378
372 369 368 365
373 377 378 381
373 372 369 368
374 375 379 384
374 370 366 362
375 379 384 388
375 374 370 366
376 380 385 389
376 371 367 363
377 378 381 382
377 373 372 369
378 381 382 383
378 377 373 372
379 384 388 392
379 375 374 370
380 385 389 393
380 376 371 367
381 382 383 386
381 378 377 373
382 383 386 387
382 381 378 377
383 386 387 390
383 382 381 378
384 388 392 397
384 379 375 374
385 389 393 399
385 380 376 371
386 387 390 391
386 383 382 381
387 390 391 394
387 386 383 382
388 392 397 398
388 384 379 375
389 393 399 404
389 385 380 376
390 391 394 395
390 387 386 383
391 394 395 396
391 390 387 386
392 397 398 403
392 388 384 379
393 399 404 408
393 389 385 380
394 395 396 400
394 391 390 387
395 396 400 401
395 394 391 390
396 400 401 402
396 395 394 391
397 398 403 407
397 392 388 384
398 403 407 411
398 397 392 388
399 404 408 413
399 393 389 385
400 401 402 405
400 396 395 394
401 402 405 406
401 400 396 395
402 405 406 409
402 401 400 396
403 407 411 412
403 398 397 392
404 408 413 417
404 399 393 389
405 406 409 410
405 402 401 400
406 409 410 414
406 405 402 401
407 411 412 416
407 403 398 397
408 413 417 421
408 404 399 393
409 410 414 415
409 406 405 402
410 414 415 418
410 409 406 405
411 412 416 420
411 407 403 398
412 416 420 424
412 411 407 403
413 417 421 425
413 408 404 399
414 415 418 419
414 410 409 406
415 418 419 422
415 414 410 409
416 420 424 428
416 412 411 407
417 421 425 429
417 413 408 404
418 419 422 423
418 415 414 410
419 422 423 426
419 418 415 414
420 424 428 433
420 416 412 411
421 425 429 435
421 417 413 408
422 423 426 427
422 419 418 415
423 426 427 430
423 422 419 418
424 428 433 434
424 420 416 412
425 429 435 439
425 421 417 413
426 427 430 431
426 423 422 419
427 430 431 432
427 426 423 422
428 433 434 438
428 424 420 416
429 435 439 441
429 425 421 417
430 431 432 436
430 427 426 423
431 432 436 437
431 430 427 426
432 436 437 -1
432 431 430 427
433 434 438 440
433 428 424 420
434 438 440 442
434 433 428 424
435 439 441 443
435 429 425 421
436 432 431 430
437 436 432 431
438 440 442 444
438 434 433 428
439 441 443 445
439 435 429 425
440 442 444 446
440 438 434 433
441 443 445 447
441 439 435 429
442 444 446 448
442 440 438 434
443 445 447 449
443 441 439 435
444 446 448 450
444 442 440 438
445 447 449 451
445 443 441 439
446 448 450 452
446 444 442 440
447 449 451 453
447 445 443 441
448 450 452 454
448 446 444 442
449 451 453 455
449 447 445 443
450 452 454 456
450 448 446 444
451 453 455 457
451 449 447 445
452 454 456 458
452 450 448 446
453 455 457 459
453 451 449 447
454 456 458 460
454 452 450 448
455 457 459 461
455 453 451 449
456 458 460 462
456 454 452 450
457 459 461 463
457 455 453 451
458 460 462 464
458 456 454 452
459 461 463 465
459 457 455 453
460 462 464 466
460 458 456 454
461 463 465 467
461 459 457 455
462 464 466 468
462 460 458 456
463 465 467 469
463 461 459 457
464 466 468 470
464 462 460 458
465 467 469 471
465 463 461 459
466 468 470 472
466 464 462 460
467 469 471 473
467 465 463 461
468 470 472 474
468 466 464 462
469 471 473 475
469 467 465 463
470 472 474 476
470 468 466 464
471 473 475 477
471 469 467 465
472 474 476 478
472 470 468 466
473 475 477 479
473 471 469 467
474 476 478 480
474 472 470 468
475 477 479 481
475 473 471 469
476 478 480 482
476 474 472 470
477 479 481 483
477 475 473 471
478 480 482 484
478 476 474 472
479 481 483 485
479 477 475 473
480 482 484 486
480 478 476 474
481 483 485 487
481 479 477 475
482 484 486 488
482 480 478 476
483 485 487 489
483 481 479 477
484 486 488 490
484 482 480 478
485 487 489 491
485 483 481 479
486 488 490 492
486 484 482 480
487 489 491 493
487 485 483 481
488 490 492 494
488 486 484 482
489 491 493 495
489 487 485 483
490 492 494 496
490 488 486 484
491 493 495 497
491 489 487 485
492 494 496 498
492 490 488 486
493 495 497 499
493 491 489 487
494 496 498 500
494 492 490 488
495 497 499 501
495 493 491 489
496 498 500 502
496 494 492 490
497 499 501 503
497 495 493 491
498 500 502 504
498 496 494 492
499 501 503 505
499 497 495 493
500 502 504 506
500 498 496 494
501 503 505 507
501 499 497 495
502 504 506 508
502 500 498 496
503 505 507 509
503 501 499 497
504 506 508 510
504 502 500 498
505 507 509 511
505 503 501 499
506 508 510 512
506 504 502 500
507 509 511 513
507 505 503 501
508 510 512 514
508 506 504 502
509 511 513 515
509 507 505 503
510 512 514 516
510 508 506 504
511 513 515 517
511 509 507 505
512 514 516 518
512 510 508 506
513 515 517 519
513 511 509 507
514 516 518 520
514 512 510 508
515 517 519 521
515 513 511 509
516 518 520 522
516 514 512 510
517 519 521 523
517 515 513 511
518 520 522 524
518 516 514 512
519 521 523 525
519 517 515 513
520 522 524 526
520 518 516 514
521 523 525 527
521 519 517 515
522 524 526 528
522 520 518 516
523 525 527 529
523 521 519 517
524 526 528 530
524 522 520 518
525 527 529 531
525 523 521 519
526 528 530 532
526 524 522 520
527 529 531 533
527 525 523 521
528 530 532 534
528 526 524 522
529 531 533 535
529 527 525 523
530 532 534 536
530 528 526 524
531 533 535 537
531 529 527 525
532 534 536 538
532 530 528 526
533 535 537 539
533 531 529 527
534 536 538 540
534 532 530 528
535 537 539 541
535 533 531 529
536 538 540 542
536 534 532 530
537 539 541 543
537 535 533 531
538 540 542 544
538 536 534 532
539 541 543 545
539 537 535 533
540 542 544 546
540 538 536 534
541 543 545 547
541 539 537 535
542 544 546 548
542 540 538 536
543 545 547 549
543 541 539 537
544 546 548 550
544 542 540 538
545 547 549 551
545 543 541 539
546 548 550 552
546 544 542 540
547 549 551 553
547 545 543 541
548 550 552 554
548 546 544 542
549 551 553 555
549 547 545 543
550 552 554 556
550 548 546 544
551 553 555 557
551 549 547 545
552 554 556 558
552 550 548 546
553 555 557 559
553 551 549 547
554 556 558 560
554 552 550 548
555 557 559 561
555 553 551 549
556 558 560 562
556 554 552 550
557 559 561 563
557 555 553 551
558 560 562 564
558 556 554 552
559 561 563 565
559 557 555 553
560 562 564 566
560 558 556 554
561 563 565 567
561 559 557 555
562 564 566 568
562 560 558 556
563 565 567 569
563 561 559 557
564 566 568 570
564 562 560 558
565 567 569 571
565 563 561 559
566 568 570 572
566 564 562 560
567 569 571 573
567 565 563 561
568 570 572 574
568 566 564 562
569 571 573 575
569 567 565 563
570 572 574 576
570 568 566 564
571 573 575 577
571 569 567 565
572 574 576 578
572 570 568 566
573 575 577 579
573 571 569 567
574 576 578 580
574 572 570 568
575 577 579 581
575 573 571 569
576 578 580 582
576 574 572 570
577 579 581 583
577 575 573 571
578 580 582 584
578 576 574 572
579 581 583 585
579 577 575 573
580 582 584 586
580 578 576 574
581 583 585 587
581 579 577 575
582 584 586 588
582 580 578 576
583 585 587 589
583 581 579 577
584 586 588 590
584 582 580 578
585 587 589 591
585 583 581 579
586 588 590 592
586 584 582 580
587 589 591 593
587 585 583 581
588 590 592 594
588 586 584 582
589 591 593 595
589 587 585 583
590 592 594 596
590 588 586 584
591 593 595 597
591 589 587 585
592 594 596 598
592 590 588 586
593 595 597 599
593 591 589 587
594 596 598 600
594 592 590 588
595 597 599 601
595 593 591 589
596 598 600 602
596 594 592 590
597 599 601 603
597 595 593 591
598 600 602 604
598 596 594 592
599 601 603 605
599 597 595 593
600 602 604 606
600 598 596 594
601 603 605 607
601 599 597 595
602 604 606 608
602 600 598 596
603 605 607 609
603 601 599 597
604 606 608 610
604 602 600 598
605 607 609 611
605 603 601 599
606 608 610 612
606 604 602 600
607 609 611 613
607 605 603 601
608 610 612 614
608 606 604 602
609 611 613 615
609 607 605 603
610 612 614 616
610 608 606 604
611 613 615 617
611 609 607 605
612 614 616 618
612 610 608 606
613 615 617 619
613 611 609 607
614 616 618 620
614 612 610 608
615 617 619 621
615 613 611 609
616 618 620 622
616 614 612 610
617 619 621 623
617 615 613 611
618 620 622 624
618 616 614 612
619 621 623 625
619 617 615 613
620 622 624 626
620 618 616 614
621 623 625 627
621 619 617 615
622 624 626 628
622 620 618 616
623 625 627 629
623 621 619 617
624 626 628 630
624 622 620 618
625 627 629 631
625 623 621 619
626 628 630 632
626 624 622 620
627 629 631 633
627 625 623 621
628 630 632 634
628 626 624 622
629 631 633 635
629 627 625 623
630 632 634 636
630 628 626 624
631 633 635 637
631 629 627 625
632 634 636 638
632 630 628 626
633 635 637 639
633 631 629 627
634 636 638 640
634 632 630 628
635 637 639 641
635 633 631 629
636 638 640 642
636 634 632 630
637 639 641 643
637 635 633 631
638 640 642 644
638 636 634 632
639 641 643 645
639 637 635 633
640 642 644 646
640 638 636 634
641 643 645 647
641 639 637 635
642 644 646 648
642 640 638 636
643 645 647 649
643 641 639 637
644 646 648 650
644 642 640 638
645 647 649 651
645 643 641 639
646 648 650 652
646 644 642 640
647 649 651 653
647 645 643 641
648 650 652 654
648 646 644 642
649 651 653 655
649 647 645 643
650 652 654 656
650 648 646 644
651 653 655 657
651 649 647 645
652 654 656 658
652 650 648 646
653 655 657 659
653 651 649 647
654 656 658 660
654 652 650 648
655 657 659 661
655 653 651 649
656 658 660 662
656 654 652 650
657 659 661 663
657 655 653 651
658 660 662 664
658 656 654 652
659 661 663 665
659 657 655 653
660 662 664 666
660 658 656 654
661 663 665 667
661 659 657 655
662 664 666 668
662 660 658 656
663 665 667 669
663 661 659 657
664 666 668 670
664 662 660 658
665 667 669 671
665 663 661 659
666 668 670 672
666 664 662 660
667 669 671 673
667 665 663 661
668 670 672 674
668 666 664 662
669 671 673 675
669 667 665 663
670 672 674 676
670 668 666 664
671 673 675 677
671 669 667 665
672 674 676 678
672 670 668 666
673 675 677 679
673 671 669 667
674 676 678 680
674 672 670 668
675 677 679 681
675 673 671 669
676 678 680 682
676 674 672 670
677 679 681 683
677 675 673 671
678 680 682 684
678 676 674 672
679 681 683 685
679 677 675 673
680 682 684 686
680 678 676 674
681 683 685 687
681 679 677 675
682 684 686 688
682 680 678 676
683 685 687 689
683 681 679 677
684 686 688 690
684 682 680 678
685 687 689 691
685 683 681 679
686 688 690 692
686 684 682 680
687 689 691 693
687 685 683 681
688 690 692 694
688 686 684 682
689 691 693 695
689 687 685 683
690 692 694 696
690 688 686 684
691 693 695 697
691 689 687 685
692 694 696 698
692 690 688 686
693 695 697 699
693 691 689 687
694 696 698 700
694 692 690 688
695 697 699 701
695 693 691 689
696 698 700 702
696 694 692 690
697 699 701 703
697 695 693 691
698 700 702 704
698 696 694 692
699 701 703 705
699 697 695 693
700 702 704 706
700 698 696 694
701 703 705 707
701 699 697 695
702 704 706 708
702 700 698 696
703 705 707 709
703 701 699 697
704 706 708 710
704 702 700 698
705 707 709 711
705 703 701 699
706 708 710 712
706 704 702 700
707 709 711 713
707 705 703 701
708 710 712 714
708 706 704 702
709 711 713 715
709 707 705 703
710 712 714 716
710 708 706 704
711 713 715 717
711 709 707 705
712 714 716 719
712 710 708 706
713 715 717 720
713 711 709 707
714 716 719 722
714 712 710 708
715 717 720 723
715 713 711 709
716 719 722 725
716 714 712 710
717 720 723 726
717 715 713 711
718 721 724 727
719 722 725 728
719 716 714 712
720 723 726 729
720 717 715 713
721 724 727 730
722 725 728 731
722 719 716 714
723 726 729 732
723 720 717 715
724 727 730 733
724 721 718 -1
725 728 731 734
725 722 719 716
726 729 732 735
726 723 720 717
727 730 733 736
727 724 721 718
728 731 734 737
728 725 722 719
729 732 735 738
729 726 723 720
730 733 736 739
730 727 724 721
731 734 737 740
731 728 725 722
732 735 738 741
732 729 726 723
733 736 739 742
733 730 727 724
734 737 740 743
734 731 728 725
735 738 741 744
735 732 729 726
736 739 742 745
736 733 730 727
737 740 743 746
737 734 731 728
738 741 744 747
738 735 732 729
739 742 745 748
739 736 733 730
740 743 746 749
740 737 734 731
741 744 747 750
741 738 735 732
742 745 748 751
742 739 736 733
743 746 749 752
743 740 737 734
744 747 750 753
744 741 738 735
745 748 751 754
745 742 739 736
746 749 752 755
746 743 740 737
747 750 753 756
747 744 741 738
748 751 754 757
748 745 742 739
749 752 755 758
749 746 743 740
750 753 756 759
750 747 744 741
751 754 757 760
751 748 745 742
752 755 758 761
752 749 746 743
753 756 759 762
753 750 747 744
754 757 760 763
754 751 748 745
755 758 761 764
755 752 749 746
756 759 762 765
756 753 750 747
757 760 763 766
757 754 751 748
758 761 764 767
758 755 752 749
759 762 765 768
759 756 753 750
760 763 766 769
760 757 754 751
761 764 767 770
761 758 755 752
762 765 768 771
762 759 756 753
763 766 769 772
763 760 757 754
764 767 770 773
764 761 758 755
765 768 771 774
765 762 759 756
766 769 772 775
766 763 760 757
767 770 773 776
767 764 761 758
768 771 774 777
768 765 762 759
769 772 775 778
769 766 763 760
770 773 776 779
770 767 764 761
771 774 777 780
771 768 765 762
772 775 778 781
772 769 766 763
773 776 779 782
773 770 767 764
774 777 780 783
774 771 768 765
775 778 781 784
775 772 769 766
776 779 782 785
776 773 770 767
777 780 783 786
777 774 771 768
778 781 784 787
778 775 772 769
779 782 785 788
779 776 773 770
780 783 786 789
780 777 774 771
781 784 787 790
781 778 775 772
782 785 788 791
782 779 776 773
783 786 789 792
783 780 777 774
784 787 790 793
784 781 778 775
785 788 791 794
785 782 779 776
786 789 792 795
786 783 780 777
787 790 793 796
787 784 781 778
788 791 794 797
788 785 782 779
789 792 795 798
789 786 783 780
790 793 796 799
790 787 784 781
791 794 797 800
791 788 785 782
792 795 798 801
792 789 786 783
793 796 799 802
793 790 787 784
794 797 800 803
794 791 788 785
795 798 801 804
795 792 789 786
796 799 802 805
796 793 790 787
797 800 803 806
797 794 791 788
798 801 804 807
798 795 792 789
799 802 805 808
799 796 793 790
800 803 806 809
800 797 794 791
801 804 807 810
801 798 795 792
802 805 808 811
802 799 796 793
803 806 809 812
803 800 797 794
804 807 810 813
804 801 798 795
805 808 811 814
805 802 799 796
806 809 812 815
806 803 800 797
807 810 813 816
807 804 801 798
808 811 814 817
808 805 802 799
809 812 815 818
809 806 803 800
810 813 816 819
810 807 804 801
811 814 817 820
811 808 805 802
812 815 818 821
812 809 806 803
813 816 819 822
813 810 807 804
814 817 820 823
814 811 808 805
815 818 821 824
815 812 809 806
816 819 822 825
816 813 810 807
817 820 823 826
817 814 811 808
818 821 824 827
818 815 812 809
819 822 825 828
819 816 813 810
820 823 826 829
820 817 814 811
821 824 827 830
821 818 815 812
822 825 828 831
822 819 816 813
823 826 829 832
823 820 817 814
824 827 830 833
824 821 818 815
825 828 831 834
825 822 819 816
826 829 832 835
826 823 820 817
827 830 833 836
827 824 821 818
828 831 834 837
828 825 822 819
829 832 835 838
829 826 823 820
830 833 836 839
830 827 824 821
831 834 837 840
831 828 825 822
832 835 838 841
832 829 826 823
833 836 839 842
833 830 827 824
834 837 840 843
834 831 828 825
835 838 841 844
835 832 829 826
836 839 842 845
836 833 830 827
837 840 843 846
837 834 831 828
838 841 844 847
838 835 832 829
839 842 845 848
839 836 833 830
840 843 846 849
840 837 834 831
841 844 847 850
841 838 835 832
842 845 848 851
842 839 836 833
843 846 849 852
843 840 837 834
844 847 850 853
844 841 838 835
845 848 851 854
845 842 839 836
846 849 852 855
846 843 840 837
847 850 853 856
847 844 841 838
848 851 854 857
848 845 842 839
849 852 855 858
849 846 843 840
850 853 856 859
850 847 844 841
851 854 857 860
851 848 845 842
852 855 858 861
852 849 846 843
853 856 859 862
853 850 847 844
854 857 860 863
854 851 848 845
855 858 861 864
855 852 849 846
856 859 862 865
856 853 850 847
857 860 863 866
857 854 851 848
858 861 864 867
858 855 852 849
859 862 865 868
859 856 853 850
860 863 866 869
860 857 854 851
861 864 867 870
861 858 855 852
862 865 868 871
862 859 856 853
863 866 869 872
863 860 857 854
864 867 870 873
864 861 858 855
865 868 871 874
865 862 859 856
866 869 872 875
866 863 860 857
867 870 873 876
867 864 861 858
868 871 874 877
868 865 862 859
869 872 875 878
869 866 863 860
870 873 876 879
870 867 864 861
871 874 877 880
871 868 865 862
872 875 878 881
872 869 866 863
873 876 879 882
873 870 867 864
874 877 880 883
874 871 868 865
875 878 881 884
875 872 869 866
876 879 882 885
876 873 870 867
877 880 883 886
877 874 871 868
878 881 884 887
878 875 872 869
879 882 885 888
879 876 873 870
880 883 886 889
880 877 874 871
881 884 887 890
881 878 875 872
882 885 888 891
882 879 876 873
883 886 889 892
883 880 877 874
884 887 890 893
884 881 878 875
885 888 891 894
885 882 879 876
886 889 892 895
886 883 880 877
887 890 893 896
887 884 881 878
888 891 894 897
888 885 882 879
889 892 895 898
889 886 883 880
890 893 896 899
890 887 884 881
891 894 897 900
891 888 885 882
892 895 898 901
892 889 886 883
893 896 899 902
893 890 887 884
894 897 900 903
894 891 888 885
895 898 901 904
895 892 889 886
896 899 902 905
896 893 890 887
897 900 903 906
897 894 891 888
898 901 904 907
898 895 892 889
899 902 905 908
899 896 893 890
900 903 906 909
900 897 894 891
901 904 907 910
901 898 895 892
902 905 908 911
902 899 896 893
903 906 909 912
903 900 897 894
904 907 910 913
904 901 898 895
905 908 911 914
905 902 899 896
906 909 912 915
906 903 900 897
907 910 913 916
907 904 901 898
908 911 914 917
908 905 902 899
909 912 915 918
909 906 903 900
910 913 916 919
910 907 904 901
911 914 917 920
911 908 905 902
912 915 918 921
912 909 906 903
913 916 919 922
913 910 907 904
914 917 920 923
914 911 908 905
915 918 921 924
915 912 909 906
916 919 922 925
916 913 910 907
917 920 923 926
917 914 911 908
918 921 924 927
918 915 912 909
919 922 925 928
919 916 913 910
920 923 926 929
920 917 914 911
921 924 927 930
921 918 915 912
922 925 928 931
922 919 916 913
923 926 929 932
923 920 917 914
924 927 930 933
924 921 918 915
925 928 931 934
925 922 919 916
926 929 932 935
926 923 920 917
927 930 933 936
927 924 921 918
928 931 934 937
928 925 922 919
929 932 935 938
929 926 923 920
930 933 936 939
930 927 924 921
931 934 937 940
931 928 925 922
932 935 938 941
932 929 926 923
933 936 939 942
933 930 927 924
934 937 940 943
934 931 928 925
935 938 941 944
935 932 929 926
936 939 942 945
936 933 930 927
937 940 943 946
937 934 931 928
938 941 944 947
938 935 932 929
939 942 945 948
939 936 933 930
940 943 946 949
940 937 934 931
941 944 947 950
941 938 935 932
942 945 948 951
942 939 936 933
943 946 949 952
943 940 937 934
944 947 950 953
944 941 938 935
945 948 951 954
945 942 939 936
946 949 952 955
946 943 940 937
947 950 953 956
947 944 941 938
948 951 954 957
948 945 942 939
949 952 955 958
949 946 943 940
950 953 956 959
950 947 944 941
951 954 957 960
951 948 945 942
952 955 958 961
952 949 946 943
953 956 959 962
953 950 947 944
954 957 960 963
954 951 948 945
955 958 961 964
955 952 949 946
956 959 962 965
956 953 950 947
957 960 963 966
957 954 951 948
958 961 964 967
958 955 952 949
959 962 965 968
959 956 953 950
960 963 966 969
960 957 954 951
961 964 967 970
961 958 955 952
962 965 968 971
962 959 956 953
963 966 969 972
963 960 957 954
964 967 970 973
964 961 958 955
965 968 971 974
965 962 959 956
966 969 972 975
966 963 960 957
967 970 973 976
967 964 961 958
968 971 974 977
968 965 962 959
969 972 975 978
969 966 963 960
970 973 976 979
970 967 964 961
971 974 977 980
971 968 965 962
972 975 978 981
972 969 966 963
973 976 979 982
973 970 967 964
974 977 980 983
974 971 968 965
975 978 981 984
975 972 969 966
976 979 982 985
976 973 970 967
977 980 983 986
977 974 971 968
978 981 984 987
978 975 972 969
979 982 985 988
979 976 973 970
980 983 986 989
980 977 974 971
981 984 987 990
981 978 975 972
982 985 988 991
982 979 976 973
983 986 989 992
983 980 977 974
984 987 990 993
984 981 978 975
985 988 991 994
985 982 979 976
986 989 992 995
986 983 980 977
987 990 993 996
987 984 981 978
988 991 994 997
988 985 982 979
989 992 995 998
989 986 983 980
990 993 996 999
990 987 984 981
991 994 997 1000
991 988 985 982
992 995 998 1001
992 989 986 983
993 996 999 1002
993 990 987 984
994 997 1000 1003
994 991 988 985
995 998 1001 1004
995 992 989 986
996 999 1002 1005
996 993 990 987
997 1000 1003 1006
997 994 991 988
998 1001 1004 1007
998 995 992 989
999 1002 1005 1008
999 996 993 990
1000 1003 1006 1009
1000 997 994 991
1001 1004 1007 1010
1001 998 995 992
1002 1005 1008 1011
1002 999 996 993
1003 1006 1009 1012
1003 1000 997 994
1004 1007 1010 1013
1004 1001 998 995
1005 1008 1011 1014
1005 1002 999 996
1006 1009 1012 1015
1006 1003 1000 997
1007 1010 1013 1016
1007 1004 1001 998
1008 1011 1014 1017
1008 1005 1002 999
1009 1012 1015 1018
1009 1006 1003 1000
1010 1013 1016 1019
1010 1007 1004 1001
1011 1014 1017 1020
1011 1008 1005 1002
1012 1015 1018 -1
1012 1009 1006 1003
1013 1016 1019 1021
1013 1010 1007 1004
1014 1017 1020 1022
1014 1011 1008 1005
1015 1012 1009 1006
1016 1019 1021 1023
1016 1013 1010 1007
1017 1020 1022 1024
1017 1014 1011 1008
1018 1015 1012 1009
1019 1021 1023 1025
1019 1016 1013 1010
1020 1022 1024 1026
1020 1017 1014 1011
1021 1023 1025 1027
1021 1019 1016 1013
1022 1024 1026 1028
1022 1020 1017 1014
1023 1025 1027 1029
1023 1021 1019 1016
1024 1026 1028 1030
1024 1022 1020 1017
1025 1027 1029 1031
1025 1023 1021 1019
1026 1028 1030 1032
1026 1024 1022 1020
1027 1029 1031 1033
1027 1025 1023 1021
1028 1030 1032 1034
1028 1026 1024 1022
1029 1031 1033 1035
1029 1027 1025 1023
1030 1032 1034 1036
1030 1028 1026 1024
1031 1033 1035 1037
1031 1029 1027 1025
1032 1034 1036 1038
1032 1030 1028 1026
1033 1035 1037 1039
1033 1031 1029 1027
1034 1036 1038 1040
1034 1032 1030 1028
1035 1037 1039 1041
1035 1033 1031 1029
1036 1038 1040 1042
1036 1034 1032 1030
1037 1039 1041 1043
1037 1035 1033 1031
1038 1040 1042 1044
1038 1036 1034 1032
1039 1041 1043 1045
1039 1037 1035 1033
1040 1042 1044 1046
1040 1038 1036 1034
1041 1043 1045 1047
1041 1039 1037 1035
1042 1044 1046 1048
1042 1040 1038 1036
1043 1045 1047 1049
1043 1041 1039 1037
1044 1046 1048 1050
1044 1042 1040 1038
1045 1047 1049 1051
1045 1043 1041 1039
1046 1048 1050 1052
1046 1044 1042 1040
1047 1049 1051 1053
1047 1045 1043 1041
1048 1050 1052 1054
1048 1046 1044 1042
1049 1051 1053 1055
1049 1047 1045 1043
1050 1052 1054 1056
1050 1048 1046 1044
1051 1053 1055 1057
1051 1049 1047 1045
1052 1054 1056 1058
1052 1050 1048 1046
1053 1055 1057 1059
1053 1051 1049 1047
1054 1056 1058 1060
1054 1052 1050 1048
1055 1057 1059 1061
1055 1053 1051 1049
1056 1058 1060 1062
1056 1054 1052 1050
1057 1059 1061 1063
1057 1055 1053 1051
1058 1060 1062 1064
1058 1056 1054 1052
1059 1061 1063 1065
1059 1057 1055 1053
1060 1062 1064 1066
1060 1058 1056 1054
1061 1063 1065 1067
1061 1059 1057 1055
1062 1064 1066 1068
1062 1060 1058 1056
1063 1065 1067 1069
1063 1061 1059 1057
1064 1066 1068 1070
1064 1062 1060 1058
1065 1067 1069 1071
1065 1063 1061 1059
1066 1068 1070 1072
1066 1064 1062 1060
1067 1069 1071 1073
1067 1065 1063 1061
1068 1070 1072 1074
1068 1066 1064 1062
1069 1071 1073 1075
1069 1067 1065 1063
1070 1072 1074 1076
1070 1068 1066 1064
1071 1073 1075 1077
1071 1069 1067 1065
1072 1074 1076 1078
1072 1070 1068 1066
1073 1075 1077 1079
1073 1071 1069 1067
1074 1076 1078 1080
1074 1072 1070 1068
1075 1077 1079 1081
1075 1073 1071 1069
1076 1078 1080 1082
1076 1074 1072 1070
1077 1079 1081 1083
1077 1075 1073 1071
1078 1080 1082 1084
1078 1076 1074 1072
1079 1081 1083 1085
1079 1077 1075 1073
1080 1082 1084 1086
1080 1078 1076 1074
1081 1083 1085 1087
1081 1079 1077 1075
1082 1084 1086 1088
1082 1080 1078 1076
1083 1085 1087 1089
1083 1081 1079 1077
1084 1086 1088 1090
1084 1082 1080 1078
1085 1087 1089 1091
1085 1083 1081 1079
1086 1088 1090 1092
1086 1084 1082 1080
1087 1089 1091 1093
1087 1085 1083 1081
1088 1090 1092 1094
1088 1086 1084 1082
1089 1091 1093 1095
1089 1087 1085 1083
1090 1092 1094 1096
1090 1088 1086 1084
1091 1093 1095 1097
1091 1089 1087 1085
1092 1094 1096 1098
1092 1090 1088 1086
1093 1095 1097 1099
1093 1091 1089 1087
1094 1096 1098 1100
1094 1092 1090 1088
1095 1097 1099 1101
1095 1093 1091 1089
1096 1098 1100 1102
1096 1094 1092 1090
1097 1099 1101 1103
1097 1095 1093 1091
1098 1100 1102 1104
1098 1096 1094 1092
1099 1101 1103 1105
1099 1097 1095 1093
1100 1102 1104 1106
1100 1098 1096 1094
1101 1103 1105 1107
1101 1099 1097 1095
1102 1104 1106 1108
1102 1100 1098 1096
1103 1105 1107 1109
1103 1101 1099 1097
1104 1106 1108 1110
1104 1102 1100 1098
1105 1107 1109 1111
1105 1103 1101 1099
1106 1108 1110 1112
1106 1104 1102 1100
1107 1109 1111 1113
1107 1105 1103 1101
1108 1110 1112 1114
1108 1106 1104 1102
1109 1111 1113 1115
1109 1107 1105 1103
1110 1112 1114 1116
1110 1108 1106 1104
1111 1113 1115 1117
1111 1109 1107 1105
1112 1114 1116 1118
1112 1110 1108 1106
1113 1115 1117 1119
1113 1111 1109 1107
1114 1116 1118 1120
1114 1112 1110 1108
1115 1117 1119 1121
1115 1113 1111 1109
1116 1118 1120 1122
1116 1114 1112 1110
1117 1119 1121 1123
1117 1115 1113 1111
1118 1120 1122 1124
1118 1116 1114 1112
1119 1121 1123 1125
1119 1117 1115 1113
1120 1122 1124 1126
1120 1118 1116 1114
1121 1123 1125 1127
1121 1119 1117 1115
1122 1124 1126 1128
1122 1120 1118 1116
1123 1125 1127 1129
1123 1121 1119 1117
1124 1126 1128 1130
1124 1122 1120 1118
1125 1127 1129 1131
1125 1123 1121 1119
1126 1128 1130 1132
1126 1124 1122 1120
1127 1129 1131 1133
1127 1125 1123 1121
1128 1130 1132 1134
1128 1126 1124 1122
1129 1131 1133 1135
1129 1127 1125 1123
1130 1132 1134 1136
1130 1128 1126 1124
1131 1133 1135 1137
1131 1129 1127 1125
1132 1134 1136 1138
1132 1130 1128 1126
1133 1135 1137 1139
1133 1131 1129 1127
1134 1136 1138 1140
1134 1132 1130 1128
1135 1137 1139 1141
1135 1133 1131 1129
1136 1138 1140 1142
1136 1134 1132 1130
1137 1139 1141 1143
1137 1135 1133 1131
1138 1140 1142 1144
1138 1136 1134 1132
1139 1141 1143 1145
1139 1137 1135 1133
1140 1142 1144 1146
1140 1138 1136 1134
1141 1143 1145 1147
1141 1139 1137 1135
1142 1144 1146 1148
1142 1140 1138 1136
1143 1145 1147 1149
1143 1141 1139 1137
1144 1146 1148 1150
1144 1142 1140 1138
1145 1147 1149 1151
1145 1143 1141 1139
1146 1148 1150 1152
1146 1144 1142 1140
1147 1149 1151 1153
1147 1145 1143 1141
1148 1150 1152 1154
1148 1146 1144 1142
1149 1151 1153 1155
1149 1147 1145 1143
1150 1152 1154 1156
1150 1148 1146 1144
1151 1153 1155 1157
1151 1149 1147 1145
1152 1154 1156 1158
1152 1150 1148 1146
1153 1155 1157 1159
1153 1151 1149 1147
1154 1156 1158 1160
1154 1152 1150 1148
1155 1157 1159 1161
1155 1153 1151 1149
1156 1158 1160 1162
1156 1154 1152 1150
1157 1159 1161 1163
1157 1155 1153 1151
1158 1160 1162 1164
1158 1156 1154 1152
1159 1161 1163 1165
1159 1157 1155 1153
1160 1162 1164 1166
1160 1158 1156 1154
1161 1163 1165 1167
1161 1159 1157 1155
1162 1164 1166 1168
1162 1160 1158 1156
1163 1165 1167 1169
1163 1161 1159 1157
1164 1166 1168 1170
1164 1162 1160 1158
1165 1167 1169 1171
1165 1163 1161 1159
1166 1168 1170 1172
1166 1164 1162 1160
1167 1169 1171 1173
1167 1165 1163 1161
1168 1170 1172 1174
1168 1166 1164 1162
1169 1171 1173 1175
1169 1167 1165 1163
1170 1172 1174 1176
1170 1168 1166 1164
1171 1173 1175 1177
1171 1169 1167 1165
1172 1174 1176 1178
1172 1170 1168 1166
1173 1175 1177 1179
1173 1171 1169 1167
1174 1176 1178 1180
1174 1172 1170 1168
1175 1177 1179 1181
1175 1173 1171 1169
1176 1178 1180 1182
1176 1174 1172 1170
1177 1179 1181 1183
1177 1175 1173 1171
1178 1180 1182 1184
1178 1176 1174 1172
1179 1181 1183 1185
1179 1177 1175 1173
1180 1182 1184 1186
1180 1178 1176 1174
1181 1183 1185 1187
1181 1179 1177 1175
1182 1184 1186 1188
1182 1180 1178 1176
1183 1185 1187 1189
1183 1181 1179 1177
1184 1186 1188 1190
1184 1182 1180 1178
1185 1187 1189 1191
1185 1183 1181 1179
1186 1188 1190 1192
1186 1184 1182 1180
1187 1189 1191 1193
1187 1185 1183 1181
1188 1190 1192 1194
1188 1186 1184 1182
1189 1191 1193 1195
1189 1187 1185 1183
1190 1192 1194 1196
1190 1188 1186 1184
1191 1193 1195 1197
1191 1189 1187 1185
1192 1194 1196 1198
1192 1190 1188 1186
1193 1195 1197 1199
1193 1191 1189 1187
1194 1196 1198 1200
1194 1192 1190 1188
1195 1197 1199 1201
1195 1193 1191 1189
1196 1198 1200 1202
1196 1194 1192 1190
1197 1199 1201 1203
1197 1195 1193 1191
1198 1200 1202 1204
1198 1196 1194 1192
1199 1201 1203 1205
1199 1197 1195 1193
1200 1202 1204 1206
1200 1198 1196 1194
1201 1203 1205 1207
1201 1199 1197 1195
1202 1204 1206 1208
1202 1200 1198 1196
1203 1205 1207 1209
1203 1201 1199 1197
1204 1206 1208 1210
1204 1202 1200 1198
1205 1207 1209 1211
1205 1203 1201 1199
1206 1208 1210 1212
1206 1204 1202 1200
1207 1209 1211 1213
1207 1205 1203 1201
1208 1210 1212 1214
1208 1206 1204 1202
1209 1211 1213 1215
1209 1207 1205 1203
1210 1212 1214 1216
1210 1208 1206 1204
1211 1213 1215 1217
1211 1209 1207 1205
1212 1214 1216 1218
1212 1210 1208 1206
1213 1215 1217 1219
1213 1211 1209 1207
1214 1216 1218 1220
1214 1212 1210 1208
1215 1217 1219 1221
1215 1213 1211 1209
1216 1218 1220 1222
1216 1214 1212 1210
1217 1219 1221 1223
1217 1215 1213 1211
1218 1220 1222 1224
1218 1216 1214 1212
1219 1221 1223 1225
1219 1217 1215 1213
1220 1222 1224 1226
1220 1218 1216 1214
1221 1223 1225 1227
1221 1219 1217 1215
1222 1224 1226 1228
1222 1220 1218 1216
1223 1225 1227 1229
1223 1221 1219 1217
1224 1226 1228 1230
1224 1222 1220 1218
1225 1227 1229 1231
1225 1223 1221 1219
1226 1228 1230 1232
1226 1224 1222 1220
1227 1229 1231 1233
1227 1225 1223 1221
1228 1230 1232 1234
1228 1226 1224 1222
1229 1231 1233 1235
1229 1227 1225 1223
1230 1232 1234 1236
1230 1228 1226 1224
1231 1233 1235 1237
1231 1229 1227 1225
1232 1234 1236 1238
1232 1230 1228 1226
1233 1235 1237 1239
1233 1231 1229 1227
1234 1236 1238 1240
1234 1232 1230 1228
1235 1237 1239 1241
1235 1233 1231 1229
1236 1238 1240 1242
1236 1234 1232 1230
1237 1239 1241 1243
1237 1235 1233 1231
1238 1240 1242 1244
1238 1236 1234 1232
1239 1241 1243 1245
1239 1237 1235 1233
1240 1242 1244 1246
1240 1238 1236 1234
1241 1243 1245 1247
1241 1239 1237 1235
1242 1244 1246 1248
1242 1240 1238 1236
1243 1245 1247 1249
1243 1241 1239 1237
1244 1246 1248 1250
1244 1242 1240 1238
1245 1247 1249 1251
1245 1243 1241 1239
1246 1248 1250 1252
1246 1244 1242 1240
1247 1249 1251 1253
1247 1245 1243 1241
1248 1250 1252 1254
1248 1246 1244 1242
1249 1251 1253 1255
1249 1247 1245 1243
1250 1252 1254 1256
1250 1248 1246 1244
1251 1253 1255 1257
1251 1249 1247 1245
1252 1254 1256 1258
1252 1250 1248 1246
1253 1255 1257 1259
1253 1251 1249 1247
1254 1256 1258 1260
1254 1252 1250 1248
1255 1257 1259 1261
1255 1253 1251 1249
1256 1258 1260 1262
1256 1254 1252 1250
1257 1259 1261 1263
1257 1255 1253 1251
1258 1260 1262 1264
1258 1256 1254 1252
1259 1261 1263 1265
1259 1257 1255 1253
1260 1262 1264 1266
1260 1258 1256 1254
1261 1263 1265 1267
1261 1259 1257 1255
1262 1264 1266 1268
1262 1260 1258 1256
1263 1265 1267 1269
1263 1261 1259 1257
1264 1266 1268 1270
1264 1262 1260 1258
1265 1267 1269 1271
1265 1263 1261 1259
1266 1268 1270 1272
1266 1264 1262 1260
1267 1269 1271 1273
1267 1265 1263 1261
1268 1270 1272 1274
1268 1266 1264 1262
1269 1271 1273 1275
1269 1267 1265 1263
1270 1272 1274 1276
1270 1268 1266 1264
1271 1273 1275 1277
1271 1269 1267 1265
1272 1274 1276 1278
1272 1270 1268 1266
1273 1275 1277 1279
1273 1271 1269 1267
1274 1276 1278 1280
1274 1272 1270 1268
1275 1277 1279 1281
1275 1273 1271 1269
1276 1278 1280 1282
1276 1274 1272 1270
1277 1279 1281 1283
1277 1275 1273 1271
1278 1280 1282 1284
1278 1276 1274 1272
1279 1281 1283 1285
1279 1277 1275 1273
1280 1282 1284 1286
1280 1278 1276 1274
1281 1283 1285 1445
1281 1279 1277 1275
1282 1284 1286 1446
1282 1280 1278 1276
1283 1285 1445 1455
1283 1281 1279 1277
1284 1286 1446 1456
1284 1282 1280 1278
1285 1445 1455 1459
1285 1283 1281 1279
1286 1446 1456 1460
1286 1284 1282 1280
1287 1451 1450 1449
1287 1288 1289 1290
1288 1287 1451 1450
1288 1289 1290 1291
1289 1290 1291 1292
1289 1288 1287 1451
1290 1291 1292 1293
1290 1289 1288 1287
1291 1292 1293 1294
1291 1290 1289 1288
1292 1291 1290 1289
1292 1293 1294 1295
1293 1292 1291 1290
1293 1294 1295 1296
1294 1293 1292 1291
1294 1295 1296 1297
1295 1296 1297 1452
1295 1294 1293 1292
1296 1297 1452 1453
1296 1295 1294 1293
1297 1452 1453 1454
1297 1296 1295 1294
1298 1454 1453 1452
1298 1299 1300 1301
1299 1298 1454 1453
1299 1300 1301 1302
1300 1299 1298 1454
1300 1301 1302 1303
1301 1300 1299 1298
1301 1302 1303 1304
1302 1301 1300 1299
1302 1303 1304 1305
1303 1304 1305 1306
1303 1302 1301 1300
1304 1305 1306 1307
1304 1303 1302 1301
1305 1304 1303 1302
1305 1306 1307 1308
1306 1305 1304 1303
1306 1307 1308 1309
1307 1306 1305 1304
1307 1308 1309 1310
1308 1307 1306 1305
1308 1309 1310 1311
1309 1308 1307 1306
1309 1310 1311 1312
1310 1309 1308 1307
1310 1311 1312 1313
1311 1310 1309 1308
1311 1312 1313 1314
1312 1313 1314 1315
1312 1311 1310 1309
1313 1314 1315 1316
1313 1312 1311 1310
1314 1315 1316 1317
1314 1313 1312 1311
1315 1314 1313 1312
1315 1316 1317 1318
1316 1315 1314 1313
1316 1317 1318 1319
1317 1316 1315 1314
1317 1318 1319 1320
1318 1317 1316 1315
1318 1319 1320 1321
1319 1318 1317 1316
1319 1320 1321 1322
1320 1321 1322 1323
1320 1319 1318 1317
1321 1322 1323 1324
1321 1320 1319 1318
1322 1323 1324 1325
1322 1321 1320 1319
1323 1324 1325 1326
1323 1322 1321 1320
1324 1325 1326 1327
1324 1323 1322 1321
1325 1324 1323 1322
1325 1326 1327 1328
1326 1325 1324 1323
1326 1327 1328 1329
1327 1328 1329 1330
1327 1326 1325 1324
1328 1329 1330 1331
1328 1327 1326 1325
1329 1330 1331 1332
1329 1328 1327 1326
1330 1331 1332 1333
1330 1329 1328 1327
1331 1330 1329 1328
1331 1332 1333 1334
1332 1331 1330 1329
1332 1333 1334 1335
1333 1332 1331 1330
1333 1334 1335 1336
1334 1335 1336 1337
1334 1333 1332 1331
1335 1336 1337 1338
1335 1334 1333 1332
1336 1335 1334 1333
1336 1337 1338 1339
1337 1336 1335 1334
1337 1338 1339 1340
1338 1337 1336 1335
1338 1339 1340 1341
1339 1338 1337 1336
1339 1340 1341 1342
1340 1339 1338 1337
1340 1341 1342 1343
1341 1340 1339 1338
1341 1342 1343 1344
1342 1341 1340 1339
1342 1343 1344 1345
1343 1342 1341 1340
1343 1344 1345 1346
1344 1343 1342 1341
1344 1345 1346 1347
1345 1344 1343 1342
1345 1346 1347 1348
1346 1347 1348 1349
1346 1345 1344 1343
1347 1348 1349 1350
1347 1346 1345 1344
1348 1349 1350 1351
1348 1347 1346 1345
1349 1350 1351 1352
1349 1348 1347 1346
1350 1351 1352 1353
1350 1349 1348 1347
1351 1352 1353 1354
1351 1350 1349 1348
1352 1353 1354 1355
1352 1351 1350 1349
1353 1354 1355 1356
1353 1352 1351 1350
1354 1353 1352 1351
1354 1355 1356 1357
1355 1354 1353 1352
1355 1356 1357 1358
1356 1355 1354 1353
1356 1357 1358 1359
1357 1356 1355 1354
1357 1358 1359 1360
1358 1359 1360 1361
1358 1357 1356 1355
1359 1360 1361 1362
1359 1358 1357 1356
1360 1361 1362 1363
1360 1359 1358 1357
1361 1360 1359 1358
1361 1362 1363 1364
1362 1361 1360 1359
1362 1363 1364 1365
1363 1362 1361 1360
1363 1364 1365 1366
1364 1363 1362 1361
1364 1365 1366 1367
1365 1364 1363 1362
1365 1366 1367 1368
1366 1365 1364 1363
1366 1367 1368 1369
1367 1368 1369 1370
1367 1366 1365 1364
1368 1369 1370 1371
1368 1367 1366 1365
1369 1370 1371 1372
1369 1368 1367 1366
1370 1371 1372 1373
1370 1369 1368 1367
1371 1372 1373 1374
1371 1370 1369 1368
1372 1373 1374 1375
1372 1371 1370 1369
1373 1372 1371 1370
1373 1374 1375 1376
1374 1373 1372 1371
1374 1375 1376 1377
1375 1374 1373 1372
1375 1376 1377 1378
1376 1377 1378 1379
1376 1375 1374 1373
1377 1378 1379 1380
1377 1376 1375 1374
1378 1379 1380 1381
1378 1377 1376 1375
1379 1378 1377 1376
1379 1380 1381 1382
1380 1379 1378 1377
1380 1381 1382 1383
1381 1380 1379 1378
1381 1382 1383 1384
1382 1381 1380 1379
1382 1383 1384 1385
1383 1382 1381 1380
1383 1384 1385 1386
1384 1383 1382 1381
1384 1385 1386 1387
1385 1386 1387 1388
1385 1384 1383 1382
1386 1387 1388 1389
1386 1385 1384 1383
1387 1388 1389 1390
1387 1386 1385 1384
1388 1389 1390 1391
1388 1387 1386 1385
1389 1390 1391 1392
1389 1388 1387 1386
1390 1391 1392 1393
1390 1389 1388 1387
1391 1390 1389 1388
1391 1392 1393 1394
1392 1391 1390 1389
1392 1393 1394 1395
1393 1392 1391 1390
1393 1394 1395 1396
1394 1393 1392 1391
1394 1395 1396 1397
1395 1394 1393 1392
1395 1396 1397 1398
1396 1397 1398 1399
1396 1395 1394 1393
1397 1398 1399 1400
1397 1396 1395 1394
1398 1399 1400 1401
1398 1397 1396 1395
1399 1400 1401 1402
1399 1398 1397 1396
1400 1401 1402 1403
1400 1399 1398 1397
1401 1402 1403 1404
1401 1400 1399 1398
1402 1403 1404 1405
1402 1401 1400 1399
1403 1404 1405 1406
1403 1402 1401 1400
1404 1405 1406 1407
1404 1403 1402 1401
1405 1406 1407 1408
1405 1404 1403 1402
1406 1407 1408 1409
1406 1405 1404 1403
1407 1408 1409 1410
1407 1406 1405 1404
1408 1407 1406 1405
1408 1409 1410 1411
1409 1408 1407 1406
1409 1410 1411 1412
1410 1409 1408 1407
1410 1411 1412 1413
1411 1410 1409 1408
1411 1412 1413 1414
1412 1411 1410 1409
1412 1413 1414 1415
1413 1412 1411 1410
1413 1414 1415 1416
1414 1413 1412 1411
1414 1415 1416 1417
1415 1414 1413 1412
1415 1416 1417 1418
1416 1415 1414 1413
1416 1417 1418 1419
1417 1416 1415 1414
1417 1418 1419 1420
1418 1419 1420 1421
1418 1417 1416 1415
1419 1420 1421 1422
1419 1418 1417 1416
1420 1421 1422 1423
1420 1419 1418 1417
1421 1422 1423 1424
1421 1420 1419 1418
1422 1421 1420 1419
1422 1423 1424 1425
1423 1422 1421 1420
1423 1424 1425 1426
1424 1423 1422 1421
1424 1425 1426 1427
1425 1424 1423 1422
1425 1426 1427 1428
1426 1425 1424 1423
1426 1427 1428 1429
1427 1426 1425 1424
1427 1428 1429 1430
1428 1427 1426 1425
1428 1429 1430 1431
1429 1428 1427 1426
1429 1430 1431 1432
1430 1429 1428 1427
1430 1431 1432 1433
1431 1432 1433 1434
1431 1430 1429 1428
1432 1433 1434 1435
1432 1431 1430 1429
1433 1434 1435 1436
1433 1432 1431 1430
1434 1433 1432 1431
1434 1435 1436 1437
1435 1434 1433 1432
1435 1436 1437 1438
1436 1435 1434 1433
1436 1437 1438 1439
1437 1436 1435 1434
1437 1438 1439 1440
1438 1437 1436 1435
1438 1439 1440 1441
1439 1440 1441 1442
1439 1438 1437 1436
1440 1441 1442 1443
1440 1439 1438 1437
1441 1442 1443 1444
1441 1440 1439 1438
1442 1443 1444 -1
1442 1441 1440 1439
1443 1442 1441 1440
1444 1443 1442 1441
1445 1455 1459 1463
1445 1285 1283 1281
1446 1456 1460 1464
1446 1286 1284 1282
1447 1458 1457 1462
1447 1448 1449 1450
1448 1447 1458 1457
1448 1449 1450 1451
1449 1448 1447 1458
1449 1450 1451 1287
1450 1449 1448 1447
1450 1451 1287 1288
1451 1450 1449 1448
1451 1287 1288 1289
1452 1453 1454 1298
1452 1297 1296 1295
1453 1452 1297 1296
1453 1454 1298 1299
1454 1453 1452 1297
1454 1298 1299 1300
1455 1459 1463 1467
1455 1445 1285 1283
1456 1460 1464 1468
1456 1446 1286 1284
1457 1462 1461 1466
1457 1458 1447 1448
1458 1457 1462 1461
1458 1447 1448 1449
1459 1463 1467 1470
1459 1455 1445 1285
1460 1464 1468 1471
1460 1456 1446 1286
1461 1466 1465 1469
1461 1462 1457 1458
1462 1461 1466 1465
1462 1457 1458 1447
1463 1467 1470 1474
1463 1459 1455 1445
1464 1468 1471 1475
1464 1460 1456 1446
1465 1469 1473 1472
1465 1466 1461 1462
1466 1465 1469 1473
1466 1461 1462 1457
1467 1470 1474 1478
1467 1463 1459 1455
1468 1471 1475 1479
1468 1464 1460 1456
1469 1473 1472 1477
1469 1465 1466 1461
1470 1474 1478 1482
1470 1467 1463 1459
1471 1475 1479 1483
1471 1468 1464 1460
1472 1477 1476 1481
1472 1473 1469 1465
1473 1472 1477 1476
1473 1469 1465 1466
1474 1478 1482 1486
1474 1470 1467 1463
1475 1479 1483 1487
1475 1471 1468 1464
1476 1481 1480 1485
1476 1477 1472 1473
1477 1476 1481 1480
1477 1472 1473 1469
1478 1482 1486 1490
1478 1474 1470 1467
1479 1483 1487 1491
1479 1475 1471 1468
1480 1485 1484 1489
1480 1481 1476 1477
1481 1480 1485 1484
1481 1476 1477 1472
1482 1486 1490 1494
1482 1478 1474 1470
1483 1487 1491 1495
1483 1479 1475 1471
1484 1489 1488 1493
1484 1485 1480 1481
1485 1484 1489 1488
1485 1480 1481 1476
1486 1490 1494 1497
1486 1482 1478 1474
1487 1491 1495 1498
1487 1483 1479 1475
1488 1493 1492 1496
1488 1489 1484 1485
1489 1488 1493 1492
1489 1484 1485 1480
1490 1494 1497 1501
1490 1486 1482 1478
1491 1495 1498 1502
1491 1487 1483 1479
1492 1496 1500 1499
1492 1493 1488 1489
1493 1492 1496 1500
1493 1488 1489 1484
1494 1497 1501 1505
1494 1490 1486 1482
1495 1498 1502 1506
1495 1491 1487 1483
1496 1500 1499 1504
1496 1492 1493 1488
1497 1501 1505 1509
1497 1494 1490 1486
1498 1502 1506 1510
1498 1495 1491 1487
1499 1504 1503 1508
1499 1500 1496 1492
1500 1499 1504 1503
1500 1496 1492 1493
1501 1505 1509 1513
1501 1497 1494 1490
1502 1506 1510 1514
1502 1498 1495 1491
1503 1508 1507 1512
1503 1504 1499 1500
1504 1503 1508 1507
1504 1499 1500 1496
1505 1509 1513 1518
1505 1501 1497 1494
1506 1510 1514 1519
1506 1502 1498 1495
1507 1512 1511 1516
1507 1508 1503 1504
1508 1507 1512 1511
1508 1503 1504 1499
1509 1513 1518 1517
1509 1505 1501 1497
1510 1514 1519 1522
1510 1506 1502 1498
1511 1516 1515 1520
1511 1512 1507 1508
1512 1511 1516 1515
1512 1507 1508 1503
1513 1518 1517 1521
1513 1509 1505 1501
1514 1519 1522 1526
1514 1510 1506 1502
1515 1520 1524 1523
1515 1516 1511 1512
1516 1515 1520 1524
1516 1511 1512 1507
1517 1521 1525 1529
1517 1518 1513 1509
1518 1517 1521 1525
1518 1513 1509 1505
1519 1522 1526 1530
1519 1514 1510 1506
1520 1524 1523 1528
1520 1515 1516 1511
1521 1525 1529 1533
1521 1517 1518 1513
1522 1526 1530 1534
1522 1519 1514 1510
1523 1528 1527 1532
1523 1524 1520 1515
1524 1523 1528 1527
1524 1520 1515 1516
1525 1529 1533 1536
1525 1521 1517 1518
1526 1530 1534 1537
1526 1522 1519 1514
1527 1532 1531 1535
1527 1528 1523 1524
1528 1527 1532 1531
1528 1523 1524 1520
1529 1533 1536 1541
1529 1525 1521 1517
1530 1534 1537 1542
1530 1526 1522 1519
1531 1535 1539 1538
1531 1532 1527 1528
1532 1531 1535 1539
1532 1527 1528 1523
1533 1536 1541 1540
1533 1529 1525 1521
1534 1537 1542 1546
1534 1530 1526 1522
1535 1539 1538 1544
1535 1531 1532 1527
1536 1541 1540 1545
1536 1533 1529 1525
1537 1542 1546 1550
1537 1534 1530 1526
1538 1544 1543 1548
1538 1539 1535 1531
1539 1538 1544 1543
1539 1535 1531 1532
1540 1545 1549 1552
1540 1541 1536 1533
1541 1540 1545 1549
1541 1536 1533 1529
1542 1546 1550 1553
1542 1537 1534 1530
1543 1548 1547 1551
1543 1544 1538 1539
1544 1543 1548 1547
1544 1538 1539 1535
1545 1549 1552 1556
1545 1540 1541 1536
1546 1550 1553 1557
1546 1542 1537 1534
1547 1551 1555 1554
1547 1548 1543 1544
1548 1547 1551 1555
1548 1543 1544 1538
1549 1552 1556 1560
1549 1545 1540 1541
1550 1553 1557 1561
1550 1546 1542 1537
1551 1555 1554 1559
1551 1547 1548 1543
1552 1556 1560 1564
1552 1549 1545 1540
1553 1557 1561 1565
1553 1550 1546 1542
1554 1559 1558 1563
1554 1555 1551 1547
1555 1554 1559 1558
1555 1551 1547 1548
1556 1560 1564 1567
1556 1552 1549 1545
1557 1561 1565 1568
1557 1553 1550 1546
1558 1563 1562 1566
1558 1559 1554 1555
1559 1558 1563 1562
1559 1554 1555 1551
1560 1564 1567 1571
1560 1556 1552 1549
1561 1565 1568 1572
1561 1557 1553 1550
1562 1566 1570 1569
1562 1563 1558 1559
1563 1562 1566 1570
1563 1558 1559 1554
1564 1567 1571 1575
1564 1560 1556 1552
1565 1568 1572 1576
1565 1561 1557 1553
1566 1570 1569 1574
1566 1562 1563 1558
1567 1571 1575 1578
1567 1564 1560 1556
1568 1572 1576 1579
1568 1565 1561 1557
1569 1574 1573 1577
1569 1570 1566 1562
1570 1569 1574 1573
1570 1566 1562 1563
1571 1575 1578 1582
1571 1567 1564 1560
1572 1576 1579 1583
1572 1568 1565 1561
1573 1577 1581 1580
1573 1574 1569 1570
1574 1573 1577 1581
1574 1569 1570 1566
1575 1578 1582 1586
1575 1571 1567 1564
1576 1579 1583 1587
1576 1572 1568 1565
1577 1581 1580 1585
1577 1573 1574 1569
1578 1582 1586 1589
1578 1575 1571 1567
1579 1583 1587 1590
1579 1576 1572 1568
1580 1585 1584 1588
1580 1581 1577 1573
1581 1580 1585 1584
1581 1577 1573 1574
1582 1586 1589 1593
1582 1578 1575 1571
1583 1587 1590 1594
1583 1579 1576 1572
1584 1588 1592 1591
1584 1585 1580 1581
1585 1584 1588 1592
1585 1580 1581 1577
1586 1589 1593 1597
1586 1582 1578 1575
1587 1590 1594 1598
1587 1583 1579 1576
1588 1592 1591 1596
1588 1584 1585 1580
1589 1593 1597 1600
1589 1586 1582 1578
1590 1594 1598 1601
1590 1587 1583 1579
1591 1596 1595 1599
1591 1592 1588 1584
1592 1591 1596 1595
1592 1588 1584 1585
1593 1597 1600 1604
1593 1589 1586 1582
1594 1598 1601 1605
1594 1590 1587 1583
1595 1599 1603 1602
1595 1596 1591 1592
1596 1595 1599 1603
1596 1591 1592 1588
1597 1600 1604 1608
1597 1593 1589 1586
1598 1601 1605 1609
1598 1594 1590 1587
1599 1603 1602 1607
1599 1595 1596 1591
1600 1604 1608 1611
1600 1597 1593 1589
1601 1605 1609 1612
1601 1598 1594 1590
1602 1607 1606 1610
1602 1603 1599 1595
1603 1602 1607 1606
1603 1599 1595 1596
1604 1608 1611 1615
1604 1600 1597 1593
1605 1609 1612 1616
1605 1601 1598 1594
1606 1610 1614 1613
1606 1607 1602 1603
1607 1606 1610 1614
1607 1602 1603 1599
1608 1611 1615 1618
1608 1604 1600 1597
1609 1612 1616 1619
1609 1605 1601 1598
1610 1614 1613 1617
1610 1606 1607 1602
1611 1615 1618 1621
1611 1608 1604 1600
1612 1616 1619 1622
1612 1609 1605 1601
1613 1617 1620 1624
1613 1614 1610 1606
1614 1613 1617 1620
1614 1610 1606 1607
1615 1618 1621 1625
1615 1611 1608 1604
1616 1619 1622 1626
1616 1612 1609 1605
1617 1620 1624 1623
1617 1613 1614 1610
1618 1621 1625 1628
1618 1615 1611 1608
1619 1622 1626 1629
1619 1616 1612 1609
1620 1624 1623 1627
1620 1617 1613 1614
1621 1625 1628 1632
1621 1618 1615 1611
1622 1626 1629 1633
1622 1619 1616 1612
1623 1627 1631 1630
1623 1624 1620 1617
1624 1623 1627 1631
1624 1620 1617 1613
1625 1628 1632 1635
1625 1621 1618 1615
1626 1629 1633 1636
1626 1622 1619 1616
1627 1631 1630 1634
1627 1623 1624 1620
1628 1632 1635 1639
1628 1625 1621 1618
1629 1633 1636 1640
1629 1626 1622 1619
1630 1634 1638 1637
1630 1631 1627 1623
1631 1630 1634 1638
1631 1627 1623 1624
1632 1635 1639 1642
1632 1628 1625 1621
1633 1636 1640 1643
1633 1629 1626 1622
1634 1638 1637 1641
1634 1630 1631 1627
1635 1639 1642 1645
1635 1632 1628 1625
1636 1640 1643 1646
1636 1633 1629 1626
1637 1641 1644 1647
1637 1638 1634 1630
1638 1637 1641 1644
1638 1634 1630 1631
1639 1642 1645 1648
1639 1635 1632 1628
1640 1643 1646 1649
1640 1636 1633 1629
1641 1644 1647 1650
1641 1637 1638 1634
1642 1645 1648 1651
1642 1639 1635 1632
1643 1646 1649 1652
1643 1640 1636 1633
1644 1647 1650 1653
1644 1641 1637 1638
1645 1648 1651 1654
1645 1642 1639 1635
1646 1649 1652 1655
1646 1643 1640 1636
1647 1650 1653 1656
1647 1644 1641 1637
1648 1651 1654 1657
1648 1645 1642 1639
1649 1652 1655 1658
1649 1646 1643 1640
1650 1653 1656 1660
1650 1647 1644 1641
1651 1654 1657 1661
1651 1648 1645 1642
1652 1655 1658 1662
1652 1649 1646 1643
1653 1656 1660 1659
1653 1650 1647 1644
1654 1657 1661 1664
1654 1651 1648 1645
1655 1658 1662 1665
1655 1652 1649 1646
1656 1660 1659 1663
1656 1653 1650 1647
1657 1661 1664 1668
1657 1654 1651 1648
1658 1662 1665 1669
1658 1655 1652 1649
1659 1663 1667 1666
1659 1660 1656 1653
1660 1659 1663 1667
1660 1656 1653 1650
1661 1664 1668 1671
1661 1657 1654 1651
1662 1665 1669 1672
1662 1658 1655 1652
1663 1667 1666 1670
1663 1659 1660 1656
1664 1668 1671 1674
1664 1661 1657 1654
1665 1669 1672 1675
1665 1662 1658 1655
1666 1670 1673 1676
1666 1667 1663 1659
1667 1666 1670 1673
1667 1663 1659 1660
1668 1671 1674 1677
1668 1664 1661 1657
1669 1672 1675 1678
1669 1665 1662 1658
1670 1673 1676 1679
1670 1666 1667 1663
1671 1674 1677 1680
1671 1668 1664 1661
1672 1675 1678 1681
1672 1669 1665 1662
1673 1676 1679 1683
1673 1670 1666 1667
1674 1677 1680 1684
1674 1671 1668 1664
1675 1678 1681 1685
1675 1672 1669 1665
1676 1679 1683 1682
1676 1673 1670 1666
1677 1680 1684 1687
1677 1674 1671 1668
1678 1681 1685 1688
1678 1675 1672 1669
1679 1683 1682 1686
1679 1676 1673 1670
1680 1684 1687 1691
1680 1677 1674 1671
1681 1685 1688 1692
1681 1678 1675 1672
1682 1686 1690 1689
1682 1683 1679 1676
1683 1682 1686 1690
1683 1679 1676 1673
1684 1687 1691 1694
1684 1680 1677 1674
1685 1688 1692 1695
1685 1681 1678 1675
1686 1690 1689 1693
1686 1682 1683 1679
1687 1691 1694 1697
1687 1684 1680 1677
1688 1692 1695 1698
1688 1685 1681 1678
1689 1693 1696 1699
1689 1690 1686 1682
1690 1689 1693 1696
1690 1686 1682 1683
1691 1694 1697 1700
1691 1687 1684 1680
1692 1695 1698 1701
1692 1688 1685 1681
1693 1696 1699 1702
1693 1689 1690 1686
1694 1697 1700 1703
1694 1691 1687 1684
1695 1698 1701 1704
1695 1692 1688 1685
1696 1699 1702 1706
1696 1693 1689 1690
1697 1700 1703 1707
1697 1694 1691 1687
1698 1701 1704 1708
1698 1695 1692 1688
1699 1702 1706 1705
1699 1696 1693 1689
1700 1703 1707 1710
1700 1697 1694 1691
1701 1704 1708 1711
1701 1698 1695 1692
1702 1706 1705 1709
1702 1699 1696 1693
1703 1707 1710 1713
1703 1700 1697 1694
1704 1708 1711 1714
1704 1701 1698 1695
1705 1709 1712 1715
1705 1706 1702 1699
1706 1705 1709 1712
1706 1702 1699 1696
1707 1710 1713 1716
1707 1703 1700 1697
1708 1711 1714 1717
1708 1704 1701 1698
1709 1712 1715 1718
1709 1705 1706 1702
1710 1713 1716 1719
1710 1707 1703 1700
1711 1714 1717 1720
1711 1708 1704 1701
1712 1715 1718 1721
1712 1709 1705 1706
1713 1716 1719 1722
1713 1710 1707 1703
1714 1717 1720 1723
1714 1711 1708 1704
1715 1718 1721 1724
1715 1712 1709 1705
1716 1719 1722 1725
1716 1713 1710 1707
1717 1720 1723 1726
1717 1714 1711 1708
1718 1721 1724 1727
1718 1715 1712 1709
1719 1722 1725 1728
1719 1716 1713 1710
1720 1723 1726 1729
1720 1717 1714 1711
1721 1724 1727 1730
1721 1718 1715 1712
1722 1725 1728 1731
1722 1719 1716 1713
1723 1726 1729 1732
1723 1720 1717 1714
1724 1727 1730 1733
1724 1721 1718 1715
1725 1728 1731 1734
1725 1722 1719 1716
1726 1729 1732 1735
1726 1723 1720 1717
1727 1730 1733 1736
1727 1724 1721 1718
1728 1731 1734 1737
1728 1725 1722 1719
1729 1732 1735 1738
1729 1726 1723 1720
1730 1733 1736 1739
1730 1727 1724 1721
1731 1734 1737 1740
1731 1728 1725 1722
1732 1735 1738 1741
1732 1729 1726 1723
1733 1736 1739 1742
1733 1730 1727 1724
1734 1737 1740 1743
1734 1731 1728 1725
1735 1738 1741 1744
1735 1732 1729 1726
1736 1739 1742 1745
1736 1733 1730 1727
1737 1740 1743 1746
1737 1734 1731 1728
1738 1741 1744 1747
1738 1735 1732 1729
1739 1742 1745 1748
1739 1736 1733 1730
1740 1743 1746 1749
1740 1737 1734 1731
1741 1744 1747 1750
1741 1738 1735 1732
1742 1745 1748 1751
1742 1739 1736 1733
1743 1746 1749 1752
1743 1740 1737 1734
1744 1747 1750 1753
1744 1741 1738 1735
1745 1748 1751 1754
1745 1742 1739 1736
1746 1749 1752 1755
1746 1743 1740 1737
1747 1750 1753 1756
1747 1744 1741 1738
1748 1751 1754 1757
1748 1745 1742 1739
1749 1752 1755 1758
1749 1746 1743 1740
1750 1753 1756 1759
1750 1747 1744 1741
1751 1754 1757 1760
1751 1748 1745 1742
1752 1755 1758 1761
1752 1749 1746 1743
1753 1756 1759 1762
1753 1750 1747 1744
1754 1757 1760 1763
1754 1751 1748 1745
1755 1758 1761 1765
1755 1752 1749 1746
1756 1759 1762 1766
1756 1753 1750 1747
1757 1760 1763 1767
1757 1754 1751 1748
1758 1761 1765 1764
1758 1755 1752 1749
1759 1762 1766 1769
1759 1756 1753 1750
1760 1763 1767 1770
1760 1757 1754 1751
1761 1765 1764 1768
1761 1758 1755 1752
1762 1766 1769 1772
1762 1759 1756 1753
1763 1767 1770 1773
1763 1760 1757 1754
1764 1768 1771 1774
1764 1765 1761 1758
1765 1764 1768 1771
1765 1761 1758 1755
1766 1769 1772 1775
1766 1762 1759 1756
1767 1770 1773 1776
1767 1763 1760 1757
1768 1771 1774 1777
1768 1764 1765 1761
1769 1772 1775 1778
1769 1766 1762 1759
1770 1773 1776 1779
1770 1767 1763 1760
1771 1774 1777 1780
1771 1768 1764 1765
1772 1775 1778 1781
1772 1769 1766 1762
1773 1776 1779 1782
1773 1770 1767 1763
1774 1777 1780 1783
1774 1771 1768 1764
1775 1778 1781 1784
1775 1772 1769 1766
1776 1779 1782 1785
1776 1773 1770 1767
1777 1780 1783 1786
1777 1774 1771 1768
1778 1781 1784 1787
1778 1775 1772 1769
1779 1782 1785 1788
1779 1776 1773 1770
1780 1783 1786 1789
1780 1777 1774 1771
1781 1784 1787 1790
1781 1778 1775 1772
1782 1785 1788 1791
1782 1779 1776 1773
1783 1786 1789 1792
1783 1780 1777 1774
1784 1787 1790 1793
1784 1781 1778 1775
1785 1788 1791 1794
1785 1782 1779 1776
1786 1789 1792 1795
1786 1783 1780 1777
1787 1790 1793 1796
1787 1784 1781 1778
1788 1791 1794 1797
1788 1785 1782 1779
1789 1792 1795 1798
1789 1786 1783 1780
1790 1793 1796 1799
1790 1787 1784 1781
1791 1794 1797 1800
1791 1788 1785 1782
1792 1795 1798 1801
1792 1789 1786 1783
1793 1796 1799 1802
1793 1790 1787 1784
1794 1797 1800 1803
1794 1791 1788 1785
1795 1798 1801 1804
1795 1792 1789 1786
1796 1799 1802 1805
1796 1793 1790 1787
1797 1800 1803 1806
1797 1794 1791 1788
1798 1801 1804 1807
1798 1795 1792 1789
1799 1802 1805 1808
1799 1796 1793 1790
1800 1803 1806 1809
1800 1797 1794 1791
1801 1804 1807 1810
1801 1798 1795 1792
1802 1805 1808 1811
1802 1799 1796 1793
1803 1806 1809 1812
1803 1800 1797 1794
1804 1807 1810 1813
1804 1801 1798 1795
1805 1808 1811 1814
1805 1802 1799 1796
1806 1809 1812 1815
1806 1803 1800 1797
1807 1810 1813 1816
1807 1804 1801 1798
1808 1811 1814 1817
1808 1805 1802 1799
1809 1812 1815 1818
1809 1806 1803 1800
1810 1813 1816 1819
1810 1807 1804 1801
1811 1814 1817 1820
1811 1808 1805 1802
1812 1815 1818 1821
1812 1809 1806 1803
1813 1816 1819 1822
1813 1810 1807 1804
1814 1817 1820 1823
1814 1811 1808 1805
1815 1818 1821 1824
1815 1812 1809 1806
1816 1819 1822 1825
1816 1813 1810 1807
1817 1820 1823 1826
1817 1814 1811 1808
1818 1821 1824 1827
1818 1815 1812 1809
1819 1822 1825 1829
1819 1816 1813 1810
1820 1823 1826 1830
1820 1817 1814 1811
1821 1824 1827 1831
1821 1818 1815 1812
1822 1825 1829 1828
1822 1819 1816 1813
1823 1826 1830 1833
1823 1820 1817 1814
1824 1827 1831 1834
1824 1821 1818 1815
1825 1829 1828 1832
1825 1822 1819 1816
1826 1830 1833 1836
1826 1823 1820 1817
1827 1831 1834 1837
1827 1824 1821 1818
1828 1832 1835 1838
1828 1829 1825 1822
1829 1828 1832 1835
1829 1825 1822 1819
1830 1833 1836 1839
1830 1826 1823 1820
1831 1834 1837 1840
1831 1827 1824 1821
1832 1835 1838 1841
1832 1828 1829 1825
1833 1836 1839 1842
1833 1830 1826 1823
1834 1837 1840 1843
1834 1831 1827 1824
1835 1838 1841 1844
1835 1832 1828 1829
1836 1839 1842 1845
1836 1833 1830 1826
1837 1840 1843 1846
1837 1834 1831 1827
1838 1841 1844 1847
1838 1835 1832 1828
1839 1842 1845 1848
1839 1836 1833 1830
1840 1843 1846 1849
1840 1837 1834 1831
1841 1844 1847 1850
1841 1838 1835 1832
1842 1845 1848 1851
1842 1839 1836 1833
1843 1846 1849 1852
1843 1840 1837 1834
1844 1847 1850 1853
1844 1841 1838 1835
1845 1848 1851 1854
1845 1842 1839 1836
1846 1849 1852 1855
1846 1843 1840 1837
1847 1850 1853 1856
1847 1844 1841 1838
1848 1851 1854 1857
1848 1845 1842 1839
1849 1852 1855 1858
1849 1846 1843 1840
1850 1853 1856 1859
1850 1847 1844 1841
1851 1854 1857 1860
1851 1848 1845 1842
1852 1855 1858 1861
1852 1849 1846 1843
1853 1856 1859 1862
1853 1850 1847 1844
1854 1857 1860 1863
1854 1851 1848 1845
1855 1858 1861 1864
1855 1852 1849 1846
1856 1859 1862 1865
1856 1853 1850 1847
1857 1860 1863 1866
1857 1854 1851 1848
1858 1861 1864 1867
1858 1855 1852 1849
1859 1862 1865 1868
1859 1856 1853 1850
1860 1863 1866 1869
1860 1857 1854 1851
1861 1864 1867 1870
1861 1858 1855 1852
1862 1865 1868 1871
1862 1859 1856 1853
1863 1866 1869 1872
1863 1860 1857 1854
1864 1867 1870 1873
1864 1861 1858 1855
1865 1868 1871 1874
1865 1862 1859 1856
1866 1869 1872 1875
1866 1863 1860 1857
1867 1870 1873 1876
1867 1864 1861 1858
1868 1871 1874 1877
1868 1865 1862 1859
1869 1872 1875 1878
1869 1866 1863 1860
1870 1873 1876 1879
1870 1867 1864 1861
1871 1874 1877 1880
1871 1868 1865 1862
1872 1875 1878 1881
1872 1869 1866 1863
1873 1876 1879 1882
1873 1870 1867 1864
1874 1877 1880 1883
1874 1871 1868 1865
1875 1878 1881 1884
1875 1872 1869 1866
1876 1879 1882 1885
1876 1873 1870 1867
1877 1880 1883 1886
1877 1874 1871 1868
1878 1881 1884 1887
1878 1875 1872 1869
1879 1882 1885 1888
1879 1876 1873 1870
1880 1883 1886 1889
1880 1877 1874 1871
1881 1884 1887 1890
1881 1878 1875 1872
1882 1885 1888 1891
1882 1879 1876 1873
1883 1886 1889 1892
1883 1880 1877 1874
1884 1887 1890 1893
1884 1881 1878 1875
1885 1888 1891 1894
1885 1882 1879 1876
1886 1889 1892 1895
1886 1883 1880 1877
1887 1890 1893 1896
1887 1884 1881 1878
1888 1891 1894 1897
1888 1885 1882 1879
1889 1892 1895 1899
1889 1886 1883 1880
1890 1893 1896 1900
1890 1887 1884 1881
1891 1894 1897 1898
1891 1888 1885 1882
1892 1895 1899 1902
1892 1889 1886 1883
1893 1896 1900 1903
1893 1890 1887 1884
1894 1897 1898 1901
1894 1891 1888 1885
1895 1899 1902 1905
1895 1892 1889 1886
1896 1900 1903 1906
1896 1893 1890 1887
1897 1898 1901 1904
1897 1894 1891 1888
1898 1901 1904 1907
1898 1897 1894 1891
1899 1902 1905 1908
1899 1895 1892 1889
1900 1903 1906 1909
1900 1896 1893 1890
1901 1904 1907 1910
1901 1898 1897 1894
1902 1905 1908 1911
1902 1899 1895 1892
1903 1906 1909 1912
1903 1900 1896 1893
1904 1907 1910 1913
1904 1901 1898 1897
1905 1908 1911 1914
1905 1902 1899 1895
1906 1909 1912 1915
1906 1903 1900 1896
1907 1910 1913 1916
1907 1904 1901 1898
1908 1911 1914 1917
1908 1905 1902 1899
1909 1912 1915 1918
1909 1906 1903 1900
1910 1913 1916 1919
1910 1907 1904 1901
1911 1914 1917 1920
1911 1908 1905 1902
1912 1915 1918 1921
1912 1909 1906 1903
1913 1916 1919 1922
1913 1910 1907 1904
1914 1917 1920 1923
1914 1911 1908 1905
1915 1918 1921 1924
1915 1912 1909 1906
1916 1919 1922 1925
1916 1913 1910 1907
1917 1920 1923 1927
1917 1914 1911 1908
1918 1921 1924 1928
1918 1915 1912 1909
1919 1922 1925 1926
1919 1916 1913 1910
1920 1923 1927 1930
1920 1917 1914 1911
1921 1924 1928 1931
1921 1918 1915 1912
1922 1925 1926 1929
1922 1919 1916 1913
1923 1927 1930 1933
1923 1920 1917 1914
1924 1928 1931 1934
1924 1921 1918 1915
1925 1926 1929 1932
1925 1922 1919 1916
1926 1929 1932 1935
1926 1925 1922 1919
1927 1930 1933 1936
1927 1923 1920 1917
1928 1931 1934 1937
1928 1924 1921 1918
1929 1932 1935 1938
1929 1926 1925 1922
1930 1933 1936 1939
1930 1927 1923 1920
1931 1934 1937 1940
1931 1928 1924 1921
1932 1935 1938 1941
1932 1929 1926 1925
1933 1936 1939 1943
1933 1930 1927 1923
1934 1937 1940 1944
1934 1931 1928 1924
1935 1938 1941 1942
1935 1932 1929 1926
1936 1939 1943 1946
1936 1933 1930 1927
1937 1940 1944 1947
1937 1934 1931 1928
1938 1941 1942 1945
1938 1935 1932 1929
1939 1943 1946 1950
1939 1936 1933 1930
1940 1944 1947 1951
1940 1937 1934 1931
1941 1942 1945 1948
1941 1938 1935 1932
1942 1945 1948 1949
1942 1941 1938 1935
1943 1946 1950 1953
1943 1939 1936 1933
1944 1947 1951 1954
1944 1940 1937 1934
1945 1948 1949 1952
1945 1942 1941 1938
1946 1950 1953 1957
1946 1943 1939 1936
1947 1951 1954 1958
1947 1944 1940 1937
1948 1949 1952 1955
1948 1945 1942 1941
1949 1952 1955 1956
1949 1948 1945 1942
1950 1953 1957 1960
1950 1946 1943 1939
1951 1954 1958 1961
1951 1947 1944 1940
1952 1955 1956 1959
1952 1949 1948 1945
1953 1957 1960 1965
1953 1950 1946 1943
1954 1958 1961 1962
1954 1951 1947 1944
1955 1956 1959 1963
1955 1952 1949 1948
1956 1959 1963 1964
1956 1955 1952 1949
1957 1960 1965 1969
1957 1953 1950 1946
1958 1961 1962 1966
1958 1954 1951 1947
1959 1963 1964 1968
1959 1956 1955 1952
1960 1965 1969 1974
1960 1957 1953 1950
1961 1962 1966 1967
1961 1958 1954 1951
1962 1966 1967 1970
1962 1961 1958 1954
1963 1964 1968 1972
1963 1959 1956 1955
1964 1968 1972 1973
1964 1963 1959 1956
1965 1969 1974 1978
1965 1960 1957 1953
1966 1967 1970 1971
1966 1962 1961 1958
1967 1970 1971 1975
1967 1966 1962 1961
1968 1972 1973 1977
1968 1964 1963 1959
1969 1974 1978 1983
1969 1965 1960 1957
1970 1971 1975 1976
1970 1967 1966 1962
1971 1975 1976 1979
1971 1970 1967 1966
1972 1973 1977 1981
1972 1968 1964 1963
1973 1977 1981 1982
1973 1972 1968 1964
1974 1978 1983 1987
1974 1969 1965 1960
1975 1976 1979 1980
1975 1971 1970 1967
1976 1979 1980 1984
1976 1975 1971 1970
1977 1981 1982 1986
1977 1973 1972 1968
1978 1983 1987 1991
1978 1974 1969 1965
1979 1980 1984 1985
1979 1976 1975 1971
1980 1984 1985 1988
1980 1979 1976 1975
1981 1982 1986 1990
1981 1977 1973 1972
1982 1986 1990 1994
1982 1981 1977 1973
1983 1987 1991 1996
1983 1978 1974 1969
1984 1985 1988 1989
1984 1980 1979 1976
1985 1988 1989 1992
1985 1984 1980 1979
1986 1990 1994 1995
1986 1982 1981 1977
1987 1991 1996 2000
1987 1983 1978 1974
1988 1989 1992 1993
1988 1985 1984 1980
1989 1992 1993 1997
1989 1988 1985 1984
1990 1994 1995 1999
1990 1986 1982 1981
1991 1996 2000 2004
1991 1987 1983 1978
1992 1993 1997 1998
1992 1989 1988 1985
1993 1997 1998 2001
1993 1992 1989 1988
1994 1995 1999 2003
1994 1990 1986 1982
1995 1999 2003 2007
1995 1994 1990 1986
1996 2000 2004 2009
1996 1991 1987 1983
1997 1998 2001 2002
1997 1993 1992 1989
1998 2001 2002 2005
1998 1997 1993 1992
1999 2003 2007 2008
1999 1995 1994 1990
2000 2004 2009 2014
2000 1996 1991 1987
2001 2002 2005 2006
2001 1998 1997 1993
2002 2005 2006 2010
2002 2001 1998 1997
2003 2007 2008 2012
2003 1999 1995 1994
2004 2009 2014 2018
2004 2000 1996 1991
2005 2006 2010 2011
2005 2002 2001 1998
2006 2010 2011 2015
2006 2005 2002 2001
2007 2008 2012 2013
2007 2003 1999 1995
2008 2012 2013 2017
2008 2007 2003 1999
2009 2014 2018 2022
2009 2004 2000 1996
2010 2011 2015 2016
2010 2006 2005 2002
2011 2015 2016 2019
2011 2010 2006 2005
2012 2013 2017 2021
2012 2008 2007 2003
2013 2017 2021 2025
2013 2012 2008 2007
2014 2018 2022 2027
2014 2009 2004 2000
2015 2016 2019 2020
2015 2011 2010 2006
2016 2019 2020 2023
2016 2015 2011 2010
2017 2021 2025 2026
2017 2013 2012 2008
2018 2022 2027 2032
2018 2014 2009 2004
2019 2020 2023 2024
2019 2016 2015 2011
2020 2023 2024 2028
2020 2019 2016 2015
2021 2025 2026 2030
2021 2017 2013 2012
2022 2027 2032 2035
2022 2018 2014 2009
2023 2024 2028 2029
2023 2020 2019 2016
2024 2028 2029 2033
2024 2023 2020 2019
2025 2026 2030 2031
2025 2021 2017 2013
2026 2030 2031 -1
2026 2025 2021 2017
2027 2032 2035 2038
2027 2022 2018 2014
2028 2029 2033 2034
2028 2024 2023 2020
2029 2033 2034 2036
2029 2028 2024 2023
2030 2026 2025 2021
2031 2030 2026 2025
2032 2035 2038 2041
2032 2027 2022 2018
2033 2034 2036 2037
2033 2029 2028 2024
2034 2036 2037 2039
2034 2033 2029 2028
2035 2038 2041 2044
2035 2032 2027 2022
2036 2037 2039 2040
2036 2034 2033 2029
2037 2039 2040 2042
2037 2036 2034 2033
2038 2041 2044 2047
2038 2035 2032 2027
2039 2040 2042 2043
2039 2037 2036 2034
2040 2042 2043 2045
2040 2039 2037 2036
2041 2044 2047 2050
2041 2038 2035 2032
2042 2043 2045 2046
2042 2040 2039 2037
2043 2045 2046 2048
2043 2042 2040 2039
2044 2047 2050 2053
2044 2041 2038 2035
2045 2046 2048 2049
2045 2043 2042 2040
2046 2048 2049 2051
2046 2045 2043 2042
2047 2050 2053 2056
2047 2044 2041 2038
2048 2049 2051 2052
2048 2046 2045 2043
2049 2051 2052 2054
2049 2048 2046 2045
2050 2053 2056 2059
2050 2047 2044 2041
2051 2052 2054 2055
2051 2049 2048 2046
2052 2054 2055 2057
2052 2051 2049 2048
2053 2056 2059 2062
2053 2050 2047 2044
2054 2055 2057 2058
2054 2052 2051 2049
2055 2057 2058 2060
2055 2054 2052 2051
2056 2059 2062 2065
2056 2053 2050 2047
2057 2058 2060 2061
2057 2055 2054 2052
2058 2060 2061 2063
2058 2057 2055 2054
2059 2062 2065 2068
2059 2056 2053 2050
2060 2061 2063 2064
2060 2058 2057 2055
2061 2063 2064 2066
2061 2060 2058 2057
2062 2065 2068 2071
2062 2059 2056 2053
2063 2064 2066 2067
2063 2061 2060 2058
2064 2066 2067 2069
2064 2063 2061 2060
2065 2068 2071 2074
2065 2062 2059 2056
2066 2067 2069 2070
2066 2064 2063 2061
2067 2069 2070 2072
2067 2066 2064 2063
2068 2071 2074 2078
2068 2065 2062 2059
2069 2070 2072 2073
2069 2067 2066 2064
2070 2072 2073 2075
2070 2069 2067 2066
2071 2074 2078 2077
2071 2068 2065 2062
2072 2073 2075 2076
2072 2070 2069 2067
2073 2075 2076 2079
2073 2072 2070 2069
2074 2078 2077 2081
2074 2071 2068 2065
2075 2076 2079 2080
2075 2073 2072 2070
2076 2079 2080 2082
2076 2075 2073 2072
2077 2081 2084 2087
2077 2078 2074 2071
2078 2077 2081 2084
2078 2074 2071 2068
2079 2080 2082 2083
2079 2076 2075 2073
2080 2082 2083 2085
2080 2079 2076 2075
2081 2084 2087 2090
2081 2077 2078 2074
2082 2083 2085 2086
2082 2080 2079 2076
2083 2085 2086 2088
2083 2082 2080 2079
2084 2087 2090 2093
2084 2081 2077 2078
2085 2086 2088 2089
2085 2083 2082 2080
2086 2088 2089 2091
2086 2085 2083 2082
2087 2090 2093 2096
2087 2084 2081 2077
2088 2089 2091 2092
2088 2086 2085 2083
2089 2091 2092 2094
2089 2088 2086 2085
2090 2093 2096 2099
2090 2087 2084 2081
2091 2092 2094 2095
2091 2089 2088 2086
2092 2094 2095 2097
2092 2091 2089 2088
2093 2096 2099 2102
2093 2090 2087 2084
2094 2095 2097 2098
2094 2092 2091 2089
2095 2097 2098 2100
2095 2094 2092 2091
2096 2099 2102 2105
2096 2093 2090 2087
2097 2098 2100 2101
2097 2095 2094 2092
2098 2100 2101 2103
2098 2097 2095 2094
2099 2102 2105 2108
2099 2096 2093 2090
2100 2101 2103 2104
2100 2098 2097 2095
2101 2103 2104 2106
2101 2100 2098 2097
2102 2105 2108 2112
2102 2099 2096 2093
2103 2104 2106 2107
2103 2101 2100 2098
2104 2106 2107 2109
2104 2103 2101 2100
2105 2108 2112 2111
2105 2102 2099 2096
2106 2107 2109 2110
2106 2104 2103 2101
2107 2109 2110 2113
2107 2106 2104 2103
2108 2112 2111 2115
2108 2105 2102 2099
2109 2110 2113 2114
2109 2107 2106 2104
2110 2113 2114 2116
2110 2109 2107 2106
2111 2115 2133 2132
2111 2112 2108 2105
2112 2111 2115 2133
2112 2108 2105 2102
2113 2114 2116 2117
2113 2110 2109 2107
2114 2116 2117 2134
2114 2113 2110 2109
2115 2133 2132 2131
2115 2111 2112 2108
2116 2117 2134 2135
2116 2114 2113 2110
2117 2134 2135 2136
2117 2116 2114 2113
2118 2239 2238 2237
2118 2119 2120 2121
2119 2118 2239 2238
2119 2120 2121 2122
2120 2119 2118 2239
2120 2121 2122 2123
2121 2120 2119 2118
2121 2122 2123 2124
2122 2121 2120 2119
2122 2123 2124 2125
2123 2122 2121 2120
2123 2124 2125 2126
2124 2123 2122 2121
2124 2125 2126 2127
2125 2124 2123 2122
2125 2126 2127 2128
2126 2125 2124 2123
2126 2127 2128 2129
2127 2126 2125 2124
2127 2128 2129 2130
2128 2127 2126 2125
2128 2129 2130 2131
2129 2128 2127 2126
2129 2130 2131 2132
2130 2129 2128 2127
2130 2131 2132 2133
2131 2130 2129 2128
2131 2132 2133 2115
2132 2131 2130 2129
2132 2133 2115 2111
2133 2132 2131 2130
2133 2115 2111 2112
2134 2135 2136 2240
2134 2117 2116 2114
2135 2136 2240 2241
2135 2134 2117 2116
2136 2240 2241 2242
2136 2135 2134 2117
2137 2267 2266 2265
2137 2138 2139 2140
2138 2137 2267 2266
2138 2139 2140 2141
2139 2138 2137 2267
2139 2140 2141 2142
2140 2139 2138 2137
2140 2141 2142 2143
2141 2140 2139 2138
2141 2142 2143 2144
2142 2141 2140 2139
2142 2143 2144 2145
2143 2142 2141 2140
2143 2144 2145 2146
2144 2143 2142 2141
2144 2145 2146 2147
2145 2144 2143 2142
2145 2146 2147 2148
2146 2145 2144 2143
2146 2147 2148 2149
2147 2146 2145 2144
2147 2148 2149 2150
2148 2147 2146 2145
2148 2149 2150 2151
2149 2148 2147 2146
2149 2150 2151 2152
2150 2149 2148 2147
2150 2151 2152 2153
2151 2150 2149 2148
2151 2152 2153 2154
2152 2151 2150 2149
2152 2153 2154 2155
2153 2152 2151 2150
2153 2154 2155 2156
2154 2153 2152 2151
2154 2155 2156 2157
2155 2154 2153 2152
2155 2156 2157 2158
2156 2155 2154 2153
2156 2157 2158 2159
2157 2156 2155 2154
2157 2158 2159 2160
2158 2157 2156 2155
2158 2159 2160 2161
2159 2158 2157 2156
2159 2160 2161 2162
2160 2159 2158 2157
2160 2161 2162 2163
2161 2160 2159 2158
2161 2162 2163 2164
2162 2161 2160 2159
2162 2163 2164 2165
2163 2162 2161 2160
2163 2164 2165 2166
2164 2163 2162 2161
2164 2165 2166 2167
2165 2164 2163 2162
2165 2166 2167 2168
2166 2165 2164 2163
2166 2167 2168 2169
2167 2166 2165 2164
2167 2168 2169 2170
2168 2167 2166 2165
2168 2169 2170 2171
2169 2168 2167 2166
2169 2170 2171 2172
2170 2169 2168 2167
2170 2171 2172 2173
2171 2170 2169 2168
2171 2172 2173 2174
2172 2171 2170 2169
2172 2173 2174 2175
2173 2172 2171 2170
2173 2174 2175 2176
2174 2173 2172 2171
2174 2175 2176 2177
2175 2174 2173 2172
2175 2176 2177 2178
2176 2175 2174 2173
2176 2177 2178 2179
2177 2176 2175 2174
2177 2178 2179 2180
2178 2177 2176 2175
2178 2179 2180 2181
2179 2178 2177 2176
2179 2180 2181 2182
2180 2179 2178 2177
2180 2181 2182 2183
2181 2180 2179 2178
2181 2182 2183 2184
2182 2181 2180 2179
2182 2183 2184 2185
2183 2182 2181 2180
2183 2184 2185 2186
2184 2183 2182 2181
2184 2185 2186 2187
2185 2184 2183 2182
2185 2186 2187 2188
2186 2185 2184 2183
2186 2187 2188 2189
2187 2186 2185 2184
2187 2188 2189 2190
2188 2187 2186 2185
2188 2189 2190 2191
2189 2188 2187 2186
2189 2190 2191 2192
2190 2189 2188 2187
2190 2191 2192 2193
2191 2190 2189 2188
2191 2192 2193 2194
2192 2191 2190 2189
2192 2193 2194 2195
2193 2192 2191 2190
2193 2194 2195 2196
2194 2193 2192 2191
2194 2195 2196 2197
2195 2194 2193 2192
2195 2196 2197 2198
2196 2195 2194 2193
2196 2197 2198 2199
2197 2196 2195 2194
2197 2198 2199 2200
2198 2197 2196 2195
2198 2199 2200 2201
2199 2198 2197 2196
2199 2200 2201 2202
2200 2199 2198 2197
2200 2201 2202 2203
2201 2200 2199 2198
2201 2202 2203 2204
2202 2201 2200 2199
2202 2203 2204 2205
2203 2202 2201 2200
2203 2204 2205 2206
2204 2203 2202 2201
2204 2205 2206 2207
2205 2204 2203 2202
2205 2206 2207 2208
2206 2205 2204 2203
2206 2207 2208 2209
2207 2206 2205 2204
2207 2208 2209 2210
2208 2207 2206 2205
2208 2209 2210 2211
2209 2208 2207 2206
2209 2210 2211 2212
2210 2209 2208 2207
2210 2211 2212 2213
2211 2210 2209 2208
2211 2212 2213 2214
2212 2211 2210 2209
2212 2213 2214 2215
2213 2212 2211 2210
2213 2214 2215 2216
2214 2213 2212 2211
2214 2215 2216 2217
2215 2214 2213 2212
2215 2216 2217 2218
2216 2215 2214 2213
2216 2217 2218 2219
2217 2216 2215 2214
2217 2218 2219 2220
2218 2217 2216 2215
2218 2219 2220 2221
2219 2218 2217 2216
2219 2220 2221 2222
2220 2219 2218 2217
2220 2221 2222 2223
2221 2220 2219 2218
2221 2222 2223 2224
2222 2221 2220 2219
2222 2223 2224 2225
2223 2222 2221 2220
2223 2224 2225 2226
2224 2223 2222 2221
2224 2225 2226 2227
2225 2224 2223 2222
2225 2226 2227 2228
2226 2225 2224 2223
2226 2227 2228 2229
2227 2226 2225 2224
2227 2228 2229 2230
2228 2227 2226 2225
2228 2229 2230 2231
2229 2228 2227 2226
2229 2230 2231 2232
2230 2229 2228 2227
2230 2231 2232 2233
2231 2230 2229 2228
2231 2232 2233 2234
2232 2231 2230 2229
2232 2233 2234 2235
2233 2232 2231 2230
2233 2234 2235 2236
2234 2233 2232 2231
2234 2235 2236 2237
2235 2234 2233 2232
2235 2236 2237 2238
2236 2235 2234 2233
2236 2237 2238 2239
2237 2236 2235 2234
2237 2238 2239 2118
2238 2237 2236 2235
2238 2239 2118 2119
2239 2238 2237 2236
2239 2118 2119 2120
2240 2241 2242 2243
2240 2136 2135 2134
2241 2242 2243 2244
2241 2240 2136 2135
2242 2243 2244 2245
2242 2241 2240 2136
2243 2244 2245 2246
2243 2242 2241 2240
2244 2243 2242 2241
2244 2245 2246 2247
2245 2244 2243 2242
2245 2246 2247 2248
2246 2245 2244 2243
2246 2247 2248 2249
2247 2246 2245 2244
2247 2248 2249 2250
2248 2247 2246 2245
2248 2249 2250 2251
2249 2248 2247 2246
2249 2250 2251 2252
2250 2249 2248 2247
2250 2251 2252 2253
2251 2250 2249 2248
2251 2252 2253 2254
2252 2251 2250 2249
2252 2253 2254 2255
2253 2252 2251 2250
2253 2254 2255 2256
2254 2253 2252 2251
2254 2255 2256 2257
2255 2254 2253 2252
2255 2256 2257 2258
2256 2255 2254 2253
2256 2257 2258 2259
2257 2256 2255 2254
2257 2258 2259 2260
2258 2257 2256 2255
2258 2259 2260 2261
2259 2258 2257 2256
2259 2260 2261 2262
2260 2259 2258 2257
2260 2261 2262 2263
2261 2260 2259 2258
2261 2262 2263 2264
2262 2261 2260 2259
2262 2263 2264 2265
2263 2262 2261 2260
2263 2264 2265 2266
2264 2263 2262 2261
2264 2265 2266 2267
2265 2264 2263 2262
2265 2266 2267 2137
2266 2265 2264 2263
2266 2267 2137 2138
2267 2266 2265 2264
2267 2137 2138 2139
