0 13 12 11
0 1 2 3
1 0 13 12
1 2 3 4
2 1 0 13
2 3 4 5
3 2 1 0
3 4 5 6
4 3 2 1
4 5 6 7
5 6 7 14
5 4 3 2
6 7 14 15
6 5 4 3
7 14 15 16
7 6 5 4
8 22 21 20
8 9 10 11
9 8 22 21
9 10 11 12
10 9 8 22
10 11 12 13
11 10 9 8
11 12 13 0
12 11 10 9
12 13 0 1
13 12 11 10
13 0 1 2
14 15 16 23
14 7 6 5
15 16 23 24
15 14 7 6
16 23 24 31
16 15 14 7
17 30 29 28
17 18 19 20
18 17 30 29
18 19 20 21
19 18 17 30
19 20 21 22
20 19 18 17
20 21 22 8
21 20 19 18
21 22 8 9
22 21 20 19
22 8 9 10
23 24 31 32
23 16 15 14
24 31 32 39
24 23 16 15
25 38 37 36
25 26 27 28
26 25 38 37
26 27 28 29
27 26 25 38
27 28 29 30
28 27 26 25
28 29 30 17
29 28 27 26
29 30 17 18
30 29 28 27
30 17 18 19
31 32 39 40
31 24 23 16
32 39 40 47
32 31 24 23
33 46 45 44
33 34 35 36
34 33 46 45
34 35 36 37
35 34 33 46
35 36 37 38
36 35 34 33
36 37 38 25
37 36 35 34
37 38 25 26
38 37 36 35
38 25 26 27
39 40 47 48
39 32 31 24
40 47 48 56
40 39 32 31
41 55 54 53
41 42 43 44
42 41 55 54
42 43 44 45
43 42 41 55
43 44 45 46
44 43 42 41
44 45 46 33
45 44 43 42
45 46 33 34
46 45 44 43
46 33 34 35
47 48 56 57
47 40 39 32
48 56 57 64
48 47 40 39
49 63 62 61
49 50 51 52
50 49 63 62
50 51 52 53
51 50 49 63
51 52 53 54
52 51 50 49
52 53 54 55
53 52 51 50
53 54 55 41
54 53 52 51
54 55 41 42
55 54 53 52
55 41 42 43
56 57 64 65
56 48 47 40
57 64 65 73
57 56 48 47
58 72 71 70
58 59 60 61
59 58 72 71
59 60 61 62
60 59 58 72
60 61 62 63
61 60 59 58
61 62 63 49
62 61 60 59
62 63 49 50
63 62 61 60
63 49 50 51
64 65 73 74
64 57 56 48
65 73 74 80
65 64 57 56
66 79 78 77
66 67 68 69
67 66 79 78
67 68 69 70
68 67 66 79
68 69 70 71
69 68 67 66
69 70 71 72
70 69 68 67
70 71 72 58
71 70 69 68
71 72 58 59
72 71 70 69
72 58 59 60
73 74 80 81
73 65 64 57
74 80 81 89
74 73 65 64
75 88 87 86
75 76 77 78
76 75 88 87
76 77 78 79
77 76 75 88
77 78 79 66
78 77 76 75
78 79 66 67
79 78 77 76
79 66 67 68
80 81 89 90
80 74 73 65
81 89 90 96
81 80 74 73
82 95 94 93
82 83 84 85
83 82 95 94
83 84 85 86
84 83 82 95
84 85 86 87
85 84 83 82
85 86 87 88
86 85 84 83
86 87 88 75
87 86 85 84
87 88 75 76
88 87 86 85
88 75 76 77
89 90 96 97
89 81 80 74
90 96 97 104
90 89 81 80
91 103 102 101
91 92 93 94
92 91 103 102
92 93 94 95
93 92 91 103
93 94 95 82
94 93 92 91
94 95 82 83
95 94 93 92
95 82 83 84
96 97 104 105
96 90 89 81
97 104 105 110
97 96 90 89
98 109 108 107
98 99 100 101
99 98 109 108
99 100 101 102
100 99 98 109
100 101 102 103
101 100 99 98
101 102 103 91
102 101 100 99
102 103 91 92
103 102 101 100
103 91 92 93
104 105 110 111
104 97 96 90
105 110 111 115
105 104 97 96
106 114 113 112
106 107 108 109
107 106 114 113
107 108 109 98
108 107 106 114
108 109 98 99
109 108 107 106
109 98 99 100
110 111 115 116
110 105 104 97
111 115 116 120
111 110 105 104
112 119 118 117
112 113 114 106
113 112 119 118
113 114 106 107
114 113 112 119
114 106 107 108
115 116 120 121
115 111 110 105
116 120 121 125
116 115 111 110
117 124 123 122
117 118 119 112
118 117 124 123
118 119 112 113
119 118 117 124
119 112 113 114
120 121 125 126
120 116 115 111
121 125 126 130
121 120 116 115
122 129 128 127
122 123 124 117
123 122 129 128
123 124 117 118
124 123 122 129
124 117 118 119
125 126 130 131
125 121 120 116
126 130 131 135
126 125 121 120
127 134 133 132
127 128 129 122
128 127 134 133
128 129 122 123
129 128 127 134
129 122 123 124
130 131 135 136
130 126 125 121
131 135 136 140
131 130 126 125
132 139 138 137
132 133 134 127
133 132 139 138
133 134 127 128
134 133 132 139
134 127 128 129
135 136 140 141
135 131 130 126
136 140 141 145
136 135 131 130
137 144 143 142
137 138 139 132
138 137 144 143
138 139 132 133
139 138 137 144
139 132 133 134
140 141 145 146
140 136 135 131
141 145 146 150
141 140 136 135
142 149 148 147
142 143 144 137
143 142 149 148
143 144 137 138
144 143 142 149
144 137 138 139
145 146 150 151
145 141 140 136
146 150 151 154
146 145 141 140
147 153 152 158
147 148 149 142
148 147 153 152
148 149 142 143
149 148 147 153
149 142 143 144
150 151 154 155
150 146 145 141
151 154 155 159
151 150 146 145
152 158 157 156
152 153 147 148
153 152 158 157
153 147 148 149
154 155 159 160
154 151 150 146
155 159 160 164
155 154 151 150
156 163 162 161
156 157 158 152
157 156 163 162
157 158 152 153
158 157 156 163
158 152 153 147
159 160 164 165
159 155 154 151
160 164 165 169
160 159 155 154
161 168 167 166
161 162 163 156
162 161 168 167
162 163 156 157
163 162 161 168
163 156 157 158
164 165 169 170
164 160 159 155
165 169 170 174
165 164 160 159
166 173 172 171
166 167 168 161
167 166 173 172
167 168 161 162
168 167 166 173
168 161 162 163
169 170 174 175
169 165 164 160
170 174 175 176
170 169 165 164
171 179 178 177
171 172 173 166
172 171 179 178
172 173 166 167
173 172 171 179
173 166 167 168
174 175 176 180
174 170 169 165
175 176 180 181
175 174 170 169
176 180 181 185
176 175 174 170
177 184 183 182
177 178 179 171
178 177 184 183
178 179 171 172
179 178 177 184
179 171 172 173
180 181 185 186
180 176 175 174
181 185 186 190
181 180 176 175
182 189 188 187
182 183 184 177
183 182 189 188
183 184 177 178
184 183 182 189
184 177 178 179
185 186 190 191
185 181 180 176
186 190 191 195
186 185 181 180
187 194 193 192
187 188 189 182
188 187 194 193
188 189 182 183
189 188 187 194
189 182 183 184
190 191 195 196
190 186 185 181
191 195 196 200
191 190 186 185
192 199 198 197
192 193 194 187
193 192 199 198
193 194 187 188
194 193 192 199
194 187 188 189
195 196 200 201
195 191 190 186
196 200 201 205
196 195 191 190
197 204 203 202
197 198 199 192
198 197 204 203
198 199 192 193
199 198 197 204
199 192 193 194
200 201 205 206
200 196 195 191
201 205 206 210
201 200 196 195
202 209 208 207
202 203 204 197
203 202 209 208
203 204 197 198
204 203 202 209
204 197 198 199
205 206 210 211
205 201 200 196
206 210 211 215
206 205 201 200
207 214 213 212
207 208 209 202
208 207 214 213
208 209 202 203
209 208 207 214
209 202 203 204
210 211 215 216
210 206 205 201
211 215 216 220
211 210 206 205
212 219 218 217
212 213 214 207
213 212 219 218
213 214 207 208
214 213 212 219
214 207 208 209
215 216 220 221
215 211 210 206
216 220 221 225
216 215 211 210
217 224 223 222
217 218 219 212
218 217 224 223
218 219 212 213
219 218 217 224
219 212 213 214
220 221 225 226
220 216 215 211
221 225 226 229
221 220 216 215
222 228 227 233
222 223 224 217
223 222 228 227
223 224 217 218
224 223 222 228
224 217 218 219
225 226 229 230
225 221 220 216
226 229 230 234
226 225 221 220
227 233 232 231
227 228 222 223
228 227 233 232
228 222 223 224
229 230 234 235
229 226 225 221
230 234 235 239
230 229 226 225
231 238 237 236
231 232 233 227
232 231 238 237
232 233 227 228
233 232 231 238
233 227 228 222
234 235 239 240
234 230 229 226
235 239 240 243
235 234 230 229
236 242 241 247
236 237 238 231
237 236 242 241
237 238 231 232
238 237 236 242
238 231 232 233
239 240 243 244
239 235 234 230
240 243 244 248
240 239 235 234
241 247 246 245
241 242 236 237
242 241 247 246
242 236 237 238
243 244 248 249
243 240 239 235
244 248 249 253
244 243 240 239
245 252 251 250
245 246 247 241
246 245 252 251
246 247 241 242
247 246 245 252
247 241 242 236
248 249 253 254
248 244 243 240
249 253 254 258
249 248 244 243
250 257 256 255
250 251 252 245
251 250 257 256
251 252 245 246
252 251 250 257
252 245 246 247
253 254 258 259
253 249 248 244
254 258 259 263
254 253 249 248
255 262 261 260
255 256 257 250
256 255 262 261
256 257 250 251
257 256 255 262
257 250 251 252
258 259 263 264
258 254 253 249
259 263 264 267
259 258 254 253
260 266 265 271
260 261 262 255
261 260 266 265
261 262 255 256
262 261 260 266
262 255 256 257
263 264 267 268
263 259 258 254
264 267 268 272
264 263 259 258
265 271 270 269
265 266 260 261
266 265 271 270
266 260 261 262
267 268 272 273
267 264 263 259
268 272 273 277
268 267 264 263
269 276 275 274
269 270 271 265
270 269 276 275
270 271 265 266
271 270 269 276
271 265 266 260
272 273 277 278
272 268 267 264
273 277 278 282
273 272 268 267
274 281 280 279
274 275 276 269
275 274 281 280
275 276 269 270
276 275 274 281
276 269 270 271
277 278 282 283
277 273 272 268
278 282 283 286
278 277 273 272
279 285 284 289
279 280 281 274
280 279 285 284
280 281 274 275
281 280 279 285
281 274 275 276
282 283 286 287
282 278 277 273
283 286 287 290
283 282 278 277
284 289 288 294
284 285 279 280
285 284 289 288
285 279 280 281
286 287 290 291
286 283 282 278
287 290 291 295
287 286 283 282
288 294 293 292
288 289 284 285
289 288 294 293
289 284 285 279
290 291 295 296
290 287 286 283
291 295 296 300
291 290 287 286
292 299 298 297
292 293 294 288
293 292 299 298
293 294 288 289
294 293 292 299
294 288 289 284
295 296 300 301
295 291 290 287
296 300 301 305
296 295 291 290
297 304 303 302
297 298 299 292
298 297 304 303
298 299 292 293
299 298 297 304
299 292 293 294
300 301 305 306
300 296 295 291
301 305 306 310
301 300 296 295
302 309 308 307
302 303 304 297
303 302 309 308
303 304 297 298
304 303 302 309
304 297 298 299
305 306 310 311
305 301 300 296
306 310 311 315
306 305 301 300
307 314 313 312
307 308 309 302
308 307 314 313
308 309 302 303
309 308 307 314
309 302 303 304
310 311 315 316
310 306 305 301
311 315 316 319
311 310 306 305
312 318 317 323
312 313 314 307
313 312 318 317
313 314 307 308
314 313 312 318
314 307 308 309
315 316 319 320
315 311 310 306
316 319 320 321
316 315 311 310
317 323 322 327
317 318 312 313
318 317 323 322
318 312 313 314
319 320 321 324
319 316 315 311
320 321 324 325
320 319 316 315
321 324 325 328
321 320 319 316
322 327 326 332
322 323 317 318
323 322 327 326
323 317 318 312
324 325 328 329
324 321 320 319
325 328 329 333
325 324 321 320
326 332 331 330
326 327 322 323
327 326 332 331
327 322 323 317
328 329 333 334
328 325 324 321
329 333 334 338
329 328 325 324
330 337 336 335
330 331 332 326
331 330 337 336
331 332 326 327
332 331 330 337
332 326 327 322
333 334 338 339
333 329 328 325
334 338 339 343
334 333 329 328
335 342 341 340
335 336 337 330
336 335 342 341
336 337 330 331
337 336 335 342
337 330 331 332
338 339 343 344
338 334 333 329
339 343 344 348
339 338 334 333
340 347 346 345
340 341 342 335
341 340 347 346
341 342 335 336
342 341 340 347
342 335 336 337
343 344 348 349
343 339 338 334
344 348 349 353
344 343 339 338
345 352 351 350
345 346 347 340
346 345 352 351
346 347 340 341
347 346 345 352
347 340 341 342
348 349 353 354
348 344 343 339
349 353 354 358
349 348 344 343
350 357 356 355
350 351 352 345
351 350 357 356
351 352 345 346
352 351 350 357
352 345 346 347
353 354 358 359
353 349 348 344
354 358 359 363
354 353 349 348
355 362 361 360
355 356 357 350
356 355 362 361
356 357 350 351
357 356 355 362
357 350 351 352
358 359 363 364
358 354 353 349
359 363 364 368
359 358 354 353
360 367 366 365
360 361 362 355
361 360 367 366
361 362 355 356
362 361 360 367
362 355 356 357
363 364 368 369
363 359 358 354
364 368 369 373
364 363 359 358
365 372 371 370
365 366 367 360
366 365 372 371
366 367 360 361
367 366 365 372
367 360 361 362
368 369 373 374
368 364 363 359
369 373 374 378
369 368 364 363
370 377 376 375
370 371 372 365
371 370 377 376
371 372 365 366
372 371 370 377
372 365 366 367
373 374 378 379
373 369 368 364
374 378 379 383
374 373 369 368
375 382 381 380
375 376 377 370
376 375 382 381
376 377 370 371
377 376 375 382
377 370 371 372
378 379 383 384
378 374 373 369
379 383 384 388
379 378 374 373
380 387 386 385
380 381 382 375
381 380 387 386
381 382 375 376
382 381 380 387
382 375 376 377
383 384 388 389
383 379 378 374
384 388 389 393
384 383 379 378
385 392 391 390
385 386 387 380
386 385 392 391
386 387 380 381
387 386 385 392
387 380 381 382
388 389 393 394
388 384 383 379
389 393 394 398
389 388 384 383
390 397 396 395
390 391 392 385
391 390 397 396
391 392 385 386
392 391 390 397
392 385 386 387
393 394 398 399
393 389 388 384
394 398 399 403
394 393 389 388
395 402 401 400
395 396 397 390
396 395 402 401
396 397 390 391
397 396 395 402
397 390 391 392
398 399 403 404
398 394 393 389
399 403 404 408
399 398 394 393
400 407 406 405
400 401 402 395
401 400 407 406
401 402 395 396
402 401 400 407
402 395 396 397
403 404 408 409
403 399 398 394
404 408 409 412
404 403 399 398
405 411 410 415
405 406 407 400
406 405 411 410
406 407 400 401
407 406 405 411
407 400 401 402
408 409 412 413
408 404 403 399
409 412 413 416
409 408 404 403
410 415 414 419
410 411 405 406
411 410 415 414
411 405 406 407
412 413 416 417
412 409 408 404
413 416 417 420
413 412 409 408
414 419 418 423
414 415 410 411
415 414 419 418
415 410 411 405
416 417 420 421
416 413 412 409
417 420 421 424
417 416 413 412
418 423 422 428
418 419 414 415
419 418 423 422
419 414 415 410
420 421 424 425
420 417 416 413
421 424 425 429
421 420 417 416
422 428 427 426
422 423 418 419
423 422 428 427
423 418 419 414
424 425 429 430
424 421 420 417
425 429 430 434
425 424 421 420
426 433 432 431
426 427 428 422
427 426 433 432
427 428 422 423
428 427 426 433
428 422 423 418
429 430 434 435
429 425 424 421
430 434 435 439
430 429 425 424
431 438 437 436
431 432 433 426
432 431 438 437
432 433 426 427
433 432 431 438
433 426 427 428
434 435 439 440
434 430 429 425
435 439 440 443
435 434 430 429
436 442 441 446
436 437 438 431
437 436 442 441
437 438 431 432
438 437 436 442
438 431 432 433
439 440 443 444
439 435 434 430
440 443 444 447
440 439 435 434
441 446 445 450
441 442 436 437
442 441 446 445
442 436 437 438
443 444 447 448
443 440 439 435
444 447 448 451
444 443 440 439
445 450 449 455
445 446 441 442
446 445 450 449
446 441 442 436
447 448 451 452
447 444 443 440
448 451 452 456
448 447 444 443
449 455 454 453
449 450 445 446
450 449 455 454
450 445 446 441
451 452 456 457
451 448 447 444
452 456 457 461
452 451 448 447
453 460 459 458
453 454 455 449
454 453 460 459
454 455 449 450
455 454 453 460
455 449 450 445
456 457 461 462
456 452 451 448
457 461 462 466
457 456 452 451
458 465 464 463
458 459 460 453
459 458 465 464
459 460 453 454
460 459 458 465
460 453 454 455
461 462 466 467
461 457 456 452
462 466 467 470
462 461 457 456
463 469 468 474
463 464 465 458
464 463 469 468
464 465 458 459
465 464 463 469
465 458 459 460
466 467 470 471
466 462 461 457
467 470 471 472
467 466 462 461
468 474 473 479
468 469 463 464
469 468 474 473
469 463 464 465
470 471 472 475
470 467 466 462
471 472 475 476
471 470 467 466
472 475 476 480
472 471 470 467
473 479 478 477
473 474 468 469
474 473 479 478
474 468 469 463
475 476 480 481
475 472 471 470
476 480 481 484
476 475 472 471
477 483 482 487
477 478 479 473
478 477 483 482
478 479 473 474
479 478 477 483
479 473 474 468
480 481 484 485
480 476 475 472
481 484 485 488
481 480 476 475
482 487 486 491
482 483 477 478
483 482 487 486
483 477 478 479
484 485 488 489
484 481 480 476
485 488 489 492
485 484 481 480
486 491 490 496
486 487 482 483
487 486 491 490
487 482 483 477
488 489 492 493
488 485 484 481
489 492 493 497
489 488 485 484
490 496 495 494
490 491 486 487
491 490 496 495
491 486 487 482
492 493 497 498
492 489 488 485
493 497 498 501
493 492 489 488
494 500 499 504
494 495 496 490
495 494 500 499
495 496 490 491
496 495 494 500
496 490 491 486
497 498 501 502
497 493 492 489
498 501 502 505
498 497 493 492
499 504 503 509
499 500 494 495
500 499 504 503
500 494 495 496
501 502 505 506
501 498 497 493
502 505 506 510
502 501 498 497
503 509 508 507
503 504 499 500
504 503 509 508
504 499 500 494
505 506 510 511
505 502 501 498
506 510 511 514
506 505 502 501
507 513 512 517
507 508 509 503
508 507 513 512
508 509 503 504
509 508 507 513
509 503 504 499
510 511 514 515
510 506 505 502
511 514 515 518
511 510 506 505
512 517 516 522
512 513 507 508
513 512 517 516
513 507 508 509
514 515 518 519
514 511 510 506
515 518 519 523
515 514 511 510
516 522 521 520
516 517 512 513
517 516 522 521
517 512 513 507
518 519 523 524
518 515 514 511
519 523 524 527
519 518 515 514
520 526 525 531
520 521 522 516
521 520 526 525
521 522 516 517
522 521 520 526
522 516 517 512
523 524 527 528
523 519 518 515
524 527 528 532
524 523 519 518
525 531 530 529
525 526 520 521
526 525 531 530
526 520 521 522
527 528 532 533
527 524 523 519
528 532 533 536
528 527 524 523
529 535 534 539
529 530 531 525
530 529 535 534
530 531 525 526
531 530 529 535
531 525 526 520
532 533 536 537
532 528 527 524
533 536 537 540
533 532 528 527
534 539 538 544
534 535 529 530
535 534 539 538
535 529 530 531
536 537 540 541
536 533 532 528
537 540 541 545
537 536 533 532
538 544 543 542
538 539 534 535
539 538 544 543
539 534 535 529
540 541 545 546
540 537 536 533
541 545 546 549
541 540 537 536
542 548 547 553
542 543 544 538
543 542 548 547
543 544 538 539
544 543 542 548
544 538 539 534
545 546 549 550
545 541 540 537
546 549 550 554
546 545 541 540
547 553 552 551
547 548 542 543
548 547 553 552
548 542 543 544
549 550 554 555
549 546 545 541
550 554 555 558
550 549 546 545
551 557 556 561
551 552 553 547
552 551 557 556
552 553 547 548
553 552 551 557
553 547 548 542
554 555 558 559
554 550 549 546
555 558 559 562
555 554 550 549
556 561 560 565
556 557 551 552
557 556 561 560
557 551 552 553
558 559 562 563
558 555 554 550
559 562 563 566
559 558 555 554
560 565 564 569
560 561 556 557
561 560 565 564
561 556 557 551
562 563 566 567
562 559 558 555
563 566 567 570
563 562 559 558
564 569 568 573
564 565 560 561
565 564 569 568
565 560 561 556
566 567 570 571
566 563 562 559
567 570 571 574
567 566 563 562
568 573 572 577
568 569 564 565
569 568 573 572
569 564 565 560
570 571 574 575
570 567 566 563
571 574 575 578
571 570 567 566
572 577 576 581
572 573 568 569
573 572 577 576
573 568 569 564
574 575 578 579
574 571 570 567
575 578 579 582
575 574 571 570
576 581 580 585
576 577 572 573
577 576 581 580
577 572 573 568
578 579 582 583
578 575 574 571
579 582 583 586
579 578 575 574
580 585 584 589
580 581 576 577
581 580 585 584
581 576 577 572
582 583 586 587
582 579 578 575
583 586 587 590
583 582 579 578
584 589 588 593
584 585 580 581
585 584 589 588
585 580 581 576
586 587 590 591
586 583 582 579
587 590 591 594
587 586 583 582
588 593 592 597
588 589 584 585
589 588 593 592
589 584 585 580
590 591 594 595
590 587 586 583
591 594 595 598
591 590 587 586
592 597 596 601
592 593 588 589
593 592 597 596
593 588 589 584
594 595 598 599
594 591 590 587
595 598 599 602
595 594 591 590
596 601 600 606
596 597 592 593
597 596 601 600
597 592 593 588
598 599 602 603
598 595 594 591
599 602 603 604
599 598 595 594
600 606 605 610
600 601 596 597
601 600 606 605
601 596 597 592
602 603 604 607
602 599 598 595
603 604 607 608
603 602 599 598
604 607 608 611
604 603 602 599
605 610 609 614
605 606 600 601
606 605 610 609
606 600 601 596
607 608 611 612
607 604 603 602
608 611 612 615
608 607 604 603
609 614 613 618
609 610 605 606
610 609 614 613
610 605 606 600
611 612 615 616
611 608 607 604
612 615 616 619
612 611 608 607
613 618 617 621
613 614 609 610
614 613 618 617
614 609 610 605
615 616 619 620
615 612 611 608
616 619 620 622
616 615 612 611
617 621 624 627
617 618 613 614
618 617 621 624
618 613 614 609
619 620 622 623
619 616 615 612
620 622 623 625
620 619 616 615
621 624 627 630
621 617 618 613
622 623 625 626
622 620 619 616
623 625 626 628
623 622 620 619
624 627 630 633
624 621 617 618
625 626 628 629
625 623 622 620
626 628 629 631
626 625 623 622
627 630 633 636
627 624 621 617
628 629 631 632
628 626 625 623
629 631 632 634
629 628 626 625
630 633 636 639
630 627 624 621
631 632 634 635
631 629 628 626
632 634 635 637
632 631 629 628
633 636 639 642
633 630 627 624
634 635 637 638
634 632 631 629
635 637 638 640
635 634 632 631
636 639 642 646
636 633 630 627
637 638 640 641
637 635 634 632
638 640 641 643
638 637 635 634
639 642 646 645
639 636 633 630
640 641 643 644
640 638 637 635
641 643 644 647
641 640 638 637
642 646 645 649
642 639 636 633
643 644 647 648
643 641 640 638
644 647 648 650
644 643 641 640
645 649 652 655
645 646 642 639
646 645 649 652
646 642 639 636
647 648 650 651
647 644 643 641
648 650 651 653
648 647 644 643
649 652 655 658
649 645 646 642
650 651 653 654
650 648 647 644
651 653 654 656
651 650 648 647
652 655 658 661
652 649 645 646
653 654 656 657
653 651 650 648
654 656 657 659
654 653 651 650
655 658 661 664
655 652 649 645
656 657 659 660
656 654 653 651
657 659 660 662
657 656 654 653
658 661 664 667
658 655 652 649
659 660 662 663
659 657 656 654
660 662 663 665
660 659 657 656
661 664 667 670
661 658 655 652
662 663 665 666
662 660 659 657
663 665 666 668
663 662 660 659
664 667 670 673
664 661 658 655
665 666 668 669
665 663 662 660
666 668 669 671
666 665 663 662
667 670 673 677
667 664 661 658
668 669 671 672
668 666 665 663
669 671 672 674
669 668 666 665
670 673 677 676
670 667 664 661
671 672 674 675
671 669 668 666
672 674 675 678
672 671 669 668
673 677 676 680
673 670 667 664
674 675 678 679
674 672 671 669
675 678 679 681
675 674 672 671
676 680 683 686
676 677 673 670
677 676 680 683
677 673 670 667
678 679 681 682
678 675 674 672
679 681 682 684
679 678 675 674
680 683 686 689
680 676 677 673
681 682 684 685
681 679 678 675
682 684 685 687
682 681 679 678
683 686 689 692
683 680 676 677
684 685 687 688
684 682 681 679
685 687 688 690
685 684 682 681
686 689 692 695
686 683 680 676
687 688 690 691
687 685 684 682
688 690 691 693
688 687 685 684
689 692 695 699
689 686 683 680
690 691 693 694
690 688 687 685
691 693 694 696
691 690 688 687
692 695 699 698
692 689 686 683
693 694 696 697
693 691 690 688
694 696 697 700
694 693 691 690
695 699 698 702
695 692 689 686
696 697 700 701
696 694 693 691
697 700 701 703
697 696 694 693
698 702 705 708
698 699 695 692
699 698 702 705
699 695 692 689
700 701 703 704
700 697 696 694
701 703 704 706
701 700 697 696
702 705 708 711
702 698 699 695
703 704 706 707
703 701 700 697
704 706 707 709
704 703 701 700
705 708 711 714
705 702 698 699
706 707 709 710
706 704 703 701
707 709 710 712
707 706 704 703
708 711 714 717
708 705 702 698
709 710 712 713
709 707 706 704
710 712 713 715
710 709 707 706
711 714 717 720
711 708 705 702
712 713 715 716
712 710 709 707
713 715 716 718
713 712 710 709
714 717 720 727
714 711 708 705
715 716 718 719
715 713 712 710
716 718 719 725
716 715 713 712
717 720 727 730
717 714 711 708
718 719 725 726
718 716 715 713
719 725 726 728
719 718 716 715
720 727 730 737
720 717 714 711
721 722 723 724
722 723 724 -1
723 722 721 -1
724 723 722 721
725 726 728 729
725 719 718 716
726 728 729 735
726 725 719 718
727 730 737 743
727 720 717 714
728 729 735 736
728 726 725 719
729 735 736 741
729 728 726 725
730 737 743 749
730 727 720 717
731 740 739 738
731 732 733 734
732 731 740 739
732 733 734 -1
733 732 731 740
734 733 732 731
735 736 741 742
735 729 728 726
736 741 742 747
736 735 729 728
737 743 749 755
737 730 727 720
738 746 745 744
738 739 740 731
739 738 746 745
739 740 731 732
740 739 738 746
740 731 732 733
741 742 747 748
741 736 735 729
742 747 748 753
742 741 736 735
743 749 755 761
743 737 730 727
744 752 751 750
744 745 746 738
745 744 752 751
745 746 738 739
746 745 744 752
746 738 739 740
747 748 753 754
747 742 741 736
748 753 754 759
748 747 742 741
749 755 761 767
749 743 737 730
750 758 757 756
750 751 752 744
751 750 758 757
751 752 744 745
752 751 750 758
752 744 745 746
753 754 759 760
753 748 747 742
754 759 760 764
754 753 748 747
755 761 767 766
755 749 743 737
756 763 762 769
756 757 758 750
757 756 763 762
757 758 750 751
758 757 756 763
758 750 751 752
759 760 764 765
759 754 753 748
760 764 765 770
760 759 754 753
761 767 766 772
761 755 749 743
762 769 768 774
762 763 756 757
763 762 769 768
763 756 757 758
764 765 770 771
764 760 759 754
765 770 771 775
765 764 760 759
766 772 777 782
766 767 761 755
767 766 772 777
767 761 755 749
768 774 773 779
768 769 762 763
769 768 774 773
769 762 763 756
770 771 775 776
770 765 764 760
771 775 776 780
771 770 765 764
772 777 782 788
772 766 767 761
773 779 778 784
773 774 768 769
774 773 779 778
774 768 769 762
775 776 780 781
775 771 770 765
776 780 781 785
776 775 771 770
777 782 788 787
777 772 766 767
778 784 783 789
778 779 773 774
779 778 784 783
779 773 774 768
780 781 785 786
780 776 775 771
781 785 786 790
781 780 776 775
782 788 787 792
782 777 772 766
783 784 778 779
784 783 789 -1
784 778 779 773
785 786 790 791
785 781 780 776
786 790 791 793
786 785 781 780
787 792 795 798
787 788 782 777
788 787 792 795
788 782 777 772
789 783 784 778
790 791 793 794
790 786 785 781
791 793 794 796
791 790 786 785
792 795 798 800
792 787 788 782
793 794 796 797
793 791 790 786
794 796 797 799
794 793 791 790
795 798 800 802
795 792 787 788
796 797 799 801
796 794 793 791
797 799 801 803
797 796 794 793
798 800 802 804
798 795 792 787
799 801 803 805
799 797 796 794
800 802 804 806
800 798 795 792
801 803 805 807
801 799 797 796
802 804 806 808
802 800 798 795
803 805 807 810
803 801 799 797
804 806 808 811
804 802 800 798
805 807 810 818
805 803 801 799
806 808 811 819
806 804 802 800
807 810 818 824
807 805 803 801
808 811 819 825
808 806 804 802
809 815 816 817
809 814 813 812
810 818 824 831
810 807 805 803
811 819 825 832
811 808 806 804
812 821 820 827
812 813 814 809
813 812 821 820
813 814 809 815
814 813 812 821
814 809 815 816
815 816 817 822
815 809 814 813
816 817 822 823
816 815 809 814
817 822 823 828
817 816 815 809
818 824 831 837
818 810 807 805
819 825 832 838
819 811 808 806
820 827 826 834
820 821 812 813
821 820 827 826
821 812 813 814
822 823 828 829
822 817 816 815
823 828 829 830
823 822 817 816
824 831 837 843
824 818 810 807
825 832 838 844
825 819 811 808
826 834 833 840
826 827 820 821
827 826 834 833
827 820 821 812
828 829 830 835
828 823 822 817
829 830 835 836
829 828 823 822
830 835 836 841
830 829 828 823
831 837 843 849
831 824 818 810
832 838 844 850
832 825 819 811
833 840 839 846
833 834 826 827
834 833 840 839
834 826 827 820
835 836 841 842
835 830 829 828
836 841 842 847
836 835 830 829
837 843 849 855
837 831 824 818
838 844 850 856
838 832 825 819
839 846 845 852
839 840 833 834
840 839 846 845
840 833 834 826
841 842 847 848
841 836 835 830
842 847 848 853
842 841 836 835
843 849 855 861
843 837 831 824
844 850 856 862
844 838 832 825
845 852 851 858
845 846 839 840
846 845 852 851
846 839 840 833
847 848 853 854
847 842 841 836
848 853 854 859
848 847 842 841
849 855 861 867
849 843 837 831
850 856 862 868
850 844 838 832
851 858 857 864
851 852 845 846
852 851 858 857
852 845 846 839
853 854 859 860
853 848 847 842
854 859 860 865
854 853 848 847
855 861 867 873
855 849 843 837
856 862 868 874
856 850 844 838
857 864 863 870
857 858 851 852
858 857 864 863
858 851 852 845
859 860 865 866
859 854 853 848
860 865 866 871
860 859 854 853
861 867 873 879
861 855 849 843
862 868 874 880
862 856 850 844
863 870 869 876
863 864 857 858
864 863 870 869
864 857 858 851
865 866 871 872
865 860 859 854
866 871 872 877
866 865 860 859
867 873 879 885
867 861 855 849
868 874 880 887
868 862 856 850
869 876 875 882
869 870 863 864
870 869 876 875
870 863 864 857
871 872 877 878
871 866 865 860
872 877 878 883
872 871 866 865
873 879 885 892
873 867 861 855
874 880 887 886
874 868 862 856
875 882 881 889
875 876 869 870
876 875 882 881
876 869 870 863
877 878 883 884
877 872 871 866
878 883 884 890
878 877 872 871
879 885 892 898
879 873 867 861
880 887 886 893
880 874 868 862
881 889 888 895
881 882 875 876
882 881 889 888
882 875 876 869
883 884 890 891
883 878 877 872
884 890 891 896
884 883 878 877
885 892 898 904
885 879 873 867
886 893 899 905
886 887 880 874
887 886 893 899
887 880 874 868
888 895 894 901
888 889 881 882
889 888 895 894
889 881 882 875
890 891 896 897
890 884 883 878
891 896 897 902
891 890 884 883
892 898 904 910
892 885 879 873
893 899 905 911
893 886 887 880
894 901 900 907
894 895 888 889
895 894 901 900
895 888 889 881
896 897 902 903
896 891 890 884
897 902 903 908
897 896 891 890
898 904 910 916
898 892 885 879
899 905 911 918
899 893 886 887
900 907 906 913
900 901 894 895
901 900 907 906
901 894 895 888
902 903 908 909
902 897 896 891
903 908 909 914
903 902 897 896
904 910 916 922
904 898 892 885
905 911 918 917
905 899 893 886
906 913 912 919
906 907 900 901
907 906 913 912
907 900 901 894
908 909 914 915
908 903 902 897
909 914 915 920
909 908 903 902
910 916 922 928
910 904 898 892
911 918 917 923
911 905 899 893
912 919 925 924
912 913 906 907
913 912 919 925
913 906 907 900
914 915 920 921
914 909 908 903
915 920 921 926
915 914 909 908
916 922 928 934
916 910 904 898
917 923 929 935
917 918 911 905
918 917 923 929
918 911 905 899
919 925 924 931
919 912 913 906
920 921 926 927
920 915 914 909
921 926 927 932
921 920 915 914
922 928 934 940
922 916 910 904
923 929 935 941
923 917 918 911
924 931 930 937
924 925 919 912
925 924 931 930
925 919 912 913
926 927 932 933
926 921 920 915
927 932 933 938
927 926 921 920
928 934 940 945
928 922 916 910
929 935 941 946
929 923 917 918
930 937 936 942
930 931 924 925
931 930 937 936
931 924 925 919
932 933 938 939
932 927 926 921
933 938 939 943
933 932 927 926
934 940 945 950
934 928 922 916
935 941 946 951
935 929 923 917
936 942 947 953
936 937 930 931
937 936 942 947
937 930 931 924
938 939 943 944
938 933 932 927
939 943 944 948
939 938 933 932
940 945 950 955
940 934 928 922
941 946 951 956
941 935 929 923
942 947 953 952
942 936 937 930
943 944 948 949
943 939 938 933
944 948 949 954
944 943 939 938
945 950 955 960
945 940 934 928
946 951 956 961
946 941 935 929
947 953 952 958
947 942 936 937
948 949 954 959
948 944 943 939
949 954 959 963
949 948 944 943
950 955 960 965
950 945 940 934
951 956 961 966
951 946 941 935
952 958 957 962
952 953 947 942
953 952 958 957
953 947 942 936
954 959 963 964
954 949 948 944
955 960 965 971
955 950 945 940
956 961 966 973
956 951 946 941
957 962 968 967
957 958 952 953
958 957 962 968
958 952 953 947
959 963 964 969
959 954 949 948
960 965 971 978
960 955 950 945
961 966 973 972
961 956 951 946
962 968 967 975
962 957 958 952
963 964 969 970
963 959 954 949
964 969 970 976
964 963 959 954
965 971 978 982
965 960 955 950
966 973 972 979
966 961 956 951
967 975 974 980
967 968 962 957
968 967 975 974
968 962 957 958
969 970 976 977
969 964 963 959
970 976 977 981
970 969 964 963
971 978 982 988
971 965 960 955
972 979 983 989
972 973 966 961
973 972 979 983
973 966 961 956
974 980 985 984
974 975 967 968
975 974 980 985
975 967 968 962
976 977 981 986
976 970 969 964
977 981 986 987
977 976 970 969
978 982 988 993
978 971 965 960
979 983 989 994
979 972 973 966
980 985 984 990
980 974 975 967
981 986 987 991
981 977 976 970
982 988 993 997
982 978 971 965
983 989 994 998
983 979 972 973
984 990 995 1000
984 985 980 974
985 984 990 995
985 980 974 975
986 987 991 992
986 981 977 976
987 991 992 996
987 986 981 977
988 993 997 1002
988 982 978 971
989 994 998 1003
989 983 979 972
990 995 1000 999
990 984 985 980
991 992 996 1001
991 987 986 981
992 996 1001 1005
992 991 987 986
993 997 1002 1007
993 988 982 978
994 998 1003 1008
994 989 983 979
995 1000 999 1004
995 990 984 985
996 1001 1005 1006
996 992 991 987
997 1002 1007 1012
997 993 988 982
998 1003 1008 1013
998 994 989 983
999 1004 1010 1009
999 1000 995 990
1000 999 1004 1010
1000 995 990 984
1001 1005 1006 1011
1001 996 992 991
1002 1007 1012 1016
1002 997 993 988
1003 1008 1013 1017
1003 998 994 989
1004 1010 1009 1014
1004 999 1000 995
1005 1006 1011 1015
1005 1001 996 992
1006 1011 1015 1019
1006 1005 1001 996
1007 1012 1016 1021
1007 1002 997 993
1008 1013 1017 1022
1008 1003 998 994
1009 1014 1018 1023
1009 1010 1004 999
1010 1009 1014 1018
1010 1004 999 1000
1011 1015 1019 1020
1011 1006 1005 1001
1012 1016 1021 1025
1012 1007 1002 997
1013 1017 1022 1027
1013 1008 1003 998
1014 1018 1023 1028
1014 1009 1010 1004
1015 1019 1020 1024
1015 1011 1006 1005
1016 1021 1025 1031
1016 1012 1007 1002
1017 1022 1027 1026
1017 1013 1008 1003
1018 1023 1028 1034
1018 1014 1009 1010
1019 1020 1024 1029
1019 1015 1011 1006
1020 1024 1029 1030
1020 1019 1015 1011
1021 1025 1031 1036
1021 1016 1012 1007
1022 1027 1026 1032
1022 1017 1013 1008
1023 1028 1034 1033
1023 1018 1014 1009
1024 1029 1030 1035
1024 1020 1019 1015
1025 1031 1036 1040
1025 1021 1016 1012
1026 1032 1037 1041
1026 1027 1022 1017
1027 1026 1032 1037
1027 1022 1017 1013
1028 1034 1033 1038
1028 1023 1018 1014
1029 1030 1035 1039
1029 1024 1020 1019
1030 1035 1039 1044
1030 1029 1024 1020
1031 1036 1040 1046
1031 1025 1021 1016
1032 1037 1041 1047
1032 1026 1027 1022
1033 1038 1043 1042
1033 1034 1028 1023
1034 1033 1038 1043
1034 1028 1023 1018
1035 1039 1044 1045
1035 1030 1029 1024
1036 1040 1046 1050
1036 1031 1025 1021
1037 1041 1047 1051
1037 1032 1026 1027
1038 1043 1042 1048
1038 1033 1034 1028
1039 1044 1045 1049
1039 1035 1030 1029
1040 1046 1050 1056
1040 1036 1031 1025
1041 1047 1051 1057
1041 1037 1032 1026
1042 1048 1053 1052
1042 1043 1038 1033
1043 1042 1048 1053
1043 1038 1033 1034
1044 1045 1049 1054
1044 1039 1035 1030
1045 1049 1054 1055
1045 1044 1039 1035
1046 1050 1056 1060
1046 1040 1036 1031
1047 1051 1057 1061
1047 1041 1037 1032
1048 1053 1052 1058
1048 1042 1043 1038
1049 1054 1055 1059
1049 1045 1044 1039
1050 1056 1060 1065
1050 1046 1040 1036
1051 1057 1061 1066
1051 1047 1041 1037
1052 1058 1062 1067
1052 1053 1048 1042
1053 1052 1058 1062
1053 1048 1042 1043
1054 1055 1059 1063
1054 1049 1045 1044
1055 1059 1063 1064
1055 1054 1049 1045
1056 1060 1065 1069
1056 1050 1046 1040
1057 1061 1066 1070
1057 1051 1047 1041
1058 1062 1067 1071
1058 1052 1053 1048
1059 1063 1064 1068
1059 1055 1054 1049
1060 1065 1069 1074
1060 1056 1050 1046
1061 1066 1070 1075
1061 1057 1051 1047
1062 1067 1071 1076
1062 1058 1052 1053
1063 1064 1068 1072
1063 1059 1055 1054
1064 1068 1072 1073
1064 1063 1059 1055
1065 1069 1074 1078
1065 1060 1056 1050
1066 1070 1075 1079
1066 1061 1057 1051
1067 1071 1076 1080
1067 1062 1058 1052
1068 1072 1073 1077
1068 1064 1063 1059
1069 1074 1078 1083
1069 1065 1060 1056
1070 1075 1079 1084
1070 1066 1061 1057
1071 1076 1080 1086
1071 1067 1062 1058
1072 1073 1077 1081
1072 1068 1064 1063
1073 1077 1081 1082
1073 1072 1068 1064
1074 1078 1083 1088
1074 1069 1065 1060
1075 1079 1084 1089
1075 1070 1066 1061
1076 1080 1086 1085
1076 1071 1067 1062
1077 1081 1082 1087
1077 1073 1072 1068
1078 1083 1088 1093
1078 1074 1069 1065
1079 1084 1089 1094
1079 1075 1070 1066
1080 1086 1085 1090
1080 1076 1071 1067
1081 1082 1087 1091
1081 1077 1073 1072
1082 1087 1091 1092
1082 1081 1077 1073
1083 1088 1093 1097
1083 1078 1074 1069
1084 1089 1094 1098
1084 1079 1075 1070
1085 1090 1095 1099
1085 1086 1080 1076
1086 1085 1090 1095
1086 1080 1076 1071
1087 1091 1092 1096
1087 1082 1081 1077
1088 1093 1097 1102
1088 1083 1078 1074
1089 1094 1098 1103
1089 1084 1079 1075
1090 1095 1099 1104
1090 1085 1086 1080
1091 1092 1096 1100
1091 1087 1082 1081
1092 1096 1100 1101
1092 1091 1087 1082
1093 1097 1102 1106
1093 1088 1083 1078
1094 1098 1103 1107
1094 1089 1084 1079
1095 1099 1104 1109
1095 1090 1085 1086
1096 1100 1101 1105
1096 1092 1091 1087
1097 1102 1106 1111
1097 1093 1088 1083
1098 1103 1107 1112
1098 1094 1089 1084
1099 1104 1109 1108
1099 1095 1090 1085
1100 1101 1105 1110
1100 1096 1092 1091
1101 1105 1110 1114
1101 1100 1096 1092
1102 1106 1111 1115
1102 1097 1093 1088
1103 1107 1112 1116
1103 1098 1094 1089
1104 1109 1108 1113
1104 1099 1095 1090
1105 1110 1114 1118
1105 1101 1100 1096
1106 1111 1115 1119
1106 1102 1097 1093
1107 1112 1116 1120
1107 1103 1098 1094
1108 1113 1117 1121
1108 1109 1104 1099
1109 1108 1113 1117
1109 1104 1099 1095
1110 1114 1118 1122
1110 1105 1101 1100
1111 1115 1119 1124
1111 1106 1102 1097
1112 1116 1120 1125
1112 1107 1103 1098
1113 1117 1121 1126
1113 1108 1109 1104
1114 1118 1122 1123
1114 1110 1105 1101
1115 1119 1124 1128
1115 1111 1106 1102
1116 1120 1125 1129
1116 1112 1107 1103
1117 1121 1126 1130
1117 1113 1108 1109
1118 1122 1123 1127
1118 1114 1110 1105
1119 1124 1128 1132
1119 1115 1111 1106
1120 1125 1129 1133
1120 1116 1112 1107
1121 1126 1130 1134
1121 1117 1113 1108
1122 1123 1127 1131
1122 1118 1114 1110
1123 1127 1131 1135
1123 1122 1118 1114
1124 1128 1132 1136
1124 1119 1115 1111
1125 1129 1133 1137
1125 1120 1116 1112
1126 1130 1134 1138
1126 1121 1117 1113
1127 1131 1135 1139
1127 1123 1122 1118
1128 1132 1136 1140
1128 1124 1119 1115
1129 1133 1137 1141
1129 1125 1120 1116
1130 1134 1138 1142
1130 1126 1121 1117
1131 1135 1139 1143
1131 1127 1123 1122
1132 1136 1140 1144
1132 1128 1124 1119
1133 1137 1141 1145
1133 1129 1125 1120
1134 1138 1142 1146
1134 1130 1126 1121
1135 1139 1143 1147
1135 1131 1127 1123
1136 1140 1144 1148
1136 1132 1128 1124
1137 1141 1145 1149
1137 1133 1129 1125
1138 1142 1146 1150
1138 1134 1130 1126
1139 1143 1147 1151
1139 1135 1131 1127
1140 1144 1148 1152
1140 1136 1132 1128
1141 1145 1149 1153
1141 1137 1133 1129
1142 1146 1150 1154
1142 1138 1134 1130
1143 1147 1151 1155
1143 1139 1135 1131
1144 1148 1152 1156
1144 1140 1136 1132
1145 1149 1153 1157
1145 1141 1137 1133
1146 1150 1154 1159
1146 1142 1138 1134
1147 1151 1155 1160
1147 1143 1139 1135
1148 1152 1156 1161
1148 1144 1140 1136
1149 1153 1157 1162
1149 1145 1141 1137
1150 1154 1159 1158
1150 1146 1142 1138
1151 1155 1160 1164
1151 1147 1143 1139
1152 1156 1161 1165
1152 1148 1144 1140
1153 1157 1162 1166
1153 1149 1145 1141
1154 1159 1158 1163
1154 1150 1146 1142
1155 1160 1164 1168
1155 1151 1147 1143
1156 1161 1165 1169
1156 1152 1148 1144
1157 1162 1166 1170
1157 1153 1149 1145
1158 1163 1167 1171
1158 1159 1154 1150
1159 1158 1163 1167
1159 1154 1150 1146
1160 1164 1168 1172
1160 1155 1151 1147
1161 1165 1169 1173
1161 1156 1152 1148
1162 1166 1170 1174
1162 1157 1153 1149
1163 1167 1171 1175
1163 1158 1159 1154
1164 1168 1172 1176
1164 1160 1155 1151
1165 1169 1173 1177
1165 1161 1156 1152
1166 1170 1174 1178
1166 1162 1157 1153
1167 1171 1175 1179
1167 1163 1158 1159
1168 1172 1176 1180
1168 1164 1160 1155
1169 1173 1177 1181
1169 1165 1161 1156
1170 1174 1178 1182
1170 1166 1162 1157
1171 1175 1179 1183
1171 1167 1163 1158
1172 1176 1180 1184
1172 1168 1164 1160
1173 1177 1181 1186
1173 1169 1165 1161
1174 1178 1182 1187
1174 1170 1166 1162
1175 1179 1183 1188
1175 1171 1167 1163
1176 1180 1184 1185
1176 1172 1168 1164
1177 1181 1186 1190
1177 1173 1169 1165
1178 1182 1187 1191
1178 1174 1170 1166
1179 1183 1188 1192
1179 1175 1171 1167
1180 1184 1185 1189
1180 1176 1172 1168
1181 1186 1190 1194
1181 1177 1173 1169
1182 1187 1191 1195
1182 1178 1174 1170
1183 1188 1192 1196
1183 1179 1175 1171
1184 1185 1189 1193
1184 1180 1176 1172
1185 1189 1193 1197
1185 1184 1180 1176
1186 1190 1194 1198
1186 1181 1177 1173
1187 1191 1195 1199
1187 1182 1178 1174
1188 1192 1196 1200
1188 1183 1179 1175
1189 1193 1197 1201
1189 1185 1184 1180
1190 1194 1198 1202
1190 1186 1181 1177
1191 1195 1199 1203
1191 1187 1182 1178
1192 1196 1200 1204
1192 1188 1183 1179
1193 1197 1201 1205
1193 1189 1185 1184
1194 1198 1202 1206
1194 1190 1186 1181
1195 1199 1203 1207
1195 1191 1187 1182
1196 1200 1204 1208
1196 1192 1188 1183
1197 1201 1205 1209
1197 1193 1189 1185
1198 1202 1206 1210
1198 1194 1190 1186
1199 1203 1207 1211
1199 1195 1191 1187
1200 1204 1208 1212
1200 1196 1192 1188
1201 1205 1209 1213
1201 1197 1193 1189
1202 1206 1210 1214
1202 1198 1194 1190
1203 1207 1211 1215
1203 1199 1195 1191
1204 1208 1212 1216
1204 1200 1196 1192
1205 1209 1213 1217
1205 1201 1197 1193
1206 1210 1214 1218
1206 1202 1198 1194
1207 1211 1215 1219
1207 1203 1199 1195
1208 1212 1216 1220
1208 1204 1200 1196
1209 1213 1217 1221
1209 1205 1201 1197
1210 1214 1218 1222
1210 1206 1202 1198
1211 1215 1219 1223
1211 1207 1203 1199
1212 1216 1220 1224
1212 1208 1204 1200
1213 1217 1221 1225
1213 1209 1205 1201
1214 1218 1222 1226
1214 1210 1206 1202
1215 1219 1223 1227
1215 1211 1207 1203
1216 1220 1224 1228
1216 1212 1208 1204
1217 1221 1225 1229
1217 1213 1209 1205
1218 1222 1226 1230
1218 1214 1210 1206
1219 1223 1227 1231
1219 1215 1211 1207
1220 1224 1228 1232
1220 1216 1212 1208
1221 1225 1229 1233
1221 1217 1213 1209
1222 1226 1230 1234
1222 1218 1214 1210
1223 1227 1231 1235
1223 1219 1215 1211
1224 1228 1232 1236
1224 1220 1216 1212
1225 1229 1233 1237
1225 1221 1217 1213
1226 1230 1234 1238
1226 1222 1218 1214
1227 1231 1235 1239
1227 1223 1219 1215
1228 1232 1236 1240
1228 1224 1220 1216
1229 1233 1237 1241
1229 1225 1221 1217
1230 1234 1238 1242
1230 1226 1222 1218
1231 1235 1239 1243
1231 1227 1223 1219
1232 1236 1240 1244
1232 1228 1224 1220
1233 1237 1241 1245
1233 1229 1225 1221
1234 1238 1242 1246
1234 1230 1226 1222
1235 1239 1243 1247
1235 1231 1227 1223
1236 1240 1244 1248
1236 1232 1228 1224
1237 1241 1245 1249
1237 1233 1229 1225
1238 1242 1246 1250
1238 1234 1230 1226
1239 1243 1247 1251
1239 1235 1231 1227
1240 1244 1248 1252
1240 1236 1232 1228
1241 1245 1249 1253
1241 1237 1233 1229
1242 1246 1250 1254
1242 1238 1234 1230
1243 1247 1251 1255
1243 1239 1235 1231
1244 1248 1252 1256
1244 1240 1236 1232
1245 1249 1253 1257
1245 1241 1237 1233
1246 1250 1254 1258
1246 1242 1238 1234
1247 1251 1255 1259
1247 1243 1239 1235
1248 1252 1256 1260
1248 1244 1240 1236
1249 1253 1257 1261
1249 1245 1241 1237
1250 1254 1258 1262
1250 1246 1242 1238
1251 1255 1259 1263
1251 1247 1243 1239
1252 1256 1260 1264
1252 1248 1244 1240
1253 1257 1261 1265
1253 1249 1245 1241
1254 1258 1262 1266
1254 1250 1246 1242
1255 1259 1263 1267
1255 1251 1247 1243
1256 1260 1264 1268
1256 1252 1248 1244
1257 1261 1265 1269
1257 1253 1249 1245
1258 1262 1266 1270
1258 1254 1250 1246
1259 1263 1267 1271
1259 1255 1251 1247
1260 1264 1268 1272
1260 1256 1252 1248
1261 1265 1269 1273
1261 1257 1253 1249
1262 1266 1270 1274
1262 1258 1254 1250
1263 1267 1271 1275
1263 1259 1255 1251
1264 1268 1272 1276
1264 1260 1256 1252
1265 1269 1273 1277
1265 1261 1257 1253
1266 1270 1274 1278
1266 1262 1258 1254
1267 1271 1275 1279
1267 1263 1259 1255
1268 1272 1276 1280
1268 1264 1260 1256
1269 1273 1277 1281
1269 1265 1261 1257
1270 1274 1278 1282
1270 1266 1262 1258
1271 1275 1279 1283
1271 1267 1263 1259
1272 1276 1280 1284
1272 1268 1264 1260
1273 1277 1281 1285
1273 1269 1265 1261
1274 1278 1282 1286
1274 1270 1266 1262
1275 1279 1283 1287
1275 1271 1267 1263
1276 1280 1284 1288
1276 1272 1268 1264
1277 1281 1285 1289
1277 1273 1269 1265
1278 1282 1286 1290
1278 1274 1270 1266
1279 1283 1287 1291
1279 1275 1271 1267
1280 1284 1288 1292
1280 1276 1272 1268
1281 1285 1289 1293
1281 1277 1273 1269
1282 1286 1290 1294
1282 1278 1274 1270
1283 1287 1291 1295
1283 1279 1275 1271
1284 1288 1292 1296
1284 1280 1276 1272
1285 1289 1293 1297
1285 1281 1277 1273
1286 1290 1294 1298
1286 1282 1278 1274
1287 1291 1295 1299
1287 1283 1279 1275
1288 1292 1296 1300
1288 1284 1280 1276
1289 1293 1297 1301
1289 1285 1281 1277
1290 1294 1298 1302
1290 1286 1282 1278
1291 1295 1299 1303
1291 1287 1283 1279
1292 1296 1300 1304
1292 1288 1284 1280
1293 1297 1301 1305
1293 1289 1285 1281
1294 1298 1302 1306
1294 1290 1286 1282
1295 1299 1303 1307
1295 1291 1287 1283
1296 1300 1304 1308
1296 1292 1288 1284
1297 1301 1305 1309
1297 1293 1289 1285
1298 1302 1306 1310
1298 1294 1290 1286
1299 1303 1307 1311
1299 1295 1291 1287
1300 1304 1308 1312
1300 1296 1292 1288
1301 1305 1309 1313
1301 1297 1293 1289
1302 1306 1310 1314
1302 1298 1294 1290
1303 1307 1311 1315
1303 1299 1295 1291
1304 1308 1312 1316
1304 1300 1296 1292
1305 1309 1313 1317
1305 1301 1297 1293
1306 1310 1314 1318
1306 1302 1298 1294
1307 1311 1315 1319
1307 1303 1299 1295
1308 1312 1316 1320
1308 1304 1300 1296
1309 1313 1317 1321
1309 1305 1301 1297
1310 1314 1318 1322
1310 1306 1302 1298
1311 1315 1319 1323
1311 1307 1303 1299
1312 1316 1320 1324
1312 1308 1304 1300
1313 1317 1321 1325
1313 1309 1305 1301
1314 1318 1322 1326
1314 1310 1306 1302
1315 1319 1323 1327
1315 1311 1307 1303
1316 1320 1324 1328
1316 1312 1308 1304
1317 1321 1325 1329
1317 1313 1309 1305
1318 1322 1326 1330
1318 1314 1310 1306
1319 1323 1327 1331
1319 1315 1311 1307
1320 1324 1328 1332
1320 1316 1312 1308
1321 1325 1329 1333
1321 1317 1313 1309
1322 1326 1330 1334
1322 1318 1314 1310
1323 1327 1331 1335
1323 1319 1315 1311
1324 1328 1332 1336
1324 1320 1316 1312
1325 1329 1333 1337
1325 1321 1317 1313
1326 1330 1334 1338
1326 1322 1318 1314
1327 1331 1335 1339
1327 1323 1319 1315
1328 1332 1336 1340
1328 1324 1320 1316
1329 1333 1337 1341
1329 1325 1321 1317
1330 1334 1338 1342
1330 1326 1322 1318
1331 1335 1339 1343
1331 1327 1323 1319
1332 1336 1340 1344
1332 1328 1324 1320
1333 1337 1341 1345
1333 1329 1325 1321
1334 1338 1342 1346
1334 1330 1326 1322
1335 1339 1343 1347
1335 1331 1327 1323
1336 1340 1344 1348
1336 1332 1328 1324
1337 1341 1345 1349
1337 1333 1329 1325
1338 1342 1346 1350
1338 1334 1330 1326
1339 1343 1347 1351
1339 1335 1331 1327
1340 1344 1348 1352
1340 1336 1332 1328
1341 1345 1349 1353
1341 1337 1333 1329
1342 1346 1350 1354
1342 1338 1334 1330
1343 1347 1351 1355
1343 1339 1335 1331
1344 1348 1352 1356
1344 1340 1336 1332
1345 1349 1353 1357
1345 1341 1337 1333
1346 1350 1354 1358
1346 1342 1338 1334
1347 1351 1355 1359
1347 1343 1339 1335
1348 1352 1356 1360
1348 1344 1340 1336
1349 1353 1357 1361
1349 1345 1341 1337
1350 1354 1358 1362
1350 1346 1342 1338
1351 1355 1359 1363
1351 1347 1343 1339
1352 1356 1360 1364
1352 1348 1344 1340
1353 1357 1361 1365
1353 1349 1345 1341
1354 1358 1362 1366
1354 1350 1346 1342
1355 1359 1363 1367
1355 1351 1347 1343
1356 1360 1364 1368
1356 1352 1348 1344
1357 1361 1365 1369
1357 1353 1349 1345
1358 1362 1366 1370
1358 1354 1350 1346
1359 1363 1367 1371
1359 1355 1351 1347
1360 1364 1368 1372
1360 1356 1352 1348
1361 1365 1369 1373
1361 1357 1353 1349
1362 1366 1370 1374
1362 1358 1354 1350
1363 1367 1371 1375
1363 1359 1355 1351
1364 1368 1372 1376
1364 1360 1356 1352
1365 1369 1373 1377
1365 1361 1357 1353
1366 1370 1374 1378
1366 1362 1358 1354
1367 1371 1375 1379
1367 1363 1359 1355
1368 1372 1376 1380
1368 1364 1360 1356
1369 1373 1377 1381
1369 1365 1361 1357
1370 1374 1378 1382
1370 1366 1362 1358
1371 1375 1379 1383
1371 1367 1363 1359
1372 1376 1380 1384
1372 1368 1364 1360
1373 1377 1381 1385
1373 1369 1365 1361
1374 1378 1382 1386
1374 1370 1366 1362
1375 1379 1383 1387
1375 1371 1367 1363
1376 1380 1384 1388
1376 1372 1368 1364
1377 1381 1385 1389
1377 1373 1369 1365
1378 1382 1386 1390
1378 1374 1370 1366
1379 1383 1387 1391
1379 1375 1371 1367
1380 1384 1388 1392
1380 1376 1372 1368
1381 1385 1389 1393
1381 1377 1373 1369
1382 1386 1390 1394
1382 1378 1374 1370
1383 1387 1391 1395
1383 1379 1375 1371
1384 1388 1392 1396
1384 1380 1376 1372
1385 1389 1393 1397
1385 1381 1377 1373
1386 1390 1394 1398
1386 1382 1378 1374
1387 1391 1395 1399
1387 1383 1379 1375
1388 1392 1396 1400
1388 1384 1380 1376
1389 1393 1397 1401
1389 1385 1381 1377
1390 1394 1398 1402
1390 1386 1382 1378
1391 1395 1399 1403
1391 1387 1383 1379
1392 1396 1400 1404
1392 1388 1384 1380
1393 1397 1401 1405
1393 1389 1385 1381
1394 1398 1402 1406
1394 1390 1386 1382
1395 1399 1403 1407
1395 1391 1387 1383
1396 1400 1404 1408
1396 1392 1388 1384
1397 1401 1405 1409
1397 1393 1389 1385
1398 1402 1406 1410
1398 1394 1390 1386
1399 1403 1407 1411
1399 1395 1391 1387
1400 1404 1408 1412
1400 1396 1392 1388
1401 1405 1409 1413
1401 1397 1393 1389
1402 1406 1410 1414
1402 1398 1394 1390
1403 1407 1411 1415
1403 1399 1395 1391
1404 1408 1412 1416
1404 1400 1396 1392
1405 1409 1413 1417
1405 1401 1397 1393
1406 1410 1414 1418
1406 1402 1398 1394
1407 1411 1415 1419
1407 1403 1399 1395
1408 1412 1416 1420
1408 1404 1400 1396
1409 1413 1417 1421
1409 1405 1401 1397
1410 1414 1418 1422
1410 1406 1402 1398
1411 1415 1419 1423
1411 1407 1403 1399
1412 1416 1420 1424
1412 1408 1404 1400
1413 1417 1421 1425
1413 1409 1405 1401
1414 1418 1422 1426
1414 1410 1406 1402
1415 1419 1423 1427
1415 1411 1407 1403
1416 1420 1424 1428
1416 1412 1408 1404
1417 1421 1425 1429
1417 1413 1409 1405
1418 1422 1426 1430
1418 1414 1410 1406
1419 1423 1427 1431
1419 1415 1411 1407
1420 1424 1428 1432
1420 1416 1412 1408
1421 1425 1429 1433
1421 1417 1413 1409
1422 1426 1430 1434
1422 1418 1414 1410
1423 1427 1431 1435
1423 1419 1415 1411
1424 1428 1432 1436
1424 1420 1416 1412
1425 1429 1433 1437
1425 1421 1417 1413
1426 1430 1434 1438
1426 1422 1418 1414
1427 1431 1435 1439
1427 1423 1419 1415
1428 1432 1436 1440
1428 1424 1420 1416
1429 1433 1437 1441
1429 1425 1421 1417
1430 1434 1438 1442
1430 1426 1422 1418
1431 1435 1439 1443
1431 1427 1423 1419
1432 1436 1440 1444
1432 1428 1424 1420
1433 1437 1441 1445
1433 1429 1425 1421
1434 1438 1442 1446
1434 1430 1426 1422
1435 1439 1443 1447
1435 1431 1427 1423
1436 1440 1444 1448
1436 1432 1428 1424
1437 1441 1445 1449
1437 1433 1429 1425
1438 1442 1446 1450
1438 1434 1430 1426
1439 1443 1447 1451
1439 1435 1431 1427
1440 1444 1448 1452
1440 1436 1432 1428
1441 1445 1449 1453
1441 1437 1433 1429
1442 1446 1450 1454
1442 1438 1434 1430
1443 1447 1451 1455
1443 1439 1435 1431
1444 1448 1452 1456
1444 1440 1436 1432
1445 1449 1453 1457
1445 1441 1437 1433
1446 1450 1454 1458
1446 1442 1438 1434
1447 1451 1455 1459
1447 1443 1439 1435
1448 1452 1456 1460
1448 1444 1440 1436
1449 1453 1457 1461
1449 1445 1441 1437
1450 1454 1458 1462
1450 1446 1442 1438
1451 1455 1459 1463
1451 1447 1443 1439
1452 1456 1460 1464
1452 1448 1444 1440
1453 1457 1461 1465
1453 1449 1445 1441
1454 1458 1462 1466
1454 1450 1446 1442
1455 1459 1463 1467
1455 1451 1447 1443
1456 1460 1464 1468
1456 1452 1448 1444
1457 1461 1465 1469
1457 1453 1449 1445
1458 1462 1466 1470
1458 1454 1450 1446
1459 1463 1467 1471
1459 1455 1451 1447
1460 1464 1468 1472
1460 1456 1452 1448
1461 1465 1469 1473
1461 1457 1453 1449
1462 1466 1470 1474
1462 1458 1454 1450
1463 1467 1471 1475
1463 1459 1455 1451
1464 1468 1472 1476
1464 1460 1456 1452
1465 1469 1473 1477
1465 1461 1457 1453
1466 1470 1474 1478
1466 1462 1458 1454
1467 1471 1475 1479
1467 1463 1459 1455
1468 1472 1476 1480
1468 1464 1460 1456
1469 1473 1477 1482
1469 1465 1461 1457
1470 1474 1478 1483
1470 1466 1462 1458
1471 1475 1479 1484
1471 1467 1463 1459
1472 1476 1480 1481
1472 1468 1464 1460
1473 1477 1482 1486
1473 1469 1465 1461
1474 1478 1483 1487
1474 1470 1466 1462
1475 1479 1484 1488
1475 1471 1467 1463
1476 1480 1481 1485
1476 1472 1468 1464
1477 1482 1486 1490
1477 1473 1469 1465
1478 1483 1487 1491
1478 1474 1470 1466
1479 1484 1488 1492
1479 1475 1471 1467
1480 1481 1485 1489
1480 1476 1472 1468
1481 1485 1489 1493
1481 1480 1476 1472
1482 1486 1490 1494
1482 1477 1473 1469
1483 1487 1491 1495
1483 1478 1474 1470
1484 1488 1492 1496
1484 1479 1475 1471
1485 1489 1493 1497
1485 1481 1480 1476
1486 1490 1494 1498
1486 1482 1477 1473
1487 1491 1495 1499
1487 1483 1478 1474
1488 1492 1496 1500
1488 1484 1479 1475
1489 1493 1497 1501
1489 1485 1481 1480
1490 1494 1498 1502
1490 1486 1482 1477
1491 1495 1499 1503
1491 1487 1483 1478
1492 1496 1500 1504
1492 1488 1484 1479
1493 1497 1501 1505
1493 1489 1485 1481
1494 1498 1502 1507
1494 1490 1486 1482
1495 1499 1503 1508
1495 1491 1487 1483
1496 1500 1504 1509
1496 1492 1488 1484
1497 1501 1505 1510
1497 1493 1489 1485
1498 1502 1507 1506
1498 1494 1490 1486
1499 1503 1508 1512
1499 1495 1491 1487
1500 1504 1509 1513
1500 1496 1492 1488
1501 1505 1510 1514
1501 1497 1493 1489
1502 1507 1506 1511
1502 1498 1494 1490
1503 1508 1512 1516
1503 1499 1495 1491
1504 1509 1513 1517
1504 1500 1496 1492
1505 1510 1514 1518
1505 1501 1497 1493
1506 1511 1515 1519
1506 1507 1502 1498
1507 1506 1511 1515
1507 1502 1498 1494
1508 1512 1516 1520
1508 1503 1499 1495
1509 1513 1517 1521
1509 1504 1500 1496
1510 1514 1518 1522
1510 1505 1501 1497
1511 1515 1519 1523
1511 1506 1507 1502
1512 1516 1520 1524
1512 1508 1503 1499
1513 1517 1521 1525
1513 1509 1504 1500
1514 1518 1522 1527
1514 1510 1505 1501
1515 1519 1523 1528
1515 1511 1506 1507
1516 1520 1524 1529
1516 1512 1508 1503
1517 1521 1525 1526
1517 1513 1509 1504
1518 1522 1527 1531
1518 1514 1510 1505
1519 1523 1528 1533
1519 1515 1511 1506
1520 1524 1529 1534
1520 1516 1512 1508
1521 1525 1526 1530
1521 1517 1513 1509
1522 1527 1531 1532
1522 1518 1514 1510
1523 1528 1533 1537
1523 1519 1515 1511
1524 1529 1534 1538
1524 1520 1516 1512
1525 1526 1530 1535
1525 1521 1517 1513
1526 1530 1535 1539
1526 1525 1521 1517
1527 1531 1532 1536
1527 1522 1518 1514
1528 1533 1537 1541
1528 1523 1519 1515
1529 1534 1538 1542
1529 1524 1520 1516
1530 1535 1539 1543
1530 1526 1525 1521
1531 1532 1536 1540
1531 1527 1522 1518
1532 1536 1540 1544
1532 1531 1527 1522
1533 1537 1541 1545
1533 1528 1523 1519
1534 1538 1542 1546
1534 1529 1524 1520
1535 1539 1543 1547
1535 1530 1526 1525
1536 1540 1544 1548
1536 1532 1531 1527
1537 1541 1545 1549
1537 1533 1528 1523
1538 1542 1546 1550
1538 1534 1529 1524
1539 1543 1547 1551
1539 1535 1530 1526
1540 1544 1548 1552
1540 1536 1532 1531
1541 1545 1549 1553
1541 1537 1533 1528
1542 1546 1550 1554
1542 1538 1534 1529
1543 1547 1551 1555
1543 1539 1535 1530
1544 1548 1552 1556
1544 1540 1536 1532
1545 1549 1553 1557
1545 1541 1537 1533
1546 1550 1554 1558
1546 1542 1538 1534
1547 1551 1555 1559
1547 1543 1539 1535
1548 1552 1556 1560
1548 1544 1540 1536
1549 1553 1557 1561
1549 1545 1541 1537
1550 1554 1558 1562
1550 1546 1542 1538
1551 1555 1559 1563
1551 1547 1543 1539
1552 1556 1560 1564
1552 1548 1544 1540
1553 1557 1561 1565
1553 1549 1545 1541
1554 1558 1562 1566
1554 1550 1546 1542
1555 1559 1563 1567
1555 1551 1547 1543
1556 1560 1564 1568
1556 1552 1548 1544
1557 1561 1565 1570
1557 1553 1549 1545
1558 1562 1566 1571
1558 1554 1550 1546
1559 1563 1567 1572
1559 1555 1551 1547
1560 1564 1568 1573
1560 1556 1552 1548
1561 1565 1570 1569
1561 1557 1553 1549
1562 1566 1571 1575
1562 1558 1554 1550
1563 1567 1572 1576
1563 1559 1555 1551
1564 1568 1573 1577
1564 1560 1556 1552
1565 1570 1569 1574
1565 1561 1557 1553
1566 1571 1575 1579
1566 1562 1558 1554
1567 1572 1576 1580
1567 1563 1559 1555
1568 1573 1577 1581
1568 1564 1560 1556
1569 1574 1578 1583
1569 1570 1565 1561
1570 1569 1574 1578
1570 1565 1561 1557
1571 1575 1579 1584
1571 1566 1562 1558
1572 1576 1580 1585
1572 1567 1563 1559
1573 1577 1581 1582
1573 1568 1564 1560
1574 1578 1583 1587
1574 1569 1570 1565
1575 1579 1584 1588
1575 1571 1566 1562
1576 1580 1585 1589
1576 1572 1567 1563
1577 1581 1582 1586
1577 1573 1568 1564
1578 1583 1587 1592
1578 1574 1569 1570
1579 1584 1588 1593
1579 1575 1571 1566
1580 1585 1589 1594
1580 1576 1572 1567
1581 1582 1586 1590
1581 1577 1573 1568
1582 1586 1590 1595
1582 1581 1577 1573
1583 1587 1592 1591
1583 1578 1574 1569
1584 1588 1593 1597
1584 1579 1575 1571
1585 1589 1594 1598
1585 1580 1576 1572
1586 1590 1595 1599
1586 1582 1581 1577
1587 1592 1591 1596
1587 1583 1578 1574
1588 1593 1597 1602
1588 1584 1579 1575
1589 1594 1598 1603
1589 1585 1580 1576
1590 1595 1599 1604
1590 1586 1582 1581
1591 1596 1601 1600
1591 1592 1587 1583
1592 1591 1596 1601
1592 1587 1583 1578
1593 1597 1602 1607
1593 1588 1584 1579
1594 1598 1603 1608
1594 1589 1585 1580
1595 1599 1604 1605
1595 1590 1586 1582
1596 1601 1600 1606
1596 1591 1592 1587
1597 1602 1607 1612
1597 1593 1588 1584
1598 1603 1608 1613
1598 1594 1589 1585
1599 1604 1605 1609
1599 1595 1590 1586
1600 1606 1611 1610
1600 1601 1596 1591
1601 1600 1606 1611
1601 1596 1591 1592
1602 1607 1612 1616
1602 1597 1593 1588
1603 1608 1613 1617
1603 1598 1594 1589
1604 1605 1609 1614
1604 1599 1595 1590
1605 1609 1614 1618
1605 1604 1599 1595
1606 1611 1610 1615
1606 1600 1601 1596
1607 1612 1616 1621
1607 1602 1597 1593
1608 1613 1617 1622
1608 1603 1598 1594
1609 1614 1618 1623
1609 1605 1604 1599
1610 1615 1620 1619
1610 1611 1606 1600
1611 1610 1615 1620
1611 1606 1600 1601
1612 1616 1621 1625
1612 1607 1602 1597
1613 1617 1622 1626
1613 1608 1603 1598
1614 1618 1623 1627
1614 1609 1605 1604
1615 1620 1619 1624
1615 1610 1611 1606
1616 1621 1625 1630
1616 1612 1607 1602
1617 1622 1626 1631
1617 1613 1608 1603
1618 1623 1627 1632
1618 1614 1609 1605
1619 1624 1629 1628
1619 1620 1615 1610
1620 1619 1624 1629
1620 1615 1610 1611
1621 1625 1630 1634
1621 1616 1612 1607
1622 1626 1631 1635
1622 1617 1613 1608
1623 1627 1632 1637
1623 1618 1614 1609
1624 1629 1628 1633
1624 1619 1620 1615
1625 1630 1634 1641
1625 1621 1616 1612
1626 1631 1635 1636
1626 1622 1617 1613
1627 1632 1637 1638
1627 1623 1618 1614
1628 1633 1640 1639
1628 1629 1624 1619
1629 1628 1633 1640
1629 1624 1619 1620
1630 1634 1641 1645
1630 1625 1621 1616
1631 1635 1636 1642
1631 1626 1622 1617
1632 1637 1638 1643
1632 1627 1623 1618
1633 1640 1639 1644
1633 1628 1629 1624
1634 1641 1645 1651
1634 1630 1625 1621
1635 1636 1642 1646
1635 1631 1626 1622
1636 1642 1646 1652
1636 1635 1631 1626
1637 1638 1643 1647
1637 1632 1627 1623
1638 1643 1647 1648
1638 1637 1632 1627
1639 1644 1650 1649
1639 1640 1633 1628
1640 1639 1644 1650
1640 1633 1628 1629
1641 1645 1651 1655
1641 1634 1630 1625
1642 1646 1652 1656
1642 1636 1635 1631
1643 1647 1648 1653
1643 1638 1637 1632
1644 1650 1649 1654
1644 1639 1640 1633
1645 1651 1655 1660
1645 1641 1634 1630
1646 1652 1656 1661
1646 1642 1636 1635
1647 1648 1653 1657
1647 1643 1638 1637
1648 1653 1657 1658
1648 1647 1643 1638
1649 1654 1659 1664
1649 1650 1644 1639
1650 1649 1654 1659
1650 1644 1639 1640
1651 1655 1660 1665
1651 1645 1641 1634
1652 1656 1661 1666
1652 1646 1642 1636
1653 1657 1658 1662
1653 1648 1647 1643
1654 1659 1664 1663
1654 1649 1650 1644
1655 1660 1665 1669
1655 1651 1645 1641
1656 1661 1666 1670
1656 1652 1646 1642
1657 1658 1662 1667
1657 1653 1648 1647
1658 1662 1667 1671
1658 1657 1653 1648
1659 1664 1663 1668
1659 1654 1649 1650
1660 1665 1669 1674
1660 1655 1651 1645
1661 1666 1670 1675
1661 1656 1652 1646
1662 1667 1671 1677
1662 1658 1657 1653
1663 1668 1673 1672
1663 1664 1659 1654
1664 1663 1668 1673
1664 1659 1654 1649
1665 1669 1674 1679
1665 1660 1655 1651
1666 1670 1675 1676
1666 1661 1656 1652
1667 1671 1677 1681
1667 1662 1658 1657
1668 1673 1672 1678
1668 1663 1664 1659
1669 1674 1679 1684
1669 1665 1660 1655
1670 1675 1676 1680
1670 1666 1661 1656
1671 1677 1681 1682
1671 1667 1662 1658
1672 1678 1683 1688
1672 1673 1668 1663
1673 1672 1678 1683
1673 1668 1663 1664
1674 1679 1684 1689
1674 1669 1665 1660
1675 1676 1680 1685
1675 1670 1666 1661
1676 1680 1685 1690
1676 1675 1670 1666
1677 1681 1682 1686
1677 1671 1667 1662
1678 1683 1688 1687
1678 1672 1673 1668
1679 1684 1689 1694
1679 1674 1669 1665
1680 1685 1690 1695
1680 1676 1675 1670
1681 1682 1686 1691
1681 1677 1671 1667
1682 1686 1691 1692
1682 1681 1677 1671
1683 1688 1687 1693
1683 1678 1672 1673
1684 1689 1694 1698
1684 1679 1674 1669
1685 1690 1695 1699
1685 1680 1676 1675
1686 1691 1692 1696
1686 1682 1681 1677
1687 1693 1697 1702
1687 1688 1683 1678
1688 1687 1693 1697
1688 1683 1678 1672
1689 1694 1698 1703
1689 1684 1679 1674
1690 1695 1699 1704
1690 1685 1680 1676
1691 1692 1696 1700
1691 1686 1682 1681
1692 1696 1700 1705
1692 1691 1686 1682
1693 1697 1702 1701
1693 1687 1688 1683
1694 1698 1703 1709
1694 1689 1684 1679
1695 1699 1704 1710
1695 1690 1685 1680
1696 1700 1705 1706
1696 1692 1691 1686
1697 1702 1701 1708
1697 1693 1687 1688
1698 1703 1709 1713
1698 1694 1689 1684
1699 1704 1710 1714
1699 1695 1690 1685
1700 1705 1706 1711
1700 1696 1692 1691
1701 1708 1707 1712
1701 1702 1697 1693
1702 1701 1708 1707
1702 1697 1693 1687
1703 1709 1713 1719
1703 1698 1694 1689
1704 1710 1714 1720
1704 1699 1695 1690
1705 1706 1711 1715
1705 1700 1696 1692
1706 1711 1715 1716
1706 1705 1700 1696
1707 1712 1718 1717
1707 1708 1701 1702
1708 1707 1712 1718
1708 1701 1702 1697
1709 1713 1719 1725
1709 1703 1698 1694
1710 1714 1720 1726
1710 1704 1699 1695
1711 1715 1716 1721
1711 1706 1705 1700
1712 1718 1717 1724
1712 1707 1708 1701
1713 1719 1725 1730
1713 1709 1703 1698
1714 1720 1726 1731
1714 1710 1704 1699
1715 1716 1721 1722
1715 1711 1706 1705
1716 1721 1722 1727
1716 1715 1711 1706
1717 1724 1723 1729
1717 1718 1712 1707
1718 1717 1724 1723
1718 1712 1707 1708
1719 1725 1730 1735
1719 1713 1709 1703
1720 1726 1731 1736
1720 1714 1710 1704
1721 1722 1727 1732
1721 1716 1715 1711
1722 1727 1732 1733
1722 1721 1716 1715
1723 1729 1728 1734
1723 1724 1717 1718
1724 1723 1729 1728
1724 1717 1718 1712
1725 1730 1735 1740
1725 1719 1713 1709
1726 1731 1736 1741
1726 1720 1714 1710
1727 1732 1733 1737
1727 1722 1721 1716
1728 1734 1739 1744
1728 1729 1723 1724
1729 1728 1734 1739
1729 1723 1724 1717
1730 1735 1740 1745
1730 1725 1719 1713
1731 1736 1741 1746
1731 1726 1720 1714
1732 1733 1737 1738
1732 1727 1722 1721
1733 1737 1738 1742
1733 1732 1727 1722
1734 1739 1744 1743
1734 1728 1729 1723
1735 1740 1745 1750
1735 1730 1725 1719
1736 1741 1746 1751
1736 1731 1726 1720
1737 1738 1742 1747
1737 1733 1732 1727
1738 1742 1747 1752
1738 1737 1733 1732
1739 1744 1743 1749
1739 1734 1728 1729
1740 1745 1750 1756
1740 1735 1730 1725
1741 1746 1751 1757
1741 1736 1731 1726
1742 1747 1752 1753
1742 1738 1737 1733
1743 1749 1748 1755
1743 1744 1739 1734
1744 1743 1749 1748
1744 1739 1734 1728
1745 1750 1756 1763
1745 1740 1735 1730
1746 1751 1757 1758
1746 1741 1736 1731
1747 1752 1753 1759
1747 1742 1738 1737
1748 1755 1754 1762
1748 1749 1743 1744
1749 1748 1755 1754
1749 1743 1744 1739
1750 1756 1763 1769
1750 1745 1740 1735
1751 1757 1758 1764
1751 1746 1741 1736
1752 1753 1759 1760
1752 1747 1742 1738
1753 1759 1760 1765
1753 1752 1747 1742
1754 1762 1761 1768
1754 1755 1748 1749
1755 1754 1762 1761
1755 1748 1749 1743
1756 1763 1769 1774
1756 1750 1745 1740
1757 1758 1764 1770
1757 1751 1746 1741
1758 1764 1770 1775
1758 1757 1751 1746
1759 1760 1765 1766
1759 1753 1752 1747
1760 1765 1766 1771
1760 1759 1753 1752
1761 1768 1767 1773
1761 1762 1754 1755
1762 1761 1768 1767
1762 1754 1755 1748
1763 1769 1774 1780
1763 1756 1750 1745
1764 1770 1775 1781
1764 1758 1757 1751
1765 1766 1771 1776
1765 1760 1759 1753
1766 1771 1776 1777
1766 1765 1760 1759
1767 1773 1772 1779
1767 1768 1761 1762
1768 1767 1773 1772
1768 1761 1762 1754
1769 1774 1780 1786
1769 1763 1756 1750
1770 1775 1781 1787
1770 1764 1758 1757
1771 1776 1777 1782
1771 1766 1765 1760
1772 1779 1778 1785
1772 1773 1767 1768
1773 1772 1779 1778
1773 1767 1768 1761
1774 1780 1786 1792
1774 1769 1763 1756
1775 1781 1787 1793
1775 1770 1764 1758
1776 1777 1782 1783
1776 1771 1766 1765
1777 1782 1783 1788
1777 1776 1771 1766
1778 1785 1784 1791
1778 1779 1772 1773
1779 1778 1785 1784
1779 1772 1773 1767
1780 1786 1792 1798
1780 1774 1769 1763
1781 1787 1793 1799
1781 1775 1770 1764
1782 1783 1788 1789
1782 1777 1776 1771
1783 1788 1789 1794
1783 1782 1777 1776
1784 1791 1790 1797
1784 1785 1778 1779
1785 1784 1791 1790
1785 1778 1779 1772
1786 1792 1798 1804
1786 1780 1774 1769
1787 1793 1799 1805
1787 1781 1775 1770
1788 1789 1794 1795
1788 1783 1782 1777
1789 1794 1795 1800
1789 1788 1783 1782
1790 1797 1796 1803
1790 1791 1784 1785
1791 1790 1797 1796
1791 1784 1785 1778
1792 1798 1804 1811
1792 1786 1780 1774
1793 1799 1805 1806
1793 1787 1781 1775
1794 1795 1800 1801
1794 1789 1788 1783
1795 1800 1801 1807
1795 1794 1789 1788
1796 1803 1802 1810
1796 1797 1790 1791
1797 1796 1803 1802
1797 1790 1791 1784
1798 1804 1811 1817
1798 1792 1786 1780
1799 1805 1806 1812
1799 1793 1787 1781
1800 1801 1807 1808
1800 1795 1794 1789
1801 1807 1808 1813
1801 1800 1795 1794
1802 1810 1809 1816
1802 1803 1796 1797
1803 1802 1810 1809
1803 1796 1797 1790
1804 1811 1817 1823
1804 1798 1792 1786
1805 1806 1812 1818
1805 1799 1793 1787
1806 1812 1818 1824
1806 1805 1799 1793
1807 1808 1813 1814
1807 1801 1800 1795
1808 1813 1814 1819
1808 1807 1801 1800
1809 1816 1815 1822
1809 1810 1802 1803
1810 1809 1816 1815
1810 1802 1803 1796
1811 1817 1823 1829
1811 1804 1798 1792
1812 1818 1824 1830
1812 1806 1805 1799
1813 1814 1819 1820
1813 1808 1807 1801
1814 1819 1820 1825
1814 1813 1808 1807
1815 1822 1821 1828
1815 1816 1809 1810
1816 1815 1822 1821
1816 1809 1810 1802
1817 1823 1829 1835
1817 1811 1804 1798
1818 1824 1830 1836
1818 1812 1806 1805
1819 1820 1825 1826
1819 1814 1813 1808
1820 1825 1826 1831
1820 1819 1814 1813
1821 1828 1827 1834
1821 1822 1815 1816
1822 1821 1828 1827
1822 1815 1816 1809
1823 1829 1835 1841
1823 1817 1811 1804
1824 1830 1836 1842
1824 1818 1812 1806
1825 1826 1831 1832
1825 1820 1819 1814
1826 1831 1832 1837
1826 1825 1820 1819
1827 1834 1833 1840
1827 1828 1821 1822
1828 1827 1834 1833
1828 1821 1822 1815
1829 1835 1841 1847
1829 1823 1817 1811
1830 1836 1842 1848
1830 1824 1818 1812
1831 1832 1837 1838
1831 1826 1825 1820
1832 1837 1838 1843
1832 1831 1826 1825
1833 1840 1839 1846
1833 1834 1827 1828
1834 1833 1840 1839
1834 1827 1828 1821
1835 1841 1847 1853
1835 1829 1823 1817
1836 1842 1848 1854
1836 1830 1824 1818
1837 1838 1843 1844
1837 1832 1831 1826
1838 1843 1844 1849
1838 1837 1832 1831
1839 1846 1845 1852
1839 1840 1833 1834
1840 1839 1846 1845
1840 1833 1834 1827
1841 1847 1853 1859
1841 1835 1829 1823
1842 1848 1854 1860
1842 1836 1830 1824
1843 1844 1849 1850
1843 1838 1837 1832
1844 1849 1850 1855
1844 1843 1838 1837
1845 1852 1851 1858
1845 1846 1839 1840
1846 1845 1852 1851
1846 1839 1840 1833
1847 1853 1859 1866
1847 1841 1835 1829
1848 1854 1860 1867
1848 1842 1836 1830
1849 1850 1855 1856
1849 1844 1843 1838
1850 1855 1856 1861
1850 1849 1844 1843
1851 1858 1857 1865
1851 1852 1845 1846
1852 1851 1858 1857
1852 1845 1846 1839
1853 1859 1866 1872
1853 1847 1841 1835
1854 1860 1867 1873
1854 1848 1842 1836
1855 1856 1861 1862
1855 1850 1849 1844
1856 1861 1862 1868
1856 1855 1850 1849
1857 1865 1864 1863
1857 1858 1851 1852
1858 1857 1865 1864
1858 1851 1852 1845
1859 1866 1872 1880
1859 1853 1847 1841
1860 1867 1873 1881
1860 1854 1848 1842
1861 1862 1868 1869
1861 1856 1855 1850
1862 1868 1869 1874
1862 1861 1856 1855
1863 1871 1870 1879
1863 1864 1865 1857
1864 1863 1871 1870
1864 1865 1857 1858
1865 1864 1863 1871
1865 1857 1858 1851
1866 1872 1880 1883
1866 1859 1853 1847
1867 1873 1881 1884
1867 1860 1854 1848
1868 1869 1874 1875
1868 1862 1861 1856
1869 1874 1875 1876
1869 1868 1862 1861
1870 1879 1878 1877
1870 1871 1863 1864
1871 1870 1879 1878
1871 1863 1864 1865
1872 1880 1883 1885
1872 1866 1859 1853
1873 1881 1884 1886
1873 1867 1860 1854
1874 1875 1876 1882
1874 1869 1868 1862
1875 1876 1882 1877
1875 1874 1869 1868
1876 1882 1877 1878
1876 1875 1874 1869
1877 1882 1876 1875
1877 1878 1879 1870
1878 1877 1882 1876
1878 1879 1870 1871
1879 1878 1877 1882
1879 1870 1871 1863
1880 1883 1885 1887
1880 1872 1866 1859
1881 1884 1886 1888
1881 1873 1867 1860
1882 1876 1875 1874
1882 1877 1878 1879
1883 1885 1887 1889
1883 1880 1872 1866
1884 1886 1888 1890
1884 1881 1873 1867
1885 1887 1889 1891
1885 1883 1880 1872
1886 1888 1890 1892
1886 1884 1881 1873
1887 1889 1891 1893
1887 1885 1883 1880
1888 1890 1892 1894
1888 1886 1884 1881
1889 1891 1893 1895
1889 1887 1885 1883
1890 1892 1894 1896
1890 1888 1886 1884
1891 1893 1895 1897
1891 1889 1887 1885
1892 1894 1896 1898
1892 1890 1888 1886
1893 1895 1897 1899
1893 1891 1889 1887
1894 1896 1898 1900
1894 1892 1890 1888
1895 1897 1899 1901
1895 1893 1891 1889
1896 1898 1900 1902
1896 1894 1892 1890
1897 1899 1901 1904
1897 1895 1893 1891
1898 1900 1902 1905
1898 1896 1894 1892
1899 1901 1904 1907
1899 1897 1895 1893
1900 1902 1905 1908
1900 1898 1896 1894
1901 1904 1907 1911
1901 1899 1897 1895
1902 1905 1908 1909
1902 1900 1898 1896
1903 1906 1910 1913
1904 1907 1911 1914
1904 1901 1899 1897
1905 1908 1909 1912
1905 1902 1900 1898
1906 1910 1913 1916
1907 1911 1914 1918
1907 1904 1901 1899
1908 1909 1912 1915
1908 1905 1902 1900
1909 1912 1915 1919
1909 1908 1905 1902
1910 1913 1916 1917
1910 1906 1903 -1
1911 1914 1918 1922
1911 1907 1904 1901
1912 1915 1919 1923
1912 1909 1908 1905
1913 1916 1917 1920
1913 1910 1906 1903
1914 1918 1922 1926
1914 1911 1907 1904
1915 1919 1923 1927
1915 1912 1909 1908
1916 1917 1920 1921
1916 1913 1910 1906
1917 1920 1921 1924
1917 1916 1913 1910
1918 1922 1926 1930
1918 1914 1911 1907
1919 1923 1927 1931
1919 1915 1912 1909
1920 1921 1924 1925
1920 1917 1916 1913
1921 1924 1925 1928
1921 1920 1917 1916
1922 1926 1930 1936
1922 1918 1914 1911
1923 1927 1931 1937
1923 1919 1915 1912
1924 1925 1928 1929
1924 1921 1920 1917
1925 1928 1929 1932
1925 1924 1921 1920
1926 1930 1936 1939
1926 1922 1918 1914
1927 1931 1937 1938
1927 1923 1919 1915
1928 1929 1932 1933
1928 1925 1924 1921
1929 1932 1933 1934
1929 1928 1925 1924
1930 1936 1939 1942
1930 1926 1922 1918
1931 1937 1938 1940
1931 1927 1923 1919
1932 1933 1934 1935
1932 1929 1928 1925
1933 1934 1935 -1
1933 1932 1929 1928
1934 1933 1932 1929
1935 1934 1933 1932
1936 1939 1942 1945
1936 1930 1926 1922
1937 1938 1940 1941
1937 1931 1927 1923
1938 1940 1941 1943
1938 1937 1931 1927
1939 1942 1945 1948
1939 1936 1930 1926
1940 1941 1943 1944
1940 1938 1937 1931
1941 1943 1944 1946
1941 1940 1938 1937
1942 1945 1948 1951
1942 1939 1936 1930
1943 1944 1946 1947
1943 1941 1940 1938
1944 1946 1947 1949
1944 1943 1941 1940
1945 1948 1951 1954
1945 1942 1939 1936
1946 1947 1949 1950
1946 1944 1943 1941
1947 1949 1950 1952
1947 1946 1944 1943
1948 1951 1954 1957
1948 1945 1942 1939
1949 1950 1952 1953
1949 1947 1946 1944
1950 1952 1953 1955
1950 1949 1947 1946
1951 1954 1957 1960
1951 1948 1945 1942
1952 1953 1955 1956
1952 1950 1949 1947
1953 1955 1956 1958
1953 1952 1950 1949
1954 1957 1960 1963
1954 1951 1948 1945
1955 1956 1958 1959
1955 1953 1952 1950
1956 1958 1959 1961
1956 1955 1953 1952
1957 1960 1963 1966
1957 1954 1951 1948
1958 1959 1961 1962
1958 1956 1955 1953
1959 1961 1962 1964
1959 1958 1956 1955
1960 1963 1966 1969
1960 1957 1954 1951
1961 1962 1964 1965
1961 1959 1958 1956
1962 1964 1965 1967
1962 1961 1959 1958
1963 1966 1969 1972
1963 1960 1957 1954
1964 1965 1967 1968
1964 1962 1961 1959
1965 1967 1968 1970
1965 1964 1962 1961
1966 1969 1972 1975
1966 1963 1960 1957
1967 1968 1970 1971
1967 1965 1964 1962
1968 1970 1971 1973
1968 1967 1965 1964
1969 1972 1975 1978
1969 1966 1963 1960
1970 1971 1973 1974
1970 1968 1967 1965
1971 1973 1974 1976
1971 1970 1968 1967
1972 1975 1978 1980
1972 1969 1966 1963
1973 1974 1976 1977
1973 1971 1970 1968
1974 1976 1977 1979
1974 1973 1971 1970
1975 1978 1980 1982
1975 1972 1969 1966
1976 1977 1979 1981
1976 1974 1973 1971
1977 1979 1981 1983
1977 1976 1974 1973
1978 1980 1982 1985
1978 1975 1972 1969
1979 1981 1983 1984
1979 1977 1976 1974
1980 1982 1985 1988
1980 1978 1975 1972
1981 1983 1984 1986
1981 1979 1977 1976
1982 1985 1988 1991
1982 1980 1978 1975
1983 1984 1986 1987
1983 1981 1979 1977
1984 1986 1987 1989
1984 1983 1981 1979
1985 1988 1991 1995
1985 1982 1980 1978
1986 1987 1989 1990
1986 1984 1983 1981
1987 1989 1990 1992
1987 1986 1984 1983
1988 1991 1995 1998
1988 1985 1982 1980
1989 1990 1992 1993
1989 1987 1986 1984
1990 1992 1993 1994
1990 1989 1987 1986
1991 1995 1998 2001
1991 1988 1985 1982
1992 1993 1994 1996
1992 1990 1989 1987
1993 1994 1996 1997
1993 1992 1990 1989
1994 1996 1997 1999
1994 1993 1992 1990
1995 1998 2001 2005
1995 1991 1988 1985
1996 1997 1999 2000
1996 1994 1993 1992
1997 1999 2000 2002
1997 1996 1994 1993
1998 2001 2005 2004
1998 1995 1991 1988
1999 2000 2002 2003
1999 1997 1996 1994
2000 2002 2003 2006
2000 1999 1997 1996
2001 2005 2004 2009
2001 1998 1995 1991
2002 2003 2006 2007
2002 2000 1999 1997
2003 2006 2007 2010
2003 2002 2000 1999
2004 2009 2008 2013
2004 2005 2001 1998
2005 2004 2009 2008
2005 2001 1998 1995
2006 2007 2010 2011
2006 2003 2002 2000
2007 2010 2011 2014
2007 2006 2003 2002
2008 2013 2012 2017
2008 2009 2004 2005
2009 2008 2013 2012
2009 2004 2005 2001
2010 2011 2014 2015
2010 2007 2006 2003
2011 2014 2015 2018
2011 2010 2007 2006
2012 2017 2016 2022
2012 2013 2008 2009
2013 2012 2017 2016
2013 2008 2009 2004
2014 2015 2018 2019
2014 2011 2010 2007
2015 2018 2019 2023
2015 2014 2011 2010
2016 2022 2021 2020
2016 2017 2012 2013
2017 2016 2022 2021
2017 2012 2013 2008
2018 2019 2023 2024
2018 2015 2014 2011
2019 2023 2024 2027
2019 2018 2015 2014
2020 2026 2025 2030
2020 2021 2022 2016
2021 2020 2026 2025
2021 2022 2016 2017
2022 2021 2020 2026
2022 2016 2017 2012
2023 2024 2027 2028
2023 2019 2018 2015
2024 2027 2028 2031
2024 2023 2019 2018
2025 2030 2029 2034
2025 2026 2020 2021
2026 2025 2030 2029
2026 2020 2021 2022
2027 2028 2031 2032
2027 2024 2023 2019
2028 2031 2032 2035
2028 2027 2024 2023
2029 2034 2033 2038
2029 2030 2025 2026
2030 2029 2034 2033
2030 2025 2026 2020
2031 2032 2035 2036
2031 2028 2027 2024
2032 2035 2036 2039
2032 2031 2028 2027
2033 2038 2037 2043
2033 2034 2029 2030
2034 2033 2038 2037
2034 2029 2030 2025
2035 2036 2039 2040
2035 2032 2031 2028
2036 2039 2040 2044
2036 2035 2032 2031
2037 2043 2042 2041
2037 2038 2033 2034
2038 2037 2043 2042
2038 2033 2034 2029
2039 2040 2044 2045
2039 2036 2035 2032
2040 2044 2045 2048
2040 2039 2036 2035
2041 2047 2046 2052
2041 2042 2043 2037
2042 2041 2047 2046
2042 2043 2037 2038
2043 2042 2041 2047
2043 2037 2038 2033
2044 2045 2048 2049
2044 2040 2039 2036
2045 2048 2049 2053
2045 2044 2040 2039
2046 2052 2051 2050
2046 2047 2041 2042
2047 2046 2052 2051
2047 2041 2042 2043
2048 2049 2053 2054
2048 2045 2044 2040
2049 2053 2054 2057
2049 2048 2045 2044
2050 2056 2055 2061
2050 2051 2052 2046
2051 2050 2056 2055
2051 2052 2046 2047
2052 2051 2050 2056
2052 2046 2047 2041
2053 2054 2057 2058
2053 2049 2048 2045
2054 2057 2058 2059
2054 2053 2049 2048
2055 2061 2060 2065
2055 2056 2050 2051
2056 2055 2061 2060
2056 2050 2051 2052
2057 2058 2059 2062
2057 2054 2053 2049
2058 2059 2062 2063
2058 2057 2054 2053
2059 2062 2063 2066
2059 2058 2057 2054
2060 2065 2064 2069
2060 2061 2055 2056
2061 2060 2065 2064
2061 2055 2056 2050
2062 2063 2066 2067
2062 2059 2058 2057
2063 2066 2067 2070
2063 2062 2059 2058
2064 2069 2068 2074
2064 2065 2060 2061
2065 2064 2069 2068
2065 2060 2061 2055
2066 2067 2070 2071
2066 2063 2062 2059
2067 2070 2071 2075
2067 2066 2063 2062
2068 2074 2073 2072
2068 2069 2064 2065
2069 2068 2074 2073
2069 2064 2065 2060
2070 2071 2075 2076
2070 2067 2066 2063
2071 2075 2076 2079
2071 2070 2067 2066
2072 2078 2077 2082
2072 2073 2074 2068
2073 2072 2078 2077
2073 2074 2068 2069
2074 2073 2072 2078
2074 2068 2069 2064
2075 2076 2079 2080
2075 2071 2070 2067
2076 2079 2080 2083
2076 2075 2071 2070
2077 2082 2081 2086
2077 2078 2072 2073
2078 2077 2082 2081
2078 2072 2073 2074
2079 2080 2083 2084
2079 2076 2075 2071
2080 2083 2084 2087
2080 2079 2076 2075
2081 2086 2085 2090
2081 2082 2077 2078
2082 2081 2086 2085
2082 2077 2078 2072
2083 2084 2087 2088
2083 2080 2079 2076
2084 2087 2088 2091
2084 2083 2080 2079
2085 2090 2089 2096
2085 2086 2081 2082
2086 2085 2090 2089
2086 2081 2082 2077
2087 2088 2091 2092
2087 2084 2083 2080
2088 2091 2092 2093
2088 2087 2084 2083
2089 2096 2095 2094
2089 2090 2085 2086
2090 2089 2096 2095
2090 2085 2086 2081
2091 2092 2093 2097
2091 2088 2087 2084
2092 2093 2097 2098
2092 2091 2088 2087
2093 2097 2098 2101
2093 2092 2091 2088
2094 2100 2099 2104
2094 2095 2096 2089
2095 2094 2100 2099
2095 2096 2089 2090
2096 2095 2094 2100
2096 2089 2090 2085
2097 2098 2101 2102
2097 2093 2092 2091
2098 2101 2102 2105
2098 2097 2093 2092
2099 2104 2103 2108
2099 2100 2094 2095
2100 2099 2104 2103
2100 2094 2095 2096
2101 2102 2105 2106
2101 2098 2097 2093
2102 2105 2106 2109
2102 2101 2098 2097
2103 2108 2107 2112
2103 2104 2099 2100
2104 2103 2108 2107
2104 2099 2100 2094
2105 2106 2109 2110
2105 2102 2101 2098
2106 2109 2110 2113
2106 2105 2102 2101
2107 2112 2111 2117
2107 2108 2103 2104
2108 2107 2112 2111
2108 2103 2104 2099
2109 2110 2113 2114
2109 2106 2105 2102
2110 2113 2114 2118
2110 2109 2106 2105
2111 2117 2116 2115
2111 2112 2107 2108
2112 2111 2117 2116
2112 2107 2108 2103
2113 2114 2118 2119
2113 2110 2109 2106
2114 2118 2119 2122
2114 2113 2110 2109
2115 2121 2120 2126
2115 2116 2117 2111
2116 2115 2121 2120
2116 2117 2111 2112
2117 2116 2115 2121
2117 2111 2112 2107
2118 2119 2122 2123
2118 2114 2113 2110
2119 2122 2123 2127
2119 2118 2114 2113
2120 2126 2125 2124
2120 2121 2115 2116
2121 2120 2126 2125
2121 2115 2116 2117
2122 2123 2127 2128
2122 2119 2118 2114
2123 2127 2128 2131
2123 2122 2119 2118
2124 2130 2129 2134
2124 2125 2126 2120
2125 2124 2130 2129
2125 2126 2120 2121
2126 2125 2124 2130
2126 2120 2121 2115
2127 2128 2131 2132
2127 2123 2122 2119
2128 2131 2132 2135
2128 2127 2123 2122
2129 2134 2133 2138
2129 2130 2124 2125
2130 2129 2134 2133
2130 2124 2125 2126
2131 2132 2135 2136
2131 2128 2127 2123
2132 2135 2136 2139
2132 2131 2128 2127
2133 2138 2137 2142
2133 2134 2129 2130
2134 2133 2138 2137
2134 2129 2130 2124
2135 2136 2139 2140
2135 2132 2131 2128
2136 2139 2140 2143
2136 2135 2132 2131
2137 2142 2141 2147
2137 2138 2133 2134
2138 2137 2142 2141
2138 2133 2134 2129
2139 2140 2143 2144
2139 2136 2135 2132
2140 2143 2144 2148
2140 2139 2136 2135
2141 2147 2146 2145
2141 2142 2137 2138
2142 2141 2147 2146
2142 2137 2138 2133
2143 2144 2148 2149
2143 2140 2139 2136
2144 2148 2149 2152
2144 2143 2140 2139
2145 2151 2150 2155
2145 2146 2147 2141
2146 2145 2151 2150
2146 2147 2141 2142
2147 2146 2145 2151
2147 2141 2142 2137
2148 2149 2152 2153
2148 2144 2143 2140
2149 2152 2153 2156
2149 2148 2144 2143
2150 2155 2154 2159
2150 2151 2145 2146
2151 2150 2155 2154
2151 2145 2146 2147
2152 2153 2156 2157
2152 2149 2148 2144
2153 2156 2157 2160
2153 2152 2149 2148
2154 2159 2158 2163
2154 2155 2150 2151
2155 2154 2159 2158
2155 2150 2151 2145
2156 2157 2160 2161
2156 2153 2152 2149
2157 2160 2161 2164
2157 2156 2153 2152
2158 2163 2162 2168
2158 2159 2154 2155
2159 2158 2163 2162
2159 2154 2155 2150
2160 2161 2164 2165
2160 2157 2156 2153
2161 2164 2165 2169
2161 2160 2157 2156
2162 2168 2167 2166
2162 2163 2158 2159
2163 2162 2168 2167
2163 2158 2159 2154
2164 2165 2169 2170
2164 2161 2160 2157
2165 2169 2170 2173
2165 2164 2161 2160
2166 2172 2171 2176
2166 2167 2168 2162
2167 2166 2172 2171
2167 2168 2162 2163
2168 2167 2166 2172
2168 2162 2163 2158
2169 2170 2173 2174
2169 2165 2164 2161
2170 2173 2174 2177
2170 2169 2165 2164
2171 2176 2175 2180
2171 2172 2166 2167
2172 2171 2176 2175
2172 2166 2167 2168
2173 2174 2177 2178
2173 2170 2169 2165
2174 2177 2178 2181
2174 2173 2170 2169
2175 2180 2179 2184
2175 2176 2171 2172
2176 2175 2180 2179
2176 2171 2172 2166
2177 2178 2181 2182
2177 2174 2173 2170
2178 2181 2182 2185
2178 2177 2174 2173
2179 2184 2183 2188
2179 2180 2175 2176
2180 2179 2184 2183
2180 2175 2176 2171
2181 2182 2185 2186
2181 2178 2177 2174
2182 2185 2186 2189
2182 2181 2178 2177
2183 2188 2187 2192
2183 2184 2179 2180
2184 2183 2188 2187
2184 2179 2180 2175
2185 2186 2189 2190
2185 2182 2181 2178
2186 2189 2190 2193
2186 2185 2182 2181
2187 2192 2191 2197
2187 2188 2183 2184
2188 2187 2192 2191
2188 2183 2184 2179
2189 2190 2193 2194
2189 2186 2185 2182
2190 2193 2194 2198
2190 2189 2186 2185
2191 2197 2196 2195
2191 2192 2187 2188
2192 2191 2197 2196
2192 2187 2188 2183
2193 2194 2198 2199
2193 2190 2189 2186
2194 2198 2199 2200
2194 2193 2190 2189
2195 2202 2201 2206
2195 2196 2197 2191
2196 2195 2202 2201
2196 2197 2191 2192
2197 2196 2195 2202
2197 2191 2192 2187
2198 2199 2200 2203
2198 2194 2193 2190
2199 2200 2203 2204
2199 2198 2194 2193
2200 2203 2204 2207
2200 2199 2198 2194
2201 2206 2205 2210
2201 2202 2195 2196
2202 2201 2206 2205
2202 2195 2196 2197
2203 2204 2207 2208
2203 2200 2199 2198
2204 2207 2208 2211
2204 2203 2200 2199
2205 2210 2209 2215
2205 2206 2201 2202
2206 2205 2210 2209
2206 2201 2202 2195
2207 2208 2211 2212
2207 2204 2203 2200
2208 2211 2212 2213
2208 2207 2204 2203
2209 2215 2214 2220
2209 2210 2205 2206
2210 2209 2215 2214
2210 2205 2206 2201
2211 2212 2213 2216
2211 2208 2207 2204
2212 2213 2216 2217
2212 2211 2208 2207
2213 2216 2217 2221
2213 2212 2211 2208
2214 2220 2219 2218
2214 2215 2209 2210
2215 2214 2220 2219
2215 2209 2210 2205
2216 2217 2221 2222
2216 2213 2212 2211
2217 2221 2222 2225
2217 2216 2213 2212
2218 2224 2223 2229
2218 2219 2220 2214
2219 2218 2224 2223
2219 2220 2214 2215
2220 2219 2218 2224
2220 2214 2215 2209
2221 2222 2225 2226
2221 2217 2216 2213
2222 2225 2226 2227
2222 2221 2217 2216
2223 2229 2228 2233
2223 2224 2218 2219
2224 2223 2229 2228
2224 2218 2219 2220
2225 2226 2227 2230
2225 2222 2221 2217
2226 2227 2230 2231
2226 2225 2222 2221
2227 2230 2231 2234
2227 2226 2225 2222
2228 2233 2232 2237
2228 2229 2223 2224
2229 2228 2233 2232
2229 2223 2224 2218
2230 2231 2234 2235
2230 2227 2226 2225
2231 2234 2235 2238
2231 2230 2227 2226
2232 2237 2236 2242
2232 2233 2228 2229
2233 2232 2237 2236
2233 2228 2229 2223
2234 2235 2238 2239
2234 2231 2230 2227
2235 2238 2239 2243
2235 2234 2231 2230
2236 2242 2241 2240
2236 2237 2232 2233
2237 2236 2242 2241
2237 2232 2233 2228
2238 2239 2243 2244
2238 2235 2234 2231
2239 2243 2244 2247
2239 2238 2235 2234
2240 2246 2245 2251
2240 2241 2242 2236
2241 2240 2246 2245
2241 2242 2236 2237
2242 2241 2240 2246
2242 2236 2237 2232
2243 2244 2247 2248
2243 2239 2238 2235
2244 2247 2248 2249
2244 2243 2239 2238
2245 2251 2250 2255
2245 2246 2240 2241
2246 2245 2251 2250
2246 2240 2241 2242
2247 2248 2249 2252
2247 2244 2243 2239
2248 2249 2252 2253
2248 2247 2244 2243
2249 2252 2253 2256
2249 2248 2247 2244
2250 2255 2254 2259
2250 2251 2245 2246
2251 2250 2255 2254
2251 2245 2246 2240
2252 2253 2256 2257
2252 2249 2248 2247
2253 2256 2257 2260
2253 2252 2249 2248
2254 2259 2258 2263
2254 2255 2250 2251
2255 2254 2259 2258
2255 2250 2251 2245
2256 2257 2260 2261
2256 2253 2252 2249
2257 2260 2261 2264
2257 2256 2253 2252
2258 2263 2262 2267
2258 2259 2254 2255
2259 2258 2263 2262
2259 2254 2255 2250
2260 2261 2264 2265
2260 2257 2256 2253
2261 2264 2265 2268
2261 2260 2257 2256
2262 2267 2266 2273
2262 2263 2258 2259
2263 2262 2267 2266
2263 2258 2259 2254
2264 2265 2268 2269
2264 2261 2260 2257
2265 2268 2269 2270
2265 2264 2261 2260
2266 2273 2272 2271
2266 2267 2262 2263
2267 2266 2273 2272
2267 2262 2263 2258
2268 2269 2270 2274
2268 2265 2264 2261
2269 2270 2274 2275
2269 2268 2265 2264
2270 2274 2275 2278
2270 2269 2268 2265
2271 2277 2276 2282
2271 2272 2273 2266
2272 2271 2277 2276
2272 2273 2266 2267
2273 2272 2271 2277
2273 2266 2267 2262
2274 2275 2278 2279
2274 2270 2269 2268
2275 2278 2279 2280
2275 2274 2270 2269
2276 2282 2281 2286
2276 2277 2271 2272
2277 2276 2282 2281
2277 2271 2272 2273
2278 2279 2280 2283
2278 2275 2274 2270
2279 2280 2283 2284
2279 2278 2275 2274
2280 2283 2284 2287
2280 2279 2278 2275
2281 2286 2285 2290
2281 2282 2276 2277
2282 2281 2286 2285
2282 2276 2277 2271
2283 2284 2287 2288
2283 2280 2279 2278
2284 2287 2288 2291
2284 2283 2280 2279
2285 2290 2289 2295
2285 2286 2281 2282
2286 2285 2290 2289
2286 2281 2282 2276
2287 2288 2291 2292
2287 2284 2283 2280
2288 2291 2292 2296
2288 2287 2284 2283
2289 2295 2294 2293
2289 2290 2285 2286
2290 2289 2295 2294
2290 2285 2286 2281
2291 2292 2296 2297
2291 2288 2287 2284
2292 2296 2297 2300
2292 2291 2288 2287
2293 2299 2298 2303
2293 2294 2295 2289
2294 2293 2299 2298
2294 2295 2289 2290
2295 2294 2293 2299
2295 2289 2290 2285
2296 2297 2300 2301
2296 2292 2291 2288
2297 2300 2301 2304
2297 2296 2292 2291
2298 2303 2302 2307
2298 2299 2293 2294
2299 2298 2303 2302
2299 2293 2294 2295
2300 2301 2304 2305
2300 2297 2296 2292
2301 2304 2305 2308
2301 2300 2297 2296
2302 2307 2306 2312
2302 2303 2298 2299
2303 2302 2307 2306
2303 2298 2299 2293
2304 2305 2308 2309
2304 2301 2300 2297
2305 2308 2309 2310
2305 2304 2301 2300
2306 2312 2311 2317
2306 2307 2302 2303
2307 2306 2312 2311
2307 2302 2303 2298
2308 2309 2310 2313
2308 2305 2304 2301
2309 2310 2313 2314
2309 2308 2305 2304
2310 2313 2314 2318
2310 2309 2308 2305
2311 2317 2316 2315
2311 2312 2306 2307
2312 2311 2317 2316
2312 2306 2307 2302
2313 2314 2318 2319
2313 2310 2309 2308
2314 2318 2319 2320
2314 2313 2310 2309
2315 2322 2321 2326
2315 2316 2317 2311
2316 2315 2322 2321
2316 2317 2311 2312
2317 2316 2315 2322
2317 2311 2312 2306
2318 2319 2320 2323
2318 2314 2313 2310
2319 2320 2323 2324
2319 2318 2314 2313
2320 2323 2324 2327
2320 2319 2318 2314
2321 2326 2325 2331
2321 2322 2315 2316
2322 2321 2326 2325
2322 2315 2316 2317
2323 2324 2327 2328
2323 2320 2319 2318
2324 2327 2328 2329
2324 2323 2320 2319
2325 2331 2330 2335
2325 2326 2321 2322
2326 2325 2331 2330
2326 2321 2322 2315
2327 2328 2329 2332
2327 2324 2323 2320
2328 2329 2332 2333
2328 2327 2324 2323
2329 2332 2333 2336
2329 2328 2327 2324
2330 2335 2334 2339
2330 2331 2325 2326
2331 2330 2335 2334
2331 2325 2326 2321
2332 2333 2336 2337
2332 2329 2328 2327
2333 2336 2337 2340
2333 2332 2329 2328
2334 2339 2338 2343
2334 2335 2330 2331
2335 2334 2339 2338
2335 2330 2331 2325
2336 2337 2340 2341
2336 2333 2332 2329
2337 2340 2341 2344
2337 2336 2333 2332
2338 2343 2342 2348
2338 2339 2334 2335
2339 2338 2343 2342
2339 2334 2335 2330
2340 2341 2344 2345
2340 2337 2336 2333
2341 2344 2345 2349
2341 2340 2337 2336
2342 2348 2347 2346
2342 2343 2338 2339
2343 2342 2348 2347
2343 2338 2339 2334
2344 2345 2349 2350
2344 2341 2340 2337
2345 2349 2350 2353
2345 2344 2341 2340
2346 2352 2351 2356
2346 2347 2348 2342
2347 2346 2352 2351
2347 2348 2342 2343
2348 2347 2346 2352
2348 2342 2343 2338
2349 2350 2353 2354
2349 2345 2344 2341
2350 2353 2354 2357
2350 2349 2345 2344
2351 2356 2355 2360
2351 2352 2346 2347
2352 2351 2356 2355
2352 2346 2347 2348
2353 2354 2357 2358
2353 2350 2349 2345
2354 2357 2358 2361
2354 2353 2350 2349
2355 2360 2359 2364
2355 2356 2351 2352
2356 2355 2360 2359
2356 2351 2352 2346
2357 2358 2361 2362
2357 2354 2353 2350
2358 2361 2362 2365
2358 2357 2354 2353
2359 2364 2363 2370
2359 2360 2355 2356
2360 2359 2364 2363
2360 2355 2356 2351
2361 2362 2365 2366
2361 2358 2357 2354
2362 2365 2366 2367
2362 2361 2358 2357
2363 2370 2369 2368
2363 2364 2359 2360
2364 2363 2370 2369
2364 2359 2360 2355
2365 2366 2367 2371
2365 2362 2361 2358
2366 2367 2371 2372
2366 2365 2362 2361
2367 2371 2372 2375
2367 2366 2365 2362
2368 2374 2373 2379
2368 2369 2370 2363
2369 2368 2374 2373
2369 2370 2363 2364
2370 2369 2368 2374
2370 2363 2364 2359
2371 2372 2375 2376
2371 2367 2366 2365
2372 2375 2376 2377
2372 2371 2367 2366
2373 2379 2378 2383
2373 2374 2368 2369
2374 2373 2379 2378
2374 2368 2369 2370
2375 2376 2377 2380
2375 2372 2371 2367
2376 2377 2380 2381
2376 2375 2372 2371
2377 2380 2381 2384
2377 2376 2375 2372
2378 2383 2382 2387
2378 2379 2373 2374
2379 2378 2383 2382
2379 2373 2374 2368
2380 2381 2384 2385
2380 2377 2376 2375
2381 2384 2385 2388
2381 2380 2377 2376
2382 2387 2386 2392
2382 2383 2378 2379
2383 2382 2387 2386
2383 2378 2379 2373
2384 2385 2388 2389
2384 2381 2380 2377
2385 2388 2389 2393
2385 2384 2381 2380
2386 2392 2391 2390
2386 2387 2382 2383
2387 2386 2392 2391
2387 2382 2383 2378
2388 2389 2393 2394
2388 2385 2384 2381
2389 2393 2394 2397
2389 2388 2385 2384
2390 2396 2395 2402
2390 2391 2392 2386
2391 2390 2396 2395
2391 2392 2386 2387
2392 2391 2390 2396
2392 2386 2387 2382
2393 2394 2397 2398
2393 2389 2388 2385
2394 2397 2398 2399
2394 2393 2389 2388
2395 2402 2401 2400
2395 2396 2390 2391
2396 2395 2402 2401
2396 2390 2391 2392
2397 2398 2399 2403
2397 2394 2393 2389
2398 2399 2403 2404
2398 2397 2394 2393
2399 2403 2404 2407
2399 2398 2397 2394
2400 2406 2405 2410
2400 2401 2402 2395
2401 2400 2406 2405
2401 2402 2395 2396
2402 2401 2400 2406
2402 2395 2396 2390
2403 2404 2407 2408
2403 2399 2398 2397
2404 2407 2408 2411
2404 2403 2399 2398
2405 2410 2409 2414
2405 2406 2400 2401
2406 2405 2410 2409
2406 2400 2401 2402
2407 2408 2411 2412
2407 2404 2403 2399
2408 2411 2412 2415
2408 2407 2404 2403
2409 2414 2413 2418
2409 2410 2405 2406
2410 2409 2414 2413
2410 2405 2406 2400
2411 2412 2415 2416
2411 2408 2407 2404
2412 2415 2416 2419
2412 2411 2408 2407
2413 2418 2417 2424
2413 2414 2409 2410
2414 2413 2418 2417
2414 2409 2410 2405
2415 2416 2419 2420
2415 2412 2411 2408
2416 2419 2420 2421
2416 2415 2412 2411
2417 2424 2423 2422
2417 2418 2413 2414
2418 2417 2424 2423
2418 2413 2414 2409
2419 2420 2421 2425
2419 2416 2415 2412
2420 2421 2425 2426
2420 2419 2416 2415
2421 2425 2426 2429
2421 2420 2419 2416
2422 2428 2427 2432
2422 2423 2424 2417
2423 2422 2428 2427
2423 2424 2417 2418
2424 2423 2422 2428
2424 2417 2418 2413
2425 2426 2429 2430
2425 2421 2420 2419
2426 2429 2430 2433
2426 2425 2421 2420
2427 2432 2431 2437
2427 2428 2422 2423
2428 2427 2432 2431
2428 2422 2423 2424
2429 2430 2433 2434
2429 2426 2425 2421
2430 2433 2434 2435
2430 2429 2426 2425
2431 2437 2436 2441
2431 2432 2427 2428
2432 2431 2437 2436
2432 2427 2428 2422
2433 2434 2435 2438
2433 2430 2429 2426
2434 2435 2438 2439
2434 2433 2430 2429
2435 2438 2439 2442
2435 2434 2433 2430
2436 2441 2440 2447
2436 2437 2431 2432
2437 2436 2441 2440
2437 2431 2432 2427
2438 2439 2442 2443
2438 2435 2434 2433
2439 2442 2443 2444
2439 2438 2435 2434
2440 2447 2446 2445
2440 2441 2436 2437
2441 2440 2447 2446
2441 2436 2437 2431
2442 2443 2444 2448
2442 2439 2438 2435
2443 2444 2448 2449
2443 2442 2439 2438
2444 2448 2449 2450
2444 2443 2442 2439
2445 2452 2451 2456
2445 2446 2447 2440
2446 2445 2452 2451
2446 2447 2440 2441
2447 2446 2445 2452
2447 2440 2441 2436
2448 2449 2450 2453
2448 2444 2443 2442
2449 2450 2453 2454
2449 2448 2444 2443
2450 2453 2454 2457
2450 2449 2448 2444
2451 2456 2455 2461
2451 2452 2445 2446
2452 2451 2456 2455
2452 2445 2446 2447
2453 2454 2457 2458
2453 2450 2449 2448
2454 2457 2458 2459
2454 2453 2450 2449
2455 2461 2460 2466
2455 2456 2451 2452
2456 2455 2461 2460
2456 2451 2452 2445
2457 2458 2459 2462
2457 2454 2453 2450
2458 2459 2462 2463
2458 2457 2454 2453
2459 2462 2463 2464
2459 2458 2457 2454
2460 2466 2465 2471
2460 2461 2455 2456
2461 2460 2466 2465
2461 2455 2456 2451
2462 2463 2464 2467
2462 2459 2458 2457
2463 2464 2467 2468
2463 2462 2459 2458
2464 2467 2468 2472
2464 2463 2462 2459
2465 2471 2470 2469
2465 2466 2460 2461
2466 2465 2471 2470
2466 2460 2461 2455
2467 2468 2472 2473
2467 2464 2463 2462
2468 2472 2473 2474
2468 2467 2464 2463
2469 2476 2475 2481
2469 2470 2471 2465
2470 2469 2476 2475
2470 2471 2465 2466
2471 2470 2469 2476
2471 2465 2466 2460
2472 2473 2474 2477
2472 2468 2467 2464
2473 2474 2477 2478
2473 2472 2468 2467
2474 2477 2478 2482
2474 2473 2472 2468
2475 2481 2480 2479
2475 2476 2469 2470
2476 2475 2481 2480
2476 2469 2470 2471
2477 2478 2482 2483
2477 2474 2473 2472
2478 2482 2483 2486
2478 2477 2474 2473
2479 2485 2484 2490
2479 2480 2481 2475
2480 2479 2485 2484
2480 2481 2475 2476
2481 2480 2479 2485
2481 2475 2476 2469
2482 2483 2486 2487
2482 2478 2477 2474
2483 2486 2487 2488
2483 2482 2478 2477
2484 2490 2489 2495
2484 2485 2479 2480
2485 2484 2490 2489
2485 2479 2480 2481
2486 2487 2488 2491
2486 2483 2482 2478
2487 2488 2491 2492
2487 2486 2483 2482
2488 2491 2492 2493
2488 2487 2486 2483
2489 2495 2494 2499
2489 2490 2484 2485
2490 2489 2495 2494
2490 2484 2485 2479
2491 2492 2493 2496
2491 2488 2487 2486
2492 2493 2496 2497
2492 2491 2488 2487
2493 2496 2497 2500
2493 2492 2491 2488
2494 2499 2498 2504
2494 2495 2489 2490
2495 2494 2499 2498
2495 2489 2490 2484
2496 2497 2500 2501
2496 2493 2492 2491
2497 2500 2501 2505
2497 2496 2493 2492
2498 2504 2503 2502
2498 2499 2494 2495
2499 2498 2504 2503
2499 2494 2495 2489
2500 2501 2505 2506
2500 2497 2496 2493
2501 2505 2506 2507
2501 2500 2497 2496
2502 2509 2508 2513
2502 2503 2504 2498
2503 2502 2509 2508
2503 2504 2498 2499
2504 2503 2502 2509
2504 2498 2499 2494
2505 2506 2507 2510
2505 2501 2500 2497
2506 2507 2510 2511
2506 2505 2501 2500
2507 2510 2511 2514
2507 2506 2505 2501
2508 2513 2512 2517
2508 2509 2502 2503
2509 2508 2513 2512
2509 2502 2503 2504
2510 2511 2514 2515
2510 2507 2506 2505
2511 2514 2515 2518
2511 2510 2507 2506
2512 2517 2516 2522
2512 2513 2508 2509
2513 2512 2517 2516
2513 2508 2509 2502
2514 2515 2518 2519
2514 2511 2510 2507
2515 2518 2519 2520
2515 2514 2511 2510
2516 2522 2521 2528
2516 2517 2512 2513
2517 2516 2522 2521
2517 2512 2513 2508
2518 2519 2520 2523
2518 2515 2514 2511
2519 2520 2523 2524
2519 2518 2515 2514
2520 2523 2524 2525
2520 2519 2518 2515
2521 2528 2527 2526
2521 2522 2516 2517
2522 2521 2528 2527
2522 2516 2517 2512
2523 2524 2525 2529
2523 2520 2519 2518
2524 2525 2529 2530
2524 2523 2520 2519
2525 2529 2530 2533
2525 2524 2523 2520
2526 2532 2531 2536
2526 2527 2528 2521
2527 2526 2532 2531
2527 2528 2521 2522
2528 2527 2526 2532
2528 2521 2522 2516
2529 2530 2533 2534
2529 2525 2524 2523
2530 2533 2534 2537
2530 2529 2525 2524
2531 2536 2535 2541
2531 2532 2526 2527
2532 2531 2536 2535
2532 2526 2527 2528
2533 2534 2537 2538
2533 2530 2529 2525
2534 2537 2538 2539
2534 2533 2530 2529
2535 2541 2540 2545
2535 2536 2531 2532
2536 2535 2541 2540
2536 2531 2532 2526
2537 2538 2539 2542
2537 2534 2533 2530
2538 2539 2542 2543
2538 2537 2534 2533
2539 2542 2543 2546
2539 2538 2537 2534
2540 2545 2544 2550
2540 2541 2535 2536
2541 2540 2545 2544
2541 2535 2536 2531
2542 2543 2546 2547
2542 2539 2538 2537
2543 2546 2547 2551
2543 2542 2539 2538
2544 2550 2549 2548
2544 2545 2540 2541
2545 2544 2550 2549
2545 2540 2541 2535
2546 2547 2551 2552
2546 2543 2542 2539
2547 2551 2552 2555
2547 2546 2543 2542
2548 2554 2553 2560
2548 2549 2550 2544
2549 2548 2554 2553
2549 2550 2544 2545
2550 2549 2548 2554
2550 2544 2545 2540
2551 2552 2555 2556
2551 2547 2546 2543
2552 2555 2556 2557
2552 2551 2547 2546
2553 2560 2559 2558
2553 2554 2548 2549
2554 2553 2560 2559
2554 2548 2549 2550
2555 2556 2557 2561
2555 2552 2551 2547
2556 2557 2561 2562
2556 2555 2552 2551
2557 2561 2562 2563
2557 2556 2555 2552
2558 2566 2565 2574
2558 2559 2560 2553
2559 2558 2566 2565
2559 2560 2553 2554
2560 2559 2558 2566
2560 2553 2554 2548
2561 2562 2563 2564
2561 2557 2556 2555
2562 2563 2564 2567
2562 2561 2557 2556
2563 2564 2567 2568
2563 2562 2561 2557
2564 2567 2568 2569
2564 2563 2562 2561
2565 2574 2573 2581
2565 2566 2558 2559
2566 2565 2574 2573
2566 2558 2559 2560
2567 2568 2569 2570
2567 2564 2563 2562
2568 2569 2570 2571
2568 2567 2564 2563
2569 2570 2571 2572
2569 2568 2567 2564
2570 2571 2572 2575
2570 2569 2568 2567
2571 2572 2575 2576
2571 2570 2569 2568
2572 2575 2576 2577
2572 2571 2570 2569
2573 2581 2580 2590
2573 2574 2565 2566
2574 2573 2581 2580
2574 2565 2566 2558
2575 2576 2577 2578
2575 2572 2571 2570
2576 2577 2578 2579
2576 2575 2572 2571
2577 2578 2579 2582
2577 2576 2575 2572
2578 2579 2582 2583
2578 2577 2576 2575
2579 2582 2583 2584
2579 2578 2577 2576
2580 2590 2589 2599
2580 2581 2573 2574
2581 2580 2590 2589
2581 2573 2574 2565
2582 2583 2584 2585
2582 2579 2578 2577
2583 2584 2585 2586
2583 2582 2579 2578
2584 2585 2586 2587
2584 2583 2582 2579
2585 2586 2587 2588
2585 2584 2583 2582
2586 2587 2588 2591
2586 2585 2584 2583
2587 2588 2591 2592
2587 2586 2585 2584
2588 2591 2592 2593
2588 2587 2586 2585
2589 2599 2598 2597
2589 2590 2580 2581
2590 2589 2599 2598
2590 2580 2581 2573
2591 2592 2593 2594
2591 2588 2587 2586
2592 2593 2594 2595
2592 2591 2588 2587
2593 2594 2595 2596
2593 2592 2591 2588
2594 2595 2596 2600
2594 2593 2592 2591
2595 2596 2600 2601
2595 2594 2593 2592
2596 2600 2601 2602
2596 2595 2594 2593
2597 2607 2606 2615
2597 2598 2599 2589
2598 2597 2607 2606
2598 2599 2589 2590
2599 2598 2597 2607
2599 2589 2590 2580
2600 2601 2602 2603
2600 2596 2595 2594
2601 2602 2603 2604
2601 2600 2596 2595
2602 2603 2604 2605
2602 2601 2600 2596
2603 2604 2605 2608
2603 2602 2601 2600
2604 2605 2608 2609
2604 2603 2602 2601
2605 2608 2609 2610
2605 2604 2603 2602
2606 2615 2614 2624
2606 2607 2597 2598
2607 2606 2615 2614
2607 2597 2598 2599
2608 2609 2610 2611
2608 2605 2604 2603
2609 2610 2611 2612
2609 2608 2605 2604
2610 2611 2612 2613
2610 2609 2608 2605
2611 2612 2613 2616
2611 2610 2609 2608
2612 2613 2616 2617
2612 2611 2610 2609
2613 2616 2617 2618
2613 2612 2611 2610
2614 2624 2623 2631
2614 2615 2606 2607
2615 2614 2624 2623
2615 2606 2607 2597
2616 2617 2618 2619
2616 2613 2612 2611
2617 2618 2619 2620
2617 2616 2613 2612
2618 2619 2620 2621
2618 2617 2616 2613
2619 2620 2621 2622
2619 2618 2617 2616
2620 2621 2622 2625
2620 2619 2618 2617
2621 2622 2625 2626
2621 2620 2619 2618
2622 2625 2626 2627
2622 2621 2620 2619
2623 2631 2630 2640
2623 2624 2614 2615
2624 2623 2631 2630
2624 2614 2615 2606
2625 2626 2627 2628
2625 2622 2621 2620
2626 2627 2628 2629
2626 2625 2622 2621
2627 2628 2629 2632
2627 2626 2625 2622
2628 2629 2632 2633
2628 2627 2626 2625
2629 2632 2633 2634
2629 2628 2627 2626
2630 2640 2639 2638
2630 2631 2623 2624
2631 2630 2640 2639
2631 2623 2624 2614
2632 2633 2634 2635
2632 2629 2628 2627
2633 2634 2635 2636
2633 2632 2629 2628
2634 2635 2636 2637
2634 2633 2632 2629
2635 2636 2637 2641
2635 2634 2633 2632
2636 2637 2641 2642
2636 2635 2634 2633
2637 2641 2642 2643
2637 2636 2635 2634
2638 2647 2646 2657
2638 2639 2640 2630
2639 2638 2647 2646
2639 2640 2630 2631
2640 2639 2638 2647
2640 2630 2631 2623
2641 2642 2643 2644
2641 2637 2636 2635
2642 2643 2644 2645
2642 2641 2637 2636
2643 2644 2645 2648
2643 2642 2641 2637
2644 2645 2648 2649
2644 2643 2642 2641
2645 2648 2649 2650
2645 2644 2643 2642
2646 2657 2656 2655
2646 2647 2638 2639
2647 2646 2657 2656
2647 2638 2639 2640
2648 2649 2650 2651
2648 2645 2644 2643
2649 2650 2651 2652
2649 2648 2645 2644
2650 2651 2652 2653
2650 2649 2648 2645
2651 2652 2653 2654
2651 2650 2649 2648
2652 2653 2654 2658
2652 2651 2650 2649
2653 2654 2658 2659
2653 2652 2651 2650
2654 2658 2659 2660
2654 2653 2652 2651
2655 2667 2666 2665
2655 2656 2657 2646
2656 2655 2667 2666
2656 2657 2646 2647
2657 2656 2655 2667
2657 2646 2647 2638
2658 2659 2660 2661
2658 2654 2653 2652
2659 2660 2661 2662
2659 2658 2654 2653
2660 2661 2662 2663
2660 2659 2658 2654
2661 2662 2663 2664
2661 2660 2659 2658
2662 2663 2664 2665
2662 2661 2660 2659
2663 2664 2665 2666
2663 2662 2661 2660
2664 2663 2662 2661
2664 2665 2666 2667
2665 2664 2663 2662
2665 2666 2667 2655
2666 2665 2664 2663
2666 2667 2655 2656
2667 2666 2665 2664
2667 2655 2656 2657
