0 24 23 22
0 1 2 3
1 0 24 23
1 2 3 4
2 1 0 24
2 3 4 5
3 2 1 0
3 4 5 25
4 5 25 26
4 3 2 1
5 25 26 27
5 4 3 2
6 49 48 47
6 7 8 9
7 6 49 48
7 8 9 10
8 7 6 49
8 9 10 11
9 8 7 6
9 10 11 12
10 9 8 7
10 11 12 13
11 10 9 8
11 12 13 14
12 11 10 9
12 13 14 15
13 12 11 10
13 14 15 16
14 13 12 11
14 15 16 17
15 14 13 12
15 16 17 18
16 15 14 13
16 17 18 19
17 16 15 14
17 18 19 20
18 17 16 15
18 19 20 21
19 18 17 16
19 20 21 22
20 19 18 17
20 21 22 23
21 20 19 18
21 22 23 24
22 21 20 19
22 23 24 0
23 22 21 20
23 24 0 1
24 23 22 21
24 0 1 2
25 26 27 50
25 5 4 3
26 27 50 67
26 25 5 4
27 50 67 68
27 26 25 5
28 66 65 64
28 29 30 31
29 28 66 65
29 30 31 32
30 29 28 66
30 31 32 33
31 30 29 28
31 32 33 34
32 31 30 29
32 33 34 35
33 32 31 30
33 34 35 36
34 33 32 31
34 35 36 37
35 34 33 32
35 36 37 38
36 35 34 33
36 37 38 39
37 36 35 34
37 38 39 40
38 37 36 35
38 39 40 41
39 38 37 36
39 40 41 42
40 39 38 37
40 41 42 43
41 40 39 38
41 42 43 44
42 41 40 39
42 43 44 45
43 42 41 40
43 44 45 46
44 43 42 41
44 45 46 47
45 44 43 42
45 46 47 48
46 45 44 43
46 47 48 49
47 46 45 44
47 48 49 6
48 47 46 45
48 49 6 7
49 48 47 46
49 6 7 8
50 67 68 90
50 27 26 25
51 89 88 87
51 52 53 54
52 51 89 88
52 53 54 55
53 52 51 89
53 54 55 56
54 53 52 51
54 55 56 57
55 54 53 52
55 56 57 58
56 55 54 53
56 57 58 59
57 56 55 54
57 58 59 60
58 57 56 55
58 59 60 61
59 58 57 56
59 60 61 62
60 59 58 57
60 61 62 63
61 60 59 58
61 62 63 64
62 61 60 59
62 63 64 65
63 62 61 60
63 64 65 66
64 63 62 61
64 65 66 28
65 64 63 62
65 66 28 29
66 65 64 63
66 28 29 30
67 68 90 106
67 50 27 26
68 90 106 107
68 67 50 27
69 105 104 103
69 70 71 72
70 69 105 104
70 71 72 73
71 70 69 105
71 72 73 74
72 71 70 69
72 73 74 75
73 72 71 70
73 74 75 76
74 73 72 71
74 75 76 77
75 74 73 72
75 76 77 78
76 75 74 73
76 77 78 79
77 76 75 74
77 78 79 80
78 77 76 75
78 79 80 81
79 78 77 76
79 80 81 82
80 79 78 77
80 81 82 83
81 80 79 78
81 82 83 84
82 81 80 79
82 83 84 85
83 82 81 80
83 84 85 86
84 83 82 81
84 85 86 87
85 84 83 82
85 86 87 88
86 85 84 83
86 87 88 89
87 86 85 84
87 88 89 51
88 87 86 85
88 89 51 52
89 88 87 86
89 51 52 53
90 106 107 118
90 68 67 50
91 117 116 115
91 92 93 94
92 91 117 116
92 93 94 95
93 92 91 117
93 94 95 96
94 93 92 91
94 95 96 97
95 94 93 92
95 96 97 98
96 95 94 93
96 97 98 99
97 96 95 94
97 98 99 100
98 97 96 95
98 99 100 101
99 98 97 96
99 100 101 102
100 99 98 97
100 101 102 103
101 100 99 98
101 102 103 104
102 101 100 99
102 103 104 105
103 102 101 100
103 104 105 69
104 103 102 101
104 105 69 70
105 104 103 102
105 69 70 71
106 107 118 124
106 90 68 67
107 118 124 131
107 106 90 68
108 123 122 121
108 109 110 111
109 108 123 122
109 110 111 112
110 109 108 123
110 111 112 113
111 110 109 108
111 112 113 114
112 111 110 109
112 113 114 115
113 112 111 110
113 114 115 116
114 113 112 111
114 115 116 117
115 114 113 112
115 116 117 91
116 115 114 113
116 117 91 92
117 116 115 114
117 91 92 93
118 124 131 132
118 107 106 90
119 130 129 128
119 120 121 122
120 119 130 129
120 121 122 123
121 120 119 130
121 122 123 108
122 121 120 119
122 123 108 109
123 122 121 120
123 108 109 110
124 131 132 138
124 118 107 106
125 137 136 135
125 126 127 128
126 125 137 136
126 127 128 129
127 126 125 137
127 128 129 130
128 127 126 125
128 129 130 119
129 128 127 126
129 130 119 120
130 129 128 127
130 119 120 121
131 132 138 145
131 124 118 107
132 138 145 150
132 131 124 118
133 144 143 142
133 134 135 136
134 133 144 143
134 135 136 137
135 134 133 144
135 136 137 125
136 135 134 133
136 137 125 126
137 136 135 134
137 125 126 127
138 145 150 151
138 132 131 124
139 149 148 147
139 140 141 142
140 139 149 148
140 141 142 143
141 140 139 149
141 142 143 144
142 141 140 139
142 143 144 133
143 142 141 140
143 144 133 134
144 143 142 141
144 133 134 135
145 150 151 158
145 138 132 131
146 157 156 155
146 147 148 149
147 146 157 156
147 148 149 139
148 147 146 157
148 149 139 140
149 148 147 146
149 139 140 141
150 151 158 164
150 145 138 132
151 158 164 171
151 150 145 138
152 163 162 161
152 153 154 155
153 152 163 162
153 154 155 156
154 153 152 163
154 155 156 157
155 154 153 152
155 156 157 146
156 155 154 153
156 157 146 147
157 156 155 154
157 146 147 148
158 164 171 172
158 151 150 145
159 170 169 168
159 160 161 162
160 159 170 169
160 161 162 163
161 160 159 170
161 162 163 152
162 161 160 159
162 163 152 153
163 162 161 160
163 152 153 154
164 171 172 177
164 158 151 150
165 176 175 174
165 166 167 168
166 165 176 175
166 167 168 169
167 166 165 176
167 168 169 170
168 167 166 165
168 169 170 159
169 168 167 166
169 170 159 160
170 169 168 167
170 159 160 161
171 172 177 183
171 164 158 151
172 177 183 188
172 171 164 158
173 182 181 180
173 174 175 176
174 173 182 181
174 175 176 165
175 174 173 182
175 176 165 166
176 175 174 173
176 165 166 167
177 183 188 189
177 172 171 164
178 187 186 185
178 179 180 181
179 178 187 186
179 180 181 182
180 179 178 187
180 181 182 173
181 180 179 178
181 182 173 174
182 181 180 179
182 173 174 175
183 188 189 195
183 177 172 171
184 194 193 192
184 185 186 187
185 184 194 193
185 186 187 178
186 185 184 194
186 187 178 179
187 186 185 184
187 178 179 180
188 189 195 200
188 183 177 172
189 195 200 206
189 188 183 177
190 199 198 197
190 191 192 193
191 190 199 198
191 192 193 194
192 191 190 199
192 193 194 184
193 192 191 190
193 194 184 185
194 193 192 191
194 184 185 186
195 200 206 207
195 189 188 183
196 205 204 203
196 197 198 199
197 196 205 204
197 198 199 190
198 197 196 205
198 199 190 191
199 198 197 196
199 190 191 192
200 206 207 212
200 195 189 188
201 211 210 209
201 202 203 204
202 201 211 210
202 203 204 205
203 202 201 211
203 204 205 196
204 203 202 201
204 205 196 197
205 204 203 202
205 196 197 198
206 207 212 217
206 200 195 189
207 212 217 222
207 206 200 195
208 216 215 214
208 209 210 211
209 208 216 215
209 210 211 201
210 209 208 216
210 211 201 202
211 210 209 208
211 201 202 203
212 217 222 223
212 207 206 200
213 221 220 219
213 214 215 216
214 213 221 220
214 215 216 208
215 214 213 221
215 216 208 209
216 215 214 213
216 208 209 210
217 222 223 228
217 212 207 206
218 227 226 225
218 219 220 221
219 218 227 226
219 220 221 213
220 219 218 227
220 221 213 214
221 220 219 218
221 213 214 215
222 223 228 233
222 217 212 207
223 228 233 238
223 222 217 212
224 232 231 230
224 225 226 227
225 224 232 231
225 226 227 218
226 225 224 232
226 227 218 219
227 226 225 224
227 218 219 220
228 233 238 239
228 223 222 217
229 237 236 235
229 230 231 232
230 229 237 236
230 231 232 224
231 230 229 237
231 232 224 225
232 231 230 229
232 224 225 226
233 238 239 243
233 228 223 222
234 242 241 240
234 235 236 237
235 234 242 241
235 236 237 229
236 235 234 242
236 237 229 230
237 236 235 234
237 229 230 231
238 239 243 248
238 233 228 223
239 243 248 252
239 238 233 228
240 247 246 245
240 241 242 234
241 240 247 246
241 242 234 235
242 241 240 247
242 234 235 236
243 248 252 256
243 239 238 233
244 251 250 249
244 245 246 247
245 244 251 250
245 246 247 240
246 245 244 251
246 247 240 241
247 246 245 244
247 240 241 242
248 252 256 260
248 243 239 238
249 255 254 253
249 250 251 244
250 249 255 254
250 251 244 245
251 250 249 255
251 244 245 246
252 256 260 263
252 248 243 239
253 259 258 257
253 254 255 249
254 253 259 258
254 255 249 250
255 254 253 259
255 249 250 251
256 260 263 264
256 252 248 243
257 262 261 266
257 258 259 253
258 257 262 261
258 259 253 254
259 258 257 262
259 253 254 255
260 263 264 267
260 256 252 248
261 266 265 269
261 262 257 258
262 261 266 265
262 257 258 259
263 264 267 270
263 260 256 252
264 267 270 274
264 263 260 256
265 269 268 273
265 266 261 262
266 265 269 268
266 261 262 257
267 270 274 277
267 264 263 260
268 273 272 271
268 269 265 266
269 268 273 272
269 265 266 261
270 274 277 280
270 267 264 263
271 276 275 279
271 272 273 268
272 271 276 275
272 273 268 269
273 272 271 276
273 268 269 265
274 277 280 283
274 270 267 264
275 279 278 282
275 276 271 272
276 275 279 278
276 271 272 273
277 280 283 286
277 274 270 267
278 282 281 285
278 279 275 276
279 278 282 281
279 275 276 271
280 283 286 289
280 277 274 270
281 285 284 288
281 282 278 279
282 281 285 284
282 278 279 275
283 286 289 292
283 280 277 274
284 288 287 291
284 285 281 282
285 284 288 287
285 281 282 278
286 289 292 294
286 283 280 277
287 291 290 293
287 288 284 285
288 287 291 290
288 284 285 281
289 292 294 296
289 286 283 280
290 293 295 298
290 291 287 288
291 290 293 295
291 287 288 284
292 294 296 299
292 289 286 283
293 295 298 297
293 290 291 287
294 296 299 301
294 292 289 286
295 298 297 300
295 293 290 291
296 299 301 303
296 294 292 289
297 300 302 305
297 298 295 293
298 297 300 302
298 295 293 290
299 301 303 306
299 296 294 292
300 302 305 304
300 297 298 295
301 303 306 308
301 299 296 294
302 305 304 307
302 300 297 298
303 306 308 310
303 301 299 296
304 307 309 312
304 305 302 300
305 304 307 309
305 302 300 297
306 308 310 313
306 303 301 299
307 309 312 311
307 304 305 302
308 310 313 315
308 306 303 301
309 312 311 314
309 307 304 305
310 313 315 317
310 308 306 303
311 314 316 319
311 312 309 307
312 311 314 316
312 309 307 304
313 315 317 320
313 310 308 306
314 316 319 318
314 311 312 309
315 317 320 322
315 313 310 308
316 319 318 321
316 314 311 312
317 320 322 324
317 315 313 310
318 321 323 326
318 319 316 314
319 318 321 323
319 316 314 311
320 322 324 327
320 317 315 313
321 323 326 325
321 318 319 316
322 324 327 329
322 320 317 315
323 326 325 328
323 321 318 319
324 327 329 331
324 322 320 317
325 328 330 333
325 326 323 321
326 325 328 330
326 323 321 318
327 329 331 334
327 324 322 320
328 330 333 332
328 325 326 323
329 331 334 336
329 327 324 322
330 333 332 335
330 328 325 326
331 334 336 339
331 329 327 324
332 335 338 337
332 333 330 328
333 332 335 338
333 330 328 325
334 336 339 342
334 331 329 327
335 338 337 341
335 332 333 330
336 339 342 344
336 334 331 329
337 341 340 343
337 338 335 332
338 337 341 340
338 335 332 333
339 342 344 347
339 336 334 331
340 343 346 345
340 341 337 338
341 340 343 346
341 337 338 335
342 344 347 350
342 339 336 334
343 346 345 349
343 340 341 337
344 347 350 352
344 342 339 336
345 349 348 351
345 346 343 340
346 345 349 348
346 343 340 341
347 350 352 355
347 344 342 339
348 351 354 353
348 349 345 346
349 348 351 354
349 345 346 343
350 352 355 357
350 347 344 342
351 354 353 356
351 348 349 345
352 355 357 359
352 350 347 344
353 356 358 361
353 354 351 348
354 353 356 358
354 351 348 349
355 357 359 362
355 352 350 347
356 358 361 360
356 353 354 351
357 359 362 364
357 355 352 350
358 361 360 363
358 356 353 354
359 362 364 367
359 357 355 352
360 363 366 365
360 361 358 356
361 360 363 366
361 358 356 353
362 364 367 369
362 359 357 355
363 366 365 368
363 360 361 358
364 367 369 371
364 362 359 357
365 368 370 373
365 366 363 360
366 365 368 370
366 363 360 361
367 369 371 374
367 364 362 359
368 370 373 372
368 365 366 363
369 371 374 376
369 367 364 362
370 373 372 375
370 368 365 366
371 374 376 377
371 369 367 364
372 375 379 378
372 373 370 368
373 372 375 379
373 370 368 365
374 376 377 380
374 371 369 367
375 379 378 381
375 372 373 370
376 377 380 382
376 374 371 369
377 380 382 385
377 376 374 371
378 381 384 383
378 379 375 372
379 378 381 384
379 375 372 373
380 382 385 387
380 377 376 374
381 384 383 386
381 378 379 375
382 385 387 389
382 380 377 376
383 386 388 390
383 384 381 378
384 383 386 388
384 381 378 379
385 387 389 391
385 382 380 377
386 388 390 393
386 383 384 381
387 389 391 392
387 385 382 380
388 390 393 395
388 386 383 384
389 391 392 394
389 387 385 382
390 393 395 397
390 388 386 383
391 392 394 396
391 389 387 385
392 394 396 398
392 391 389 387
393 395 397 400
393 390 388 386
394 396 398 399
394 392 391 389
395 397 400 402
395 393 390 388
396 398 399 401
396 394 392 391
397 400 402 404
397 395 393 390
398 399 401 403
398 396 394 392
399 401 403 405
399 398 396 394
400 402 404 408
400 397 395 393
401 403 405 406
401 399 398 396
402 404 408 407
402 400 397 395
403 405 406 409
403 401 399 398
404 408 407 410
404 402 400 397
405 406 409 411
405 403 401 399
406 409 411 414
406 405 403 401
407 410 413 412
407 408 404 402
408 407 410 413
408 404 402 400
409 411 414 415
409 406 405 403
410 413 412 416
410 407 408 404
411 414 415 417
411 409 406 405
412 416 419 418
412 413 410 407
413 412 416 419
413 410 407 408
414 415 417 420
414 411 409 406
415 417 420 422
415 414 411 409
416 419 418 421
416 412 413 410
417 420 422 423
417 415 414 411
418 421 424 426
418 419 416 412
419 418 421 424
419 416 412 413
420 422 423 425
420 417 415 414
421 424 426 428
421 418 419 416
422 423 425 427
422 420 417 415
423 425 427 429
423 422 420 417
424 426 428 431
424 421 418 419
425 427 429 430
425 423 422 420
426 428 431 433
426 424 421 418
427 429 430 432
427 425 423 422
428 431 433 436
428 426 424 421
429 430 432 434
429 427 425 423
430 432 434 437
430 429 427 425
431 433 436 435
431 428 426 424
432 434 437 439
432 430 429 427
433 436 435 438
433 431 428 426
434 437 439 441
434 432 430 429
435 438 440 442
435 436 433 431
436 435 438 440
436 433 431 428
437 439 441 443
437 434 432 430
438 440 442 445
438 435 436 433
439 441 443 444
439 437 434 432
440 442 445 448
440 438 435 436
441 443 444 446
441 439 437 434
442 445 448 447
442 440 438 435
443 444 446 449
443 441 439 437
444 446 449 451
444 443 441 439
445 448 447 450
445 442 440 438
446 449 451 453
446 444 443 441
447 450 452 454
447 448 445 442
448 447 450 452
448 445 442 440
449 451 453 455
449 446 444 443
450 452 454 456
450 447 448 445
451 453 455 457
451 449 446 444
452 454 456 458
452 450 447 448
453 455 457 459
453 451 449 446
454 456 458 460
454 452 450 447
455 457 459 461
455 453 451 449
456 458 460 462
456 454 452 450
457 459 461 463
457 455 453 451
458 460 462 465
458 456 454 452
459 461 463 466
459 457 455 453
460 462 465 464
460 458 456 454
461 463 466 468
461 459 457 455
462 465 464 467
462 460 458 456
463 466 468 470
463 461 459 457
464 467 469 472
464 465 462 460
465 464 467 469
465 462 460 458
466 468 470 473
466 463 461 459
467 469 472 471
467 464 465 462
468 470 473 475
468 466 463 461
469 472 471 474
469 467 464 465
470 473 475 477
470 468 466 463
471 474 476 479
471 472 469 467
472 471 474 476
472 469 467 464
473 475 477 480
473 470 468 466
474 476 479 478
474 471 472 469
475 477 480 482
475 473 470 468
476 479 478 481
476 474 471 472
477 480 482 484
477 475 473 470
478 481 483 486
478 479 476 474
479 478 481 483
479 476 474 471
480 482 484 487
480 477 475 473
481 483 486 485
481 478 479 476
482 484 487 489
482 480 477 475
483 486 485 488
483 481 478 479
484 487 489 491
484 482 480 477
485 488 490 493
485 486 483 481
486 485 488 490
486 483 481 478
487 489 491 494
487 484 482 480
488 490 493 492
488 485 486 483
489 491 494 496
489 487 484 482
490 493 492 495
490 488 485 486
491 494 496 498
491 489 487 484
492 495 497 499
492 493 490 488
493 492 495 497
493 490 488 485
494 496 498 500
494 491 489 487
495 497 499 501
495 492 493 490
496 498 500 502
496 494 491 489
497 499 501 503
497 495 492 493
498 500 502 504
498 496 494 491
499 501 503 505
499 497 495 492
500 502 504 506
500 498 496 494
501 503 505 508
501 499 497 495
502 504 506 509
502 500 498 496
503 505 508 507
503 501 499 497
504 506 509 511
504 502 500 498
505 508 507 510
505 503 501 499
506 509 511 513
506 504 502 500
507 510 512 514
507 508 505 503
508 507 510 512
508 505 503 501
509 511 513 515
509 506 504 502
510 512 514 516
510 507 508 505
511 513 515 517
511 509 506 504
512 514 516 518
512 510 507 508
513 515 517 519
513 511 509 506
514 516 518 520
514 512 510 507
515 517 519 521
515 513 511 509
516 518 520 522
516 514 512 510
517 519 521 523
517 515 513 511
518 520 522 524
518 516 514 512
519 521 523 525
519 517 515 513
520 522 524 526
520 518 516 514
521 523 525 527
521 519 517 515
522 524 526 528
522 520 518 516
523 525 527 529
523 521 519 517
524 526 528 530
524 522 520 518
525 527 529 531
525 523 521 519
526 528 530 532
526 524 522 520
527 529 531 533
527 525 523 521
528 530 532 534
528 526 524 522
529 531 533 535
529 527 525 523
530 532 534 536
530 528 526 524
531 533 535 537
531 529 527 525
532 534 536 538
532 530 528 526
533 535 537 539
533 531 529 527
534 536 538 541
534 532 530 528
535 537 539 540
535 533 531 529
536 538 541 543
536 534 532 530
537 539 540 542
537 535 533 531
538 541 543 545
538 536 534 532
539 540 542 544
539 537 535 533
540 542 544 546
540 539 537 535
541 543 545 547
541 538 536 534
542 544 546 548
542 540 539 537
543 545 547 550
543 541 538 536
544 546 548 551
544 542 540 539
545 547 550 549
545 543 541 538
546 548 551 553
546 544 542 540
547 550 549 552
547 545 543 541
548 551 553 554
548 546 544 542
549 552 555 557
549 550 547 545
550 549 552 555
550 547 545 543
551 553 554 556
551 548 546 544
552 555 557 559
552 549 550 547
553 554 556 558
553 551 548 546
554 556 558 560
554 553 551 548
555 557 559 562
555 552 549 550
556 558 560 561
556 554 553 551
557 559 562 564
557 555 552 549
558 560 561 563
558 556 554 553
559 562 564 566
559 557 555 552
560 561 563 565
560 558 556 554
561 563 565 567
561 560 558 556
562 564 566 569
562 559 557 555
563 565 567 568
563 561 560 558
564 566 569 571
564 562 559 557
565 567 568 570
565 563 561 560
566 569 571 573
566 564 562 559
567 568 570 572
567 565 563 561
568 570 572 574
568 567 565 563
569 571 573 576
569 566 564 562
570 572 574 575
570 568 567 565
571 573 576 578
571 569 566 564
572 574 575 577
572 570 568 567
573 576 578 580
573 571 569 566
574 575 577 579
574 572 570 568
575 577 579 581
575 574 572 570
576 578 580 584
576 573 571 569
577 579 581 582
577 575 574 572
578 580 584 583
578 576 573 571
579 581 582 585
579 577 575 574
580 584 583 586
580 578 576 573
581 582 585 587
581 579 577 575
582 585 587 589
582 581 579 577
583 586 588 591
583 584 580 578
584 583 586 588
584 580 578 576
585 587 589 590
585 582 581 579
586 588 591 593
586 583 584 580
587 589 590 592
587 585 582 581
588 591 593 595
588 586 583 584
589 590 592 594
589 587 585 582
590 592 594 596
590 589 587 585
591 593 595 598
591 588 586 583
592 594 596 597
592 590 589 587
593 595 598 600
593 591 588 586
594 596 597 599
594 592 590 589
595 598 600 602
595 593 591 588
596 597 599 601
596 594 592 590
597 599 601 603
597 596 594 592
598 600 602 605
598 595 593 591
599 601 603 604
599 597 596 594
600 602 605 607
600 598 595 593
601 603 604 606
601 599 597 596
602 605 607 609
602 600 598 595
603 604 606 608
603 601 599 597
604 606 608 610
604 603 601 599
605 607 609 611
605 602 600 598
606 608 610 612
606 604 603 601
607 609 611 613
607 605 602 600
608 610 612 614
608 606 604 603
609 611 613 615
609 607 605 602
610 612 614 616
610 608 606 604
611 613 615 618
611 609 607 605
612 614 616 617
612 610 608 606
613 615 618 620
613 611 609 607
614 616 617 619
614 612 610 608
615 618 620 622
615 613 611 609
616 617 619 621
616 614 612 610
617 619 621 623
617 616 614 612
618 620 622 624
618 615 613 611
619 621 623 625
619 617 616 614
620 622 624 627
620 618 615 613
621 623 625 628
621 619 617 616
622 624 627 626
622 620 618 615
623 625 628 630
623 621 619 617
624 627 626 629
624 622 620 618
625 628 630 632
625 623 621 619
626 629 631 633
626 627 624 622
627 626 629 631
627 624 622 620
628 630 632 634
628 625 623 621
629 631 633 635
629 626 627 624
630 632 634 636
630 628 625 623
631 633 635 637
631 629 626 627
632 634 636 638
632 630 628 625
633 635 637 639
633 631 629 626
634 636 638 640
634 632 630 628
635 637 639 641
635 633 631 629
636 638 640 642
636 634 632 630
637 639 641 643
637 635 633 631
638 640 642 644
638 636 634 632
639 641 643 645
639 637 635 633
640 642 644 646
640 638 636 634
641 643 645 647
641 639 637 635
642 644 646 648
642 640 638 636
643 645 647 649
643 641 639 637
644 646 648 650
644 642 640 638
645 647 649 651
645 643 641 639
646 648 650 652
646 644 642 640
647 649 651 653
647 645 643 641
648 650 652 654
648 646 644 642
649 651 653 655
649 647 645 643
650 652 654 656
650 648 646 644
651 653 655 657
651 649 647 645
652 654 656 658
652 650 648 646
653 655 657 660
653 651 649 647
654 656 658 661
654 652 650 648
655 657 660 659
655 653 651 649
656 658 661 664
656 654 652 650
657 660 659 662
657 655 653 651
658 661 664 663
658 656 654 652
659 662 665 667
659 660 657 655
660 659 662 665
660 657 655 653
661 664 663 666
661 658 656 654
662 665 667 669
662 659 660 657
663 666 668 670
663 664 661 658
664 663 666 668
664 661 658 656
665 667 669 671
665 662 659 660
666 668 670 672
666 663 664 661
667 669 671 673
667 665 662 659
668 670 672 674
668 666 663 664
669 671 673 675
669 667 665 662
670 672 674 676
670 668 666 663
671 673 675 677
671 669 667 665
672 674 676 678
672 670 668 666
673 675 677 679
673 671 669 667
674 676 678 680
674 672 670 668
675 677 679 681
675 673 671 669
676 678 680 682
676 674 672 670
677 679 681 683
677 675 673 671
678 680 682 684
678 676 674 672
679 681 683 685
679 677 675 673
680 682 684 686
680 678 676 674
681 683 685 687
681 679 677 675
682 684 686 688
682 680 678 676
683 685 687 689
683 681 679 677
684 686 688 690
684 682 680 678
685 687 689 691
685 683 681 679
686 688 690 692
686 684 682 680
687 689 691 693
687 685 683 681
688 690 692 694
688 686 684 682
689 691 693 695
689 687 685 683
690 692 694 696
690 688 686 684
691 693 695 697
691 689 687 685
692 694 696 698
692 690 688 686
693 695 697 699
693 691 689 687
694 696 698 700
694 692 690 688
695 697 699 701
695 693 691 689
696 698 700 702
696 694 692 690
697 699 701 703
697 695 693 691
698 700 702 704
698 696 694 692
699 701 703 705
699 697 695 693
700 702 704 706
700 698 696 694
701 703 705 707
701 699 697 695
702 704 706 708
702 700 698 696
703 705 707 709
703 701 699 697
704 706 708 710
704 702 700 698
705 707 709 711
705 703 701 699
706 708 710 712
706 704 702 700
707 709 711 713
707 705 703 701
708 710 712 714
708 706 704 702
709 711 713 715
709 707 705 703
710 712 714 716
710 708 706 704
711 713 715 717
711 709 707 705
712 714 716 718
712 710 708 706
713 715 717 719
713 711 709 707
714 716 718 720
714 712 710 708
715 717 719 721
715 713 711 709
716 718 720 722
716 714 712 710
717 719 721 723
717 715 713 711
718 720 722 724
718 716 714 712
719 721 723 725
719 717 715 713
720 722 724 726
720 718 716 714
721 723 725 727
721 719 717 715
722 724 726 728
722 720 718 716
723 725 727 729
723 721 719 717
724 726 728 730
724 722 720 718
725 727 729 731
725 723 721 719
726 728 730 732
726 724 722 720
727 729 731 733
727 725 723 721
728 730 732 734
728 726 724 722
729 731 733 735
729 727 725 723
730 732 734 736
730 728 726 724
731 733 735 737
731 729 727 725
732 734 736 738
732 730 728 726
733 735 737 739
733 731 729 727
734 736 738 740
734 732 730 728
735 737 739 741
735 733 731 729
736 738 740 742
736 734 732 730
737 739 741 743
737 735 733 731
738 740 742 744
738 736 734 732
739 741 743 745
739 737 735 733
740 742 744 746
740 738 736 734
741 743 745 747
741 739 737 735
742 744 746 748
742 740 738 736
743 745 747 749
743 741 739 737
744 746 748 750
744 742 740 738
745 747 749 751
745 743 741 739
746 748 750 752
746 744 742 740
747 749 751 753
747 745 743 741
748 750 752 754
748 746 744 742
749 751 753 755
749 747 745 743
750 752 754 756
750 748 746 744
751 753 755 757
751 749 747 745
752 754 756 758
752 750 748 746
753 755 757 759
753 751 749 747
754 756 758 760
754 752 750 748
755 757 759 761
755 753 751 749
756 758 760 762
756 754 752 750
757 759 761 763
757 755 753 751
758 760 762 764
758 756 754 752
759 761 763 765
759 757 755 753
760 762 764 766
760 758 756 754
761 763 765 767
761 759 757 755
762 764 766 768
762 760 758 756
763 765 767 769
763 761 759 757
764 766 768 770
764 762 760 758
765 767 769 771
765 763 761 759
766 768 770 772
766 764 762 760
767 769 771 773
767 765 763 761
768 770 772 774
768 766 764 762
769 771 773 775
769 767 765 763
770 772 774 776
770 768 766 764
771 773 775 777
771 769 767 765
772 774 776 778
772 770 768 766
773 775 777 779
773 771 769 767
774 776 778 780
774 772 770 768
775 777 779 781
775 773 771 769
776 778 780 782
776 774 772 770
777 779 781 783
777 775 773 771
778 780 782 784
778 776 774 772
779 781 783 785
779 777 775 773
780 782 784 786
780 778 776 774
781 783 785 787
781 779 777 775
782 784 786 788
782 780 778 776
783 785 787 789
783 781 779 777
784 786 788 790
784 782 780 778
785 787 789 791
785 783 781 779
786 788 790 792
786 784 782 780
787 789 791 793
787 785 783 781
788 790 792 794
788 786 784 782
789 791 793 795
789 787 785 783
790 792 794 796
790 788 786 784
791 793 795 797
791 789 787 785
792 794 796 798
792 790 788 786
793 795 797 799
793 791 789 787
794 796 798 800
794 792 790 788
795 797 799 801
795 793 791 789
796 798 800 802
796 794 792 790
797 799 801 803
797 795 793 791
798 800 802 804
798 796 794 792
799 801 803 805
799 797 795 793
800 802 804 806
800 798 796 794
801 803 805 807
801 799 797 795
802 804 806 808
802 800 798 796
803 805 807 809
803 801 799 797
804 806 808 810
804 802 800 798
805 807 809 811
805 803 801 799
806 808 810 812
806 804 802 800
807 809 811 813
807 805 803 801
808 810 812 814
808 806 804 802
809 811 813 815
809 807 805 803
810 812 814 816
810 808 806 804
811 813 815 817
811 809 807 805
812 814 816 818
812 810 808 806
813 815 817 819
813 811 809 807
814 816 818 820
814 812 810 808
815 817 819 821
815 813 811 809
816 818 820 822
816 814 812 810
817 819 821 823
817 815 813 811
818 820 822 824
818 816 814 812
819 821 823 825
819 817 815 813
820 822 824 826
820 818 816 814
821 823 825 827
821 819 817 815
822 824 826 828
822 820 818 816
823 825 827 829
823 821 819 817
824 826 828 830
824 822 820 818
825 827 829 831
825 823 821 819
826 828 830 832
826 824 822 820
827 829 831 833
827 825 823 821
828 830 832 834
828 826 824 822
829 831 833 835
829 827 825 823
830 832 834 836
830 828 826 824
831 833 835 837
831 829 827 825
832 834 836 838
832 830 828 826
833 835 837 839
833 831 829 827
834 836 838 840
834 832 830 828
835 837 839 841
835 833 831 829
836 838 840 842
836 834 832 830
837 839 841 843
837 835 833 831
838 840 842 844
838 836 834 832
839 841 843 845
839 837 835 833
840 842 844 846
840 838 836 834
841 843 845 847
841 839 837 835
842 844 846 848
842 840 838 836
843 845 847 849
843 841 839 837
844 846 848 850
844 842 840 838
845 847 849 851
845 843 841 839
846 848 850 852
846 844 842 840
847 849 851 853
847 845 843 841
848 850 852 854
848 846 844 842
849 851 853 855
849 847 845 843
850 852 854 856
850 848 846 844
851 853 855 857
851 849 847 845
852 854 856 858
852 850 848 846
853 855 857 859
853 851 849 847
854 856 858 860
854 852 850 848
855 857 859 861
855 853 851 849
856 858 860 862
856 854 852 850
857 859 861 863
857 855 853 851
858 860 862 864
858 856 854 852
859 861 863 865
859 857 855 853
860 862 864 866
860 858 856 854
861 863 865 867
861 859 857 855
862 864 866 868
862 860 858 856
863 865 867 869
863 861 859 857
864 866 868 870
864 862 860 858
865 867 869 871
865 863 861 859
866 868 870 872
866 864 862 860
867 869 871 873
867 865 863 861
868 870 872 874
868 866 864 862
869 871 873 875
869 867 865 863
870 872 874 876
870 868 866 864
871 873 875 877
871 869 867 865
872 874 876 878
872 870 868 866
873 875 877 879
873 871 869 867
874 876 878 880
874 872 870 868
875 877 879 881
875 873 871 869
876 878 880 882
876 874 872 870
877 879 881 883
877 875 873 871
878 880 882 884
878 876 874 872
879 881 883 885
879 877 875 873
880 882 884 886
880 878 876 874
881 883 885 887
881 879 877 875
882 884 886 888
882 880 878 876
883 885 887 889
883 881 879 877
884 886 888 890
884 882 880 878
885 887 889 891
885 883 881 879
886 888 890 892
886 884 882 880
887 889 891 893
887 885 883 881
888 890 892 894
888 886 884 882
889 891 893 895
889 887 885 883
890 892 894 896
890 888 886 884
891 893 895 897
891 889 887 885
892 894 896 898
892 890 888 886
893 895 897 899
893 891 889 887
894 896 898 900
894 892 890 888
895 897 899 901
895 893 891 889
896 898 900 902
896 894 892 890
897 899 901 903
897 895 893 891
898 900 902 904
898 896 894 892
899 901 903 905
899 897 895 893
900 902 904 906
900 898 896 894
901 903 905 907
901 899 897 895
902 904 906 908
902 900 898 896
903 905 907 909
903 901 899 897
904 906 908 910
904 902 900 898
905 907 909 911
905 903 901 899
906 908 910 912
906 904 902 900
907 909 911 913
907 905 903 901
908 910 912 914
908 906 904 902
909 911 913 915
909 907 905 903
910 912 914 916
910 908 906 904
911 913 915 917
911 909 907 905
912 914 916 918
912 910 908 906
913 915 917 919
913 911 909 907
914 916 918 920
914 912 910 908
915 917 919 921
915 913 911 909
916 918 920 922
916 914 912 910
917 919 921 923
917 915 913 911
918 920 922 924
918 916 914 912
919 921 923 925
919 917 915 913
920 922 924 926
920 918 916 914
921 923 925 927
921 919 917 915
922 924 926 929
922 920 918 916
923 925 927 930
923 921 919 917
924 926 929 928
924 922 920 918
925 927 930 932
925 923 921 919
926 929 928 931
926 924 922 920
927 930 932 934
927 925 923 921
928 931 933 935
928 929 926 924
929 928 931 933
929 926 924 922
930 932 934 936
930 927 925 923
931 933 935 937
931 928 929 926
932 934 936 938
932 930 927 925
933 935 937 939
933 931 928 929
934 936 938 940
934 932 930 927
935 937 939 941
935 933 931 928
936 938 940 942
936 934 932 930
937 939 941 943
937 935 933 931
938 940 942 944
938 936 934 932
939 941 943 945
939 937 935 933
940 942 944 946
940 938 936 934
941 943 945 947
941 939 937 935
942 944 946 948
942 940 938 936
943 945 947 949
943 941 939 937
944 946 948 950
944 942 940 938
945 947 949 951
945 943 941 939
946 948 950 952
946 944 942 940
947 949 951 953
947 945 943 941
948 950 952 954
948 946 944 942
949 951 953 955
949 947 945 943
950 952 954 956
950 948 946 944
951 953 955 957
951 949 947 945
952 954 956 958
952 950 948 946
953 955 957 959
953 951 949 947
954 956 958 960
954 952 950 948
955 957 959 961
955 953 951 949
956 958 960 962
956 954 952 950
957 959 961 963
957 955 953 951
958 960 962 964
958 956 954 952
959 961 963 966
959 957 955 953
960 962 964 965
960 958 956 954
961 963 966 968
961 959 957 955
962 964 965 967
962 960 958 956
963 966 968 970
963 961 959 957
964 965 967 969
964 962 960 958
965 967 969 971
965 964 962 960
966 968 970 972
966 963 961 959
967 969 971 973
967 965 964 962
968 970 972 974
968 966 963 961
969 971 973 975
969 967 965 964
970 972 974 976
970 968 966 963
971 973 975 977
971 969 967 965
972 974 976 978
972 970 968 966
973 975 977 979
973 971 969 967
974 976 978 980
974 972 970 968
975 977 979 981
975 973 971 969
976 978 980 982
976 974 972 970
977 979 981 983
977 975 973 971
978 980 982 984
978 976 974 972
979 981 983 985
979 977 975 973
980 982 984 986
980 978 976 974
981 983 985 987
981 979 977 975
982 984 986 988
982 980 978 976
983 985 987 989
983 981 979 977
984 986 988 990
984 982 980 978
985 987 989 991
985 983 981 979
986 988 990 993
986 984 982 980
987 989 991 992
987 985 983 981
988 990 993 995
988 986 984 982
989 991 992 994
989 987 985 983
990 993 995 997
990 988 986 984
991 992 994 996
991 989 987 985
992 994 996 998
992 991 989 987
993 995 997 999
993 990 988 986
994 996 998 1000
994 992 991 989
995 997 999 1001
995 993 990 988
996 998 1000 1002
996 994 992 991
997 999 1001 1003
997 995 993 990
998 1000 1002 1004
998 996 994 992
999 1001 1003 1005
999 997 995 993
1000 1002 1004 1006
1000 998 996 994
1001 1003 1005 1007
1001 999 997 995
1002 1004 1006 1008
1002 1000 998 996
1003 1005 1007 1009
1003 1001 999 997
1004 1006 1008 1010
1004 1002 1000 998
1005 1007 1009 1011
1005 1003 1001 999
1006 1008 1010 1012
1006 1004 1002 1000
1007 1009 1011 1013
1007 1005 1003 1001
1008 1010 1012 1014
1008 1006 1004 1002
1009 1011 1013 1015
1009 1007 1005 1003
1010 1012 1014 1016
1010 1008 1006 1004
1011 1013 1015 1017
1011 1009 1007 1005
1012 1014 1016 1018
1012 1010 1008 1006
1013 1015 1017 1019
1013 1011 1009 1007
1014 1016 1018 1020
1014 1012 1010 1008
1015 1017 1019 1022
1015 1013 1011 1009
1016 1018 1020 1021
1016 1014 1012 1010
1017 1019 1022 1024
1017 1015 1013 1011
1018 1020 1021 1023
1018 1016 1014 1012
1019 1022 1024 1026
1019 1017 1015 1013
1020 1021 1023 1025
1020 1018 1016 1014
1021 1023 1025 1027
1021 1020 1018 1016
1022 1024 1026 1029
1022 1019 1017 1015
1023 1025 1027 1028
1023 1021 1020 1018
1024 1026 1029 1031
1024 1022 1019 1017
1025 1027 1028 1030
1025 1023 1021 1020
1026 1029 1031 1033
1026 1024 1022 1019
1027 1028 1030 1032
1027 1025 1023 1021
1028 1030 1032 1034
1028 1027 1025 1023
1029 1031 1033 1035
1029 1026 1024 1022
1030 1032 1034 1036
1030 1028 1027 1025
1031 1033 1035 1037
1031 1029 1026 1024
1032 1034 1036 1038
1032 1030 1028 1027
1033 1035 1037 1039
1033 1031 1029 1026
1034 1036 1038 1040
1034 1032 1030 1028
1035 1037 1039 1042
1035 1033 1031 1029
1036 1038 1040 1041
1036 1034 1032 1030
1037 1039 1042 1044
1037 1035 1033 1031
1038 1040 1041 1043
1038 1036 1034 1032
1039 1042 1044 1046
1039 1037 1035 1033
1040 1041 1043 1045
1040 1038 1036 1034
1041 1043 1045 1047
1041 1040 1038 1036
1042 1044 1046 1049
1042 1039 1037 1035
1043 1045 1047 1048
1043 1041 1040 1038
1044 1046 1049 1051
1044 1042 1039 1037
1045 1047 1048 1050
1045 1043 1041 1040
1046 1049 1051 1053
1046 1044 1042 1039
1047 1048 1050 1052
1047 1045 1043 1041
1048 1050 1052 1054
1048 1047 1045 1043
1049 1051 1053 1055
1049 1046 1044 1042
1050 1052 1054 1056
1050 1048 1047 1045
1051 1053 1055 1057
1051 1049 1046 1044
1052 1054 1056 1058
1052 1050 1048 1047
1053 1055 1057 1059
1053 1051 1049 1046
1054 1056 1058 1060
1054 1052 1050 1048
1055 1057 1059 1061
1055 1053 1051 1049
1056 1058 1060 1062
1056 1054 1052 1050
1057 1059 1061 1063
1057 1055 1053 1051
1058 1060 1062 1064
1058 1056 1054 1052
1059 1061 1063 1066
1059 1057 1055 1053
1060 1062 1064 1065
1060 1058 1056 1054
1061 1063 1066 1068
1061 1059 1057 1055
1062 1064 1065 1067
1062 1060 1058 1056
1063 1066 1068 1070
1063 1061 1059 1057
1064 1065 1067 1069
1064 1062 1060 1058
1065 1067 1069 1071
1065 1064 1062 1060
1066 1068 1070 1072
1066 1063 1061 1059
1067 1069 1071 1073
1067 1065 1064 1062
1068 1070 1072 1074
1068 1066 1063 1061
1069 1071 1073 1075
1069 1067 1065 1064
1070 1072 1074 1077
1070 1068 1066 1063
1071 1073 1075 1076
1071 1069 1067 1065
1072 1074 1077 1079
1072 1070 1068 1066
1073 1075 1076 1078
1073 1071 1069 1067
1074 1077 1079 1082
1074 1072 1070 1068
1075 1076 1078 1080
1075 1073 1071 1069
1076 1078 1080 1081
1076 1075 1073 1071
1077 1079 1082 1084
1077 1074 1072 1070
1078 1080 1081 1083
1078 1076 1075 1073
1079 1082 1084 1086
1079 1077 1074 1072
1080 1081 1083 1085
1080 1078 1076 1075
1081 1083 1085 1087
1081 1080 1078 1076
1082 1084 1086 1088
1082 1079 1077 1074
1083 1085 1087 1089
1083 1081 1080 1078
1084 1086 1088 1090
1084 1082 1079 1077
1085 1087 1089 1091
1085 1083 1081 1080
1086 1088 1090 1092
1086 1084 1082 1079
1087 1089 1091 1093
1087 1085 1083 1081
1088 1090 1092 1094
1088 1086 1084 1082
1089 1091 1093 1095
1089 1087 1085 1083
1090 1092 1094 1097
1090 1088 1086 1084
1091 1093 1095 1096
1091 1089 1087 1085
1092 1094 1097 1099
1092 1090 1088 1086
1093 1095 1096 1098
1093 1091 1089 1087
1094 1097 1099 1102
1094 1092 1090 1088
1095 1096 1098 1100
1095 1093 1091 1089
1096 1098 1100 1101
1096 1095 1093 1091
1097 1099 1102 1104
1097 1094 1092 1090
1098 1100 1101 1103
1098 1096 1095 1093
1099 1102 1104 1107
1099 1097 1094 1092
1100 1101 1103 1105
1100 1098 1096 1095
1101 1103 1105 1106
1101 1100 1098 1096
1102 1104 1107 1109
1102 1099 1097 1094
1103 1105 1106 1108
1103 1101 1100 1098
1104 1107 1109 1112
1104 1102 1099 1097
1105 1106 1108 1110
1105 1103 1101 1100
1106 1108 1110 1111
1106 1105 1103 1101
1107 1109 1112 1114
1107 1104 1102 1099
1108 1110 1111 1113
1108 1106 1105 1103
1109 1112 1114 1117
1109 1107 1104 1102
1110 1111 1113 1115
1110 1108 1106 1105
1111 1113 1115 1116
1111 1110 1108 1106
1112 1114 1117 1119
1112 1109 1107 1104
1113 1115 1116 1118
1113 1111 1110 1108
1114 1117 1119 1123
1114 1112 1109 1107
1115 1116 1118 1120
1115 1113 1111 1110
1116 1118 1120 1121
1116 1115 1113 1111
1117 1119 1123 1122
1117 1114 1112 1109
1118 1120 1121 1124
1118 1116 1115 1113
1119 1123 1122 1125
1119 1117 1114 1112
1120 1121 1124 1126
1120 1118 1116 1115
1121 1124 1126 1127
1121 1120 1118 1116
1122 1125 1128 1130
1122 1123 1119 1117
1123 1122 1125 1128
1123 1119 1117 1114
1124 1126 1127 1129
1124 1121 1120 1118
1125 1128 1130 1133
1125 1122 1123 1119
1126 1127 1129 1131
1126 1124 1121 1120
1127 1129 1131 1132
1127 1126 1124 1121
1128 1130 1133 1135
1128 1125 1122 1123
1129 1131 1132 1134
1129 1127 1126 1124
1130 1133 1135 1137
1130 1128 1125 1122
1131 1132 1134 1136
1131 1129 1127 1126
1132 1134 1136 1138
1132 1131 1129 1127
1133 1135 1137 1139
1133 1130 1128 1125
1134 1136 1138 1140
1134 1132 1131 1129
1135 1137 1139 1141
1135 1133 1130 1128
1136 1138 1140 1142
1136 1134 1132 1131
1137 1139 1141 1144
1137 1135 1133 1130
1138 1140 1142 1143
1138 1136 1134 1132
1139 1141 1144 1146
1139 1137 1135 1133
1140 1142 1143 1145
1140 1138 1136 1134
1141 1144 1146 1149
1141 1139 1137 1135
1142 1143 1145 1147
1142 1140 1138 1136
1143 1145 1147 1148
1143 1142 1140 1138
1144 1146 1149 1151
1144 1141 1139 1137
1145 1147 1148 1150
1145 1143 1142 1140
1146 1149 1151 1154
1146 1144 1141 1139
1147 1148 1150 1152
1147 1145 1143 1142
1148 1150 1152 1155
1148 1147 1145 1143
1149 1151 1154 1153
1149 1146 1144 1141
1150 1152 1155 1156
1150 1148 1147 1145
1151 1154 1153 1157
1151 1149 1146 1144
1152 1155 1156 1158
1152 1150 1148 1147
1153 1157 1160 1159
1153 1154 1151 1149
1154 1153 1157 1160
1154 1151 1149 1146
1155 1156 1158 1161
1155 1152 1150 1148
1156 1158 1161 1164
1156 1155 1152 1150
1157 1160 1159 1163
1157 1153 1154 1151
1158 1161 1164 1165
1158 1156 1155 1152
1159 1163 1162 1167
1159 1160 1157 1153
1160 1159 1163 1162
1160 1157 1153 1154
1161 1164 1165 1168
1161 1158 1156 1155
1162 1167 1166 1170
1162 1163 1159 1160
1163 1162 1167 1166
1163 1159 1160 1157
1164 1165 1168 1171
1164 1161 1158 1156
1165 1168 1171 1174
1165 1164 1161 1158
1166 1170 1169 1173
1166 1167 1162 1163
1167 1166 1170 1169
1167 1162 1163 1159
1168 1171 1174 1175
1168 1165 1164 1161
1169 1173 1172 1178
1169 1170 1166 1167
1170 1169 1173 1172
1170 1166 1167 1162
1171 1174 1175 1179
1171 1168 1165 1164
1172 1178 1177 1176
1172 1173 1169 1170
1173 1172 1178 1177
1173 1169 1170 1166
1174 1175 1179 1182
1174 1171 1168 1165
1175 1179 1182 1185
1175 1174 1171 1168
1176 1181 1180 1184
1176 1177 1178 1172
1177 1176 1181 1180
1177 1178 1172 1173
1178 1177 1176 1181
1178 1172 1173 1169
1179 1182 1185 1186
1179 1175 1174 1171
1180 1184 1183 1188
1180 1181 1176 1177
1181 1180 1184 1183
1181 1176 1177 1178
1182 1185 1186 1189
1182 1179 1175 1174
1183 1188 1187 1191
1183 1184 1180 1181
1184 1183 1188 1187
1184 1180 1181 1176
1185 1186 1189 1192
1185 1182 1179 1175
1186 1189 1192 1195
1186 1185 1182 1179
1187 1191 1190 1194
1187 1188 1183 1184
1188 1187 1191 1190
1188 1183 1184 1180
1189 1192 1195 1196
1189 1186 1185 1182
1190 1194 1193 1198
1190 1191 1187 1188
1191 1190 1194 1193
1191 1187 1188 1183
1192 1195 1196 1199
1192 1189 1186 1185
1193 1198 1197 1202
1193 1194 1190 1191
1194 1193 1198 1197
1194 1190 1191 1187
1195 1196 1199 1200
1195 1192 1189 1186
1196 1199 1200 1203
1196 1195 1192 1189
1197 1202 1201 1205
1197 1198 1193 1194
1198 1197 1202 1201
1198 1193 1194 1190
1199 1200 1203 1206
1199 1196 1195 1192
1200 1203 1206 1207
1200 1199 1196 1195
1201 1205 1204 1209
1201 1202 1197 1198
1202 1201 1205 1204
1202 1197 1198 1193
1203 1206 1207 1210
1203 1200 1199 1196
1204 1209 1208 1213
1204 1205 1201 1202
1205 1204 1209 1208
1205 1201 1202 1197
1206 1207 1210 1211
1206 1203 1200 1199
1207 1210 1211 1214
1207 1206 1203 1200
1208 1213 1212 1217
1208 1209 1204 1205
1209 1208 1213 1212
1209 1204 1205 1201
1210 1211 1214 1215
1210 1207 1206 1203
1211 1214 1215 1218
1211 1210 1207 1206
1212 1217 1216 1220
1212 1213 1208 1209
1213 1212 1217 1216
1213 1208 1209 1204
1214 1215 1218 1221
1214 1211 1210 1207
1215 1218 1221 1222
1215 1214 1211 1210
1216 1220 1219 1225
1216 1217 1212 1213
1217 1216 1220 1219
1217 1212 1213 1208
1218 1221 1222 1226
1218 1215 1214 1211
1219 1225 1224 1223
1219 1220 1216 1217
1220 1219 1225 1224
1220 1216 1217 1212
1221 1222 1226 1227
1221 1218 1215 1214
1222 1226 1227 1230
1222 1221 1218 1215
1223 1229 1228 1233
1223 1224 1225 1219
1224 1223 1229 1228
1224 1225 1219 1220
1225 1224 1223 1229
1225 1219 1220 1216
1226 1227 1230 1231
1226 1222 1221 1218
1227 1230 1231 1234
1227 1226 1222 1221
1228 1233 1232 1236
1228 1229 1223 1224
1229 1228 1233 1232
1229 1223 1224 1225
1230 1231 1234 1237
1230 1227 1226 1222
1231 1234 1237 1240
1231 1230 1227 1226
1232 1236 1235 1239
1232 1233 1228 1229
1233 1232 1236 1235
1233 1228 1229 1223
1234 1237 1240 1241
1234 1231 1230 1227
1235 1239 1238 1243
1235 1236 1232 1233
1236 1235 1239 1238
1236 1232 1233 1228
1237 1240 1241 1244
1237 1234 1231 1230
1238 1243 1242 1247
1238 1239 1235 1236
1239 1238 1243 1242
1239 1235 1236 1232
1240 1241 1244 1245
1240 1237 1234 1231
1241 1244 1245 1248
1241 1240 1237 1234
1242 1247 1246 1251
1242 1243 1238 1239
1243 1242 1247 1246
1243 1238 1239 1235
1244 1245 1248 1249
1244 1241 1240 1237
1245 1248 1249 1252
1245 1244 1241 1240
1246 1251 1250 1255
1246 1247 1242 1243
1247 1246 1251 1250
1247 1242 1243 1238
1248 1249 1252 1253
1248 1245 1244 1241
1249 1252 1253 1256
1249 1248 1245 1244
1250 1255 1254 1258
1250 1251 1246 1247
1251 1250 1255 1254
1251 1246 1247 1242
1252 1253 1256 1259
1252 1249 1248 1245
1253 1256 1259 1260
1253 1252 1249 1248
1254 1258 1257 1262
1254 1255 1250 1251
1255 1254 1258 1257
1255 1250 1251 1246
1256 1259 1260 1263
1256 1253 1252 1249
1257 1262 1261 1266
1257 1258 1254 1255
1258 1257 1262 1261
1258 1254 1255 1250
1259 1260 1263 1264
1259 1256 1253 1252
1260 1263 1264 1267
1260 1259 1256 1253
1261 1266 1265 1270
1261 1262 1257 1258
1262 1261 1266 1265
1262 1257 1258 1254
1263 1264 1267 1268
1263 1260 1259 1256
1264 1267 1268 1271
1264 1263 1260 1259
1265 1270 1269 1275
1265 1266 1261 1262
1266 1265 1270 1269
1266 1261 1262 1257
1267 1268 1271 1272
1267 1264 1263 1260
1268 1271 1272 1276
1268 1267 1264 1263
1269 1275 1274 1273
1269 1270 1265 1266
1270 1269 1275 1274
1270 1265 1266 1261
1271 1272 1276 1277
1271 1268 1267 1264
1272 1276 1277 1280
1272 1271 1268 1267
1273 1279 1278 1282
1273 1274 1275 1269
1274 1273 1279 1278
1274 1275 1269 1270
1275 1274 1273 1279
1275 1269 1270 1265
1276 1277 1280 1283
1276 1272 1271 1268
1277 1280 1283 1286
1277 1276 1272 1271
1278 1282 1281 1285
1278 1279 1273 1274
1279 1278 1282 1281
1279 1273 1274 1275
1280 1283 1286 1287
1280 1277 1276 1272
1281 1285 1284 1289
1281 1282 1278 1279
1282 1281 1285 1284
1282 1278 1279 1273
1283 1286 1287 1290
1283 1280 1277 1276
1284 1289 1288 1293
1284 1285 1281 1282
1285 1284 1289 1288
1285 1281 1282 1278
1286 1287 1290 1291
1286 1283 1280 1277
1287 1290 1291 1294
1287 1286 1283 1280
1288 1293 1292 1297
1288 1289 1284 1285
1289 1288 1293 1292
1289 1284 1285 1281
1290 1291 1294 1295
1290 1287 1286 1283
1291 1294 1295 1298
1291 1290 1287 1286
1292 1297 1296 1301
1292 1293 1288 1289
1293 1292 1297 1296
1293 1288 1289 1284
1294 1295 1298 1299
1294 1291 1290 1287
1295 1298 1299 1302
1295 1294 1291 1290
1296 1301 1300 1305
1296 1297 1292 1293
1297 1296 1301 1300
1297 1292 1293 1288
1298 1299 1302 1303
1298 1295 1294 1291
1299 1302 1303 1306
1299 1298 1295 1294
1300 1305 1304 1309
1300 1301 1296 1297
1301 1300 1305 1304
1301 1296 1297 1292
1302 1303 1306 1307
1302 1299 1298 1295
1303 1306 1307 1310
1303 1302 1299 1298
1304 1309 1308 1313
1304 1305 1300 1301
1305 1304 1309 1308
1305 1300 1301 1296
1306 1307 1310 1311
1306 1303 1302 1299
1307 1310 1311 1314
1307 1306 1303 1302
1308 1313 1312 1317
1308 1309 1304 1305
1309 1308 1313 1312
1309 1304 1305 1300
1310 1311 1314 1315
1310 1307 1306 1303
1311 1314 1315 1318
1311 1310 1307 1306
1312 1317 1316 1321
1312 1313 1308 1309
1313 1312 1317 1316
1313 1308 1309 1304
1314 1315 1318 1319
1314 1311 1310 1307
1315 1318 1319 1322
1315 1314 1311 1310
1316 1321 1320 1325
1316 1317 1312 1313
1317 1316 1321 1320
1317 1312 1313 1308
1318 1319 1322 1326
1318 1315 1314 1311
1319 1322 1326 1327
1319 1318 1315 1314
1320 1325 1324 1323
1320 1321 1316 1317
1321 1320 1325 1324
1321 1316 1317 1312
1322 1326 1327 1330
1322 1319 1318 1315
1323 1329 1328 1333
1323 1324 1325 1320
1324 1323 1329 1328
1324 1325 1320 1321
1325 1324 1323 1329
1325 1320 1321 1316
1326 1327 1330 1331
1326 1322 1319 1318
1327 1330 1331 1334
1327 1326 1322 1319
1328 1333 1332 1337
1328 1329 1323 1324
1329 1328 1333 1332
1329 1323 1324 1325
1330 1331 1334 1335
1330 1327 1326 1322
1331 1334 1335 1338
1331 1330 1327 1326
1332 1337 1336 1342
1332 1333 1328 1329
1333 1332 1337 1336
1333 1328 1329 1323
1334 1335 1338 1339
1334 1331 1330 1327
1335 1338 1339 1343
1335 1334 1331 1330
1336 1342 1341 1340
1336 1337 1332 1333
1337 1336 1342 1341
1337 1332 1333 1328
1338 1339 1343 1344
1338 1335 1334 1331
1339 1343 1344 1347
1339 1338 1335 1334
1340 1346 1345 1350
1340 1341 1342 1336
1341 1340 1346 1345
1341 1342 1336 1337
1342 1341 1340 1346
1342 1336 1337 1332
1343 1344 1347 1348
1343 1339 1338 1335
1344 1347 1348 1351
1344 1343 1339 1338
1345 1350 1349 1354
1345 1346 1340 1341
1346 1345 1350 1349
1346 1340 1341 1342
1347 1348 1351 1352
1347 1344 1343 1339
1348 1351 1352 1355
1348 1347 1344 1343
1349 1354 1353 1358
1349 1350 1345 1346
1350 1349 1354 1353
1350 1345 1346 1340
1351 1352 1355 1356
1351 1348 1347 1344
1352 1355 1356 1359
1352 1351 1348 1347
1353 1358 1357 1362
1353 1354 1349 1350
1354 1353 1358 1357
1354 1349 1350 1345
1355 1356 1359 1360
1355 1352 1351 1348
1356 1359 1360 1363
1356 1355 1352 1351
1357 1362 1361 1366
1357 1358 1353 1354
1358 1357 1362 1361
1358 1353 1354 1349
1359 1360 1363 1364
1359 1356 1355 1352
1360 1363 1364 1367
1360 1359 1356 1355
1361 1366 1365 1370
1361 1362 1357 1358
1362 1361 1366 1365
1362 1357 1358 1353
1363 1364 1367 1368
1363 1360 1359 1356
1364 1367 1368 1371
1364 1363 1360 1359
1365 1370 1369 1374
1365 1366 1361 1362
1366 1365 1370 1369
1366 1361 1362 1357
1367 1368 1371 1372
1367 1364 1363 1360
1368 1371 1372 1375
1368 1367 1364 1363
1369 1374 1373 1379
1369 1370 1365 1366
1370 1369 1374 1373
1370 1365 1366 1361
1371 1372 1375 1376
1371 1368 1367 1364
1372 1375 1376 1380
1372 1371 1368 1367
1373 1379 1378 1377
1373 1374 1369 1370
1374 1373 1379 1378
1374 1369 1370 1365
1375 1376 1380 1381
1375 1372 1371 1368
1376 1380 1381 1384
1376 1375 1372 1371
1377 1383 1382 1387
1377 1378 1379 1373
1378 1377 1383 1382
1378 1379 1373 1374
1379 1378 1377 1383
1379 1373 1374 1369
1380 1381 1384 1385
1380 1376 1375 1372
1381 1384 1385 1388
1381 1380 1376 1375
1382 1387 1386 1391
1382 1383 1377 1378
1383 1382 1387 1386
1383 1377 1378 1379
1384 1385 1388 1389
1384 1381 1380 1376
1385 1388 1389 1392
1385 1384 1381 1380
1386 1391 1390 1396
1386 1387 1382 1383
1387 1386 1391 1390
1387 1382 1383 1377
1388 1389 1392 1393
1388 1385 1384 1381
1389 1392 1393 1397
1389 1388 1385 1384
1390 1396 1395 1394
1390 1391 1386 1387
1391 1390 1396 1395
1391 1386 1387 1382
1392 1393 1397 1398
1392 1389 1388 1385
1393 1397 1398 1401
1393 1392 1389 1388
1394 1400 1399 1404
1394 1395 1396 1390
1395 1394 1400 1399
1395 1396 1390 1391
1396 1395 1394 1400
1396 1390 1391 1386
1397 1398 1401 1402
1397 1393 1392 1389
1398 1401 1402 1405
1398 1397 1393 1392
1399 1404 1403 1408
1399 1400 1394 1395
1400 1399 1404 1403
1400 1394 1395 1396
1401 1402 1405 1406
1401 1398 1397 1393
1402 1405 1406 1409
1402 1401 1398 1397
1403 1408 1407 1412
1403 1404 1399 1400
1404 1403 1408 1407
1404 1399 1400 1394
1405 1406 1409 1410
1405 1402 1401 1398
1406 1409 1410 1413
1406 1405 1402 1401
1407 1412 1411 1416
1407 1408 1403 1404
1408 1407 1412 1411
1408 1403 1404 1399
1409 1410 1413 1414
1409 1406 1405 1402
1410 1413 1414 1417
1410 1409 1406 1405
1411 1416 1415 1420
1411 1412 1407 1408
1412 1411 1416 1415
1412 1407 1408 1403
1413 1414 1417 1418
1413 1410 1409 1406
1414 1417 1418 1421
1414 1413 1410 1409
1415 1420 1419 1424
1415 1416 1411 1412
1416 1415 1420 1419
1416 1411 1412 1407
1417 1418 1421 1422
1417 1414 1413 1410
1418 1421 1422 1425
1418 1417 1414 1413
1419 1424 1423 1428
1419 1420 1415 1416
1420 1419 1424 1423
1420 1415 1416 1411
1421 1422 1425 1426
1421 1418 1417 1414
1422 1425 1426 1429
1422 1421 1418 1417
1423 1428 1427 1433
1423 1424 1419 1420
1424 1423 1428 1427
1424 1419 1420 1415
1425 1426 1429 1430
1425 1422 1421 1418
1426 1429 1430 1434
1426 1425 1422 1421
1427 1433 1432 1431
1427 1428 1423 1424
1428 1427 1433 1432
1428 1423 1424 1419
1429 1430 1434 1435
1429 1426 1425 1422
1430 1434 1435 1438
1430 1429 1426 1425
1431 1437 1436 1441
1431 1432 1433 1427
1432 1431 1437 1436
1432 1433 1427 1428
1433 1432 1431 1437
1433 1427 1428 1423
1434 1435 1438 1439
1434 1430 1429 1426
1435 1438 1439 1442
1435 1434 1430 1429
1436 1441 1440 1445
1436 1437 1431 1432
1437 1436 1441 1440
1437 1431 1432 1433
1438 1439 1442 1443
1438 1435 1434 1430
1439 1442 1443 1446
1439 1438 1435 1434
1440 1445 1444 1450
1440 1441 1436 1437
1441 1440 1445 1444
1441 1436 1437 1431
1442 1443 1446 1447
1442 1439 1438 1435
1443 1446 1447 1451
1443 1442 1439 1438
1444 1450 1449 1448
1444 1445 1440 1441
1445 1444 1450 1449
1445 1440 1441 1436
1446 1447 1451 1452
1446 1443 1442 1439
1447 1451 1452 1453
1447 1446 1443 1442
1448 1455 1454 1464
1448 1449 1450 1444
1449 1448 1455 1454
1449 1450 1444 1445
1450 1449 1448 1455
1450 1444 1445 1440
1451 1452 1453 1456
1451 1447 1446 1443
1452 1453 1456 1457
1452 1451 1447 1446
1453 1456 1457 1458
1453 1452 1451 1447
1454 1464 1463 1480
1454 1455 1448 1449
1455 1454 1464 1463
1455 1448 1449 1450
1456 1457 1458 1459
1456 1453 1452 1451
1457 1458 1459 1460
1457 1456 1453 1452
1458 1459 1460 1461
1458 1457 1456 1453
1459 1460 1461 1462
1459 1458 1457 1456
1460 1461 1462 1465
1460 1459 1458 1457
1461 1462 1465 1466
1461 1460 1459 1458
1462 1465 1466 1467
1462 1461 1460 1459
1463 1480 1479 1502
1463 1464 1454 1455
1464 1463 1480 1479
1464 1454 1455 1448
1465 1466 1467 1468
1465 1462 1461 1460
1466 1467 1468 1469
1466 1465 1462 1461
1467 1468 1469 1470
1467 1466 1465 1462
1468 1469 1470 1471
1468 1467 1466 1465
1469 1470 1471 1472
1469 1468 1467 1466
1470 1471 1472 1473
1470 1469 1468 1467
1471 1472 1473 1474
1471 1470 1469 1468
1472 1473 1474 1475
1472 1471 1470 1469
1473 1474 1475 1476
1473 1472 1471 1470
1474 1475 1476 1477
1474 1473 1472 1471
1475 1476 1477 1478
1475 1474 1473 1472
1476 1477 1478 1481
1476 1475 1474 1473
1477 1478 1481 1482
1477 1476 1475 1474
1478 1481 1482 1483
1478 1477 1476 1475
1479 1502 1501 1518
1479 1480 1463 1464
1480 1479 1502 1501
1480 1463 1464 1454
1481 1482 1483 1484
1481 1478 1477 1476
1482 1483 1484 1485
1482 1481 1478 1477
1483 1484 1485 1486
1483 1482 1481 1478
1484 1485 1486 1487
1484 1483 1482 1481
1485 1486 1487 1488
1485 1484 1483 1482
1486 1487 1488 1489
1486 1485 1484 1483
1487 1488 1489 1490
1487 1486 1485 1484
1488 1489 1490 1491
1488 1487 1486 1485
1489 1490 1491 1492
1489 1488 1487 1486
1490 1491 1492 1493
1490 1489 1488 1487
1491 1492 1493 1494
1491 1490 1489 1488
1492 1493 1494 1495
1492 1491 1490 1489
1493 1494 1495 1496
1493 1492 1491 1490
1494 1495 1496 1497
1494 1493 1492 1491
1495 1496 1497 1498
1495 1494 1493 1492
1496 1497 1498 1499
1496 1495 1494 1493
1497 1498 1499 1500
1497 1496 1495 1494
1498 1499 1500 1503
1498 1497 1496 1495
1499 1500 1503 1504
1499 1498 1497 1496
1500 1503 1504 1505
1500 1499 1498 1497
1501 1518 1517 1540
1501 1502 1479 1480
1502 1501 1518 1517
1502 1479 1480 1463
1503 1504 1505 1506
1503 1500 1499 1498
1504 1505 1506 1507
1504 1503 1500 1499
1505 1506 1507 1508
1505 1504 1503 1500
1506 1507 1508 1509
1506 1505 1504 1503
1507 1508 1509 1510
1507 1506 1505 1504
1508 1509 1510 1511
1508 1507 1506 1505
1509 1510 1511 1512
1509 1508 1507 1506
1510 1511 1512 1513
1510 1509 1508 1507
1511 1512 1513 1514
1511 1510 1509 1508
1512 1513 1514 1515
1512 1511 1510 1509
1513 1514 1515 1516
1513 1512 1511 1510
1514 1515 1516 1519
1514 1513 1512 1511
1515 1516 1519 1520
1515 1514 1513 1512
1516 1519 1520 1521
1516 1515 1514 1513
1517 1540 1539 1557
1517 1518 1501 1502
1518 1517 1540 1539
1518 1501 1502 1479
1519 1520 1521 1522
1519 1516 1515 1514
1520 1521 1522 1523
1520 1519 1516 1515
1521 1522 1523 1524
1521 1520 1519 1516
1522 1523 1524 1525
1522 1521 1520 1519
1523 1524 1525 1526
1523 1522 1521 1520
1524 1525 1526 1527
1524 1523 1522 1521
1525 1526 1527 1528
1525 1524 1523 1522
1526 1527 1528 1529
1526 1525 1524 1523
1527 1528 1529 1530
1527 1526 1525 1524
1528 1529 1530 1531
1528 1527 1526 1525
1529 1530 1531 1532
1529 1528 1527 1526
1530 1531 1532 1533
1530 1529 1528 1527
1531 1532 1533 1534
1531 1530 1529 1528
1532 1533 1534 1535
1532 1531 1530 1529
1533 1534 1535 1536
1533 1532 1531 1530
1534 1535 1536 1537
1534 1533 1532 1531
1535 1536 1537 1538
1535 1534 1533 1532
1536 1537 1538 1541
1536 1535 1534 1533
1537 1538 1541 1542
1537 1536 1535 1534
1538 1541 1542 1543
1538 1537 1536 1535
1539 1557 1556 1579
1539 1540 1517 1518
1540 1539 1557 1556
1540 1517 1518 1501
1541 1542 1543 1544
1541 1538 1537 1536
1542 1543 1544 1545
1542 1541 1538 1537
1543 1544 1545 1546
1543 1542 1541 1538
1544 1545 1546 1547
1544 1543 1542 1541
1545 1546 1547 1548
1545 1544 1543 1542
1546 1547 1548 1549
1546 1545 1544 1543
1547 1548 1549 1550
1547 1546 1545 1544
1548 1549 1550 1551
1548 1547 1546 1545
1549 1550 1551 1552
1549 1548 1547 1546
1550 1551 1552 1553
1550 1549 1548 1547
1551 1552 1553 1554
1551 1550 1549 1548
1552 1553 1554 1555
1552 1551 1550 1549
1553 1554 1555 1558
1553 1552 1551 1550
1554 1555 1558 1559
1554 1553 1552 1551
1555 1558 1559 1560
1555 1554 1553 1552
1556 1579 1578 1577
1556 1557 1539 1540
1557 1556 1579 1578
1557 1539 1540 1517
1558 1559 1560 1561
1558 1555 1554 1553
1559 1560 1561 1562
1559 1558 1555 1554
1560 1561 1562 1563
1560 1559 1558 1555
1561 1562 1563 1564
1561 1560 1559 1558
1562 1563 1564 1565
1562 1561 1560 1559
1563 1564 1565 1566
1563 1562 1561 1560
1564 1565 1566 1567
1564 1563 1562 1561
1565 1566 1567 1568
1565 1564 1563 1562
1566 1567 1568 1569
1566 1565 1564 1563
1567 1568 1569 1570
1567 1566 1565 1564
1568 1569 1570 1571
1568 1567 1566 1565
1569 1570 1571 1572
1569 1568 1567 1566
1570 1571 1572 1573
1570 1569 1568 1567
1571 1572 1573 1574
1571 1570 1569 1568
1572 1573 1574 1575
1572 1571 1570 1569
1573 1574 1575 1576
1573 1572 1571 1570
1574 1575 1576 1577
1574 1573 1572 1571
1575 1574 1573 1572
1575 1576 1577 1578
1576 1575 1574 1573
1576 1577 1578 1579
1577 1576 1575 1574
1577 1578 1579 1556
1578 1577 1576 1575
1578 1579 1556 1557
1579 1578 1577 1576
1579 1556 1557 1539
