0 102 101 100
0 1 2 3
1 0 102 101
1 2 3 4
2 1 0 102
2 3 4 5
3 2 1 0
3 4 5 6
4 3 2 1
4 5 6 7
5 4 3 2
5 6 7 8
6 5 4 3
6 7 8 9
7 6 5 4
7 8 9 10
8 7 6 5
8 9 10 11
9 8 7 6
9 10 11 12
10 9 8 7
10 11 12 13
11 10 9 8
11 12 13 14
12 11 10 9
12 13 14 15
13 12 11 10
13 14 15 16
14 13 12 11
14 15 16 17
15 14 13 12
15 16 17 18
16 15 14 13
16 17 18 19
17 16 15 14
17 18 19 20
18 17 16 15
18 19 20 21
19 18 17 16
19 20 21 22
20 21 22 103
20 19 18 17
21 22 103 104
21 20 19 18
22 103 104 105
22 21 20 19
23 110 109 108
23 24 25 26
24 23 110 109
24 25 26 27
25 24 23 110
25 26 27 28
26 25 24 23
26 27 28 29
27 26 25 24
27 28 29 30
28 27 26 25
28 29 30 31
29 28 27 26
29 30 31 32
30 29 28 27
30 31 32 33
31 30 29 28
31 32 33 34
32 31 30 29
32 33 34 35
33 32 31 30
33 34 35 36
34 33 32 31
34 35 36 37
35 34 33 32
35 36 37 38
36 35 34 33
36 37 38 39
37 36 35 34
37 38 39 40
38 37 36 35
38 39 40 41
39 38 37 36
39 40 41 42
40 39 38 37
40 41 42 43
41 40 39 38
41 42 43 44
42 41 40 39
42 43 44 45
43 42 41 40
43 44 45 46
44 43 42 41
44 45 46 47
45 44 43 42
45 46 47 48
46 45 44 43
46 47 48 49
47 46 45 44
47 48 49 50
48 47 46 45
48 49 50 51
49 48 47 46
49 50 51 52
50 49 48 47
50 51 52 53
51 50 49 48
51 52 53 54
52 51 50 49
52 53 54 55
53 52 51 50
53 54 55 56
54 53 52 51
54 55 56 57
55 54 53 52
55 56 57 58
56 55 54 53
56 57 58 59
57 56 55 54
57 58 59 60
58 57 56 55
58 59 60 61
59 58 57 56
59 60 61 62
60 59 58 57
60 61 62 63
61 60 59 58
61 62 63 64
62 61 60 59
62 63 64 65
63 62 61 60
63 64 65 66
64 63 62 61
64 65 66 67
65 64 63 62
65 66 67 68
66 65 64 63
66 67 68 69
67 66 65 64
67 68 69 70
68 67 66 65
68 69 70 71
69 68 67 66
69 70 71 72
70 69 68 67
70 71 72 73
71 70 69 68
71 72 73 74
72 71 70 69
72 73 74 75
73 72 71 70
73 74 75 76
74 73 72 71
74 75 76 77
75 74 73 72
75 76 77 78
76 75 74 73
76 77 78 79
77 76 75 74
77 78 79 80
78 77 76 75
78 79 80 81
79 78 77 76
79 80 81 82
80 79 78 77
80 81 82 83
81 80 79 78
81 82 83 84
82 81 80 79
82 83 84 85
83 82 81 80
83 84 85 86
84 83 82 81
84 85 86 87
85 84 83 82
85 86 87 88
86 85 84 83
86 87 88 89
87 86 85 84
87 88 89 90
88 87 86 85
88 89 90 91
89 88 87 86
89 90 91 92
90 89 88 87
90 91 92 93
91 90 89 88
91 92 93 94
92 91 90 89
92 93 94 95
93 92 91 90
93 94 95 96
94 93 92 91
94 95 96 97
95 94 93 92
95 96 97 98
96 95 94 93
96 97 98 99
97 96 95 94
97 98 99 100
98 97 96 95
98 99 100 101
99 98 97 96
99 100 101 102
100 99 98 97
100 101 102 0
101 100 99 98
101 102 0 1
102 101 100 99
102 0 1 2
103 104 105 111
103 22 21 20
104 105 111 114
104 103 22 21
105 111 114 117
105 104 103 22
106 113 112 116
106 107 108 109
107 106 113 112
107 108 109 110
108 107 106 113
108 109 110 23
109 108 107 106
109 110 23 24
110 109 108 107
110 23 24 25
111 114 117 120
111 105 104 103
112 116 115 119
112 113 106 107
113 112 116 115
113 106 107 108
114 117 120 123
114 111 105 104
115 119 118 122
115 116 112 113
116 115 119 118
116 112 113 106
117 120 123 126
117 114 111 105
118 122 121 125
118 119 115 116
119 118 122 121
119 115 116 112
120 123 126 129
120 117 114 111
121 125 124 128
121 122 118 119
122 121 125 124
122 118 119 115
123 126 129 132
123 120 117 114
124 128 127 131
124 125 121 122
125 124 128 127
125 121 122 118
126 129 132 133
126 123 120 117
127 131 130 135
127 128 124 125
128 127 131 130
128 124 125 121
129 132 133 136
129 126 123 120
130 135 134 138
130 131 127 128
131 130 135 134
131 127 128 124
132 133 136 139
132 129 126 123
133 136 139 140
133 132 129 126
134 138 137 142
134 135 130 131
135 134 138 137
135 130 131 127
136 139 140 143
136 133 132 129
137 142 141 145
137 138 134 135
138 137 142 141
138 134 135 130
139 140 143 146
139 136 133 132
140 143 146 147
140 139 136 133
141 145 144 149
141 142 137 138
142 141 145 144
142 137 138 134
143 146 147 150
143 140 139 136
144 149 148 152
144 145 141 142
145 144 149 148
145 141 142 137
146 147 150 153
146 143 140 139
147 150 153 156
147 146 143 140
148 152 151 155
148 149 144 145
149 148 152 151
149 144 145 141
150 153 156 159
150 147 146 143
151 155 154 158
151 152 148 149
152 151 155 154
152 148 149 144
153 156 159 162
153 150 147 146
154 158 157 161
154 155 151 152
155 154 158 157
155 151 152 148
156 159 162 164
156 153 150 147
157 161 160 163
157 158 154 155
158 157 161 160
158 154 155 151
159 162 164 166
159 156 153 150
160 163 165 168
160 161 157 158
161 160 163 165
161 157 158 154
162 164 166 169
162 159 156 153
163 165 168 167
163 160 161 157
164 166 169 172
164 162 159 156
165 168 167 171
165 163 160 161
166 169 172 173
166 164 162 159
167 171 170 175
167 168 165 163
168 167 171 170
168 165 163 160
169 172 173 176
169 166 164 162
170 175 174 178
170 171 167 168
171 170 175 174
171 167 168 165
172 173 176 179
172 169 166 164
173 176 179 180
173 172 169 166
174 178 177 182
174 175 170 171
175 174 178 177
175 170 171 167
176 179 180 183
176 173 172 169
177 182 181 185
177 178 174 175
178 177 182 181
178 174 175 170
179 180 183 186
179 176 173 172
180 183 186 187
180 179 176 173
181 185 184 189
181 182 177 178
182 181 185 184
182 177 178 174
183 186 187 190
183 180 179 176
184 189 188 192
184 185 181 182
185 184 189 188
185 181 182 177
186 187 190 193
186 183 180 179
187 190 193 194
187 186 183 180
188 192 191 195
188 189 184 185
189 188 192 191
189 184 185 181
190 193 194 196
190 187 186 183
191 195 198 197
191 192 188 189
192 191 195 198
192 188 189 184
193 194 196 199
193 190 187 186
194 196 199 202
194 193 190 187
195 198 197 201
195 191 192 188
196 199 202 204
196 194 193 190
197 201 200 203
197 198 195 191
198 197 201 200
198 195 191 192
199 202 204 207
199 196 194 193
200 203 206 205
200 201 197 198
201 200 203 206
201 197 198 195
202 204 207 209
202 199 196 194
203 206 205 208
203 200 201 197
204 207 209 211
204 202 199 196
205 208 210 212
205 206 203 200
206 205 208 210
206 203 200 201
207 209 211 213
207 204 202 199
208 210 212 214
208 205 206 203
209 211 213 215
209 207 204 202
210 212 214 217
210 208 205 206
211 213 215 216
211 209 207 204
212 214 217 220
212 210 208 205
213 215 216 218
213 211 209 207
214 217 220 219
214 212 210 208
215 216 218 221
215 213 211 209
216 218 221 222
216 215 213 211
217 220 219 223
217 214 212 210
218 221 222 224
218 216 215 213
219 223 225 228
219 220 217 214
220 219 223 225
220 217 214 212
221 222 224 226
221 218 216 215
222 224 226 227
222 221 218 216
223 225 228 230
223 219 220 217
224 226 227 229
224 222 221 218
225 228 230 233
225 223 219 220
226 227 229 231
226 224 222 221
227 229 231 234
227 226 224 222
228 230 233 232
228 225 223 219
229 231 234 236
229 227 226 224
230 233 232 235
230 228 225 223
231 234 236 238
231 229 227 226
232 235 237 240
232 233 230 228
233 232 235 237
233 230 228 225
234 236 238 241
234 231 229 227
235 237 240 239
235 232 233 230
236 238 241 243
236 234 231 229
237 240 239 242
237 235 232 233
238 241 243 245
238 236 234 231
239 242 244 246
239 240 237 235
240 239 242 244
240 237 235 232
241 243 245 247
241 238 236 234
242 244 246 249
242 239 240 237
243 245 247 248
243 241 238 236
244 246 249 251
244 242 239 240
245 247 248 250
245 243 241 238
246 249 251 253
246 244 242 239
247 248 250 252
247 245 243 241
248 250 252 254
248 247 245 243
249 251 253 255
249 246 244 242
250 252 254 256
250 248 247 245
251 253 255 257
251 249 246 244
252 254 256 258
252 250 248 247
253 255 257 259
253 251 249 246
254 256 258 260
254 252 250 248
255 257 259 261
255 253 251 249
256 258 260 262
256 254 252 250
257 259 261 263
257 255 253 251
258 260 262 264
258 256 254 252
259 261 263 265
259 257 255 253
260 262 264 266
260 258 256 254
261 263 265 267
261 259 257 255
262 264 266 268
262 260 258 256
263 265 267 270
263 261 259 257
264 266 268 271
264 262 260 258
265 267 270 269
265 263 261 259
266 268 271 273
266 264 262 260
267 270 269 272
267 265 263 261
268 271 273 275
268 266 264 262
269 272 274 276
269 270 267 265
270 269 272 274
270 267 265 263
271 273 275 277
271 268 266 264
272 274 276 278
272 269 270 267
273 275 277 279
273 271 268 266
274 276 278 280
274 272 269 270
275 277 279 281
275 273 271 268
276 278 280 282
276 274 272 269
277 279 281 283
277 275 273 271
278 280 282 284
278 276 274 272
279 281 283 285
279 277 275 273
280 282 284 286
280 278 276 274
281 283 285 287
281 279 277 275
282 284 286 288
282 280 278 276
283 285 287 289
283 281 279 277
284 286 288 290
284 282 280 278
285 287 289 291
285 283 281 279
286 288 290 292
286 284 282 280
287 289 291 293
287 285 283 281
288 290 292 294
288 286 284 282
289 291 293 295
289 287 285 283
290 292 294 296
290 288 286 284
291 293 295 297
291 289 287 285
292 294 296 298
292 290 288 286
293 295 297 299
293 291 289 287
294 296 298 300
294 292 290 288
295 297 299 301
295 293 291 289
296 298 300 302
296 294 292 290
297 299 301 303
297 295 293 291
298 300 302 304
298 296 294 292
299 301 303 305
299 297 295 293
300 302 304 306
300 298 296 294
301 303 305 307
301 299 297 295
302 304 306 308
302 300 298 296
303 305 307 309
303 301 299 297
304 306 308 310
304 302 300 298
305 307 309 311
305 303 301 299
306 308 310 312
306 304 302 300
307 309 311 313
307 305 303 301
308 310 312 314
308 306 304 302
309 311 313 315
309 307 305 303
310 312 314 316
310 308 306 304
311 313 315 317
311 309 307 305
312 314 316 318
312 310 308 306
313 315 317 319
313 311 309 307
314 316 318 320
314 312 310 308
315 317 319 321
315 313 311 309
316 318 320 322
316 314 312 310
317 319 321 323
317 315 313 311
318 320 322 325
318 316 314 312
319 321 323 326
319 317 315 313
320 322 325 324
320 318 316 314
321 323 326 328
321 319 317 315
322 325 324 327
322 320 318 316
323 326 328 330
323 321 319 317
324 327 329 331
324 325 322 320
325 324 327 329
325 322 320 318
326 328 330 332
326 323 321 319
327 329 331 333
327 324 325 322
328 330 332 334
328 326 323 321
329 331 333 335
329 327 324 325
330 332 334 336
330 328 326 323
331 333 335 338
331 329 327 324
332 334 336 339
332 330 328 326
333 335 338 337
333 331 329 327
334 336 339 341
334 332 330 328
335 338 337 340
335 333 331 329
336 339 341 343
336 334 332 330
337 340 342 344
337 338 335 333
338 337 340 342
338 335 333 331
339 341 343 345
339 336 334 332
340 342 344 346
340 337 338 335
341 343 345 347
341 339 336 334
342 344 346 348
342 340 337 338
343 345 347 349
343 341 339 336
344 346 348 350
344 342 340 337
345 347 349 351
345 343 341 339
346 348 350 352
346 344 342 340
347 349 351 353
347 345 343 341
348 350 352 354
348 346 344 342
349 351 353 355
349 347 345 343
350 352 354 356
350 348 346 344
351 353 355 357
351 349 347 345
352 354 356 358
352 350 348 346
353 355 357 359
353 351 349 347
354 356 358 360
354 352 350 348
355 357 359 361
355 353 351 349
356 358 360 362
356 354 352 350
357 359 361 363
357 355 353 351
358 360 362 364
358 356 354 352
359 361 363 365
359 357 355 353
360 362 364 367
360 358 356 354
361 363 365 368
361 359 357 355
362 364 367 366
362 360 358 356
363 365 368 370
363 361 359 357
364 367 366 369
364 362 360 358
365 368 370 372
365 363 361 359
366 369 371 373
366 367 364 362
367 366 369 371
367 364 362 360
368 370 372 374
368 365 363 361
369 371 373 375
369 366 367 364
370 372 374 376
370 368 365 363
371 373 375 377
371 369 366 367
372 374 376 378
372 370 368 365
373 375 377 379
373 371 369 366
374 376 378 380
374 372 370 368
375 377 379 381
375 373 371 369
376 378 380 382
376 374 372 370
377 379 381 383
377 375 373 371
378 380 382 384
378 376 374 372
379 381 383 385
379 377 375 373
380 382 384 386
380 378 376 374
381 383 385 387
381 379 377 375
382 384 386 388
382 380 378 376
383 385 387 389
383 381 379 377
384 386 388 390
384 382 380 378
385 387 389 391
385 383 381 379
386 388 390 392
386 384 382 380
387 389 391 393
387 385 383 381
388 390 392 394
388 386 384 382
389 391 393 395
389 387 385 383
390 392 394 396
390 388 386 384
391 393 395 397
391 389 387 385
392 394 396 398
392 390 388 386
393 395 397 399
393 391 389 387
394 396 398 400
394 392 390 388
395 397 399 401
395 393 391 389
396 398 400 402
396 394 392 390
397 399 401 403
397 395 393 391
398 400 402 404
398 396 394 392
399 401 403 405
399 397 395 393
400 402 404 406
400 398 396 394
401 403 405 407
401 399 397 395
402 404 406 408
402 400 398 396
403 405 407 409
403 401 399 397
404 406 408 410
404 402 400 398
405 407 409 411
405 403 401 399
406 408 410 412
406 404 402 400
407 409 411 413
407 405 403 401
408 410 412 414
408 406 404 402
409 411 413 415
409 407 405 403
410 412 414 416
410 408 406 404
411 413 415 417
411 409 407 405
412 414 416 418
412 410 408 406
413 415 417 419
413 411 409 407
414 416 418 420
414 412 410 408
415 417 419 421
415 413 411 409
416 418 420 422
416 414 412 410
417 419 421 423
417 415 413 411
418 420 422 424
418 416 414 412
419 421 423 425
419 417 415 413
420 422 424 426
420 418 416 414
421 423 425 427
421 419 417 415
422 424 426 428
422 420 418 416
423 425 427 429
423 421 419 417
424 426 428 430
424 422 420 418
425 427 429 431
425 423 421 419
426 428 430 432
426 424 422 420
427 429 431 433
427 425 423 421
428 430 432 434
428 426 424 422
429 431 433 435
429 427 425 423
430 432 434 436
430 428 426 424
431 433 435 437
431 429 427 425
432 434 436 438
432 430 428 426
433 435 437 439
433 431 429 427
434 436 438 440
434 432 430 428
435 437 439 441
435 433 431 429
436 438 440 442
436 434 432 430
437 439 441 443
437 435 433 431
438 440 442 444
438 436 434 432
439 441 443 445
439 437 435 433
440 442 444 446
440 438 436 434
441 443 445 447
441 439 437 435
442 444 446 448
442 440 438 436
443 445 447 449
443 441 439 437
444 446 448 450
444 442 440 438
445 447 449 451
445 443 441 439
446 448 450 452
446 444 442 440
447 449 451 453
447 445 443 441
448 450 452 454
448 446 444 442
449 451 453 455
449 447 445 443
450 452 454 456
450 448 446 444
451 453 455 457
451 449 447 445
452 454 456 458
452 450 448 446
453 455 457 459
453 451 449 447
454 456 458 460
454 452 450 448
455 457 459 461
455 453 451 449
456 458 460 462
456 454 452 450
457 459 461 463
457 455 453 451
458 460 462 464
458 456 454 452
459 461 463 465
459 457 455 453
460 462 464 466
460 458 456 454
461 463 465 467
461 459 457 455
462 464 466 468
462 460 458 456
463 465 467 469
463 461 459 457
464 466 468 470
464 462 460 458
465 467 469 471
465 463 461 459
466 468 470 472
466 464 462 460
467 469 471 473
467 465 463 461
468 470 472 474
468 466 464 462
469 471 473 475
469 467 465 463
470 472 474 476
470 468 466 464
471 473 475 477
471 469 467 465
472 474 476 478
472 470 468 466
473 475 477 479
473 471 469 467
474 476 478 480
474 472 470 468
475 477 479 481
475 473 471 469
476 478 480 482
476 474 472 470
477 479 481 483
477 475 473 471
478 480 482 484
478 476 474 472
479 481 483 485
479 477 475 473
480 482 484 486
480 478 476 474
481 483 485 487
481 479 477 475
482 484 486 488
482 480 478 476
483 485 487 489
483 481 479 477
484 486 488 490
484 482 480 478
485 487 489 491
485 483 481 479
486 488 490 492
486 484 482 480
487 489 491 493
487 485 483 481
488 490 492 494
488 486 484 482
489 491 493 495
489 487 485 483
490 492 494 496
490 488 486 484
491 493 495 497
491 489 487 485
492 494 496 498
492 490 488 486
493 495 497 499
493 491 489 487
494 496 498 500
494 492 490 488
495 497 499 501
495 493 491 489
496 498 500 502
496 494 492 490
497 499 501 503
497 495 493 491
498 500 502 504
498 496 494 492
499 501 503 505
499 497 495 493
500 502 504 506
500 498 496 494
501 503 505 507
501 499 497 495
502 504 506 508
502 500 498 496
503 505 507 509
503 501 499 497
504 506 508 510
504 502 500 498
505 507 509 511
505 503 501 499
506 508 510 512
506 504 502 500
507 509 511 513
507 505 503 501
508 510 512 514
508 506 504 502
509 511 513 515
509 507 505 503
510 512 514 516
510 508 506 504
511 513 515 517
511 509 507 505
512 514 516 518
512 510 508 506
513 515 517 519
513 511 509 507
514 516 518 520
514 512 510 508
515 517 519 521
515 513 511 509
516 518 520 522
516 514 512 510
517 519 521 523
517 515 513 511
518 520 522 524
518 516 514 512
519 521 523 525
519 517 515 513
520 522 524 526
520 518 516 514
521 523 525 527
521 519 517 515
522 524 526 528
522 520 518 516
523 525 527 529
523 521 519 517
524 526 528 530
524 522 520 518
525 527 529 531
525 523 521 519
526 528 530 532
526 524 522 520
527 529 531 533
527 525 523 521
528 530 532 534
528 526 524 522
529 531 533 535
529 527 525 523
530 532 534 536
530 528 526 524
531 533 535 537
531 529 527 525
532 534 536 538
532 530 528 526
533 535 537 539
533 531 529 527
534 536 538 540
534 532 530 528
535 537 539 541
535 533 531 529
536 538 540 542
536 534 532 530
537 539 541 543
537 535 533 531
538 540 542 544
538 536 534 532
539 541 543 545
539 537 535 533
540 542 544 546
540 538 536 534
541 543 545 547
541 539 537 535
542 544 546 548
542 540 538 536
543 545 547 549
543 541 539 537
544 546 548 550
544 542 540 538
545 547 549 551
545 543 541 539
546 548 550 552
546 544 542 540
547 549 551 553
547 545 543 541
548 550 552 554
548 546 544 542
549 551 553 555
549 547 545 543
550 552 554 556
550 548 546 544
551 553 555 557
551 549 547 545
552 554 556 558
552 550 548 546
553 555 557 559
553 551 549 547
554 556 558 560
554 552 550 548
555 557 559 561
555 553 551 549
556 558 560 562
556 554 552 550
557 559 561 563
557 555 553 551
558 560 562 564
558 556 554 552
559 561 563 565
559 557 555 553
560 562 564 566
560 558 556 554
561 563 565 567
561 559 557 555
562 564 566 568
562 560 558 556
563 565 567 569
563 561 559 557
564 566 568 570
564 562 560 558
565 567 569 571
565 563 561 559
566 568 570 572
566 564 562 560
567 569 571 573
567 565 563 561
568 570 572 574
568 566 564 562
569 571 573 575
569 567 565 563
570 572 574 576
570 568 566 564
571 573 575 577
571 569 567 565
572 574 576 578
572 570 568 566
573 575 577 579
573 571 569 567
574 576 578 580
574 572 570 568
575 577 579 581
575 573 571 569
576 578 580 582
576 574 572 570
577 579 581 583
577 575 573 571
578 580 582 584
578 576 574 572
579 581 583 585
579 577 575 573
580 582 584 586
580 578 576 574
581 583 585 587
581 579 577 575
582 584 586 588
582 580 578 576
583 585 587 589
583 581 579 577
584 586 588 590
584 582 580 578
585 587 589 591
585 583 581 579
586 588 590 592
586 584 582 580
587 589 591 593
587 585 583 581
588 590 592 594
588 586 584 582
589 591 593 595
589 587 585 583
590 592 594 596
590 588 586 584
591 593 595 597
591 589 587 585
592 594 596 598
592 590 588 586
593 595 597 599
593 591 589 587
594 596 598 600
594 592 590 588
595 597 599 601
595 593 591 589
596 598 600 602
596 594 592 590
597 599 601 603
597 595 593 591
598 600 602 604
598 596 594 592
599 601 603 605
599 597 595 593
600 602 604 606
600 598 596 594
601 603 605 607
601 599 597 595
602 604 606 608
602 600 598 596
603 605 607 609
603 601 599 597
604 606 608 610
604 602 600 598
605 607 609 611
605 603 601 599
606 608 610 612
606 604 602 600
607 609 611 613
607 605 603 601
608 610 612 614
608 606 604 602
609 611 613 615
609 607 605 603
610 612 614 616
610 608 606 604
611 613 615 617
611 609 607 605
612 614 616 618
612 610 608 606
613 615 617 619
613 611 609 607
614 616 618 620
614 612 610 608
615 617 619 621
615 613 611 609
616 618 620 622
616 614 612 610
617 619 621 623
617 615 613 611
618 620 622 624
618 616 614 612
619 621 623 625
619 617 615 613
620 622 624 626
620 618 616 614
621 623 625 627
621 619 617 615
622 624 626 628
622 620 618 616
623 625 627 629
623 621 619 617
624 626 628 630
624 622 620 618
625 627 629 631
625 623 621 619
626 628 630 632
626 624 622 620
627 629 631 633
627 625 623 621
628 630 632 634
628 626 624 622
629 631 633 635
629 627 625 623
630 632 634 636
630 628 626 624
631 633 635 637
631 629 627 625
632 634 636 638
632 630 628 626
633 635 637 639
633 631 629 627
634 636 638 640
634 632 630 628
635 637 639 641
635 633 631 629
636 638 640 642
636 634 632 630
637 639 641 643
637 635 633 631
638 640 642 644
638 636 634 632
639 641 643 645
639 637 635 633
640 642 644 646
640 638 636 634
641 643 645 647
641 639 637 635
642 644 646 648
642 640 638 636
643 645 647 649
643 641 639 637
644 646 648 650
644 642 640 638
645 647 649 651
645 643 641 639
646 648 650 652
646 644 642 640
647 649 651 653
647 645 643 641
648 650 652 654
648 646 644 642
649 651 653 655
649 647 645 643
650 652 654 656
650 648 646 644
651 653 655 657
651 649 647 645
652 654 656 658
652 650 648 646
653 655 657 659
653 651 649 647
654 656 658 660
654 652 650 648
655 657 659 661
655 653 651 649
656 658 660 662
656 654 652 650
657 659 661 663
657 655 653 651
658 660 662 664
658 656 654 652
659 661 663 665
659 657 655 653
660 662 664 666
660 658 656 654
661 663 665 667
661 659 657 655
662 664 666 668
662 660 658 656
663 665 667 669
663 661 659 657
664 666 668 670
664 662 660 658
665 667 669 671
665 663 661 659
666 668 670 672
666 664 662 660
667 669 671 673
667 665 663 661
668 670 672 674
668 666 664 662
669 671 673 675
669 667 665 663
670 672 674 676
670 668 666 664
671 673 675 677
671 669 667 665
672 674 676 678
672 670 668 666
673 675 677 679
673 671 669 667
674 676 678 680
674 672 670 668
675 677 679 681
675 673 671 669
676 678 680 682
676 674 672 670
677 679 681 683
677 675 673 671
678 680 682 684
678 676 674 672
679 681 683 685
679 677 675 673
680 682 684 686
680 678 676 674
681 683 685 687
681 679 677 675
682 684 686 688
682 680 678 676
683 685 687 689
683 681 679 677
684 686 688 690
684 682 680 678
685 687 689 691
685 683 681 679
686 688 690 692
686 684 682 680
687 689 691 693
687 685 683 681
688 690 692 694
688 686 684 682
689 691 693 695
689 687 685 683
690 692 694 696
690 688 686 684
691 693 695 697
691 689 687 685
692 694 696 698
692 690 688 686
693 695 697 699
693 691 689 687
694 696 698 701
694 692 690 688
695 697 699 702
695 693 691 689
696 698 701 700
696 694 692 690
697 699 702 704
697 695 693 691
698 701 700 703
698 696 694 692
699 702 704 706
699 697 695 693
700 703 705 707
700 701 698 696
701 700 703 705
701 698 696 694
702 704 706 708
702 699 697 695
703 705 707 709
703 700 701 698
704 706 708 710
704 702 699 697
705 707 709 711
705 703 700 701
706 708 710 712
706 704 702 699
707 709 711 713
707 705 703 700
708 710 712 714
708 706 704 702
709 711 713 715
709 707 705 703
710 712 714 716
710 708 706 704
711 713 715 717
711 709 707 705
712 714 716 718
712 710 708 706
713 715 717 719
713 711 709 707
714 716 718 720
714 712 710 708
715 717 719 721
715 713 711 709
716 718 720 722
716 714 712 710
717 719 721 723
717 715 713 711
718 720 722 724
718 716 714 712
719 721 723 725
719 717 715 713
720 722 724 726
720 718 716 714
721 723 725 727
721 719 717 715
722 724 726 728
722 720 718 716
723 725 727 729
723 721 719 717
724 726 728 730
724 722 720 718
725 727 729 731
725 723 721 719
726 728 730 732
726 724 722 720
727 729 731 733
727 725 723 721
728 730 732 734
728 726 724 722
729 731 733 735
729 727 725 723
730 732 734 736
730 728 726 724
731 733 735 737
731 729 727 725
732 734 736 738
732 730 728 726
733 735 737 739
733 731 729 727
734 736 738 740
734 732 730 728
735 737 739 741
735 733 731 729
736 738 740 742
736 734 732 730
737 739 741 743
737 735 733 731
738 740 742 744
738 736 734 732
739 741 743 745
739 737 735 733
740 742 744 746
740 738 736 734
741 743 745 747
741 739 737 735
742 744 746 748
742 740 738 736
743 745 747 749
743 741 739 737
744 746 748 750
744 742 740 738
745 747 749 751
745 743 741 739
746 748 750 752
746 744 742 740
747 749 751 753
747 745 743 741
748 750 752 754
748 746 744 742
749 751 753 755
749 747 745 743
750 752 754 756
750 748 746 744
751 753 755 757
751 749 747 745
752 754 756 758
752 750 748 746
753 755 757 759
753 751 749 747
754 756 758 760
754 752 750 748
755 757 759 761
755 753 751 749
756 758 760 762
756 754 752 750
757 759 761 763
757 755 753 751
758 760 762 764
758 756 754 752
759 761 763 765
759 757 755 753
760 762 764 766
760 758 756 754
761 763 765 767
761 759 757 755
762 764 766 768
762 760 758 756
763 765 767 769
763 761 759 757
764 766 768 770
764 762 760 758
765 767 769 771
765 763 761 759
766 768 770 772
766 764 762 760
767 769 771 773
767 765 763 761
768 770 772 774
768 766 764 762
769 771 773 775
769 767 765 763
770 772 774 776
770 768 766 764
771 773 775 777
771 769 767 765
772 774 776 778
772 770 768 766
773 775 777 779
773 771 769 767
774 776 778 780
774 772 770 768
775 777 779 781
775 773 771 769
776 778 780 782
776 774 772 770
777 779 781 783
777 775 773 771
778 780 782 784
778 776 774 772
779 781 783 785
779 777 775 773
780 782 784 786
780 778 776 774
781 783 785 787
781 779 777 775
782 784 786 788
782 780 778 776
783 785 787 789
783 781 779 777
784 786 788 790
784 782 780 778
785 787 789 791
785 783 781 779
786 788 790 792
786 784 782 780
787 789 791 793
787 785 783 781
788 790 792 794
788 786 784 782
789 791 793 795
789 787 785 783
790 792 794 796
790 788 786 784
791 793 795 797
791 789 787 785
792 794 796 798
792 790 788 786
793 795 797 799
793 791 789 787
794 796 798 800
794 792 790 788
795 797 799 801
795 793 791 789
796 798 800 802
796 794 792 790
797 799 801 803
797 795 793 791
798 800 802 804
798 796 794 792
799 801 803 805
799 797 795 793
800 802 804 806
800 798 796 794
801 803 805 807
801 799 797 795
802 804 806 808
802 800 798 796
803 805 807 809
803 801 799 797
804 806 808 810
804 802 800 798
805 807 809 811
805 803 801 799
806 808 810 812
806 804 802 800
807 809 811 813
807 805 803 801
808 810 812 814
808 806 804 802
809 811 813 815
809 807 805 803
810 812 814 816
810 808 806 804
811 813 815 817
811 809 807 805
812 814 816 818
812 810 808 806
813 815 817 819
813 811 809 807
814 816 818 820
814 812 810 808
815 817 819 821
815 813 811 809
816 818 820 822
816 814 812 810
817 819 821 823
817 815 813 811
818 820 822 824
818 816 814 812
819 821 823 825
819 817 815 813
820 822 824 826
820 818 816 814
821 823 825 827
821 819 817 815
822 824 826 828
822 820 818 816
823 825 827 829
823 821 819 817
824 826 828 830
824 822 820 818
825 827 829 831
825 823 821 819
826 828 830 832
826 824 822 820
827 829 831 833
827 825 823 821
828 830 832 834
828 826 824 822
829 831 833 835
829 827 825 823
830 832 834 836
830 828 826 824
831 833 835 837
831 829 827 825
832 834 836 838
832 830 828 826
833 835 837 839
833 831 829 827
834 836 838 840
834 832 830 828
835 837 839 841
835 833 831 829
836 838 840 842
836 834 832 830
837 839 841 843
837 835 833 831
838 840 842 844
838 836 834 832
839 841 843 845
839 837 835 833
840 842 844 846
840 838 836 834
841 843 845 847
841 839 837 835
842 844 846 848
842 840 838 836
843 845 847 849
843 841 839 837
844 846 848 850
844 842 840 838
845 847 849 851
845 843 841 839
846 848 850 852
846 844 842 840
847 849 851 853
847 845 843 841
848 850 852 854
848 846 844 842
849 851 853 855
849 847 845 843
850 852 854 856
850 848 846 844
851 853 855 857
851 849 847 845
852 854 856 858
852 850 848 846
853 855 857 859
853 851 849 847
854 856 858 860
854 852 850 848
855 857 859 862
855 853 851 849
856 858 860 863
856 854 852 850
857 859 862 861
857 855 853 851
858 860 863 865
858 856 854 852
859 862 861 864
859 857 855 853
860 863 865 867
860 858 856 854
861 864 866 868
861 862 859 857
862 861 864 866
862 859 857 855
863 865 867 869
863 860 858 856
864 866 868 870
864 861 862 859
865 867 869 871
865 863 860 858
866 868 870 872
866 864 861 862
867 869 871 873
867 865 863 860
868 870 872 874
868 866 864 861
869 871 873 875
869 867 865 863
870 872 874 876
870 868 866 864
871 873 875 877
871 869 867 865
872 874 876 878
872 870 868 866
873 875 877 879
873 871 869 867
874 876 878 880
874 872 870 868
875 877 879 881
875 873 871 869
876 878 880 882
876 874 872 870
877 879 881 883
877 875 873 871
878 880 882 884
878 876 874 872
879 881 883 885
879 877 875 873
880 882 884 886
880 878 876 874
881 883 885 887
881 879 877 875
882 884 886 888
882 880 878 876
883 885 887 889
883 881 879 877
884 886 888 890
884 882 880 878
885 887 889 891
885 883 881 879
886 888 890 892
886 884 882 880
887 889 891 893
887 885 883 881
888 890 892 894
888 886 884 882
889 891 893 895
889 887 885 883
890 892 894 896
890 888 886 884
891 893 895 897
891 889 887 885
892 894 896 898
892 890 888 886
893 895 897 899
893 891 889 887
894 896 898 900
894 892 890 888
895 897 899 901
895 893 891 889
896 898 900 902
896 894 892 890
897 899 901 903
897 895 893 891
898 900 902 904
898 896 894 892
899 901 903 905
899 897 895 893
900 902 904 906
900 898 896 894
901 903 905 907
901 899 897 895
902 904 906 908
902 900 898 896
903 905 907 909
903 901 899 897
904 906 908 910
904 902 900 898
905 907 909 911
905 903 901 899
906 908 910 912
906 904 902 900
907 909 911 913
907 905 903 901
908 910 912 914
908 906 904 902
909 911 913 915
909 907 905 903
910 912 914 916
910 908 906 904
911 913 915 917
911 909 907 905
912 914 916 918
912 910 908 906
913 915 917 919
913 911 909 907
914 916 918 920
914 912 910 908
915 917 919 921
915 913 911 909
916 918 920 922
916 914 912 910
917 919 921 923
917 915 913 911
918 920 922 924
918 916 914 912
919 921 923 925
919 917 915 913
920 922 924 926
920 918 916 914
921 923 925 927
921 919 917 915
922 924 926 928
922 920 918 916
923 925 927 929
923 921 919 917
924 926 928 930
924 922 920 918
925 927 929 931
925 923 921 919
926 928 930 932
926 924 922 920
927 929 931 933
927 925 923 921
928 930 932 934
928 926 924 922
929 931 933 935
929 927 925 923
930 932 934 936
930 928 926 924
931 933 935 937
931 929 927 925
932 934 936 938
932 930 928 926
933 935 937 939
933 931 929 927
934 936 938 940
934 932 930 928
935 937 939 941
935 933 931 929
936 938 940 942
936 934 932 930
937 939 941 943
937 935 933 931
938 940 942 944
938 936 934 932
939 941 943 945
939 937 935 933
940 942 944 946
940 938 936 934
941 943 945 947
941 939 937 935
942 944 946 948
942 940 938 936
943 945 947 949
943 941 939 937
944 946 948 950
944 942 940 938
945 947 949 951
945 943 941 939
946 948 950 952
946 944 942 940
947 949 951 953
947 945 943 941
948 950 952 955
948 946 944 942
949 951 953 954
949 947 945 943
950 952 955 957
950 948 946 944
951 953 954 956
951 949 947 945
952 955 957 959
952 950 948 946
953 954 956 958
953 951 949 947
954 956 958 960
954 953 951 949
955 957 959 961
955 952 950 948
956 958 960 962
956 954 953 951
957 959 961 963
957 955 952 950
958 960 962 964
958 956 954 953
959 961 963 965
959 957 955 952
960 962 964 966
960 958 956 954
961 963 965 967
961 959 957 955
962 964 966 968
962 960 958 956
963 965 967 970
963 961 959 957
964 966 968 969
964 962 960 958
965 967 970 972
965 963 961 959
966 968 969 971
966 964 962 960
967 970 972 974
967 965 963 961
968 969 971 973
968 966 964 962
969 971 973 975
969 968 966 964
970 972 974 976
970 967 965 963
971 973 975 977
971 969 968 966
972 974 976 978
972 970 967 965
973 975 977 979
973 971 969 968
974 976 978 980
974 972 970 967
975 977 979 981
975 973 971 969
976 978 980 982
976 974 972 970
977 979 981 983
977 975 973 971
978 980 982 984
978 976 974 972
979 981 983 985
979 977 975 973
980 982 984 987
980 978 976 974
981 983 985 986
981 979 977 975
982 984 987 989
982 980 978 976
983 985 986 988
983 981 979 977
984 987 989 991
984 982 980 978
985 986 988 990
985 983 981 979
986 988 990 992
986 985 983 981
987 989 991 993
987 984 982 980
988 990 992 994
988 986 985 983
989 991 993 995
989 987 984 982
990 992 994 996
990 988 986 985
991 993 995 997
991 989 987 984
992 994 996 998
992 990 988 986
993 995 997 1000
993 991 989 987
994 996 998 999
994 992 990 988
995 997 1000 1002
995 993 991 989
996 998 999 1001
996 994 992 990
997 1000 1002 1006
997 995 993 991
998 999 1001 1003
998 996 994 992
999 1001 1003 1004
999 998 996 994
1000 1002 1006 1005
1000 997 995 993
1001 1003 1004 1007
1001 999 998 996
1002 1006 1005 1009
1002 1000 997 995
1003 1004 1007 1008
1003 1001 999 998
1004 1007 1008 1010
1004 1003 1001 999
1005 1009 1011 1014
1005 1006 1002 1000
1006 1005 1009 1011
1006 1002 1000 997
1007 1008 1010 1012
1007 1004 1003 1001
1008 1010 1012 1013
1008 1007 1004 1003
1009 1011 1014 1017
1009 1005 1006 1002
1010 1012 1013 1015
1010 1008 1007 1004
1011 1014 1017 1021
1011 1009 1005 1006
1012 1013 1015 1016
1012 1010 1008 1007
1013 1015 1016 1018
1013 1012 1010 1008
1014 1017 1021 1025
1014 1011 1009 1005
1015 1016 1018 1019
1015 1013 1012 1010
1016 1018 1019 1020
1016 1015 1013 1012
1017 1021 1025 1029
1017 1014 1011 1009
1018 1019 1020 1022
1018 1016 1015 1013
1019 1020 1022 1023
1019 1018 1016 1015
1020 1022 1023 1024
1020 1019 1018 1016
1021 1025 1029 1037
1021 1017 1014 1011
1022 1023 1024 1026
1022 1020 1019 1018
1023 1024 1026 1027
1023 1022 1020 1019
1024 1026 1027 1028
1024 1023 1022 1020
1025 1029 1037 1045
1025 1021 1017 1014
1026 1027 1028 1030
1026 1024 1023 1022
1027 1028 1030 1031
1027 1026 1024 1023
1028 1030 1031 1032
1028 1027 1026 1024
1029 1037 1045 1057
1029 1025 1021 1017
1030 1031 1032 1033
1030 1028 1027 1026
1031 1032 1033 1034
1031 1030 1028 1027
1032 1033 1034 1035
1032 1031 1030 1028
1033 1034 1035 1036
1033 1032 1031 1030
1034 1035 1036 1038
1034 1033 1032 1031
1035 1036 1038 1039
1035 1034 1033 1032
1036 1038 1039 1040
1036 1035 1034 1033
1037 1045 1057 1067
1037 1045 1092 1091
1037 1029 1025 1021
1038 1039 1040 1041
1038 1036 1035 1034
1039 1040 1041 1042
1039 1038 1036 1035
1040 1041 1042 1043
1040 1039 1038 1036
1041 1042 1043 1044
1041 1040 1039 1038
1042 1043 1044 1046
1042 1041 1040 1039
1043 1044 1046 1047
1043 1042 1041 1040
1044 1046 1047 1048
1044 1043 1042 1041
1045 1057 1067 1092
1045 1057 1092 1091
1045 1037 1029 1025
1046 1047 1048 1049
1046 1044 1043 1042
1047 1048 1049 1050
1047 1046 1044 1043
1048 1049 1050 1051
1048 1047 1046 1044
1049 1050 1051 1052
1049 1048 1047 1046
1050 1051 1052 1053
1050 1049 1048 1047
1051 1052 1053 1054
1051 1050 1049 1048
1052 1053 1054 1055
1052 1051 1050 1049
1053 1054 1055 1056
1053 1052 1051 1050
1054 1055 1056 1058
1054 1053 1052 1051
1055 1056 1058 1059
1055 1054 1053 1052
1056 1058 1059 1060
1056 1055 1054 1053
1057 1067 1092 1091
1057 1045 1037 1029
1058 1059 1060 1061
1058 1056 1055 1054
1059 1060 1061 1062
1059 1058 1056 1055
1060 1061 1062 1063
1060 1059 1058 1056
1061 1062 1063 1064
1061 1060 1059 1058
1062 1063 1064 1065
1062 1061 1060 1059
1063 1064 1065 1066
1063 1062 1061 1060
1064 1065 1066 1068
1064 1063 1062 1061
1065 1066 1068 1069
1065 1064 1063 1062
1066 1068 1069 1070
1066 1065 1064 1063
1067 1092 1091 1157
1067 1057 1045 1037
1068 1069 1070 1071
1068 1066 1065 1064
1069 1070 1071 1072
1069 1068 1066 1065
1070 1071 1072 1073
1070 1069 1068 1066
1071 1072 1073 1074
1071 1070 1069 1068
1072 1073 1074 1075
1072 1071 1070 1069
1073 1074 1075 1076
1073 1072 1071 1070
1074 1075 1076 1077
1074 1073 1072 1071
1075 1076 1077 1078
1075 1074 1073 1072
1076 1077 1078 1079
1076 1075 1074 1073
1077 1078 1079 1080
1077 1076 1075 1074
1078 1079 1080 1081
1078 1077 1076 1075
1079 1080 1081 1082
1079 1078 1077 1076
1080 1081 1082 1083
1080 1079 1078 1077
1081 1082 1083 1084
1081 1080 1079 1078
1082 1083 1084 1085
1082 1081 1080 1079
1083 1084 1085 1086
1083 1082 1081 1080
1084 1085 1086 1087
1084 1083 1082 1081
1085 1086 1087 1088
1085 1084 1083 1082
1086 1087 1088 1089
1086 1085 1084 1083
1087 1088 1089 1090
1087 1086 1085 1084
1088 1089 1090 1093
1088 1087 1086 1085
1089 1090 1093 1094
1089 1088 1087 1086
1090 1093 1094 1095
1090 1089 1088 1087
1091 1157 1156 1179
1091 1092 1067 1057
1092 1091 1157 1156
1092 1067 1057 1045
1093 1094 1095 1096
1093 1090 1089 1088
1094 1095 1096 1097
1094 1093 1090 1089
1095 1096 1097 1098
1095 1094 1093 1090
1096 1097 1098 1099
1096 1095 1094 1093
1097 1098 1099 1100
1097 1096 1095 1094
1098 1099 1100 1101
1098 1097 1096 1095
1099 1100 1101 1102
1099 1098 1097 1096
1100 1101 1102 1103
1100 1099 1098 1097
1101 1102 1103 1104
1101 1100 1099 1098
1102 1103 1104 1105
1102 1101 1100 1099
1103 1104 1105 1106
1103 1102 1101 1100
1104 1105 1106 1107
1104 1103 1102 1101
1105 1106 1107 1108
1105 1104 1103 1102
1106 1107 1108 1109
1106 1105 1104 1103
1107 1108 1109 1110
1107 1106 1105 1104
1108 1109 1110 1111
1108 1107 1106 1105
1109 1110 1111 1112
1109 1108 1107 1106
1110 1111 1112 1113
1110 1109 1108 1107
1111 1112 1113 1114
1111 1110 1109 1108
1112 1113 1114 1115
1112 1111 1110 1109
1113 1114 1115 1116
1113 1112 1111 1110
1114 1115 1116 1117
1114 1113 1112 1111
1115 1116 1117 1118
1115 1114 1113 1112
1116 1117 1118 1119
1116 1115 1114 1113
1117 1118 1119 1120
1117 1116 1115 1114
1118 1119 1120 1121
1118 1117 1116 1115
1119 1120 1121 1122
1119 1118 1117 1116
1120 1121 1122 1123
1120 1119 1118 1117
1121 1122 1123 1124
1121 1120 1119 1118
1122 1123 1124 1125
1122 1121 1120 1119
1123 1124 1125 1126
1123 1122 1121 1120
1124 1125 1126 1127
1124 1123 1122 1121
1125 1126 1127 1128
1125 1124 1123 1122
1126 1127 1128 1129
1126 1125 1124 1123
1127 1128 1129 1130
1127 1126 1125 1124
1128 1129 1130 1131
1128 1127 1126 1125
1129 1130 1131 1132
1129 1128 1127 1126
1130 1131 1132 1133
1130 1129 1128 1127
1131 1132 1133 1134
1131 1130 1129 1128
1132 1133 1134 1135
1132 1131 1130 1129
1133 1134 1135 1136
1133 1132 1131 1130
1134 1135 1136 1137
1134 1133 1132 1131
1135 1136 1137 1138
1135 1134 1133 1132
1136 1137 1138 1139
1136 1135 1134 1133
1137 1138 1139 1140
1137 1136 1135 1134
1138 1139 1140 1141
1138 1137 1136 1135
1139 1140 1141 1142
1139 1138 1137 1136
1140 1141 1142 1143
1140 1139 1138 1137
1141 1142 1143 1144
1141 1140 1139 1138
1142 1143 1144 1145
1142 1141 1140 1139
1143 1144 1145 1146
1143 1142 1141 1140
1144 1145 1146 1147
1144 1143 1142 1141
1145 1146 1147 1148
1145 1144 1143 1142
1146 1147 1148 1149
1146 1145 1144 1143
1147 1148 1149 1150
1147 1146 1145 1144
1148 1149 1150 1151
1148 1147 1146 1145
1149 1150 1151 1152
1149 1148 1147 1146
1150 1151 1152 1153
1150 1149 1148 1147
1151 1152 1153 1154
1151 1150 1149 1148
1152 1153 1154 1155
1152 1151 1150 1149
1153 1154 1155 1158
1153 1152 1151 1150
1154 1155 1158 1159
1154 1153 1152 1151
1155 1158 1159 1160
1155 1154 1153 1152
1156 1179 1178 1177
1156 1157 1091 1092
1157 1156 1179 1178
1157 1091 1092 1067
1158 1159 1160 1161
1158 1155 1154 1153
1159 1160 1161 1162
1159 1158 1155 1154
1160 1161 1162 1163
1160 1159 1158 1155
1161 1162 1163 1164
1161 1160 1159 1158
1162 1163 1164 1165
1162 1161 1160 1159
1163 1164 1165 1166
1163 1162 1161 1160
1164 1165 1166 1167
1164 1163 1162 1161
1165 1166 1167 1168
1165 1164 1163 1162
1166 1167 1168 1169
1166 1165 1164 1163
1167 1168 1169 1170
1167 1166 1165 1164
1168 1169 1170 1171
1168 1167 1166 1165
1169 1168 1167 1166
1169 1170 1171 1172
1170 1169 1168 1167
1170 1171 1172 1173
1171 1170 1169 1168
1171 1172 1173 1174
1172 1171 1170 1169
1172 1173 1174 1175
1173 1172 1171 1170
1173 1174 1175 1176
1174 1173 1172 1171
1174 1175 1176 1177
1175 1174 1173 1172
1175 1176 1177 1178
1176 1177 1178 1179
1176 1175 1174 1173
1177 1178 1179 1156
1177 1176 1175 1174
1178 1179 1156 1157
1178 1177 1176 1175
1179 1178 1177 1176
1179 1156 1157 1091
