0 45 44 43
0 1 2 3
1 0 45 44
1 2 3 4
2 1 0 45
2 3 4 5
3 2 1 0
3 4 5 6
4 3 2 1
4 5 6 7
5 4 3 2
5 6 7 8
6 5 4 3
6 7 8 9
7 6 5 4
7 8 9 10
8 7 6 5
8 9 10 11
9 8 7 6
9 10 11 12
10 9 8 7
10 11 12 13
11 10 9 8
11 12 13 14
12 11 10 9
12 13 14 15
13 12 11 10
13 14 15 16
14 13 12 11
14 15 16 17
15 14 13 12
15 16 17 18
16 15 14 13
16 17 18 19
17 18 19 20
17 16 15 14
18 19 20 21
18 17 16 15
19 20 21 46
19 18 17 16
20 21 46 47
20 19 18 17
21 46 47 65
21 20 19 18
22 64 63 62
22 23 24 25
23 22 64 63
23 24 25 26
24 23 22 64
24 25 26 27
25 24 23 22
25 26 27 28
26 25 24 23
26 27 28 29
27 26 25 24
27 28 29 30
28 27 26 25
28 29 30 31
29 28 27 26
29 30 31 32
30 29 28 27
30 31 32 33
31 30 29 28
31 32 33 34
32 31 30 29
32 33 34 35
33 32 31 30
33 34 35 36
34 33 32 31
34 35 36 37
35 34 33 32
35 36 37 38
36 35 34 33
36 37 38 39
37 36 35 34
37 38 39 40
38 37 36 35
38 39 40 41
39 38 37 36
39 40 41 42
40 39 38 37
40 41 42 43
41 40 39 38
41 42 43 44
42 41 40 39
42 43 44 45
43 42 41 40
43 44 45 0
44 43 42 41
44 45 0 1
45 44 43 42
45 0 1 2
46 47 65 90
46 21 20 19
47 65 90 91
47 46 21 20
48 89 88 87
48 49 50 51
49 48 89 88
49 50 51 52
50 49 48 89
50 51 52 53
51 50 49 48
51 52 53 54
52 51 50 49
52 53 54 55
53 52 51 50
53 54 55 56
54 53 52 51
54 55 56 57
55 54 53 52
55 56 57 58
56 55 54 53
56 57 58 59
57 56 55 54
57 58 59 60
58 57 56 55
58 59 60 61
59 58 57 56
59 60 61 62
60 59 58 57
60 61 62 63
61 60 59 58
61 62 63 64
62 61 60 59
62 63 64 22
63 62 61 60
63 64 22 23
64 63 62 61
64 22 23 24
65 90 91 110
65 47 46 21
66 109 108 107
66 67 68 69
67 66 109 108
67 68 69 70
68 67 66 109
68 69 70 71
69 68 67 66
69 70 71 72
70 69 68 67
70 71 72 73
71 70 69 68
71 72 73 74
72 71 70 69
72 73 74 75
73 72 71 70
73 74 75 76
74 73 72 71
74 75 76 77
75 74 73 72
75 76 77 78
76 75 74 73
76 77 78 79
77 76 75 74
77 78 79 80
78 77 76 75
78 79 80 81
79 78 77 76
79 80 81 82
80 79 78 77
80 81 82 83
81 80 79 78
81 82 83 84
82 81 80 79
82 83 84 85
83 82 81 80
83 84 85 86
84 83 82 81
84 85 86 87
85 84 83 82
85 86 87 88
86 85 84 83
86 87 88 89
87 86 85 84
87 88 89 48
88 87 86 85
88 89 48 49
89 88 87 86
89 48 49 50
90 91 110 134
90 65 47 46
91 110 134 140
91 90 65 47
92 133 132 131
92 93 94 95
93 92 133 132
93 94 95 96
94 93 92 133
94 95 96 97
95 94 93 92
95 96 97 98
96 95 94 93
96 97 98 99
97 96 95 94
97 98 99 100
98 97 96 95
98 99 100 101
99 98 97 96
99 100 101 102
100 99 98 97
100 101 102 103
101 100 99 98
101 102 103 104
102 101 100 99
102 103 104 105
103 102 101 100
103 104 105 106
104 103 102 101
104 105 106 107
105 104 103 102
105 106 107 108
106 105 104 103
106 107 108 109
107 106 105 104
107 108 109 66
108 107 106 105
108 109 66 67
109 108 107 106
109 66 67 68
110 134 140 144
110 91 90 65
111 139 138 137
111 112 113 114
112 111 139 138
112 113 114 115
113 112 111 139
113 114 115 116
114 113 112 111
114 115 116 117
115 114 113 112
115 116 117 118
116 115 114 113
116 117 118 119
117 116 115 114
117 118 119 120
118 117 116 115
118 119 120 121
119 118 117 116
119 120 121 122
120 119 118 117
120 121 122 123
121 120 119 118
121 122 123 124
122 121 120 119
122 123 124 125
123 122 121 120
123 124 125 126
124 123 122 121
124 125 126 127
125 124 123 122
125 126 127 128
126 125 124 123
126 127 128 129
127 126 125 124
127 128 129 130
128 127 126 125
128 129 130 131
129 128 127 126
129 130 131 132
130 129 128 127
130 131 132 133
131 130 129 128
131 132 133 92
132 131 130 129
132 133 92 93
133 132 131 130
133 92 93 94
134 140 144 148
134 110 91 90
135 143 142 141
135 136 137 138
136 135 143 142
136 137 138 139
137 136 135 143
137 138 139 111
138 137 136 135
138 139 111 112
139 138 137 136
139 111 112 113
140 144 148 149
140 134 110 91
141 147 146 145
141 142 143 135
142 141 147 146
142 143 135 136
143 142 141 147
143 135 136 137
144 148 149 153
144 140 134 110
145 152 151 150
145 146 147 141
146 145 152 151
146 147 141 142
147 146 145 152
147 141 142 143
148 149 153 157
148 144 140 134
149 153 157 161
149 148 144 140
150 156 155 154
150 151 152 145
151 150 156 155
151 152 145 146
152 151 150 156
152 145 146 147
153 157 161 164
153 149 148 144
154 160 159 158
154 155 156 150
155 154 160 159
155 156 150 151
156 155 154 160
156 150 151 152
157 161 164 167
157 153 149 148
158 163 162 166
158 159 160 154
159 158 163 162
159 160 154 155
160 159 158 163
160 154 155 156
161 164 167 168
161 157 153 149
162 166 165 170
162 163 158 159
163 162 166 165
163 158 159 160
164 167 168 171
164 161 157 153
165 170 169 173
165 166 162 163
166 165 170 169
166 162 163 158
167 168 171 174
167 164 161 157
168 171 174 178
168 167 164 161
169 173 172 177
169 170 165 166
170 169 173 172
170 165 166 162
171 174 178 182
171 168 167 164
172 177 176 175
172 173 169 170
173 172 177 176
173 169 170 165
174 178 182 185
174 171 168 167
175 181 180 179
175 176 177 172
176 175 181 180
176 177 172 173
177 176 175 181
177 172 173 169
178 182 185 186
178 174 171 168
179 184 183 188
179 180 181 175
180 179 184 183
180 181 175 176
181 180 179 184
181 175 176 177
182 185 186 189
182 178 174 171
183 188 187 191
183 184 179 180
184 183 188 187
184 179 180 181
185 186 189 192
185 182 178 174
186 189 192 196
186 185 182 178
187 191 190 195
187 188 183 184
188 187 191 190
188 183 184 179
189 192 196 200
189 186 185 182
190 195 194 193
190 191 187 188
191 190 195 194
191 187 188 183
192 196 200 203
192 189 186 185
193 199 198 197
193 194 195 190
194 193 199 198
194 195 190 191
195 194 193 199
195 190 191 187
196 200 203 204
196 192 189 186
197 202 201 206
197 198 199 193
198 197 202 201
198 199 193 194
199 198 197 202
199 193 194 195
200 203 204 207
200 196 192 189
201 206 205 210
201 202 197 198
202 201 206 205
202 197 198 199
203 204 207 211
203 200 196 192
204 207 211 214
204 203 200 196
205 210 209 208
205 206 201 202
206 205 210 209
206 201 202 197
207 211 214 217
207 204 203 200
208 213 212 216
208 209 210 205
209 208 213 212
209 210 205 206
210 209 208 213
210 205 206 201
211 214 217 221
211 207 204 203
212 216 215 220
212 213 208 209
213 212 216 215
213 208 209 210
214 217 221 222
214 211 207 204
215 220 219 218
215 216 212 213
216 215 220 219
216 212 213 208
217 221 222 225
217 214 211 207
218 224 223 227
218 219 220 215
219 218 224 223
219 220 215 216
220 219 218 224
220 215 216 212
221 222 225 228
221 217 214 211
222 225 228 231
222 221 217 214
223 227 226 230
223 224 218 219
224 223 227 226
224 218 219 220
225 228 231 234
225 222 221 217
226 230 229 233
226 227 223 224
227 226 230 229
227 223 224 218
228 231 234 238
228 225 222 221
229 233 232 237
229 230 226 227
230 229 233 232
230 226 227 223
231 234 238 239
231 228 225 222
232 237 236 235
232 233 229 230
233 232 237 236
233 229 230 226
234 238 239 242
234 231 228 225
235 241 240 245
235 236 237 232
236 235 241 240
236 237 232 233
237 236 235 241
237 232 233 229
238 239 242 246
238 234 231 228
239 242 246 249
239 238 234 231
240 245 244 243
240 241 235 236
241 240 245 244
241 235 236 237
242 246 249 253
242 239 238 234
243 248 247 252
243 244 245 240
244 243 248 247
244 245 240 241
245 244 243 248
245 240 241 235
246 249 253 256
246 242 239 238
247 252 251 250
247 248 243 244
248 247 252 251
248 243 244 245
249 253 256 257
249 246 242 239
250 255 254 260
250 251 252 247
251 250 255 254
251 252 247 248
252 251 250 255
252 247 248 243
253 256 257 261
253 249 246 242
254 260 259 258
254 255 250 251
255 254 260 259
255 250 251 252
256 257 261 264
256 253 249 246
257 261 264 267
257 256 253 249
258 263 262 266
258 259 260 254
259 258 263 262
259 260 254 255
260 259 258 263
260 254 255 250
261 264 267 270
261 257 256 253
262 266 265 269
262 263 258 259
263 262 266 265
263 258 259 260
264 267 270 273
264 261 257 256
265 269 268 272
265 266 262 263
266 265 269 268
266 262 263 258
267 270 273 274
267 264 261 257
268 272 271 276
268 269 265 266
269 268 272 271
269 265 266 262
270 273 274 277
270 267 264 261
271 276 275 279
271 272 268 269
272 271 276 275
272 268 269 265
273 274 277 280
273 270 267 264
274 277 280 283
274 273 270 267
275 279 278 282
275 276 271 272
276 275 279 278
276 271 272 268
277 280 283 286
277 274 273 270
278 282 281 285
278 279 275 276
279 278 282 281
279 275 276 271
280 283 286 290
280 277 274 273
281 285 284 289
281 282 278 279
282 281 285 284
282 278 279 275
283 286 290 291
283 280 277 274
284 289 288 287
284 285 281 282
285 284 289 288
285 281 282 278
286 290 291 294
286 283 280 277
287 293 292 296
287 288 289 284
288 287 293 292
288 289 284 285
289 288 287 293
289 284 285 281
290 291 294 297
290 286 283 280
291 294 297 300
291 290 286 283
292 296 295 299
292 293 287 288
293 292 296 295
293 287 288 289
294 297 300 303
294 291 290 286
295 299 298 302
295 296 292 293
296 295 299 298
296 292 293 287
297 300 303 306
297 294 291 290
298 302 301 305
298 299 295 296
299 298 302 301
299 295 296 292
300 303 306 307
300 297 294 291
301 305 304 309
301 302 298 299
302 301 305 304
302 298 299 295
303 306 307 310
303 300 297 294
304 309 308 312
304 305 301 302
305 304 309 308
305 301 302 298
306 307 310 313
306 303 300 297
307 310 313 316
307 306 303 300
308 312 311 315
308 309 304 305
309 308 312 311
309 304 305 301
310 313 316 319
310 307 306 303
311 315 314 318
311 312 308 309
312 311 315 314
312 308 309 304
313 316 319 322
313 310 307 306
314 318 317 321
314 315 311 312
315 314 318 317
315 311 312 308
316 319 322 323
316 313 310 307
317 321 320 325
317 318 314 315
318 317 321 320
318 314 315 311
319 322 323 326
319 316 313 310
320 325 324 328
320 321 317 318
321 320 325 324
321 317 318 314
322 323 326 329
322 319 316 313
323 326 329 332
323 322 319 316
324 328 327 331
324 325 320 321
325 324 328 327
325 320 321 317
326 329 332 335
326 323 322 319
327 331 330 334
327 328 324 325
328 327 331 330
328 324 325 320
329 332 335 338
329 326 323 322
330 334 333 337
330 331 327 328
331 330 334 333
331 327 328 324
332 335 338 339
332 329 326 323
333 337 336 341
333 334 330 331
334 333 337 336
334 330 331 327
335 338 339 342
335 332 329 326
336 341 340 344
336 337 333 334
337 336 341 340
337 333 334 330
338 339 342 345
338 335 332 329
339 342 345 348
339 338 335 332
340 344 343 347
340 341 336 337
341 340 344 343
341 336 337 333
342 345 348 351
342 339 338 335
343 347 346 350
343 344 340 341
344 343 347 346
344 340 341 336
345 348 351 354
345 342 339 338
346 350 349 353
346 347 343 344
347 346 350 349
347 343 344 340
348 351 354 355
348 345 342 339
349 353 352 356
349 350 346 347
350 349 353 352
350 346 347 343
351 354 355 357
351 348 345 342
352 356 359 358
352 353 349 350
353 352 356 359
353 349 350 346
354 355 357 360
354 351 348 345
355 357 360 363
355 354 351 348
356 359 358 362
356 352 353 349
357 360 363 366
357 355 354 351
358 362 361 365
358 359 356 352
359 358 362 361
359 356 352 353
360 363 366 368
360 357 355 354
361 365 364 367
361 362 358 359
362 361 365 364
362 358 359 356
363 366 368 369
363 360 357 355
364 367 370 373
364 365 361 362
365 364 367 370
365 361 362 358
366 368 369 371
366 363 360 357
367 370 373 372
367 364 365 361
368 369 371 374
368 366 363 360
369 371 374 377
369 368 366 363
370 373 372 376
370 367 364 365
371 374 377 379
371 369 368 366
372 376 375 378
372 373 370 367
373 372 376 375
373 370 367 364
374 377 379 382
374 371 369 368
375 378 381 380
375 376 372 373
376 375 378 381
376 372 373 370
377 379 382 383
377 374 371 369
378 381 380 385
378 375 376 372
379 382 383 386
379 377 374 371
380 385 384 387
380 381 378 375
381 380 385 384
381 378 375 376
382 383 386 388
382 379 377 374
383 386 388 391
383 382 379 377
384 387 390 389
384 385 380 381
385 384 387 390
385 380 381 378
386 388 391 394
386 383 382 379
387 390 389 393
387 384 385 380
388 391 394 396
388 386 383 382
389 393 392 395
389 390 387 384
390 389 393 392
390 387 384 385
391 394 396 397
391 388 386 383
392 395 399 398
392 393 389 390
393 392 395 399
393 389 390 387
394 396 397 400
394 391 388 386
395 399 398 402
395 392 393 389
396 397 400 403
396 394 391 388
397 400 403 405
397 396 394 391
398 402 401 404
398 399 395 392
399 398 402 401
399 395 392 393
400 403 405 408
400 397 396 394
401 404 407 406
401 402 398 399
402 401 404 407
402 398 399 395
403 405 408 410
403 400 397 396
404 407 406 409
404 401 402 398
405 408 410 411
405 403 400 397
406 409 413 412
406 407 404 401
407 406 409 413
407 404 401 402
408 410 411 414
408 405 403 400
409 413 412 415
409 406 407 404
410 411 414 416
410 408 405 403
411 414 416 418
411 410 408 405
412 415 417 420
412 413 409 406
413 412 415 417
413 409 406 407
414 416 418 421
414 411 410 408
415 417 420 419
415 412 413 409
416 418 421 423
416 414 411 410
417 420 419 422
417 415 412 413
418 421 423 424
418 416 414 411
419 422 426 425
419 420 417 415
420 419 422 426
420 417 415 412
421 423 424 427
421 418 416 414
422 426 425 428
422 419 420 417
423 424 427 429
423 421 418 416
424 427 429 432
424 423 421 418
425 428 431 430
425 426 422 419
426 425 428 431
426 422 419 420
427 429 432 434
427 424 423 421
428 431 430 433
428 425 426 422
429 432 434 437
429 427 424 423
430 433 436 435
430 431 428 425
431 430 433 436
431 428 425 426
432 434 437 438
432 429 427 424
433 436 435 439
433 430 431 428
434 437 438 440
434 432 429 427
435 439 442 441
435 436 433 430
436 435 439 442
436 433 430 431
437 438 440 443
437 434 432 429
438 440 443 445
438 437 434 432
439 442 441 444
439 435 436 433
440 443 445 447
440 438 437 434
441 444 446 448
441 442 439 435
442 441 444 446
442 439 435 436
443 445 447 449
443 440 438 437
444 446 448 451
444 441 442 439
445 447 449 450
445 443 440 438
446 448 451 453
446 444 441 442
447 449 450 452
447 445 443 440
448 451 453 455
448 446 444 441
449 450 452 454
449 447 445 443
450 452 454 456
450 449 447 445
451 453 455 458
451 448 446 444
452 454 456 459
452 450 449 447
453 455 458 457
453 451 448 446
454 456 459 461
454 452 450 449
455 458 457 460
455 453 451 448
456 459 461 462
456 454 452 450
457 460 464 463
457 458 455 453
458 457 460 464
458 455 453 451
459 461 462 465
459 456 454 452
460 464 463 466
460 457 458 455
461 462 465 467
461 459 456 454
462 465 467 469
462 461 459 456
463 466 468 470
463 464 460 457
464 463 466 468
464 460 457 458
465 467 469 471
465 462 461 459
466 468 470 472
466 463 464 460
467 469 471 473
467 465 462 461
468 470 472 476
468 466 463 464
469 471 473 474
469 467 465 462
470 472 476 475
470 468 466 463
471 473 474 477
471 469 467 465
472 476 475 478
472 470 468 466
473 474 477 479
473 471 469 467
474 477 479 481
474 473 471 469
475 478 480 482
475 476 472 470
476 475 478 480
476 472 470 468
477 479 481 483
477 474 473 471
478 480 482 484
478 475 476 472
479 481 483 485
479 477 474 473
480 482 484 488
480 478 475 476
481 483 485 486
481 479 477 474
482 484 488 487
482 480 478 475
483 485 486 489
483 481 479 477
484 488 487 490
484 482 480 478
485 486 489 491
485 483 481 479
486 489 491 493
486 485 483 481
487 490 492 494
487 488 484 482
488 487 490 492
488 484 482 480
489 491 493 495
489 486 485 483
490 492 494 496
490 487 488 484
491 493 495 497
491 489 486 485
492 494 496 499
492 490 487 488
493 495 497 498
493 491 489 486
494 496 499 501
494 492 490 487
495 497 498 500
495 493 491 489
496 499 501 503
496 494 492 490
497 498 500 502
497 495 493 491
498 500 502 504
498 497 495 493
499 501 503 505
499 496 494 492
500 502 504 506
500 498 497 495
501 503 505 507
501 499 496 494
502 504 506 508
502 500 498 497
503 505 507 510
503 501 499 496
504 506 508 509
504 502 500 498
505 507 510 513
505 503 501 499
506 508 509 511
506 504 502 500
507 510 513 512
507 505 503 501
508 509 511 514
508 506 504 502
509 511 514 516
509 508 506 504
510 513 512 515
510 507 505 503
511 514 516 518
511 509 508 506
512 515 517 520
512 513 510 507
513 512 515 517
513 510 507 505
514 516 518 521
514 511 509 508
515 517 520 519
515 512 513 510
516 518 521 522
516 514 511 509
517 520 519 523
517 515 512 513
518 521 522 524
518 516 514 511
519 523 525 528
519 520 517 515
520 519 523 525
520 517 515 512
521 522 524 526
521 518 516 514
522 524 526 529
522 521 518 516
523 525 528 527
523 519 520 517
524 526 529 531
524 522 521 518
525 528 527 530
525 523 519 520
526 529 531 533
526 524 522 521
527 530 532 536
527 528 525 523
528 527 530 532
528 525 523 519
529 531 533 534
529 526 524 522
530 532 536 535
530 527 528 525
531 533 534 537
531 529 526 524
532 536 535 538
532 530 527 528
533 534 537 539
533 531 529 526
534 537 539 541
534 533 531 529
535 538 540 542
535 536 532 530
536 535 538 540
536 532 530 527
537 539 541 543
537 534 533 531
538 540 542 544
538 535 536 532
539 541 543 545
539 537 534 533
540 542 544 547
540 538 535 536
541 543 545 546
541 539 537 534
542 544 547 549
542 540 538 535
543 545 546 548
543 541 539 537
544 547 549 551
544 542 540 538
545 546 548 550
545 543 541 539
546 548 550 552
546 545 543 541
547 549 551 553
547 544 542 540
548 550 552 554
548 546 545 543
549 551 553 555
549 547 544 542
550 552 554 556
550 548 546 545
551 553 555 559
551 549 547 544
552 554 556 557
552 550 548 546
553 555 559 558
553 551 549 547
554 556 557 560
554 552 550 548
555 559 558 561
555 553 551 549
556 557 560 562
556 554 552 550
557 560 562 564
557 556 554 552
558 561 563 565
558 559 555 553
559 558 561 563
559 555 553 551
560 562 564 566
560 557 556 554
561 563 565 567
561 558 559 555
562 564 566 568
562 560 557 556
563 565 567 570
563 561 558 559
564 566 568 569
564 562 560 557
565 567 570 572
565 563 561 558
566 568 569 571
566 564 562 560
567 570 572 574
567 565 563 561
568 569 571 573
568 566 564 562
569 571 573 575
569 568 566 564
570 572 574 576
570 567 565 563
571 573 575 577
571 569 568 566
572 574 576 578
572 570 567 565
573 575 577 579
573 571 569 568
574 576 578 581
574 572 570 567
575 577 579 580
575 573 571 569
576 578 581 583
576 574 572 570
577 579 580 582
577 575 573 571
578 581 583 585
578 576 574 572
579 580 582 584
579 577 575 573
580 582 584 586
580 579 577 575
581 583 585 587
581 578 576 574
582 584 586 588
582 580 579 577
583 585 587 589
583 581 578 576
584 586 588 590
584 582 580 579
585 587 589 592
585 583 581 578
586 588 590 591
586 584 582 580
587 589 592 594
587 585 583 581
588 590 591 593
588 586 584 582
589 592 594 596
589 587 585 583
590 591 593 595
590 588 586 584
591 593 595 597
591 590 588 586
592 594 596 598
592 589 587 585
593 595 597 599
593 591 590 588
594 596 598 600
594 592 589 587
595 597 599 601
595 593 591 590
596 598 600 603
596 594 592 589
597 599 601 602
597 595 593 591
598 600 603 605
598 596 594 592
599 601 602 604
599 597 595 593
600 603 605 607
600 598 596 594
601 602 604 606
601 599 597 595
602 604 606 608
602 601 599 597
603 605 607 609
603 600 598 596
604 606 608 610
604 602 601 599
605 607 609 611
605 603 600 598
606 608 610 612
606 604 602 601
607 609 611 614
607 605 603 600
608 610 612 613
608 606 604 602
609 611 614 616
609 607 605 603
610 612 613 615
610 608 606 604
611 614 616 618
611 609 607 605
612 613 615 617
612 610 608 606
613 615 617 619
613 612 610 608
614 616 618 620
614 611 609 607
615 617 619 621
615 613 612 610
616 618 620 622
616 614 611 609
617 619 621 623
617 615 613 612
618 620 622 624
618 616 614 611
619 621 623 625
619 617 615 613
620 622 624 626
620 618 616 614
621 623 625 627
621 619 617 615
622 624 626 628
622 620 618 616
623 625 627 629
623 621 619 617
624 626 628 630
624 622 620 618
625 627 629 631
625 623 621 619
626 628 630 632
626 624 622 620
627 629 631 633
627 625 623 621
628 630 632 634
628 626 624 622
629 631 633 635
629 627 625 623
630 632 634 636
630 628 626 624
631 633 635 637
631 629 627 625
632 634 636 638
632 630 628 626
633 635 637 639
633 631 629 627
634 636 638 640
634 632 630 628
635 637 639 641
635 633 631 629
636 638 640 642
636 634 632 630
637 639 641 643
637 635 633 631
638 640 642 644
638 636 634 632
639 641 643 645
639 637 635 633
640 642 644 646
640 638 636 634
641 643 645 647
641 639 637 635
642 644 646 648
642 640 638 636
643 645 647 649
643 641 639 637
644 646 648 651
644 642 640 638
645 647 649 652
645 643 641 639
646 648 651 650
646 644 642 640
647 649 652 654
647 645 643 641
648 651 650 653
648 646 644 642
649 652 654 656
649 647 645 643
650 653 655 657
650 651 648 646
651 650 653 655
651 648 646 644
652 654 656 658
652 649 647 645
653 655 657 659
653 650 651 648
654 656 658 660
654 652 649 647
655 657 659 661
655 653 650 651
656 658 660 662
656 654 652 649
657 659 661 663
657 655 653 650
658 660 662 664
658 656 654 652
659 661 663 665
659 657 655 653
660 662 664 666
660 658 656 654
661 663 665 667
661 659 657 655
662 664 666 668
662 660 658 656
663 665 667 669
663 661 659 657
664 666 668 670
664 662 660 658
665 667 669 671
665 663 661 659
666 668 670 672
666 664 662 660
667 669 671 673
667 665 663 661
668 670 672 674
668 666 664 662
669 671 673 675
669 667 665 663
670 672 674 676
670 668 666 664
671 673 675 677
671 669 667 665
672 674 676 678
672 670 668 666
673 675 677 679
673 671 669 667
674 676 678 680
674 672 670 668
675 677 679 681
675 673 671 669
676 678 680 682
676 674 672 670
677 679 681 683
677 675 673 671
678 680 682 684
678 676 674 672
679 681 683 685
679 677 675 673
680 682 684 686
680 678 676 674
681 683 685 687
681 679 677 675
682 684 686 688
682 680 678 676
683 685 687 689
683 681 679 677
684 686 688 690
684 682 680 678
685 687 689 691
685 683 681 679
686 688 690 692
686 684 682 680
687 689 691 693
687 685 683 681
688 690 692 694
688 686 684 682
689 691 693 695
689 687 685 683
690 692 694 696
690 688 686 684
691 693 695 697
691 689 687 685
692 694 696 698
692 690 688 686
693 695 697 699
693 691 689 687
694 696 698 700
694 692 690 688
695 697 699 701
695 693 691 689
696 698 700 702
696 694 692 690
697 699 701 703
697 695 693 691
698 700 702 704
698 696 694 692
699 701 703 705
699 697 695 693
700 702 704 706
700 698 696 694
701 703 705 707
701 699 697 695
702 704 706 708
702 700 698 696
703 705 707 709
703 701 699 697
704 706 708 710
704 702 700 698
705 707 709 711
705 703 701 699
706 708 710 712
706 704 702 700
707 709 711 713
707 705 703 701
708 710 712 714
708 706 704 702
709 711 713 715
709 707 705 703
710 712 714 716
710 708 706 704
711 713 715 717
711 709 707 705
712 714 716 718
712 710 708 706
713 715 717 719
713 711 709 707
714 716 718 720
714 712 710 708
715 717 719 721
715 713 711 709
716 718 720 722
716 714 712 710
717 719 721 723
717 715 713 711
718 720 722 724
718 716 714 712
719 721 723 725
719 717 715 713
720 722 724 726
720 718 716 714
721 723 725 727
721 719 717 715
722 724 726 728
722 720 718 716
723 725 727 729
723 721 719 717
724 726 728 730
724 722 720 718
725 727 729 731
725 723 721 719
726 728 730 732
726 724 722 720
727 729 731 733
727 725 723 721
728 730 732 734
728 726 724 722
729 731 733 735
729 727 725 723
730 732 734 736
730 728 726 724
731 733 735 737
731 729 727 725
732 734 736 738
732 730 728 726
733 735 737 739
733 731 729 727
734 736 738 740
734 732 730 728
735 737 739 741
735 733 731 729
736 738 740 742
736 734 732 730
737 739 741 743
737 735 733 731
738 740 742 744
738 736 734 732
739 741 743 745
739 737 735 733
740 742 744 746
740 738 736 734
741 743 745 747
741 739 737 735
742 744 746 748
742 740 738 736
743 745 747 749
743 741 739 737
744 746 748 750
744 742 740 738
745 747 749 751
745 743 741 739
746 748 750 752
746 744 742 740
747 749 751 753
747 745 743 741
748 750 752 754
748 746 744 742
749 751 753 755
749 747 745 743
750 752 754 756
750 748 746 744
751 753 755 757
751 749 747 745
752 754 756 758
752 750 748 746
753 755 757 759
753 751 749 747
754 756 758 760
754 752 750 748
755 757 759 761
755 753 751 749
756 758 760 762
756 754 752 750
757 759 761 763
757 755 753 751
758 760 762 764
758 756 754 752
759 761 763 765
759 757 755 753
760 762 764 766
760 758 756 754
761 763 765 767
761 759 757 755
762 764 766 768
762 760 758 756
763 765 767 769
763 761 759 757
764 766 768 770
764 762 760 758
765 767 769 771
765 763 761 759
766 768 770 772
766 764 762 760
767 769 771 773
767 765 763 761
768 770 772 774
768 766 764 762
769 771 773 775
769 767 765 763
770 772 774 776
770 768 766 764
771 773 775 777
771 769 767 765
772 774 776 778
772 770 768 766
773 775 777 779
773 771 769 767
774 776 778 780
774 772 770 768
775 777 779 781
775 773 771 769
776 778 780 782
776 774 772 770
777 779 781 783
777 775 773 771
778 780 782 784
778 776 774 772
779 781 783 785
779 777 775 773
780 782 784 786
780 778 776 774
781 783 785 787
781 779 777 775
782 784 786 788
782 780 778 776
783 785 787 789
783 781 779 777
784 786 788 790
784 782 780 778
785 787 789 791
785 783 781 779
786 788 790 792
786 784 782 780
787 789 791 793
787 785 783 781
788 790 792 794
788 786 784 782
789 791 793 795
789 787 785 783
790 792 794 796
790 788 786 784
791 793 795 797
791 789 787 785
792 794 796 798
792 790 788 786
793 795 797 799
793 791 789 787
794 796 798 800
794 792 790 788
795 797 799 801
795 793 791 789
796 798 800 802
796 794 792 790
797 799 801 803
797 795 793 791
798 800 802 804
798 796 794 792
799 801 803 805
799 797 795 793
800 802 804 806
800 798 796 794
801 803 805 807
801 799 797 795
802 804 806 808
802 800 798 796
803 805 807 809
803 801 799 797
804 806 808 810
804 802 800 798
805 807 809 811
805 803 801 799
806 808 810 812
806 804 802 800
807 809 811 813
807 805 803 801
808 810 812 814
808 806 804 802
809 811 813 815
809 807 805 803
810 812 814 816
810 808 806 804
811 813 815 817
811 809 807 805
812 814 816 818
812 810 808 806
813 815 817 819
813 811 809 807
814 816 818 820
814 812 810 808
815 817 819 821
815 813 811 809
816 818 820 822
816 814 812 810
817 819 821 823
817 815 813 811
818 820 822 824
818 816 814 812
819 821 823 825
819 817 815 813
820 822 824 826
820 818 816 814
821 823 825 827
821 819 817 815
822 824 826 828
822 820 818 816
823 825 827 829
823 821 819 817
824 826 828 830
824 822 820 818
825 827 829 831
825 823 821 819
826 828 830 832
826 824 822 820
827 829 831 833
827 825 823 821
828 830 832 834
828 826 824 822
829 831 833 835
829 827 825 823
830 832 834 836
830 828 826 824
831 833 835 837
831 829 827 825
832 834 836 838
832 830 828 826
833 835 837 839
833 831 829 827
834 836 838 840
834 832 830 828
835 837 839 841
835 833 831 829
836 838 840 842
836 834 832 830
837 839 841 843
837 835 833 831
838 840 842 844
838 836 834 832
839 841 843 845
839 837 835 833
840 842 844 846
840 838 836 834
841 843 845 847
841 839 837 835
842 844 846 848
842 840 838 836
843 845 847 849
843 841 839 837
844 846 848 850
844 842 840 838
845 847 849 851
845 843 841 839
846 848 850 852
846 844 842 840
847 849 851 853
847 845 843 841
848 850 852 854
848 846 844 842
849 851 853 855
849 847 845 843
850 852 854 856
850 848 846 844
851 853 855 857
851 849 847 845
852 854 856 858
852 850 848 846
853 855 857 859
853 851 849 847
854 856 858 860
854 852 850 848
855 857 859 861
855 853 851 849
856 858 860 862
856 854 852 850
857 859 861 863
857 855 853 851
858 860 862 864
858 856 854 852
859 861 863 865
859 857 855 853
860 862 864 866
860 858 856 854
861 863 865 867
861 859 857 855
862 864 866 868
862 860 858 856
863 865 867 869
863 861 859 857
864 866 868 870
864 862 860 858
865 867 869 871
865 863 861 859
866 868 870 872
866 864 862 860
867 869 871 873
867 865 863 861
868 870 872 874
868 866 864 862
869 871 873 875
869 867 865 863
870 872 874 876
870 868 866 864
871 873 875 877
871 869 867 865
872 874 876 878
872 870 868 866
873 875 877 879
873 871 869 867
874 876 878 880
874 872 870 868
875 877 879 881
875 873 871 869
876 878 880 882
876 874 872 870
877 879 881 883
877 875 873 871
878 880 882 884
878 876 874 872
879 881 883 885
879 877 875 873
880 882 884 886
880 878 876 874
881 883 885 887
881 879 877 875
882 884 886 888
882 880 878 876
883 885 887 889
883 881 879 877
884 886 888 890
884 882 880 878
885 887 889 891
885 883 881 879
886 888 890 892
886 884 882 880
887 889 891 893
887 885 883 881
888 890 892 894
888 886 884 882
889 891 893 895
889 887 885 883
890 892 894 896
890 888 886 884
891 893 895 897
891 889 887 885
892 894 896 898
892 890 888 886
893 895 897 899
893 891 889 887
894 896 898 900
894 892 890 888
895 897 899 901
895 893 891 889
896 898 900 902
896 894 892 890
897 899 901 903
897 895 893 891
898 900 902 904
898 896 894 892
899 901 903 905
899 897 895 893
900 902 904 906
900 898 896 894
901 903 905 907
901 899 897 895
902 904 906 908
902 900 898 896
903 905 907 909
903 901 899 897
904 906 908 910
904 902 900 898
905 907 909 911
905 903 901 899
906 908 910 912
906 904 902 900
907 909 911 913
907 905 903 901
908 910 912 914
908 906 904 902
909 911 913 915
909 907 905 903
910 912 914 916
910 908 906 904
911 913 915 917
911 909 907 905
912 914 916 918
912 910 908 906
913 915 917 919
913 911 909 907
914 916 918 920
914 912 910 908
915 917 919 921
915 913 911 909
916 918 920 922
916 914 912 910
917 919 921 923
917 915 913 911
918 920 922 924
918 916 914 912
919 921 923 925
919 917 915 913
920 922 924 926
920 918 916 914
921 923 925 927
921 919 917 915
922 924 926 928
922 920 918 916
923 925 927 929
923 921 919 917
924 926 928 930
924 922 920 918
925 927 929 931
925 923 921 919
926 928 930 932
926 924 922 920
927 929 931 933
927 925 923 921
928 930 932 934
928 926 924 922
929 931 933 935
929 927 925 923
930 932 934 936
930 928 926 924
931 933 935 937
931 929 927 925
932 934 936 938
932 930 928 926
933 935 937 939
933 931 929 927
934 936 938 940
934 932 930 928
935 937 939 941
935 933 931 929
936 938 940 942
936 934 932 930
937 939 941 943
937 935 933 931
938 940 942 944
938 936 934 932
939 941 943 945
939 937 935 933
940 942 944 946
940 938 936 934
941 943 945 947
941 939 937 935
942 944 946 948
942 940 938 936
943 945 947 949
943 941 939 937
944 946 948 950
944 942 940 938
945 947 949 951
945 943 941 939
946 948 950 952
946 944 942 940
947 949 951 953
947 945 943 941
948 950 952 954
948 946 944 942
949 951 953 955
949 947 945 943
950 952 954 956
950 948 946 944
951 953 955 957
951 949 947 945
952 954 956 958
952 950 948 946
953 955 957 959
953 951 949 947
954 956 958 960
954 952 950 948
955 957 959 961
955 953 951 949
956 958 960 962
956 954 952 950
957 959 961 963
957 955 953 951
958 960 962 964
958 956 954 952
959 961 963 965
959 957 955 953
960 962 964 966
960 958 956 954
961 963 965 967
961 959 957 955
962 964 966 968
962 960 958 956
963 965 967 969
963 961 959 957
964 966 968 970
964 962 960 958
965 967 969 971
965 963 961 959
966 968 970 972
966 964 962 960
967 969 971 973
967 965 963 961
968 970 972 974
968 966 964 962
969 971 973 975
969 967 965 963
970 972 974 976
970 968 966 964
971 973 975 977
971 969 967 965
972 974 976 979
972 970 968 966
973 975 977 978
973 971 969 967
974 976 979 981
974 972 970 968
975 977 978 980
975 973 971 969
976 979 981 983
976 974 972 970
977 978 980 982
977 975 973 971
978 980 982 984
978 977 975 973
979 981 983 985
979 976 974 972
980 982 984 986
980 978 977 975
981 983 985 987
981 979 976 974
982 984 986 988
982 980 978 977
983 985 987 989
983 981 979 976
984 986 988 990
984 982 980 978
985 987 989 991
985 983 981 979
986 988 990 992
986 984 982 980
987 989 991 993
987 985 983 981
988 990 992 994
988 986 984 982
989 991 993 995
989 987 985 983
990 992 994 996
990 988 986 984
991 993 995 997
991 989 987 985
992 994 996 998
992 990 988 986
993 995 997 999
993 991 989 987
994 996 998 1000
994 992 990 988
995 997 999 1001
995 993 991 989
996 998 1000 1002
996 994 992 990
997 999 1001 1003
997 995 993 991
998 1000 1002 1004
998 996 994 992
999 1001 1003 1005
999 997 995 993
1000 1002 1004 1006
1000 998 996 994
1001 1003 1005 1007
1001 999 997 995
1002 1004 1006 1008
1002 1000 998 996
1003 1005 1007 1009
1003 1001 999 997
1004 1006 1008 1010
1004 1002 1000 998
1005 1007 1009 1011
1005 1003 1001 999
1006 1008 1010 1012
1006 1004 1002 1000
1007 1009 1011 1013
1007 1005 1003 1001
1008 1010 1012 1014
1008 1006 1004 1002
1009 1011 1013 1015
1009 1007 1005 1003
1010 1012 1014 1016
1010 1008 1006 1004
1011 1013 1015 1017
1011 1009 1007 1005
1012 1014 1016 1018
1012 1010 1008 1006
1013 1015 1017 1019
1013 1011 1009 1007
1014 1016 1018 1020
1014 1012 1010 1008
1015 1017 1019 1021
1015 1013 1011 1009
1016 1018 1020 1022
1016 1014 1012 1010
1017 1019 1021 1023
1017 1015 1013 1011
1018 1020 1022 1024
1018 1016 1014 1012
1019 1021 1023 1025
1019 1017 1015 1013
1020 1022 1024 1026
1020 1018 1016 1014
1021 1023 1025 1027
1021 1019 1017 1015
1022 1024 1026 1028
1022 1020 1018 1016
1023 1025 1027 1029
1023 1021 1019 1017
1024 1026 1028 1030
1024 1022 1020 1018
1025 1027 1029 1031
1025 1023 1021 1019
1026 1028 1030 1032
1026 1024 1022 1020
1027 1029 1031 1033
1027 1025 1023 1021
1028 1030 1032 1034
1028 1026 1024 1022
1029 1031 1033 1035
1029 1027 1025 1023
1030 1032 1034 1036
1030 1028 1026 1024
1031 1033 1035 1037
1031 1029 1027 1025
1032 1034 1036 1038
1032 1030 1028 1026
1033 1035 1037 1039
1033 1031 1029 1027
1034 1036 1038 1040
1034 1032 1030 1028
1035 1037 1039 1041
1035 1033 1031 1029
1036 1038 1040 1042
1036 1034 1032 1030
1037 1039 1041 1043
1037 1035 1033 1031
1038 1040 1042 1044
1038 1036 1034 1032
1039 1041 1043 1045
1039 1037 1035 1033
1040 1042 1044 1046
1040 1038 1036 1034
1041 1043 1045 1047
1041 1039 1037 1035
1042 1044 1046 1048
1042 1040 1038 1036
1043 1045 1047 1049
1043 1041 1039 1037
1044 1046 1048 1050
1044 1042 1040 1038
1045 1047 1049 1051
1045 1043 1041 1039
1046 1048 1050 1052
1046 1044 1042 1040
1047 1049 1051 1053
1047 1045 1043 1041
1048 1050 1052 1054
1048 1046 1044 1042
1049 1051 1053 1055
1049 1047 1045 1043
1050 1052 1054 1056
1050 1048 1046 1044
1051 1053 1055 1057
1051 1049 1047 1045
1052 1054 1056 1058
1052 1050 1048 1046
1053 1055 1057 1059
1053 1051 1049 1047
1054 1056 1058 1060
1054 1052 1050 1048
1055 1057 1059 1061
1055 1053 1051 1049
1056 1058 1060 1062
1056 1054 1052 1050
1057 1059 1061 1064
1057 1055 1053 1051
1058 1060 1062 1063
1058 1056 1054 1052
1059 1061 1064 1066
1059 1057 1055 1053
1060 1062 1063 1065
1060 1058 1056 1054
1061 1064 1066 1068
1061 1059 1057 1055
1062 1063 1065 1067
1062 1060 1058 1056
1063 1065 1067 1069
1063 1062 1060 1058
1064 1066 1068 1070
1064 1061 1059 1057
1065 1067 1069 1071
1065 1063 1062 1060
1066 1068 1070 1072
1066 1064 1061 1059
1067 1069 1071 1073
1067 1065 1063 1062
1068 1070 1072 1074
1068 1066 1064 1061
1069 1071 1073 1075
1069 1067 1065 1063
1070 1072 1074 1076
1070 1068 1066 1064
1071 1073 1075 1077
1071 1069 1067 1065
1072 1074 1076 1078
1072 1070 1068 1066
1073 1075 1077 1079
1073 1071 1069 1067
1074 1076 1078 1080
1074 1072 1070 1068
1075 1077 1079 1081
1075 1073 1071 1069
1076 1078 1080 1082
1076 1074 1072 1070
1077 1079 1081 1083
1077 1075 1073 1071
1078 1080 1082 1084
1078 1076 1074 1072
1079 1081 1083 1085
1079 1077 1075 1073
1080 1082 1084 1086
1080 1078 1076 1074
1081 1083 1085 1087
1081 1079 1077 1075
1082 1084 1086 1088
1082 1080 1078 1076
1083 1085 1087 1089
1083 1081 1079 1077
1084 1086 1088 1090
1084 1082 1080 1078
1085 1087 1089 1091
1085 1083 1081 1079
1086 1088 1090 1092
1086 1084 1082 1080
1087 1089 1091 1093
1087 1085 1083 1081
1088 1090 1092 1094
1088 1086 1084 1082
1089 1091 1093 1095
1089 1087 1085 1083
1090 1092 1094 1096
1090 1088 1086 1084
1091 1093 1095 1097
1091 1089 1087 1085
1092 1094 1096 1098
1092 1090 1088 1086
1093 1095 1097 1099
1093 1091 1089 1087
1094 1096 1098 1100
1094 1092 1090 1088
1095 1097 1099 1101
1095 1093 1091 1089
1096 1098 1100 1102
1096 1094 1092 1090
1097 1099 1101 1103
1097 1095 1093 1091
1098 1100 1102 1104
1098 1096 1094 1092
1099 1101 1103 1105
1099 1097 1095 1093
1100 1102 1104 1106
1100 1098 1096 1094
1101 1103 1105 1107
1101 1099 1097 1095
1102 1104 1106 1108
1102 1100 1098 1096
1103 1105 1107 1109
1103 1101 1099 1097
1104 1106 1108 1110
1104 1102 1100 1098
1105 1107 1109 1111
1105 1103 1101 1099
1106 1108 1110 1112
1106 1104 1102 1100
1107 1109 1111 1113
1107 1105 1103 1101
1108 1110 1112 1114
1108 1106 1104 1102
1109 1111 1113 1115
1109 1107 1105 1103
1110 1112 1114 1116
1110 1108 1106 1104
1111 1113 1115 1117
1111 1109 1107 1105
1112 1114 1116 1118
1112 1110 1108 1106
1113 1115 1117 1119
1113 1111 1109 1107
1114 1116 1118 1120
1114 1112 1110 1108
1115 1117 1119 1121
1115 1113 1111 1109
1116 1118 1120 1122
1116 1114 1112 1110
1117 1119 1121 1123
1117 1115 1113 1111
1118 1120 1122 1124
1118 1116 1114 1112
1119 1121 1123 1125
1119 1117 1115 1113
1120 1122 1124 1126
1120 1118 1116 1114
1121 1123 1125 1127
1121 1119 1117 1115
1122 1124 1126 1128
1122 1120 1118 1116
1123 1125 1127 1129
1123 1121 1119 1117
1124 1126 1128 1131
1124 1122 1120 1118
1125 1127 1129 1130
1125 1123 1121 1119
1126 1128 1131 1133
1126 1124 1122 1120
1127 1129 1130 1132
1127 1125 1123 1121
1128 1131 1133 1135
1128 1126 1124 1122
1129 1130 1132 1134
1129 1127 1125 1123
1130 1132 1134 1136
1130 1129 1127 1125
1131 1133 1135 1137
1131 1128 1126 1124
1132 1134 1136 1138
1132 1130 1129 1127
1133 1135 1137 1139
1133 1131 1128 1126
1134 1136 1138 1140
1134 1132 1130 1129
1135 1137 1139 1141
1135 1133 1131 1128
1136 1138 1140 1142
1136 1134 1132 1130
1137 1139 1141 1143
1137 1135 1133 1131
1138 1140 1142 1144
1138 1136 1134 1132
1139 1141 1143 1145
1139 1137 1135 1133
1140 1142 1144 1146
1140 1138 1136 1134
1141 1143 1145 1147
1141 1139 1137 1135
1142 1144 1146 1148
1142 1140 1138 1136
1143 1145 1147 1149
1143 1141 1139 1137
1144 1146 1148 1150
1144 1142 1140 1138
1145 1147 1149 1151
1145 1143 1141 1139
1146 1148 1150 1152
1146 1144 1142 1140
1147 1149 1151 1153
1147 1145 1143 1141
1148 1150 1152 1154
1148 1146 1144 1142
1149 1151 1153 1155
1149 1147 1145 1143
1150 1152 1154 1156
1150 1148 1146 1144
1151 1153 1155 1157
1151 1149 1147 1145
1152 1154 1156 1158
1152 1150 1148 1146
1153 1155 1157 1159
1153 1151 1149 1147
1154 1156 1158 1160
1154 1152 1150 1148
1155 1157 1159 1161
1155 1153 1151 1149
1156 1158 1160 1162
1156 1154 1152 1150
1157 1159 1161 1163
1157 1155 1153 1151
1158 1160 1162 1164
1158 1156 1154 1152
1159 1161 1163 1165
1159 1157 1155 1153
1160 1162 1164 1166
1160 1158 1156 1154
1161 1163 1165 1167
1161 1159 1157 1155
1162 1164 1166 1168
1162 1160 1158 1156
1163 1165 1167 1169
1163 1161 1159 1157
1164 1166 1168 1170
1164 1162 1160 1158
1165 1167 1169 1171
1165 1163 1161 1159
1166 1168 1170 1172
1166 1164 1162 1160
1167 1169 1171 1173
1167 1165 1163 1161
1168 1170 1172 1174
1168 1166 1164 1162
1169 1171 1173 1175
1169 1167 1165 1163
1170 1172 1174 1176
1170 1168 1166 1164
1171 1173 1175 1177
1171 1169 1167 1165
1172 1174 1176 1178
1172 1170 1168 1166
1173 1175 1177 1179
1173 1171 1169 1167
1174 1176 1178 1180
1174 1172 1170 1168
1175 1177 1179 1181
1175 1173 1171 1169
1176 1178 1180 1182
1176 1174 1172 1170
1177 1179 1181 1183
1177 1175 1173 1171
1178 1180 1182 1184
1178 1176 1174 1172
1179 1181 1183 1185
1179 1177 1175 1173
1180 1182 1184 1186
1180 1178 1176 1174
1181 1183 1185 1188
1181 1179 1177 1175
1182 1184 1186 1187
1182 1180 1178 1176
1183 1185 1188 1190
1183 1181 1179 1177
1184 1186 1187 1189
1184 1182 1180 1178
1185 1188 1190 1192
1185 1183 1181 1179
1186 1187 1189 1191
1186 1184 1182 1180
1187 1189 1191 1193
1187 1186 1184 1182
1188 1190 1192 1194
1188 1185 1183 1181
1189 1191 1193 1195
1189 1187 1186 1184
1190 1192 1194 1196
1190 1188 1185 1183
1191 1193 1195 1197
1191 1189 1187 1186
1192 1194 1196 1198
1192 1190 1188 1185
1193 1195 1197 1199
1193 1191 1189 1187
1194 1196 1198 1200
1194 1192 1190 1188
1195 1197 1199 1201
1195 1193 1191 1189
1196 1198 1200 1203
1196 1194 1192 1190
1197 1199 1201 1204
1197 1195 1193 1191
1198 1200 1203 1202
1198 1196 1194 1192
1199 1201 1204 1206
1199 1197 1195 1193
1200 1203 1202 1205
1200 1198 1196 1194
1201 1204 1206 1208
1201 1199 1197 1195
1202 1205 1207 1209
1202 1203 1200 1198
1203 1202 1205 1207
1203 1200 1198 1196
1204 1206 1208 1210
1204 1201 1199 1197
1205 1207 1209 1211
1205 1202 1203 1200
1206 1208 1210 1212
1206 1204 1201 1199
1207 1209 1211 1213
1207 1205 1202 1203
1208 1210 1212 1214
1208 1206 1204 1201
1209 1211 1213 1215
1209 1207 1205 1202
1210 1212 1214 1216
1210 1208 1206 1204
1211 1213 1215 1218
1211 1209 1207 1205
1212 1214 1216 1219
1212 1210 1208 1206
1213 1215 1218 1217
1213 1211 1209 1207
1214 1216 1219 1220
1214 1212 1210 1208
1215 1218 1217 1221
1215 1213 1211 1209
1216 1219 1220 1222
1216 1214 1212 1210
1217 1221 1224 1223
1217 1218 1215 1213
1218 1217 1221 1224
1218 1215 1213 1211
1219 1220 1222 1225
1219 1216 1214 1212
1220 1222 1225 1227
1220 1219 1216 1214
1221 1224 1223 1226
1221 1217 1218 1215
1222 1225 1227 1229
1222 1220 1219 1216
1223 1226 1228 1230
1223 1224 1221 1217
1224 1223 1226 1228
1224 1221 1217 1218
1225 1227 1229 1231
1225 1222 1220 1219
1226 1228 1230 1232
1226 1223 1224 1221
1227 1229 1231 1233
1227 1225 1222 1220
1228 1230 1232 1234
1228 1226 1223 1224
1229 1231 1233 1235
1229 1227 1225 1222
1230 1232 1234 1236
1230 1228 1226 1223
1231 1233 1235 1237
1231 1229 1227 1225
1232 1234 1236 1239
1232 1230 1228 1226
1233 1235 1237 1240
1233 1231 1229 1227
1234 1236 1239 1238
1234 1232 1230 1228
1235 1237 1240 1242
1235 1233 1231 1229
1236 1239 1238 1241
1236 1234 1232 1230
1237 1240 1242 1244
1237 1235 1233 1231
1238 1241 1243 1245
1238 1239 1236 1234
1239 1238 1241 1243
1239 1236 1234 1232
1240 1242 1244 1246
1240 1237 1235 1233
1241 1243 1245 1247
1241 1238 1239 1236
1242 1244 1246 1248
1242 1240 1237 1235
1243 1245 1247 1250
1243 1241 1238 1239
1244 1246 1248 1249
1244 1242 1240 1237
1245 1247 1250 1252
1245 1243 1241 1238
1246 1248 1249 1251
1246 1244 1242 1240
1247 1250 1252 1255
1247 1245 1243 1241
1248 1249 1251 1253
1248 1246 1244 1242
1249 1251 1253 1256
1249 1248 1246 1244
1250 1252 1255 1254
1250 1247 1245 1243
1251 1253 1256 1257
1251 1249 1248 1246
1252 1255 1254 1258
1252 1250 1247 1245
1253 1256 1257 1259
1253 1251 1249 1248
1254 1258 1261 1260
1254 1255 1252 1250
1255 1254 1258 1261
1255 1252 1250 1247
1256 1257 1259 1262
1256 1253 1251 1249
1257 1259 1262 1264
1257 1256 1253 1251
1258 1261 1260 1263
1258 1254 1255 1252
1259 1262 1264 1265
1259 1257 1256 1253
1260 1263 1266 1268
1260 1261 1258 1254
1261 1260 1263 1266
1261 1258 1254 1255
1262 1264 1265 1267
1262 1259 1257 1256
1263 1266 1268 1270
1263 1260 1261 1258
1264 1265 1267 1269
1264 1262 1259 1257
1265 1267 1269 1271
1265 1264 1262 1259
1266 1268 1270 1274
1266 1263 1260 1261
1267 1269 1271 1272
1267 1265 1264 1262
1268 1270 1274 1273
1268 1266 1263 1260
1269 1271 1272 1275
1269 1267 1265 1264
1270 1274 1273 1276
1270 1268 1266 1263
1271 1272 1275 1277
1271 1269 1267 1265
1272 1275 1277 1280
1272 1271 1269 1267
1273 1276 1279 1278
1273 1274 1270 1268
1274 1273 1276 1279
1274 1270 1268 1266
1275 1277 1280 1282
1275 1272 1271 1269
1276 1279 1278 1281
1276 1273 1274 1270
1277 1280 1282 1284
1277 1275 1272 1271
1278 1281 1283 1285
1278 1279 1276 1273
1279 1278 1281 1283
1279 1276 1273 1274
1280 1282 1284 1286
1280 1277 1275 1272
1281 1283 1285 1287
1281 1278 1279 1276
1282 1284 1286 1288
1282 1280 1277 1275
1283 1285 1287 1289
1283 1281 1278 1279
1284 1286 1288 1290
1284 1282 1280 1277
1285 1287 1289 1292
1285 1283 1281 1278
1286 1288 1290 1291
1286 1284 1282 1280
1287 1289 1292 1295
1287 1285 1283 1281
1288 1290 1291 1293
1288 1286 1284 1282
1289 1292 1295 1294
1289 1287 1285 1283
1290 1291 1293 1296
1290 1288 1286 1284
1291 1293 1296 1298
1291 1290 1288 1286
1292 1295 1294 1297
1292 1289 1287 1285
1293 1296 1298 1300
1293 1291 1290 1288
1294 1297 1299 1301
1294 1295 1292 1289
1295 1294 1297 1299
1295 1292 1289 1287
1296 1298 1300 1302
1296 1293 1291 1290
1297 1299 1301 1304
1297 1294 1295 1292
1298 1300 1302 1303
1298 1296 1293 1291
1299 1301 1304 1306
1299 1297 1294 1295
1300 1302 1303 1305
1300 1298 1296 1293
1301 1304 1306 1308
1301 1299 1297 1294
1302 1303 1305 1307
1302 1300 1298 1296
1303 1305 1307 1309
1303 1302 1300 1298
1304 1306 1308 1311
1304 1301 1299 1297
1305 1307 1309 1312
1305 1303 1302 1300
1306 1308 1311 1310
1306 1304 1301 1299
1307 1309 1312 1314
1307 1305 1303 1302
1308 1311 1310 1313
1308 1306 1304 1301
1309 1312 1314 1315
1309 1307 1305 1303
1310 1313 1317 1316
1310 1311 1308 1306
1311 1310 1313 1317
1311 1308 1306 1304
1312 1314 1315 1318
1312 1309 1307 1305
1313 1317 1316 1319
1313 1310 1311 1308
1314 1315 1318 1320
1314 1312 1309 1307
1315 1318 1320 1322
1315 1314 1312 1309
1316 1319 1321 1323
1316 1317 1313 1310
1317 1316 1319 1321
1317 1313 1310 1311
1318 1320 1322 1324
1318 1315 1314 1312
1319 1321 1323 1325
1319 1316 1317 1313
1320 1322 1324 1326
1320 1318 1315 1314
1321 1323 1325 1328
1321 1319 1316 1317
1322 1324 1326 1329
1322 1320 1318 1315
1323 1325 1328 1327
1323 1321 1319 1316
1324 1326 1329 1331
1324 1322 1320 1318
1325 1328 1327 1330
1325 1323 1321 1319
1326 1329 1331 1332
1326 1324 1322 1320
1327 1330 1334 1333
1327 1328 1325 1323
1328 1327 1330 1334
1328 1325 1323 1321
1329 1331 1332 1335
1329 1326 1324 1322
1330 1334 1333 1336
1330 1327 1328 1325
1331 1332 1335 1337
1331 1329 1326 1324
1332 1335 1337 1338
1332 1331 1329 1326
1333 1336 1339 1341
1333 1334 1330 1327
1334 1333 1336 1339
1334 1330 1327 1328
1335 1337 1338 1340
1335 1332 1331 1329
1336 1339 1341 1344
1336 1333 1334 1330
1337 1338 1340 1342
1337 1335 1332 1331
1338 1340 1342 1343
1338 1337 1335 1332
1339 1341 1344 1346
1339 1336 1333 1334
1340 1342 1343 1345
1340 1338 1337 1335
1341 1344 1346 1349
1341 1339 1336 1333
1342 1343 1345 1347
1342 1340 1338 1337
1343 1345 1347 1348
1343 1342 1340 1338
1344 1346 1349 1352
1344 1341 1339 1336
1345 1347 1348 1350
1345 1343 1342 1340
1346 1349 1352 1351
1346 1344 1341 1339
1347 1348 1350 1353
1347 1345 1343 1342
1348 1350 1353 1354
1348 1347 1345 1343
1349 1352 1351 1355
1349 1346 1344 1341
1350 1353 1354 1356
1350 1348 1347 1345
1351 1355 1357 1360
1351 1352 1349 1346
1352 1351 1355 1357
1352 1349 1346 1344
1353 1354 1356 1358
1353 1350 1348 1347
1354 1356 1358 1359
1354 1353 1350 1348
1355 1357 1360 1362
1355 1351 1352 1349
1356 1358 1359 1361
1356 1354 1353 1350
1357 1360 1362 1364
1357 1355 1351 1352
1358 1359 1361 1363
1358 1356 1354 1353
1359 1361 1363 1365
1359 1358 1356 1354
1360 1362 1364 1367
1360 1357 1355 1351
1361 1363 1365 1366
1361 1359 1358 1356
1362 1364 1367 1370
1362 1360 1357 1355
1363 1365 1366 1368
1363 1361 1359 1358
1364 1367 1370 1369
1364 1362 1360 1357
1365 1366 1368 1371
1365 1363 1361 1359
1366 1368 1371 1372
1366 1365 1363 1361
1367 1370 1369 1373
1367 1364 1362 1360
1368 1371 1372 1374
1368 1366 1365 1363
1369 1373 1376 1375
1369 1370 1367 1364
1370 1369 1373 1376
1370 1367 1364 1362
1371 1372 1374 1377
1371 1368 1366 1365
1372 1374 1377 1379
1372 1371 1368 1366
1373 1376 1375 1378
1373 1369 1370 1367
1374 1377 1379 1380
1374 1372 1371 1368
1375 1378 1381 1383
1375 1376 1373 1369
1376 1375 1378 1381
1376 1373 1369 1370
1377 1379 1380 1382
1377 1374 1372 1371
1378 1381 1383 1386
1378 1375 1376 1373
1379 1380 1382 1384
1379 1377 1374 1372
1380 1382 1384 1385
1380 1379 1377 1374
1381 1383 1386 1390
1381 1378 1375 1376
1382 1384 1385 1387
1382 1380 1379 1377
1383 1386 1390 1389
1383 1381 1378 1375
1384 1385 1387 1388
1384 1382 1380 1379
1385 1387 1388 1391
1385 1384 1382 1380
1386 1390 1389 1392
1386 1383 1381 1378
1387 1388 1391 1393
1387 1385 1384 1382
1388 1391 1393 1394
1388 1387 1385 1384
1389 1392 1396 1395
1389 1390 1386 1383
1390 1389 1392 1396
1390 1386 1383 1381
1391 1393 1394 1397
1391 1388 1387 1385
1392 1396 1395 1399
1392 1389 1390 1386
1393 1394 1397 1398
1393 1391 1388 1387
1394 1397 1398 1400
1394 1393 1391 1388
1395 1399 1401 1404
1395 1396 1392 1389
1396 1395 1399 1401
1396 1392 1389 1390
1397 1398 1400 1402
1397 1394 1393 1391
1398 1400 1402 1403
1398 1397 1394 1393
1399 1401 1404 1407
1399 1395 1396 1392
1400 1402 1403 1405
1400 1398 1397 1394
1401 1404 1407 1409
1401 1399 1395 1396
1402 1403 1405 1406
1402 1400 1398 1397
1403 1405 1406 1408
1403 1402 1400 1398
1404 1407 1409 1411
1404 1401 1399 1395
1405 1406 1408 1410
1405 1403 1402 1400
1406 1408 1410 1412
1406 1405 1403 1402
1407 1409 1411 1415
1407 1404 1401 1399
1408 1410 1412 1413
1408 1406 1405 1403
1409 1411 1415 1414
1409 1407 1404 1401
1410 1412 1413 1416
1410 1408 1406 1405
1411 1415 1414 1418
1411 1409 1407 1404
1412 1413 1416 1417
1412 1410 1408 1406
1413 1416 1417 1419
1413 1412 1410 1408
1414 1418 1421 1423
1414 1415 1411 1409
1415 1414 1418 1421
1415 1411 1409 1407
1416 1417 1419 1420
1416 1413 1412 1410
1417 1419 1420 1422
1417 1416 1413 1412
1418 1421 1423 1426
1418 1414 1415 1411
1419 1420 1422 1424
1419 1417 1416 1413
1420 1422 1424 1425
1420 1419 1417 1416
1421 1423 1426 1429
1421 1418 1414 1415
1422 1424 1425 1427
1422 1420 1419 1417
1423 1426 1429 1432
1423 1421 1418 1414
1424 1425 1427 1428
1424 1422 1420 1419
1425 1427 1428 1430
1425 1424 1422 1420
1426 1429 1432 1436
1426 1423 1421 1418
1427 1428 1430 1431
1427 1425 1424 1422
1428 1430 1431 1433
1428 1427 1425 1424
1429 1432 1436 1435
1429 1426 1423 1421
1430 1431 1433 1434
1430 1428 1427 1425
1431 1433 1434 1437
1431 1430 1428 1427
1432 1436 1435 1439
1432 1429 1426 1423
1433 1434 1437 1438
1433 1431 1430 1428
1434 1437 1438 1440
1434 1433 1431 1430
1435 1439 1443 1442
1435 1436 1432 1429
1436 1435 1439 1443
1436 1432 1429 1426
1437 1438 1440 1441
1437 1434 1433 1431
1438 1440 1441 1444
1438 1437 1434 1433
1439 1443 1442 1446
1439 1435 1436 1432
1440 1441 1444 1445
1440 1438 1437 1434
1441 1444 1445 1447
1441 1440 1438 1437
1442 1446 1449 1452
1442 1443 1439 1435
1443 1442 1446 1449
1443 1439 1435 1436
1444 1445 1447 1448
1444 1441 1440 1438
1445 1447 1448 1450
1445 1444 1441 1440
1446 1449 1452 1455
1446 1442 1443 1439
1447 1448 1450 1451
1447 1445 1444 1441
1448 1450 1451 1453
1448 1447 1445 1444
1449 1452 1455 1459
1449 1446 1442 1443
1450 1451 1453 1454
1450 1448 1447 1445
1451 1453 1454 1456
1451 1450 1448 1447
1452 1455 1459 1458
1452 1449 1446 1442
1453 1454 1456 1457
1453 1451 1450 1448
1454 1456 1457 1460
1454 1453 1451 1450
1455 1459 1458 1462
1455 1452 1449 1446
1456 1457 1460 1461
1456 1454 1453 1451
1457 1460 1461 1463
1457 1456 1454 1453
1458 1462 1466 1465
1458 1459 1455 1452
1459 1458 1462 1466
1459 1455 1452 1449
1460 1461 1463 1464
1460 1457 1456 1454
1461 1463 1464 1467
1461 1460 1457 1456
1462 1466 1465 1469
1462 1458 1459 1455
1463 1464 1467 1468
1463 1461 1460 1457
1464 1467 1468 1470
1464 1463 1461 1460
1465 1469 1472 1475
1465 1466 1462 1458
1466 1465 1469 1472
1466 1462 1458 1459
1467 1468 1470 1471
1467 1464 1463 1461
1468 1470 1471 1473
1468 1467 1464 1463
1469 1472 1475 1478
1469 1465 1466 1462
1470 1471 1473 1474
1470 1468 1467 1464
1471 1473 1474 1476
1471 1470 1468 1467
1472 1475 1478 1481
1472 1469 1465 1466
1473 1474 1476 1477
1473 1471 1470 1468
1474 1476 1477 1479
1474 1473 1471 1470
1475 1478 1481 1484
1475 1472 1469 1465
1476 1477 1479 1480
1476 1474 1473 1471
1477 1479 1480 1482
1477 1476 1474 1473
1478 1481 1484 1488
1478 1475 1472 1469
1479 1480 1482 1483
1479 1477 1476 1474
1480 1482 1483 1485
1480 1479 1477 1476
1481 1484 1488 1487
1481 1478 1475 1472
1482 1483 1485 1486
1482 1480 1479 1477
1483 1485 1486 1489
1483 1482 1480 1479
1484 1488 1487 1492
1484 1481 1478 1475
1485 1486 1489 1490
1485 1483 1482 1480
1486 1489 1490 1491
1486 1485 1483 1482
1487 1492 1495 1498
1487 1488 1484 1481
1488 1487 1492 1495
1488 1484 1481 1478
1489 1490 1491 1493
1489 1486 1485 1483
1490 1491 1493 1494
1490 1489 1486 1485
1491 1493 1494 1496
1491 1490 1489 1486
1492 1495 1498 1501
1492 1487 1488 1484
1493 1494 1496 1497
1493 1491 1490 1489
1494 1496 1497 1499
1494 1493 1491 1490
1495 1498 1501 1504
1495 1492 1487 1488
1496 1497 1499 1500
1496 1494 1493 1491
1497 1499 1500 1502
1497 1496 1494 1493
1498 1501 1504 1508
1498 1495 1492 1487
1499 1500 1502 1503
1499 1497 1496 1494
1500 1502 1503 1505
1500 1499 1497 1496
1501 1504 1508 1512
1501 1498 1495 1492
1502 1503 1505 1506
1502 1500 1499 1497
1503 1505 1506 1507
1503 1502 1500 1499
1504 1508 1512 1511
1504 1501 1498 1495
1505 1506 1507 1509
1505 1503 1502 1500
1506 1507 1509 1510
1506 1505 1503 1502
1507 1509 1510 1513
1507 1506 1505 1503
1508 1512 1511 1515
1508 1504 1501 1498
1509 1510 1513 1514
1509 1507 1506 1505
1510 1513 1514 1516
1510 1509 1507 1506
1511 1515 1518 1521
1511 1512 1508 1504
1512 1511 1515 1518
1512 1508 1504 1501
1513 1514 1516 1517
1513 1510 1509 1507
1514 1516 1517 1519
1514 1513 1510 1509
1515 1518 1521 1524
1515 1511 1512 1508
1516 1517 1519 1520
1516 1514 1513 1510
1517 1519 1520 1522
1517 1516 1514 1513
1518 1521 1524 1527
1518 1515 1511 1512
1519 1520 1522 1523
1519 1517 1516 1514
1520 1522 1523 1525
1520 1519 1517 1516
1521 1524 1527 1530
1521 1518 1515 1511
1522 1523 1525 1526
1522 1520 1519 1517
1523 1525 1526 1528
1523 1522 1520 1519
1524 1527 1530 1534
1524 1521 1518 1515
1525 1526 1528 1529
1525 1523 1522 1520
1526 1528 1529 1531
1526 1525 1523 1522
1527 1530 1534 1533
1527 1524 1521 1518
1528 1529 1531 1532
1528 1526 1525 1523
1529 1531 1532 1535
1529 1528 1526 1525
1530 1534 1533 1538
1530 1527 1524 1521
1531 1532 1535 1536
1531 1529 1528 1526
1532 1535 1536 1537
1532 1531 1529 1528
1533 1538 1542 1541
1533 1534 1530 1527
1534 1533 1538 1542
1534 1530 1527 1524
1535 1536 1537 1539
1535 1532 1531 1529
1536 1537 1539 1540
1536 1535 1532 1531
1537 1539 1540 1543
1537 1536 1535 1532
1538 1542 1541 1545
1538 1533 1534 1530
1539 1540 1543 1544
1539 1537 1536 1535
1540 1543 1544 1546
1540 1539 1537 1536
1541 1545 1548 1551
1541 1542 1538 1533
1542 1541 1545 1548
1542 1538 1533 1534
1543 1544 1546 1547
1543 1540 1539 1537
1544 1546 1547 1549
1544 1543 1540 1539
1545 1548 1551 1555
1545 1541 1542 1538
1546 1547 1549 1550
1546 1544 1543 1540
1547 1549 1550 1552
1547 1546 1544 1543
1548 1551 1555 1558
1548 1545 1541 1542
1549 1550 1552 1553
1549 1547 1546 1544
1550 1552 1553 1554
1550 1549 1547 1546
1551 1555 1558 1562
1551 1548 1545 1541
1552 1553 1554 1556
1552 1550 1549 1547
1553 1554 1556 1557
1553 1552 1550 1549
1554 1556 1557 1559
1554 1553 1552 1550
1555 1558 1562 1566
1555 1551 1548 1545
1556 1557 1559 1560
1556 1554 1553 1552
1557 1559 1560 1561
1557 1556 1554 1553
1558 1562 1566 1565
1558 1555 1551 1548
1559 1560 1561 1563
1559 1557 1556 1554
1560 1561 1563 1564
1560 1559 1557 1556
1561 1563 1564 1567
1561 1560 1559 1557
1562 1566 1565 1570
1562 1558 1555 1551
1563 1564 1567 1568
1563 1561 1560 1559
1564 1567 1568 1569
1564 1563 1561 1560
1565 1570 1573 1576
1565 1566 1562 1558
1566 1565 1570 1573
1566 1562 1558 1555
1567 1568 1569 1571
1567 1564 1563 1561
1568 1569 1571 1572
1568 1567 1564 1563
1569 1571 1572 1574
1569 1568 1567 1564
1570 1573 1576 1579
1570 1565 1566 1562
1571 1572 1574 1575
1571 1569 1568 1567
1572 1574 1575 1577
1572 1571 1569 1568
1573 1576 1579 1582
1573 1570 1565 1566
1574 1575 1577 1578
1574 1572 1571 1569
1575 1577 1578 1580
1575 1574 1572 1571
1576 1579 1582 1586
1576 1573 1570 1565
1577 1578 1580 1581
1577 1575 1574 1572
1578 1580 1581 1583
1578 1577 1575 1574
1579 1582 1586 1590
1579 1576 1573 1570
1580 1581 1583 1584
1580 1578 1577 1575
1581 1583 1584 1585
1581 1580 1578 1577
1582 1586 1590 1589
1582 1579 1576 1573
1583 1584 1585 1587
1583 1581 1580 1578
1584 1585 1587 1588
1584 1583 1581 1580
1585 1587 1588 1591
1585 1584 1583 1581
1586 1590 1589 1594
1586 1582 1579 1576
1587 1588 1591 1592
1587 1585 1584 1583
1588 1591 1592 1593
1588 1587 1585 1584
1589 1594 1598 1597
1589 1590 1586 1582
1590 1589 1594 1598
1590 1586 1582 1579
1591 1592 1593 1595
1591 1588 1587 1585
1592 1593 1595 1596
1592 1591 1588 1587
1593 1595 1596 1599
1593 1592 1591 1588
1594 1598 1597 1601
1594 1589 1590 1586
1595 1596 1599 1600
1595 1593 1592 1591
1596 1599 1600 1602
1596 1595 1593 1592
1597 1601 1605 1608
1597 1598 1594 1589
1598 1597 1601 1605
1598 1594 1589 1590
1599 1600 1602 1603
1599 1596 1595 1593
1600 1602 1603 1604
1600 1599 1596 1595
1601 1605 1608 1611
1601 1597 1598 1594
1602 1603 1604 1606
1602 1600 1599 1596
1603 1604 1606 1607
1603 1602 1600 1599
1604 1606 1607 1609
1604 1603 1602 1600
1605 1608 1611 1616
1605 1601 1597 1598
1606 1607 1609 1610
1606 1604 1603 1602
1607 1609 1610 1612
1607 1606 1604 1603
1608 1611 1616 1615
1608 1605 1601 1597
1609 1610 1612 1613
1609 1607 1606 1604
1610 1612 1613 1614
1610 1609 1607 1606
1611 1616 1615 1619
1611 1608 1605 1601
1612 1613 1614 1617
1612 1610 1609 1607
1613 1614 1617 1618
1613 1612 1610 1609
1614 1617 1618 1620
1614 1613 1612 1610
1615 1619 1623 1622
1615 1616 1611 1608
1616 1615 1619 1623
1616 1611 1608 1605
1617 1618 1620 1621
1617 1614 1613 1612
1618 1620 1621 1624
1618 1617 1614 1613
1619 1623 1622 1627
1619 1615 1616 1611
1620 1621 1624 1625
1620 1618 1617 1614
1621 1624 1625 1626
1621 1620 1618 1617
1622 1627 1631 1634
1622 1623 1619 1615
1623 1622 1627 1631
1623 1619 1615 1616
1624 1625 1626 1628
1624 1621 1620 1618
1625 1626 1628 1629
1625 1624 1621 1620
1626 1628 1629 1630
1626 1625 1624 1621
1627 1631 1634 1637
1627 1622 1623 1619
1628 1629 1630 1632
1628 1626 1625 1624
1629 1630 1632 1633
1629 1628 1626 1625
1630 1632 1633 1635
1630 1629 1628 1626
1631 1634 1637 1640
1631 1627 1622 1623
1632 1633 1635 1636
1632 1630 1629 1628
1633 1635 1636 1638
1633 1632 1630 1629
1634 1637 1640 1650
1634 1631 1627 1622
1635 1636 1638 1639
1635 1633 1632 1630
1636 1638 1639 1641
1636 1635 1633 1632
1637 1640 1650 1676
1637 1634 1631 1627
1638 1639 1641 1642
1638 1636 1635 1633
1639 1641 1642 1643
1639 1638 1636 1635
1640 1650 1676 1675
1640 1637 1634 1631
1641 1642 1643 1644
1641 1639 1638 1636
1642 1643 1644 1645
1642 1641 1639 1638
1643 1644 1645 1646
1643 1642 1641 1639
1644 1645 1646 1647
1644 1643 1642 1641
1645 1646 1647 1648
1645 1644 1643 1642
1646 1647 1648 1649
1646 1645 1644 1643
1647 1648 1649 1651
1647 1646 1645 1644
1648 1649 1651 1652
1648 1647 1646 1645
1649 1651 1652 1653
1649 1648 1647 1646
1650 1676 1675 1694
1650 1640 1637 1634
1651 1652 1653 1654
1651 1649 1648 1647
1652 1653 1654 1655
1652 1651 1649 1648
1653 1654 1655 1656
1653 1652 1651 1649
1654 1655 1656 1657
1654 1653 1652 1651
1655 1656 1657 1658
1655 1654 1653 1652
1656 1657 1658 1659
1656 1655 1654 1653
1657 1658 1659 1660
1657 1656 1655 1654
1658 1659 1660 1661
1658 1657 1656 1655
1659 1660 1661 1662
1659 1658 1657 1656
1660 1661 1662 1663
1660 1659 1658 1657
1661 1662 1663 1664
1661 1660 1659 1658
1662 1663 1664 1665
1662 1661 1660 1659
1663 1664 1665 1666
1663 1662 1661 1660
1664 1665 1666 1667
1664 1663 1662 1661
1665 1666 1667 1668
1665 1664 1663 1662
1666 1667 1668 1669
1666 1665 1664 1663
1667 1668 1669 1670
1667 1666 1665 1664
1668 1669 1670 1671
1668 1667 1666 1665
1669 1670 1671 1672
1669 1668 1667 1666
1670 1671 1672 1673
1670 1669 1668 1667
1671 1672 1673 1674
1671 1670 1669 1668
1672 1673 1674 1677
1672 1671 1670 1669
1673 1674 1677 1678
1673 1672 1671 1670
1674 1677 1678 1679
1674 1673 1672 1671
1675 1694 1720 1719
1675 1676 1650 1640
1676 1675 1694 1720
1676 1650 1640 1637
1677 1678 1679 1680
1677 1674 1673 1672
1678 1679 1680 1681
1678 1677 1674 1673
1679 1680 1681 1682
1679 1678 1677 1674
1680 1681 1682 1683
1680 1679 1678 1677
1681 1682 1683 1684
1681 1680 1679 1678
1682 1683 1684 1685
1682 1681 1680 1679
1683 1684 1685 1686
1683 1682 1681 1680
1684 1685 1686 1687
1684 1683 1682 1681
1685 1686 1687 1688
1685 1684 1683 1682
1686 1687 1688 1689
1686 1685 1684 1683
1687 1688 1689 1690
1687 1686 1685 1684
1688 1689 1690 1691
1688 1687 1686 1685
1689 1690 1691 1692
1689 1688 1687 1686
1690 1691 1692 1693
1690 1689 1688 1687
1691 1692 1693 1695
1691 1690 1689 1688
1692 1693 1695 1696
1692 1691 1690 1689
1693 1695 1696 1697
1693 1692 1691 1690
1694 1720 1719 1738
1694 1675 1676 1650
1695 1696 1697 1698
1695 1693 1692 1691
1696 1697 1698 1699
1696 1695 1693 1692
1697 1698 1699 1700
1697 1696 1695 1693
1698 1699 1700 1701
1698 1697 1696 1695
1699 1700 1701 1702
1699 1698 1697 1696
1700 1701 1702 1703
1700 1699 1698 1697
1701 1702 1703 1704
1701 1700 1699 1698
1702 1703 1704 1705
1702 1701 1700 1699
1703 1704 1705 1706
1703 1702 1701 1700
1704 1705 1706 1707
1704 1703 1702 1701
1705 1706 1707 1708
1705 1704 1703 1702
1706 1707 1708 1709
1706 1705 1704 1703
1707 1708 1709 1710
1707 1706 1705 1704
1708 1709 1710 1711
1708 1707 1706 1705
1709 1710 1711 1712
1709 1708 1707 1706
1710 1711 1712 1713
1710 1709 1708 1707
1711 1712 1713 1714
1711 1710 1709 1708
1712 1713 1714 1715
1712 1711 1710 1709
1713 1714 1715 1716
1713 1712 1711 1710
1714 1715 1716 1717
1714 1713 1712 1711
1715 1716 1717 1718
1715 1714 1713 1712
1716 1717 1718 1721
1716 1715 1714 1713
1717 1718 1721 1722
1717 1716 1715 1714
1718 1721 1722 1723
1718 1717 1716 1715
1719 1738 1764 1763
1719 1720 1694 1675
1720 1719 1738 1764
1720 1694 1675 1676
1721 1722 1723 1724
1721 1718 1717 1716
1722 1723 1724 1725
1722 1721 1718 1717
1723 1724 1725 1726
1723 1722 1721 1718
1724 1725 1726 1727
1724 1723 1722 1721
1725 1726 1727 1728
1725 1724 1723 1722
1726 1727 1728 1729
1726 1725 1724 1723
1727 1728 1729 1730
1727 1726 1725 1724
1728 1729 1730 1731
1728 1727 1726 1725
1729 1730 1731 1732
1729 1728 1727 1726
1730 1731 1732 1733
1730 1729 1728 1727
1731 1732 1733 1734
1731 1730 1729 1728
1732 1733 1734 1735
1732 1731 1730 1729
1733 1734 1735 1736
1733 1732 1731 1730
1734 1735 1736 1737
1734 1733 1732 1731
1735 1736 1737 1739
1735 1734 1733 1732
1736 1737 1739 1740
1736 1735 1734 1733
1737 1739 1740 1741
1737 1736 1735 1734
1738 1764 1763 1780
1738 1719 1720 1694
1739 1740 1741 1742
1739 1737 1736 1735
1740 1741 1742 1743
1740 1739 1737 1736
1741 1742 1743 1744
1741 1740 1739 1737
1742 1743 1744 1745
1742 1741 1740 1739
1743 1744 1745 1746
1743 1742 1741 1740
1744 1745 1746 1747
1744 1743 1742 1741
1745 1746 1747 1748
1745 1744 1743 1742
1746 1747 1748 1749
1746 1745 1744 1743
1747 1748 1749 1750
1747 1746 1745 1744
1748 1749 1750 1751
1748 1747 1746 1745
1749 1750 1751 1752
1749 1748 1747 1746
1750 1751 1752 1753
1750 1749 1748 1747
1751 1752 1753 1754
1751 1750 1749 1748
1752 1753 1754 1755
1752 1751 1750 1749
1753 1754 1755 1756
1753 1752 1751 1750
1754 1755 1756 1757
1754 1753 1752 1751
1755 1756 1757 1758
1755 1754 1753 1752
1756 1757 1758 1759
1756 1755 1754 1753
1757 1758 1759 1760
1757 1756 1755 1754
1758 1759 1760 1761
1758 1757 1756 1755
1759 1760 1761 1762
1759 1758 1757 1756
1760 1761 1762 1765
1760 1759 1758 1757
1761 1762 1765 1766
1761 1760 1759 1758
1762 1765 1766 1767
1762 1761 1760 1759
1763 1780 1779 1778
1763 1764 1738 1719
1764 1763 1780 1779
1764 1738 1719 1720
1765 1766 1767 1768
1765 1762 1761 1760
1766 1767 1768 1769
1766 1765 1762 1761
1767 1768 1769 1770
1767 1766 1765 1762
1768 1769 1770 1771
1768 1767 1766 1765
1769 1770 1771 1772
1769 1768 1767 1766
1770 1771 1772 1773
1770 1769 1768 1767
1771 1772 1773 1774
1771 1770 1769 1768
1772 1773 1774 1775
1772 1771 1770 1769
1773 1774 1775 1776
1773 1772 1771 1770
1774 1775 1776 1777
1774 1773 1772 1771
1775 1776 1777 1778
1775 1774 1773 1772
1776 1777 1778 1779
1776 1775 1774 1773
1777 1778 1779 1780
1777 1776 1775 1774
1778 1777 1776 1775
1778 1779 1780 1763
1779 1778 1777 1776
1779 1780 1763 1764
1780 1779 1778 1777
1780 1763 1764 1738
