0 33 32 31
0 1 2 3
1 0 33 32
1 2 3 4
2 1 0 33
2 3 4 5
3 2 1 0
3 4 5 6
4 3 2 1
4 5 6 7
5 4 3 2
5 6 7 8
6 5 4 3
6 7 8 9
7 6 5 4
7 8 9 10
8 7 6 5
8 9 10 11
9 8 7 6
9 10 11 12
10 9 8 7
10 11 12 13
11 10 9 8
11 12 13 14
12 13 14 15
12 11 10 9
13 14 15 34
13 12 11 10
14 15 34 35
14 13 12 11
15 34 35 36
15 14 13 12
16 49 48 47
16 17 18 19
17 16 49 48
17 18 19 20
18 17 16 49
18 19 20 21
19 18 17 16
19 20 21 22
20 19 18 17
20 21 22 23
21 20 19 18
21 22 23 24
22 21 20 19
22 23 24 25
23 22 21 20
23 24 25 26
24 23 22 21
24 25 26 27
25 24 23 22
25 26 27 28
26 25 24 23
26 27 28 29
27 26 25 24
27 28 29 30
28 27 26 25
28 29 30 31
29 28 27 26
29 30 31 32
30 29 28 27
30 31 32 33
31 30 29 28
31 32 33 0
32 31 30 29
32 33 0 1
33 32 31 30
33 0 1 2
34 35 36 50
34 15 14 13
35 36 50 51
35 34 15 14
36 50 51 70
36 35 34 15
37 69 68 67
37 38 39 40
38 37 69 68
38 39 40 41
39 38 37 69
39 40 41 42
40 39 38 37
40 41 42 43
41 40 39 38
41 42 43 44
42 41 40 39
42 43 44 45
43 42 41 40
43 44 45 46
44 43 42 41
44 45 46 47
45 44 43 42
45 46 47 48
46 45 44 43
46 47 48 49
47 46 45 44
47 48 49 16
48 47 46 45
48 49 16 17
49 48 47 46
49 16 17 18
50 51 70 84
50 36 35 34
51 70 84 95
51 50 36 35
52 83 82 81
52 53 54 55
53 52 83 82
53 54 55 56
54 53 52 83
54 55 56 57
55 54 53 52
55 56 57 58
56 55 54 53
56 57 58 59
57 56 55 54
57 58 59 60
58 57 56 55
58 59 60 61
59 58 57 56
59 60 61 62
60 59 58 57
60 61 62 63
61 60 59 58
61 62 63 64
62 61 60 59
62 63 64 65
63 62 61 60
63 64 65 66
64 63 62 61
64 65 66 67
65 64 63 62
65 66 67 68
66 65 64 63
66 67 68 69
67 66 65 64
67 68 69 37
68 67 66 65
68 69 37 38
69 68 67 66
69 37 38 39
70 84 95 96
70 51 50 36
71 94 93 92
71 72 73 74
72 71 94 93
72 73 74 75
73 72 71 94
73 74 75 76
74 73 72 71
74 75 76 77
75 74 73 72
75 76 77 78
76 75 74 73
76 77 78 79
77 76 75 74
77 78 79 80
78 77 76 75
78 79 80 81
79 78 77 76
79 80 81 82
80 79 78 77
80 81 82 83
81 80 79 78
81 82 83 52
82 81 80 79
82 83 52 53
83 82 81 80
83 52 53 54
84 95 96 100
84 70 51 50
85 98 97 103
85 86 87 88
86 85 98 97
86 87 88 89
87 86 85 98
87 88 89 90
88 87 86 85
88 89 90 91
89 88 87 86
89 90 91 92
90 89 88 87
90 91 92 93
91 90 89 88
91 92 93 94
92 91 90 89
92 93 94 71
93 92 91 90
93 94 71 72
94 93 92 91
94 71 72 73
95 96 100 101
95 84 70 51
96 100 101 106
96 95 84 70
97 103 102 109
97 98 85 86
98 97 103 102
98 85 86 87
99 105 104 110
100 101 106 107
100 96 95 84
101 106 107 111
101 100 96 95
102 109 108 115
102 103 97 98
103 102 109 108
103 97 98 85
104 110 117 116
104 105 99 -1
105 104 110 117
106 107 111 112
106 101 100 96
107 111 112 118
107 106 101 100
108 115 114 113
108 109 102 103
109 108 115 114
109 102 103 97
110 117 116 123
110 104 105 99
111 112 118 124
111 107 106 101
112 118 124 129
112 111 107 106
113 121 120 119
113 114 115 108
114 113 121 120
114 115 108 109
115 114 113 121
115 108 109 102
116 123 122 128
116 117 110 104
117 116 123 122
117 110 104 105
117 110 104 99
118 124 129 130
118 112 111 107
119 126 125 132
119 120 121 113
120 119 126 125
120 121 113 114
121 120 119 126
121 113 114 115
122 128 127 134
122 123 116 117
123 122 128 127
123 116 117 110
124 129 130 135
124 118 112 111
125 132 131 139
125 126 119 120
126 125 132 131
126 119 120 121
127 134 133 141
127 128 122 123
128 127 134 133
128 122 123 116
129 130 135 136
129 124 118 112
130 135 136 142
130 129 124 118
131 139 138 137
131 132 125 126
132 131 139 138
132 125 126 119
133 141 140 147
133 134 127 128
134 133 141 140
134 127 128 122
135 136 142 143
135 130 129 124
136 142 143 148
136 135 130 129
137 145 144 151
137 138 139 131
138 137 145 144
138 139 131 132
139 138 137 145
139 131 132 125
140 147 146 153
140 141 133 134
141 140 147 146
141 133 134 127
142 143 148 149
142 136 135 130
143 148 149 154
143 142 136 135
144 151 150 157
144 145 137 138
145 144 151 150
145 137 138 139
146 153 152 159
146 147 140 141
147 146 153 152
147 140 141 133
148 149 154 160
148 143 142 136
149 154 160 161
149 148 143 142
150 157 156 155
150 151 144 145
151 150 157 156
151 144 145 137
152 159 158 165
152 153 146 147
153 152 159 158
153 146 147 140
154 160 161 166
154 149 148 143
155 163 162 169
155 156 157 150
156 155 163 162
156 157 150 151
157 156 155 163
157 150 151 144
158 165 164 171
158 159 152 153
159 158 165 164
159 152 153 146
160 161 166 167
160 154 149 148
161 166 167 172
161 160 154 149
162 169 168 176
162 163 155 156
163 162 169 168
163 155 156 157
164 171 170 178
164 165 158 159
165 164 171 170
165 158 159 152
166 167 172 173
166 161 160 154
167 172 173 179
167 166 161 160
168 176 175 174
168 169 162 163
169 168 176 175
169 162 163 155
170 178 177 184
170 171 164 165
171 170 178 177
171 164 165 158
172 173 179 180
172 167 166 161
173 179 180 185
173 172 167 166
174 182 181 188
174 175 176 168
175 174 182 181
175 176 168 169
176 175 174 182
176 168 169 162
177 184 183 190
177 178 170 171
178 177 184 183
178 170 171 164
179 180 185 186
179 173 172 167
180 185 186 191
180 179 173 172
181 188 187 194
181 182 174 175
182 181 188 187
182 174 175 176
183 190 189 195
183 184 177 178
184 183 190 189
184 177 178 170
185 186 191 196
185 180 179 173
186 191 196 197
186 185 180 179
187 194 193 192
187 188 181 182
188 187 194 193
188 181 182 174
189 195 200 207
189 190 183 184
190 189 195 200
190 183 184 177
191 196 197 201
191 186 185 180
192 199 198 205
192 193 194 187
193 192 199 198
193 194 187 188
194 193 192 199
194 187 188 181
195 200 207 206
195 189 190 183
196 197 201 202
196 191 186 185
197 201 202 208
197 196 191 186
198 205 204 203
198 199 192 193
199 198 205 204
199 192 193 194
200 207 206 214
200 195 189 190
201 202 208 209
201 197 196 191
202 208 209 215
202 201 197 196
203 211 210 218
203 204 205 198
204 203 211 210
204 205 198 199
205 204 203 211
205 198 199 192
206 214 213 212
206 207 200 195
207 206 214 213
207 200 195 189
208 209 215 216
208 202 201 197
209 215 216 221
209 208 202 201
210 218 217 224
210 211 203 204
211 210 218 217
211 203 204 205
212 220 219 226
212 213 214 206
213 212 220 219
213 214 206 207
214 213 212 220
214 206 207 200
215 216 221 222
215 209 208 202
216 221 222 227
216 215 209 208
217 224 223 229
217 218 210 211
218 217 224 223
218 210 211 203
219 226 225 231
219 220 212 213
220 219 226 225
220 212 213 214
221 222 227 232
221 216 215 209
222 227 232 233
222 221 216 215
223 229 228 235
223 224 217 218
224 223 229 228
224 217 218 210
225 231 230 236
225 226 219 220
226 225 231 230
226 219 220 212
227 232 233 237
227 222 221 216
228 235 234 240
228 229 223 224
229 228 235 234
229 223 224 217
230 236 241 247
230 231 225 226
231 230 236 241
231 225 226 219
232 233 237 238
232 227 222 221
233 237 238 242
233 232 227 222
234 240 239 245
234 235 228 229
235 234 240 239
235 228 229 223
236 241 247 246
236 230 231 225
237 238 242 243
237 233 232 227
238 242 243 248
238 237 233 232
239 245 244 251
239 240 234 235
240 239 245 244
240 234 235 228
241 247 246 253
241 236 230 231
242 243 248 249
242 238 237 233
243 248 249 254
243 242 238 237
244 251 250 257
244 245 239 240
245 244 251 250
245 239 240 234
246 253 252 259
246 247 241 236
247 246 253 252
247 241 236 230
248 249 254 255
248 243 242 238
249 254 255 260
249 248 243 242
250 257 256 263
250 251 244 245
251 250 257 256
251 244 245 239
252 259 258 265
252 253 246 247
253 252 259 258
253 246 247 241
254 255 260 266
254 249 248 243
255 260 266 267
255 254 249 248
256 263 262 261
256 257 250 251
257 256 263 262
257 250 251 244
258 265 264 271
258 259 252 253
259 258 265 264
259 252 253 246
260 266 267 272
260 255 254 249
261 269 268 275
261 262 263 256
262 261 269 268
262 263 256 257
263 262 261 269
263 256 257 250
264 271 270 277
264 265 258 259
265 264 271 270
265 258 259 252
266 267 272 273
266 260 255 254
267 272 273 278
267 266 260 255
268 275 274 281
268 269 261 262
269 268 275 274
269 261 262 263
270 277 276 283
270 271 264 265
271 270 277 276
271 264 265 258
272 273 278 279
272 267 266 260
273 278 279 284
273 272 267 266
274 281 280 287
274 275 268 269
275 274 281 280
275 268 269 261
276 283 282 289
276 277 270 271
277 276 283 282
277 270 271 264
278 279 284 285
278 273 272 267
279 284 285 290
279 278 273 272
280 287 286 294
280 281 274 275
281 280 287 286
281 274 275 268
282 289 288 296
282 283 276 277
283 282 289 288
283 276 277 270
284 285 290 291
284 279 278 273
285 290 291 297
285 284 279 278
286 294 293 292
286 287 280 281
287 286 294 293
287 280 281 274
288 296 295 300
288 289 282 283
289 288 296 295
289 282 283 276
290 291 297 301
290 285 284 279
291 297 301 302
291 290 285 284
292 299 298 304
292 293 294 286
293 292 299 298
293 294 286 287
294 293 292 299
294 286 287 280
295 300 305 312
295 296 288 289
296 295 300 305
296 288 289 282
297 301 302 306
297 291 290 285
298 304 303 310
298 299 292 293
299 298 304 303
299 292 293 294
300 305 312 311
300 295 296 288
301 302 306 307
301 297 291 290
302 306 307 313
302 301 297 291
303 310 309 308
303 304 298 299
304 303 310 309
304 298 299 292
305 312 311 318
305 300 295 296
306 307 313 314
306 302 301 297
307 313 314 319
307 306 302 301
308 316 315 322
308 309 310 303
309 308 316 315
309 310 303 304
310 309 308 316
310 303 304 298
311 318 317 324
311 312 305 300
312 311 318 317
312 305 300 295
313 314 319 320
313 307 306 302
314 319 320 325
314 313 307 306
315 322 321 329
315 316 308 309
316 315 322 321
316 308 309 310
317 324 323 331
317 318 311 312
318 317 324 323
318 311 312 305
319 320 325 326
319 314 313 307
320 325 326 332
320 319 314 313
321 329 328 327
321 322 315 316
322 321 329 328
322 315 316 308
323 331 330 336
323 324 317 318
324 323 331 330
324 317 318 311
325 326 332 337
325 320 319 314
326 332 337 338
326 325 320 319
327 334 333 340
327 328 329 321
328 327 334 333
328 329 321 322
329 328 327 334
329 321 322 315
330 336 335 342
330 331 323 324
331 330 336 335
331 323 324 317
332 337 338 343
332 326 325 320
333 340 339 346
333 334 327 328
334 333 340 339
334 327 328 329
335 342 341 348
335 336 330 331
336 335 342 341
336 330 331 323
337 338 343 344
337 332 326 325
338 343 344 349
338 337 332 326
339 346 345 352
339 340 333 334
340 339 346 345
340 333 334 327
341 348 347 354
341 342 335 336
342 341 348 347
342 335 336 330
343 344 349 350
343 338 337 332
344 349 350 355
344 343 338 337
345 352 351 358
345 346 339 340
346 345 352 351
346 339 340 333
347 354 353 360
347 348 341 342
348 347 354 353
348 341 342 335
349 350 355 356
349 344 343 338
350 355 356 361
350 349 344 343
351 358 357 364
351 352 345 346
352 351 358 357
352 345 346 339
353 360 359 366
353 354 347 348
354 353 360 359
354 347 348 341
355 356 361 362
355 350 349 344
356 361 362 367
356 355 350 349
357 364 363 369
357 358 351 352
358 357 364 363
358 351 352 345
359 366 365 370
359 360 353 354
360 359 366 365
360 353 354 347
361 362 367 371
361 356 355 350
362 367 371 372
362 361 356 355
363 369 368 374
363 364 357 358
364 363 369 368
364 357 358 351
365 370 375 381
365 366 359 360
366 365 370 375
366 359 360 353
367 371 372 376
367 362 361 356
368 374 373 379
368 369 363 364
369 368 374 373
369 363 364 357
370 375 381 380
370 365 366 359
371 372 376 377
371 367 362 361
372 376 377 382
372 371 367 362
373 379 378 385
373 374 368 369
374 373 379 378
374 368 369 363
375 381 380 387
375 370 365 366
376 377 382 383
376 372 371 367
377 382 383 388
377 376 372 371
378 385 384 391
378 379 373 374
379 378 385 384
379 373 374 368
380 387 386 393
380 381 375 370
381 380 387 386
381 375 370 365
382 383 388 389
382 377 376 372
383 388 389 394
383 382 377 376
384 391 390 398
384 385 378 379
385 384 391 390
385 378 379 373
386 393 392 400
386 387 380 381
387 386 393 392
387 380 381 375
388 389 394 395
388 383 382 377
389 394 395 401
389 388 383 382
390 398 397 396
390 391 384 385
391 390 398 397
391 384 385 378
392 400 399 405
392 393 386 387
393 392 400 399
393 386 387 380
394 395 401 406
394 389 388 383
395 401 406 407
395 394 389 388
396 403 402 409
396 397 398 390
397 396 403 402
397 398 390 391
398 397 396 403
398 390 391 384
399 405 404 411
399 400 392 393
400 399 405 404
400 392 393 386
401 406 407 412
401 395 394 389
402 409 408 415
402 403 396 397
403 402 409 408
403 396 397 398
404 411 410 417
404 405 399 400
405 404 411 410
405 399 400 392
406 407 412 413
406 401 395 394
407 412 413 418
407 406 401 395
408 415 414 421
408 409 402 403
409 408 415 414
409 402 403 396
410 417 416 423
410 411 404 405
411 410 417 416
411 404 405 399
412 413 418 419
412 407 406 401
413 418 419 424
413 412 407 406
414 421 420 427
414 415 408 409
415 414 421 420
415 408 409 402
416 423 422 429
416 417 410 411
417 416 423 422
417 410 411 404
418 419 424 425
418 413 412 407
419 424 425 430
419 418 413 412
420 427 426 433
420 421 414 415
421 420 427 426
421 414 415 408
422 429 428 435
422 423 416 417
423 422 429 428
423 416 417 410
424 425 430 431
424 419 418 413
425 430 431 436
425 424 419 418
426 433 432 438
426 427 420 421
427 426 433 432
427 420 421 414
428 435 434 440
428 429 422 423
429 428 435 434
429 422 423 416
430 431 436 441
430 425 424 419
431 436 441 442
431 430 425 424
432 438 437 444
432 433 426 427
433 432 438 437
433 426 427 420
434 440 439 446
434 435 428 429
435 434 440 439
435 428 429 422
436 441 442 447
436 431 430 425
437 444 443 449
437 438 432 433
438 437 444 443
438 432 433 426
439 446 445 451
439 440 434 435
440 439 446 445
440 434 435 428
441 442 447 448
441 436 431 430
442 447 448 452
442 441 436 431
443 449 455 454
443 444 437 438
444 443 449 455
444 437 438 432
445 451 450 457
445 446 439 440
446 445 451 450
446 439 440 434
447 448 452 453
447 442 441 436
448 452 453 458
448 447 442 441
449 455 454 461
449 443 444 437
450 457 456 463
450 451 445 446
451 450 457 456
451 445 446 439
452 453 458 459
452 448 447 442
453 458 459 464
453 452 448 447
454 461 460 466
454 455 449 443
455 454 461 460
455 449 443 444
456 463 462 468
456 457 450 451
457 456 463 462
457 450 451 445
458 459 464 469
458 453 452 448
459 464 469 474
459 458 453 452
460 466 465 471
460 461 454 455
461 460 466 465
461 454 455 449
462 468 467 473
462 463 456 457
463 462 468 467
463 456 457 450
464 469 474 475
464 459 458 453
465 471 470 477
465 466 460 461
466 465 471 470
466 460 461 454
467 473 472 479
467 468 462 463
468 467 473 472
468 462 463 456
469 474 475 480
469 464 459 458
470 477 476 483
470 471 465 466
471 470 477 476
471 465 466 460
472 479 478 485
472 473 467 468
473 472 479 478
473 467 468 462
474 475 480 481
474 469 464 459
475 480 481 486
475 474 469 464
476 483 482 488
476 477 470 471
477 476 483 482
477 470 471 465
478 485 484 489
478 479 472 473
479 478 485 484
479 472 473 467
480 481 486 487
480 475 474 469
481 486 487 490
481 480 475 474
482 488 493 492
482 483 476 477
483 482 488 493
483 476 477 470
484 489 495 494
484 485 478 479
485 484 489 495
485 478 479 472
486 487 490 491
486 481 480 475
487 490 491 496
487 486 481 480
488 493 492 498
488 482 483 476
489 495 494 500
489 484 485 478
490 491 496 501
490 487 486 481
491 496 501 506
491 490 487 486
492 498 497 503
492 493 488 482
493 492 498 497
493 488 482 483
494 500 499 505
494 495 489 484
495 494 500 499
495 489 484 485
496 501 506 507
496 491 490 487
497 503 502 508
497 498 492 493
498 497 503 502
498 492 493 488
499 505 504 510
499 500 494 495
500 499 505 504
500 494 495 489
501 506 507 511
501 496 491 490
502 508 513 519
502 503 497 498
503 502 508 513
503 497 498 492
504 510 509 515
504 505 499 500
505 504 510 509
505 499 500 494
506 507 511 512
506 501 496 491
507 511 512 516
507 506 501 496
508 513 519 518
508 502 503 497
509 515 514 521
509 510 504 505
510 509 515 514
510 504 505 499
511 512 516 517
511 507 506 501
512 516 517 522
512 511 507 506
513 519 518 525
513 508 502 503
514 521 520 527
514 515 509 510
515 514 521 520
515 509 510 504
516 517 522 523
516 512 511 507
517 522 523 528
517 516 512 511
518 525 524 529
518 519 513 508
519 518 525 524
519 513 508 502
520 527 526 531
520 521 514 515
521 520 527 526
521 514 515 509
522 523 528 532
522 517 516 512
523 528 532 537
523 522 517 516
524 529 534 533
524 525 518 519
525 524 529 534
525 518 519 513
526 531 530 536
526 527 520 521
527 526 531 530
527 520 521 514
528 532 537 538
528 523 522 517
529 534 533 540
529 524 525 518
530 536 535 542
530 531 526 527
531 530 536 535
531 526 527 520
532 537 538 543
532 528 523 522
533 540 539 545
533 534 529 524
534 533 540 539
534 529 524 525
535 542 541 547
535 536 530 531
536 535 542 541
536 530 531 526
537 538 543 544
537 532 528 523
538 543 544 548
538 537 532 528
539 545 551 550
539 540 533 534
540 539 545 551
540 533 534 529
541 547 546 552
541 542 535 536
542 541 547 546
542 535 536 530
543 544 548 549
543 538 537 532
544 548 549 553
544 543 538 537
545 551 550 555
545 539 540 533
546 552 556 560
546 547 541 542
547 546 552 556
547 541 542 535
548 549 553 554
548 544 543 538
549 553 554 557
549 548 544 543
550 555 558 563
550 551 545 539
551 550 555 558
551 545 539 540
552 556 560 559
552 546 547 541
553 554 557 561
553 549 548 544
554 557 561 566
554 553 549 548
555 558 563 562
555 550 551 545
556 560 559 565
556 552 546 547
557 561 566 567
557 554 553 549
558 563 562 568
558 555 550 551
559 565 564 570
559 560 556 552
560 559 565 564
560 556 552 546
561 566 567 571
561 557 554 553
562 568 574 573
562 563 558 555
563 562 568 574
563 558 555 550
564 570 569 576
564 565 559 560
565 564 570 569
565 559 560 556
566 567 571 572
566 561 557 554
567 571 572 577
567 566 561 557
568 574 573 579
568 562 563 558
569 576 575 581
569 570 564 565
570 569 576 575
570 564 565 559
571 572 577 578
571 567 566 561
572 577 578 582
572 571 567 566
573 579 585 584
573 574 568 562
574 573 579 585
574 568 562 563
575 581 580 587
575 576 569 570
576 575 581 580
576 569 570 564
577 578 582 583
577 572 571 567
578 582 583 588
578 577 572 571
579 585 584 589
579 573 574 568
580 587 586 591
580 581 575 576
581 580 587 586
581 575 576 569
582 583 588 592
582 578 577 572
583 588 592 596
583 582 578 577
584 589 593 598
584 585 579 573
585 584 589 593
585 579 573 574
586 591 590 595
586 587 580 581
587 586 591 590
587 580 581 575
588 592 596 597
588 583 582 578
589 593 598 603
589 584 585 579
590 595 594 600
590 591 586 587
591 590 595 594
591 586 587 580
592 596 597 601
592 588 583 582
593 598 603 608
593 589 584 585
594 600 599 605
594 595 590 591
595 594 600 599
595 590 591 586
596 597 601 602
596 592 588 583
597 601 602 606
597 596 592 588
598 603 608 613
598 593 589 584
599 605 604 610
599 600 594 595
600 599 605 604
600 594 595 590
601 602 606 607
601 597 596 592
602 606 607 611
602 601 597 596
603 608 613 616
603 598 593 589
604 610 609 614
604 605 599 600
605 604 610 609
605 599 600 594
606 607 611 612
606 602 601 597
607 611 612 615
607 606 602 601
608 613 616 619
608 603 598 593
609 614 617 621
609 610 604 605
610 609 614 617
610 604 605 599
611 612 615 618
611 607 606 602
612 615 618 622
612 611 607 606
613 616 619 625
613 608 603 598
614 617 621 620
614 609 610 604
615 618 622 623
615 612 611 607
616 619 625 624
616 613 608 603
617 621 620 627
617 614 609 610
618 622 623 628
618 615 612 611
619 625 624 630
619 616 613 608
620 627 626 632
620 621 617 614
621 620 627 626
621 617 614 609
622 623 628 629
622 618 615 612
623 628 629 633
623 622 618 615
624 630 636 635
624 625 619 616
625 624 630 636
625 619 616 613
626 632 631 638
626 627 620 621
627 626 632 631
627 620 621 617
628 629 633 634
628 623 622 618
629 633 634 639
629 628 623 622
630 636 635 641
630 624 625 619
631 638 637 643
631 632 626 627
632 631 638 637
632 626 627 620
633 634 639 640
633 629 628 623
634 639 640 644
634 633 629 628
635 641 646 645
635 636 630 624
636 635 641 646
636 630 624 625
637 643 642 648
637 638 631 632
638 637 643 642
638 631 632 626
639 640 644 649
639 634 633 629
640 644 649 653
640 639 634 633
641 646 645 650
641 635 636 630
642 648 647 652
642 643 637 638
643 642 648 647
643 637 638 631
644 649 653 654
644 640 639 634
645 650 655 660
645 646 641 635
646 645 650 655
646 641 635 636
647 652 651 657
647 648 642 643
648 647 652 651
648 642 643 637
649 653 654 658
649 644 640 639
650 655 660 665
650 645 646 641
651 657 656 662
651 652 647 648
652 651 657 656
652 647 648 642
653 654 658 659
653 649 644 640
654 658 659 663
654 653 649 644
655 660 665 670
655 650 645 646
656 662 661 667
656 657 651 652
657 656 662 661
657 651 652 647
658 659 663 664
658 654 653 649
659 663 664 668
659 658 654 653
660 665 670 674
660 655 650 645
661 667 666 672
661 662 656 657
662 661 667 666
662 656 657 651
663 664 668 669
663 659 658 654
664 668 669 673
664 663 659 658
665 670 674 679
665 660 655 650
666 672 671 676
666 667 661 662
667 666 672 671
667 661 662 656
668 669 673 677
668 664 663 659
669 673 677 682
669 668 664 663
670 674 679 678
670 665 660 655
671 676 675 681
671 672 666 667
672 671 676 675
672 666 667 661
673 677 682 683
673 669 668 664
674 679 678 684
674 670 665 660
675 681 680 686
675 676 671 672
676 675 681 680
676 671 672 666
677 682 683 687
677 673 669 668
678 684 690 689
678 679 674 670
679 678 684 690
679 674 670 665
680 686 685 691
680 681 675 676
681 680 686 685
681 675 676 671
682 683 687 688
682 677 673 669
683 687 688 692
683 682 677 673
684 690 689 694
684 678 679 674
685 691 696 695
685 686 680 681
686 685 691 696
686 680 681 675
687 688 692 693
687 683 682 677
688 692 693 697
688 687 683 682
689 694 698 701
689 690 684 678
690 689 694 698
690 684 678 679
691 696 695 699
691 685 686 680
692 693 697 700
692 688 687 683
693 697 700 703
693 692 688 687
694 698 701 704
694 689 690 684
695 699 702 705
695 696 691 685
696 695 699 702
696 691 685 686
697 700 703 706
697 693 692 688
698 701 704 708
698 694 689 690
699 702 705 709
699 695 696 691
700 703 706 710
700 697 693 692
701 704 708 707
701 698 694 689
702 705 709 712
702 699 695 696
703 706 710 713
703 700 697 693
704 708 707 711
704 701 698 694
705 709 712 715
705 702 699 695
706 710 713 716
706 703 700 697
707 711 714 718
707 708 704 701
708 707 711 714
708 704 701 698
709 712 715 719
709 705 702 699
710 713 716 720
710 706 703 700
711 714 718 717
711 707 708 704
712 715 719 723
712 709 705 702
713 716 720 724
713 710 706 703
714 718 717 721
714 711 707 708
715 719 723 727
715 712 709 705
716 720 724 728
716 713 710 706
717 721 725 729
717 718 714 711
718 717 721 725
718 714 711 707
719 723 727 732
719 715 712 709
720 724 728 733
720 716 713 710
721 725 729 734
721 717 718 714
722 726 731 730
723 727 732 736
723 719 715 712
724 728 733 748
724 720 716 713
725 729 734 749
725 721 717 718
726 731 730 735
727 732 736 751
727 723 719 715
728 733 748 761
728 724 720 716
729 734 749 762
729 725 721 717
730 735 750 764
730 731 726 722
731 730 735 750
731 726 722 -1
732 736 751 765
732 727 723 719
733 748 761 772
733 728 724 720
734 749 762 773
734 729 725 721
735 750 764 763
735 730 731 726
736 751 765 775
736 732 727 723
737 755 754 753
737 738 739 740
738 737 755 754
738 739 740 741
739 738 737 755
739 740 741 742
740 739 738 737
740 741 742 743
741 740 739 738
741 742 743 744
742 743 744 745
742 741 740 739
743 744 745 746
743 742 741 740
744 745 746 747
744 743 742 741
745 746 747 756
745 744 743 742
746 747 756 757
746 745 744 743
747 756 757 758
747 746 745 744
748 761 772 782
748 733 728 724
749 762 773 784
749 734 729 725
750 764 763 774
750 735 730 731
751 765 775 786
751 736 732 727
752 768 767 766
752 753 754 755
753 752 768 767
753 754 755 737
754 753 752 768
754 755 737 738
755 754 753 752
755 737 738 739
756 757 758 759
756 747 746 745
757 758 759 760
757 756 747 746
758 759 760 769
758 757 756 747
759 760 769 770
759 758 757 756
760 769 770 771
760 759 758 757
761 772 782 793
761 748 733 728
762 773 784 783
762 749 734 729
763 774 785 795
763 764 750 735
764 763 774 785
764 750 735 730
765 775 786 796
765 751 736 732
766 778 777 776
766 767 768 752
767 766 778 777
767 768 752 753
768 767 766 778
768 752 753 754
769 770 771 779
769 760 759 758
770 771 779 780
770 769 760 759
771 779 780 781
771 770 769 760
772 782 793 802
772 761 748 733
773 784 783 794
773 762 749 734
774 785 795 804
774 763 764 750
775 786 796 805
775 765 751 736
776 789 788 787
776 777 778 766
777 776 789 788
777 778 766 767
778 777 776 789
778 766 767 768
779 780 781 790
779 771 770 769
780 781 790 791
780 779 771 770
781 790 791 792
781 780 779 771
782 793 802 811
782 772 761 748
783 794 803 812
783 784 773 762
784 783 794 803
784 773 762 749
785 795 804 813
785 774 763 764
786 796 805 814
786 775 765 751
787 799 798 797
787 788 789 776
788 787 799 798
788 789 776 777
789 788 787 799
789 776 777 778
790 791 792 800
790 781 780 779
791 792 800 801
791 790 781 780
792 800 801 808
792 791 790 781
793 802 811 819
793 782 772 761
794 803 812 820
794 783 784 773
795 804 813 821
795 785 774 763
796 805 814 822
796 786 775 765
797 807 806 816
797 798 799 787
798 797 807 806
798 799 787 788
799 798 797 807
799 787 788 789
800 801 808 809
800 792 791 790
801 808 809 810
801 800 792 791
802 811 819 828
802 793 782 772
803 812 820 829
803 794 783 784
804 813 821 830
804 795 785 774
805 814 822 831
805 796 786 775
806 816 815 825
806 807 797 798
807 806 816 815
807 797 798 799
808 809 810 817
808 801 800 792
809 810 817 818
809 808 801 800
810 817 818 826
810 809 808 801
811 819 828 836
811 802 793 782
812 820 829 837
812 803 794 783
813 821 830 852
813 804 795 785
814 822 831 838
814 805 796 786
815 825 824 823
815 816 806 807
816 815 825 824
816 806 807 797
817 818 826 827
817 810 809 808
818 826 827 834
818 817 810 809
819 828 836 843
819 811 802 793
820 829 837 844
820 812 803 794
821 830 852 860
821 813 804 795
822 831 838 845
822 814 805 796
823 833 832 840
823 824 825 815
824 823 833 832
824 825 815 816
825 824 823 833
825 815 816 806
826 827 834 835
826 818 817 810
827 834 835 841
827 826 818 817
828 836 843 850
828 819 811 802
829 837 844 851
829 820 812 803
830 852 860 875
830 821 813 804
831 838 845 853
831 822 814 805
832 840 839 847
832 833 823 824
833 832 840 839
833 823 824 825
834 835 841 842
834 827 826 818
835 841 842 848
835 834 827 826
836 843 850 858
836 828 819 811
837 844 851 859
837 829 820 812
838 845 853 861
838 831 822 814
839 847 846 855
839 840 832 833
840 839 847 846
840 832 833 823
841 842 848 849
841 835 834 827
842 848 849 856
842 841 835 834
843 850 858 866
843 836 828 819
844 851 859 867
844 837 829 820
845 853 861 868
845 838 831 822
846 855 854 863
846 847 839 840
847 846 855 854
847 839 840 832
848 849 856 857
848 842 841 835
849 856 857 864
849 848 842 841
850 858 866 873
850 843 836 828
851 859 867 874
851 844 837 829
852 860 875 883
852 830 821 813
853 861 868 876
853 845 838 831
854 863 862 870
854 855 846 847
855 854 863 862
855 846 847 839
856 857 864 865
856 849 848 842
857 864 865 871
857 856 849 848
858 866 873 881
858 850 843 836
859 867 874 882
859 851 844 837
860 875 883 -1
860 852 830 821
861 868 876 884
861 853 845 838
862 870 869 878
862 863 854 855
863 862 870 869
863 854 855 846
864 865 871 872
864 857 856 849
865 871 872 879
865 864 857 856
866 873 881 888
866 858 850 843
867 874 882 890
867 859 851 844
868 876 884 891
868 861 853 845
869 878 877 885
869 870 862 863
870 869 878 877
870 862 863 854
871 872 879 880
871 865 864 857
872 879 880 886
872 871 865 864
873 881 888 895
873 866 858 850
874 882 890 889
874 867 859 851
875 860 852 830
876 884 891 897
876 868 861 853
877 885 892 899
877 878 869 870
878 877 885 892
878 869 870 862
879 880 886 887
879 872 871 865
880 886 887 893
880 879 872 871
881 888 895 901
881 873 866 858
882 890 889 896
882 874 867 859
883 875 860 852
884 891 897 903
884 876 868 861
885 892 899 898
885 877 878 869
886 887 893 894
886 880 879 872
887 893 894 900
887 886 880 879
888 895 901 907
888 881 873 866
889 896 902 908
889 890 882 874
890 889 896 902
890 882 874 867
891 897 903 909
891 884 876 868
892 899 898 905
892 885 877 878
893 894 900 906
893 887 886 880
894 900 906 911
894 893 887 886
895 901 907 913
895 888 881 873
896 902 908 914
896 889 890 882
897 903 909 915
897 891 884 876
898 905 904 910
898 899 892 885
899 898 905 904
899 892 885 877
900 906 911 912
900 894 893 887
901 907 913 919
901 895 888 881
902 908 914 920
902 896 889 890
903 909 915 921
903 897 891 884
904 910 916 923
904 905 898 899
905 904 910 916
905 898 899 892
906 911 912 917
906 900 894 893
907 913 919 925
907 901 895 888
908 914 920 926
908 902 896 889
909 915 921 927
909 903 897 891
910 916 923 922
910 904 905 898
911 912 917 918
911 906 900 894
912 917 918 924
912 911 906 900
913 919 925 930
913 907 901 895
914 920 926 931
914 908 902 896
915 921 927 932
915 909 903 897
916 923 922 928
916 910 904 905
917 918 924 929
917 912 911 906
918 924 929 934
918 917 912 911
919 925 930 936
919 913 907 901
920 926 931 937
920 914 908 902
921 927 932 938
921 915 909 903
922 928 933 940
922 923 916 910
923 922 928 933
923 916 910 904
924 929 934 935
924 918 917 912
925 930 936 942
925 919 913 907
926 931 937 943
926 920 914 908
927 932 938 944
927 921 915 909
928 933 940 939
928 922 923 916
929 934 935 941
929 924 918 917
930 936 942 948
930 925 919 913
931 937 943 949
931 926 920 914
932 938 944 950
932 927 921 915
933 940 939 945
933 928 922 923
934 935 941 946
934 929 924 918
935 941 946 947
935 934 929 924
936 942 948 954
936 930 925 919
937 943 949 955
937 931 926 920
938 944 950 956
938 932 927 921
939 945 952 951
939 940 933 928
940 939 945 952
940 933 928 922
941 946 947 953
941 935 934 929
942 948 954 960
942 936 930 925
943 949 955 961
943 937 931 926
944 950 956 962
944 938 932 927
945 952 951 957
945 939 940 933
946 947 953 958
946 941 935 934
947 953 958 959
947 946 941 935
948 954 960 965
948 942 936 930
949 955 961 966
949 943 937 931
950 956 962 967
950 944 938 932
951 957 963 968
951 952 945 939
952 951 957 963
952 945 939 940
953 958 959 964
953 947 946 941
954 960 965 970
954 948 942 936
955 961 966 971
955 949 943 937
956 962 967 972
956 950 944 938
957 963 968 973
957 951 952 945
958 959 964 969
958 953 947 946
959 964 969 974
959 958 953 947
960 965 970 976
960 954 948 942
961 966 971 977
961 955 949 943
962 967 972 978
962 956 950 944
963 968 973 979
963 957 951 952
964 969 974 975
964 959 958 953
965 970 976 981
965 960 954 948
966 971 977 982
966 961 955 949
967 972 978 983
967 962 956 950
968 973 979 984
968 963 957 951
969 974 975 980
969 964 959 958
970 976 981 986
970 965 960 954
971 977 982 987
971 966 961 955
972 978 983 988
972 967 962 956
973 979 984 989
973 968 963 957
974 975 980 985
974 969 964 959
975 980 985 990
975 974 969 964
976 981 986 991
976 970 965 960
977 982 987 992
977 971 966 961
978 983 988 993
978 972 967 962
979 984 989 994
979 973 968 963
980 985 990 995
980 975 974 969
981 986 991 996
981 976 970 965
982 987 992 997
982 977 971 966
983 988 993 998
983 978 972 967
984 989 994 999
984 979 973 968
985 990 995 1000
985 980 975 974
986 991 996 1001
986 981 976 970
987 992 997 1002
987 982 977 971
988 993 998 1003
988 983 978 972
989 994 999 1005
989 984 979 973
990 995 1000 1006
990 985 980 975
991 996 1001 1007
991 986 981 976
992 997 1002 1008
992 987 982 977
993 998 1003 1009
993 988 983 978
994 999 1005 1004
994 989 984 979
995 1000 1006 1011
995 990 985 980
996 1001 1007 1012
996 991 986 981
997 1002 1008 1013
997 992 987 982
998 1003 1009 1014
998 993 988 983
999 1005 1004 1010
999 994 989 984
1000 1006 1011 1016
1000 995 990 985
1001 1007 1012 1017
1001 996 991 986
1002 1008 1013 1018
1002 997 992 987
1003 1009 1014 1019
1003 998 993 988
1004 1010 1015 1020
1004 1005 999 994
1005 1004 1010 1015
1005 999 994 989
1006 1011 1016 1021
1006 1000 995 990
1007 1012 1017 1023
1007 1001 996 991
1008 1013 1018 1024
1008 1002 997 992
1009 1014 1019 1025
1009 1003 998 993
1010 1015 1020 1026
1010 1004 1005 999
1011 1016 1021 1022
1011 1006 1000 995
1012 1017 1023 1028
1012 1007 1001 996
1013 1018 1024 1029
1013 1008 1002 997
1014 1019 1025 1030
1014 1009 1003 998
1015 1020 1026 1031
1015 1010 1004 1005
1016 1021 1022 1027
1016 1011 1006 1000
1017 1023 1028 1033
1017 1012 1007 1001
1018 1024 1029 1034
1018 1013 1008 1002
1019 1025 1030 1035
1019 1014 1009 1003
1020 1026 1031 1036
1020 1015 1010 1004
1021 1022 1027 1032
1021 1016 1011 1006
1022 1027 1032 1037
1022 1021 1016 1011
1023 1028 1033 1038
1023 1017 1012 1007
1024 1029 1034 1039
1024 1018 1013 1008
1025 1030 1035 1040
1025 1019 1014 1009
1026 1031 1036 1041
1026 1020 1015 1010
1027 1032 1037 1042
1027 1022 1021 1016
1028 1033 1038 1043
1028 1023 1017 1012
1029 1034 1039 1044
1029 1024 1018 1013
1030 1035 1040 1045
1030 1025 1019 1014
1031 1036 1041 1046
1031 1026 1020 1015
1032 1037 1042 1047
1032 1027 1022 1021
1033 1038 1043 1049
1033 1028 1023 1017
1034 1039 1044 1050
1034 1029 1024 1018
1035 1040 1045 1051
1035 1030 1025 1019
1036 1041 1046 1052
1036 1031 1026 1020
1037 1042 1047 1048
1037 1032 1027 1022
1038 1043 1049 1054
1038 1033 1028 1023
1039 1044 1050 1055
1039 1034 1029 1024
1040 1045 1051 1056
1040 1035 1030 1025
1041 1046 1052 1057
1041 1036 1031 1026
1042 1047 1048 1053
1042 1037 1032 1027
1043 1049 1054 1059
1043 1038 1033 1028
1044 1050 1055 1060
1044 1039 1034 1029
1045 1051 1056 1061
1045 1040 1035 1030
1046 1052 1057 1062
1046 1041 1036 1031
1047 1048 1053 1058
1047 1042 1037 1032
1048 1053 1058 1063
1048 1047 1042 1037
1049 1054 1059 1065
1049 1043 1038 1033
1050 1055 1060 1066
1050 1044 1039 1034
1051 1056 1061 1067
1051 1045 1040 1035
1052 1057 1062 1068
1052 1046 1041 1036
1053 1058 1063 1064
1053 1048 1047 1042
1054 1059 1065 1070
1054 1049 1043 1038
1055 1060 1066 1071
1055 1050 1044 1039
1056 1061 1067 1072
1056 1051 1045 1040
1057 1062 1068 1073
1057 1052 1046 1041
1058 1063 1064 1069
1058 1053 1048 1047
1059 1065 1070 1075
1059 1054 1049 1043
1060 1066 1071 1076
1060 1055 1050 1044
1061 1067 1072 1077
1061 1056 1051 1045
1062 1068 1073 1078
1062 1057 1052 1046
1063 1064 1069 1074
1063 1058 1053 1048
1064 1069 1074 1079
1064 1063 1058 1053
1065 1070 1075 1080
1065 1059 1054 1049
1066 1071 1076 1081
1066 1060 1055 1050
1067 1072 1077 1082
1067 1061 1056 1051
1068 1073 1078 1083
1068 1062 1057 1052
1069 1074 1079 1084
1069 1064 1063 1058
1070 1075 1080 1085
1070 1065 1059 1054
1071 1076 1081 1086
1071 1066 1060 1055
1072 1077 1082 1087
1072 1067 1061 1056
1073 1078 1083 1088
1073 1068 1062 1057
1074 1079 1084 1089
1074 1069 1064 1063
1075 1080 1085 1090
1075 1070 1065 1059
1076 1081 1086 1091
1076 1071 1066 1060
1077 1082 1087 1092
1077 1072 1067 1061
1078 1083 1088 1093
1078 1073 1068 1062
1079 1084 1089 1094
1079 1074 1069 1064
1080 1085 1090 1095
1080 1075 1070 1065
1081 1086 1091 1096
1081 1076 1071 1066
1082 1087 1092 1097
1082 1077 1072 1067
1083 1088 1093 1098
1083 1078 1073 1068
1084 1089 1094 1099
1084 1079 1074 1069
1085 1090 1095 1101
1085 1080 1075 1070
1086 1091 1096 1102
1086 1081 1076 1071
1087 1092 1097 1103
1087 1082 1077 1072
1088 1093 1098 1104
1088 1083 1078 1073
1089 1094 1099 1100
1089 1084 1079 1074
1090 1095 1101 1106
1090 1085 1080 1075
1091 1096 1102 1107
1091 1086 1081 1076
1092 1097 1103 1108
1092 1087 1082 1077
1093 1098 1104 1110
1093 1088 1083 1078
1094 1099 1100 1105
1094 1089 1084 1079
1095 1101 1106 1112
1095 1090 1085 1080
1096 1102 1107 1113
1096 1091 1086 1081
1097 1103 1108 1114
1097 1092 1087 1082
1098 1104 1110 1109
1098 1093 1088 1083
1099 1100 1105 1111
1099 1094 1089 1084
1100 1105 1111 1116
1100 1099 1094 1089
1101 1106 1112 1118
1101 1095 1090 1085
1102 1107 1113 1119
1102 1096 1091 1086
1103 1108 1114 1120
1103 1097 1092 1087
1104 1110 1109 1115
1104 1098 1093 1088
1105 1111 1116 1117
1105 1100 1099 1094
1106 1112 1118 1123
1106 1101 1095 1090
1107 1113 1119 1124
1107 1102 1096 1091
1108 1114 1120 1125
1108 1103 1097 1092
1109 1115 1121 1126
1109 1110 1104 1098
1110 1109 1115 1121
1110 1104 1098 1093
1111 1116 1117 1122
1111 1105 1100 1099
1112 1118 1123 1128
1112 1106 1101 1095
1113 1119 1124 1130
1113 1107 1102 1096
1114 1120 1125 1131
1114 1108 1103 1097
1115 1121 1126 1132
1115 1109 1110 1104
1116 1117 1122 1127
1116 1111 1105 1100
1117 1122 1127 1133
1117 1116 1111 1105
1118 1123 1128 1134
1118 1112 1106 1101
1119 1124 1130 1129
1119 1113 1107 1102
1120 1125 1131 1136
1120 1114 1108 1103
1121 1126 1132 1137
1121 1115 1109 1110
1122 1127 1133 1138
1122 1117 1116 1111
1123 1128 1134 1139
1123 1118 1112 1106
1124 1130 1129 1135
1124 1119 1113 1107
1125 1131 1136 1141
1125 1120 1114 1108
1126 1132 1137 1142
1126 1121 1115 1109
1127 1133 1138 1143
1127 1122 1117 1116
1128 1134 1139 1144
1128 1123 1118 1112
1129 1135 1140 1145
1129 1130 1124 1119
1130 1129 1135 1140
1130 1124 1119 1113
1131 1136 1141 1146
1131 1125 1120 1114
1132 1137 1142 1147
1132 1126 1121 1115
1133 1138 1143 1148
1133 1127 1122 1117
1134 1139 1144 1149
1134 1128 1123 1118
1135 1140 1145 1150
1135 1129 1130 1124
1136 1141 1146 1151
1136 1131 1125 1120
1137 1142 1147 1152
1137 1132 1126 1121
1138 1143 1148 1153
1138 1133 1127 1122
1139 1144 1149 1154
1139 1134 1128 1123
1140 1145 1150 1155
1140 1135 1129 1130
1141 1146 1151 1156
1141 1136 1131 1125
1142 1147 1152 1157
1142 1137 1132 1126
1143 1148 1153 1158
1143 1138 1133 1127
1144 1149 1154 1159
1144 1139 1134 1128
1145 1150 1155 1160
1145 1140 1135 1129
1146 1151 1156 1161
1146 1141 1136 1131
1147 1152 1157 1162
1147 1142 1137 1132
1148 1153 1158 1163
1148 1143 1138 1133
1149 1154 1159 1164
1149 1144 1139 1134
1150 1155 1160 1165
1150 1145 1140 1135
1151 1156 1161 1166
1151 1146 1141 1136
1152 1157 1162 1167
1152 1147 1142 1137
1153 1158 1163 1168
1153 1148 1143 1138
1154 1159 1164 1169
1154 1149 1144 1139
1155 1160 1165 1170
1155 1150 1145 1140
1156 1161 1166 1171
1156 1151 1146 1141
1157 1162 1167 1172
1157 1152 1147 1142
1158 1163 1168 1173
1158 1153 1148 1143
1159 1164 1169 1174
1159 1154 1149 1144
1160 1165 1170 1175
1160 1155 1150 1145
1161 1166 1171 1176
1161 1156 1151 1146
1162 1167 1172 1177
1162 1157 1152 1147
1163 1168 1173 1178
1163 1158 1153 1148
1164 1169 1174 1179
1164 1159 1154 1149
1165 1170 1175 1180
1165 1160 1155 1150
1166 1171 1176 1181
1166 1161 1156 1151
1167 1172 1177 1183
1167 1162 1157 1152
1168 1173 1178 1184
1168 1163 1158 1153
1169 1174 1179 1185
1169 1164 1159 1154
1170 1175 1180 1186
1170 1165 1160 1155
1171 1176 1181 1187
1171 1166 1161 1156
1172 1177 1183 1182
1172 1167 1162 1157
1173 1178 1184 1189
1173 1168 1163 1158
1174 1179 1185 1190
1174 1169 1164 1159
1175 1180 1186 1191
1175 1170 1165 1160
1176 1181 1187 1192
1176 1171 1166 1161
1177 1183 1182 1188
1177 1172 1167 1162
1178 1184 1189 1194
1178 1173 1168 1163
1179 1185 1190 1195
1179 1174 1169 1164
1180 1186 1191 1196
1180 1175 1170 1165
1181 1187 1192 1197
1181 1176 1171 1166
1182 1188 1193 1198
1182 1183 1177 1172
1183 1182 1188 1193
1183 1177 1172 1167
1184 1189 1194 1199
1184 1178 1173 1168
1185 1190 1195 1200
1185 1179 1174 1169
1186 1191 1196 1201
1186 1180 1175 1170
1187 1192 1197 1202
1187 1181 1176 1171
1188 1193 1198 1203
1188 1182 1183 1177
1189 1194 1199 1204
1189 1184 1178 1173
1190 1195 1200 1205
1190 1185 1179 1174
1191 1196 1201 1206
1191 1186 1180 1175
1192 1197 1202 1207
1192 1187 1181 1176
1193 1198 1203 1208
1193 1188 1182 1183
1194 1199 1204 1209
1194 1189 1184 1178
1195 1200 1205 1210
1195 1190 1185 1179
1196 1201 1206 1211
1196 1191 1186 1180
1197 1202 1207 1212
1197 1192 1187 1181
1198 1203 1208 1213
1198 1193 1188 1182
1199 1204 1209 1214
1199 1194 1189 1184
1200 1205 1210 1215
1200 1195 1190 1185
1201 1206 1211 1216
1201 1196 1191 1186
1202 1207 1212 1217
1202 1197 1192 1187
1203 1208 1213 1218
1203 1198 1193 1188
1204 1209 1214 1219
1204 1199 1194 1189
1205 1210 1215 1220
1205 1200 1195 1190
1206 1211 1216 1221
1206 1201 1196 1191
1207 1212 1217 1222
1207 1202 1197 1192
1208 1213 1218 1223
1208 1203 1198 1193
1209 1214 1219 1224
1209 1204 1199 1194
1210 1215 1220 1225
1210 1205 1200 1195
1211 1216 1221 1226
1211 1206 1201 1196
1212 1217 1222 1227
1212 1207 1202 1197
1213 1218 1223 1228
1213 1208 1203 1198
1214 1219 1224 1229
1214 1209 1204 1199
1215 1220 1225 1230
1215 1210 1205 1200
1216 1221 1226 1231
1216 1211 1206 1201
1217 1222 1227 1232
1217 1212 1207 1202
1218 1223 1228 1233
1218 1213 1208 1203
1219 1224 1229 1234
1219 1214 1209 1204
1220 1225 1230 1235
1220 1215 1210 1205
1221 1226 1231 1236
1221 1216 1211 1206
1222 1227 1232 1237
1222 1217 1212 1207
1223 1228 1233 1238
1223 1218 1213 1208
1224 1229 1234 1239
1224 1219 1214 1209
1225 1230 1235 1240
1225 1220 1215 1210
1226 1231 1236 1241
1226 1221 1216 1211
1227 1232 1237 1242
1227 1222 1217 1212
1228 1233 1238 1243
1228 1223 1218 1213
1229 1234 1239 1244
1229 1224 1219 1214
1230 1235 1240 1245
1230 1225 1220 1215
1231 1236 1241 1246
1231 1226 1221 1216
1232 1237 1242 1247
1232 1227 1222 1217
1233 1238 1243 1248
1233 1228 1223 1218
1234 1239 1244 1249
1234 1229 1224 1219
1235 1240 1245 1250
1235 1230 1225 1220
1236 1241 1246 1251
1236 1231 1226 1221
1237 1242 1247 1252
1237 1232 1227 1222
1238 1243 1248 1253
1238 1233 1228 1223
1239 1244 1249 1254
1239 1234 1229 1224
1240 1245 1250 1255
1240 1235 1230 1225
1241 1246 1251 1256
1241 1236 1231 1226
1242 1247 1252 1257
1242 1237 1232 1227
1243 1248 1253 1258
1243 1238 1233 1228
1244 1249 1254 1259
1244 1239 1234 1229
1245 1250 1255 1260
1245 1240 1235 1230
1246 1251 1256 1261
1246 1241 1236 1231
1247 1252 1257 1262
1247 1242 1237 1232
1248 1253 1258 1263
1248 1243 1238 1233
1249 1254 1259 1264
1249 1244 1239 1234
1250 1255 1260 1265
1250 1245 1240 1235
1251 1256 1261 1266
1251 1246 1241 1236
1252 1257 1262 1267
1252 1247 1242 1237
1253 1258 1263 1268
1253 1248 1243 1238
1254 1259 1264 1269
1254 1249 1244 1239
1255 1260 1265 1270
1255 1250 1245 1240
1256 1261 1266 1271
1256 1251 1246 1241
1257 1262 1267 1272
1257 1252 1247 1242
1258 1263 1268 1273
1258 1253 1248 1243
1259 1264 1269 1274
1259 1254 1249 1244
1260 1265 1270 1275
1260 1255 1250 1245
1261 1266 1271 1276
1261 1256 1251 1246
1262 1267 1272 1277
1262 1257 1252 1247
1263 1268 1273 1278
1263 1258 1253 1248
1264 1269 1274 1279
1264 1259 1254 1249
1265 1270 1275 1280
1265 1260 1255 1250
1266 1271 1276 1281
1266 1261 1256 1251
1267 1272 1277 1282
1267 1262 1257 1252
1268 1273 1278 1283
1268 1263 1258 1253
1269 1274 1279 1284
1269 1264 1259 1254
1270 1275 1280 1285
1270 1265 1260 1255
1271 1276 1281 1286
1271 1266 1261 1256
1272 1277 1282 1287
1272 1267 1262 1257
1273 1278 1283 1288
1273 1268 1263 1258
1274 1279 1284 1289
1274 1269 1264 1259
1275 1280 1285 1290
1275 1270 1265 1260
1276 1281 1286 1291
1276 1271 1266 1261
1277 1282 1287 1292
1277 1272 1267 1262
1278 1283 1288 1293
1278 1273 1268 1263
1279 1284 1289 1294
1279 1274 1269 1264
1280 1285 1290 1295
1280 1275 1270 1265
1281 1286 1291 1296
1281 1276 1271 1266
1282 1287 1292 1297
1282 1277 1272 1267
1283 1288 1293 1298
1283 1278 1273 1268
1284 1289 1294 1299
1284 1279 1274 1269
1285 1290 1295 1300
1285 1280 1275 1270
1286 1291 1296 1301
1286 1281 1276 1271
1287 1292 1297 1302
1287 1282 1277 1272
1288 1293 1298 1303
1288 1283 1278 1273
1289 1294 1299 1304
1289 1284 1279 1274
1290 1295 1300 1305
1290 1285 1280 1275
1291 1296 1301 1306
1291 1286 1281 1276
1292 1297 1302 1307
1292 1287 1282 1277
1293 1298 1303 1308
1293 1288 1283 1278
1294 1299 1304 1309
1294 1289 1284 1279
1295 1300 1305 1310
1295 1290 1285 1280
1296 1301 1306 1311
1296 1291 1286 1281
1297 1302 1307 1312
1297 1292 1287 1282
1298 1303 1308 1313
1298 1293 1288 1283
1299 1304 1309 1314
1299 1294 1289 1284
1300 1305 1310 1315
1300 1295 1290 1285
1301 1306 1311 1316
1301 1296 1291 1286
1302 1307 1312 1317
1302 1297 1292 1287
1303 1308 1313 1318
1303 1298 1293 1288
1304 1309 1314 1319
1304 1299 1294 1289
1305 1310 1315 1320
1305 1300 1295 1290
1306 1311 1316 1321
1306 1301 1296 1291
1307 1312 1317 1322
1307 1302 1297 1292
1308 1313 1318 1323
1308 1303 1298 1293
1309 1314 1319 1324
1309 1304 1299 1294
1310 1315 1320 1325
1310 1305 1300 1295
1311 1316 1321 1326
1311 1306 1301 1296
1312 1317 1322 1327
1312 1307 1302 1297
1313 1318 1323 1328
1313 1308 1303 1298
1314 1319 1324 1329
1314 1309 1304 1299
1315 1320 1325 1330
1315 1310 1305 1300
1316 1321 1326 1331
1316 1311 1306 1301
1317 1322 1327 1332
1317 1312 1307 1302
1318 1323 1328 1333
1318 1313 1308 1303
1319 1324 1329 1334
1319 1314 1309 1304
1320 1325 1330 1335
1320 1315 1310 1305
1321 1326 1331 1336
1321 1316 1311 1306
1322 1327 1332 1337
1322 1317 1312 1307
1323 1328 1333 1338
1323 1318 1313 1308
1324 1329 1334 1339
1324 1319 1314 1309
1325 1330 1335 1340
1325 1320 1315 1310
1326 1331 1336 1341
1326 1321 1316 1311
1327 1332 1337 1342
1327 1322 1317 1312
1328 1333 1338 1343
1328 1323 1318 1313
1329 1334 1339 1344
1329 1324 1319 1314
1330 1335 1340 1345
1330 1325 1320 1315
1331 1336 1341 1346
1331 1326 1321 1316
1332 1337 1342 1347
1332 1327 1322 1317
1333 1338 1343 1348
1333 1328 1323 1318
1334 1339 1344 1349
1334 1329 1324 1319
1335 1340 1345 1350
1335 1330 1325 1320
1336 1341 1346 1351
1336 1331 1326 1321
1337 1342 1347 1352
1337 1332 1327 1322
1338 1343 1348 1353
1338 1333 1328 1323
1339 1344 1349 1354
1339 1334 1329 1324
1340 1345 1350 1355
1340 1335 1330 1325
1341 1346 1351 1356
1341 1336 1331 1326
1342 1347 1352 1357
1342 1337 1332 1327
1343 1348 1353 1358
1343 1338 1333 1328
1344 1349 1354 1359
1344 1339 1334 1329
1345 1350 1355 1360
1345 1340 1335 1330
1346 1351 1356 1361
1346 1341 1336 1331
1347 1352 1357 1362
1347 1342 1337 1332
1348 1353 1358 1363
1348 1343 1338 1333
1349 1354 1359 1364
1349 1344 1339 1334
1350 1355 1360 1365
1350 1345 1340 1335
1351 1356 1361 1366
1351 1346 1341 1336
1352 1357 1362 1367
1352 1347 1342 1337
1353 1358 1363 1368
1353 1348 1343 1338
1354 1359 1364 1369
1354 1349 1344 1339
1355 1360 1365 1370
1355 1350 1345 1340
1356 1361 1366 1371
1356 1351 1346 1341
1357 1362 1367 1372
1357 1352 1347 1342
1358 1363 1368 1373
1358 1353 1348 1343
1359 1364 1369 1374
1359 1354 1349 1344
1360 1365 1370 1375
1360 1355 1350 1345
1361 1366 1371 1376
1361 1356 1351 1346
1362 1367 1372 1377
1362 1357 1352 1347
1363 1368 1373 1378
1363 1358 1353 1348
1364 1369 1374 1379
1364 1359 1354 1349
1365 1370 1375 1380
1365 1360 1355 1350
1366 1371 1376 1381
1366 1361 1356 1351
1367 1372 1377 1382
1367 1362 1357 1352
1368 1373 1378 1383
1368 1363 1358 1353
1369 1374 1379 1384
1369 1364 1359 1354
1370 1375 1380 1385
1370 1365 1360 1355
1371 1376 1381 1386
1371 1366 1361 1356
1372 1377 1382 1387
1372 1367 1362 1357
1373 1378 1383 1388
1373 1368 1363 1358
1374 1379 1384 1389
1374 1369 1364 1359
1375 1380 1385 1390
1375 1370 1365 1360
1376 1381 1386 1391
1376 1371 1366 1361
1377 1382 1387 1392
1377 1372 1367 1362
1378 1383 1388 1393
1378 1373 1368 1363
1379 1384 1389 1394
1379 1374 1369 1364
1380 1385 1390 1395
1380 1375 1370 1365
1381 1386 1391 1396
1381 1376 1371 1366
1382 1387 1392 1397
1382 1377 1372 1367
1383 1388 1393 1398
1383 1378 1373 1368
1384 1389 1394 1399
1384 1379 1374 1369
1385 1390 1395 1400
1385 1380 1375 1370
1386 1391 1396 1401
1386 1381 1376 1371
1387 1392 1397 1402
1387 1382 1377 1372
1388 1393 1398 1403
1388 1383 1378 1373
1389 1394 1399 1404
1389 1384 1379 1374
1390 1395 1400 1405
1390 1385 1380 1375
1391 1396 1401 1406
1391 1386 1381 1376
1392 1397 1402 1407
1392 1387 1382 1377
1393 1398 1403 1408
1393 1388 1383 1378
1394 1399 1404 1409
1394 1389 1384 1379
1395 1400 1405 1410
1395 1390 1385 1380
1396 1401 1406 1411
1396 1391 1386 1381
1397 1402 1407 1412
1397 1392 1387 1382
1398 1403 1408 1413
1398 1393 1388 1383
1399 1404 1409 1414
1399 1394 1389 1384
1400 1405 1410 1415
1400 1395 1390 1385
1401 1406 1411 1416
1401 1396 1391 1386
1402 1407 1412 1417
1402 1397 1392 1387
1403 1408 1413 1418
1403 1398 1393 1388
1404 1409 1414 1419
1404 1399 1394 1389
1405 1410 1415 1420
1405 1400 1395 1390
1406 1411 1416 1421
1406 1401 1396 1391
1407 1412 1417 1422
1407 1402 1397 1392
1408 1413 1418 1423
1408 1403 1398 1393
1409 1414 1419 1425
1409 1404 1399 1394
1410 1415 1420 1426
1410 1405 1400 1395
1411 1416 1421 1427
1411 1406 1401 1396
1412 1417 1422 1428
1412 1407 1402 1397
1413 1418 1423 1424
1413 1408 1403 1398
1414 1419 1425 1430
1414 1409 1404 1399
1415 1420 1426 1431
1415 1410 1405 1400
1416 1421 1427 1432
1416 1411 1406 1401
1417 1422 1428 1433
1417 1412 1407 1402
1418 1423 1424 1429
1418 1413 1408 1403
1419 1425 1430 1435
1419 1414 1409 1404
1420 1426 1431 1436
1420 1415 1410 1405
1421 1427 1432 1437
1421 1416 1411 1406
1422 1428 1433 1438
1422 1417 1412 1407
1423 1424 1429 1434
1423 1418 1413 1408
1424 1429 1434 1439
1424 1423 1418 1413
1425 1430 1435 1440
1425 1419 1414 1409
1426 1431 1436 1441
1426 1420 1415 1410
1427 1432 1437 1442
1427 1421 1416 1411
1428 1433 1438 1443
1428 1422 1417 1412
1429 1434 1439 1444
1429 1424 1423 1418
1430 1435 1440 1445
1430 1425 1419 1414
1431 1436 1441 1446
1431 1426 1420 1415
1432 1437 1442 1447
1432 1427 1421 1416
1433 1438 1443 1448
1433 1428 1422 1417
1434 1439 1444 1449
1434 1429 1424 1423
1435 1440 1445 1450
1435 1430 1425 1419
1436 1441 1446 1451
1436 1431 1426 1420
1437 1442 1447 1452
1437 1432 1427 1421
1438 1443 1448 1453
1438 1433 1428 1422
1439 1444 1449 1454
1439 1434 1429 1424
1440 1445 1450 1455
1440 1435 1430 1425
1441 1446 1451 1456
1441 1436 1431 1426
1442 1447 1452 1457
1442 1437 1432 1427
1443 1448 1453 1458
1443 1438 1433 1428
1444 1449 1454 1459
1444 1439 1434 1429
1445 1450 1455 1460
1445 1440 1435 1430
1446 1451 1456 1461
1446 1441 1436 1431
1447 1452 1457 1462
1447 1442 1437 1432
1448 1453 1458 1463
1448 1443 1438 1433
1449 1454 1459 1464
1449 1444 1439 1434
1450 1455 1460 1465
1450 1445 1440 1435
1451 1456 1461 1466
1451 1446 1441 1436
1452 1457 1462 1467
1452 1447 1442 1437
1453 1458 1463 1468
1453 1448 1443 1438
1454 1459 1464 1469
1454 1449 1444 1439
1455 1460 1465 1470
1455 1450 1445 1440
1456 1461 1466 1471
1456 1451 1446 1441
1457 1462 1467 1472
1457 1452 1447 1442
1458 1463 1468 1473
1458 1453 1448 1443
1459 1464 1469 1474
1459 1454 1449 1444
1460 1465 1470 1475
1460 1455 1450 1445
1461 1466 1471 1476
1461 1456 1451 1446
1462 1467 1472 1477
1462 1457 1452 1447
1463 1468 1473 1478
1463 1458 1453 1448
1464 1469 1474 1479
1464 1459 1454 1449
1465 1470 1475 1480
1465 1460 1455 1450
1466 1471 1476 1481
1466 1461 1456 1451
1467 1472 1477 1482
1467 1462 1457 1452
1468 1473 1478 1483
1468 1463 1458 1453
1469 1474 1479 1484
1469 1464 1459 1454
1470 1475 1480 1485
1470 1465 1460 1455
1471 1476 1481 1486
1471 1466 1461 1456
1472 1477 1482 1487
1472 1467 1462 1457
1473 1478 1483 1488
1473 1468 1463 1458
1474 1479 1484 1489
1474 1469 1464 1459
1475 1480 1485 1490
1475 1470 1465 1460
1476 1481 1486 1491
1476 1471 1466 1461
1477 1482 1487 1492
1477 1472 1467 1462
1478 1483 1488 1493
1478 1473 1468 1463
1479 1484 1489 1494
1479 1474 1469 1464
1480 1485 1490 1495
1480 1475 1470 1465
1481 1486 1491 1496
1481 1476 1471 1466
1482 1487 1492 1497
1482 1477 1472 1467
1483 1488 1493 1498
1483 1478 1473 1468
1484 1489 1494 1499
1484 1479 1474 1469
1485 1490 1495 1500
1485 1480 1475 1470
1486 1491 1496 1501
1486 1481 1476 1471
1487 1492 1497 1502
1487 1482 1477 1472
1488 1493 1498 1503
1488 1483 1478 1473
1489 1494 1499 1504
1489 1484 1479 1474
1490 1495 1500 1505
1490 1485 1480 1475
1491 1496 1501 1506
1491 1486 1481 1476
1492 1497 1502 1507
1492 1487 1482 1477
1493 1498 1503 1508
1493 1488 1483 1478
1494 1499 1504 1509
1494 1489 1484 1479
1495 1500 1505 1510
1495 1490 1485 1480
1496 1501 1506 1511
1496 1491 1486 1481
1497 1502 1507 1512
1497 1492 1487 1482
1498 1503 1508 1513
1498 1493 1488 1483
1499 1504 1509 1514
1499 1494 1489 1484
1500 1505 1510 1515
1500 1495 1490 1485
1501 1506 1511 1516
1501 1496 1491 1486
1502 1507 1512 1517
1502 1497 1492 1487
1503 1508 1513 1518
1503 1498 1493 1488
1504 1509 1514 1519
1504 1499 1494 1489
1505 1510 1515 1520
1505 1500 1495 1490
1506 1511 1516 1521
1506 1501 1496 1491
1507 1512 1517 1522
1507 1502 1497 1492
1508 1513 1518 1523
1508 1503 1498 1493
1509 1514 1519 1524
1509 1504 1499 1494
1510 1515 1520 1525
1510 1505 1500 1495
1511 1516 1521 1526
1511 1506 1501 1496
1512 1517 1522 1527
1512 1507 1502 1497
1513 1518 1523 1528
1513 1508 1503 1498
1514 1519 1524 1529
1514 1509 1504 1499
1515 1520 1525 1530
1515 1510 1505 1500
1516 1521 1526 1531
1516 1511 1506 1501
1517 1522 1527 1532
1517 1512 1507 1502
1518 1523 1528 1533
1518 1513 1508 1503
1519 1524 1529 1534
1519 1514 1509 1504
1520 1525 1530 1535
1520 1515 1510 1505
1521 1526 1531 1536
1521 1516 1511 1506
1522 1527 1532 1537
1522 1517 1512 1507
1523 1528 1533 1538
1523 1518 1513 1508
1524 1529 1534 1539
1524 1519 1514 1509
1525 1530 1535 1540
1525 1520 1515 1510
1526 1531 1536 1541
1526 1521 1516 1511
1527 1532 1537 1542
1527 1522 1517 1512
1528 1533 1538 1543
1528 1523 1518 1513
1529 1534 1539 1544
1529 1524 1519 1514
1530 1535 1540 1545
1530 1525 1520 1515
1531 1536 1541 1546
1531 1526 1521 1516
1532 1537 1542 1547
1532 1527 1522 1517
1533 1538 1543 1548
1533 1528 1523 1518
1534 1539 1544 1549
1534 1529 1524 1519
1535 1540 1545 1550
1535 1530 1525 1520
1536 1541 1546 1551
1536 1531 1526 1521
1537 1542 1547 1552
1537 1532 1527 1522
1538 1543 1548 1553
1538 1533 1528 1523
1539 1544 1549 1554
1539 1534 1529 1524
1540 1545 1550 1555
1540 1535 1530 1525
1541 1546 1551 1556
1541 1536 1531 1526
1542 1547 1552 1557
1542 1537 1532 1527
1543 1548 1553 1558
1543 1538 1533 1528
1544 1549 1554 1559
1544 1539 1534 1529
1545 1550 1555 1560
1545 1540 1535 1530
1546 1551 1556 1561
1546 1541 1536 1531
1547 1552 1557 1562
1547 1542 1537 1532
1548 1553 1558 1563
1548 1543 1538 1533
1549 1554 1559 1564
1549 1544 1539 1534
1550 1555 1560 1565
1550 1545 1540 1535
1551 1556 1561 1566
1551 1546 1541 1536
1552 1557 1562 1567
1552 1547 1542 1537
1553 1558 1563 1568
1553 1548 1543 1538
1554 1559 1564 1569
1554 1549 1544 1539
1555 1560 1565 1570
1555 1550 1545 1540
1556 1561 1566 1571
1556 1551 1546 1541
1557 1562 1567 1572
1557 1552 1547 1542
1558 1563 1568 1573
1558 1553 1548 1543
1559 1564 1569 1574
1559 1554 1549 1544
1560 1565 1570 1575
1560 1555 1550 1545
1561 1566 1571 1576
1561 1556 1551 1546
1562 1567 1572 1577
1562 1557 1552 1547
1563 1568 1573 1578
1563 1558 1553 1548
1564 1569 1574 1579
1564 1559 1554 1549
1565 1570 1575 1580
1565 1560 1555 1550
1566 1571 1576 1581
1566 1561 1556 1551
1567 1572 1577 1582
1567 1562 1557 1552
1568 1573 1578 1583
1568 1563 1558 1553
1569 1574 1579 1584
1569 1564 1559 1554
1570 1575 1580 1585
1570 1565 1560 1555
1571 1576 1581 1586
1571 1566 1561 1556
1572 1577 1582 1587
1572 1567 1562 1557
1573 1578 1583 1588
1573 1568 1563 1558
1574 1579 1584 1589
1574 1569 1564 1559
1575 1580 1585 1590
1575 1570 1565 1560
1576 1581 1586 1591
1576 1571 1566 1561
1577 1582 1587 1592
1577 1572 1567 1562
1578 1583 1588 1593
1578 1573 1568 1563
1579 1584 1589 1594
1579 1574 1569 1564
1580 1585 1590 1595
1580 1575 1570 1565
1581 1586 1591 1596
1581 1576 1571 1566
1582 1587 1592 1597
1582 1577 1572 1567
1583 1588 1593 1598
1583 1578 1573 1568
1584 1589 1594 1599
1584 1579 1574 1569
1585 1590 1595 1600
1585 1580 1575 1570
1586 1591 1596 1601
1586 1581 1576 1571
1587 1592 1597 1602
1587 1582 1577 1572
1588 1593 1598 1603
1588 1583 1578 1573
1589 1594 1599 1604
1589 1584 1579 1574
1590 1595 1600 1605
1590 1585 1580 1575
1591 1596 1601 1606
1591 1586 1581 1576
1592 1597 1602 1607
1592 1587 1582 1577
1593 1598 1603 1608
1593 1588 1583 1578
1594 1599 1604 1609
1594 1589 1584 1579
1595 1600 1605 1610
1595 1590 1585 1580
1596 1601 1606 1611
1596 1591 1586 1581
1597 1602 1607 1612
1597 1592 1587 1582
1598 1603 1608 1613
1598 1593 1588 1583
1599 1604 1609 1614
1599 1594 1589 1584
1600 1605 1610 1616
1600 1595 1590 1585
1601 1606 1611 1617
1601 1596 1591 1586
1602 1607 1612 1618
1602 1597 1592 1587
1603 1608 1613 1619
1603 1598 1593 1588
1604 1609 1614 1615
1604 1599 1594 1589
1605 1610 1616 1621
1605 1600 1595 1590
1606 1611 1617 1622
1606 1601 1596 1591
1607 1612 1618 1623
1607 1602 1597 1592
1608 1613 1619 1624
1608 1603 1598 1593
1609 1614 1615 1620
1609 1604 1599 1594
1610 1616 1621 1626
1610 1605 1600 1595
1611 1617 1622 1627
1611 1606 1601 1596
1612 1618 1623 1628
1612 1607 1602 1597
1613 1619 1624 1629
1613 1608 1603 1598
1614 1615 1620 1625
1614 1609 1604 1599
1615 1620 1625 1630
1615 1614 1609 1604
1616 1621 1626 1631
1616 1610 1605 1600
1617 1622 1627 1632
1617 1611 1606 1601
1618 1623 1628 1633
1618 1612 1607 1602
1619 1624 1629 1634
1619 1613 1608 1603
1620 1625 1630 1635
1620 1615 1614 1609
1621 1626 1631 1636
1621 1616 1610 1605
1622 1627 1632 1637
1622 1617 1611 1606
1623 1628 1633 1638
1623 1618 1612 1607
1624 1629 1634 1639
1624 1619 1613 1608
1625 1630 1635 1640
1625 1620 1615 1614
1626 1631 1636 1641
1626 1621 1616 1610
1627 1632 1637 1642
1627 1622 1617 1611
1628 1633 1638 1643
1628 1623 1618 1612
1629 1634 1639 1644
1629 1624 1619 1613
1630 1635 1640 1645
1630 1625 1620 1615
1631 1636 1641 1647
1631 1626 1621 1616
1632 1637 1642 1648
1632 1627 1622 1617
1633 1638 1643 1649
1633 1628 1623 1618
1634 1639 1644 1650
1634 1629 1624 1619
1635 1640 1645 1651
1635 1630 1625 1620
1636 1641 1647 1646
1636 1631 1626 1621
1637 1642 1648 1654
1637 1632 1627 1622
1638 1643 1649 1655
1638 1633 1628 1623
1639 1644 1650 1656
1639 1634 1629 1624
1640 1645 1651 1652
1640 1635 1630 1625
1641 1647 1646 1653
1641 1636 1631 1626
1642 1648 1654 1659
1642 1637 1632 1627
1643 1649 1655 1660
1643 1638 1633 1628
1644 1650 1656 1662
1644 1639 1634 1629
1645 1651 1652 1657
1645 1640 1635 1630
1646 1653 1658 1664
1646 1647 1641 1636
1647 1646 1653 1658
1647 1641 1636 1631
1648 1654 1659 1665
1648 1642 1637 1632
1649 1655 1660 1661
1649 1643 1638 1633
1650 1656 1662 1667
1650 1644 1639 1634
1651 1652 1657 1663
1651 1645 1640 1635
1652 1657 1663 1668
1652 1651 1645 1640
1653 1658 1664 1669
1653 1646 1647 1641
1654 1659 1665 1670
1654 1648 1642 1637
1655 1660 1661 1666
1655 1649 1643 1638
1656 1662 1667 1672
1656 1650 1644 1639
1657 1663 1668 1673
1657 1652 1651 1645
1658 1664 1669 1674
1658 1653 1646 1647
1659 1665 1670 1675
1659 1654 1648 1642
1660 1661 1666 1671
1660 1655 1649 1643
1661 1666 1671 1676
1661 1660 1655 1649
1662 1667 1672 1677
1662 1656 1650 1644
1663 1668 1673 1678
1663 1657 1652 1651
1664 1669 1674 1679
1664 1658 1653 1646
1665 1670 1675 1680
1665 1659 1654 1648
1666 1671 1676 1681
1666 1661 1660 1655
1667 1672 1677 1682
1667 1662 1656 1650
1668 1673 1678 1683
1668 1663 1657 1652
1669 1674 1679 1684
1669 1664 1658 1653
1670 1675 1680 1685
1670 1665 1659 1654
1671 1676 1681 1686
1671 1666 1661 1660
1672 1677 1682 1687
1672 1667 1662 1656
1673 1678 1683 1688
1673 1668 1663 1657
1674 1679 1684 1690
1674 1669 1664 1658
1675 1680 1685 1691
1675 1670 1665 1659
1676 1681 1686 1692
1676 1671 1666 1661
1677 1682 1687 1693
1677 1672 1667 1662
1678 1683 1688 1694
1678 1673 1668 1663
1679 1684 1690 1689
1679 1674 1669 1664
1680 1685 1691 1696
1680 1675 1670 1665
1681 1686 1692 1697
1681 1676 1671 1666
1682 1687 1693 1698
1682 1677 1672 1667
1683 1688 1694 1699
1683 1678 1673 1668
1684 1690 1689 1695
1684 1679 1674 1669
1685 1691 1696 1701
1685 1680 1675 1670
1686 1692 1697 1702
1686 1681 1676 1671
1687 1693 1698 1703
1687 1682 1677 1672
1688 1694 1699 1704
1688 1683 1678 1673
1689 1695 1700 1706
1689 1690 1684 1679
1690 1689 1695 1700
1690 1684 1679 1674
1691 1696 1701 1707
1691 1685 1680 1675
1692 1697 1702 1708
1692 1686 1681 1676
1693 1698 1703 1709
1693 1687 1682 1677
1694 1699 1704 1710
1694 1688 1683 1678
1695 1700 1706 1705
1695 1689 1690 1684
1696 1701 1707 1713
1696 1691 1685 1680
1697 1702 1708 1714
1697 1692 1686 1681
1698 1703 1709 1715
1698 1693 1687 1682
1699 1704 1710 1711
1699 1694 1688 1683
1700 1706 1705 1712
1700 1695 1689 1690
1701 1707 1713 1718
1701 1696 1691 1685
1702 1708 1714 1719
1702 1697 1692 1686
1703 1709 1715 1720
1703 1698 1693 1687
1704 1710 1711 1716
1704 1699 1694 1688
1705 1712 1717 1723
1705 1706 1700 1695
1706 1705 1712 1717
1706 1700 1695 1689
1707 1713 1718 1724
1707 1701 1696 1691
1708 1714 1719 1725
1708 1702 1697 1692
1709 1715 1720 1726
1709 1703 1698 1693
1710 1711 1716 1721
1710 1704 1699 1694
1711 1716 1721 1722
1711 1710 1704 1699
1712 1717 1723 1728
1712 1705 1706 1700
1713 1718 1724 1729
1713 1707 1701 1696
1714 1719 1725 1730
1714 1708 1702 1697
1715 1720 1726 1731
1715 1709 1703 1698
1716 1721 1722 1727
1716 1711 1710 1704
1717 1723 1728 1733
1717 1712 1705 1706
1718 1724 1729 1734
1718 1713 1707 1701
1719 1725 1730 1735
1719 1714 1708 1702
1720 1726 1731 1736
1720 1715 1709 1703
1721 1722 1727 1732
1721 1716 1711 1710
1722 1727 1732 1737
1722 1721 1716 1711
1723 1728 1733 1738
1723 1717 1712 1705
1724 1729 1734 1739
1724 1718 1713 1707
1725 1730 1735 1740
1725 1719 1714 1708
1726 1731 1736 1741
1726 1720 1715 1709
1727 1732 1737 1742
1727 1722 1721 1716
1728 1733 1738 1743
1728 1723 1717 1712
1729 1734 1739 1744
1729 1724 1718 1713
1730 1735 1740 1745
1730 1725 1719 1714
1731 1736 1741 1746
1731 1726 1720 1715
1732 1737 1742 1747
1732 1727 1722 1721
1733 1738 1743 1748
1733 1728 1723 1717
1734 1739 1744 1749
1734 1729 1724 1718
1735 1740 1745 1750
1735 1730 1725 1719
1736 1741 1746 1751
1736 1731 1726 1720
1737 1742 1747 1752
1737 1732 1727 1722
1738 1743 1748 1753
1738 1733 1728 1723
1739 1744 1749 1754
1739 1734 1729 1724
1740 1745 1750 1755
1740 1735 1730 1725
1741 1746 1751 1756
1741 1736 1731 1726
1742 1747 1752 1757
1742 1737 1732 1727
1743 1748 1753 1758
1743 1738 1733 1728
1744 1749 1754 1759
1744 1739 1734 1729
1745 1750 1755 1760
1745 1740 1735 1730
1746 1751 1756 1761
1746 1741 1736 1731
1747 1752 1757 1762
1747 1742 1737 1732
1748 1753 1758 1763
1748 1743 1738 1733
1749 1754 1759 1764
1749 1744 1739 1734
1750 1755 1760 1765
1750 1745 1740 1735
1751 1756 1761 1766
1751 1746 1741 1736
1752 1757 1762 1767
1752 1747 1742 1737
1753 1758 1763 1768
1753 1748 1743 1738
1754 1759 1764 1769
1754 1749 1744 1739
1755 1760 1765 1770
1755 1750 1745 1740
1756 1761 1766 1771
1756 1751 1746 1741
1757 1762 1767 1772
1757 1752 1747 1742
1758 1763 1768 1774
1758 1753 1748 1743
1759 1764 1769 1775
1759 1754 1749 1744
1760 1765 1770 1776
1760 1755 1750 1745
1761 1766 1771 1777
1761 1756 1751 1746
1762 1767 1772 1773
1762 1757 1752 1747
1763 1768 1774 1780
1763 1758 1753 1748
1764 1769 1775 1781
1764 1759 1754 1749
1765 1770 1776 1782
1765 1760 1755 1750
1766 1771 1777 1783
1766 1761 1756 1751
1767 1772 1773 1778
1767 1762 1757 1752
1768 1774 1780 1779
1768 1763 1758 1753
1769 1775 1781 1787
1769 1764 1759 1754
1770 1776 1782 1788
1770 1765 1760 1755
1771 1777 1783 1790
1771 1766 1761 1756
1772 1773 1778 1784
1772 1767 1762 1757
1773 1778 1784 1785
1773 1772 1767 1762
1774 1780 1779 1786
1774 1768 1763 1758
1775 1781 1787 1794
1775 1769 1764 1759
1776 1782 1788 1789
1776 1770 1765 1760
1777 1783 1790 1796
1777 1771 1766 1761
1778 1784 1785 1791
1778 1773 1772 1767
1779 1786 1793 1792
1779 1780 1774 1768
1780 1779 1786 1793
1780 1774 1768 1763
1781 1787 1794 1800
1781 1775 1769 1764
1782 1788 1789 1795
1782 1776 1770 1765
1783 1790 1796 1802
1783 1777 1771 1766
1784 1785 1791 1797
1784 1778 1773 1772
1785 1791 1797 1803
1785 1784 1778 1773
1786 1793 1792 1799
1786 1779 1780 1774
1787 1794 1800 1806
1787 1781 1775 1769
1788 1789 1795 1801
1788 1782 1776 1770
1789 1795 1801 1807
1789 1788 1782 1776
1790 1796 1802 1808
1790 1783 1777 1771
1791 1797 1803 1804
1791 1785 1784 1778
1792 1799 1798 1805
1792 1793 1786 1779
1793 1792 1799 1798
1793 1786 1779 1780
1794 1800 1806 1812
1794 1787 1781 1775
1795 1801 1807 1813
1795 1789 1788 1782
1796 1802 1808 1814
1796 1790 1783 1777
1797 1803 1804 1809
1797 1791 1785 1784
1798 1805 1811 1810
1798 1799 1792 1793
1799 1798 1805 1811
1799 1792 1793 1786
1800 1806 1812 1818
1800 1794 1787 1781
1801 1807 1813 1819
1801 1795 1789 1788
1802 1808 1814 1820
1802 1796 1790 1783
1803 1804 1809 1815
1803 1797 1791 1785
1804 1809 1815 1821
1804 1803 1797 1791
1805 1811 1810 1817
1805 1798 1799 1792
1806 1812 1818 1824
1806 1800 1794 1787
1807 1813 1819 1825
1807 1801 1795 1789
1808 1814 1820 1826
1808 1802 1796 1790
1809 1815 1821 1822
1809 1804 1803 1797
1810 1817 1816 1823
1810 1811 1805 1798
1811 1810 1817 1816
1811 1805 1798 1799
1812 1818 1824 1831
1812 1806 1800 1794
1813 1819 1825 1832
1813 1807 1801 1795
1814 1820 1826 1833
1814 1808 1802 1796
1815 1821 1822 1827
1815 1809 1804 1803
1816 1823 1830 1829
1816 1817 1810 1811
1817 1816 1823 1830
1817 1810 1811 1805
1818 1824 1831 1838
1818 1812 1806 1800
1819 1825 1832 1839
1819 1813 1807 1801
1820 1826 1833 1840
1820 1814 1808 1802
1821 1822 1827 1828
1821 1815 1809 1804
1822 1827 1828 1834
1822 1821 1815 1809
1823 1830 1829 1837
1823 1816 1817 1810
1824 1831 1838 1844
1824 1818 1812 1806
1825 1832 1839 1845
1825 1819 1813 1807
1826 1833 1840 1846
1826 1820 1814 1808
1827 1828 1834 1835
1827 1822 1821 1815
1828 1834 1835 1841
1828 1827 1822 1821
1829 1837 1836 1843
1829 1830 1823 1816
1830 1829 1837 1836
1830 1823 1816 1817
1831 1838 1844 1851
1831 1824 1818 1812
1832 1839 1845 1852
1832 1825 1819 1813
1833 1840 1846 1853
1833 1826 1820 1814
1834 1835 1841 1847
1834 1828 1827 1822
1835 1841 1847 1848
1835 1834 1828 1827
1836 1843 1842 1850
1836 1837 1829 1830
1837 1836 1843 1842
1837 1829 1830 1823
1838 1844 1851 1857
1838 1831 1824 1818
1839 1845 1852 1858
1839 1832 1825 1819
1840 1846 1853 1859
1840 1833 1826 1820
1841 1847 1848 1854
1841 1835 1834 1828
1842 1850 1849 1856
1842 1843 1836 1837
1843 1842 1850 1849
1843 1836 1837 1829
1844 1851 1857 1864
1844 1838 1831 1824
1845 1852 1858 1865
1845 1839 1832 1825
1846 1853 1859 1866
1846 1840 1833 1826
1847 1848 1854 1855
1847 1841 1835 1834
1848 1854 1855 1860
1848 1847 1841 1835
1849 1856 1863 1862
1849 1850 1842 1843
1850 1849 1856 1863
1850 1842 1843 1836
1851 1857 1864 1871
1851 1844 1838 1831
1852 1858 1865 1872
1852 1845 1839 1832
1853 1859 1866 1873
1853 1846 1840 1833
1854 1855 1860 1861
1854 1848 1847 1841
1855 1860 1861 1867
1855 1854 1848 1847
1856 1863 1862 1870
1856 1849 1850 1842
1857 1864 1871 1878
1857 1851 1844 1838
1858 1865 1872 1879
1858 1852 1845 1839
1859 1866 1873 1881
1859 1853 1846 1840
1860 1861 1867 1868
1860 1855 1854 1848
1861 1867 1868 1874
1861 1860 1855 1854
1862 1870 1869 1877
1862 1863 1856 1849
1863 1862 1870 1869
1863 1856 1849 1850
1864 1871 1878 1886
1864 1857 1851 1844
1865 1872 1879 1880
1865 1858 1852 1845
1866 1873 1881 1888
1866 1859 1853 1846
1867 1868 1874 1875
1867 1861 1860 1855
1868 1874 1875 1882
1868 1867 1861 1860
1869 1877 1876 1885
1869 1870 1862 1863
1870 1869 1877 1876
1870 1862 1863 1856
1871 1878 1886 1893
1871 1864 1857 1851
1872 1879 1880 1887
1872 1865 1858 1852
1873 1881 1888 1895
1873 1866 1859 1853
1874 1875 1882 1883
1874 1868 1867 1861
1875 1882 1883 1889
1875 1874 1868 1867
1876 1885 1884 1892
1876 1877 1869 1870
1877 1876 1885 1884
1877 1869 1870 1862
1878 1886 1893 1900
1878 1871 1864 1857
1879 1880 1887 1894
1879 1872 1865 1858
1880 1887 1894 1901
1880 1879 1872 1865
1881 1888 1895 1903
1881 1873 1866 1859
1882 1883 1889 1890
1882 1875 1874 1868
1883 1889 1890 1896
1883 1882 1875 1874
1884 1892 1891 1899
1884 1885 1876 1877
1885 1884 1892 1891
1885 1876 1877 1869
1886 1893 1900 1909
1886 1878 1871 1864
1887 1894 1901 1902
1887 1880 1879 1872
1888 1895 1903 1911
1888 1881 1873 1866
1889 1890 1896 1897
1889 1883 1882 1875
1890 1896 1897 1904
1890 1889 1883 1882
1891 1899 1898 1907
1891 1892 1884 1885
1892 1891 1899 1898
1892 1884 1885 1876
1893 1900 1909 1908
1893 1886 1878 1871
1894 1901 1902 1910
1894 1887 1880 1879
1895 1903 1911 1919
1895 1888 1881 1873
1896 1897 1904 1905
1896 1890 1889 1883
1897 1904 1905 1912
1897 1896 1890 1889
1898 1907 1906 1916
1898 1899 1891 1892
1899 1898 1907 1906
1899 1891 1892 1884
1900 1909 1908 1917
1900 1893 1886 1878
1901 1902 1910 1918
1901 1894 1887 1880
1902 1910 1918 1927
1902 1901 1894 1887
1903 1911 1919 1929
1903 1895 1888 1881
1904 1905 1912 1913
1904 1897 1896 1890
1905 1912 1913 1920
1905 1904 1897 1896
1906 1916 1915 1914
1906 1907 1898 1899
1907 1906 1916 1915
1907 1898 1899 1891
1908 1917 1926 1925
1908 1909 1900 1893
1909 1908 1917 1926
1909 1900 1893 1886
1910 1918 1927 1928
1910 1902 1901 1894
1911 1919 1929 1937
1911 1903 1895 1888
1912 1913 1920 1921
1912 1905 1904 1897
1913 1920 1921 1922
1913 1912 1905 1904
1914 1924 1923 1934
1914 1915 1916 1906
1915 1914 1924 1923
1915 1916 1906 1907
1916 1915 1914 1924
1916 1906 1907 1898
1917 1926 1925 1935
1917 1908 1909 1900
1918 1927 1928 1936
1918 1910 1902 1901
1919 1929 1937 1946
1919 1911 1903 1895
1920 1921 1922 1930
1920 1913 1912 1905
1921 1922 1930 1931
1921 1920 1913 1912
1922 1930 1931 1932
1922 1921 1920 1913
1923 1934 1933 1942
1923 1924 1914 1915
1924 1923 1934 1933
1924 1914 1915 1916
1925 1935 1944 1943
1925 1926 1917 1908
1926 1925 1935 1944
1926 1917 1908 1909
1927 1928 1936 1945
1927 1918 1910 1902
1928 1936 1945 1955
1928 1927 1918 1910
1929 1937 1946 1957
1929 1919 1911 1903
1930 1931 1932 1938
1930 1922 1921 1920
1931 1932 1938 1939
1931 1930 1922 1921
1932 1938 1939 1940
1932 1931 1930 1922
1933 1942 1941 1952
1933 1934 1923 1924
1934 1933 1942 1941
1934 1923 1924 1914
1935 1944 1943 1954
1935 1925 1926 1917
1936 1945 1955 1956
1936 1928 1927 1918
1937 1946 1957 1968
1937 1929 1919 1911
1938 1939 1940 1947
1938 1932 1931 1930
1939 1940 1947 1948
1939 1938 1932 1931
1940 1947 1948 1949
1940 1939 1938 1932
1941 1952 1951 1950
1941 1942 1933 1934
1942 1941 1952 1951
1942 1933 1934 1923
1943 1954 1953 1966
1943 1944 1935 1925
1944 1943 1954 1953
1944 1935 1925 1926
1945 1955 1956 1967
1945 1936 1928 1927
1946 1957 1968 1981
1946 1937 1929 1919
1947 1948 1949 1958
1947 1940 1939 1938
1948 1949 1958 1959
1948 1947 1940 1939
1949 1958 1959 1960
1949 1948 1947 1940
1950 1965 1964 1963
1950 1951 1952 1941
1951 1950 1965 1964
1951 1952 1941 1942
1952 1951 1950 1965
1952 1941 1942 1933
1953 1966 1979 1983
1953 1954 1943 1944
1954 1953 1966 1979
1954 1943 1944 1935
1955 1956 1967 1980
1955 1945 1936 1928
1956 1967 1980 1984
1956 1955 1945 1936
1957 1968 1981 1985
1957 1946 1937 1929
1958 1959 1960 1961
1958 1949 1948 1947
1959 1960 1961 1969
1959 1958 1949 1948
1960 1961 1969 1970
1960 1959 1958 1949
1961 1969 1970 1971
1961 1960 1959 1958
1962 1978 1977 1976
1962 1963 1964 1965
1963 1962 1978 1977
1963 1964 1965 1950
1964 1963 1962 1978
1964 1965 1950 1951
1965 1964 1963 1962
1965 1950 1951 1952
1966 1979 1983 1982
1966 1953 1954 1943
1967 1980 1984 1987
1967 1956 1955 1945
1968 1981 1985 1988
1968 1957 1946 1937
1969 1970 1971 1972
1969 1961 1960 1959
1970 1971 1972 1973
1970 1969 1961 1960
1971 1972 1973 1974
1971 1970 1969 1961
1972 1973 1974 1975
1972 1971 1970 1969
1973 1974 1975 1976
1973 1972 1971 1970
1974 1975 1976 1977
1974 1973 1972 1971
1975 1974 1973 1972
1975 1976 1977 1978
1976 1975 1974 1973
1976 1977 1978 1962
1977 1976 1975 1974
1977 1978 1962 1963
1978 1977 1976 1975
1978 1962 1963 1964
1979 1983 1982 1986
1979 1966 1953 1954
1980 1984 1987 1990
1980 1967 1956 1955
1981 1985 1988 1991
1981 1968 1957 1946
1982 1986 1989 1993
1982 1983 1979 1966
1983 1982 1986 1989
1983 1979 1966 1953
1984 1987 1990 1994
1984 1980 1967 1956
1985 1988 1991 1995
1985 1981 1968 1957
1986 1989 1993 1992
1986 1982 1983 1979
1987 1990 1994 1998
1987 1984 1980 1967
1988 1991 1995 1999
1988 1985 1981 1968
1989 1993 1992 1997
1989 1986 1982 1983
1990 1994 1998 2001
1990 1987 1984 1980
1991 1995 1999 2003
1991 1988 1985 1981
1992 1997 1996 2000
1992 1993 1989 1986
1993 1992 1997 1996
1993 1989 1986 1982
1994 1998 2001 2002
1994 1990 1987 1984
1995 1999 2003 2007
1995 1991 1988 1985
1996 2000 2005 2004
1996 1997 1992 1993
1997 1996 2000 2005
1997 1992 1993 1989
1998 2001 2002 2006
1998 1994 1990 1987
1999 2003 2007 2011
1999 1995 1991 1988
2000 2005 2004 2009
2000 1996 1997 1992
2001 2002 2006 2010
2001 1998 1994 1990
2002 2006 2010 2013
2002 2001 1998 1994
2003 2007 2011 2014
2003 1999 1995 1991
2004 2009 2008 2012
2004 2005 2000 1996
2005 2004 2009 2008
2005 2000 1996 1997
2006 2010 2013 2016
2006 2002 2001 1998
2007 2011 2014 2017
2007 2003 1999 1995
2008 2012 2015 2019
2008 2009 2004 2005
2009 2008 2012 2015
2009 2004 2005 2000
2010 2013 2016 2020
2010 2006 2002 2001
2011 2014 2017 2022
2011 2007 2003 1999
2012 2015 2019 2018
2012 2008 2009 2004
2013 2016 2020 2021
2013 2010 2006 2002
2014 2017 2022 2025
2014 2011 2007 2003
2015 2019 2018 2023
2015 2012 2008 2009
2016 2020 2021 2024
2016 2013 2010 2006
2017 2022 2025 2029
2017 2014 2011 2007
2018 2023 2026 2031
2018 2019 2015 2012
2019 2018 2023 2026
2019 2015 2012 2008
2020 2021 2024 2027
2020 2016 2013 2010
2021 2024 2027 2028
2021 2020 2016 2013
2022 2025 2029 2033
2022 2017 2014 2011
2023 2026 2031 2030
2023 2018 2019 2015
2024 2027 2028 2032
2024 2021 2020 2016
2025 2029 2033 2037
2025 2022 2017 2014
2026 2031 2030 2035
2026 2023 2018 2019
2027 2028 2032 2036
2027 2024 2021 2020
2028 2032 2036 2039
2028 2027 2024 2021
2029 2033 2037 2040
2029 2025 2022 2017
2030 2035 2034 2038
2030 2031 2026 2023
2031 2030 2035 2034
2031 2026 2023 2018
2032 2036 2039 2043
2032 2028 2027 2024
2033 2037 2040 2044
2033 2029 2025 2022
2034 2038 2042 2041
2034 2035 2030 2031
2035 2034 2038 2042
2035 2030 2031 2026
2036 2039 2043 2047
2036 2032 2028 2027
2037 2040 2044 2048
2037 2033 2029 2025
2038 2042 2041 2046
2038 2034 2035 2030
2039 2043 2047 2050
2039 2036 2032 2028
2040 2044 2048 2051
2040 2037 2033 2029
2041 2046 2045 2049
2041 2042 2038 2034
2042 2041 2046 2045
2042 2038 2034 2035
2043 2047 2050 2053
2043 2039 2036 2032
2044 2048 2051 2055
2044 2040 2037 2033
2045 2049 2052 2057
2045 2046 2041 2042
2046 2045 2049 2052
2046 2041 2042 2038
2047 2050 2053 2054
2047 2043 2039 2036
2048 2051 2055 2059
2048 2044 2040 2037
2049 2052 2057 2056
2049 2045 2046 2041
2050 2053 2054 2058
2050 2047 2043 2039
2051 2055 2059 2063
2051 2048 2044 2040
2052 2057 2056 2060
2052 2049 2045 2046
2053 2054 2058 2061
2053 2050 2047 2043
2054 2058 2061 2062
2054 2053 2050 2047
2055 2059 2063 2066
2055 2051 2048 2044
2056 2060 2064 2068
2056 2057 2052 2049
2057 2056 2060 2064
2057 2052 2049 2045
2058 2061 2062 2065
2058 2054 2053 2050
2059 2063 2066 2071
2059 2055 2051 2048
2060 2064 2068 2067
2060 2056 2057 2052
2061 2062 2065 2069
2061 2058 2054 2053
2062 2065 2069 2070
2062 2061 2058 2054
2063 2066 2071 2075
2063 2059 2055 2051
2064 2068 2067 2073
2064 2060 2056 2057
2065 2069 2070 2074
2065 2062 2061 2058
2066 2071 2075 2079
2066 2063 2059 2055
2067 2073 2072 2076
2067 2068 2064 2060
2068 2067 2073 2072
2068 2064 2060 2056
2069 2070 2074 2077
2069 2065 2062 2061
2070 2074 2077 2078
2070 2069 2065 2062
2071 2075 2079 2080
2071 2066 2063 2059
2072 2076 2082 2081
2072 2073 2067 2068
2073 2072 2076 2082
2073 2067 2068 2064
2074 2077 2078 2083
2074 2070 2069 2065
2075 2079 2080 2084
2075 2071 2066 2063
2076 2082 2081 2086
2076 2072 2073 2067
2077 2078 2083 2087
2077 2074 2070 2069
2078 2083 2087 2088
2078 2077 2074 2070
2079 2080 2084 2089
2079 2075 2071 2066
2080 2084 2089 2090
2080 2079 2075 2071
2081 2086 2085 2091
2081 2082 2076 2072
2082 2081 2086 2085
2082 2076 2072 2073
2083 2087 2088 2092
2083 2078 2077 2074
2084 2089 2090 2093
2084 2080 2079 2075
2085 2091 2096 2095
2085 2086 2081 2082
2086 2085 2091 2096
2086 2081 2082 2076
2087 2088 2092 2097
2087 2083 2078 2077
2088 2092 2097 2102
2088 2087 2083 2078
2089 2090 2093 2094
2089 2084 2080 2079
2090 2093 2094 2098
2090 2089 2084 2080
2091 2096 2095 2101
2091 2085 2086 2081
2092 2097 2102 2106
2092 2088 2087 2083
2093 2094 2098 2099
2093 2090 2089 2084
2094 2098 2099 2103
2094 2093 2090 2089
2095 2101 2100 2105
2095 2096 2091 2085
2096 2095 2101 2100
2096 2091 2085 2086
2097 2102 2106 2110
2097 2092 2088 2087
2098 2099 2103 2104
2098 2094 2093 2090
2099 2103 2104 2107
2099 2098 2094 2093
2100 2105 2109 2114
2100 2101 2095 2096
2101 2100 2105 2109
2101 2095 2096 2091
2102 2106 2110 2115
2102 2097 2092 2088
2103 2104 2107 2108
2103 2099 2098 2094
2104 2107 2108 2111
2104 2103 2099 2098
2105 2109 2114 2113
2105 2100 2101 2095
2106 2110 2115 2121
2106 2102 2097 2092
2107 2108 2111 2112
2107 2104 2103 2099
2108 2111 2112 2116
2108 2107 2104 2103
2109 2114 2113 2120
2109 2105 2100 2101
2110 2115 2121 2122
2110 2106 2102 2097
2111 2112 2116 2117
2111 2108 2107 2104
2112 2116 2117 2118
2112 2111 2108 2107
2113 2120 2119 2125
2113 2114 2109 2105
2114 2113 2120 2119
2114 2109 2105 2100
2115 2121 2122 2126
2115 2110 2106 2102
2116 2117 2118 2123
2116 2112 2111 2108
2117 2118 2123 2124
2117 2116 2112 2111
2118 2123 2124 2127
2118 2117 2116 2112
2119 2125 2130 2129
2119 2120 2113 2114
2120 2119 2125 2130
2120 2113 2114 2109
2121 2122 2126 2131
2121 2115 2110 2106
2122 2126 2131 2132
2122 2121 2115 2110
2123 2124 2127 2128
2123 2118 2117 2116
2124 2127 2128 2133
2124 2123 2118 2117
2125 2130 2129 2136
2125 2119 2120 2113
2126 2131 2132 2137
2126 2122 2121 2115
2127 2128 2133 2134
2127 2124 2123 2118
2128 2133 2134 2138
2128 2127 2124 2123
2129 2136 2135 2140
2129 2130 2125 2119
2130 2129 2136 2135
2130 2125 2119 2120
2131 2132 2137 2141
2131 2126 2122 2121
2132 2137 2141 2142
2132 2131 2126 2122
2133 2134 2138 2139
2133 2128 2127 2124
2134 2138 2139 2143
2134 2133 2128 2127
2135 2140 2146 2145
2135 2136 2129 2130
2136 2135 2140 2146
2136 2129 2130 2125
2137 2141 2142 2147
2137 2132 2131 2126
2138 2139 2143 2144
2138 2134 2133 2128
2139 2143 2144 2148
2139 2138 2134 2133
2140 2146 2145 2151
2140 2135 2136 2129
2141 2142 2147 2152
2141 2137 2132 2131
2142 2147 2152 2153
2142 2141 2137 2132
2143 2144 2148 2149
2143 2139 2138 2134
2144 2148 2149 2154
2144 2143 2139 2138
2145 2151 2150 2156
2145 2146 2140 2135
2146 2145 2151 2150
2146 2140 2135 2136
2147 2152 2153 2157
2147 2142 2141 2137
2148 2149 2154 2155
2148 2144 2143 2139
2149 2154 2155 2158
2149 2148 2144 2143
2150 2156 2160 2165
2150 2151 2145 2146
2151 2150 2156 2160
2151 2145 2146 2140
2152 2153 2157 2161
2152 2147 2142 2141
2153 2157 2161 2166
2153 2152 2147 2142
2154 2155 2158 2159
2154 2149 2148 2144
2155 2158 2159 2162
2155 2154 2149 2148
2156 2160 2165 2164
2156 2150 2151 2145
2157 2161 2166 2167
2157 2153 2152 2147
2158 2159 2162 2163
2158 2155 2154 2149
2159 2162 2163 2168
2159 2158 2155 2154
2160 2165 2164 2171
2160 2156 2150 2151
2161 2166 2167 2172
2161 2157 2153 2152
2162 2163 2168 2169
2162 2159 2158 2155
2163 2168 2169 2173
2163 2162 2159 2158
2164 2171 2170 2176
2164 2165 2160 2156
2165 2164 2171 2170
2165 2160 2156 2150
2166 2167 2172 2177
2166 2161 2157 2153
2167 2172 2177 2182
2167 2166 2161 2157
2168 2169 2173 2174
2168 2163 2162 2159
2169 2173 2174 2175
2169 2168 2163 2162
2170 2176 2181 2180
2170 2171 2164 2165
2171 2170 2176 2181
2171 2164 2165 2160
2172 2177 2182 2183
2172 2167 2166 2161
2173 2174 2175 2178
2173 2169 2168 2163
2174 2175 2178 2179
2174 2173 2169 2168
2175 2178 2179 2184
2175 2174 2173 2169
2176 2181 2180 2187
2176 2170 2171 2164
2177 2182 2183 2188
2177 2172 2167 2166
2178 2179 2184 2185
2178 2175 2174 2173
2179 2184 2185 2189
2179 2178 2175 2174
2180 2187 2186 2191
2180 2181 2176 2170
2181 2180 2187 2186
2181 2176 2170 2171
2182 2183 2188 2192
2182 2177 2172 2167
2183 2188 2192 2197
2183 2182 2177 2172
2184 2185 2189 2190
2184 2179 2178 2175
2185 2189 2190 2193
2185 2184 2179 2178
2186 2191 2196 2195
2186 2187 2180 2181
2187 2186 2191 2196
2187 2180 2181 2176
2188 2192 2197 2198
2188 2183 2182 2177
2189 2190 2193 2194
2189 2185 2184 2179
2190 2193 2194 2199
2190 2189 2185 2184
2191 2196 2195 2202
2191 2186 2187 2180
2192 2197 2198 2203
2192 2188 2183 2182
2193 2194 2199 2200
2193 2190 2189 2185
2194 2199 2200 2205
2194 2193 2190 2189
2195 2202 2201 2207
2195 2196 2191 2186
2196 2195 2202 2201
2196 2191 2186 2187
2197 2198 2203 2204
2197 2192 2188 2183
2198 2203 2204 2208
2198 2197 2192 2188
2199 2200 2205 2206
2199 2194 2193 2190
2200 2205 2206 2210
2200 2199 2194 2193
2201 2207 2213 2218
2201 2202 2195 2196
2202 2201 2207 2213
2202 2195 2196 2191
2203 2204 2208 2209
2203 2198 2197 2192
2204 2208 2209 2214
2204 2203 2198 2197
2205 2206 2210 2211
2205 2200 2199 2194
2206 2210 2211 2212
2206 2205 2200 2199
2207 2213 2218 2217
2207 2201 2202 2195
2208 2209 2214 2219
2208 2204 2203 2198
2209 2214 2219 2220
2209 2208 2204 2203
2210 2211 2212 2215
2210 2206 2205 2200
2211 2212 2215 2216
2211 2210 2206 2205
2212 2215 2216 2221
2212 2211 2210 2206
2213 2218 2217 2223
2213 2207 2201 2202
2214 2219 2220 2224
2214 2209 2208 2204
2215 2216 2221 2222
2215 2212 2211 2210
2216 2221 2222 2226
2216 2215 2212 2211
2217 2223 2228 2234
2217 2218 2213 2207
2218 2217 2223 2228
2218 2213 2207 2201
2219 2220 2224 2225
2219 2214 2209 2208
2220 2224 2225 2229
2220 2219 2214 2209
2221 2222 2226 2227
2221 2216 2215 2212
2222 2226 2227 2231
2222 2221 2216 2215
2223 2228 2234 2233
2223 2217 2218 2213
2224 2225 2229 2230
2224 2220 2219 2214
2225 2229 2230 2235
2225 2224 2220 2219
2226 2227 2231 2232
2226 2222 2221 2216
2227 2231 2232 2237
2227 2226 2222 2221
2228 2234 2233 2241
2228 2223 2217 2218
2229 2230 2235 2236
2229 2225 2224 2220
2230 2235 2236 2242
2230 2229 2225 2224
2231 2232 2237 2238
2231 2227 2226 2222
2232 2237 2238 2239
2232 2231 2227 2226
2233 2241 2240 2246
2233 2234 2228 2223
2234 2233 2241 2240
2234 2228 2223 2217
2235 2236 2242 2243
2235 2230 2229 2225
2236 2242 2243 2247
2236 2235 2230 2229
2237 2238 2239 2244
2237 2232 2231 2227
2238 2239 2244 2245
2238 2237 2232 2231
2239 2244 2245 2249
2239 2238 2237 2232
2240 2246 2252 2251
2240 2241 2233 2234
2241 2240 2246 2252
2241 2233 2234 2228
2242 2243 2247 2248
2242 2236 2235 2230
2243 2247 2248 2253
2243 2242 2236 2235
2244 2245 2249 2250
2244 2239 2238 2237
2245 2249 2250 2255
2245 2244 2239 2238
2246 2252 2251 2258
2246 2240 2241 2233
2247 2248 2253 2254
2247 2243 2242 2236
2248 2253 2254 2259
2248 2247 2243 2242
2249 2250 2255 2256
2249 2245 2244 2239
2250 2255 2256 2261
2250 2249 2245 2244
2251 2258 2257 2263
2251 2252 2246 2240
2252 2251 2258 2257
2252 2246 2240 2241
2253 2254 2259 2260
2253 2248 2247 2243
2254 2259 2260 2264
2254 2253 2248 2247
2255 2256 2261 2262
2255 2250 2249 2245
2256 2261 2262 2266
2256 2255 2250 2249
2257 2263 2268 2274
2257 2258 2251 2252
2258 2257 2263 2268
2258 2251 2252 2246
2259 2260 2264 2265
2259 2254 2253 2248
2260 2264 2265 2269
2260 2259 2254 2253
2261 2262 2266 2267
2261 2256 2255 2250
2262 2266 2267 2271
2262 2261 2256 2255
2263 2268 2274 2273
2263 2257 2258 2251
2264 2265 2269 2270
2264 2260 2259 2254
2265 2269 2270 2275
2265 2264 2260 2259
2266 2267 2271 2272
2266 2262 2261 2256
2267 2271 2272 2277
2267 2266 2262 2261
2268 2274 2273 2280
2268 2263 2257 2258
2269 2270 2275 2276
2269 2265 2264 2260
2270 2275 2276 2281
2270 2269 2265 2264
2271 2272 2277 2278
2271 2267 2266 2262
2272 2277 2278 2279
2272 2271 2267 2266
2273 2280 2285 2291
2273 2274 2268 2263
2274 2273 2280 2285
2274 2268 2263 2257
2275 2276 2281 2282
2275 2270 2269 2265
2276 2281 2282 2286
2276 2275 2270 2269
2277 2278 2279 2283
2277 2272 2271 2267
2278 2279 2283 2284
2278 2277 2272 2271
2279 2283 2284 2288
2279 2278 2277 2272
2280 2285 2291 2290
2280 2273 2274 2268
2281 2282 2286 2287
2281 2276 2275 2270
2282 2286 2287 2292
2282 2281 2276 2275
2283 2284 2288 2289
2283 2279 2278 2277
2284 2288 2289 2294
2284 2283 2279 2278
2285 2291 2290 2297
2285 2280 2273 2274
2286 2287 2292 2293
2286 2282 2281 2276
2287 2292 2293 2298
2287 2286 2282 2281
2288 2289 2294 2295
2288 2284 2283 2279
2289 2294 2295 2301
2289 2288 2284 2283
2290 2297 2296 2303
2290 2291 2285 2280
2291 2290 2297 2296
2291 2285 2280 2273
2292 2293 2298 2299
2292 2287 2286 2282
2293 2298 2299 2300
2293 2292 2287 2286
2294 2295 2301 2302
2294 2289 2288 2284
2295 2301 2302 2306
2295 2294 2289 2288
2296 2303 2309 2308
2296 2297 2290 2291
2297 2296 2303 2309
2297 2290 2291 2285
2298 2299 2300 2304
2298 2293 2292 2287
2299 2300 2304 2305
2299 2298 2293 2292
2300 2304 2305 2310
2300 2299 2298 2293
2301 2302 2306 2307
2301 2295 2294 2289
2302 2306 2307 2312
2302 2301 2295 2294
2303 2309 2308 2315
2303 2296 2297 2290
2304 2305 2310 2311
2304 2300 2299 2298
2305 2310 2311 2316
2305 2304 2300 2299
2306 2307 2312 2313
2306 2302 2301 2295
2307 2312 2313 2318
2307 2306 2302 2301
2308 2315 2314 2320
2308 2309 2303 2296
2309 2308 2315 2314
2309 2303 2296 2297
2310 2311 2316 2317
2310 2305 2304 2300
2311 2316 2317 2321
2311 2310 2305 2304
2312 2313 2318 2319
2312 2307 2306 2302
2313 2318 2319 2323
2313 2312 2307 2306
2314 2320 2326 2325
2314 2315 2308 2309
2315 2314 2320 2326
2315 2308 2309 2303
2316 2317 2321 2322
2316 2311 2310 2305
2317 2321 2322 2327
2317 2316 2311 2310
2318 2319 2323 2324
2318 2313 2312 2307
2319 2323 2324 2329
2319 2318 2313 2312
2320 2326 2325 2332
2320 2314 2315 2308
2321 2322 2327 2328
2321 2317 2316 2311
2322 2327 2328 2333
2322 2321 2317 2316
2323 2324 2329 2330
2323 2319 2318 2313
2324 2329 2330 2335
2324 2323 2319 2318
2325 2332 2331 2337
2325 2326 2320 2314
2326 2325 2332 2331
2326 2320 2314 2315
2327 2328 2333 2334
2327 2322 2321 2317
2328 2333 2334 2338
2328 2327 2322 2321
2329 2330 2335 2336
2329 2324 2323 2319
2330 2335 2336 2340
2330 2329 2324 2323
2331 2337 2343 2349
2331 2332 2325 2326
2332 2331 2337 2343
2332 2325 2326 2320
2333 2334 2338 2339
2333 2328 2327 2322
2334 2338 2339 2344
2334 2333 2328 2327
2335 2336 2340 2341
2335 2330 2329 2324
2336 2340 2341 2342
2336 2335 2330 2329
2337 2343 2349 2348
2337 2331 2332 2325
2338 2339 2344 2345
2338 2334 2333 2328
2339 2344 2345 2350
2339 2338 2334 2333
2340 2341 2342 2346
2340 2336 2335 2330
2341 2342 2346 2347
2341 2340 2336 2335
2342 2346 2347 2352
2342 2341 2340 2336
2343 2349 2348 2355
2343 2337 2331 2332
2344 2345 2350 2351
2344 2339 2338 2334
2345 2350 2351 2356
2345 2344 2339 2338
2346 2347 2352 2353
2346 2342 2341 2340
2347 2352 2353 2359
2347 2346 2342 2341
2348 2355 2354 2361
2348 2349 2343 2337
2349 2348 2355 2354
2349 2343 2337 2331
2350 2351 2356 2357
2350 2345 2344 2339
2351 2356 2357 2358
2351 2350 2345 2344
2352 2353 2359 2360
2352 2347 2346 2342
2353 2359 2360 2364
2353 2352 2347 2346
2354 2361 2367 2366
2354 2355 2348 2349
2355 2354 2361 2367
2355 2348 2349 2343
2356 2357 2358 2362
2356 2351 2350 2345
2357 2358 2362 2363
2357 2356 2351 2350
2358 2362 2363 2368
2358 2357 2356 2351
2359 2360 2364 2365
2359 2353 2352 2347
2360 2364 2365 2370
2360 2359 2353 2352
2361 2367 2366 2373
2361 2354 2355 2348
2362 2363 2368 2369
2362 2358 2357 2356
2363 2368 2369 2374
2363 2362 2358 2357
2364 2365 2370 2371
2364 2360 2359 2353
2365 2370 2371 2376
2365 2364 2360 2359
2366 2373 2372 2378
2366 2367 2361 2354
2367 2366 2373 2372
2367 2361 2354 2355
2368 2369 2374 2375
2368 2363 2362 2358
2369 2374 2375 2379
2369 2368 2363 2362
2370 2371 2376 2377
2370 2365 2364 2360
2371 2376 2377 2381
2371 2370 2365 2364
2372 2378 2384 2383
2372 2373 2366 2367
2373 2372 2378 2384
2373 2366 2367 2361
2374 2375 2379 2380
2374 2369 2368 2363
2375 2379 2380 2385
2375 2374 2369 2368
2376 2377 2381 2382
2376 2371 2370 2365
2377 2381 2382 2387
2377 2376 2371 2370
2378 2384 2383 2390
2378 2372 2373 2366
2379 2380 2385 2386
2379 2375 2374 2369
2380 2385 2386 2391
2380 2379 2375 2374
2381 2382 2387 2388
2381 2377 2376 2371
2382 2387 2388 2393
2382 2381 2377 2376
2383 2390 2389 2395
2383 2384 2378 2372
2384 2383 2390 2389
2384 2378 2372 2373
2385 2386 2391 2392
2385 2380 2379 2375
2386 2391 2392 2396
2386 2385 2380 2379
2387 2388 2393 2394
2387 2382 2381 2377
2388 2393 2394 2398
2388 2387 2382 2381
2389 2395 2400 2407
2389 2390 2383 2384
2390 2389 2395 2400
2390 2383 2384 2378
2391 2392 2396 2397
2391 2386 2385 2380
2392 2396 2397 2401
2392 2391 2386 2385
2393 2394 2398 2399
2393 2388 2387 2382
2394 2398 2399 2404
2394 2393 2388 2387
2395 2400 2407 2406
2395 2389 2390 2383
2396 2397 2401 2402
2396 2392 2391 2386
2397 2401 2402 2403
2397 2396 2392 2391
2398 2399 2404 2405
2398 2394 2393 2388
2399 2404 2405 2410
2399 2398 2394 2393
2400 2407 2406 2413
2400 2395 2389 2390
2401 2402 2403 2408
2401 2397 2396 2392
2402 2403 2408 2409
2402 2401 2397 2396
2403 2408 2409 2414
2403 2402 2401 2397
2404 2405 2410 2411
2404 2399 2398 2394
2405 2410 2411 2417
2405 2404 2399 2398
2406 2413 2412 2420
2406 2407 2400 2395
2407 2406 2413 2412
2407 2400 2395 2389
2408 2409 2414 2415
2408 2403 2402 2401
2409 2414 2415 2416
2409 2408 2403 2402
2410 2411 2417 2418
2410 2405 2404 2399
2411 2417 2418 2419
2411 2410 2405 2404
2412 2420 2426 2425
2412 2413 2406 2407
2413 2412 2420 2426
2413 2406 2407 2400
2414 2415 2416 2421
2414 2409 2408 2403
2415 2416 2421 2422
2415 2414 2409 2408
2416 2421 2422 2427
2416 2415 2414 2409
2417 2418 2419 2423
2417 2411 2410 2405
2418 2419 2423 2424
2418 2417 2411 2410
2419 2423 2424 2429
2419 2418 2417 2411
2420 2426 2425 2432
2420 2412 2413 2406
2421 2422 2427 2428
2421 2416 2415 2414
2422 2427 2428 2433
2422 2421 2416 2415
2423 2424 2429 2430
2423 2419 2418 2417
2424 2429 2430 2436
2424 2423 2419 2418
2425 2432 2431 2438
2425 2426 2420 2412
2426 2425 2432 2431
2426 2420 2412 2413
2427 2428 2433 2434
2427 2422 2421 2416
2428 2433 2434 2435
2428 2427 2422 2421
2429 2430 2436 2437
2429 2424 2423 2419
2430 2436 2437 2442
2430 2429 2424 2423
2431 2438 2445 2444
2431 2432 2425 2426
2432 2431 2438 2445
2432 2425 2426 2420
2433 2434 2435 2439
2433 2428 2427 2422
2434 2435 2439 2440
2434 2433 2428 2427
2435 2439 2440 2441
2435 2434 2433 2428
2436 2437 2442 2443
2436 2430 2429 2424
2437 2442 2443 2448
2437 2436 2430 2429
2438 2445 2444 2452
2438 2431 2432 2425
2439 2440 2441 2446
2439 2435 2434 2433
2440 2441 2446 2447
2440 2439 2435 2434
2441 2446 2447 2453
2441 2440 2439 2435
2442 2443 2448 2449
2442 2437 2436 2430
2443 2448 2449 2450
2443 2442 2437 2436
2444 2452 2451 2457
2444 2445 2438 2431
2445 2444 2452 2451
2445 2438 2431 2432
2446 2447 2453 2454
2446 2441 2440 2439
2447 2453 2454 2458
2447 2446 2441 2440
2448 2449 2450 2455
2448 2443 2442 2437
2449 2450 2455 2456
2449 2448 2443 2442
2450 2455 2456 2461
2450 2449 2448 2443
2451 2457 2463 2470
2451 2452 2444 2445
2452 2451 2457 2463
2452 2444 2445 2438
2453 2454 2458 2459
2453 2447 2446 2441
2454 2458 2459 2460
2454 2453 2447 2446
2455 2456 2461 2462
2455 2450 2449 2448
2456 2461 2462 2467
2456 2455 2450 2449
2457 2463 2470 2469
2457 2451 2452 2444
2458 2459 2460 2464
2458 2454 2453 2447
2459 2460 2464 2465
2459 2458 2454 2453
2460 2464 2465 2466
2460 2459 2458 2454
2461 2462 2467 2468
2461 2456 2455 2450
2462 2467 2468 2473
2462 2461 2456 2455
2463 2470 2469 2476
2463 2457 2451 2452
2464 2465 2466 2471
2464 2460 2459 2458
2465 2466 2471 2472
2465 2464 2460 2459
2466 2471 2472 2477
2466 2465 2464 2460
2467 2468 2473 2474
2467 2462 2461 2456
2468 2473 2474 2479
2468 2467 2462 2461
2469 2476 2475 2481
2469 2470 2463 2457
2470 2469 2476 2475
2470 2463 2457 2451
2471 2472 2477 2478
2471 2466 2465 2464
2472 2477 2478 2482
2472 2471 2466 2465
2473 2474 2479 2480
2473 2468 2467 2462
2474 2479 2480 2484
2474 2473 2468 2467
2475 2481 2488 2487
2475 2476 2469 2470
2476 2475 2481 2488
2476 2469 2470 2463
2477 2478 2482 2483
2477 2472 2471 2466
2478 2482 2483 2489
2478 2477 2472 2471
2479 2480 2484 2485
2479 2474 2473 2468
2480 2484 2485 2486
2480 2479 2474 2473
2481 2488 2487 2495
2481 2475 2476 2469
2482 2483 2489 2490
2482 2478 2477 2472
2483 2489 2490 2491
2483 2482 2478 2477
2484 2485 2486 2492
2484 2480 2479 2474
2485 2486 2492 2493
2485 2484 2480 2479
2486 2492 2493 2499
2486 2485 2484 2480
2487 2495 2494 2501
2487 2488 2481 2475
2488 2487 2495 2494
2488 2481 2475 2476
2489 2490 2491 2496
2489 2483 2482 2478
2490 2491 2496 2497
2490 2489 2483 2482
2491 2496 2497 2498
2491 2490 2489 2483
2492 2493 2499 2500
2492 2486 2485 2484
2493 2499 2500 2505
2493 2492 2486 2485
2494 2501 2508 2507
2494 2495 2487 2488
2495 2494 2501 2508
2495 2487 2488 2481
2496 2497 2498 2502
2496 2491 2490 2489
2497 2498 2502 2503
2497 2496 2491 2490
2498 2502 2503 2504
2498 2497 2496 2491
2499 2500 2505 2506
2499 2493 2492 2486
2500 2505 2506 2512
2500 2499 2493 2492
2501 2508 2507 2515
2501 2494 2495 2487
2502 2503 2504 2509
2502 2498 2497 2496
2503 2504 2509 2510
2503 2502 2498 2497
2504 2509 2510 2511
2504 2503 2502 2498
2505 2506 2512 2513
2505 2500 2499 2493
2506 2512 2513 2519
2506 2505 2500 2499
2507 2515 2514 2521
2507 2508 2501 2494
2508 2507 2515 2514
2508 2501 2494 2495
2509 2510 2511 2516
2509 2504 2503 2502
2510 2511 2516 2517
2510 2509 2504 2503
2511 2516 2517 2518
2511 2510 2509 2504
2512 2513 2519 2520
2512 2506 2505 2500
2513 2519 2520 2524
2513 2512 2506 2505
2514 2521 2527 2534
2514 2515 2507 2508
2515 2514 2521 2527
2515 2507 2508 2501
2516 2517 2518 2522
2516 2511 2510 2509
2517 2518 2522 2523
2517 2516 2511 2510
2518 2522 2523 2528
2518 2517 2516 2511
2519 2520 2524 2525
2519 2513 2512 2506
2520 2524 2525 2526
2520 2519 2513 2512
2521 2527 2534 2533
2521 2514 2515 2507
2522 2523 2528 2529
2522 2518 2517 2516
2523 2528 2529 2530
2523 2522 2518 2517
2524 2525 2526 2531
2524 2520 2519 2513
2525 2526 2531 2532
2525 2524 2520 2519
2526 2531 2532 2538
2526 2525 2524 2520
2527 2534 2533 2540
2527 2521 2514 2515
2528 2529 2530 2535
2528 2523 2522 2518
2529 2530 2535 2536
2529 2528 2523 2522
2530 2535 2536 2537
2530 2529 2528 2523
2531 2532 2538 2539
2531 2526 2525 2524
2532 2538 2539 2544
2532 2531 2526 2525
2533 2540 2546 2553
2533 2534 2527 2521
2534 2533 2540 2546
2534 2527 2521 2514
2535 2536 2537 2541
2535 2530 2529 2528
2536 2537 2541 2542
2536 2535 2530 2529
2537 2541 2542 2543
2537 2536 2535 2530
2538 2539 2544 2545
2538 2532 2531 2526
2539 2544 2545 2550
2539 2538 2532 2531
2540 2546 2553 2552
2540 2533 2534 2527
2541 2542 2543 2547
2541 2537 2536 2535
2542 2543 2547 2548
2542 2541 2537 2536
2543 2547 2548 2549
2543 2542 2541 2537
2544 2545 2550 2551
2544 2539 2538 2532
2545 2550 2551 2557
2545 2544 2539 2538
2546 2553 2552 2560
2546 2540 2533 2534
2547 2548 2549 2554
2547 2543 2542 2541
2548 2549 2554 2555
2548 2547 2543 2542
2549 2554 2555 2556
2549 2548 2547 2543
2550 2551 2557 2558
2550 2545 2544 2539
2551 2557 2558 2564
2551 2550 2545 2544
2552 2560 2559 2566
2552 2553 2546 2540
2553 2552 2560 2559
2553 2546 2540 2533
2554 2555 2556 2561
2554 2549 2548 2547
2555 2556 2561 2562
2555 2554 2549 2548
2556 2561 2562 2563
2556 2555 2554 2549
2557 2558 2564 2565
2557 2551 2550 2545
2558 2564 2565 2570
2558 2557 2551 2550
2559 2566 2573 2572
2559 2560 2552 2553
2560 2559 2566 2573
2560 2552 2553 2546
2561 2562 2563 2567
2561 2556 2555 2554
2562 2563 2567 2568
2562 2561 2556 2555
2563 2567 2568 2569
2563 2562 2561 2556
2564 2565 2570 2571
2564 2558 2557 2551
2565 2570 2571 2577
2565 2564 2558 2557
2566 2573 2572 2580
2566 2559 2560 2552
2567 2568 2569 2574
2567 2563 2562 2561
2568 2569 2574 2575
2568 2567 2563 2562
2569 2574 2575 2576
2569 2568 2567 2563
2570 2571 2577 2578
2570 2565 2564 2558
2571 2577 2578 2584
2571 2570 2565 2564
2572 2580 2579 2586
2572 2573 2566 2559
2573 2572 2580 2579
2573 2566 2559 2560
2574 2575 2576 2581
2574 2569 2568 2567
2575 2576 2581 2582
2575 2574 2569 2568
2576 2581 2582 2583
2576 2575 2574 2569
2577 2578 2584 2585
2577 2571 2570 2565
2578 2584 2585 2590
2578 2577 2571 2570
2579 2586 2592 2598
2579 2580 2572 2573
2580 2579 2586 2592
2580 2572 2573 2566
2581 2582 2583 2587
2581 2576 2575 2574
2582 2583 2587 2588
2582 2581 2576 2575
2583 2587 2588 2589
2583 2582 2581 2576
2584 2585 2590 2591
2584 2578 2577 2571
2585 2590 2591 2595
2585 2584 2578 2577
2586 2592 2598 2597
2586 2579 2580 2572
2587 2588 2589 2593
2587 2583 2582 2581
2588 2589 2593 2594
2588 2587 2583 2582
2589 2593 2594 2599
2589 2588 2587 2583
2590 2591 2595 2596
2590 2585 2584 2578
2591 2595 2596 -1
2591 2590 2585 2584
2592 2598 2597 2602
2592 2586 2579 2580
2593 2594 2599 2600
2593 2589 2588 2587
2594 2599 2600 2601
2594 2593 2589 2588
2595 2591 2590 2585
2596 2595 2591 2590
2597 2602 2609 2624
2597 2598 2592 2586
2598 2597 2602 2609
2598 2592 2586 2579
2599 2600 2601 2603
2599 2594 2593 2589
2600 2601 2603 2604
2600 2599 2594 2593
2601 2603 2604 2605
2601 2600 2599 2594
2602 2609 2624 2623
2602 2597 2598 2592
2603 2604 2605 2606
2603 2601 2600 2599
2604 2605 2606 2607
2604 2603 2601 2600
2605 2606 2607 2608
2605 2604 2603 2601
2606 2607 2608 2610
2606 2605 2604 2603
2607 2608 2610 2611
2607 2606 2605 2604
2608 2610 2611 2612
2608 2607 2606 2605
2609 2624 2623 2644
2609 2602 2597 2598
2610 2611 2612 2613
2610 2608 2607 2606
2611 2612 2613 2614
2611 2610 2608 2607
2612 2613 2614 2615
2612 2611 2610 2608
2613 2614 2615 2616
2613 2612 2611 2610
2614 2615 2616 2617
2614 2613 2612 2611
2615 2616 2617 2618
2615 2614 2613 2612
2616 2617 2618 2619
2616 2615 2614 2613
2617 2618 2619 2620
2617 2616 2615 2614
2618 2619 2620 2621
2618 2617 2616 2615
2619 2620 2621 2622
2619 2618 2617 2616
2620 2621 2622 2625
2620 2619 2618 2617
2621 2622 2625 2626
2621 2620 2619 2618
2622 2625 2626 2627
2622 2621 2620 2619
2623 2644 2643 2659
2623 2624 2609 2602
2624 2623 2644 2643
2624 2609 2602 2597
2625 2626 2627 2628
2625 2622 2621 2620
2626 2627 2628 2629
2626 2625 2622 2621
2627 2628 2629 2630
2627 2626 2625 2622
2628 2629 2630 2631
2628 2627 2626 2625
2629 2630 2631 2632
2629 2628 2627 2626
2630 2631 2632 2633
2630 2629 2628 2627
2631 2632 2633 2634
2631 2630 2629 2628
2632 2633 2634 2635
2632 2631 2630 2629
2633 2634 2635 2636
2633 2632 2631 2630
2634 2635 2636 2637
2634 2633 2632 2631
2635 2636 2637 2638
2635 2634 2633 2632
2636 2637 2638 2639
2636 2635 2634 2633
2637 2638 2639 2640
2637 2636 2635 2634
2638 2639 2640 2641
2638 2637 2636 2635
2639 2640 2641 2642
2639 2638 2637 2636
2640 2641 2642 2645
2640 2639 2638 2637
2641 2642 2645 2646
2641 2640 2639 2638
2642 2645 2646 2647
2642 2641 2640 2639
2643 2659 2679 2678
2643 2644 2623 2624
2644 2643 2659 2679
2644 2623 2624 2609
2645 2646 2647 2648
2645 2642 2641 2640
2646 2647 2648 2649
2646 2645 2642 2641
2647 2648 2649 2650
2647 2646 2645 2642
2648 2649 2650 2651
2648 2647 2646 2645
2649 2650 2651 2652
2649 2648 2647 2646
2650 2651 2652 2653
2650 2649 2648 2647
2651 2652 2653 2654
2651 2650 2649 2648
2652 2653 2654 2655
2652 2651 2650 2649
2653 2654 2655 2656
2653 2652 2651 2650
2654 2655 2656 2657
2654 2653 2652 2651
2655 2656 2657 2658
2655 2654 2653 2652
2656 2657 2658 2660
2656 2655 2654 2653
2657 2658 2660 2661
2657 2656 2655 2654
2658 2660 2661 2662
2658 2657 2656 2655
2659 2679 2678 2697
2659 2643 2644 2623
2660 2661 2662 2663
2660 2658 2657 2656
2661 2662 2663 2664
2661 2660 2658 2657
2662 2663 2664 2665
2662 2661 2660 2658
2663 2664 2665 2666
2663 2662 2661 2660
2664 2665 2666 2667
2664 2663 2662 2661
2665 2666 2667 2668
2665 2664 2663 2662
2666 2667 2668 2669
2666 2665 2664 2663
2667 2668 2669 2670
2667 2666 2665 2664
2668 2669 2670 2671
2668 2667 2666 2665
2669 2670 2671 2672
2669 2668 2667 2666
2670 2671 2672 2673
2670 2669 2668 2667
2671 2672 2673 2674
2671 2670 2669 2668
2672 2673 2674 2675
2672 2671 2670 2669
2673 2674 2675 2676
2673 2672 2671 2670
2674 2675 2676 2677
2674 2673 2672 2671
2675 2676 2677 2680
2675 2674 2673 2672
2676 2677 2680 2681
2676 2675 2674 2673
2677 2680 2681 2682
2677 2676 2675 2674
2678 2697 2696 2695
2678 2679 2659 2643
2679 2678 2697 2696
2679 2659 2643 2644
2680 2681 2682 2683
2680 2677 2676 2675
2681 2682 2683 2684
2681 2680 2677 2676
2682 2683 2684 2685
2682 2681 2680 2677
2683 2684 2685 2686
2683 2682 2681 2680
2684 2685 2686 2687
2684 2683 2682 2681
2685 2686 2687 2688
2685 2684 2683 2682
2686 2687 2688 2689
2686 2685 2684 2683
2687 2688 2689 2690
2687 2686 2685 2684
2688 2689 2690 2691
2688 2687 2686 2685
2689 2690 2691 2692
2689 2688 2687 2686
2690 2691 2692 2693
2690 2689 2688 2687
2691 2692 2693 2694
2691 2690 2689 2688
2692 2693 2694 2698
2692 2691 2690 2689
2693 2694 2698 2699
2693 2692 2691 2690
2694 2698 2699 2695
2694 2693 2692 2691
2695 2699 2698 2694
2695 2696 2697 2678
2696 2695 2699 2698
2696 2697 2678 2679
2697 2696 2695 2699
2697 2678 2679 2659
2698 2699 2695 2696
2698 2694 2693 2692
2699 2698 2694 2693
2699 2695 2696 2697
