0 99 98 97
0 1 2 3
1 0 99 98
1 2 3 4
2 1 0 99
2 3 4 5
3 2 1 0
3 4 5 6
4 3 2 1
4 5 6 7
5 4 3 2
5 6 7 8
6 5 4 3
6 7 8 9
7 6 5 4
7 8 9 10
8 7 6 5
8 9 10 11
9 8 7 6
9 10 11 12
10 9 8 7
10 11 12 13
11 10 9 8
11 12 13 14
12 11 10 9
12 13 14 15
13 12 11 10
13 14 15 16
14 13 12 11
14 15 16 17
15 14 13 12
15 16 17 18
16 15 14 13
16 17 18 19
17 16 15 14
17 18 19 20
18 17 16 15
18 19 20 21
19 18 17 16
19 20 21 22
20 19 18 17
20 21 22 23
21 22 23 24
21 20 19 18
22 23 24 25
22 21 20 19
22 21 170 -1
23 24 25 26
23 22 21 20
24 25 26 27
24 23 22 21
25 26 27 28
25 24 23 22
26 27 28 29
26 25 24 23
27 28 29 30
27 26 25 24
28 29 30 31
28 27 26 25
29 30 31 32
29 28 27 26
30 31 32 33
30 29 28 27
31 32 33 34
31 30 29 28
32 33 34 35
32 31 30 29
33 34 35 36
33 32 31 30
34 35 36 37
34 33 32 31
35 36 37 38
35 34 33 32
36 37 38 39
36 35 34 33
37 38 39 40
37 36 35 34
38 39 40 41
38 37 36 35
39 40 41 42
39 38 37 36
40 41 42 43
40 39 38 37
41 42 43 44
41 40 39 38
42 43 44 45
42 41 40 39
43 44 45 46
43 42 41 40
44 45 46 47
44 43 42 41
45 46 47 48
45 44 43 42
46 47 48 49
46 45 44 43
47 48 49 50
47 46 45 44
48 49 50 51
48 47 46 45
49 50 51 52
49 48 47 46
50 51 52 53
50 49 48 47
51 52 53 54
51 50 49 48
52 53 54 55
52 51 50 49
53 54 55 56
53 52 51 50
54 55 56 57
54 53 52 51
55 56 57 58
55 54 53 52
56 57 58 59
56 55 54 53
57 58 59 60
57 56 55 54
58 59 60 61
58 57 56 55
59 60 61 62
59 58 57 56
60 61 62 63
60 59 58 57
61 62 63 64
61 60 59 58
62 63 64 65
62 61 60 59
63 64 65 66
63 62 61 60
64 65 66 67
64 63 62 61
65 66 67 68
65 64 63 62
66 67 68 69
66 65 64 63
67 68 69 70
67 66 65 64
68 69 70 71
68 67 66 65
69 70 71 72
69 68 67 66
70 71 72 73
70 69 68 67
71 72 73 74
71 70 69 68
72 73 74 75
72 71 70 69
73 74 75 76
73 72 71 70
74 75 76 77
74 73 72 71
75 76 77 78
75 74 73 72
76 77 78 100
76 75 74 73
77 78 100 101
77 76 75 74
78 100 101 102
78 77 76 75
79 160 159 158
79 80 81 82
80 79 160 159
80 81 82 83
81 80 79 160
81 82 83 84
82 81 80 79
82 83 84 85
83 82 81 80
83 84 85 86
84 83 82 81
84 85 86 87
85 84 83 82
85 86 87 88
86 85 84 83
86 87 88 89
87 86 85 84
87 88 89 90
88 87 86 85
88 89 90 91
89 88 87 86
89 90 91 92
90 89 88 87
90 91 92 93
91 90 89 88
91 92 93 94
92 91 90 89
92 93 94 95
93 92 91 90
93 94 95 96
94 93 92 91
94 95 96 97
95 94 93 92
95 96 97 98
96 95 94 93
96 97 98 99
97 96 95 94
97 98 99 0
98 97 96 95
98 99 0 1
99 98 97 96
99 0 1 2
100 101 102 103
100 78 77 76
101 102 103 104
101 100 78 77
102 103 104 105
102 101 100 78
103 104 105 106
103 102 101 100
104 105 106 107
104 103 102 101
105 106 107 108
105 104 103 102
106 107 108 109
106 105 104 103
107 108 109 110
107 106 105 104
108 109 110 111
108 107 106 105
109 110 111 112
109 108 107 106
110 111 112 113
110 109 108 107
111 112 113 114
111 110 109 108
112 113 114 115
112 111 110 109
113 114 115 116
113 112 111 110
114 115 116 117
114 113 112 111
115 116 117 118
115 114 113 112
116 117 118 119
116 115 114 113
117 118 119 120
117 116 115 114
118 119 120 121
118 117 116 115
119 120 121 122
119 118 117 116
120 121 122 123
120 119 118 117
121 122 123 124
121 120 119 118
122 123 124 125
122 121 120 119
123 124 125 126
123 122 121 120
124 125 126 127
124 123 122 121
125 126 127 128
125 124 123 122
126 127 128 129
126 125 124 123
127 128 129 130
127 126 125 124
128 129 130 131
128 127 126 125
129 130 131 132
129 128 127 126
130 131 132 133
130 129 128 127
131 132 133 134
131 130 129 128
132 133 134 135
132 131 130 129
133 134 135 136
133 132 131 130
134 135 136 137
134 133 132 131
135 136 137 138
135 134 133 132
136 137 138 139
136 135 134 133
137 138 139 140
137 136 135 134
138 139 140 141
138 137 136 135
139 140 141 142
139 138 137 136
140 141 142 143
140 139 138 137
141 142 143 144
141 140 139 138
142 143 144 145
142 141 140 139
143 144 145 146
143 142 141 140
144 145 146 147
144 143 142 141
145 146 147 148
145 144 143 142
146 147 148 149
146 145 144 143
147 148 149 150
147 146 145 144
148 149 150 151
148 147 146 145
149 150 151 152
149 148 147 146
150 151 152 153
150 149 148 147
151 152 153 154
151 150 149 148
152 153 154 155
152 151 150 149
153 154 155 156
153 152 151 150
154 155 156 157
154 153 152 151
155 156 157 161
155 154 153 152
156 157 161 162
156 155 154 153
157 161 162 165
157 156 155 154
158 164 163 167
158 159 160 79
159 158 164 163
159 160 79 80
160 159 158 164
160 79 80 81
161 162 165 168
161 157 156 155
162 165 168 171
162 161 157 156
163 167 166 169
163 164 158 159
164 163 167 166
164 158 159 160
165 168 171 174
165 162 161 157
166 169 172 175
166 167 163 164
167 166 169 172
167 163 164 158
168 171 174 178
168 165 162 161
169 172 175 179
169 166 167 163
170 173 177 176
171 174 178 181
171 168 165 162
172 175 179 182
172 169 166 167
173 177 176 180
174 178 181 185
174 171 168 165
175 179 182 186
175 172 169 166
176 180 184 183
176 177 173 170
177 176 180 184
177 173 170 -1
178 181 185 188
178 174 171 168
179 182 186 189
179 175 172 169
180 184 183 187
180 176 177 173
181 185 188 192
181 178 174 171
182 186 189 193
182 179 175 172
183 187 191 190
183 184 180 176
184 183 187 191
184 180 176 177
185 188 192 195
185 181 178 174
186 189 193 196
186 182 179 175
187 191 190 194
187 183 184 180
188 192 195 199
188 185 181 178
189 193 196 200
189 186 182 179
190 194 198 197
190 191 187 183
191 190 194 198
191 187 183 184
192 195 199 202
192 188 185 181
193 196 200 203
193 189 186 182
194 198 197 201
194 190 191 187
195 199 202 206
195 192 188 185
196 200 203 207
196 193 189 186
197 201 205 204
197 198 194 190
198 197 201 205
198 194 190 191
199 202 206 209
199 195 192 188
200 203 207 210
200 196 193 189
201 205 204 208
201 197 198 194
202 206 209 212
202 199 195 192
203 207 210 213
203 200 196 193
204 208 211 214
204 205 201 197
205 204 208 211
205 201 197 198
206 209 212 215
206 202 199 195
207 210 213 216
207 203 200 196
208 211 214 217
208 204 205 201
209 212 215 218
209 206 202 199
210 213 216 219
210 207 203 200
211 214 217 221
211 208 204 205
212 215 218 222
212 209 206 202
213 216 219 223
213 210 207 203
214 217 221 220
214 211 208 204
215 218 222 225
215 212 209 206
216 219 223 226
216 213 210 207
217 221 220 224
217 214 211 208
218 222 225 229
218 215 212 209
219 223 226 230
219 216 213 210
220 224 228 227
220 221 217 214
221 220 224 228
221 217 214 211
222 225 229 232
222 218 215 212
223 226 230 233
223 219 216 213
224 228 227 231
224 220 221 217
225 229 232 236
225 222 218 215
226 230 233 237
226 223 219 216
227 231 235 234
227 228 224 220
228 227 231 235
228 224 220 221
229 232 236 239
229 225 222 218
230 233 237 240
230 226 223 219
231 235 234 238
231 227 228 224
232 236 239 243
232 229 225 222
233 237 240 244
233 230 226 223
234 238 242 241
234 235 231 227
235 234 238 242
235 231 227 228
236 239 243 246
236 232 229 225
237 240 244 247
237 233 230 226
238 242 241 245
238 234 235 231
239 243 246 249
239 236 232 229
240 244 247 250
240 237 233 230
241 245 248 251
241 242 238 234
242 241 245 248
242 238 234 235
243 246 249 252
243 239 236 232
244 247 250 253
244 240 237 233
245 248 251 254
245 241 242 238
246 249 252 255
246 243 239 236
247 250 253 256
247 244 240 237
248 251 254 258
248 245 241 242
249 252 255 259
249 246 243 239
250 253 256 260
250 247 244 240
251 254 258 257
251 248 245 241
252 255 259 262
252 249 246 243
253 256 260 263
253 250 247 244
254 258 257 261
254 251 248 245
255 259 262 265
255 252 249 246
256 260 263 266
256 253 250 247
257 261 264 267
257 258 254 251
258 257 261 264
258 254 251 248
259 262 265 268
259 255 252 249
260 263 266 269
260 256 253 250
261 264 267 270
261 257 258 254
262 265 268 271
262 259 255 252
263 266 269 272
263 260 256 253
264 267 270 274
264 261 257 258
265 268 271 275
265 262 259 255
266 269 272 276
266 263 260 256
267 270 274 273
267 264 261 257
268 271 275 278
268 265 262 259
269 272 276 279
269 266 263 260
270 274 273 277
270 267 264 261
271 275 278 281
271 268 265 262
272 276 279 282
272 269 266 263
273 277 280 283
273 274 270 267
274 273 277 280
274 270 267 264
275 278 281 284
275 271 268 265
276 279 282 285
276 272 269 266
277 280 283 286
277 273 274 270
278 281 284 287
278 275 271 268
279 282 285 288
279 276 272 269
280 283 286 290
280 277 273 274
281 284 287 291
281 278 275 271
282 285 288 292
282 279 276 272
283 286 290 289
283 280 277 273
284 287 291 294
284 281 278 275
285 288 292 295
285 282 279 276
286 290 289 293
286 283 280 277
287 291 294 297
287 284 281 278
288 292 295 298
288 285 282 279
289 293 296 300
289 290 286 283
290 289 293 296
290 286 283 280
291 294 297 301
291 287 284 281
292 295 298 302
292 288 285 282
293 296 300 299
293 289 290 286
294 297 301 304
294 291 287 284
295 298 302 305
295 292 288 285
296 300 299 303
296 293 289 290
297 301 304 307
297 294 291 287
298 302 305 308
298 295 292 288
299 303 306 310
299 300 296 293
300 299 303 306
300 296 293 289
301 304 307 311
301 297 294 291
302 305 308 312
302 298 295 292
303 306 310 309
303 299 300 296
304 307 311 314
304 301 297 294
305 308 312 315
305 302 298 295
306 310 309 313
306 303 299 300
307 311 314 317
307 304 301 297
308 312 315 318
308 305 302 298
309 313 316 319
309 310 306 303
310 309 313 316
310 306 303 299
311 314 317 320
311 307 304 301
312 315 318 321
312 308 305 302
313 316 319 322
313 309 310 306
314 317 320 323
314 311 307 304
315 318 321 324
315 312 308 305
316 319 322 325
316 313 309 310
317 320 323 326
317 314 311 307
318 321 324 327
318 315 312 308
319 322 325 328
319 316 313 309
320 323 326 329
320 317 314 311
321 324 327 330
321 318 315 312
322 325 328 331
322 319 316 313
323 326 329 332
323 320 317 314
324 327 330 333
324 321 318 315
325 328 331 334
325 322 319 316
326 329 332 335
326 323 320 317
327 330 333 336
327 324 321 318
328 331 334 337
328 325 322 319
329 332 335 338
329 326 323 320
330 333 336 339
330 327 324 321
331 334 337 340
331 328 325 322
332 335 338 341
332 329 326 323
333 336 339 342
333 330 327 324
334 337 340 343
334 331 328 325
335 338 341 344
335 332 329 326
336 339 342 345
336 333 330 327
337 340 343 346
337 334 331 328
338 341 344 347
338 335 332 329
339 342 345 348
339 336 333 330
340 343 346 349
340 337 334 331
341 344 347 350
341 338 335 332
342 345 348 351
342 339 336 333
343 346 349 352
343 340 337 334
344 347 350 353
344 341 338 335
345 348 351 354
345 342 339 336
346 349 352 355
346 343 340 337
347 350 353 356
347 344 341 338
348 351 354 357
348 345 342 339
349 352 355 358
349 346 343 340
350 353 356 359
350 347 344 341
351 354 357 360
351 348 345 342
352 355 358 362
352 349 346 343
353 356 359 363
353 350 347 344
354 357 360 364
354 351 348 345
355 358 362 361
355 352 349 346
356 359 363 366
356 353 350 347
357 360 364 367
357 354 351 348
358 362 361 365
358 355 352 349
359 363 366 369
359 356 353 350
360 364 367 370
360 357 354 351
361 365 368 371
361 362 358 355
362 361 365 368
362 358 355 352
363 366 369 372
363 359 356 353
364 367 370 373
364 360 357 354
365 368 371 374
365 361 362 358
366 369 372 375
366 363 359 356
367 370 373 376
367 364 360 357
368 371 374 377
368 365 361 362
369 372 375 378
369 366 363 359
370 373 376 379
370 367 364 360
371 374 377 380
371 368 365 361
372 375 378 381
372 369 366 363
373 376 379 382
373 370 367 364
374 377 380 383
374 371 368 365
375 378 381 384
375 372 369 366
376 379 382 385
376 373 370 367
377 380 383 386
377 374 371 368
378 381 384 387
378 375 372 369
379 382 385 388
379 376 373 370
380 383 386 389
380 377 374 371
381 384 387 390
381 378 375 372
382 385 388 391
382 379 376 373
383 386 389 392
383 380 377 374
384 387 390 393
384 381 378 375
385 388 391 394
385 382 379 376
386 389 392 395
386 383 380 377
387 390 393 396
387 384 381 378
388 391 394 397
388 385 382 379
389 392 395 398
389 386 383 380
390 393 396 399
390 387 384 381
391 394 397 400
391 388 385 382
392 395 398 401
392 389 386 383
393 396 399 402
393 390 387 384
394 397 400 403
394 391 388 385
395 398 401 404
395 392 389 386
396 399 402 405
396 393 390 387
397 400 403 406
397 394 391 388
398 401 404 407
398 395 392 389
399 402 405 408
399 396 393 390
400 403 406 409
400 397 394 391
401 404 407 410
401 398 395 392
402 405 408 411
402 399 396 393
403 406 409 412
403 400 397 394
404 407 410 413
404 401 398 395
405 408 411 414
405 402 399 396
406 409 412 415
406 403 400 397
407 410 413 416
407 404 401 398
408 411 414 417
408 405 402 399
409 412 415 418
409 406 403 400
410 413 416 419
410 407 404 401
411 414 417 420
411 408 405 402
412 415 418 421
412 409 406 403
413 416 419 422
413 410 407 404
414 417 420 423
414 411 408 405
415 418 421 424
415 412 409 406
416 419 422 425
416 413 410 407
417 420 423 426
417 414 411 408
418 421 424 427
418 415 412 409
419 422 425 428
419 416 413 410
420 423 426 429
420 417 414 411
421 424 427 430
421 418 415 412
422 425 428 431
422 419 416 413
423 426 429 432
423 420 417 414
424 427 430 433
424 421 418 415
425 428 431 434
425 422 419 416
426 429 432 435
426 423 420 417
427 430 433 436
427 424 421 418
428 431 434 437
428 425 422 419
429 432 435 438
429 426 423 420
430 433 436 439
430 427 424 421
431 434 437 440
431 428 425 422
432 435 438 441
432 429 426 423
433 436 439 442
433 430 427 424
434 437 440 443
434 431 428 425
435 438 441 444
435 432 429 426
436 439 442 445
436 433 430 427
437 440 443 446
437 434 431 428
438 441 444 447
438 435 432 429
439 442 445 448
439 436 433 430
440 443 446 449
440 437 434 431
441 444 447 450
441 438 435 432
442 445 448 451
442 439 436 433
443 446 449 452
443 440 437 434
444 447 450 453
444 441 438 435
445 448 451 454
445 442 439 436
446 449 452 455
446 443 440 437
447 450 453 456
447 444 441 438
448 451 454 457
448 445 442 439
449 452 455 458
449 446 443 440
450 453 456 459
450 447 444 441
451 454 457 460
451 448 445 442
452 455 458 461
452 449 446 443
453 456 459 462
453 450 447 444
454 457 460 463
454 451 448 445
455 458 461 464
455 452 449 446
456 459 462 465
456 453 450 447
457 460 463 466
457 454 451 448
458 461 464 467
458 455 452 449
459 462 465 468
459 456 453 450
460 463 466 469
460 457 454 451
461 464 467 470
461 458 455 452
462 465 468 471
462 459 456 453
463 466 469 472
463 460 457 454
464 467 470 473
464 461 458 455
465 468 471 474
465 462 459 456
466 469 472 475
466 463 460 457
467 470 473 476
467 464 461 458
468 471 474 477
468 465 462 459
469 472 475 478
469 466 463 460
470 473 476 479
470 467 464 461
471 474 477 480
471 468 465 462
472 475 478 481
472 469 466 463
473 476 479 482
473 470 467 464
474 477 480 483
474 471 468 465
475 478 481 484
475 472 469 466
476 479 482 485
476 473 470 467
477 480 483 486
477 474 471 468
478 481 484 487
478 475 472 469
479 482 485 488
479 476 473 470
480 483 486 489
480 477 474 471
481 484 487 490
481 478 475 472
482 485 488 491
482 479 476 473
483 486 489 492
483 480 477 474
484 487 490 493
484 481 478 475
485 488 491 494
485 482 479 476
486 489 492 495
486 483 480 477
487 490 493 496
487 484 481 478
488 491 494 497
488 485 482 479
489 492 495 498
489 486 483 480
490 493 496 499
490 487 484 481
491 494 497 500
491 488 485 482
492 495 498 501
492 489 486 483
493 496 499 502
493 490 487 484
494 497 500 503
494 491 488 485
495 498 501 504
495 492 489 486
496 499 502 505
496 493 490 487
497 500 503 507
497 494 491 488
498 501 504 508
498 495 492 489
499 502 505 509
499 496 493 490
500 503 507 512
500 497 494 491
501 504 508 513
501 498 495 492
502 505 509 514
502 499 496 493
503 507 512 517
503 500 497 494
504 508 513 518
504 501 498 495
505 509 514 519
505 502 499 496
506 511 516 521
507 512 517 522
507 503 500 497
508 513 518 523
508 504 501 498
509 514 519 524
509 505 502 499
510 515 520 525
511 516 521 526
512 517 522 528
512 507 503 500
513 518 523 529
513 508 504 501
514 519 524 530
514 509 505 502
515 520 525 531
516 521 526 527
516 511 506 -1
517 522 528 533
517 512 507 503
518 523 529 535
518 513 508 504
519 524 530 536
519 514 509 505
520 525 531 537
520 515 510 -1
521 526 527 532
521 516 511 506
522 528 533 534
522 517 512 507
523 529 535 540
523 518 513 508
524 530 536 541
524 519 514 509
525 531 537 542
525 520 515 510
526 527 532 538
526 521 516 511
527 532 538 543
527 526 521 516
528 533 534 539
528 522 517 512
529 535 540 545
529 523 518 513
530 536 541 546
530 524 519 514
531 537 542 547
531 525 520 515
532 538 543 548
532 527 526 521
533 534 539 544
533 528 522 517
534 539 544 549
534 533 528 522
535 540 545 550
535 529 523 518
536 541 546 551
536 530 524 519
537 542 547 552
537 531 525 520
538 543 548 553
538 532 527 526
539 544 549 554
539 534 533 528
540 545 550 555
540 535 529 523
541 546 551 556
541 536 530 524
542 547 552 -1
542 537 531 525
543 548 553 557
543 538 532 527
544 549 554 558
544 539 534 533
545 550 555 559
545 540 535 529
546 551 556 560
546 541 536 530
547 542 537 531
548 553 557 561
548 543 538 532
549 554 558 562
549 544 539 534
550 555 559 563
550 545 540 535
551 556 560 564
551 546 541 536
552 547 542 537
553 557 561 565
553 548 543 538
554 558 562 566
554 549 544 539
555 559 563 567
555 550 545 540
556 560 564 568
556 551 546 541
557 561 565 569
557 553 548 543
558 562 566 570
558 554 549 544
559 563 567 571
559 555 550 545
560 564 568 572
560 556 551 546
561 565 569 573
561 557 553 548
562 566 570 574
562 558 554 549
563 567 571 575
563 559 555 550
564 568 572 576
564 560 556 551
565 569 573 577
565 561 557 553
566 570 574 578
566 562 558 554
567 571 575 579
567 563 559 555
568 572 576 580
568 564 560 556
569 573 577 581
569 565 561 557
570 574 578 582
570 566 562 558
571 575 579 583
571 567 563 559
572 576 580 584
572 568 564 560
573 577 581 585
573 569 565 561
574 578 582 586
574 570 566 562
575 579 583 587
575 571 567 563
576 580 584 588
576 572 568 564
577 581 585 589
577 573 569 565
578 582 586 590
578 574 570 566
579 583 587 591
579 575 571 567
580 584 588 592
580 576 572 568
581 585 589 593
581 577 573 569
582 586 590 594
582 578 574 570
583 587 591 595
583 579 575 571
584 588 592 596
584 580 576 572
585 589 593 597
585 581 577 573
586 590 594 598
586 582 578 574
587 591 595 599
587 583 579 575
588 592 596 600
588 584 580 576
589 593 597 601
589 585 581 577
590 594 598 602
590 586 582 578
591 595 599 603
591 587 583 579
592 596 600 604
592 588 584 580
593 597 601 605
593 589 585 581
594 598 602 606
594 590 586 582
595 599 603 607
595 591 587 583
596 600 604 608
596 592 588 584
597 601 605 609
597 593 589 585
598 602 606 610
598 594 590 586
599 603 607 611
599 595 591 587
600 604 608 612
600 596 592 588
601 605 609 613
601 597 593 589
602 606 610 614
602 598 594 590
603 607 611 615
603 599 595 591
604 608 612 616
604 600 596 592
605 609 613 617
605 601 597 593
606 610 614 618
606 602 598 594
607 611 615 619
607 603 599 595
608 612 616 620
608 604 600 596
609 613 617 621
609 605 601 597
610 614 618 622
610 606 602 598
611 615 619 623
611 607 603 599
612 616 620 624
612 608 604 600
613 617 621 625
613 609 605 601
614 618 622 626
614 610 606 602
615 619 623 627
615 611 607 603
616 620 624 628
616 612 608 604
617 621 625 629
617 613 609 605
618 622 626 630
618 614 610 606
619 623 627 631
619 615 611 607
620 624 628 632
620 616 612 608
621 625 629 633
621 617 613 609
622 626 630 634
622 618 614 610
623 627 631 635
623 619 615 611
624 628 632 636
624 620 616 612
625 629 633 637
625 621 617 613
626 630 634 638
626 622 618 614
627 631 635 639
627 623 619 615
628 632 636 640
628 624 620 616
629 633 637 641
629 625 621 617
630 634 638 642
630 626 622 618
631 635 639 643
631 627 623 619
632 636 640 644
632 628 624 620
633 637 641 645
633 629 625 621
634 638 642 646
634 630 626 622
635 639 643 647
635 631 627 623
636 640 644 648
636 632 628 624
637 641 645 649
637 633 629 625
638 642 646 650
638 634 630 626
639 643 647 651
639 635 631 627
640 644 648 652
640 636 632 628
641 645 649 653
641 637 633 629
642 646 650 654
642 638 634 630
643 647 651 655
643 639 635 631
644 648 652 656
644 640 636 632
645 649 653 657
645 641 637 633
646 650 654 658
646 642 638 634
647 651 655 659
647 643 639 635
648 652 656 660
648 644 640 636
649 653 657 661
649 645 641 637
650 654 658 662
650 646 642 638
651 655 659 664
651 647 643 639
652 656 660 665
652 648 644 640
653 657 661 666
653 649 645 641
654 658 662 663
654 650 646 642
655 659 664 668
655 651 647 643
656 660 665 669
656 652 648 644
657 661 666 670
657 653 649 645
658 662 663 667
658 654 650 646
659 664 668 672
659 655 651 647
660 665 669 673
660 656 652 648
661 666 670 674
661 657 653 649
662 663 667 671
662 658 654 650
663 667 671 675
663 662 658 654
664 668 672 676
664 659 655 651
665 669 673 677
665 660 656 652
666 670 674 678
666 661 657 653
667 671 675 679
667 663 662 658
668 672 676 680
668 664 659 655
669 673 677 681
669 665 660 656
670 674 678 682
670 666 661 657
671 675 679 683
671 667 663 662
672 676 680 685
672 668 664 659
673 677 681 686
673 669 665 660
674 678 682 687
674 670 666 661
675 679 683 684
675 671 667 663
676 680 685 689
676 672 668 664
677 681 686 690
677 673 669 665
678 682 687 691
678 674 670 666
679 683 684 688
679 675 671 667
680 685 689 693
680 676 672 668
681 686 690 694
681 677 673 669
682 687 691 695
682 678 674 670
683 684 688 692
683 679 675 671
684 688 692 696
684 683 679 675
685 689 693 697
685 680 676 672
686 690 694 698
686 681 677 673
687 691 695 699
687 682 678 674
688 692 696 700
688 684 683 679
689 693 697 701
689 685 680 676
690 694 698 702
690 686 681 677
691 695 699 703
691 687 682 678
692 696 700 704
692 688 684 683
693 697 701 705
693 689 685 680
694 698 702 706
694 690 686 681
695 699 703 707
695 691 687 682
696 700 704 708
696 692 688 684
697 701 705 710
697 693 689 685
698 702 706 711
698 694 690 686
699 703 707 712
699 695 691 687
700 704 708 709
700 696 692 688
701 705 710 714
701 697 693 689
702 706 711 715
702 698 694 690
703 707 712 716
703 699 695 691
704 708 709 713
704 700 696 692
705 710 714 718
705 701 697 693
706 711 715 719
706 702 698 694
707 712 716 720
707 703 699 695
708 709 713 717
708 704 700 696
709 713 717 721
709 708 704 700
710 714 718 722
710 705 701 697
711 715 719 723
711 706 702 698
712 716 720 724
712 707 703 699
713 717 721 725
713 709 708 704
714 718 722 726
714 710 705 701
715 719 723 727
715 711 706 702
716 720 724 728
716 712 707 703
717 721 725 729
717 713 709 708
718 722 726 730
718 714 710 705
719 723 727 731
719 715 711 706
720 724 728 732
720 716 712 707
721 725 729 733
721 717 713 709
722 726 730 734
722 718 714 710
723 727 731 735
723 719 715 711
724 728 732 736
724 720 716 712
725 729 733 737
725 721 717 713
726 730 734 738
726 722 718 714
727 731 735 739
727 723 719 715
728 732 736 740
728 724 720 716
729 733 737 741
729 725 721 717
730 734 738 742
730 726 722 718
731 735 739 743
731 727 723 719
732 736 740 744
732 728 724 720
733 737 741 745
733 729 725 721
734 738 742 746
734 730 726 722
735 739 743 747
735 731 727 723
736 740 744 748
736 732 728 724
737 741 745 749
737 733 729 725
738 742 746 750
738 734 730 726
739 743 747 751
739 735 731 727
740 744 748 752
740 736 732 728
741 745 749 753
741 737 733 729
742 746 750 754
742 738 734 730
743 747 751 755
743 739 735 731
744 748 752 756
744 740 736 732
745 749 753 757
745 741 737 733
746 750 754 758
746 742 738 734
747 751 755 759
747 743 739 735
748 752 756 760
748 744 740 736
749 753 757 761
749 745 741 737
750 754 758 762
750 746 742 738
751 755 759 763
751 747 743 739
752 756 760 764
752 748 744 740
753 757 761 765
753 749 745 741
754 758 762 766
754 750 746 742
755 759 763 767
755 751 747 743
756 760 764 768
756 752 748 744
757 761 765 769
757 753 749 745
758 762 766 770
758 754 750 746
759 763 767 771
759 755 751 747
760 764 768 772
760 756 752 748
761 765 769 773
761 757 753 749
762 766 770 774
762 758 754 750
763 767 771 775
763 759 755 751
764 768 772 776
764 760 756 752
765 769 773 777
765 761 757 753
766 770 774 778
766 762 758 754
767 771 775 779
767 763 759 755
768 772 776 780
768 764 760 756
769 773 777 781
769 765 761 757
770 774 778 782
770 766 762 758
771 775 779 783
771 767 763 759
772 776 780 784
772 768 764 760
773 777 781 785
773 769 765 761
774 778 782 786
774 770 766 762
775 779 783 787
775 771 767 763
776 780 784 788
776 772 768 764
777 781 785 789
777 773 769 765
778 782 786 790
778 774 770 766
779 783 787 791
779 775 771 767
780 784 788 792
780 776 772 768
781 785 789 793
781 777 773 769
782 786 790 794
782 778 774 770
783 787 791 795
783 779 775 771
784 788 792 796
784 780 776 772
785 789 793 797
785 781 777 773
786 790 794 799
786 782 778 774
787 791 795 800
787 783 779 775
788 792 796 801
788 784 780 776
789 793 797 798
789 785 781 777
790 794 799 803
790 786 782 778
791 795 800 804
791 787 783 779
792 796 801 805
792 788 784 780
793 797 798 802
793 789 785 781
794 799 803 807
794 790 786 782
795 800 804 808
795 791 787 783
796 801 805 809
796 792 788 784
797 798 802 806
797 793 789 785
798 802 806 810
798 797 793 789
799 803 807 811
799 794 790 786
800 804 808 812
800 795 791 787
801 805 809 813
801 796 792 788
802 806 810 814
802 798 797 793
803 807 811 815
803 799 794 790
804 808 812 816
804 800 795 791
805 809 813 817
805 801 796 792
806 810 814 818
806 802 798 797
807 811 815 819
807 803 799 794
808 812 816 820
808 804 800 795
809 813 817 821
809 805 801 796
810 814 818 822
810 806 802 798
811 815 819 823
811 807 803 799
812 816 820 824
812 808 804 800
813 817 821 825
813 809 805 801
814 818 822 826
814 810 806 802
815 819 823 827
815 811 807 803
816 820 824 828
816 812 808 804
817 821 825 829
817 813 809 805
818 822 826 830
818 814 810 806
819 823 827 831
819 815 811 807
820 824 828 832
820 816 812 808
821 825 829 833
821 817 813 809
822 826 830 834
822 818 814 810
823 827 831 835
823 819 815 811
824 828 832 836
824 820 816 812
825 829 833 837
825 821 817 813
826 830 834 838
826 822 818 814
827 831 835 839
827 823 819 815
828 832 836 840
828 824 820 816
829 833 837 841
829 825 821 817
830 834 838 842
830 826 822 818
831 835 839 844
831 827 823 819
832 836 840 845
832 828 824 820
833 837 841 846
833 829 825 821
834 838 842 843
834 830 826 822
835 839 844 848
835 831 827 823
836 840 845 849
836 832 828 824
837 841 846 850
837 833 829 825
838 842 843 847
838 834 830 826
839 844 848 853
839 835 831 827
840 845 849 854
840 836 832 828
841 846 850 855
841 837 833 829
842 843 847 851
842 838 834 830
843 847 851 852
843 842 838 834
844 848 853 857
844 839 835 831
845 849 854 858
845 840 836 832
846 850 855 859
846 841 837 833
847 851 852 856
847 843 842 838
848 853 857 861
848 844 839 835
849 854 858 862
849 845 840 836
850 855 859 863
850 846 841 837
851 852 856 860
851 847 843 842
852 856 860 864
852 851 847 843
853 857 861 865
853 848 844 839
854 858 862 866
854 849 845 840
855 859 863 867
855 850 846 841
856 860 864 868
856 852 851 847
857 861 865 869
857 853 848 844
858 862 866 870
858 854 849 845
859 863 867 871
859 855 850 846
860 864 868 872
860 856 852 851
861 865 869 874
861 857 853 848
862 866 870 875
862 858 854 849
863 867 871 876
863 859 855 850
864 868 872 873
864 860 856 852
865 869 874 878
865 861 857 853
866 870 875 879
866 862 858 854
867 871 876 880
867 863 859 855
868 872 873 877
868 864 860 856
869 874 878 882
869 865 861 857
870 875 879 883
870 866 862 858
871 876 880 884
871 867 863 859
872 873 877 881
872 868 864 860
873 877 881 885
873 872 868 864
874 878 882 886
874 869 865 861
875 879 883 887
875 870 866 862
876 880 884 888
876 871 867 863
877 881 885 889
877 873 872 868
878 882 886 890
878 874 869 865
879 883 887 891
879 875 870 866
880 884 888 892
880 876 871 867
881 885 889 893
881 877 873 872
882 886 890 894
882 878 874 869
883 887 891 895
883 879 875 870
884 888 892 896
884 880 876 871
885 889 893 897
885 881 877 873
886 890 894 898
886 882 878 874
887 891 895 899
887 883 879 875
888 892 896 900
888 884 880 876
889 893 897 901
889 885 881 877
890 894 898 903
890 886 882 878
891 895 899 904
891 887 883 879
892 896 900 905
892 888 884 880
893 897 901 902
893 889 885 881
894 898 903 907
894 890 886 882
895 899 904 908
895 891 887 883
896 900 905 909
896 892 888 884
897 901 902 906
897 893 889 885
898 903 907 912
898 894 890 886
899 904 908 913
899 895 891 887
900 905 909 914
900 896 892 888
901 902 906 910
901 897 893 889
902 906 910 911
902 901 897 893
903 907 912 916
903 898 894 890
904 908 913 917
904 899 895 891
905 909 914 918
905 900 896 892
906 910 911 915
906 902 901 897
907 912 916 921
907 903 898 894
908 913 917 922
908 904 899 895
909 914 918 923
909 905 900 896
910 911 915 919
910 906 902 901
911 915 919 920
911 910 906 902
912 916 921 925
912 907 903 898
913 917 922 926
913 908 904 899
914 918 923 927
914 909 905 900
915 919 920 924
915 911 910 906
916 921 925 929
916 912 907 903
917 922 926 930
917 913 908 904
918 923 927 931
918 914 909 905
919 920 924 928
919 915 911 910
920 924 928 932
920 919 915 911
921 925 929 933
921 916 912 907
922 926 930 934
922 917 913 908
923 927 931 935
923 918 914 909
924 928 932 936
924 920 919 915
925 929 933 937
925 921 916 912
926 930 934 938
926 922 917 913
927 931 935 939
927 923 918 914
928 932 936 940
928 924 920 919
929 933 937 941
929 925 921 916
930 934 938 942
930 926 922 917
931 935 939 943
931 927 923 918
932 936 940 944
932 928 924 920
933 937 941 945
933 929 925 921
934 938 942 946
934 930 926 922
935 939 943 947
935 931 927 923
936 940 944 948
936 932 928 924
937 941 945 949
937 933 929 925
938 942 946 950
938 934 930 926
939 943 947 951
939 935 931 927
940 944 948 952
940 936 932 928
941 945 949 953
941 937 933 929
942 946 950 954
942 938 934 930
943 947 951 955
943 939 935 931
944 948 952 956
944 940 936 932
945 949 953 957
945 941 937 933
946 950 954 958
946 942 938 934
947 951 955 959
947 943 939 935
948 952 956 960
948 944 940 936
949 953 957 961
949 945 941 937
950 954 958 962
950 946 942 938
951 955 959 963
951 947 943 939
952 956 960 964
952 948 944 940
953 957 961 965
953 949 945 941
954 958 962 966
954 950 946 942
955 959 963 967
955 951 947 943
956 960 964 968
956 952 948 944
957 961 965 969
957 953 949 945
958 962 966 970
958 954 950 946
959 963 967 971
959 955 951 947
960 964 968 972
960 956 952 948
961 965 969 973
961 957 953 949
962 966 970 974
962 958 954 950
963 967 971 975
963 959 955 951
964 968 972 976
964 960 956 952
965 969 973 977
965 961 957 953
966 970 974 978
966 962 958 954
967 971 975 979
967 963 959 955
968 972 976 980
968 964 960 956
969 973 977 981
969 965 961 957
970 974 978 982
970 966 962 958
971 975 979 983
971 967 963 959
972 976 980 984
972 968 964 960
973 977 981 985
973 969 965 961
974 978 982 986
974 970 966 962
975 979 983 987
975 971 967 963
976 980 984 988
976 972 968 964
977 981 985 989
977 973 969 965
978 982 986 990
978 974 970 966
979 983 987 991
979 975 971 967
980 984 988 992
980 976 972 968
981 985 989 994
981 977 973 969
982 986 990 995
982 978 974 970
983 987 991 996
983 979 975 971
984 988 992 993
984 980 976 972
985 989 994 998
985 981 977 973
986 990 995 999
986 982 978 974
987 991 996 1000
987 983 979 975
988 992 993 997
988 984 980 976
989 994 998 1003
989 985 981 977
990 995 999 1004
990 986 982 978
991 996 1000 1005
991 987 983 979
992 993 997 1001
992 988 984 980
993 997 1001 1002
993 992 988 984
994 998 1003 1007
994 989 985 981
995 999 1004 1008
995 990 986 982
996 1000 1005 1009
996 991 987 983
997 1001 1002 1006
997 993 992 988
998 1003 1007 1012
998 994 989 985
999 1004 1008 1013
999 995 990 986
1000 1005 1009 1014
1000 996 991 987
1001 1002 1006 1010
1001 997 993 992
1002 1006 1010 1011
1002 1001 997 993
1003 1007 1012 1016
1003 998 994 989
1004 1008 1013 1017
1004 999 995 990
1005 1009 1014 1018
1005 1000 996 991
1006 1010 1011 1015
1006 1002 1001 997
1007 1012 1016 1020
1007 1003 998 994
1008 1013 1017 1021
1008 1004 999 995
1009 1014 1018 1022
1009 1005 1000 996
1010 1011 1015 1019
1010 1006 1002 1001
1011 1015 1019 1023
1011 1010 1006 1002
1012 1016 1020 1025
1012 1007 1003 998
1013 1017 1021 1026
1013 1008 1004 999
1014 1018 1022 1027
1014 1009 1005 1000
1015 1019 1023 1024
1015 1011 1010 1006
1016 1020 1025 1029
1016 1012 1007 1003
1017 1021 1026 1030
1017 1013 1008 1004
1018 1022 1027 1031
1018 1014 1009 1005
1019 1023 1024 1028
1019 1015 1011 1010
1020 1025 1029 1034
1020 1016 1012 1007
1021 1026 1030 1035
1021 1017 1013 1008
1022 1027 1031 1036
1022 1018 1014 1009
1023 1024 1028 1032
1023 1019 1015 1011
1024 1028 1032 1033
1024 1023 1019 1015
1025 1029 1034 1038
1025 1020 1016 1012
1026 1030 1035 1039
1026 1021 1017 1013
1027 1031 1036 1040
1027 1022 1018 1014
1028 1032 1033 1037
1028 1024 1023 1019
1029 1034 1038 1043
1029 1025 1020 1016
1030 1035 1039 1044
1030 1026 1021 1017
1031 1036 1040 1045
1031 1027 1022 1018
1032 1033 1037 1041
1032 1028 1024 1023
1033 1037 1041 1042
1033 1032 1028 1024
1034 1038 1043 1047
1034 1029 1025 1020
1035 1039 1044 1048
1035 1030 1026 1021
1036 1040 1045 1049
1036 1031 1027 1022
1037 1041 1042 1046
1037 1033 1032 1028
1038 1043 1047 1052
1038 1034 1029 1025
1039 1044 1048 1053
1039 1035 1030 1026
1040 1045 1049 1054
1040 1036 1031 1027
1041 1042 1046 1050
1041 1037 1033 1032
1042 1046 1050 1051
1042 1041 1037 1033
1043 1047 1052 1056
1043 1038 1034 1029
1044 1048 1053 1057
1044 1039 1035 1030
1045 1049 1054 1058
1045 1040 1036 1031
1046 1050 1051 1055
1046 1042 1041 1037
1047 1052 1056 1060
1047 1043 1038 1034
1048 1053 1057 1061
1048 1044 1039 1035
1049 1054 1058 1062
1049 1045 1040 1036
1050 1051 1055 1059
1050 1046 1042 1041
1051 1055 1059 1063
1051 1050 1046 1042
1052 1056 1060 1064
1052 1047 1043 1038
1053 1057 1061 1065
1053 1048 1044 1039
1054 1058 1062 1066
1054 1049 1045 1040
1055 1059 1063 1067
1055 1051 1050 1046
1056 1060 1064 1068
1056 1052 1047 1043
1057 1061 1065 1069
1057 1053 1048 1044
1058 1062 1066 1070
1058 1054 1049 1045
1059 1063 1067 1071
1059 1055 1051 1050
1060 1064 1068 1072
1060 1056 1052 1047
1061 1065 1069 1073
1061 1057 1053 1048
1062 1066 1070 1074
1062 1058 1054 1049
1063 1067 1071 1075
1063 1059 1055 1051
1064 1068 1072 1076
1064 1060 1056 1052
1065 1069 1073 1077
1065 1061 1057 1053
1066 1070 1074 1078
1066 1062 1058 1054
1067 1071 1075 1080
1067 1063 1059 1055
1068 1072 1076 1081
1068 1064 1060 1056
1069 1073 1077 1082
1069 1065 1061 1057
1070 1074 1078 1083
1070 1066 1062 1058
1071 1075 1080 1079
1071 1067 1063 1059
1072 1076 1081 1085
1072 1068 1064 1060
1073 1077 1082 1086
1073 1069 1065 1061
1074 1078 1083 1087
1074 1070 1066 1062
1075 1080 1079 1084
1075 1071 1067 1063
1076 1081 1085 1090
1076 1072 1068 1064
1077 1082 1086 1091
1077 1073 1069 1065
1078 1083 1087 1092
1078 1074 1070 1066
1079 1084 1089 1088
1079 1080 1075 1071
1080 1079 1084 1089
1080 1075 1071 1067
1081 1085 1090 1094
1081 1076 1072 1068
1082 1086 1091 1095
1082 1077 1073 1069
1083 1087 1092 1096
1083 1078 1074 1070
1084 1089 1088 1093
1084 1079 1080 1075
1085 1090 1094 1098
1085 1081 1076 1072
1086 1091 1095 1099
1086 1082 1077 1073
1087 1092 1096 1100
1087 1083 1078 1074
1088 1093 1097 1102
1088 1089 1084 1079
1089 1088 1093 1097
1089 1084 1079 1080
1090 1094 1098 1103
1090 1085 1081 1076
1091 1095 1099 1104
1091 1086 1082 1077
1092 1096 1100 1105
1092 1087 1083 1078
1093 1097 1102 1101
1093 1088 1089 1084
1094 1098 1103 1107
1094 1090 1085 1081
1095 1099 1104 1108
1095 1091 1086 1082
1096 1100 1105 1109
1096 1092 1087 1083
1097 1102 1101 1106
1097 1093 1088 1089
1098 1103 1107 1112
1098 1094 1090 1085
1099 1104 1108 1113
1099 1095 1091 1086
1100 1105 1109 1114
1100 1096 1092 1087
1101 1106 1111 1110
1101 1102 1097 1093
1102 1101 1106 1111
1102 1097 1093 1088
1103 1107 1112 1117
1103 1098 1094 1090
1104 1108 1113 1118
1104 1099 1095 1091
1105 1109 1114 1119
1105 1100 1096 1092
1106 1111 1110 1116
1106 1101 1102 1097
1107 1112 1117 1121
1107 1103 1098 1094
1108 1113 1118 1122
1108 1104 1099 1095
1109 1114 1119 1123
1109 1105 1100 1096
1110 1116 1115 1120
1110 1111 1106 1101
1111 1110 1116 1115
1111 1106 1101 1102
1112 1117 1121 1126
1112 1107 1103 1098
1113 1118 1122 1127
1113 1108 1104 1099
1114 1119 1123 1128
1114 1109 1105 1100
1115 1120 1125 1124
1115 1116 1110 1111
1116 1115 1120 1125
1116 1110 1111 1106
1117 1121 1126 1130
1117 1112 1107 1103
1118 1122 1127 1131
1118 1113 1108 1104
1119 1123 1128 1132
1119 1114 1109 1105
1120 1125 1124 1129
1120 1115 1116 1110
1121 1126 1130 1134
1121 1117 1112 1107
1122 1127 1131 1135
1122 1118 1113 1108
1123 1128 1132 1136
1123 1119 1114 1109
1124 1129 1133 1138
1124 1125 1120 1115
1125 1124 1129 1133
1125 1120 1115 1116
1126 1130 1134 1139
1126 1121 1117 1112
1127 1131 1135 1140
1127 1122 1118 1113
1128 1132 1136 1141
1128 1123 1119 1114
1129 1133 1138 1137
1129 1124 1125 1120
1130 1134 1139 1143
1130 1126 1121 1117
1131 1135 1140 1144
1131 1127 1122 1118
1132 1136 1141 1145
1132 1128 1123 1119
1133 1138 1137 1142
1133 1129 1124 1125
1134 1139 1143 1148
1134 1130 1126 1121
1135 1140 1144 1149
1135 1131 1127 1122
1136 1141 1145 1150
1136 1132 1128 1123
1137 1142 1147 1146
1137 1138 1133 1129
1138 1137 1142 1147
1138 1133 1129 1124
1139 1143 1148 1152
1139 1134 1130 1126
1140 1144 1149 1153
1140 1135 1131 1127
1141 1145 1150 1154
1141 1136 1132 1128
1142 1147 1146 1151
1142 1137 1138 1133
1143 1148 1152 1156
1143 1139 1134 1130
1144 1149 1153 1157
1144 1140 1135 1131
1145 1150 1154 1158
1145 1141 1136 1132
1146 1151 1155 1160
1146 1147 1142 1137
1147 1146 1151 1155
1147 1142 1137 1138
1148 1152 1156 1161
1148 1143 1139 1134
1149 1153 1157 1162
1149 1144 1140 1135
1150 1154 1158 1163
1150 1145 1141 1136
1151 1155 1160 1159
1151 1146 1147 1142
1152 1156 1161 1165
1152 1148 1143 1139
1153 1157 1162 1166
1153 1149 1144 1140
1154 1158 1163 1167
1154 1150 1145 1141
1155 1160 1159 1164
1155 1151 1146 1147
1156 1161 1165 1170
1156 1152 1148 1143
1157 1162 1166 1171
1157 1153 1149 1144
1158 1163 1167 1172
1158 1154 1150 1145
1159 1164 1169 1168
1159 1160 1155 1151
1160 1159 1164 1169
1160 1155 1151 1146
1161 1165 1170 1174
1161 1156 1152 1148
1162 1166 1171 1175
1162 1157 1153 1149
1163 1167 1172 1176
1163 1158 1154 1150
1164 1169 1168 1173
1164 1159 1160 1155
1165 1170 1174 1179
1165 1161 1156 1152
1166 1171 1175 1180
1166 1162 1157 1153
1167 1172 1176 1181
1167 1163 1158 1154
1168 1173 1178 1177
1168 1169 1164 1159
1169 1168 1173 1178
1169 1164 1159 1160
1170 1174 1179 1183
1170 1165 1161 1156
1171 1175 1180 1184
1171 1166 1162 1157
1172 1176 1181 1185
1172 1167 1163 1158
1173 1178 1177 1182
1173 1168 1169 1164
1174 1179 1183 1187
1174 1170 1165 1161
1175 1180 1184 1188
1175 1171 1166 1162
1176 1181 1185 1189
1176 1172 1167 1163
1177 1182 1186 1190
1177 1178 1173 1168
1178 1177 1182 1186
1178 1173 1168 1169
1179 1183 1187 1191
1179 1174 1170 1165
1180 1184 1188 1192
1180 1175 1171 1166
1181 1185 1189 1193
1181 1176 1172 1167
1182 1186 1190 1194
1182 1177 1178 1173
1183 1187 1191 1195
1183 1179 1174 1170
1184 1188 1192 1196
1184 1180 1175 1171
1185 1189 1193 1197
1185 1181 1176 1172
1186 1190 1194 1199
1186 1182 1177 1178
1187 1191 1195 1200
1187 1183 1179 1174
1188 1192 1196 1201
1188 1184 1180 1175
1189 1193 1197 1202
1189 1185 1181 1176
1190 1194 1199 1198
1190 1186 1182 1177
1191 1195 1200 1204
1191 1187 1183 1179
1192 1196 1201 1205
1192 1188 1184 1180
1193 1197 1202 1206
1193 1189 1185 1181
1194 1199 1198 1203
1194 1190 1186 1182
1195 1200 1204 1209
1195 1191 1187 1183
1196 1201 1205 1210
1196 1192 1188 1184
1197 1202 1206 1211
1197 1193 1189 1185
1198 1203 1208 1207
1198 1199 1194 1190
1199 1198 1203 1208
1199 1194 1190 1186
1200 1204 1209 1213
1200 1195 1191 1187
1201 1205 1210 1214
1201 1196 1192 1188
1202 1206 1211 1215
1202 1197 1193 1189
1203 1208 1207 1212
1203 1198 1199 1194
1204 1209 1213 1218
1204 1200 1195 1191
1205 1210 1214 1219
1205 1201 1196 1192
1206 1211 1215 1220
1206 1202 1197 1193
1207 1212 1217 1216
1207 1208 1203 1198
1208 1207 1212 1217
1208 1203 1198 1199
1209 1213 1218 1222
1209 1204 1200 1195
1210 1214 1219 1223
1210 1205 1201 1196
1211 1215 1220 1224
1211 1206 1202 1197
1212 1217 1216 1221
1212 1207 1208 1203
1213 1218 1222 1227
1213 1209 1204 1200
1214 1219 1223 1228
1214 1210 1205 1201
1215 1220 1224 1229
1215 1211 1206 1202
1216 1221 1226 1225
1216 1217 1212 1207
1217 1216 1221 1226
1217 1212 1207 1208
1218 1222 1227 1231
1218 1213 1209 1204
1219 1223 1228 1232
1219 1214 1210 1205
1220 1224 1229 1233
1220 1215 1211 1206
1221 1226 1225 1230
1221 1216 1217 1212
1222 1227 1231 1236
1222 1218 1213 1209
1223 1228 1232 1237
1223 1219 1214 1210
1224 1229 1233 1238
1224 1220 1215 1211
1225 1230 1235 1234
1225 1226 1221 1216
1226 1225 1230 1235
1226 1221 1216 1217
1227 1231 1236 1240
1227 1222 1218 1213
1228 1232 1237 1241
1228 1223 1219 1214
1229 1233 1238 1242
1229 1224 1220 1215
1230 1235 1234 1239
1230 1225 1226 1221
1231 1236 1240 1245
1231 1227 1222 1218
1232 1237 1241 1246
1232 1228 1223 1219
1233 1238 1242 1247
1233 1229 1224 1220
1234 1239 1244 1243
1234 1235 1230 1225
1235 1234 1239 1244
1235 1230 1225 1226
1236 1240 1245 1249
1236 1231 1227 1222
1237 1241 1246 1250
1237 1232 1228 1223
1238 1242 1247 1251
1238 1233 1229 1224
1239 1244 1243 1248
1239 1234 1235 1230
1240 1245 1249 1254
1240 1236 1231 1227
1241 1246 1250 1255
1241 1237 1232 1228
1242 1247 1251 1256
1242 1238 1233 1229
1243 1248 1253 1252
1243 1244 1239 1234
1244 1243 1248 1253
1244 1239 1234 1235
1245 1249 1254 1258
1245 1240 1236 1231
1246 1250 1255 1259
1246 1241 1237 1232
1247 1251 1256 1260
1247 1242 1238 1233
1248 1253 1252 1257
1248 1243 1244 1239
1249 1254 1258 1262
1249 1245 1240 1236
1250 1255 1259 1263
1250 1246 1241 1237
1251 1256 1260 1264
1251 1247 1242 1238
1252 1257 1261 1265
1252 1253 1248 1243
1253 1252 1257 1261
1253 1248 1243 1244
1254 1258 1262 1266
1254 1249 1245 1240
1255 1259 1263 1267
1255 1250 1246 1241
1256 1260 1264 1268
1256 1251 1247 1242
1257 1261 1265 1269
1257 1252 1253 1248
1258 1262 1266 1270
1258 1254 1249 1245
1259 1263 1267 1271
1259 1255 1250 1246
1260 1264 1268 1272
1260 1256 1251 1247
1261 1265 1269 1273
1261 1257 1252 1253
1262 1266 1270 1274
1262 1258 1254 1249
1263 1267 1271 1275
1263 1259 1255 1250
1264 1268 1272 1276
1264 1260 1256 1251
1265 1269 1273 1277
1265 1261 1257 1252
1266 1270 1274 1278
1266 1262 1258 1254
1267 1271 1275 1279
1267 1263 1259 1255
1268 1272 1276 1280
1268 1264 1260 1256
1269 1273 1277 1282
1269 1265 1261 1257
1270 1274 1278 1283
1270 1266 1262 1258
1271 1275 1279 1284
1271 1267 1263 1259
1272 1276 1280 1285
1272 1268 1264 1260
1273 1277 1282 1281
1273 1269 1265 1261
1274 1278 1283 1287
1274 1270 1266 1262
1275 1279 1284 1288
1275 1271 1267 1263
1276 1280 1285 1289
1276 1272 1268 1264
1277 1282 1281 1286
1277 1273 1269 1265
1278 1283 1287 1292
1278 1274 1270 1266
1279 1284 1288 1293
1279 1275 1271 1267
1280 1285 1289 1294
1280 1276 1272 1268
1281 1286 1291 1290
1281 1282 1277 1273
1282 1281 1286 1291
1282 1277 1273 1269
1283 1287 1292 1296
1283 1278 1274 1270
1284 1288 1293 1297
1284 1279 1275 1271
1285 1289 1294 1298
1285 1280 1276 1272
1286 1291 1290 1295
1286 1281 1282 1277
1287 1292 1296 1300
1287 1283 1278 1274
1288 1293 1297 1301
1288 1284 1279 1275
1289 1294 1298 1302
1289 1285 1280 1276
1290 1295 1299 1304
1290 1291 1286 1281
1291 1290 1295 1299
1291 1286 1281 1282
1292 1296 1300 1305
1292 1287 1283 1278
1293 1297 1301 1306
1293 1288 1284 1279
1294 1298 1302 1307
1294 1289 1285 1280
1295 1299 1304 1303
1295 1290 1291 1286
1296 1300 1305 1309
1296 1292 1287 1283
1297 1301 1306 1310
1297 1293 1288 1284
1298 1302 1307 1311
1298 1294 1289 1285
1299 1304 1303 1308
1299 1295 1290 1291
1300 1305 1309 1313
1300 1296 1292 1287
1301 1306 1310 1314
1301 1297 1293 1288
1302 1307 1311 1315
1302 1298 1294 1289
1303 1308 1312 1316
1303 1304 1299 1295
1304 1303 1308 1312
1304 1299 1295 1290
1305 1309 1313 1317
1305 1300 1296 1292
1306 1310 1314 1318
1306 1301 1297 1293
1307 1311 1315 1319
1307 1302 1298 1294
1308 1312 1316 1320
1308 1303 1304 1299
1309 1313 1317 1321
1309 1305 1300 1296
1310 1314 1318 1322
1310 1306 1301 1297
1311 1315 1319 1323
1311 1307 1302 1298
1312 1316 1320 1325
1312 1308 1303 1304
1313 1317 1321 1326
1313 1309 1305 1300
1314 1318 1322 1327
1314 1310 1306 1301
1315 1319 1323 1328
1315 1311 1307 1302
1316 1320 1325 1324
1316 1312 1308 1303
1317 1321 1326 1330
1317 1313 1309 1305
1318 1322 1327 1331
1318 1314 1310 1306
1319 1323 1328 1332
1319 1315 1311 1307
1320 1325 1324 1329
1320 1316 1312 1308
1321 1326 1330 1335
1321 1317 1313 1309
1322 1327 1331 1336
1322 1318 1314 1310
1323 1328 1332 1337
1323 1319 1315 1311
1324 1329 1333 1338
1324 1325 1320 1316
1325 1324 1329 1333
1325 1320 1316 1312
1326 1330 1335 1334
1326 1321 1317 1313
1327 1331 1336 1340
1327 1322 1318 1314
1328 1332 1337 1341
1328 1323 1319 1315
1329 1333 1338 1342
1329 1324 1325 1320
1330 1335 1334 1339
1330 1326 1321 1317
1331 1336 1340 1344
1331 1327 1322 1318
1332 1337 1341 1345
1332 1328 1323 1319
1333 1338 1342 1346
1333 1329 1324 1325
1334 1339 1343 1347
1334 1335 1330 1326
1335 1334 1339 1343
1335 1330 1326 1321
1336 1340 1344 1348
1336 1331 1327 1322
1337 1341 1345 1349
1337 1332 1328 1323
1338 1342 1346 1350
1338 1333 1329 1324
1339 1343 1347 1351
1339 1334 1335 1330
1340 1344 1348 1352
1340 1336 1331 1327
1341 1345 1349 1353
1341 1337 1332 1328
1342 1346 1350 1354
1342 1338 1333 1329
1343 1347 1351 1355
1343 1339 1334 1335
1344 1348 1352 1356
1344 1340 1336 1331
1345 1349 1353 1357
1345 1341 1337 1332
1346 1350 1354 1359
1346 1342 1338 1333
1347 1351 1355 1360
1347 1343 1339 1334
1348 1352 1356 1361
1348 1344 1340 1336
1349 1353 1357 1362
1349 1345 1341 1337
1350 1354 1359 1358
1350 1346 1342 1338
1351 1355 1360 1364
1351 1347 1343 1339
1352 1356 1361 1365
1352 1348 1344 1340
1353 1357 1362 1366
1353 1349 1345 1341
1354 1359 1358 1363
1354 1350 1346 1342
1355 1360 1364 1368
1355 1351 1347 1343
1356 1361 1365 1369
1356 1352 1348 1344
1357 1362 1366 1370
1357 1353 1349 1345
1358 1363 1367 1372
1358 1359 1354 1350
1359 1358 1363 1367
1359 1354 1350 1346
1360 1364 1368 1373
1360 1355 1351 1347
1361 1365 1369 1374
1361 1356 1352 1348
1362 1366 1370 1375
1362 1357 1353 1349
1363 1367 1372 1371
1363 1358 1359 1354
1364 1368 1373 1377
1364 1360 1355 1351
1365 1369 1374 1378
1365 1361 1356 1352
1366 1370 1375 1379
1366 1362 1357 1353
1367 1372 1371 1376
1367 1363 1358 1359
1368 1373 1377 1381
1368 1364 1360 1355
1369 1374 1378 1382
1369 1365 1361 1356
1370 1375 1379 1383
1370 1366 1362 1357
1371 1376 1380 1385
1371 1372 1367 1363
1372 1371 1376 1380
1372 1367 1363 1358
1373 1377 1381 1386
1373 1368 1364 1360
1374 1378 1382 1387
1374 1369 1365 1361
1375 1379 1383 1388
1375 1370 1366 1362
1376 1380 1385 1384
1376 1371 1372 1367
1377 1381 1386 1390
1377 1373 1368 1364
1378 1382 1387 1391
1378 1374 1369 1365
1379 1383 1388 1393
1379 1375 1370 1366
1380 1385 1384 1389
1380 1376 1371 1372
1381 1386 1390 1395
1381 1377 1373 1368
1382 1387 1391 1396
1382 1378 1374 1369
1383 1388 1393 1398
1383 1379 1375 1370
1384 1389 1394 1399
1384 1385 1380 1376
1385 1384 1389 1394
1385 1380 1376 1371
1386 1390 1395 1400
1386 1381 1377 1373
1387 1391 1396 1401
1387 1382 1378 1374
1388 1393 1398 1403
1388 1383 1379 1375
1389 1394 1399 1404
1389 1384 1385 1380
1390 1395 1400 1405
1390 1386 1381 1377
1391 1396 1401 1406
1391 1387 1382 1378
1392 1397 1402 1407
1393 1398 1403 1408
1393 1388 1383 1379
1394 1399 1404 1409
1394 1389 1384 1385
1395 1400 1405 1410
1395 1390 1386 1381
1396 1401 1406 1411
1396 1391 1387 1382
1397 1402 1407 1412
1398 1403 1408 1413
1398 1393 1388 1383
1399 1404 1409 1414
1399 1394 1389 1384
1400 1405 1410 1415
1400 1395 1390 1386
1401 1406 1411 1416
1401 1396 1391 1387
1402 1407 1412 1417
1402 1397 1392 -1
1403 1408 1413 1418
1403 1398 1393 1388
1404 1409 1414 1419
1404 1399 1394 1389
1405 1410 1415 1420
1405 1400 1395 1390
1406 1411 1416 1421
1406 1401 1396 1391
1407 1412 1417 1422
1407 1402 1397 1392
1408 1413 1418 1423
1408 1403 1398 1393
1409 1414 1419 1424
1409 1404 1399 1394
1410 1415 1420 1425
1410 1405 1400 1395
1411 1416 1421 1426
1411 1406 1401 1396
1412 1417 1422 1427
1412 1407 1402 1397
1413 1418 1423 1428
1413 1408 1403 1398
1414 1419 1424 1429
1414 1409 1404 1399
1415 1420 1425 1430
1415 1410 1405 1400
1416 1421 1426 1431
1416 1411 1406 1401
1417 1422 1427 1432
1417 1412 1407 1402
1418 1423 1428 1433
1418 1413 1408 1403
1419 1424 1429 1434
1419 1414 1409 1404
1420 1425 1430 1435
1420 1415 1410 1405
1421 1426 1431 1436
1421 1416 1411 1406
1422 1427 1432 1437
1422 1417 1412 1407
1423 1428 1433 1438
1423 1418 1413 1408
1424 1429 1434 1439
1424 1419 1414 1409
1425 1430 1435 1440
1425 1420 1415 1410
1426 1431 1436 1441
1426 1421 1416 1411
1427 1432 1437 1442
1427 1422 1417 1412
1428 1433 1438 1443
1428 1423 1418 1413
1429 1434 1439 1444
1429 1424 1419 1414
1430 1435 1440 1445
1430 1425 1420 1415
1431 1436 1441 1446
1431 1426 1421 1416
1432 1437 1442 1447
1432 1427 1422 1417
1433 1438 1443 1448
1433 1428 1423 1418
1434 1439 1444 1449
1434 1429 1424 1419
1435 1440 1445 1450
1435 1430 1425 1420
1436 1441 1446 1451
1436 1431 1426 1421
1437 1442 1447 -1
1437 1432 1427 1422
1438 1443 1448 -1
1438 1433 1428 1423
1439 1444 1449 1452
1439 1434 1429 1424
1440 1445 1450 1453
1440 1435 1430 1425
1441 1446 1451 1454
1441 1436 1431 1426
1442 1437 1432 1427
1443 1438 1433 1428
1444 1449 1452 1455
1444 1439 1434 1429
1445 1450 1453 1456
1445 1440 1435 1430
1446 1451 1454 1457
1446 1441 1436 1431
1447 1442 1437 1432
1448 1443 1438 1433
1449 1452 1455 1458
1449 1444 1439 1434
1450 1453 1456 1459
1450 1445 1440 1435
1451 1454 1457 1460
1451 1446 1441 1436
1452 1455 1458 1461
1452 1449 1444 1439
1453 1456 1459 1462
1453 1450 1445 1440
1454 1457 1460 1463
1454 1451 1446 1441
1455 1458 1461 1464
1455 1452 1449 1444
1456 1459 1462 1465
1456 1453 1450 1445
1457 1460 1463 1466
1457 1454 1451 1446
1458 1461 1464 1467
1458 1455 1452 1449
1459 1462 1465 1468
1459 1456 1453 1450
1460 1463 1466 1469
1460 1457 1454 1451
1461 1464 1467 1470
1461 1458 1455 1452
1462 1465 1468 1471
1462 1459 1456 1453
1463 1466 1469 1472
1463 1460 1457 1454
1464 1467 1470 1473
1464 1461 1458 1455
1465 1468 1471 1474
1465 1462 1459 1456
1466 1469 1472 1475
1466 1463 1460 1457
1467 1470 1473 1476
1467 1464 1461 1458
1468 1471 1474 1477
1468 1465 1462 1459
1469 1472 1475 1478
1469 1466 1463 1460
1470 1473 1476 1479
1470 1467 1464 1461
1471 1474 1477 1480
1471 1468 1465 1462
1472 1475 1478 1481
1472 1469 1466 1463
1473 1476 1479 1482
1473 1470 1467 1464
1474 1477 1480 1483
1474 1471 1468 1465
1475 1478 1481 1484
1475 1472 1469 1466
1476 1479 1482 1485
1476 1473 1470 1467
1477 1480 1483 1486
1477 1474 1471 1468
1478 1481 1484 1487
1478 1475 1472 1469
1479 1482 1485 1488
1479 1476 1473 1470
1480 1483 1486 1489
1480 1477 1474 1471
1481 1484 1487 1490
1481 1478 1475 1472
1482 1485 1488 1491
1482 1479 1476 1473
1483 1486 1489 1492
1483 1480 1477 1474
1484 1487 1490 1493
1484 1481 1478 1475
1485 1488 1491 1494
1485 1482 1479 1476
1486 1489 1492 1495
1486 1483 1480 1477
1487 1490 1493 1496
1487 1484 1481 1478
1488 1491 1494 1497
1488 1485 1482 1479
1489 1492 1495 1498
1489 1486 1483 1480
1490 1493 1496 1499
1490 1487 1484 1481
1491 1494 1497 1500
1491 1488 1485 1482
1492 1495 1498 1501
1492 1489 1486 1483
1493 1496 1499 1502
1493 1490 1487 1484
1494 1497 1500 1503
1494 1491 1488 1485
1495 1498 1501 1504
1495 1492 1489 1486
1496 1499 1502 1505
1496 1493 1490 1487
1497 1500 1503 1506
1497 1494 1491 1488
1498 1501 1504 1507
1498 1495 1492 1489
1499 1502 1505 1508
1499 1496 1493 1490
1500 1503 1506 1509
1500 1497 1494 1491
1501 1504 1507 1510
1501 1498 1495 1492
1502 1505 1508 1511
1502 1499 1496 1493
1503 1506 1509 1512
1503 1500 1497 1494
1504 1507 1510 1513
1504 1501 1498 1495
1505 1508 1511 1514
1505 1502 1499 1496
1506 1509 1512 1515
1506 1503 1500 1497
1507 1510 1513 1516
1507 1504 1501 1498
1508 1511 1514 1517
1508 1505 1502 1499
1509 1512 1515 1518
1509 1506 1503 1500
1510 1513 1516 1519
1510 1507 1504 1501
1511 1514 1517 1520
1511 1508 1505 1502
1512 1515 1518 1521
1512 1509 1506 1503
1513 1516 1519 1522
1513 1510 1507 1504
1514 1517 1520 1523
1514 1511 1508 1505
1515 1518 1521 1524
1515 1512 1509 1506
1516 1519 1522 1525
1516 1513 1510 1507
1517 1520 1523 1526
1517 1514 1511 1508
1518 1521 1524 1527
1518 1515 1512 1509
1519 1522 1525 1528
1519 1516 1513 1510
1520 1523 1526 1529
1520 1517 1514 1511
1521 1524 1527 1530
1521 1518 1515 1512
1522 1525 1528 1531
1522 1519 1516 1513
1523 1526 1529 1532
1523 1520 1517 1514
1524 1527 1530 1533
1524 1521 1518 1515
1525 1528 1531 1534
1525 1522 1519 1516
1526 1529 1532 1535
1526 1523 1520 1517
1527 1530 1533 1536
1527 1524 1521 1518
1528 1531 1534 1537
1528 1525 1522 1519
1529 1532 1535 1538
1529 1526 1523 1520
1530 1533 1536 1539
1530 1527 1524 1521
1531 1534 1537 1540
1531 1528 1525 1522
1532 1535 1538 1541
1532 1529 1526 1523
1533 1536 1539 1542
1533 1530 1527 1524
1534 1537 1540 1543
1534 1531 1528 1525
1535 1538 1541 1544
1535 1532 1529 1526
1536 1539 1542 1545
1536 1533 1530 1527
1537 1540 1543 1546
1537 1534 1531 1528
1538 1541 1544 1547
1538 1535 1532 1529
1539 1542 1545 1548
1539 1536 1533 1530
1540 1543 1546 1549
1540 1537 1534 1531
1541 1544 1547 1550
1541 1538 1535 1532
1542 1545 1548 1551
1542 1539 1536 1533
1543 1546 1549 1552
1543 1540 1537 1534
1544 1547 1550 1553
1544 1541 1538 1535
1545 1548 1551 1554
1545 1542 1539 1536
1546 1549 1552 1555
1546 1543 1540 1537
1547 1550 1553 1556
1547 1544 1541 1538
1548 1551 1554 1557
1548 1545 1542 1539
1549 1552 1555 1558
1549 1546 1543 1540
1550 1553 1556 1559
1550 1547 1544 1541
1551 1554 1557 1560
1551 1548 1545 1542
1552 1555 1558 1561
1552 1549 1546 1543
1553 1556 1559 1562
1553 1550 1547 1544
1554 1557 1560 1563
1554 1551 1548 1545
1555 1558 1561 1564
1555 1552 1549 1546
1556 1559 1562 1565
1556 1553 1550 1547
1557 1560 1563 1566
1557 1554 1551 1548
1558 1561 1564 1567
1558 1555 1552 1549
1559 1562 1565 1568
1559 1556 1553 1550
1560 1563 1566 1569
1560 1557 1554 1551
1561 1564 1567 1570
1561 1558 1555 1552
1562 1565 1568 1571
1562 1559 1556 1553
1563 1566 1569 1572
1563 1560 1557 1554
1564 1567 1570 1573
1564 1561 1558 1555
1565 1568 1571 1574
1565 1562 1559 1556
1566 1569 1572 1575
1566 1563 1560 1557
1567 1570 1573 1576
1567 1564 1561 1558
1568 1571 1574 1577
1568 1565 1562 1559
1569 1572 1575 1578
1569 1566 1563 1560
1570 1573 1576 1579
1570 1567 1564 1561
1571 1574 1577 1580
1571 1568 1565 1562
1572 1575 1578 1581
1572 1569 1566 1563
1573 1576 1579 1583
1573 1570 1567 1564
1574 1577 1580 1584
1574 1571 1568 1565
1575 1578 1581 1585
1575 1572 1569 1566
1576 1579 1583 1582
1576 1573 1570 1567
1577 1580 1584 1587
1577 1574 1571 1568
1578 1581 1585 1588
1578 1575 1572 1569
1579 1583 1582 1586
1579 1576 1573 1570
1580 1584 1587 1590
1580 1577 1574 1571
1581 1585 1588 1591
1581 1578 1575 1572
1582 1586 1589 1592
1582 1583 1579 1576
1583 1582 1586 1589
1583 1579 1576 1573
1584 1587 1590 1593
1584 1580 1577 1574
1585 1588 1591 1594
1585 1581 1578 1575
1586 1589 1592 1595
1586 1582 1583 1579
1587 1590 1593 1596
1587 1584 1580 1577
1588 1591 1594 1597
1588 1585 1581 1578
1589 1592 1595 1598
1589 1586 1582 1583
1590 1593 1596 1599
1590 1587 1584 1580
1591 1594 1597 1600
1591 1588 1585 1581
1592 1595 1598 1601
1592 1589 1586 1582
1593 1596 1599 1602
1593 1590 1587 1584
1594 1597 1600 1603
1594 1591 1588 1585
1595 1598 1601 1604
1595 1592 1589 1586
1596 1599 1602 1605
1596 1593 1590 1587
1597 1600 1603 1606
1597 1594 1591 1588
1598 1601 1604 1607
1598 1595 1592 1589
1599 1602 1605 1608
1599 1596 1593 1590
1600 1603 1606 1609
1600 1597 1594 1591
1601 1604 1607 1610
1601 1598 1595 1592
1602 1605 1608 1611
1602 1599 1596 1593
1603 1606 1609 1612
1603 1600 1597 1594
1604 1607 1610 1613
1604 1601 1598 1595
1605 1608 1611 1614
1605 1602 1599 1596
1606 1609 1612 1615
1606 1603 1600 1597
1607 1610 1613 1617
1607 1604 1601 1598
1608 1611 1614 1618
1608 1605 1602 1599
1609 1612 1615 1616
1609 1606 1603 1600
1610 1613 1617 1620
1610 1607 1604 1601
1611 1614 1618 1621
1611 1608 1605 1602
1612 1615 1616 1619
1612 1609 1606 1603
1613 1617 1620 1623
1613 1610 1607 1604
1614 1618 1621 1624
1614 1611 1608 1605
1615 1616 1619 1622
1615 1612 1609 1606
1616 1619 1622 1625
1616 1615 1612 1609
1617 1620 1623 1626
1617 1613 1610 1607
1618 1621 1624 1627
1618 1614 1611 1608
1619 1622 1625 1628
1619 1616 1615 1612
1620 1623 1626 1629
1620 1617 1613 1610
1621 1624 1627 1630
1621 1618 1614 1611
1622 1625 1628 1631
1622 1619 1616 1615
1623 1626 1629 1632
1623 1620 1617 1613
1624 1627 1630 1633
1624 1621 1618 1614
1625 1628 1631 1634
1625 1622 1619 1616
1626 1629 1632 1635
1626 1623 1620 1617
1627 1630 1633 1636
1627 1624 1621 1618
1628 1631 1634 1637
1628 1625 1622 1619
1629 1632 1635 1638
1629 1626 1623 1620
1630 1633 1636 1639
1630 1627 1624 1621
1631 1634 1637 1640
1631 1628 1625 1622
1632 1635 1638 1641
1632 1629 1626 1623
1633 1636 1639 1642
1633 1630 1627 1624
1634 1637 1640 1643
1634 1631 1628 1625
1635 1638 1641 1644
1635 1632 1629 1626
1636 1639 1642 1645
1636 1633 1630 1627
1637 1640 1643 1646
1637 1634 1631 1628
1638 1641 1644 1647
1638 1635 1632 1629
1639 1642 1645 1648
1639 1636 1633 1630
1640 1643 1646 1649
1640 1637 1634 1631
1641 1644 1647 1650
1641 1638 1635 1632
1642 1645 1648 1651
1642 1639 1636 1633
1643 1646 1649 1652
1643 1640 1637 1634
1644 1647 1650 1653
1644 1641 1638 1635
1645 1648 1651 1654
1645 1642 1639 1636
1646 1649 1652 1655
1646 1643 1640 1637
1647 1650 1653 1656
1647 1644 1641 1638
1648 1651 1654 1657
1648 1645 1642 1639
1649 1652 1655 1658
1649 1646 1643 1640
1650 1653 1656 1660
1650 1647 1644 1641
1651 1654 1657 1661
1651 1648 1645 1642
1652 1655 1658 1659
1652 1649 1646 1643
1653 1656 1660 1663
1653 1650 1647 1644
1654 1657 1661 1664
1654 1651 1648 1645
1655 1658 1659 1662
1655 1652 1649 1646
1656 1660 1663 1666
1656 1653 1650 1647
1657 1661 1664 1667
1657 1654 1651 1648
1658 1659 1662 1665
1658 1655 1652 1649
1659 1662 1665 1668
1659 1658 1655 1652
1660 1663 1666 1669
1660 1656 1653 1650
1661 1664 1667 1670
1661 1657 1654 1651
1662 1665 1668 1671
1662 1659 1658 1655
1663 1666 1669 1673
1663 1660 1656 1653
1664 1667 1670 1674
1664 1661 1657 1654
1665 1668 1671 1672
1665 1662 1659 1658
1666 1669 1673 1676
1666 1663 1660 1656
1667 1670 1674 1677
1667 1664 1661 1657
1668 1671 1672 1675
1668 1665 1662 1659
1669 1673 1676 1679
1669 1666 1663 1660
1670 1674 1677 1680
1670 1667 1664 1661
1671 1672 1675 1678
1671 1668 1665 1662
1672 1675 1678 1681
1672 1671 1668 1665
1673 1676 1679 1682
1673 1669 1666 1663
1674 1677 1680 1683
1674 1670 1667 1664
1675 1678 1681 1684
1675 1672 1671 1668
1676 1679 1682 1685
1676 1673 1669 1666
1677 1680 1683 1686
1677 1674 1670 1667
1678 1681 1684 1687
1678 1675 1672 1671
1679 1682 1685 1688
1679 1676 1673 1669
1680 1683 1686 1689
1680 1677 1674 1670
1681 1684 1687 1690
1681 1678 1675 1672
1682 1685 1688 1691
1682 1679 1676 1673
1683 1686 1689 1692
1683 1680 1677 1674
1684 1687 1690 1693
1684 1681 1678 1675
1685 1688 1691 1694
1685 1682 1679 1676
1686 1689 1692 1695
1686 1683 1680 1677
1687 1690 1693 1696
1687 1684 1681 1678
1688 1691 1694 1697
1688 1685 1682 1679
1689 1692 1695 1698
1689 1686 1683 1680
1690 1693 1696 1699
1690 1687 1684 1681
1691 1694 1697 1700
1691 1688 1685 1682
1692 1695 1698 1701
1692 1689 1686 1683
1693 1696 1699 1702
1693 1690 1687 1684
1694 1697 1700 1703
1694 1691 1688 1685
1695 1698 1701 1704
1695 1692 1689 1686
1696 1699 1702 1706
1696 1693 1690 1687
1697 1700 1703 1707
1697 1694 1691 1688
1698 1701 1704 1705
1698 1695 1692 1689
1699 1702 1706 1709
1699 1696 1693 1690
1700 1703 1707 1711
1700 1697 1694 1691
1701 1704 1705 1708
1701 1698 1695 1692
1702 1706 1709 1710
1702 1699 1696 1693
1703 1707 1711 1714
1703 1700 1697 1694
1704 1705 1708 1712
1704 1701 1698 1695
1705 1708 1712 1715
1705 1704 1701 1698
1706 1709 1710 1713
1706 1702 1699 1696
1707 1711 1714 1717
1707 1703 1700 1697
1708 1712 1715 1718
1708 1705 1704 1701
1709 1710 1713 1716
1709 1706 1702 1699
1710 1713 1716 1719
1710 1709 1706 1702
1711 1714 1717 1721
1711 1707 1703 1700
1712 1715 1718 1722
1712 1708 1705 1704
1713 1716 1719 1720
1713 1710 1709 1706
1714 1717 1721 1724
1714 1711 1707 1703
1715 1718 1722 1725
1715 1712 1708 1705
1716 1719 1720 1723
1716 1713 1710 1709
1717 1721 1724 1727
1717 1714 1711 1707
1718 1722 1725 1728
1718 1715 1712 1708
1719 1720 1723 1726
1719 1716 1713 1710
1720 1723 1726 1729
1720 1719 1716 1713
1721 1724 1727 1731
1721 1717 1714 1711
1722 1725 1728 1732
1722 1718 1715 1712
1723 1726 1729 1730
1723 1720 1719 1716
1724 1727 1731 1734
1724 1721 1717 1714
1725 1728 1732 1735
1725 1722 1718 1715
1726 1729 1730 1733
1726 1723 1720 1719
1727 1731 1734 1737
1727 1724 1721 1717
1728 1732 1735 1738
1728 1725 1722 1718
1729 1730 1733 1736
1729 1726 1723 1720
1730 1733 1736 1739
1730 1729 1726 1723
1731 1734 1737 1740
1731 1727 1724 1721
1732 1735 1738 1741
1732 1728 1725 1722
1733 1736 1739 1742
1733 1730 1729 1726
1734 1737 1740 1743
1734 1731 1727 1724
1735 1738 1741 1744
1735 1732 1728 1725
1736 1739 1742 1745
1736 1733 1730 1729
1737 1740 1743 1747
1737 1734 1731 1727
1738 1741 1744 1748
1738 1735 1732 1728
1739 1742 1745 1746
1739 1736 1733 1730
1740 1743 1747 1750
1740 1737 1734 1731
1741 1744 1748 1751
1741 1738 1735 1732
1742 1745 1746 1749
1742 1739 1736 1733
1743 1747 1750 1754
1743 1740 1737 1734
1744 1748 1751 1755
1744 1741 1738 1735
1745 1746 1749 1752
1745 1742 1739 1736
1746 1749 1752 1753
1746 1745 1742 1739
1747 1750 1754 1757
1747 1743 1740 1737
1748 1751 1755 1758
1748 1744 1741 1738
1749 1752 1753 1756
1749 1746 1745 1742
1750 1754 1757 1760
1750 1747 1743 1740
1751 1755 1758 1761
1751 1748 1744 1741
1752 1753 1756 1759
1752 1749 1746 1745
1753 1756 1759 1762
1753 1752 1749 1746
1754 1757 1760 1763
1754 1750 1747 1743
1755 1758 1761 1764
1755 1751 1748 1744
1756 1759 1762 1765
1756 1753 1752 1749
1757 1760 1763 1766
1757 1754 1750 1747
1758 1761 1764 1767
1758 1755 1751 1748
1759 1762 1765 1768
1759 1756 1753 1752
1760 1763 1766 1769
1760 1757 1754 1750
1761 1764 1767 1770
1761 1758 1755 1751
1762 1765 1768 1771
1762 1759 1756 1753
1763 1766 1769 1772
1763 1760 1757 1754
1764 1767 1770 1773
1764 1761 1758 1755
1765 1768 1771 1774
1765 1762 1759 1756
1766 1769 1772 1775
1766 1763 1760 1757
1767 1770 1773 1776
1767 1764 1761 1758
1768 1771 1774 1777
1768 1765 1762 1759
1769 1772 1775 1778
1769 1766 1763 1760
1770 1773 1776 1779
1770 1767 1764 1761
1771 1774 1777 1780
1771 1768 1765 1762
1772 1775 1778 1782
1772 1769 1766 1763
1773 1776 1779 1783
1773 1770 1767 1764
1774 1777 1780 1781
1774 1771 1768 1765
1775 1778 1782 1785
1775 1772 1769 1766
1776 1779 1783 1786
1776 1773 1770 1767
1777 1780 1781 1784
1777 1774 1771 1768
1778 1782 1785 1790
1778 1775 1772 1769
1779 1783 1786 1787
1779 1776 1773 1770
1780 1781 1784 1788
1780 1777 1774 1771
1781 1784 1788 1789
1781 1780 1777 1774
1782 1785 1790 1794
1782 1778 1775 1772
1783 1786 1787 1791
1783 1779 1776 1773
1784 1788 1789 1793
1784 1781 1780 1777
1785 1790 1794 1799
1785 1782 1778 1775
1786 1787 1791 1792
1786 1783 1779 1776
1787 1791 1792 1795
1787 1786 1783 1779
1788 1789 1793 1797
1788 1784 1781 1780
1789 1793 1797 1798
1789 1788 1784 1781
1790 1794 1799 1803
1790 1785 1782 1778
1791 1792 1795 1796
1791 1787 1786 1783
1792 1795 1796 1800
1792 1791 1787 1786
1793 1797 1798 1802
1793 1789 1788 1784
1794 1799 1803 1809
1794 1790 1785 1782
1795 1796 1800 1801
1795 1792 1791 1787
1796 1800 1801 1804
1796 1795 1792 1791
1797 1798 1802 1807
1797 1793 1789 1788
1798 1802 1807 1808
1798 1797 1793 1789
1799 1803 1809 1813
1799 1794 1790 1785
1800 1801 1804 1805
1800 1796 1795 1792
1801 1804 1805 1806
1801 1800 1796 1795
1802 1807 1808 1812
1802 1798 1797 1793
1803 1809 1813 1819
1803 1799 1794 1790
1804 1805 1806 1810
1804 1801 1800 1796
1805 1806 1810 1811
1805 1804 1801 1800
1806 1810 1811 1814
1806 1805 1804 1801
1807 1808 1812 1817
1807 1802 1798 1797
1808 1812 1817 1818
1808 1807 1802 1798
1809 1813 1819 1823
1809 1803 1799 1794
1810 1811 1814 1815
1810 1806 1805 1804
1811 1814 1815 1816
1811 1810 1806 1805
1812 1817 1818 1822
1812 1808 1807 1802
1813 1819 1823 1828
1813 1809 1803 1799
1814 1815 1816 1820
1814 1811 1810 1806
1815 1816 1820 1821
1815 1814 1811 1810
1816 1820 1821 1824
1816 1815 1814 1811
1817 1818 1822 1826
1817 1812 1808 1807
1818 1822 1826 1827
1818 1817 1812 1808
1819 1823 1828 1832
1819 1813 1809 1803
1820 1821 1824 1825
1820 1816 1815 1814
1821 1824 1825 1829
1821 1820 1816 1815
1822 1826 1827 1831
1822 1818 1817 1812
1823 1828 1832 1837
1823 1819 1813 1809
1824 1825 1829 1830
1824 1821 1820 1816
1825 1829 1830 1833
1825 1824 1821 1820
1826 1827 1831 1836
1826 1822 1818 1817
1827 1831 1836 1841
1827 1826 1822 1818
1828 1832 1837 1843
1828 1823 1819 1813
1829 1830 1833 1834
1829 1825 1824 1821
1830 1833 1834 1835
1830 1829 1825 1824
1831 1836 1841 1842
1831 1827 1826 1822
1832 1837 1843 1849
1832 1828 1823 1819
1833 1834 1835 1838
1833 1830 1829 1825
1834 1835 1838 1839
1834 1833 1830 1829
1835 1838 1839 1840
1835 1834 1833 1830
1836 1841 1842 1847
1836 1831 1827 1826
1837 1843 1849 1854
1837 1832 1828 1823
1838 1839 1840 1844
1838 1835 1834 1833
1839 1840 1844 1845
1839 1838 1835 1834
1840 1844 1845 1846
1840 1839 1838 1835
1841 1842 1847 1848
1841 1836 1831 1827
1842 1847 1848 1853
1842 1841 1836 1831
1843 1849 1854 1858
1843 1837 1832 1828
1844 1845 1846 1850
1844 1840 1839 1838
1845 1846 1850 1851
1845 1844 1840 1839
1846 1850 1851 1852
1846 1845 1844 1840
1847 1848 1853 -1
1847 1842 1841 1836
1848 1847 1842 1841
1849 1854 1858 1863
1849 1843 1837 1832
1850 1851 1852 1855
1850 1846 1845 1844
1851 1852 1855 1856
1851 1850 1846 1845
1852 1855 1856 1857
1852 1851 1850 1846
1853 1848 1847 1842
1854 1858 1863 1862
1854 1849 1843 1837
1855 1856 1857 1859
1855 1852 1851 1850
1856 1857 1859 1860
1856 1855 1852 1851
1857 1859 1860 1861
1857 1856 1855 1852
1858 1863 1862 1867
1858 1854 1849 1843
1859 1860 1861 1864
1859 1857 1856 1855
1860 1861 1864 1865
1860 1859 1857 1856
1861 1864 1865 1866
1861 1860 1859 1857
1862 1867 1873 1872
1862 1863 1858 1854
1863 1862 1867 1873
1863 1858 1854 1849
1864 1865 1866 1868
1864 1861 1860 1859
1865 1866 1868 1869
1865 1864 1861 1860
1866 1868 1869 1870
1866 1865 1864 1861
1867 1873 1872 1878
1867 1862 1863 1858
1868 1869 1870 1871
1868 1866 1865 1864
1869 1870 1871 1874
1869 1868 1866 1865
1870 1871 1874 1875
1870 1869 1868 1866
1871 1874 1875 1876
1871 1870 1869 1868
1872 1878 1877 1974
1872 1873 1867 1862
1873 1872 1878 1877
1873 1867 1862 1863
1874 1875 1876 1879
1874 1871 1870 1869
1875 1876 1879 1880
1875 1874 1871 1870
1876 1879 1880 1881
1876 1875 1874 1871
1877 1974 1973 1972
1877 1878 1872 1873
1878 1877 1974 1973
1878 1872 1873 1867
1879 1880 1881 1882
1879 1876 1875 1874
1880 1881 1882 1975
1880 1879 1876 1875
1881 1882 1975 1976
1881 1880 1879 1876
1882 1975 1976 1977
1882 1881 1880 1879
1883 1996 1995 1994
1883 1884 1885 1886
1884 1883 1996 1995
1884 1885 1886 1887
1885 1884 1883 1996
1885 1886 1887 1888
1886 1885 1884 1883
1886 1887 1888 1889
1887 1886 1885 1884
1887 1888 1889 1890
1888 1887 1886 1885
1888 1889 1890 1891
1889 1888 1887 1886
1889 1890 1891 1892
1890 1889 1888 1887
1890 1891 1892 1893
1891 1890 1889 1888
1891 1892 1893 1894
1892 1891 1890 1889
1892 1893 1894 1895
1893 1892 1891 1890
1893 1894 1895 1896
1894 1893 1892 1891
1894 1895 1896 1897
1895 1894 1893 1892
1895 1896 1897 1898
1896 1895 1894 1893
1896 1897 1898 1899
1897 1896 1895 1894
1897 1898 1899 1900
1898 1897 1896 1895
1898 1899 1900 1901
1899 1898 1897 1896
1899 1900 1901 1902
1900 1899 1898 1897
1900 1901 1902 1903
1901 1900 1899 1898
1901 1902 1903 1904
1902 1901 1900 1899
1902 1903 1904 1905
1903 1902 1901 1900
1903 1904 1905 1906
1904 1903 1902 1901
1904 1905 1906 1907
1905 1904 1903 1902
1905 1906 1907 1908
1906 1905 1904 1903
1906 1907 1908 1909
1907 1906 1905 1904
1907 1908 1909 1910
1908 1907 1906 1905
1908 1909 1910 1911
1909 1908 1907 1906
1909 1910 1911 1912
1910 1909 1908 1907
1910 1911 1912 1913
1911 1910 1909 1908
1911 1912 1913 1914
1912 1911 1910 1909
1912 1913 1914 1915
1913 1912 1911 1910
1913 1914 1915 1916
1914 1913 1912 1911
1914 1915 1916 1917
1915 1914 1913 1912
1915 1916 1917 1918
1916 1915 1914 1913
1916 1917 1918 1919
1917 1916 1915 1914
1917 1918 1919 1920
1918 1917 1916 1915
1918 1919 1920 1921
1919 1918 1917 1916
1919 1920 1921 1922
1920 1919 1918 1917
1920 1921 1922 1923
1921 1920 1919 1918
1921 1922 1923 1924
1922 1921 1920 1919
1922 1923 1924 1925
1923 1922 1921 1920
1923 1924 1925 1926
1924 1923 1922 1921
1924 1925 1926 1927
1925 1924 1923 1922
1925 1926 1927 1928
1926 1925 1924 1923
1926 1927 1928 1929
1927 1926 1925 1924
1927 1928 1929 1930
1928 1927 1926 1925
1928 1929 1930 1931
1929 1928 1927 1926
1929 1930 1931 1932
1930 1929 1928 1927
1930 1931 1932 1933
1931 1930 1929 1928
1931 1932 1933 1934
1932 1931 1930 1929
1932 1933 1934 1935
1933 1932 1931 1930
1933 1934 1935 1936
1934 1933 1932 1931
1934 1935 1936 1937
1935 1934 1933 1932
1935 1936 1937 1938
1936 1935 1934 1933
1936 1937 1938 1939
1937 1936 1935 1934
1937 1938 1939 1940
1938 1937 1936 1935
1938 1939 1940 1941
1939 1938 1937 1936
1939 1940 1941 1942
1940 1939 1938 1937
1940 1941 1942 1943
1941 1940 1939 1938
1941 1942 1943 1944
1942 1941 1940 1939
1942 1943 1944 1945
1943 1942 1941 1940
1943 1944 1945 1946
1944 1943 1942 1941
1944 1945 1946 1947
1945 1944 1943 1942
1945 1946 1947 1948
1946 1945 1944 1943
1946 1947 1948 1949
1947 1946 1945 1944
1947 1948 1949 1950
1948 1947 1946 1945
1948 1949 1950 1951
1949 1948 1947 1946
1949 1950 1951 1952
1950 1949 1948 1947
1950 1951 1952 1953
1951 1950 1949 1948
1951 1952 1953 1954
1952 1951 1950 1949
1952 1953 1954 1955
1953 1952 1951 1950
1953 1954 1955 1956
1954 1953 1952 1951
1954 1955 1956 1957
1955 1954 1953 1952
1955 1956 1957 1958
1956 1955 1954 1953
1956 1957 1958 1959
1957 1956 1955 1954
1957 1958 1959 1960
1958 1957 1956 1955
1958 1959 1960 1961
1959 1958 1957 1956
1959 1960 1961 1962
1960 1959 1958 1957
1960 1961 1962 1963
1961 1960 1959 1958
1961 1962 1963 1964
1962 1961 1960 1959
1962 1963 1964 1965
1963 1962 1961 1960
1963 1964 1965 1966
1964 1963 1962 1961
1964 1965 1966 1967
1965 1964 1963 1962
1965 1966 1967 1968
1966 1965 1964 1963
1966 1967 1968 1969
1967 1966 1965 1964
1967 1968 1969 1970
1968 1967 1966 1965
1968 1969 1970 1971
1969 1968 1967 1966
1969 1970 1971 1972
1970 1969 1968 1967
1970 1971 1972 1973
1971 1970 1969 1968
1971 1972 1973 1974
1972 1971 1970 1969
1972 1973 1974 1877
1973 1972 1971 1970
1973 1974 1877 1878
1974 1973 1972 1971
1974 1877 1878 1872
1975 1976 1977 1978
1975 1882 1881 1880
1976 1977 1978 1979
1976 1975 1882 1881
1977 1978 1979 1980
1977 1976 1975 1882
1978 1979 1980 1981
1978 1977 1976 1975
1979 1978 1977 1976
1979 1980 1981 1982
1980 1979 1978 1977
1980 1981 1982 1983
1981 1980 1979 1978
1981 1982 1983 1984
1982 1981 1980 1979
1982 1983 1984 1985
1983 1982 1981 1980
1983 1984 1985 1986
1984 1983 1982 1981
1984 1985 1986 1987
1985 1984 1983 1982
1985 1986 1987 1988
1986 1985 1984 1983
1986 1987 1988 1989
1987 1986 1985 1984
1987 1988 1989 1990
1988 1987 1986 1985
1988 1989 1990 1991
1989 1988 1987 1986
1989 1990 1991 1992
1990 1989 1988 1987
1990 1991 1992 1993
1991 1990 1989 1988
1991 1992 1993 1994
1992 1991 1990 1989
1992 1993 1994 1995
1993 1992 1991 1990
1993 1994 1995 1996
1994 1993 1992 1991
1994 1995 1996 1883
1995 1994 1993 1992
1995 1996 1883 1884
1996 1995 1994 1993
1996 1883 1884 1885
