0 44 43 42
0 1 2 3
1 0 44 43
1 2 3 4
2 1 0 44
2 3 4 5
3 2 1 0
3 4 5 6
4 3 2 1
4 5 6 7
5 4 3 2
5 6 7 8
6 5 4 3
6 7 8 9
7 6 5 4
7 8 9 10
8 7 6 5
8 9 10 11
9 10 11 12
9 8 7 6
10 11 12 13
10 9 8 7
11 12 13 14
11 10 9 8
12 13 14 15
12 11 10 9
13 14 15 16
13 12 11 10
14 15 16 17
14 13 12 11
15 16 17 18
15 14 13 12
16 17 18 19
16 15 14 13
17 18 19 20
17 16 15 14
18 19 20 21
18 17 16 15
19 20 21 22
19 18 17 16
20 21 22 23
20 19 18 17
21 22 23 24
21 20 19 18
22 23 24 25
22 21 20 19
23 24 25 26
23 22 21 20
24 25 26 27
24 23 22 21
25 26 27 28
25 24 23 22
26 27 28 29
26 25 24 23
27 28 29 30
27 26 25 24
28 29 30 31
28 27 26 25
29 30 31 32
29 28 27 26
30 31 32 33
30 29 28 27
31 32 33 34
31 30 29 28
32 33 34 35
32 31 30 29
33 34 35 36
33 32 31 30
34 35 36 37
34 33 32 31
35 36 37 38
35 34 33 32
36 37 38 45
36 35 34 33
37 38 45 46
37 36 35 34
38 45 46 47
38 37 36 35
39 72 71 70
39 40 41 42
40 39 72 71
40 41 42 43
41 40 39 72
41 42 43 44
42 41 40 39
42 43 44 0
43 42 41 40
43 44 0 1
44 43 42 41
44 0 1 2
45 46 47 48
45 38 37 36
46 47 48 49
46 45 38 37
47 48 49 50
47 46 45 38
48 49 50 51
48 47 46 45
49 50 51 52
49 48 47 46
50 51 52 53
50 49 48 47
51 52 53 54
51 50 49 48
52 53 54 55
52 51 50 49
53 54 55 56
53 52 51 50
54 55 56 57
54 53 52 51
55 56 57 58
55 54 53 52
56 57 58 59
56 55 54 53
57 58 59 60
57 56 55 54
58 59 60 61
58 57 56 55
59 60 61 62
59 58 57 56
60 61 62 63
60 59 58 57
61 62 63 64
61 60 59 58
62 63 64 65
62 61 60 59
63 64 65 73
63 62 61 60
64 65 73 74
64 63 62 61
65 73 74 75
65 64 63 62
66 108 107 106
66 67 68 69
67 66 108 107
67 68 69 70
68 67 66 108
68 69 70 71
69 68 67 66
69 70 71 72
70 69 68 67
70 71 72 39
71 70 69 68
71 72 39 40
72 71 70 69
72 39 40 41
73 74 75 76
73 65 64 63
74 75 76 77
74 73 65 64
75 76 77 78
75 74 73 65
76 77 78 79
76 75 74 73
77 78 79 80
77 76 75 74
78 79 80 81
78 77 76 75
79 80 81 82
79 78 77 76
80 81 82 83
80 79 78 77
81 82 83 84
81 80 79 78
82 83 84 85
82 81 80 79
83 84 85 86
83 82 81 80
84 85 86 87
84 83 82 81
85 86 87 88
85 84 83 82
86 87 88 89
86 85 84 83
87 88 89 90
87 86 85 84
88 89 90 91
88 87 86 85
89 90 91 92
89 88 87 86
90 91 92 93
90 89 88 87
91 92 93 94
91 90 89 88
92 93 94 95
92 91 90 89
93 94 95 96
93 92 91 90
94 95 96 97
94 93 92 91
95 96 97 98
95 94 93 92
96 97 98 99
96 95 94 93
97 98 99 100
97 96 95 94
98 99 100 101
98 97 96 95
99 100 101 102
99 98 97 96
100 101 102 109
100 99 98 97
101 102 109 110
101 100 99 98
102 109 110 111
102 101 100 99
103 136 135 134
103 104 105 106
104 103 136 135
104 105 106 107
105 104 103 136
105 106 107 108
106 105 104 103
106 107 108 66
107 106 105 104
107 108 66 67
108 107 106 105
108 66 67 68
109 110 111 112
109 102 101 100
110 111 112 113
110 109 102 101
111 112 113 114
111 110 109 102
112 113 114 115
112 111 110 109
113 114 115 116
113 112 111 110
114 115 116 117
114 113 112 111
115 116 117 118
115 114 113 112
116 117 118 119
116 115 114 113
117 118 119 120
117 116 115 114
118 119 120 121
118 117 116 115
119 120 121 122
119 118 117 116
120 121 122 123
120 119 118 117
121 122 123 124
121 120 119 118
122 123 124 125
122 121 120 119
123 124 125 126
123 122 121 120
124 125 126 127
124 123 122 121
125 126 127 128
125 124 123 122
126 127 128 129
126 125 124 123
127 128 129 130
127 126 125 124
128 129 130 137
128 127 126 125
129 130 137 138
129 128 127 126
130 137 138 139
130 129 128 127
131 145 144 143
131 132 133 134
132 131 145 144
132 133 134 135
133 132 131 145
133 134 135 136
134 133 132 131
134 135 136 103
135 134 133 132
135 136 103 104
136 135 134 133
136 103 104 105
137 138 139 140
137 130 129 128
138 139 140 146
138 137 130 129
139 140 146 147
139 138 137 130
140 146 147 153
140 139 138 137
141 152 151 150
141 142 143 144
142 141 152 151
142 143 144 145
143 142 141 152
143 144 145 131
144 143 142 141
144 145 131 132
145 144 143 142
145 131 132 133
146 147 153 154
146 140 139 138
147 153 154 160
147 146 140 139
148 159 158 157
148 149 150 151
149 148 159 158
149 150 151 152
150 149 148 159
150 151 152 141
151 150 149 148
151 152 141 142
152 151 150 149
152 141 142 143
153 154 160 166
153 147 146 140
154 160 166 171
154 153 147 146
155 165 164 163
155 156 157 158
156 155 165 164
156 157 158 159
157 156 155 165
157 158 159 148
158 157 156 155
158 159 148 149
159 158 157 156
159 148 149 150
160 166 171 176
160 154 153 147
161 170 169 168
161 162 163 164
162 161 170 169
162 163 164 165
163 162 161 170
163 164 165 155
164 163 162 161
164 165 155 156
165 164 163 162
165 155 156 157
166 171 176 181
166 160 154 153
167 175 174 173
167 168 169 170
168 167 175 174
168 169 170 161
169 168 167 175
169 170 161 162
170 169 168 167
170 161 162 163
171 176 181 186
171 166 160 154
172 180 179 178
172 173 174 175
173 172 180 179
173 174 175 167
174 173 172 180
174 175 167 168
175 174 173 172
175 167 168 169
176 181 186 190
176 171 166 160
177 185 184 183
177 178 179 180
178 177 185 184
178 179 180 172
179 178 177 185
179 180 172 173
180 179 178 177
180 172 173 174
181 186 190 195
181 176 171 166
182 189 188 187
182 183 184 185
183 182 189 188
183 184 185 177
184 183 182 189
184 185 177 178
185 184 183 182
185 177 178 179
186 190 195 199
186 181 176 171
187 194 193 192
187 188 189 182
188 187 194 193
188 189 182 183
189 188 187 194
189 182 183 184
190 195 199 203
190 186 181 176
191 198 197 196
191 192 193 194
192 191 198 197
192 193 194 187
193 192 191 198
193 194 187 188
194 193 192 191
194 187 188 189
195 199 203 207
195 190 186 181
196 202 201 200
196 197 198 191
197 196 202 201
197 198 191 192
198 197 196 202
198 191 192 193
199 203 207 211
199 195 190 186
200 206 205 204
200 201 202 196
201 200 206 205
201 202 196 197
202 201 200 206
202 196 197 198
203 207 211 214
203 199 195 190
204 210 209 208
204 205 206 200
205 204 210 209
205 206 200 201
206 205 204 210
206 200 201 202
207 211 214 217
207 203 199 195
208 213 212 216
208 209 210 204
209 208 213 212
209 210 204 205
210 209 208 213
210 204 205 206
211 214 217 220
211 207 203 199
212 216 215 219
212 213 208 209
213 212 216 215
213 208 209 210
214 217 220 223
214 211 207 203
215 219 218 222
215 216 212 213
216 215 219 218
216 212 213 208
217 220 223 226
217 214 211 207
218 222 221 225
218 219 215 216
219 218 222 221
219 215 216 212
220 223 226 229
220 217 214 211
221 225 224 228
221 222 218 219
222 221 225 224
222 218 219 215
223 226 229 232
223 220 217 214
224 228 227 231
224 225 221 222
225 224 228 227
225 221 222 218
226 229 232 235
226 223 220 217
227 231 230 234
227 228 224 225
228 227 231 230
228 224 225 221
229 232 235 238
229 226 223 220
230 234 233 237
230 231 227 228
231 230 234 233
231 227 228 224
232 235 238 241
232 229 226 223
233 237 236 240
233 234 230 231
234 233 237 236
234 230 231 227
235 238 241 244
235 232 229 226
236 240 239 243
236 237 233 234
237 236 240 239
237 233 234 230
238 241 244 246
238 235 232 229
239 243 242 245
239 240 236 237
240 239 243 242
240 236 237 233
241 244 246 248
241 238 235 232
242 245 247 250
242 243 239 240
243 242 245 247
243 239 240 236
244 246 248 251
244 241 238 235
245 247 250 249
245 242 243 239
246 248 251 254
246 244 241 238
247 250 249 253
247 245 242 243
248 251 254 256
248 246 244 241
249 253 252 255
249 250 247 245
250 249 253 252
250 247 245 242
251 254 256 258
251 248 246 244
252 255 257 260
252 253 249 250
253 252 255 257
253 249 250 247
254 256 258 261
254 251 248 246
255 257 260 259
255 252 253 249
256 258 261 263
256 254 251 248
257 260 259 262
257 255 252 253
258 261 263 265
258 256 254 251
259 262 264 267
259 260 257 255
260 259 262 264
260 257 255 252
261 263 265 268
261 258 256 254
262 264 267 266
262 259 260 257
263 265 268 270
263 261 258 256
264 267 266 269
264 262 259 260
265 268 270 273
265 263 261 258
266 269 272 271
266 267 264 262
267 266 269 272
267 264 262 259
268 270 273 275
268 265 263 261
269 272 271 274
269 266 267 264
270 273 275 277
270 268 265 263
271 274 276 278
271 272 269 266
272 271 274 276
272 269 266 267
273 275 277 279
273 270 268 265
274 276 278 280
274 271 272 269
275 277 279 281
275 273 270 268
276 278 280 282
276 274 271 272
277 279 281 283
277 275 273 270
278 280 282 284
278 276 274 271
279 281 283 285
279 277 275 273
280 282 284 287
280 278 276 274
281 283 285 288
281 279 277 275
282 284 287 286
282 280 278 276
283 285 288 290
283 281 279 277
284 287 286 289
284 282 280 278
285 288 290 292
285 283 281 279
286 289 291 293
286 287 284 282
287 286 289 291
287 284 282 280
288 290 292 294
288 285 283 281
289 291 293 295
289 286 287 284
290 292 294 296
290 288 285 283
291 293 295 297
291 289 286 287
292 294 296 298
292 290 288 285
293 295 297 299
293 291 289 286
294 296 298 300
294 292 290 288
295 297 299 301
295 293 291 289
296 298 300 302
296 294 292 290
297 299 301 303
297 295 293 291
298 300 302 304
298 296 294 292
299 301 303 306
299 297 295 293
300 302 304 307
300 298 296 294
301 303 306 305
301 299 297 295
302 304 307 309
302 300 298 296
303 306 305 308
303 301 299 297
304 307 309 311
304 302 300 298
305 308 310 312
305 306 303 301
306 305 308 310
306 303 301 299
307 309 311 313
307 304 302 300
308 310 312 314
308 305 306 303
309 311 313 315
309 307 304 302
310 312 314 316
310 308 305 306
311 313 315 317
311 309 307 304
312 314 316 318
312 310 308 305
313 315 317 319
313 311 309 307
314 316 318 320
314 312 310 308
315 317 319 321
315 313 311 309
316 318 320 322
316 314 312 310
317 319 321 323
317 315 313 311
318 320 322 324
318 316 314 312
319 321 323 325
319 317 315 313
320 322 324 327
320 318 316 314
321 323 325 328
321 319 317 315
322 324 327 326
322 320 318 316
323 325 328 330
323 321 319 317
324 327 326 329
324 322 320 318
325 328 330 332
325 323 321 319
326 329 331 334
326 327 324 322
327 326 329 331
327 324 322 320
328 330 332 333
328 325 323 321
329 331 334 336
329 326 327 324
330 332 333 335
330 328 325 323
331 334 336 338
331 329 326 327
332 333 335 337
332 330 328 325
333 335 337 339
333 332 330 328
334 336 338 340
334 331 329 326
335 337 339 341
335 333 332 330
336 338 340 343
336 334 331 329
337 339 341 342
337 335 333 332
338 340 343 345
338 336 334 331
339 341 342 344
339 337 335 333
340 343 345 347
340 338 336 334
341 342 344 346
341 339 337 335
342 344 346 348
342 341 339 337
343 345 347 349
343 340 338 336
344 346 348 350
344 342 341 339
345 347 349 351
345 343 340 338
346 348 350 352
346 344 342 341
347 349 351 353
347 345 343 340
348 350 352 354
348 346 344 342
349 351 353 355
349 347 345 343
350 352 354 356
350 348 346 344
351 353 355 357
351 349 347 345
352 354 356 358
352 350 348 346
353 355 357 360
353 351 349 347
354 356 358 361
354 352 350 348
355 357 360 359
355 353 351 349
356 358 361 363
356 354 352 350
357 360 359 362
357 355 353 351
358 361 363 365
358 356 354 352
359 362 364 368
359 360 357 355
360 359 362 364
360 357 355 353
361 363 365 366
361 358 356 354
362 364 368 367
362 359 360 357
363 365 366 369
363 361 358 356
364 368 367 370
364 362 359 360
365 366 369 371
365 363 361 358
366 369 371 373
366 365 363 361
367 370 372 374
367 368 364 362
368 367 370 372
368 364 362 359
369 371 373 375
369 366 365 363
370 372 374 377
370 367 368 364
371 373 375 376
371 369 366 365
372 374 377 379
372 370 367 368
373 375 376 378
373 371 369 366
374 377 379 381
374 372 370 367
375 376 378 380
375 373 371 369
376 378 380 382
376 375 373 371
377 379 381 383
377 374 372 370
378 380 382 384
378 376 375 373
379 381 383 385
379 377 374 372
380 382 384 386
380 378 376 375
381 383 385 387
381 379 377 374
382 384 386 388
382 380 378 376
383 385 387 389
383 381 379 377
384 386 388 390
384 382 380 378
385 387 389 391
385 383 381 379
386 388 390 392
386 384 382 380
387 389 391 393
387 385 383 381
388 390 392 394
388 386 384 382
389 391 393 395
389 387 385 383
390 392 394 396
390 388 386 384
391 393 395 397
391 389 387 385
392 394 396 398
392 390 388 386
393 395 397 401
393 391 389 387
394 396 398 399
394 392 390 388
395 397 401 400
395 393 391 389
396 398 399 402
396 394 392 390
397 401 400 403
397 395 393 391
398 399 402 404
398 396 394 392
399 402 404 406
399 398 396 394
400 403 405 407
400 401 397 395
401 400 403 405
401 397 395 393
402 404 406 408
402 399 398 396
403 405 407 410
403 400 401 397
404 406 408 409
404 402 399 398
405 407 410 412
405 403 400 401
406 408 409 411
406 404 402 399
407 410 412 414
407 405 403 400
408 409 411 413
408 406 404 402
409 411 413 415
409 408 406 404
410 412 414 416
410 407 405 403
411 413 415 417
411 409 408 406
412 414 416 418
412 410 407 405
413 415 417 419
413 411 409 408
414 416 418 420
414 412 410 407
415 417 419 421
415 413 411 409
416 418 420 422
416 414 412 410
417 419 421 423
417 415 413 411
418 420 422 424
418 416 414 412
419 421 423 425
419 417 415 413
420 422 424 426
420 418 416 414
421 423 425 427
421 419 417 415
422 424 426 428
422 420 418 416
423 425 427 429
423 421 419 417
424 426 428 430
424 422 420 418
425 427 429 431
425 423 421 419
426 428 430 433
426 424 422 420
427 429 431 432
427 425 423 421
428 430 433 435
428 426 424 422
429 431 432 434
429 427 425 423
430 433 435 437
430 428 426 424
431 432 434 436
431 429 427 425
432 434 436 438
432 431 429 427
433 435 437 440
433 430 428 426
434 436 438 441
434 432 431 429
435 437 440 439
435 433 430 428
436 438 441 442
436 434 432 431
437 440 439 443
437 435 433 430
438 441 442 444
438 436 434 432
439 443 445 447
439 440 437 435
440 439 443 445
440 437 435 433
441 442 444 446
441 438 436 434
442 444 446 448
442 441 438 436
443 445 447 449
443 439 440 437
444 446 448 450
444 442 441 438
445 447 449 451
445 443 439 440
446 448 450 452
446 444 442 441
447 449 451 453
447 445 443 439
448 450 452 454
448 446 444 442
449 451 453 455
449 447 445 443
450 452 454 456
450 448 446 444
451 453 455 457
451 449 447 445
452 454 456 458
452 450 448 446
453 455 457 459
453 451 449 447
454 456 458 460
454 452 450 448
455 457 459 461
455 453 451 449
456 458 460 462
456 454 452 450
457 459 461 463
457 455 453 451
458 460 462 464
458 456 454 452
459 461 463 466
459 457 455 453
460 462 464 465
460 458 456 454
461 463 466 468
461 459 457 455
462 464 465 467
462 460 458 456
463 466 468 470
463 461 459 457
464 465 467 469
464 462 460 458
465 467 469 471
465 464 462 460
466 468 470 472
466 463 461 459
467 469 471 473
467 465 464 462
468 470 472 475
468 466 463 461
469 471 473 474
469 467 465 464
470 472 475 477
470 468 466 463
471 473 474 476
471 469 467 465
472 475 477 479
472 470 468 466
473 474 476 478
473 471 469 467
474 476 478 480
474 473 471 469
475 477 479 481
475 472 470 468
476 478 480 482
476 474 473 471
477 479 481 483
477 475 472 470
478 480 482 484
478 476 474 473
479 481 483 485
479 477 475 472
480 482 484 486
480 478 476 474
481 483 485 487
481 479 477 475
482 484 486 488
482 480 478 476
483 485 487 489
483 481 479 477
484 486 488 490
484 482 480 478
485 487 489 491
485 483 481 479
486 488 490 492
486 484 482 480
487 489 491 493
487 485 483 481
488 490 492 494
488 486 484 482
489 491 493 495
489 487 485 483
490 492 494 496
490 488 486 484
491 493 495 498
491 489 487 485
492 494 496 497
492 490 488 486
493 495 498 500
493 491 489 487
494 496 497 499
494 492 490 488
495 498 500 502
495 493 491 489
496 497 499 501
496 494 492 490
497 499 501 503
497 496 494 492
498 500 502 504
498 495 493 491
499 501 503 505
499 497 496 494
500 502 504 507
500 498 495 493
501 503 505 506
501 499 497 496
502 504 507 509
502 500 498 495
503 505 506 508
503 501 499 497
504 507 509 511
504 502 500 498
505 506 508 510
505 503 501 499
506 508 510 512
506 505 503 501
507 509 511 513
507 504 502 500
508 510 512 514
508 506 505 503
509 511 513 515
509 507 504 502
510 512 514 516
510 508 506 505
511 513 515 517
511 509 507 504
512 514 516 518
512 510 508 506
513 515 517 519
513 511 509 507
514 516 518 520
514 512 510 508
515 517 519 522
515 513 511 509
516 518 520 523
516 514 512 510
517 519 522 521
517 515 513 511
518 520 523 525
518 516 514 512
519 522 521 524
519 517 515 513
520 523 525 527
520 518 516 514
521 524 526 528
521 522 519 517
522 521 524 526
522 519 517 515
523 525 527 529
523 520 518 516
524 526 528 531
524 521 522 519
525 527 529 530
525 523 520 518
526 528 531 533
526 524 521 522
527 529 530 532
527 525 523 520
528 531 533 535
528 526 524 521
529 530 532 534
529 527 525 523
530 532 534 536
530 529 527 525
531 533 535 537
531 528 526 524
532 534 536 538
532 530 529 527
533 535 537 540
533 531 528 526
534 536 538 539
534 532 530 529
535 537 540 542
535 533 531 528
536 538 539 541
536 534 532 530
537 540 542 544
537 535 533 531
538 539 541 543
538 536 534 532
539 541 543 545
539 538 536 534
540 542 544 546
540 537 535 533
541 543 545 547
541 539 538 536
542 544 546 548
542 540 537 535
543 545 547 549
543 541 539 538
544 546 548 550
544 542 540 537
545 547 549 551
545 543 541 539
546 548 550 552
546 544 542 540
547 549 551 553
547 545 543 541
548 550 552 554
548 546 544 542
549 551 553 555
549 547 545 543
550 552 554 556
550 548 546 544
551 553 555 557
551 549 547 545
552 554 556 558
552 550 548 546
553 555 557 559
553 551 549 547
554 556 558 560
554 552 550 548
555 557 559 561
555 553 551 549
556 558 560 562
556 554 552 550
557 559 561 563
557 555 553 551
558 560 562 564
558 556 554 552
559 561 563 565
559 557 555 553
560 562 564 566
560 558 556 554
561 563 565 567
561 559 557 555
562 564 566 568
562 560 558 556
563 565 567 569
563 561 559 557
564 566 568 570
564 562 560 558
565 567 569 571
565 563 561 559
566 568 570 572
566 564 562 560
567 569 571 573
567 565 563 561
568 570 572 574
568 566 564 562
569 571 573 575
569 567 565 563
570 572 574 576
570 568 566 564
571 573 575 577
571 569 567 565
572 574 576 578
572 570 568 566
573 575 577 579
573 571 569 567
574 576 578 580
574 572 570 568
575 577 579 581
575 573 571 569
576 578 580 582
576 574 572 570
577 579 581 583
577 575 573 571
578 580 582 584
578 576 574 572
579 581 583 585
579 577 575 573
580 582 584 586
580 578 576 574
581 583 585 587
581 579 577 575
582 584 586 588
582 580 578 576
583 585 587 589
583 581 579 577
584 586 588 590
584 582 580 578
585 587 589 591
585 583 581 579
586 588 590 592
586 584 582 580
587 589 591 593
587 585 583 581
588 590 592 594
588 586 584 582
589 591 593 595
589 587 585 583
590 592 594 596
590 588 586 584
591 593 595 597
591 589 587 585
592 594 596 598
592 590 588 586
593 595 597 599
593 591 589 587
594 596 598 600
594 592 590 588
595 597 599 601
595 593 591 589
596 598 600 602
596 594 592 590
597 599 601 603
597 595 593 591
598 600 602 604
598 596 594 592
599 601 603 605
599 597 595 593
600 602 604 606
600 598 596 594
601 603 605 607
601 599 597 595
602 604 606 608
602 600 598 596
603 605 607 609
603 601 599 597
604 606 608 610
604 602 600 598
605 607 609 611
605 603 601 599
606 608 610 612
606 604 602 600
607 609 611 613
607 605 603 601
608 610 612 614
608 606 604 602
609 611 613 615
609 607 605 603
610 612 614 616
610 608 606 604
611 613 615 617
611 609 607 605
612 614 616 618
612 610 608 606
613 615 617 619
613 611 609 607
614 616 618 620
614 612 610 608
615 617 619 621
615 613 611 609
616 618 620 622
616 614 612 610
617 619 621 623
617 615 613 611
618 620 622 624
618 616 614 612
619 621 623 625
619 617 615 613
620 622 624 626
620 618 616 614
621 623 625 627
621 619 617 615
622 624 626 628
622 620 618 616
623 625 627 629
623 621 619 617
624 626 628 630
624 622 620 618
625 627 629 631
625 623 621 619
626 628 630 632
626 624 622 620
627 629 631 633
627 625 623 621
628 630 632 634
628 626 624 622
629 631 633 635
629 627 625 623
630 632 634 636
630 628 626 624
631 633 635 637
631 629 627 625
632 634 636 638
632 630 628 626
633 635 637 639
633 631 629 627
634 636 638 640
634 632 630 628
635 637 639 641
635 633 631 629
636 638 640 642
636 634 632 630
637 639 641 643
637 635 633 631
638 640 642 644
638 636 634 632
639 641 643 645
639 637 635 633
640 642 644 646
640 638 636 634
641 643 645 647
641 639 637 635
642 644 646 648
642 640 638 636
643 645 647 649
643 641 639 637
644 646 648 650
644 642 640 638
645 647 649 651
645 643 641 639
646 648 650 652
646 644 642 640
647 649 651 653
647 645 643 641
648 650 652 654
648 646 644 642
649 651 653 655
649 647 645 643
650 652 654 656
650 648 646 644
651 653 655 657
651 649 647 645
652 654 656 658
652 650 648 646
653 655 657 659
653 651 649 647
654 656 658 660
654 652 650 648
655 657 659 661
655 653 651 649
656 658 660 662
656 654 652 650
657 659 661 663
657 655 653 651
658 660 662 664
658 656 654 652
659 661 663 665
659 657 655 653
660 662 664 666
660 658 656 654
661 663 665 667
661 659 657 655
662 664 666 668
662 660 658 656
663 665 667 669
663 661 659 657
664 666 668 670
664 662 660 658
665 667 669 671
665 663 661 659
666 668 670 672
666 664 662 660
667 669 671 673
667 665 663 661
668 670 672 674
668 666 664 662
669 671 673 675
669 667 665 663
670 672 674 676
670 668 666 664
671 673 675 677
671 669 667 665
672 674 676 678
672 670 668 666
673 675 677 679
673 671 669 667
674 676 678 680
674 672 670 668
675 677 679 681
675 673 671 669
676 678 680 682
676 674 672 670
677 679 681 683
677 675 673 671
678 680 682 684
678 676 674 672
679 681 683 685
679 677 675 673
680 682 684 686
680 678 676 674
681 683 685 687
681 679 677 675
682 684 686 688
682 680 678 676
683 685 687 689
683 681 679 677
684 686 688 690
684 682 680 678
685 687 689 691
685 683 681 679
686 688 690 692
686 684 682 680
687 689 691 693
687 685 683 681
688 690 692 694
688 686 684 682
689 691 693 695
689 687 685 683
690 692 694 696
690 688 686 684
691 693 695 698
691 689 687 685
692 694 696 699
692 690 688 686
693 695 698 697
693 691 689 687
694 696 699 701
694 692 690 688
695 698 697 700
695 693 691 689
696 699 701 703
696 694 692 690
697 700 702 704
697 698 695 693
698 697 700 702
698 695 693 691
699 701 703 705
699 696 694 692
700 702 704 706
700 697 698 695
701 703 705 707
701 699 696 694
702 704 706 708
702 700 697 698
703 705 707 709
703 701 699 696
704 706 708 710
704 702 700 697
705 707 709 711
705 703 701 699
706 708 710 712
706 704 702 700
707 709 711 713
707 705 703 701
708 710 712 714
708 706 704 702
709 711 713 715
709 707 705 703
710 712 714 716
710 708 706 704
711 713 715 717
711 709 707 705
712 714 716 718
712 710 708 706
713 715 717 719
713 711 709 707
714 716 718 720
714 712 710 708
715 717 719 721
715 713 711 709
716 718 720 722
716 714 712 710
717 719 721 723
717 715 713 711
718 720 722 724
718 716 714 712
719 721 723 725
719 717 715 713
720 722 724 726
720 718 716 714
721 723 725 727
721 719 717 715
722 724 726 728
722 720 718 716
723 725 727 729
723 721 719 717
724 726 728 730
724 722 720 718
725 727 729 731
725 723 721 719
726 728 730 732
726 724 722 720
727 729 731 733
727 725 723 721
728 730 732 734
728 726 724 722
729 731 733 735
729 727 725 723
730 732 734 736
730 728 726 724
731 733 735 737
731 729 727 725
732 734 736 738
732 730 728 726
733 735 737 739
733 731 729 727
734 736 738 740
734 732 730 728
735 737 739 741
735 733 731 729
736 738 740 742
736 734 732 730
737 739 741 743
737 735 733 731
738 740 742 744
738 736 734 732
739 741 743 745
739 737 735 733
740 742 744 746
740 738 736 734
741 743 745 747
741 739 737 735
742 744 746 748
742 740 738 736
743 745 747 749
743 741 739 737
744 746 748 750
744 742 740 738
745 747 749 751
745 743 741 739
746 748 750 752
746 744 742 740
747 749 751 753
747 745 743 741
748 750 752 755
748 746 744 742
749 751 753 756
749 747 745 743
750 752 755 754
750 748 746 744
751 753 756 758
751 749 747 745
752 755 754 757
752 750 748 746
753 756 758 760
753 751 749 747
754 757 759 761
754 755 752 750
755 754 757 759
755 752 750 748
756 758 760 762
756 753 751 749
757 759 761 763
757 754 755 752
758 760 762 764
758 756 753 751
759 761 763 766
759 757 754 755
760 762 764 767
760 758 756 753
761 763 766 765
761 759 757 754
762 764 767 769
762 760 758 756
763 766 765 768
763 761 759 757
764 767 769 771
764 762 760 758
765 768 770 772
765 766 763 761
766 765 768 770
766 763 761 759
767 769 771 773
767 764 762 760
768 770 772 774
768 765 766 763
769 771 773 775
769 767 764 762
770 772 774 776
770 768 765 766
771 773 775 777
771 769 767 764
772 774 776 778
772 770 768 765
773 775 777 779
773 771 769 767
774 776 778 780
774 772 770 768
775 777 779 781
775 773 771 769
776 778 780 782
776 774 772 770
777 779 781 783
777 775 773 771
778 780 782 784
778 776 774 772
779 781 783 785
779 777 775 773
780 782 784 786
780 778 776 774
781 783 785 787
781 779 777 775
782 784 786 788
782 780 778 776
783 785 787 789
783 781 779 777
784 786 788 790
784 782 780 778
785 787 789 791
785 783 781 779
786 788 790 792
786 784 782 780
787 789 791 793
787 785 783 781
788 790 792 794
788 786 784 782
789 791 793 795
789 787 785 783
790 792 794 796
790 788 786 784
791 793 795 797
791 789 787 785
792 794 796 798
792 790 788 786
793 795 797 799
793 791 789 787
794 796 798 800
794 792 790 788
795 797 799 801
795 793 791 789
796 798 800 802
796 794 792 790
797 799 801 803
797 795 793 791
798 800 802 804
798 796 794 792
799 801 803 805
799 797 795 793
800 802 804 806
800 798 796 794
801 803 805 807
801 799 797 795
802 804 806 808
802 800 798 796
803 805 807 809
803 801 799 797
804 806 808 810
804 802 800 798
805 807 809 811
805 803 801 799
806 808 810 813
806 804 802 800
807 809 811 814
807 805 803 801
808 810 813 812
808 806 804 802
809 811 814 816
809 807 805 803
810 813 812 815
810 808 806 804
811 814 816 818
811 809 807 805
812 815 817 819
812 813 810 808
813 812 815 817
813 810 808 806
814 816 818 820
814 811 809 807
815 817 819 821
815 812 813 810
816 818 820 822
816 814 811 809
817 819 821 823
817 815 812 813
818 820 822 824
818 816 814 811
819 821 823 825
819 817 815 812
820 822 824 826
820 818 816 814
821 823 825 827
821 819 817 815
822 824 826 828
822 820 818 816
823 825 827 830
823 821 819 817
824 826 828 829
824 822 820 818
825 827 830 832
825 823 821 819
826 828 829 831
826 824 822 820
827 830 832 834
827 825 823 821
828 829 831 833
828 826 824 822
829 831 833 835
829 828 826 824
830 832 834 836
830 827 825 823
831 833 835 837
831 829 828 826
832 834 836 838
832 830 827 825
833 835 837 839
833 831 829 828
834 836 838 840
834 832 830 827
835 837 839 841
835 833 831 829
836 838 840 842
836 834 832 830
837 839 841 843
837 835 833 831
838 840 842 844
838 836 834 832
839 841 843 845
839 837 835 833
840 842 844 846
840 838 836 834
841 843 845 847
841 839 837 835
842 844 846 848
842 840 838 836
843 845 847 849
843 841 839 837
844 846 848 851
844 842 840 838
845 847 849 850
845 843 841 839
846 848 851 853
846 844 842 840
847 849 850 852
847 845 843 841
848 851 853 855
848 846 844 842
849 850 852 854
849 847 845 843
850 852 854 856
850 849 847 845
851 853 855 857
851 848 846 844
852 854 856 858
852 850 849 847
853 855 857 859
853 851 848 846
854 856 858 860
854 852 850 849
855 857 859 861
855 853 851 848
856 858 860 862
856 854 852 850
857 859 861 863
857 855 853 851
858 860 862 864
858 856 854 852
859 861 863 865
859 857 855 853
860 862 864 866
860 858 856 854
861 863 865 867
861 859 857 855
862 864 866 868
862 860 858 856
863 865 867 869
863 861 859 857
864 866 868 870
864 862 860 858
865 867 869 872
865 863 861 859
866 868 870 873
866 864 862 860
867 869 872 871
867 865 863 861
868 870 873 875
868 866 864 862
869 872 871 874
869 867 865 863
870 873 875 877
870 868 866 864
871 874 876 878
871 872 869 867
872 871 874 876
872 869 867 865
873 875 877 879
873 870 868 866
874 876 878 880
874 871 872 869
875 877 879 881
875 873 870 868
876 878 880 882
876 874 871 872
877 879 881 883
877 875 873 870
878 880 882 884
878 876 874 871
879 881 883 885
879 877 875 873
880 882 884 886
880 878 876 874
881 883 885 887
881 879 877 875
882 884 886 888
882 880 878 876
883 885 887 889
883 881 879 877
884 886 888 890
884 882 880 878
885 887 889 891
885 883 881 879
886 888 890 892
886 884 882 880
887 889 891 893
887 885 883 881
888 890 892 894
888 886 884 882
889 891 893 895
889 887 885 883
890 892 894 896
890 888 886 884
891 893 895 897
891 889 887 885
892 894 896 898
892 890 888 886
893 895 897 899
893 891 889 887
894 896 898 900
894 892 890 888
895 897 899 901
895 893 891 889
896 898 900 902
896 894 892 890
897 899 901 903
897 895 893 891
898 900 902 904
898 896 894 892
899 901 903 905
899 897 895 893
900 902 904 906
900 898 896 894
901 903 905 907
901 899 897 895
902 904 906 908
902 900 898 896
903 905 907 909
903 901 899 897
904 906 908 910
904 902 900 898
905 907 909 911
905 903 901 899
906 908 910 913
906 904 902 900
907 909 911 914
907 905 903 901
908 910 913 916
908 906 904 902
909 911 914 917
909 907 905 903
910 913 916 918
910 908 906 904
911 914 917 919
911 909 907 905
913 916 918 920
913 910 908 906
914 917 919 921
914 911 909 907
916 918 920 922
916 913 910 908
917 919 921 923
917 914 911 909
918 920 922 924
918 916 913 910
919 921 923 925
919 917 914 911
920 922 924 926
920 918 916 913
921 923 925 927
921 919 917 914
922 924 926 928
922 920 918 916
923 925 927 929
923 921 919 917
924 926 928 930
924 922 920 918
925 927 929 931
925 923 921 919
926 928 930 932
926 924 922 920
927 929 931 933
927 925 923 921
928 930 932 934
928 926 924 922
929 931 933 935
929 927 925 923
930 932 934 936
930 928 926 924
931 933 935 937
931 929 927 925
932 934 936 938
932 930 928 926
933 935 937 939
933 931 929 927
934 936 938 940
934 932 930 928
935 937 939 941
935 933 931 929
936 938 940 942
936 934 932 930
937 939 941 943
937 935 933 931
938 940 942 944
938 936 934 932
939 941 943 945
939 937 935 933
940 942 944 946
940 938 936 934
941 943 945 947
941 939 937 935
942 944 946 948
942 940 938 936
943 945 947 949
943 941 939 937
944 946 948 950
944 942 940 938
945 947 949 951
945 943 941 939
946 948 950 952
946 944 942 940
947 949 951 953
947 945 943 941
948 950 952 954
948 946 944 942
949 951 953 955
949 947 945 943
950 952 954 956
950 948 946 944
951 953 955 957
951 949 947 945
952 954 956 958
952 950 948 946
953 955 957 959
953 951 949 947
954 956 958 960
954 952 950 948
955 957 959 961
955 953 951 949
956 958 960 962
956 954 952 950
957 959 961 963
957 955 953 951
958 960 962 964
958 956 954 952
959 961 963 965
959 957 955 953
960 962 964 967
960 958 956 954
961 963 965 966
961 959 957 955
962 964 967 969
962 960 958 956
963 965 966 968
963 961 959 957
964 967 969 971
964 962 960 958
965 966 968 970
965 963 961 959
966 968 970 972
966 965 963 961
967 969 971 973
967 964 962 960
968 970 972 974
968 966 965 963
969 971 973 975
969 967 964 962
970 972 974 976
970 968 966 965
971 973 975 977
971 969 967 964
972 974 976 978
972 970 968 966
973 975 977 980
973 971 969 967
974 976 978 981
974 972 970 968
975 977 980 979
975 973 971 969
976 978 981 983
976 974 972 970
977 980 979 982
977 975 973 971
978 981 983 984
978 976 974 972
979 982 985 987
979 980 977 975
980 979 982 985
980 977 975 973
981 983 984 986
981 978 976 974
982 985 987 989
982 979 980 977
983 984 986 988
983 981 978 976
984 986 988 990
984 983 981 978
985 987 989 991
985 982 979 980
986 988 990 992
986 984 983 981
987 989 991 993
987 985 982 979
988 990 992 994
988 986 984 983
989 991 993 995
989 987 985 982
990 992 994 996
990 988 986 984
991 993 995 997
991 989 987 985
992 994 996 998
992 990 988 986
993 995 997 1000
993 991 989 987
994 996 998 999
994 992 990 988
995 997 1000 1002
995 993 991 989
996 998 999 1001
996 994 992 990
997 1000 1002 1004
997 995 993 991
998 999 1001 1003
998 996 994 992
999 1001 1003 1005
999 998 996 994
1000 1002 1004 1007
1000 997 995 993
1001 1003 1005 1006
1001 999 998 996
1002 1004 1007 1009
1002 1000 997 995
1003 1005 1006 1008
1003 1001 999 998
1004 1007 1009 1011
1004 1002 1000 997
1005 1006 1008 1010
1005 1003 1001 999
1006 1008 1010 1012
1006 1005 1003 1001
1007 1009 1011 1013
1007 1004 1002 1000
1008 1010 1012 1014
1008 1006 1005 1003
1009 1011 1013 1015
1009 1007 1004 1002
1010 1012 1014 1016
1010 1008 1006 1005
1011 1013 1015 1017
1011 1009 1007 1004
1012 1014 1016 1018
1012 1010 1008 1006
1013 1015 1017 1019
1013 1011 1009 1007
1014 1016 1018 1020
1014 1012 1010 1008
1015 1017 1019 1021
1015 1013 1011 1009
1016 1018 1020 1022
1016 1014 1012 1010
1017 1019 1021 1023
1017 1015 1013 1011
1018 1020 1022 1024
1018 1016 1014 1012
1019 1021 1023 1025
1019 1017 1015 1013
1020 1022 1024 1026
1020 1018 1016 1014
1021 1023 1025 1027
1021 1019 1017 1015
1022 1024 1026 1028
1022 1020 1018 1016
1023 1025 1027 1030
1023 1021 1019 1017
1024 1026 1028 1031
1024 1022 1020 1018
1025 1027 1030 1029
1025 1023 1021 1019
1026 1028 1031 1033
1026 1024 1022 1020
1027 1030 1029 1032
1027 1025 1023 1021
1028 1031 1033 1035
1028 1026 1024 1022
1029 1032 1034 1036
1029 1030 1027 1025
1030 1029 1032 1034
1030 1027 1025 1023
1031 1033 1035 1037
1031 1028 1026 1024
1032 1034 1036 1039
1032 1029 1030 1027
1033 1035 1037 1038
1033 1031 1028 1026
1034 1036 1039 1042
1034 1032 1029 1030
1035 1037 1038 1040
1035 1033 1031 1028
1036 1039 1042 1041
1036 1034 1032 1029
1037 1038 1040 1043
1037 1035 1033 1031
1038 1040 1043 1045
1038 1037 1035 1033
1039 1042 1041 1044
1039 1036 1034 1032
1040 1043 1045 1047
1040 1038 1037 1035
1041 1044 1046 1048
1041 1042 1039 1036
1042 1041 1044 1046
1042 1039 1036 1034
1043 1045 1047 1049
1043 1040 1038 1037
1044 1046 1048 1050
1044 1041 1042 1039
1045 1047 1049 1051
1045 1043 1040 1038
1046 1048 1050 1052
1046 1044 1041 1042
1047 1049 1051 1053
1047 1045 1043 1040
1048 1050 1052 1054
1048 1046 1044 1041
1049 1051 1053 1055
1049 1047 1045 1043
1050 1052 1054 1056
1050 1048 1046 1044
1051 1053 1055 1057
1051 1049 1047 1045
1052 1054 1056 1058
1052 1050 1048 1046
1053 1055 1057 1059
1053 1051 1049 1047
1054 1056 1058 1061
1054 1052 1050 1048
1055 1057 1059 1060
1055 1053 1051 1049
1056 1058 1061 1063
1056 1054 1052 1050
1057 1059 1060 1062
1057 1055 1053 1051
1058 1061 1063 1065
1058 1056 1054 1052
1059 1060 1062 1064
1059 1057 1055 1053
1060 1062 1064 1066
1060 1059 1057 1055
1061 1063 1065 1067
1061 1058 1056 1054
1062 1064 1066 1068
1062 1060 1059 1057
1063 1065 1067 1069
1063 1061 1058 1056
1064 1066 1068 1070
1064 1062 1060 1059
1065 1067 1069 1071
1065 1063 1061 1058
1066 1068 1070 1072
1066 1064 1062 1060
1067 1069 1071 1073
1067 1065 1063 1061
1068 1070 1072 1074
1068 1066 1064 1062
1069 1071 1073 1075
1069 1067 1065 1063
1070 1072 1074 1076
1070 1068 1066 1064
1071 1073 1075 1077
1071 1069 1067 1065
1072 1074 1076 1078
1072 1070 1068 1066
1073 1075 1077 1079
1073 1071 1069 1067
1074 1076 1078 1080
1074 1072 1070 1068
1075 1077 1079 1081
1075 1073 1071 1069
1076 1078 1080 1082
1076 1074 1072 1070
1077 1079 1081 1083
1077 1075 1073 1071
1078 1080 1082 1084
1078 1076 1074 1072
1079 1081 1083 1085
1079 1077 1075 1073
1080 1082 1084 1086
1080 1078 1076 1074
1081 1083 1085 1087
1081 1079 1077 1075
1082 1084 1086 1088
1082 1080 1078 1076
1083 1085 1087 1089
1083 1081 1079 1077
1084 1086 1088 1090
1084 1082 1080 1078
1085 1087 1089 1091
1085 1083 1081 1079
1086 1088 1090 1092
1086 1084 1082 1080
1087 1089 1091 1094
1087 1085 1083 1081
1088 1090 1092 1093
1088 1086 1084 1082
1089 1091 1094 1096
1089 1087 1085 1083
1090 1092 1093 1095
1090 1088 1086 1084
1091 1094 1096 1099
1091 1089 1087 1085
1092 1093 1095 1097
1092 1090 1088 1086
1093 1095 1097 1098
1093 1092 1090 1088
1094 1096 1099 1102
1094 1091 1089 1087
1095 1097 1098 1100
1095 1093 1092 1090
1096 1099 1102 1101
1096 1094 1091 1089
1097 1098 1100 1103
1097 1095 1093 1092
1098 1100 1103 1105
1098 1097 1095 1093
1099 1102 1101 1104
1099 1096 1094 1091
1100 1103 1105 1106
1100 1098 1097 1095
1101 1104 1107 1109
1101 1102 1099 1096
1102 1101 1104 1107
1102 1099 1096 1094
1103 1105 1106 1108
1103 1100 1098 1097
1104 1107 1109 1111
1104 1101 1102 1099
1105 1106 1108 1110
1105 1103 1100 1098
1106 1108 1110 1112
1106 1105 1103 1100
1107 1109 1111 1114
1107 1104 1101 1102
1108 1110 1112 1113
1108 1106 1105 1103
1109 1111 1114 1117
1109 1107 1104 1101
1110 1112 1113 1115
1110 1108 1106 1105
1111 1114 1117 1119
1111 1109 1107 1104
1112 1113 1115 1116
1112 1110 1108 1106
1113 1115 1116 1118
1113 1112 1110 1108
1114 1117 1119 1121
1114 1111 1109 1107
1115 1116 1118 1120
1115 1113 1112 1110
1116 1118 1120 1122
1116 1115 1113 1112
1117 1119 1121 1124
1117 1114 1111 1109
1118 1120 1122 1123
1118 1116 1115 1113
1119 1121 1124 1127
1119 1117 1114 1111
1120 1122 1123 1125
1120 1118 1116 1115
1121 1124 1127 1130
1121 1119 1117 1114
1122 1123 1125 1126
1122 1120 1118 1116
1123 1125 1126 1128
1123 1122 1120 1118
1124 1127 1130 1133
1124 1121 1119 1117
1125 1126 1128 1129
1125 1123 1122 1120
1126 1128 1129 1131
1126 1125 1123 1122
1127 1130 1133 1136
1127 1124 1121 1119
1128 1129 1131 1132
1128 1126 1125 1123
1129 1131 1132 1134
1129 1128 1126 1125
1130 1133 1136 1139
1130 1127 1124 1121
1131 1132 1134 1135
1131 1129 1128 1126
1132 1134 1135 1137
1132 1131 1129 1128
1133 1136 1139 1142
1133 1130 1127 1124
1134 1135 1137 1138
1134 1132 1131 1129
1135 1137 1138 1140
1135 1134 1132 1131
1136 1139 1142 1145
1136 1133 1130 1127
1137 1138 1140 1141
1137 1135 1134 1132
1138 1140 1141 1143
1138 1137 1135 1134
1139 1142 1145 1148
1139 1136 1133 1130
1140 1141 1143 1144
1140 1138 1137 1135
1141 1143 1144 1146
1141 1140 1138 1137
1142 1145 1148 1151
1142 1139 1136 1133
1143 1144 1146 1147
1143 1141 1140 1138
1144 1146 1147 1149
1144 1143 1141 1140
1145 1148 1151 1154
1145 1142 1139 1136
1146 1147 1149 1150
1146 1144 1143 1141
1147 1149 1150 1152
1147 1146 1144 1143
1148 1151 1154 1157
1148 1145 1142 1139
1149 1150 1152 1153
1149 1147 1146 1144
1150 1152 1153 1155
1150 1149 1147 1146
1151 1154 1157 1161
1151 1148 1145 1142
1152 1153 1155 1156
1152 1150 1149 1147
1153 1155 1156 1158
1153 1152 1150 1149
1154 1157 1161 1167
1154 1151 1148 1145
1155 1156 1158 1159
1155 1153 1152 1150
1156 1158 1159 1160
1156 1155 1153 1152
1157 1161 1167 1166
1157 1154 1151 1148
1158 1159 1160 1162
1158 1156 1155 1153
1159 1160 1162 1163
1159 1158 1156 1155
1160 1162 1163 1164
1160 1159 1158 1156
1161 1167 1166 1174
1161 1157 1154 1151
1162 1163 1164 1165
1162 1160 1159 1158
1163 1164 1165 1168
1163 1162 1160 1159
1164 1165 1168 1169
1164 1163 1162 1160
1165 1168 1169 1170
1165 1164 1163 1162
1166 1174 1173 1189
1166 1167 1161 1157
1167 1166 1174 1173
1167 1161 1157 1154
1168 1169 1170 1171
1168 1165 1164 1163
1169 1170 1171 1172
1169 1168 1165 1164
1170 1171 1172 1175
1170 1169 1168 1165
1171 1172 1175 1176
1171 1170 1169 1168
1172 1175 1176 1177
1172 1171 1170 1169
1173 1189 1188 1187
1173 1174 1166 1167
1174 1173 1189 1188
1174 1166 1167 1161
1175 1176 1177 1178
1175 1172 1171 1170
1176 1177 1178 1179
1176 1175 1172 1171
1177 1178 1179 1180
1177 1176 1175 1172
1178 1179 1180 1181
1178 1177 1176 1175
1179 1180 1181 1182
1179 1178 1177 1176
1180 1181 1182 1183
1180 1179 1178 1177
1181 1182 1183 1184
1181 1180 1179 1178
1182 1183 1184 1190
1182 1181 1180 1179
1183 1184 1190 1191
1183 1182 1181 1180
1184 1190 1191 1192
1184 1183 1182 1181
1185 1221 1220 1219
1185 1186 1187 1188
1186 1185 1221 1220
1186 1187 1188 1189
1187 1186 1185 1221
1187 1188 1189 1173
1188 1187 1186 1185
1188 1189 1173 1174
1189 1188 1187 1186
1189 1173 1174 1166
1190 1191 1192 1193
1190 1184 1183 1182
1191 1192 1193 1194
1191 1190 1184 1183
1192 1193 1194 1195
1192 1191 1190 1184
1193 1194 1195 1196
1193 1192 1191 1190
1194 1195 1196 1197
1194 1193 1192 1191
1195 1196 1197 1198
1195 1194 1193 1192
1196 1197 1198 1222
1196 1195 1194 1193
1197 1198 1222 1223
1197 1196 1195 1194
1198 1222 1223 1224
1198 1197 1196 1195
1199 1270 1269 1268
1199 1200 1201 1202
1200 1199 1270 1269
1200 1201 1202 1203
1201 1200 1199 1270
1201 1202 1203 1204
1202 1201 1200 1199
1202 1203 1204 1205
1203 1202 1201 1200
1203 1204 1205 1206
1204 1203 1202 1201
1204 1205 1206 1207
1205 1204 1203 1202
1205 1206 1207 1208
1206 1205 1204 1203
1206 1207 1208 1209
1207 1206 1205 1204
1207 1208 1209 1210
1208 1207 1206 1205
1208 1209 1210 1211
1209 1208 1207 1206
1209 1210 1211 1212
1210 1209 1208 1207
1210 1211 1212 1213
1211 1210 1209 1208
1211 1212 1213 1214
1212 1211 1210 1209
1212 1213 1214 1215
1213 1212 1211 1210
1213 1214 1215 1216
1214 1213 1212 1211
1214 1215 1216 1217
1215 1214 1213 1212
1215 1216 1217 1218
1216 1215 1214 1213
1216 1217 1218 1219
1217 1216 1215 1214
1217 1218 1219 1220
1218 1217 1216 1215
1218 1219 1220 1221
1219 1218 1217 1216
1219 1220 1221 1185
1220 1219 1218 1217
1220 1221 1185 1186
1221 1220 1219 1218
1221 1185 1186 1187
1222 1223 1224 1225
1222 1198 1197 1196
1223 1224 1225 1226
1223 1222 1198 1197
1224 1225 1226 1227
1224 1223 1222 1198
1225 1226 1227 1228
1225 1224 1223 1222
1226 1227 1228 1229
1226 1225 1224 1223
1227 1228 1229 1230
1227 1226 1225 1224
1228 1229 1230 1231
1228 1227 1226 1225
1229 1230 1231 1232
1229 1228 1227 1226
1230 1231 1232 1233
1230 1229 1228 1227
1231 1232 1233 1234
1231 1230 1229 1228
1232 1233 1234 1235
1232 1231 1230 1229
1233 1234 1235 1236
1233 1232 1231 1230
1234 1235 1236 1237
1234 1233 1232 1231
1235 1236 1237 1238
1235 1234 1233 1232
1236 1237 1238 1239
1236 1235 1234 1233
1237 1238 1239 1271
1237 1236 1235 1234
1238 1239 1271 1272
1238 1237 1236 1235
1239 1271 1272 1273
1239 1238 1237 1236
1240 1309 1308 1307
1240 1241 1242 1243
1241 1240 1309 1308
1241 1242 1243 1244
1242 1241 1240 1309
1242 1243 1244 1245
1243 1242 1241 1240
1243 1244 1245 1246
1244 1243 1242 1241
1244 1245 1246 1247
1245 1244 1243 1242
1245 1246 1247 1248
1246 1245 1244 1243
1246 1247 1248 1249
1247 1246 1245 1244
1247 1248 1249 1250
1248 1247 1246 1245
1248 1249 1250 1251
1249 1248 1247 1246
1249 1250 1251 1252
1250 1249 1248 1247
1250 1251 1252 1253
1251 1250 1249 1248
1251 1252 1253 1254
1252 1251 1250 1249
1252 1253 1254 1255
1253 1252 1251 1250
1253 1254 1255 1256
1254 1253 1252 1251
1254 1255 1256 1257
1255 1254 1253 1252
1255 1256 1257 1258
1256 1255 1254 1253
1256 1257 1258 1259
1257 1256 1255 1254
1257 1258 1259 1260
1258 1257 1256 1255
1258 1259 1260 1261
1259 1258 1257 1256
1259 1260 1261 1262
1260 1259 1258 1257
1260 1261 1262 1263
1261 1260 1259 1258
1261 1262 1263 1264
1262 1261 1260 1259
1262 1263 1264 1265
1263 1262 1261 1260
1263 1264 1265 1266
1264 1263 1262 1261
1264 1265 1266 1267
1265 1264 1263 1262
1265 1266 1267 1268
1266 1265 1264 1263
1266 1267 1268 1269
1267 1266 1265 1264
1267 1268 1269 1270
1268 1267 1266 1265
1268 1269 1270 1199
1269 1268 1267 1266
1269 1270 1199 1200
1270 1269 1268 1267
1270 1199 1200 1201
1271 1272 1273 1274
1271 1239 1238 1237
1272 1273 1274 1275
1272 1271 1239 1238
1273 1274 1275 1276
1273 1272 1271 1239
1274 1275 1276 1277
1274 1273 1272 1271
1275 1276 1277 1278
1275 1274 1273 1272
1276 1277 1278 1279
1276 1275 1274 1273
1277 1278 1279 1280
1277 1276 1275 1274
1278 1279 1280 1281
1278 1277 1276 1275
1279 1280 1281 1282
1279 1278 1277 1276
1280 1281 1282 1283
1280 1279 1278 1277
1281 1282 1283 1284
1281 1280 1279 1278
1282 1283 1284 1285
1282 1281 1280 1279
1283 1284 1285 1286
1283 1282 1281 1280
1284 1285 1286 1310
1284 1283 1282 1281
1285 1286 1310 1311
1285 1284 1283 1282
1286 1310 1311 1312
1286 1285 1284 1283
1287 1359 1358 1357
1287 1288 1289 1290
1288 1287 1359 1358
1288 1289 1290 1291
1289 1288 1287 1359
1289 1290 1291 1292
1290 1289 1288 1287
1290 1291 1292 1293
1291 1290 1289 1288
1291 1292 1293 1294
1292 1291 1290 1289
1292 1293 1294 1295
1293 1292 1291 1290
1293 1294 1295 1296
1294 1293 1292 1291
1294 1295 1296 1297
1295 1294 1293 1292
1295 1296 1297 1298
1296 1295 1294 1293
1296 1297 1298 1299
1297 1296 1295 1294
1297 1298 1299 1300
1298 1297 1296 1295
1298 1299 1300 1301
1299 1298 1297 1296
1299 1300 1301 1302
1300 1299 1298 1297
1300 1301 1302 1303
1301 1300 1299 1298
1301 1302 1303 1304
1302 1301 1300 1299
1302 1303 1304 1305
1303 1302 1301 1300
1303 1304 1305 1306
1304 1303 1302 1301
1304 1305 1306 1307
1305 1304 1303 1302
1305 1306 1307 1308
1306 1305 1304 1303
1306 1307 1308 1309
1307 1306 1305 1304
1307 1308 1309 1240
1308 1307 1306 1305
1308 1309 1240 1241
1309 1308 1307 1306
1309 1240 1241 1242
1310 1311 1312 1313
1310 1286 1285 1284
1311 1312 1313 1314
1311 1310 1286 1285
1312 1313 1314 1315
1312 1311 1310 1286
1313 1314 1315 1316
1313 1312 1311 1310
1314 1315 1316 1317
1314 1313 1312 1311
1315 1316 1317 1318
1315 1314 1313 1312
1316 1317 1318 1319
1316 1315 1314 1313
1317 1318 1319 1320
1317 1316 1315 1314
1318 1319 1320 1321
1318 1317 1316 1315
1319 1320 1321 1322
1319 1318 1317 1316
1320 1321 1322 1323
1320 1319 1318 1317
1321 1322 1323 1324
1321 1320 1319 1318
1322 1323 1324 1325
1322 1321 1320 1319
1323 1324 1325 1326
1323 1322 1321 1320
1324 1325 1326 1327
1324 1323 1322 1321
1325 1326 1327 1328
1325 1324 1323 1322
1326 1327 1328 1329
1326 1325 1324 1323
1327 1328 1329 1330
1327 1326 1325 1324
1328 1329 1330 1331
1328 1327 1326 1325
1329 1330 1331 1332
1329 1328 1327 1326
1330 1331 1332 1333
1330 1329 1328 1327
1331 1332 1333 1334
1331 1330 1329 1328
1332 1331 1330 1329
1332 1333 1334 1335
1333 1332 1331 1330
1333 1334 1335 1336
1334 1333 1332 1331
1334 1335 1336 1337
1335 1334 1333 1332
1335 1336 1337 1338
1336 1335 1334 1333
1336 1337 1338 1339
1337 1336 1335 1334
1337 1338 1339 1340
1338 1337 1336 1335
1338 1339 1340 1341
1339 1338 1337 1336
1339 1340 1341 1342
1340 1339 1338 1337
1340 1341 1342 1343
1341 1340 1339 1338
1341 1342 1343 1344
1342 1341 1340 1339
1342 1343 1344 1345
1343 1342 1341 1340
1343 1344 1345 1346
1344 1343 1342 1341
1344 1345 1346 1347
1345 1344 1343 1342
1345 1346 1347 1348
1346 1345 1344 1343
1346 1347 1348 1349
1347 1346 1345 1344
1347 1348 1349 1350
1348 1347 1346 1345
1348 1349 1350 1351
1349 1348 1347 1346
1349 1350 1351 1352
1350 1349 1348 1347
1350 1351 1352 1353
1351 1350 1349 1348
1351 1352 1353 1354
1352 1351 1350 1349
1352 1353 1354 1355
1353 1352 1351 1350
1353 1354 1355 1356
1354 1353 1352 1351
1354 1355 1356 1357
1355 1354 1353 1352
1355 1356 1357 1358
1356 1355 1354 1353
1356 1357 1358 1359
1357 1356 1355 1354
1357 1358 1359 1287
1358 1357 1356 1355
1358 1359 1287 1288
1359 1358 1357 1356
1359 1287 1288 1289
