0 29 28 27
0 1 2 3
1 0 29 28
1 2 3 4
2 1 0 29
2 3 4 5
3 2 1 0
3 4 5 6
4 3 2 1
4 5 6 7
5 4 3 2
5 6 7 30
6 7 30 31
6 5 4 3
7 30 31 32
7 6 5 4
8 62 61 60
8 9 10 11
9 8 62 61
9 10 11 12
10 9 8 62
10 11 12 13
11 10 9 8
11 12 13 14
12 11 10 9
12 13 14 15
13 12 11 10
13 14 15 16
14 13 12 11
14 15 16 17
15 14 13 12
15 16 17 18
16 15 14 13
16 17 18 19
17 16 15 14
17 18 19 20
18 17 16 15
18 19 20 21
19 18 17 16
19 20 21 22
20 19 18 17
20 21 22 23
21 20 19 18
21 22 23 24
22 21 20 19
22 23 24 25
23 22 21 20
23 24 25 26
24 23 22 21
24 25 26 27
25 24 23 22
25 26 27 28
26 25 24 23
26 27 28 29
27 26 25 24
27 28 29 0
28 27 26 25
28 29 0 1
29 28 27 26
29 0 1 2
30 31 32 63
30 7 6 5
31 32 63 64
31 30 7 6
32 63 64 89
32 31 30 7
33 88 87 86
33 34 35 36
34 33 88 87
34 35 36 37
35 34 33 88
35 36 37 38
36 35 34 33
36 37 38 39
37 36 35 34
37 38 39 40
38 37 36 35
38 39 40 41
39 38 37 36
39 40 41 42
40 39 38 37
40 41 42 43
41 40 39 38
41 42 43 44
42 41 40 39
42 43 44 45
43 42 41 40
43 44 45 46
44 43 42 41
44 45 46 47
45 44 43 42
45 46 47 48
46 45 44 43
46 47 48 49
47 46 45 44
47 48 49 50
48 47 46 45
48 49 50 51
49 48 47 46
49 50 51 52
50 49 48 47
50 51 52 53
51 50 49 48
51 52 53 54
52 51 50 49
52 53 54 55
53 52 51 50
53 54 55 56
54 53 52 51
54 55 56 57
55 54 53 52
55 56 57 58
56 55 54 53
56 57 58 59
57 56 55 54
57 58 59 60
58 57 56 55
58 59 60 61
59 58 57 56
59 60 61 62
60 59 58 57
60 61 62 8
61 60 59 58
61 62 8 9
62 61 60 59
62 8 9 10
63 64 89 121
63 32 31 30
64 89 121 122
64 63 32 31
65 120 119 118
65 66 67 68
66 65 120 119
66 67 68 69
67 66 65 120
67 68 69 70
68 67 66 65
68 69 70 71
69 68 67 66
69 70 71 72
70 69 68 67
70 71 72 73
71 70 69 68
71 72 73 74
72 71 70 69
72 73 74 75
73 72 71 70
73 74 75 76
74 73 72 71
74 75 76 77
75 74 73 72
75 76 77 78
76 75 74 73
76 77 78 79
77 76 75 74
77 78 79 80
78 77 76 75
78 79 80 81
79 78 77 76
79 80 81 82
80 79 78 77
80 81 82 83
81 80 79 78
81 82 83 84
82 81 80 79
82 83 84 85
83 82 81 80
83 84 85 86
84 83 82 81
84 85 86 87
85 84 83 82
85 86 87 88
86 85 84 83
86 87 88 33
87 86 85 84
87 88 33 34
88 87 86 85
88 33 34 35
89 121 122 136
89 64 63 32
90 135 134 133
90 91 92 93
91 90 135 134
91 92 93 94
92 91 90 135
92 93 94 95
93 92 91 90
93 94 95 96
94 93 92 91
94 95 96 97
95 94 93 92
95 96 97 98
96 95 94 93
96 97 98 99
97 96 95 94
97 98 99 100
98 97 96 95
98 99 100 101
99 98 97 96
99 100 101 102
100 99 98 97
100 101 102 103
101 100 99 98
101 102 103 104
102 101 100 99
102 103 104 105
103 102 101 100
103 104 105 106
104 103 102 101
104 105 106 107
105 104 103 102
105 106 107 108
106 105 104 103
106 107 108 109
107 106 105 104
107 108 109 110
108 107 106 105
108 109 110 111
109 108 107 106
109 110 111 112
110 109 108 107
110 111 112 113
111 110 109 108
111 112 113 114
112 111 110 109
112 113 114 115
113 112 111 110
113 114 115 116
114 113 112 111
114 115 116 117
115 114 113 112
115 116 117 118
116 115 114 113
116 117 118 119
117 116 115 114
117 118 119 120
118 117 116 115
118 119 120 65
119 118 117 116
119 120 65 66
120 119 118 117
120 65 66 67
121 122 136 140
121 89 64 63
122 136 140 141
122 121 89 64
123 139 138 137
123 124 125 126
124 123 139 138
124 125 126 127
125 124 123 139
125 126 127 128
126 125 124 123
126 127 128 129
127 126 125 124
127 128 129 130
128 127 126 125
128 129 130 131
129 128 127 126
129 130 131 132
130 129 128 127
130 131 132 133
131 130 129 128
131 132 133 134
132 131 130 129
132 133 134 135
133 132 131 130
133 134 135 90
134 133 132 131
134 135 90 91
135 134 133 132
135 90 91 92
136 140 141 144
136 122 121 89
137 143 142 146
137 138 139 123
138 137 143 142
138 139 123 124
139 138 137 143
139 123 124 125
140 141 144 147
140 136 122 121
141 144 147 148
141 140 136 122
142 146 145 150
142 143 137 138
143 142 146 145
143 137 138 139
144 147 148 151
144 141 140 136
145 150 149 153
145 146 142 143
146 145 150 149
146 142 143 137
147 148 151 154
147 144 141 140
148 151 154 155
148 147 144 141
149 153 152 157
149 150 145 146
150 149 153 152
150 145 146 142
151 154 155 158
151 148 147 144
152 157 156 160
152 153 149 150
153 152 157 156
153 149 150 145
154 155 158 161
154 151 148 147
155 158 161 162
155 154 151 148
156 160 159 165
156 157 152 153
157 156 160 159
157 152 153 149
158 161 162 166
158 155 154 151
159 165 164 163
159 160 156 157
160 159 165 164
160 156 157 152
161 162 166 169
161 158 155 154
162 166 169 170
162 161 158 155
163 168 167 172
163 164 165 159
164 163 168 167
164 165 159 160
165 164 163 168
165 159 160 156
166 169 170 173
166 162 161 158
167 172 171 175
167 168 163 164
168 167 172 171
168 163 164 165
169 170 173 176
169 166 162 161
170 173 176 177
170 169 166 162
171 175 174 179
171 172 167 168
172 171 175 174
172 167 168 163
173 176 177 180
173 170 169 166
174 179 178 182
174 175 171 172
175 174 179 178
175 171 172 167
176 177 180 183
176 173 170 169
177 180 183 184
177 176 173 170
178 182 181 186
178 179 174 175
179 178 182 181
179 174 175 171
180 183 184 187
180 177 176 173
181 186 185 190
181 182 178 179
182 181 186 185
182 178 179 174
183 184 187 191
183 180 177 176
184 187 191 192
184 183 180 177
185 190 189 188
185 186 181 182
186 185 190 189
186 181 182 178
187 191 192 195
187 184 183 180
188 194 193 197
188 189 190 185
189 188 194 193
189 190 185 186
190 189 188 194
190 185 186 181
191 192 195 198
191 187 184 183
192 195 198 199
192 191 187 184
193 197 196 201
193 194 188 189
194 193 197 196
194 188 189 190
195 198 199 202
195 192 191 187
196 201 200 204
196 197 193 194
197 196 201 200
197 193 194 188
198 199 202 205
198 195 192 191
199 202 205 206
199 198 195 192
200 204 203 208
200 201 196 197
201 200 204 203
201 196 197 193
202 205 206 209
202 199 198 195
203 208 207 211
203 204 200 201
204 203 208 207
204 200 201 196
205 206 209 212
205 202 199 198
206 209 212 213
206 205 202 199
207 211 210 215
207 208 203 204
208 207 211 210
208 203 204 200
209 212 213 216
209 206 205 202
210 215 214 218
210 211 207 208
211 210 215 214
211 207 208 203
212 213 216 219
212 209 206 205
213 216 219 220
213 212 209 206
214 218 217 222
214 215 210 211
215 214 218 217
215 210 211 207
216 219 220 223
216 213 212 209
217 222 221 225
217 218 214 215
218 217 222 221
218 214 215 210
219 220 223 226
219 216 213 212
220 223 226 227
220 219 216 213
221 225 224 229
221 222 217 218
222 221 225 224
222 217 218 214
223 226 227 230
223 220 219 216
224 229 228 232
224 225 221 222
225 224 229 228
225 221 222 217
226 227 230 233
226 223 220 219
227 230 233 236
227 226 223 220
228 232 231 235
228 229 224 225
229 228 232 231
229 224 225 221
230 233 236 239
230 227 226 223
231 235 234 238
231 232 228 229
232 231 235 234
232 228 229 224
233 236 239 242
233 230 227 226
234 238 237 241
234 235 231 232
235 234 238 237
235 231 232 228
236 239 242 245
236 233 230 227
237 241 240 244
237 238 234 235
238 237 241 240
238 234 235 231
239 242 245 248
239 236 233 230
240 244 243 247
240 241 237 238
241 240 244 243
241 237 238 234
242 245 248 251
242 239 236 233
243 247 246 250
243 244 240 241
244 243 247 246
244 240 241 237
245 248 251 254
245 242 239 236
246 250 249 253
246 247 243 244
247 246 250 249
247 243 244 240
248 251 254 257
248 245 242 239
249 253 252 256
249 250 246 247
250 249 253 252
250 246 247 243
251 254 257 260
251 248 245 242
252 256 255 259
252 253 249 250
253 252 256 255
253 249 250 246
254 257 260 263
254 251 248 245
255 259 258 262
255 256 252 253
256 255 259 258
256 252 253 249
257 260 263 266
257 254 251 248
258 262 261 265
258 259 255 256
259 258 262 261
259 255 256 252
260 263 266 269
260 257 254 251
261 265 264 268
261 262 258 259
262 261 265 264
262 258 259 255
263 266 269 272
263 260 257 254
264 268 267 271
264 265 261 262
265 264 268 267
265 261 262 258
266 269 272 274
266 263 260 257
267 271 270 273
267 268 264 265
268 267 271 270
268 264 265 261
269 272 274 277
269 266 263 260
270 273 276 275
270 271 267 268
271 270 273 276
271 267 268 264
272 274 277 280
272 269 266 263
273 276 275 279
273 270 271 267
274 277 280 283
274 272 269 266
275 279 278 282
275 276 273 270
276 275 279 278
276 273 270 271
277 280 283 286
277 274 272 269
278 282 281 285
278 279 275 276
279 278 282 281
279 275 276 273
280 283 286 289
280 277 274 272
281 285 284 288
281 282 278 279
282 281 285 284
282 278 279 275
283 286 289 292
283 280 277 274
284 288 287 291
284 285 281 282
285 284 288 287
285 281 282 278
286 289 292 294
286 283 280 277
287 291 290 293
287 288 284 285
288 287 291 290
288 284 285 281
289 292 294 296
289 286 283 280
290 293 295 298
290 291 287 288
291 290 293 295
291 287 288 284
292 294 296 299
292 289 286 283
293 295 298 297
293 290 291 287
294 296 299 302
294 292 289 286
295 298 297 301
295 293 290 291
296 299 302 305
296 294 292 289
297 301 300 304
297 298 295 293
298 297 301 300
298 295 293 290
299 302 305 308
299 296 294 292
300 304 303 307
300 301 297 298
301 300 304 303
301 297 298 295
302 305 308 311
302 299 296 294
303 307 306 310
303 304 300 301
304 303 307 306
304 300 301 297
305 308 311 313
305 302 299 296
306 310 309 312
306 307 303 304
307 306 310 309
307 303 304 300
308 311 313 316
308 305 302 299
309 312 315 314
309 310 306 307
310 309 312 315
310 306 307 303
311 313 316 319
311 308 305 302
312 315 314 318
312 309 310 306
313 316 319 322
313 311 308 305
314 318 317 321
314 315 312 309
315 314 318 317
315 312 309 310
316 319 322 325
316 313 311 308
317 321 320 324
317 318 314 315
318 317 321 320
318 314 315 312
319 322 325 327
319 316 313 311
320 324 323 326
320 321 317 318
321 320 324 323
321 317 318 314
322 325 327 330
322 319 316 313
323 326 329 328
323 324 320 321
324 323 326 329
324 320 321 317
325 327 330 333
325 322 319 316
326 329 328 332
326 323 324 320
327 330 333 335
327 325 322 319
328 332 331 334
328 329 326 323
329 328 332 331
329 326 323 324
330 333 335 337
330 327 325 322
331 334 336 339
331 332 328 329
332 331 334 336
332 328 329 326
333 335 337 340
333 330 327 325
334 336 339 338
334 331 332 328
335 337 340 342
335 333 330 327
336 339 338 341
336 334 331 332
337 340 342 343
337 335 333 330
338 341 344 347
338 339 336 334
339 338 341 344
339 336 334 331
340 342 343 345
340 337 335 333
341 344 347 346
341 338 339 336
342 343 345 348
342 340 337 335
343 345 348 349
343 342 340 337
344 347 346 350
344 341 338 339
345 348 349 351
345 343 342 340
346 350 353 352
346 347 344 341
347 346 350 353
347 344 341 338
348 349 351 354
348 345 343 342
349 351 354 355
349 348 345 343
350 353 352 356
350 346 347 344
351 354 355 357
351 349 348 345
352 356 358 362
352 353 350 346
353 352 356 358
353 350 346 347
354 355 357 359
354 351 349 348
355 357 359 360
355 354 351 349
356 358 362 361
356 352 353 350
357 359 360 363
357 355 354 351
358 362 361 364
358 356 352 353
359 360 363 365
359 357 355 354
360 363 365 366
360 359 357 355
361 364 368 367
361 362 358 356
362 361 364 368
362 358 356 352
363 365 366 369
363 360 359 357
364 368 367 370
364 361 362 358
365 366 369 371
365 363 360 359
366 369 371 372
366 365 363 360
367 370 374 373
367 368 364 361
368 367 370 374
368 364 361 362
369 371 372 375
369 366 365 363
370 374 373 376
370 367 368 364
371 372 375 377
371 369 366 365
372 375 377 378
372 371 369 366
373 376 380 379
373 374 370 367
374 373 376 380
374 370 367 368
375 377 378 381
375 372 371 369
376 380 379 382
376 373 374 370
377 378 381 383
377 375 372 371
378 381 383 384
378 377 375 372
379 382 386 385
379 380 376 373
380 379 382 386
380 376 373 374
381 383 384 387
381 378 377 375
382 386 385 388
382 379 380 376
383 384 387 389
383 381 378 377
384 387 389 390
384 383 381 378
385 388 391 393
385 386 382 379
386 385 388 391
386 382 379 380
387 389 390 392
387 384 383 381
388 391 393 396
388 385 386 382
389 390 392 394
389 387 384 383
390 392 394 395
390 389 387 384
391 393 396 398
391 388 385 386
392 394 395 397
392 390 389 387
393 396 398 401
393 391 388 385
394 395 397 399
394 392 390 389
395 397 399 400
395 394 392 390
396 398 401 404
396 393 391 388
397 399 400 402
397 395 394 392
398 401 404 403
398 396 393 391
399 400 402 405
399 397 395 394
400 402 405 406
400 399 397 395
401 404 403 407
401 398 396 393
402 405 406 408
402 400 399 397
403 407 410 409
403 404 401 398
404 403 407 410
404 401 398 396
405 406 408 411
405 402 400 399
406 408 411 412
406 405 402 400
407 410 409 413
407 403 404 401
408 411 412 414
408 406 405 402
409 413 415 418
409 410 407 403
410 409 413 415
410 407 403 404
411 412 414 416
411 408 406 405
412 414 416 417
412 411 408 406
413 415 418 420
413 409 410 407
414 416 417 419
414 412 411 408
415 418 420 424
415 413 409 410
416 417 419 421
416 414 412 411
417 419 421 422
417 416 414 412
418 420 424 423
418 415 413 409
419 421 422 425
419 417 416 414
420 424 423 426
420 418 415 413
421 422 425 427
421 419 417 416
422 425 427 428
422 421 419 417
423 426 429 431
423 424 420 418
424 423 426 429
424 420 418 415
425 427 428 430
425 422 421 419
426 429 431 434
426 423 424 420
427 428 430 432
427 425 422 421
428 430 432 433
428 427 425 422
429 431 434 437
429 426 423 424
430 432 433 435
430 428 427 425
431 434 437 436
431 429 426 423
432 433 435 438
432 430 428 427
433 435 438 439
433 432 430 428
434 437 436 440
434 431 429 426
435 438 439 441
435 433 432 430
436 440 442 445
436 437 434 431
437 436 440 442
437 434 431 429
438 439 441 443
438 435 433 432
439 441 443 444
439 438 435 433
440 442 445 447
440 436 437 434
441 443 444 446
441 439 438 435
442 445 447 450
442 440 436 437
443 444 446 448
443 441 439 438
444 446 448 449
444 443 441 439
445 447 450 452
445 442 440 436
446 448 449 451
446 444 443 441
447 450 452 455
447 445 442 440
448 449 451 453
448 446 444 443
449 451 453 454
449 448 446 444
450 452 455 457
450 447 445 442
451 453 454 456
451 449 448 446
452 455 457 460
452 450 447 445
453 454 456 458
453 451 449 448
454 456 458 459
454 453 451 449
455 457 460 462
455 452 450 447
456 458 459 461
456 454 453 451
457 460 462 465
457 455 452 450
458 459 461 463
458 456 454 453
459 461 463 464
459 458 456 454
460 462 465 467
460 457 455 452
461 463 464 466
461 459 458 456
462 465 467 470
462 460 457 455
463 464 466 468
463 461 459 458
464 466 468 469
464 463 461 459
465 467 470 472
465 462 460 457
466 468 469 471
466 464 463 461
467 470 472 475
467 465 462 460
468 469 471 473
468 466 464 463
469 471 473 474
469 468 466 464
470 472 475 477
470 467 465 462
471 473 474 476
471 469 468 466
472 475 477 480
472 470 467 465
473 474 476 478
473 471 469 468
474 476 478 479
474 473 471 469
475 477 480 482
475 472 470 467
476 478 479 481
476 474 473 471
477 480 482 484
477 475 472 470
478 479 481 483
478 476 474 473
479 481 483 485
479 478 476 474
480 482 484 486
480 477 475 472
481 483 485 487
481 479 478 476
482 484 486 489
482 480 477 475
483 485 487 490
483 481 479 478
484 486 489 488
484 482 480 477
485 487 490 492
485 483 481 479
486 489 488 491
486 484 482 480
487 490 492 494
487 485 483 481
488 491 493 495
488 489 486 484
489 488 491 493
489 486 484 482
490 492 494 496
490 487 485 483
491 493 495 497
491 488 489 486
492 494 496 498
492 490 487 485
493 495 497 499
493 491 488 489
494 496 498 500
494 492 490 487
495 497 499 501
495 493 491 488
496 498 500 502
496 494 492 490
497 499 501 503
497 495 493 491
498 500 502 504
498 496 494 492
499 501 503 505
499 497 495 493
500 502 504 506
500 498 496 494
501 503 505 507
501 499 497 495
502 504 506 508
502 500 498 496
503 505 507 509
503 501 499 497
504 506 508 510
504 502 500 498
505 507 509 511
505 503 501 499
506 508 510 512
506 504 502 500
507 509 511 513
507 505 503 501
508 510 512 514
508 506 504 502
509 511 513 515
509 507 505 503
510 512 514 516
510 508 506 504
511 513 515 517
511 509 507 505
512 514 516 518
512 510 508 506
513 515 517 519
513 511 509 507
514 516 518 520
514 512 510 508
515 517 519 521
515 513 511 509
516 518 520 522
516 514 512 510
517 519 521 523
517 515 513 511
518 520 522 524
518 516 514 512
519 521 523 525
519 517 515 513
520 522 524 526
520 518 516 514
521 523 525 527
521 519 517 515
522 524 526 528
522 520 518 516
523 525 527 530
523 521 519 517
524 526 528 531
524 522 520 518
525 527 530 529
525 523 521 519
526 528 531 533
526 524 522 520
527 530 529 532
527 525 523 521
528 531 533 535
528 526 524 522
529 532 534 536
529 530 527 525
530 529 532 534
530 527 525 523
531 533 535 537
531 528 526 524
532 534 536 539
532 529 530 527
533 535 537 540
533 531 528 526
534 536 539 538
534 532 529 530
535 537 540 542
535 533 531 528
536 539 538 541
536 534 532 529
537 540 542 544
537 535 533 531
538 541 543 545
538 539 536 534
539 538 541 543
539 536 534 532
540 542 544 546
540 537 535 533
541 543 545 547
541 538 539 536
542 544 546 548
542 540 537 535
543 545 547 550
543 541 538 539
544 546 548 551
544 542 540 537
545 547 550 549
545 543 541 538
546 548 551 553
546 544 542 540
547 550 549 552
547 545 543 541
548 551 553 555
548 546 544 542
549 552 554 556
549 550 547 545
550 549 552 554
550 547 545 543
551 553 555 557
551 548 546 544
552 554 556 558
552 549 550 547
553 555 557 559
553 551 548 546
554 556 558 560
554 552 549 550
555 557 559 561
555 553 551 548
556 558 560 562
556 554 552 549
557 559 561 563
557 555 553 551
558 560 562 564
558 556 554 552
559 561 563 565
559 557 555 553
560 562 564 566
560 558 556 554
561 563 565 567
561 559 557 555
562 564 566 568
562 560 558 556
563 565 567 569
563 561 559 557
564 566 568 570
564 562 560 558
565 567 569 571
565 563 561 559
566 568 570 572
566 564 562 560
567 569 571 573
567 565 563 561
568 570 572 574
568 566 564 562
569 571 573 575
569 567 565 563
570 572 574 576
570 568 566 564
571 573 575 577
571 569 567 565
572 574 576 578
572 570 568 566
573 575 577 579
573 571 569 567
574 576 578 580
574 572 570 568
575 577 579 581
575 573 571 569
576 578 580 582
576 574 572 570
577 579 581 583
577 575 573 571
578 580 582 584
578 576 574 572
579 581 583 585
579 577 575 573
580 582 584 586
580 578 576 574
581 583 585 587
581 579 577 575
582 584 586 588
582 580 578 576
583 585 587 589
583 581 579 577
584 586 588 590
584 582 580 578
585 587 589 591
585 583 581 579
586 588 590 592
586 584 582 580
587 589 591 593
587 585 583 581
588 590 592 594
588 586 584 582
589 591 593 595
589 587 585 583
590 592 594 596
590 588 586 584
591 593 595 597
591 589 587 585
592 594 596 598
592 590 588 586
593 595 597 599
593 591 589 587
594 596 598 600
594 592 590 588
595 597 599 601
595 593 591 589
596 598 600 602
596 594 592 590
597 599 601 603
597 595 593 591
598 600 602 604
598 596 594 592
599 601 603 605
599 597 595 593
600 602 604 606
600 598 596 594
601 603 605 607
601 599 597 595
602 604 606 608
602 600 598 596
603 605 607 609
603 601 599 597
604 606 608 610
604 602 600 598
605 607 609 611
605 603 601 599
606 608 610 612
606 604 602 600
607 609 611 613
607 605 603 601
608 610 612 614
608 606 604 602
609 611 613 615
609 607 605 603
610 612 614 616
610 608 606 604
611 613 615 617
611 609 607 605
612 614 616 618
612 610 608 606
613 615 617 619
613 611 609 607
614 616 618 620
614 612 610 608
615 617 619 621
615 613 611 609
616 618 620 622
616 614 612 610
617 619 621 623
617 615 613 611
618 620 622 624
618 616 614 612
619 621 623 625
619 617 615 613
620 622 624 626
620 618 616 614
621 623 625 627
621 619 617 615
622 624 626 628
622 620 618 616
623 625 627 629
623 621 619 617
624 626 628 630
624 622 620 618
625 627 629 631
625 623 621 619
626 628 630 632
626 624 622 620
627 629 631 633
627 625 623 621
628 630 632 634
628 626 624 622
629 631 633 635
629 627 625 623
630 632 634 636
630 628 626 624
631 633 635 637
631 629 627 625
632 634 636 638
632 630 628 626
633 635 637 639
633 631 629 627
634 636 638 640
634 632 630 628
635 637 639 641
635 633 631 629
636 638 640 642
636 634 632 630
637 639 641 643
637 635 633 631
638 640 642 645
638 636 634 632
639 641 643 646
639 637 635 633
640 642 645 644
640 638 636 634
641 643 646 648
641 639 637 635
642 645 644 647
642 640 638 636
643 646 648 650
643 641 639 637
644 647 649 651
644 645 642 640
645 644 647 649
645 642 640 638
646 648 650 652
646 643 641 639
647 649 651 653
647 644 645 642
648 650 652 654
648 646 643 641
649 651 653 655
649 647 644 645
650 652 654 656
650 648 646 643
651 653 655 657
651 649 647 644
652 654 656 658
652 650 648 646
653 655 657 659
653 651 649 647
654 656 658 660
654 652 650 648
655 657 659 661
655 653 651 649
656 658 660 662
656 654 652 650
657 659 661 663
657 655 653 651
658 660 662 664
658 656 654 652
659 661 663 665
659 657 655 653
660 662 664 666
660 658 656 654
661 663 665 667
661 659 657 655
662 664 666 668
662 660 658 656
663 665 667 669
663 661 659 657
664 666 668 670
664 662 660 658
665 667 669 671
665 663 661 659
666 668 670 672
666 664 662 660
667 669 671 673
667 665 663 661
668 670 672 674
668 666 664 662
669 671 673 675
669 667 665 663
670 672 674 676
670 668 666 664
671 673 675 677
671 669 667 665
672 674 676 678
672 670 668 666
673 675 677 680
673 671 669 667
674 676 678 681
674 672 670 668
675 677 680 679
675 673 671 669
676 678 681 683
676 674 672 670
677 680 679 682
677 675 673 671
678 681 683 685
678 676 674 672
679 682 684 686
679 680 677 675
680 679 682 684
680 677 675 673
681 683 685 687
681 678 676 674
682 684 686 688
682 679 680 677
683 685 687 689
683 681 678 676
684 686 688 690
684 682 679 680
685 687 689 691
685 683 681 678
686 688 690 692
686 684 682 679
687 689 691 693
687 685 683 681
688 690 692 694
688 686 684 682
689 691 693 695
689 687 685 683
690 692 694 696
690 688 686 684
691 693 695 697
691 689 687 685
692 694 696 698
692 690 688 686
693 695 697 699
693 691 689 687
694 696 698 700
694 692 690 688
695 697 699 701
695 693 691 689
696 698 700 702
696 694 692 690
697 699 701 703
697 695 693 691
698 700 702 704
698 696 694 692
699 701 703 705
699 697 695 693
700 702 704 706
700 698 696 694
701 703 705 707
701 699 697 695
702 704 706 708
702 700 698 696
703 705 707 709
703 701 699 697
704 706 708 710
704 702 700 698
705 707 709 711
705 703 701 699
706 708 710 712
706 704 702 700
707 709 711 713
707 705 703 701
708 710 712 714
708 706 704 702
709 711 713 715
709 707 705 703
710 712 714 716
710 708 706 704
711 713 715 717
711 709 707 705
712 714 716 718
712 710 708 706
713 715 717 719
713 711 709 707
714 716 718 720
714 712 710 708
715 717 719 721
715 713 711 709
716 718 720 722
716 714 712 710
717 719 721 723
717 715 713 711
718 720 722 724
718 716 714 712
719 721 723 725
719 717 715 713
720 722 724 726
720 718 716 714
721 723 725 727
721 719 717 715
722 724 726 728
722 720 718 716
723 725 727 729
723 721 719 717
724 726 728 730
724 722 720 718
725 727 729 731
725 723 721 719
726 728 730 732
726 724 722 720
727 729 731 733
727 725 723 721
728 730 732 734
728 726 724 722
729 731 733 735
729 727 725 723
730 732 734 736
730 728 726 724
731 733 735 737
731 729 727 725
732 734 736 738
732 730 728 726
733 735 737 739
733 731 729 727
734 736 738 740
734 732 730 728
735 737 739 741
735 733 731 729
736 738 740 742
736 734 732 730
737 739 741 743
737 735 733 731
738 740 742 744
738 736 734 732
739 741 743 745
739 737 735 733
740 742 744 746
740 738 736 734
741 743 745 747
741 739 737 735
742 744 746 748
742 740 738 736
743 745 747 749
743 741 739 737
744 746 748 750
744 742 740 738
745 747 749 751
745 743 741 739
746 748 750 752
746 744 742 740
747 749 751 753
747 745 743 741
748 750 752 754
748 746 744 742
749 751 753 755
749 747 745 743
750 752 754 756
750 748 746 744
751 753 755 757
751 749 747 745
752 754 756 758
752 750 748 746
753 755 757 759
753 751 749 747
754 756 758 760
754 752 750 748
755 757 759 761
755 753 751 749
756 758 760 762
756 754 752 750
757 759 761 763
757 755 753 751
758 760 762 764
758 756 754 752
759 761 763 765
759 757 755 753
760 762 764 766
760 758 756 754
761 763 765 767
761 759 757 755
762 764 766 768
762 760 758 756
763 765 767 769
763 761 759 757
764 766 768 770
764 762 760 758
765 767 769 771
765 763 761 759
766 768 770 772
766 764 762 760
767 769 771 773
767 765 763 761
768 770 772 774
768 766 764 762
769 771 773 775
769 767 765 763
770 772 774 776
770 768 766 764
771 773 775 777
771 769 767 765
772 774 776 778
772 770 768 766
773 775 777 779
773 771 769 767
774 776 778 780
774 772 770 768
775 777 779 781
775 773 771 769
776 778 780 782
776 774 772 770
777 779 781 783
777 775 773 771
778 780 782 784
778 776 774 772
779 781 783 785
779 777 775 773
780 782 784 786
780 778 776 774
781 783 785 787
781 779 777 775
782 784 786 788
782 780 778 776
783 785 787 789
783 781 779 777
784 786 788 790
784 782 780 778
785 787 789 791
785 783 781 779
786 788 790 792
786 784 782 780
787 789 791 793
787 785 783 781
788 790 792 794
788 786 784 782
789 791 793 795
789 787 785 783
790 792 794 796
790 788 786 784
791 793 795 797
791 789 787 785
792 794 796 798
792 790 788 786
793 795 797 799
793 791 789 787
794 796 798 800
794 792 790 788
795 797 799 801
795 793 791 789
796 798 800 802
796 794 792 790
797 799 801 803
797 795 793 791
798 800 802 804
798 796 794 792
799 801 803 805
799 797 795 793
800 802 804 806
800 798 796 794
801 803 805 807
801 799 797 795
802 804 806 808
802 800 798 796
803 805 807 809
803 801 799 797
804 806 808 810
804 802 800 798
805 807 809 811
805 803 801 799
806 808 810 812
806 804 802 800
807 809 811 813
807 805 803 801
808 810 812 814
808 806 804 802
809 811 813 815
809 807 805 803
810 812 814 816
810 808 806 804
811 813 815 817
811 809 807 805
812 814 816 818
812 810 808 806
813 815 817 819
813 811 809 807
814 816 818 820
814 812 810 808
815 817 819 821
815 813 811 809
816 818 820 822
816 814 812 810
817 819 821 823
817 815 813 811
818 820 822 824
818 816 814 812
819 821 823 825
819 817 815 813
820 822 824 826
820 818 816 814
821 823 825 827
821 819 817 815
822 824 826 828
822 820 818 816
823 825 827 829
823 821 819 817
824 826 828 830
824 822 820 818
825 827 829 831
825 823 821 819
826 828 830 832
826 824 822 820
827 829 831 833
827 825 823 821
828 830 832 834
828 826 824 822
829 831 833 835
829 827 825 823
830 832 834 836
830 828 826 824
831 833 835 837
831 829 827 825
832 834 836 838
832 830 828 826
833 835 837 839
833 831 829 827
834 836 838 840
834 832 830 828
835 837 839 841
835 833 831 829
836 838 840 842
836 834 832 830
837 839 841 843
837 835 833 831
838 840 842 844
838 836 834 832
839 841 843 845
839 837 835 833
840 842 844 846
840 838 836 834
841 843 845 847
841 839 837 835
842 844 846 848
842 840 838 836
843 845 847 849
843 841 839 837
844 846 848 850
844 842 840 838
845 847 849 851
845 843 841 839
846 848 850 852
846 844 842 840
847 849 851 853
847 845 843 841
848 850 852 854
848 846 844 842
849 851 853 855
849 847 845 843
850 852 854 856
850 848 846 844
851 853 855 857
851 849 847 845
852 854 856 858
852 850 848 846
853 855 857 859
853 851 849 847
854 856 858 860
854 852 850 848
855 857 859 861
855 853 851 849
856 858 860 862
856 854 852 850
857 859 861 863
857 855 853 851
858 860 862 864
858 856 854 852
859 861 863 865
859 857 855 853
860 862 864 866
860 858 856 854
861 863 865 867
861 859 857 855
862 864 866 868
862 860 858 856
863 865 867 869
863 861 859 857
864 866 868 870
864 862 860 858
865 867 869 871
865 863 861 859
866 868 870 872
866 864 862 860
867 869 871 873
867 865 863 861
868 870 872 874
868 866 864 862
869 871 873 875
869 867 865 863
870 872 874 876
870 868 866 864
871 873 875 877
871 869 867 865
872 874 876 878
872 870 868 866
873 875 877 879
873 871 869 867
874 876 878 880
874 872 870 868
875 877 879 881
875 873 871 869
876 878 880 882
876 874 872 870
877 879 881 883
877 875 873 871
878 880 882 884
878 876 874 872
879 881 883 885
879 877 875 873
880 882 884 886
880 878 876 874
881 883 885 887
881 879 877 875
882 884 886 888
882 880 878 876
883 885 887 889
883 881 879 877
884 886 888 890
884 882 880 878
885 887 889 891
885 883 881 879
886 888 890 892
886 884 882 880
887 889 891 893
887 885 883 881
888 890 892 894
888 886 884 882
889 891 893 895
889 887 885 883
890 892 894 896
890 888 886 884
891 893 895 897
891 889 887 885
892 894 896 898
892 890 888 886
893 895 897 899
893 891 889 887
894 896 898 900
894 892 890 888
895 897 899 901
895 893 891 889
896 898 900 902
896 894 892 890
897 899 901 903
897 895 893 891
898 900 902 904
898 896 894 892
899 901 903 905
899 897 895 893
900 902 904 906
900 898 896 894
901 903 905 907
901 899 897 895
902 904 906 908
902 900 898 896
903 905 907 909
903 901 899 897
904 906 908 910
904 902 900 898
905 907 909 911
905 903 901 899
906 908 910 912
906 904 902 900
907 909 911 913
907 905 903 901
908 910 912 914
908 906 904 902
909 911 913 915
909 907 905 903
910 912 914 916
910 908 906 904
911 913 915 917
911 909 907 905
912 914 916 918
912 910 908 906
913 915 917 919
913 911 909 907
914 916 918 920
914 912 910 908
915 917 919 921
915 913 911 909
916 918 920 922
916 914 912 910
917 919 921 923
917 915 913 911
918 920 922 924
918 916 914 912
919 921 923 925
919 917 915 913
920 922 924 926
920 918 916 914
921 923 925 927
921 919 917 915
922 924 926 928
922 920 918 916
923 925 927 929
923 921 919 917
924 926 928 930
924 922 920 918
925 927 929 931
925 923 921 919
926 928 930 932
926 924 922 920
927 929 931 933
927 925 923 921
928 930 932 934
928 926 924 922
929 931 933 935
929 927 925 923
930 932 934 936
930 928 926 924
931 933 935 937
931 929 927 925
932 934 936 938
932 930 928 926
933 935 937 939
933 931 929 927
934 936 938 940
934 932 930 928
935 937 939 941
935 933 931 929
936 938 940 942
936 934 932 930
937 939 941 943
937 935 933 931
938 940 942 944
938 936 934 932
939 941 943 945
939 937 935 933
940 942 944 946
940 938 936 934
941 943 945 947
941 939 937 935
942 944 946 948
942 940 938 936
943 945 947 949
943 941 939 937
944 946 948 950
944 942 940 938
945 947 949 951
945 943 941 939
946 948 950 952
946 944 942 940
947 949 951 953
947 945 943 941
948 950 952 954
948 946 944 942
949 951 953 955
949 947 945 943
950 952 954 956
950 948 946 944
951 953 955 957
951 949 947 945
952 954 956 958
952 950 948 946
953 955 957 959
953 951 949 947
954 956 958 960
954 952 950 948
955 957 959 961
955 953 951 949
956 958 960 962
956 954 952 950
957 959 961 963
957 955 953 951
958 960 962 964
958 956 954 952
959 961 963 965
959 957 955 953
960 962 964 966
960 958 956 954
961 963 965 967
961 959 957 955
962 964 966 968
962 960 958 956
963 965 967 969
963 961 959 957
964 966 968 970
964 962 960 958
965 967 969 971
965 963 961 959
966 968 970 972
966 964 962 960
967 969 971 973
967 965 963 961
968 970 972 974
968 966 964 962
969 971 973 975
969 967 965 963
970 972 974 976
970 968 966 964
971 973 975 977
971 969 967 965
972 974 976 978
972 970 968 966
973 975 977 979
973 971 969 967
974 976 978 980
974 972 970 968
975 977 979 981
975 973 971 969
976 978 980 982
976 974 972 970
977 979 981 983
977 975 973 971
978 980 982 984
978 976 974 972
979 981 983 985
979 977 975 973
980 982 984 986
980 978 976 974
981 983 985 987
981 979 977 975
982 984 986 988
982 980 978 976
983 985 987 989
983 981 979 977
984 986 988 990
984 982 980 978
985 987 989 991
985 983 981 979
986 988 990 992
986 984 982 980
987 989 991 993
987 985 983 981
988 990 992 994
988 986 984 982
989 991 993 995
989 987 985 983
990 992 994 996
990 988 986 984
991 993 995 997
991 989 987 985
992 994 996 998
992 990 988 986
993 995 997 999
993 991 989 987
994 996 998 1000
994 992 990 988
995 997 999 1001
995 993 991 989
996 998 1000 1002
996 994 992 990
997 999 1001 1003
997 995 993 991
998 1000 1002 1004
998 996 994 992
999 1001 1003 1005
999 997 995 993
1000 1002 1004 1006
1000 998 996 994
1001 1003 1005 1007
1001 999 997 995
1002 1004 1006 1008
1002 1000 998 996
1003 1005 1007 1009
1003 1001 999 997
1004 1006 1008 1010
1004 1002 1000 998
1005 1007 1009 1011
1005 1003 1001 999
1006 1008 1010 1012
1006 1004 1002 1000
1007 1009 1011 1013
1007 1005 1003 1001
1008 1010 1012 1014
1008 1006 1004 1002
1009 1011 1013 1016
1009 1007 1005 1003
1010 1012 1014 1015
1010 1008 1006 1004
1011 1013 1016 1018
1011 1009 1007 1005
1012 1014 1015 1017
1012 1010 1008 1006
1013 1016 1018 1020
1013 1011 1009 1007
1014 1015 1017 1019
1014 1012 1010 1008
1015 1017 1019 1021
1015 1014 1012 1010
1016 1018 1020 1022
1016 1013 1011 1009
1017 1019 1021 1023
1017 1015 1014 1012
1018 1020 1022 1024
1018 1016 1013 1011
1019 1021 1023 1025
1019 1017 1015 1014
1020 1022 1024 1026
1020 1018 1016 1013
1021 1023 1025 1027
1021 1019 1017 1015
1022 1024 1026 1028
1022 1020 1018 1016
1023 1025 1027 1029
1023 1021 1019 1017
1024 1026 1028 1030
1024 1022 1020 1018
1025 1027 1029 1031
1025 1023 1021 1019
1026 1028 1030 1032
1026 1024 1022 1020
1027 1029 1031 1033
1027 1025 1023 1021
1028 1030 1032 1034
1028 1026 1024 1022
1029 1031 1033 1035
1029 1027 1025 1023
1030 1032 1034 1036
1030 1028 1026 1024
1031 1033 1035 1037
1031 1029 1027 1025
1032 1034 1036 1038
1032 1030 1028 1026
1033 1035 1037 1039
1033 1031 1029 1027
1034 1036 1038 1040
1034 1032 1030 1028
1035 1037 1039 1041
1035 1033 1031 1029
1036 1038 1040 1042
1036 1034 1032 1030
1037 1039 1041 1043
1037 1035 1033 1031
1038 1040 1042 1044
1038 1036 1034 1032
1039 1041 1043 1045
1039 1037 1035 1033
1040 1042 1044 1046
1040 1038 1036 1034
1041 1043 1045 1047
1041 1039 1037 1035
1042 1044 1046 1048
1042 1040 1038 1036
1043 1045 1047 1049
1043 1041 1039 1037
1044 1046 1048 1050
1044 1042 1040 1038
1045 1047 1049 1051
1045 1043 1041 1039
1046 1048 1050 1052
1046 1044 1042 1040
1047 1049 1051 1053
1047 1045 1043 1041
1048 1050 1052 1054
1048 1046 1044 1042
1049 1051 1053 1055
1049 1047 1045 1043
1050 1052 1054 1056
1050 1048 1046 1044
1051 1053 1055 1057
1051 1049 1047 1045
1052 1054 1056 1058
1052 1050 1048 1046
1053 1055 1057 1059
1053 1051 1049 1047
1054 1056 1058 1060
1054 1052 1050 1048
1055 1057 1059 1061
1055 1053 1051 1049
1056 1058 1060 1062
1056 1054 1052 1050
1057 1059 1061 1063
1057 1055 1053 1051
1058 1060 1062 1065
1058 1056 1054 1052
1059 1061 1063 1066
1059 1057 1055 1053
1060 1062 1065 1064
1060 1058 1056 1054
1061 1063 1066 1067
1061 1059 1057 1055
1062 1065 1064 1068
1062 1060 1058 1056
1063 1066 1067 1069
1063 1061 1059 1057
1064 1068 1070 1072
1064 1065 1062 1060
1065 1064 1068 1070
1065 1062 1060 1058
1066 1067 1069 1071
1066 1063 1061 1059
1067 1069 1071 1073
1067 1066 1063 1061
1068 1070 1072 1074
1068 1064 1065 1062
1069 1071 1073 1075
1069 1067 1066 1063
1070 1072 1074 1076
1070 1068 1064 1065
1071 1073 1075 1077
1071 1069 1067 1066
1072 1074 1076 1078
1072 1070 1068 1064
1073 1075 1077 1079
1073 1071 1069 1067
1074 1076 1078 1080
1074 1072 1070 1068
1075 1077 1079 1081
1075 1073 1071 1069
1076 1078 1080 1082
1076 1074 1072 1070
1077 1079 1081 1083
1077 1075 1073 1071
1078 1080 1082 1085
1078 1076 1074 1072
1079 1081 1083 1086
1079 1077 1075 1073
1080 1082 1085 1084
1080 1078 1076 1074
1081 1083 1086 1088
1081 1079 1077 1075
1082 1085 1084 1087
1082 1080 1078 1076
1083 1086 1088 1090
1083 1081 1079 1077
1084 1087 1089 1091
1084 1085 1082 1080
1085 1084 1087 1089
1085 1082 1080 1078
1086 1088 1090 1092
1086 1083 1081 1079
1087 1089 1091 1093
1087 1084 1085 1082
1088 1090 1092 1094
1088 1086 1083 1081
1089 1091 1093 1095
1089 1087 1084 1085
1090 1092 1094 1096
1090 1088 1086 1083
1091 1093 1095 1097
1091 1089 1087 1084
1092 1094 1096 1098
1092 1090 1088 1086
1093 1095 1097 1099
1093 1091 1089 1087
1094 1096 1098 1100
1094 1092 1090 1088
1095 1097 1099 1101
1095 1093 1091 1089
1096 1098 1100 1102
1096 1094 1092 1090
1097 1099 1101 1103
1097 1095 1093 1091
1098 1100 1102 1104
1098 1096 1094 1092
1099 1101 1103 1105
1099 1097 1095 1093
1100 1102 1104 1106
1100 1098 1096 1094
1101 1103 1105 1107
1101 1099 1097 1095
1102 1104 1106 1108
1102 1100 1098 1096
1103 1105 1107 1109
1103 1101 1099 1097
1104 1106 1108 1110
1104 1102 1100 1098
1105 1107 1109 1111
1105 1103 1101 1099
1106 1108 1110 1112
1106 1104 1102 1100
1107 1109 1111 1113
1107 1105 1103 1101
1108 1110 1112 1114
1108 1106 1104 1102
1109 1111 1113 1115
1109 1107 1105 1103
1110 1112 1114 1116
1110 1108 1106 1104
1111 1113 1115 1117
1111 1109 1107 1105
1112 1114 1116 1118
1112 1110 1108 1106
1113 1115 1117 1119
1113 1111 1109 1107
1114 1116 1118 1120
1114 1112 1110 1108
1115 1117 1119 1121
1115 1113 1111 1109
1116 1118 1120 1122
1116 1114 1112 1110
1117 1119 1121 1123
1117 1115 1113 1111
1118 1120 1122 1124
1118 1116 1114 1112
1119 1121 1123 1125
1119 1117 1115 1113
1120 1122 1124 1126
1120 1118 1116 1114
1121 1123 1125 1127
1121 1119 1117 1115
1122 1124 1126 1128
1122 1120 1118 1116
1123 1125 1127 1129
1123 1121 1119 1117
1124 1126 1128 1130
1124 1122 1120 1118
1125 1127 1129 1131
1125 1123 1121 1119
1126 1128 1130 1132
1126 1124 1122 1120
1127 1129 1131 1133
1127 1125 1123 1121
1128 1130 1132 1134
1128 1126 1124 1122
1129 1131 1133 1135
1129 1127 1125 1123
1130 1132 1134 1136
1130 1128 1126 1124
1131 1133 1135 1138
1131 1129 1127 1125
1132 1134 1136 1139
1132 1130 1128 1126
1133 1135 1138 1137
1133 1131 1129 1127
1134 1136 1139 1141
1134 1132 1130 1128
1135 1138 1137 1140
1135 1133 1131 1129
1136 1139 1141 1143
1136 1134 1132 1130
1137 1140 1142 1144
1137 1138 1135 1133
1138 1137 1140 1142
1138 1135 1133 1131
1139 1141 1143 1145
1139 1136 1134 1132
1140 1142 1144 1148
1140 1137 1138 1135
1141 1143 1145 1146
1141 1139 1136 1134
1142 1144 1148 1147
1142 1140 1137 1138
1143 1145 1146 1149
1143 1141 1139 1136
1144 1148 1147 1150
1144 1142 1140 1137
1145 1146 1149 1151
1145 1143 1141 1139
1146 1149 1151 1153
1146 1145 1143 1141
1147 1150 1152 1154
1147 1148 1144 1142
1148 1147 1150 1152
1148 1144 1142 1140
1149 1151 1153 1155
1149 1146 1145 1143
1150 1152 1154 1156
1150 1147 1148 1144
1151 1153 1155 1157
1151 1149 1146 1145
1152 1154 1156 1159
1152 1150 1147 1148
1153 1155 1157 1158
1153 1151 1149 1146
1154 1156 1159 1161
1154 1152 1150 1147
1155 1157 1158 1160
1155 1153 1151 1149
1156 1159 1161 1163
1156 1154 1152 1150
1157 1158 1160 1162
1157 1155 1153 1151
1158 1160 1162 1164
1158 1157 1155 1153
1159 1161 1163 1165
1159 1156 1154 1152
1160 1162 1164 1166
1160 1158 1157 1155
1161 1163 1165 1168
1161 1159 1156 1154
1162 1164 1166 1167
1162 1160 1158 1157
1163 1165 1168 1170
1163 1161 1159 1156
1164 1166 1167 1169
1164 1162 1160 1158
1165 1168 1170 1172
1165 1163 1161 1159
1166 1167 1169 1171
1166 1164 1162 1160
1167 1169 1171 1173
1167 1166 1164 1162
1168 1170 1172 1174
1168 1165 1163 1161
1169 1171 1173 1175
1169 1167 1166 1164
1170 1172 1174 1176
1170 1168 1165 1163
1171 1173 1175 1177
1171 1169 1167 1166
1172 1174 1176 1178
1172 1170 1168 1165
1173 1175 1177 1179
1173 1171 1169 1167
1174 1176 1178 1180
1174 1172 1170 1168
1175 1177 1179 1181
1175 1173 1171 1169
1176 1178 1180 1182
1176 1174 1172 1170
1177 1179 1181 1183
1177 1175 1173 1171
1178 1180 1182 1184
1178 1176 1174 1172
1179 1181 1183 1185
1179 1177 1175 1173
1180 1182 1184 1186
1180 1178 1176 1174
1181 1183 1185 1187
1181 1179 1177 1175
1182 1184 1186 1188
1182 1180 1178 1176
1183 1185 1187 1189
1183 1181 1179 1177
1184 1186 1188 1190
1184 1182 1180 1178
1185 1187 1189 1191
1185 1183 1181 1179
1186 1188 1190 1192
1186 1184 1182 1180
1187 1189 1191 1193
1187 1185 1183 1181
1188 1190 1192 1194
1188 1186 1184 1182
1189 1191 1193 1195
1189 1187 1185 1183
1190 1192 1194 1196
1190 1188 1186 1184
1191 1193 1195 1197
1191 1189 1187 1185
1192 1194 1196 1198
1192 1190 1188 1186
1193 1195 1197 1199
1193 1191 1189 1187
1194 1196 1198 1200
1194 1192 1190 1188
1195 1197 1199 1201
1195 1193 1191 1189
1196 1198 1200 1202
1196 1194 1192 1190
1197 1199 1201 1203
1197 1195 1193 1191
1198 1200 1202 1204
1198 1196 1194 1192
1199 1201 1203 1205
1199 1197 1195 1193
1200 1202 1204 1206
1200 1198 1196 1194
1201 1203 1205 1207
1201 1199 1197 1195
1202 1204 1206 1208
1202 1200 1198 1196
1203 1205 1207 1209
1203 1201 1199 1197
1204 1206 1208 1210
1204 1202 1200 1198
1205 1207 1209 1211
1205 1203 1201 1199
1206 1208 1210 1213
1206 1204 1202 1200
1207 1209 1211 1214
1207 1205 1203 1201
1208 1210 1213 1212
1208 1206 1204 1202
1209 1211 1214 1216
1209 1207 1205 1203
1210 1213 1212 1215
1210 1208 1206 1204
1211 1214 1216 1218
1211 1209 1207 1205
1212 1215 1217 1219
1212 1213 1210 1208
1213 1212 1215 1217
1213 1210 1208 1206
1214 1216 1218 1220
1214 1211 1209 1207
1215 1217 1219 1223
1215 1212 1213 1210
1216 1218 1220 1221
1216 1214 1211 1209
1217 1219 1223 1222
1217 1215 1212 1213
1218 1220 1221 1224
1218 1216 1214 1211
1219 1223 1222 1225
1219 1217 1215 1212
1220 1221 1224 1226
1220 1218 1216 1214
1221 1224 1226 1228
1221 1220 1218 1216
1222 1225 1227 1230
1222 1223 1219 1217
1223 1222 1225 1227
1223 1219 1217 1215
1224 1226 1228 1229
1224 1221 1220 1218
1225 1227 1230 1232
1225 1222 1223 1219
1226 1228 1229 1231
1226 1224 1221 1220
1227 1230 1232 1234
1227 1225 1222 1223
1228 1229 1231 1233
1228 1226 1224 1221
1229 1231 1233 1235
1229 1228 1226 1224
1230 1232 1234 1236
1230 1227 1225 1222
1231 1233 1235 1237
1231 1229 1228 1226
1232 1234 1236 1238
1232 1230 1227 1225
1233 1235 1237 1239
1233 1231 1229 1228
1234 1236 1238 1240
1234 1232 1230 1227
1235 1237 1239 1241
1235 1233 1231 1229
1236 1238 1240 1243
1236 1234 1232 1230
1237 1239 1241 1242
1237 1235 1233 1231
1238 1240 1243 1245
1238 1236 1234 1232
1239 1241 1242 1244
1239 1237 1235 1233
1240 1243 1245 1247
1240 1238 1236 1234
1241 1242 1244 1246
1241 1239 1237 1235
1242 1244 1246 1248
1242 1241 1239 1237
1243 1245 1247 1250
1243 1240 1238 1236
1244 1246 1248 1249
1244 1242 1241 1239
1245 1247 1250 1252
1245 1243 1240 1238
1246 1248 1249 1251
1246 1244 1242 1241
1247 1250 1252 1254
1247 1245 1243 1240
1248 1249 1251 1253
1248 1246 1244 1242
1249 1251 1253 1255
1249 1248 1246 1244
1250 1252 1254 1256
1250 1247 1245 1243
1251 1253 1255 1257
1251 1249 1248 1246
1252 1254 1256 1258
1252 1250 1247 1245
1253 1255 1257 1259
1253 1251 1249 1248
1254 1256 1258 1260
1254 1252 1250 1247
1255 1257 1259 1261
1255 1253 1251 1249
1256 1258 1260 1262
1256 1254 1252 1250
1257 1259 1261 1263
1257 1255 1253 1251
1258 1260 1262 1264
1258 1256 1254 1252
1259 1261 1263 1265
1259 1257 1255 1253
1260 1262 1264 1267
1260 1258 1256 1254
1261 1263 1265 1266
1261 1259 1257 1255
1262 1264 1267 1269
1262 1260 1258 1256
1263 1265 1266 1268
1263 1261 1259 1257
1264 1267 1269 1272
1264 1262 1260 1258
1265 1266 1268 1270
1265 1263 1261 1259
1266 1268 1270 1273
1266 1265 1263 1261
1267 1269 1272 1271
1267 1264 1262 1260
1268 1270 1273 1275
1268 1266 1265 1263
1269 1272 1271 1274
1269 1267 1264 1262
1270 1273 1275 1277
1270 1268 1266 1265
1271 1274 1276 1279
1271 1272 1269 1267
1272 1271 1274 1276
1272 1269 1267 1264
1273 1275 1277 1278
1273 1270 1268 1266
1274 1276 1279 1282
1274 1271 1272 1269
1275 1277 1278 1280
1275 1273 1270 1268
1276 1279 1282 1281
1276 1274 1271 1272
1277 1278 1280 1283
1277 1275 1273 1270
1278 1280 1283 1284
1278 1277 1275 1273
1279 1282 1281 1285
1279 1276 1274 1271
1280 1283 1284 1286
1280 1278 1277 1275
1281 1285 1287 1289
1281 1282 1279 1276
1282 1281 1285 1287
1282 1279 1276 1274
1283 1284 1286 1288
1283 1280 1278 1277
1284 1286 1288 1290
1284 1283 1280 1278
1285 1287 1289 1291
1285 1281 1282 1279
1286 1288 1290 1292
1286 1284 1283 1280
1287 1289 1291 1293
1287 1285 1281 1282
1288 1290 1292 1294
1288 1286 1284 1283
1289 1291 1293 1295
1289 1287 1285 1281
1290 1292 1294 1296
1290 1288 1286 1284
1291 1293 1295 1297
1291 1289 1287 1285
1292 1294 1296 1298
1292 1290 1288 1286
1293 1295 1297 1300
1293 1291 1289 1287
1294 1296 1298 1299
1294 1292 1290 1288
1295 1297 1300 1302
1295 1293 1291 1289
1296 1298 1299 1301
1296 1294 1292 1290
1297 1300 1302 1305
1297 1295 1293 1291
1298 1299 1301 1303
1298 1296 1294 1292
1299 1301 1303 1304
1299 1298 1296 1294
1300 1302 1305 1307
1300 1297 1295 1293
1301 1303 1304 1306
1301 1299 1298 1296
1302 1305 1307 1310
1302 1300 1297 1295
1303 1304 1306 1308
1303 1301 1299 1298
1304 1306 1308 1309
1304 1303 1301 1299
1305 1307 1310 1312
1305 1302 1300 1297
1306 1308 1309 1311
1306 1304 1303 1301
1307 1310 1312 1314
1307 1305 1302 1300
1308 1309 1311 1313
1308 1306 1304 1303
1309 1311 1313 1315
1309 1308 1306 1304
1310 1312 1314 1316
1310 1307 1305 1302
1311 1313 1315 1317
1311 1309 1308 1306
1312 1314 1316 1318
1312 1310 1307 1305
1313 1315 1317 1319
1313 1311 1309 1308
1314 1316 1318 1321
1314 1312 1310 1307
1315 1317 1319 1320
1315 1313 1311 1309
1316 1318 1321 1323
1316 1314 1312 1310
1317 1319 1320 1322
1317 1315 1313 1311
1318 1321 1323 1326
1318 1316 1314 1312
1319 1320 1322 1324
1319 1317 1315 1313
1320 1322 1324 1325
1320 1319 1317 1315
1321 1323 1326 1328
1321 1318 1316 1314
1322 1324 1325 1327
1322 1320 1319 1317
1323 1326 1328 1331
1323 1321 1318 1316
1324 1325 1327 1329
1324 1322 1320 1319
1325 1327 1329 1330
1325 1324 1322 1320
1326 1328 1331 1333
1326 1323 1321 1318
1327 1329 1330 1332
1327 1325 1324 1322
1328 1331 1333 1335
1328 1326 1323 1321
1329 1330 1332 1334
1329 1327 1325 1324
1330 1332 1334 1336
1330 1329 1327 1325
1331 1333 1335 1338
1331 1328 1326 1323
1332 1334 1336 1337
1332 1330 1329 1327
1333 1335 1338 1340
1333 1331 1328 1326
1334 1336 1337 1339
1334 1332 1330 1329
1335 1338 1340 1343
1335 1333 1331 1328
1336 1337 1339 1341
1336 1334 1332 1330
1337 1339 1341 1342
1337 1336 1334 1332
1338 1340 1343 1346
1338 1335 1333 1331
1339 1341 1342 1344
1339 1337 1336 1334
1340 1343 1346 1349
1340 1338 1335 1333
1341 1342 1344 1345
1341 1339 1337 1336
1342 1344 1345 1347
1342 1341 1339 1337
1343 1346 1349 1351
1343 1340 1338 1335
1344 1345 1347 1348
1344 1342 1341 1339
1345 1347 1348 1350
1345 1344 1342 1341
1346 1349 1351 1354
1346 1343 1340 1338
1347 1348 1350 1352
1347 1345 1344 1342
1348 1350 1352 1353
1348 1347 1345 1344
1349 1351 1354 1358
1349 1346 1343 1340
1350 1352 1353 1355
1350 1348 1347 1345
1351 1354 1358 1357
1351 1349 1346 1343
1352 1353 1355 1356
1352 1350 1348 1347
1353 1355 1356 1359
1353 1352 1350 1348
1354 1358 1357 1361
1354 1351 1349 1346
1355 1356 1359 1360
1355 1353 1352 1350
1356 1359 1360 1362
1356 1355 1353 1352
1357 1361 1364 1367
1357 1358 1354 1351
1358 1357 1361 1364
1358 1354 1351 1349
1359 1360 1362 1363
1359 1356 1355 1353
1360 1362 1363 1365
1360 1359 1356 1355
1361 1364 1367 1371
1361 1357 1358 1354
1362 1363 1365 1366
1362 1360 1359 1356
1363 1365 1366 1368
1363 1362 1360 1359
1364 1367 1371 1370
1364 1361 1357 1358
1365 1366 1368 1369
1365 1363 1362 1360
1366 1368 1369 1372
1366 1365 1363 1362
1367 1371 1370 1373
1367 1364 1361 1357
1368 1369 1372 1374
1368 1366 1365 1363
1369 1372 1374 1375
1369 1368 1366 1365
1370 1373 1377 1380
1370 1371 1367 1364
1371 1370 1373 1377
1371 1367 1364 1361
1372 1374 1375 1376
1372 1369 1368 1366
1373 1377 1380 1383
1373 1370 1371 1367
1374 1375 1376 1378
1374 1372 1369 1368
1375 1376 1378 1379
1375 1374 1372 1369
1376 1378 1379 1381
1376 1375 1374 1372
1377 1380 1383 1386
1377 1373 1370 1371
1378 1379 1381 1382
1378 1376 1375 1374
1379 1381 1382 1384
1379 1378 1376 1375
1380 1383 1386 1389
1380 1377 1373 1370
1381 1382 1384 1385
1381 1379 1378 1376
1382 1384 1385 1387
1382 1381 1379 1378
1383 1386 1389 1393
1383 1380 1377 1373
1384 1385 1387 1388
1384 1382 1381 1379
1385 1387 1388 1390
1385 1384 1382 1381
1386 1389 1393 1396
1386 1383 1380 1377
1387 1388 1390 1391
1387 1385 1384 1382
1388 1390 1391 1392
1388 1387 1385 1384
1389 1393 1396 1400
1389 1386 1383 1380
1390 1391 1392 1394
1390 1388 1387 1385
1391 1392 1394 1395
1391 1390 1388 1387
1392 1394 1395 1397
1392 1391 1390 1388
1393 1396 1400 1403
1393 1389 1386 1383
1394 1395 1397 1398
1394 1392 1391 1390
1395 1397 1398 1399
1395 1394 1392 1391
1396 1400 1403 1407
1396 1393 1389 1386
1397 1398 1399 1401
1397 1395 1394 1392
1398 1399 1401 1402
1398 1397 1395 1394
1399 1401 1402 1404
1399 1398 1397 1395
1400 1403 1407 1410
1400 1396 1393 1389
1401 1402 1404 1405
1401 1399 1398 1397
1402 1404 1405 1406
1402 1401 1399 1398
1403 1407 1410 1413
1403 1400 1396 1393
1404 1405 1406 1408
1404 1402 1401 1399
1405 1406 1408 1409
1405 1404 1402 1401
1406 1408 1409 1411
1406 1405 1404 1402
1407 1410 1413 1416
1407 1403 1400 1396
1408 1409 1411 1412
1408 1406 1405 1404
1409 1411 1412 1414
1409 1408 1406 1405
1410 1413 1416 1420
1410 1407 1403 1400
1411 1412 1414 1415
1411 1409 1408 1406
1412 1414 1415 1417
1412 1411 1409 1408
1413 1416 1420 1424
1413 1410 1407 1403
1414 1415 1417 1418
1414 1412 1411 1409
1415 1417 1418 1419
1415 1414 1412 1411
1416 1420 1424 1428
1416 1413 1410 1407
1417 1418 1419 1421
1417 1415 1414 1412
1418 1419 1421 1422
1418 1417 1415 1414
1419 1421 1422 1423
1419 1418 1417 1415
1420 1424 1428 1431
1420 1416 1413 1410
1421 1422 1423 1425
1421 1419 1418 1417
1422 1423 1425 1426
1422 1421 1419 1418
1423 1425 1426 1427
1423 1422 1421 1419
1424 1428 1431 1434
1424 1420 1416 1413
1425 1426 1427 1429
1425 1423 1422 1421
1426 1427 1429 1430
1426 1425 1423 1422
1427 1429 1430 1432
1427 1426 1425 1423
1428 1431 1434 1438
1428 1424 1420 1416
1429 1430 1432 1433
1429 1427 1426 1425
1430 1432 1433 1435
1430 1429 1427 1426
1431 1434 1438 1442
1431 1428 1424 1420
1432 1433 1435 1436
1432 1430 1429 1427
1433 1435 1436 1437
1433 1432 1430 1429
1434 1438 1442 1446
1434 1431 1428 1424
1435 1436 1437 1439
1435 1433 1432 1430
1436 1437 1439 1440
1436 1435 1433 1432
1437 1439 1440 1441
1437 1436 1435 1433
1438 1442 1446 1450
1438 1434 1431 1428
1439 1440 1441 1443
1439 1437 1436 1435
1440 1441 1443 1444
1440 1439 1437 1436
1441 1443 1444 1445
1441 1440 1439 1437
1442 1446 1450 1454
1442 1438 1434 1431
1443 1444 1445 1447
1443 1441 1440 1439
1444 1445 1447 1448
1444 1443 1441 1440
1445 1447 1448 1449
1445 1444 1443 1441
1446 1450 1454 1458
1446 1442 1438 1434
1447 1448 1449 1451
1447 1445 1444 1443
1448 1449 1451 1452
1448 1447 1445 1444
1449 1451 1452 1453
1449 1448 1447 1445
1450 1454 1458 1462
1450 1446 1442 1438
1451 1452 1453 1455
1451 1449 1448 1447
1452 1453 1455 1456
1452 1451 1449 1448
1453 1455 1456 1457
1453 1452 1451 1449
1454 1458 1462 1466
1454 1450 1446 1442
1455 1456 1457 1459
1455 1453 1452 1451
1456 1457 1459 1460
1456 1455 1453 1452
1457 1459 1460 1461
1457 1456 1455 1453
1458 1462 1466 1470
1458 1454 1450 1446
1459 1460 1461 1463
1459 1457 1456 1455
1460 1461 1463 1464
1460 1459 1457 1456
1461 1463 1464 1465
1461 1460 1459 1457
1462 1466 1470 1475
1462 1458 1454 1450
1463 1464 1465 1467
1463 1461 1460 1459
1464 1465 1467 1468
1464 1463 1461 1460
1465 1467 1468 1469
1465 1464 1463 1461
1466 1470 1475 1479
1466 1462 1458 1454
1467 1468 1469 1471
1467 1465 1464 1463
1468 1469 1471 1472
1468 1467 1465 1464
1469 1471 1472 1473
1469 1468 1467 1465
1470 1475 1479 1484
1470 1466 1462 1458
1471 1472 1473 1474
1471 1469 1468 1467
1472 1473 1474 1476
1472 1471 1469 1468
1473 1474 1476 1477
1473 1472 1471 1469
1474 1476 1477 1478
1474 1473 1472 1471
1475 1479 1484 1483
1475 1470 1466 1462
1476 1477 1478 1480
1476 1474 1473 1472
1477 1478 1480 1481
1477 1476 1474 1473
1478 1480 1481 1482
1478 1477 1476 1474
1479 1484 1483 1488
1479 1475 1470 1466
1480 1481 1482 1485
1480 1478 1477 1476
1481 1482 1485 1486
1481 1480 1478 1477
1482 1485 1486 1487
1482 1481 1480 1478
1483 1488 1492 1496
1483 1484 1479 1475
1484 1483 1488 1492
1484 1479 1475 1470
1485 1486 1487 1489
1485 1482 1481 1480
1486 1487 1489 1490
1486 1485 1482 1481
1487 1489 1490 1491
1487 1486 1485 1482
1488 1492 1496 1501
1488 1483 1484 1479
1489 1490 1491 1493
1489 1487 1486 1485
1490 1491 1493 1494
1490 1489 1487 1486
1491 1493 1494 1495
1491 1490 1489 1487
1492 1496 1501 1500
1492 1488 1483 1484
1493 1494 1495 1497
1493 1491 1490 1489
1494 1495 1497 1498
1494 1493 1491 1490
1495 1497 1498 1499
1495 1494 1493 1491
1496 1501 1500 1505
1496 1492 1488 1483
1497 1498 1499 1502
1497 1495 1494 1493
1498 1499 1502 1503
1498 1497 1495 1494
1499 1502 1503 1504
1499 1498 1497 1495
1500 1505 1510 1515
1500 1501 1496 1492
1501 1500 1505 1510
1501 1496 1492 1488
1502 1503 1504 1506
1502 1499 1498 1497
1503 1504 1506 1507
1503 1502 1499 1498
1504 1506 1507 1508
1504 1503 1502 1499
1505 1510 1515 1521
1505 1500 1501 1496
1506 1507 1508 1509
1506 1504 1503 1502
1507 1508 1509 1511
1507 1506 1504 1503
1508 1509 1511 1512
1508 1507 1506 1504
1509 1511 1512 1513
1509 1508 1507 1506
1510 1515 1521 1542
1510 1505 1500 1501
1511 1512 1513 1514
1511 1509 1508 1507
1512 1513 1514 1516
1512 1511 1509 1508
1513 1514 1516 1517
1513 1512 1511 1509
1514 1516 1517 1518
1514 1513 1512 1511
1515 1521 1542 1575
1515 1510 1505 1500
1516 1517 1518 1519
1516 1514 1513 1512
1517 1518 1519 1520
1517 1516 1514 1513
1518 1519 1520 1522
1518 1517 1516 1514
1519 1520 1522 1523
1519 1518 1517 1516
1520 1522 1523 1524
1520 1519 1518 1517
1521 1542 1575 1600
1521 1515 1510 1505
1522 1523 1524 1525
1522 1520 1519 1518
1523 1524 1525 1526
1523 1522 1520 1519
1524 1525 1526 1527
1524 1523 1522 1520
1525 1526 1527 1528
1525 1524 1523 1522
1526 1527 1528 1529
1526 1525 1524 1523
1527 1528 1529 1530
1527 1526 1525 1524
1528 1529 1530 1531
1528 1527 1526 1525
1529 1530 1531 1532
1529 1528 1527 1526
1530 1531 1532 1533
1530 1529 1528 1527
1531 1532 1533 1534
1531 1530 1529 1528
1532 1533 1534 1535
1532 1531 1530 1529
1533 1534 1535 1536
1533 1532 1531 1530
1534 1535 1536 1537
1534 1533 1532 1531
1535 1536 1537 1538
1535 1534 1533 1532
1536 1537 1538 1539
1536 1535 1534 1533
1537 1538 1539 1540
1537 1536 1535 1534
1538 1539 1540 1541
1538 1537 1536 1535
1539 1540 1541 1543
1539 1538 1537 1536
1540 1541 1543 1544
1540 1539 1538 1537
1541 1543 1544 1545
1541 1540 1539 1538
1542 1575 1600 1599
1542 1521 1515 1510
1543 1544 1545 1546
1543 1541 1540 1539
1544 1545 1546 1547
1544 1543 1541 1540
1545 1546 1547 1548
1545 1544 1543 1541
1546 1547 1548 1549
1546 1545 1544 1543
1547 1548 1549 1550
1547 1546 1545 1544
1548 1549 1550 1551
1548 1547 1546 1545
1549 1550 1551 1552
1549 1548 1547 1546
1550 1551 1552 1553
1550 1549 1548 1547
1551 1552 1553 1554
1551 1550 1549 1548
1552 1553 1554 1555
1552 1551 1550 1549
1553 1554 1555 1556
1553 1552 1551 1550
1554 1555 1556 1557
1554 1553 1552 1551
1555 1556 1557 1558
1555 1554 1553 1552
1556 1557 1558 1559
1556 1555 1554 1553
1557 1558 1559 1560
1557 1556 1555 1554
1558 1559 1560 1561
1558 1557 1556 1555
1559 1560 1561 1562
1559 1558 1557 1556
1560 1561 1562 1563
1560 1559 1558 1557
1561 1562 1563 1564
1561 1560 1559 1558
1562 1563 1564 1565
1562 1561 1560 1559
1563 1564 1565 1566
1563 1562 1561 1560
1564 1565 1566 1567
1564 1563 1562 1561
1565 1566 1567 1568
1565 1564 1563 1562
1566 1567 1568 1569
1566 1565 1564 1563
1567 1568 1569 1570
1567 1566 1565 1564
1568 1569 1570 1571
1568 1567 1566 1565
1569 1570 1571 1572
1569 1568 1567 1566
1570 1571 1572 1573
1570 1569 1568 1567
1571 1572 1573 1574
1571 1570 1569 1568
1572 1573 1574 1576
1572 1571 1570 1569
1573 1574 1576 1577
1573 1572 1571 1570
1574 1576 1577 1578
1574 1573 1572 1571
1575 1600 1599 1635
1575 1542 1521 1515
1576 1577 1578 1579
1576 1574 1573 1572
1577 1578 1579 1580
1577 1576 1574 1573
1578 1579 1580 1581
1578 1577 1576 1574
1579 1580 1581 1582
1579 1578 1577 1576
1580 1581 1582 1583
1580 1579 1578 1577
1581 1582 1583 1584
1581 1580 1579 1578
1582 1583 1584 1585
1582 1581 1580 1579
1583 1584 1585 1586
1583 1582 1581 1580
1584 1585 1586 1587
1584 1583 1582 1581
1585 1586 1587 1588
1585 1584 1583 1582
1586 1587 1588 1589
1586 1585 1584 1583
1587 1588 1589 1590
1587 1586 1585 1584
1588 1589 1590 1591
1588 1587 1586 1585
1589 1590 1591 1592
1589 1588 1587 1586
1590 1591 1592 1593
1590 1589 1588 1587
1591 1592 1593 1594
1591 1590 1589 1588
1592 1593 1594 1595
1592 1591 1590 1589
1593 1594 1595 1596
1593 1592 1591 1590
1594 1595 1596 1597
1594 1593 1592 1591
1595 1596 1597 1598
1595 1594 1593 1592
1596 1597 1598 1601
1596 1595 1594 1593
1597 1598 1601 1602
1597 1596 1595 1594
1598 1601 1602 1603
1598 1597 1596 1595
1599 1635 1634 1649
1599 1600 1575 1542
1600 1599 1635 1634
1600 1575 1542 1521
1601 1602 1603 1604
1601 1598 1597 1596
1602 1603 1604 1605
1602 1601 1598 1597
1603 1604 1605 1606
1603 1602 1601 1598
1604 1605 1606 1607
1604 1603 1602 1601
1605 1606 1607 1608
1605 1604 1603 1602
1606 1607 1608 1609
1606 1605 1604 1603
1607 1608 1609 1610
1607 1606 1605 1604
1608 1609 1610 1611
1608 1607 1606 1605
1609 1610 1611 1612
1609 1608 1607 1606
1610 1611 1612 1613
1610 1609 1608 1607
1611 1612 1613 1614
1611 1610 1609 1608
1612 1613 1614 1615
1612 1611 1610 1609
1613 1614 1615 1616
1613 1612 1611 1610
1614 1615 1616 1617
1614 1613 1612 1611
1615 1616 1617 1618
1615 1614 1613 1612
1616 1617 1618 1619
1616 1615 1614 1613
1617 1618 1619 1620
1617 1616 1615 1614
1618 1619 1620 1621
1618 1617 1616 1615
1619 1620 1621 1622
1619 1618 1617 1616
1620 1621 1622 1623
1620 1619 1618 1617
1621 1622 1623 1624
1621 1620 1619 1618
1622 1623 1624 1625
1622 1621 1620 1619
1623 1624 1625 1626
1623 1622 1621 1620
1624 1625 1626 1627
1624 1623 1622 1621
1625 1626 1627 1628
1625 1624 1623 1622
1626 1627 1628 1629
1626 1625 1624 1623
1627 1628 1629 1630
1627 1626 1625 1624
1628 1629 1630 1631
1628 1627 1626 1625
1629 1630 1631 1632
1629 1628 1627 1626
1630 1631 1632 1633
1630 1629 1628 1627
1631 1632 1633 1636
1631 1630 1629 1628
1632 1633 1636 1637
1632 1631 1630 1629
1633 1636 1637 1638
1633 1632 1631 1630
1634 1649 1648 1647
1634 1635 1599 1600
1635 1634 1649 1648
1635 1599 1600 1575
1636 1637 1638 1639
1636 1633 1632 1631
1637 1638 1639 1640
1637 1636 1633 1632
1638 1639 1640 1641
1638 1637 1636 1633
1639 1640 1641 1642
1639 1638 1637 1636
1640 1641 1642 1643
1640 1639 1638 1637
1641 1642 1643 1644
1641 1640 1639 1638
1642 1643 1644 1645
1642 1641 1640 1639
1643 1644 1645 1646
1643 1642 1641 1640
1644 1645 1646 1647
1644 1643 1642 1641
1645 1646 1647 1648
1645 1644 1643 1642
1646 1647 1648 1649
1646 1645 1644 1643
1647 1648 1649 1634
1647 1646 1645 1644
1648 1647 1646 1645
1648 1649 1634 1635
1649 1648 1647 1646
1649 1634 1635 1599
