0 18 17 16
0 1 2 3
1 0 18 17
1 2 3 4
2 1 0 18
2 3 4 5
3 4 5 6
3 2 1 0
4 5 6 7
4 3 2 1
5 6 7 8
5 4 3 2
6 7 8 9
6 5 4 3
7 8 9 10
7 6 5 4
8 9 10 11
8 7 6 5
9 10 11 12
9 8 7 6
10 11 12 13
10 9 8 7
11 12 13 14
11 10 9 8
12 13 14 15
12 11 10 9
13 14 15 19
13 12 11 10
14 15 19 20
14 13 12 11
15 19 20 21
15 14 13 12
16 66 65 110
16 17 18 0
17 16 66 65
17 18 0 1
18 17 16 66
18 0 1 2
19 20 21 22
19 15 14 13
20 21 22 23
20 19 15 14
21 22 23 24
21 20 19 15
22 23 24 25
22 21 20 19
23 24 25 26
23 22 21 20
24 25 26 27
24 23 22 21
25 26 27 28
25 24 23 22
26 27 28 29
26 25 24 23
27 28 29 30
27 26 25 24
28 29 30 31
28 27 26 25
29 30 31 32
29 28 27 26
30 31 32 33
30 29 28 27
31 32 33 34
31 30 29 28
32 33 34 35
32 31 30 29
33 34 35 36
33 32 31 30
34 35 36 37
34 33 32 31
35 36 37 38
35 34 33 32
36 37 38 39
36 35 34 33
37 38 39 40
37 36 35 34
38 39 40 41
38 37 36 35
39 40 41 42
39 38 37 36
40 41 42 43
40 39 38 37
41 42 43 44
41 40 39 38
42 43 44 45
42 41 40 39
43 44 45 46
43 42 41 40
44 45 46 47
44 43 42 41
45 46 47 48
45 44 43 42
46 47 48 49
46 45 44 43
47 48 49 50
47 46 45 44
48 49 50 51
48 47 46 45
49 50 51 52
49 48 47 46
50 51 52 53
50 49 48 47
51 52 53 54
51 50 49 48
52 53 54 55
52 51 50 49
53 54 55 56
53 52 51 50
54 55 56 57
54 53 52 51
55 56 57 58
55 54 53 52
56 57 58 59
56 55 54 53
57 58 59 60
57 56 55 54
58 59 60 61
58 57 56 55
59 60 61 62
59 58 57 56
60 61 62 63
60 59 58 57
61 62 63 64
61 60 59 58
62 63 64 67
62 61 60 59
63 64 67 68
63 62 61 60
64 67 68 69
64 63 62 61
65 110 109 114
65 66 16 17
66 65 110 109
66 16 17 18
67 68 69 70
67 64 63 62
68 69 70 71
68 67 64 63
69 70 71 72
69 68 67 64
70 71 72 73
70 69 68 67
71 72 73 74
71 70 69 68
72 73 74 75
72 71 70 69
73 74 75 76
73 72 71 70
74 75 76 77
74 73 72 71
75 76 77 78
75 74 73 72
76 77 78 79
76 75 74 73
77 78 79 80
77 76 75 74
78 79 80 81
78 77 76 75
79 80 81 82
79 78 77 76
80 81 82 83
80 79 78 77
81 82 83 84
81 80 79 78
82 83 84 85
82 81 80 79
83 84 85 86
83 82 81 80
84 85 86 87
84 83 82 81
85 86 87 88
85 84 83 82
86 87 88 89
86 85 84 83
87 88 89 90
87 86 85 84
88 89 90 91
88 87 86 85
89 90 91 92
89 88 87 86
90 91 92 93
90 89 88 87
91 92 93 94
91 90 89 88
92 93 94 95
92 91 90 89
93 94 95 96
93 92 91 90
94 95 96 97
94 93 92 91
95 96 97 98
95 94 93 92
96 97 98 99
96 95 94 93
97 98 99 100
97 96 95 94
98 99 100 101
98 97 96 95
99 100 101 102
99 98 97 96
100 101 102 103
100 99 98 97
101 102 103 104
101 100 99 98
102 103 104 105
102 101 100 99
103 104 105 106
103 102 101 100
104 105 106 107
104 103 102 101
105 106 107 108
105 104 103 102
106 107 108 111
106 105 104 103
107 108 111 112
107 106 105 104
108 111 112 115
108 107 106 105
109 114 113 117
109 110 65 66
110 109 114 113
110 65 66 16
111 112 115 118
111 108 107 106
112 115 118 121
112 111 108 107
113 117 116 120
113 114 109 110
114 113 117 116
114 109 110 65
115 118 121 124
115 112 111 108
116 120 119 123
116 117 113 114
117 116 120 119
117 113 114 109
118 121 124 127
118 115 112 111
119 123 122 126
119 120 116 117
120 119 123 122
120 116 117 113
121 124 127 130
121 118 115 112
122 126 125 129
122 123 119 120
123 122 126 125
123 119 120 116
124 127 130 133
124 121 118 115
125 129 128 132
125 126 122 123
126 125 129 128
126 122 123 119
127 130 133 136
127 124 121 118
128 132 131 135
128 129 125 126
129 128 132 131
129 125 126 122
130 133 136 139
130 127 124 121
131 135 134 138
131 132 128 129
132 131 135 134
132 128 129 125
133 136 139 143
133 130 127 124
134 138 137 141
134 135 131 132
135 134 138 137
135 131 132 128
136 139 143 147
136 133 130 127
137 141 140 145
137 138 134 135
138 137 141 140
138 134 135 131
139 143 147 151
139 136 133 130
140 145 144 149
140 141 137 138
141 140 145 144
141 137 138 134
142 146 150 154
143 147 151 155
143 139 136 133
144 149 148 153
144 145 140 141
145 144 149 148
145 140 141 137
146 150 154 158
147 151 155 159
147 143 139 136
148 153 152 157
148 149 144 145
149 148 153 152
149 144 145 140
150 154 158 163
150 146 142 -1
151 155 159 164
151 147 143 139
152 157 156 161
152 153 148 149
153 152 157 156
153 148 149 144
154 158 163 162
154 150 146 142
155 159 164 165
155 151 147 143
156 161 160 167
156 157 152 153
157 156 161 160
157 152 153 148
158 163 162 169
158 154 150 146
159 164 165 170
159 155 151 147
160 167 166 172
160 161 156 157
161 160 167 166
161 156 157 152
162 169 168 174
162 163 158 154
163 162 169 168
163 158 154 150
164 165 170 175
164 159 155 151
165 170 175 179
165 164 159 155
166 172 171 177
166 167 160 161
167 166 172 171
167 160 161 156
168 174 173 178
168 169 162 163
169 168 174 173
169 162 163 158
170 175 179 180
170 165 164 159
171 177 176 182
171 172 166 167
172 171 177 176
172 166 167 160
173 178 183 187
173 174 168 169
174 173 178 183
174 168 169 162
175 179 180 184
175 170 165 164
176 182 181 186
176 177 171 172
177 176 182 181
177 171 172 166
178 183 187 191
178 173 174 168
179 180 184 188
179 175 170 165
180 184 188 192
180 179 175 170
181 186 185 190
181 182 176 177
182 181 186 185
182 176 177 171
183 187 191 196
183 178 173 174
184 188 192 193
184 180 179 175
185 190 189 195
185 186 181 182
186 185 190 189
186 181 182 176
187 191 196 200
187 183 178 173
188 192 193 197
188 184 180 179
189 195 194 199
189 190 185 186
190 189 195 194
190 185 186 181
191 196 200 204
191 187 183 178
192 193 197 201
192 188 184 180
193 197 201 205
193 192 188 184
194 199 198 203
194 195 189 190
195 194 199 198
195 189 190 185
196 200 204 210
196 191 187 183
197 201 205 206
197 193 192 188
198 203 202 208
198 199 194 195
199 198 203 202
199 194 195 189
200 204 210 209
200 196 191 187
201 205 206 211
201 197 193 192
202 208 207 213
202 203 198 199
203 202 208 207
203 198 199 194
204 210 209 214
204 200 196 191
205 206 211 215
205 201 197 193
206 211 215 219
206 205 201 197
207 213 212 217
207 208 202 203
208 207 213 212
208 202 203 198
209 214 218 222
209 210 204 200
210 209 214 218
210 204 200 196
211 215 219 223
211 206 205 201
212 217 216 221
212 213 207 208
213 212 217 216
213 207 208 202
214 218 222 226
214 209 210 204
215 219 223 227
215 211 206 205
216 221 220 225
216 217 212 213
217 216 221 220
217 212 213 207
218 222 226 230
218 214 209 210
219 223 227 231
219 215 211 206
220 225 224 229
220 221 216 217
221 220 225 224
221 216 217 212
222 226 230 235
222 218 214 209
223 227 231 236
223 219 215 211
224 229 228 233
224 225 220 221
225 224 229 228
225 220 221 216
226 230 235 234
226 222 218 214
227 231 236 239
227 223 219 215
228 233 232 237
228 229 224 225
229 228 233 232
229 224 225 220
230 235 234 238
230 226 222 218
231 236 239 244
231 227 223 219
232 237 240 246
232 233 228 229
233 232 237 240
233 228 229 224
234 238 243 248
234 235 230 226
235 234 238 243
235 230 226 222
236 239 244 249
236 231 227 223
237 240 246 245
237 232 233 228
238 243 248 252
238 234 235 230
239 244 249 253
239 236 231 227
240 246 245 250
240 237 232 233
241 242 247 251
242 247 251 -1
243 248 252 255
243 238 234 235
244 249 253 256
244 239 236 231
245 250 254 257
245 246 240 237
246 245 250 254
246 240 237 232
247 242 241 -1
248 252 255 258
248 243 238 234
249 253 256 259
249 244 239 236
250 254 257 260
250 245 246 240
251 247 242 -1
251 247 241 -1
252 255 258 261
252 248 243 238
253 256 259 262
253 249 244 239
254 257 260 264
254 250 245 246
255 258 261 265
255 252 248 243
256 259 262 263
256 253 249 244
257 260 264 267
257 254 250 245
258 261 265 268
258 255 252 248
259 262 263 266
259 256 253 249
260 264 267 270
260 257 254 250
261 265 268 271
261 258 255 252
262 263 266 269
262 259 256 253
263 266 269 272
263 262 259 256
264 267 270 274
264 260 257 254
265 268 271 275
265 261 258 255
266 269 272 273
266 263 262 259
267 270 274 277
267 264 260 257
268 271 275 278
268 265 261 258
269 272 273 276
269 266 263 262
270 274 277 280
270 267 264 260
271 275 278 281
271 268 265 261
272 273 276 279
272 269 266 263
273 276 279 282
273 272 269 266
274 277 280 285
274 270 267 264
275 278 281 286
275 271 268 265
276 279 282 283
276 273 272 269
277 280 285 284
277 274 270 267
278 281 286 289
278 275 271 268
279 282 283 287
279 276 273 272
280 285 284 288
280 277 274 270
281 286 289 292
281 278 275 271
282 283 287 290
282 279 276 273
283 287 290 293
283 282 279 276
284 288 291 295
284 285 280 277
285 284 288 291
285 280 277 274
286 289 292 296
286 281 278 275
287 290 293 294
287 283 282 279
288 291 295 298
288 284 285 280
289 292 296 299
289 286 281 278
290 293 294 297
290 287 283 282
291 295 298 301
291 288 284 285
292 296 299 302
292 289 286 281
293 294 297 300
293 290 287 283
294 297 300 303
294 293 290 287
295 298 301 304
295 291 288 284
296 299 302 305
296 292 289 286
297 300 303 306
297 294 293 290
298 301 304 308
298 295 291 288
299 302 305 309
299 296 292 289
300 303 306 310
300 297 294 293
301 304 308 307
301 298 295 291
302 305 309 312
302 299 296 292
303 306 310 313
303 300 297 294
304 308 307 311
304 301 298 295
305 309 312 315
305 302 299 296
306 310 313 316
306 303 300 297
307 311 314 317
307 308 304 301
308 307 311 314
308 304 301 298
309 312 315 318
309 305 302 299
310 313 316 319
310 306 303 300
311 314 317 320
311 307 308 304
312 315 318 321
312 309 305 302
313 316 319 322
313 310 306 303
314 317 320 323
314 311 307 308
315 318 321 324
315 312 309 305
316 319 322 325
316 313 310 306
317 320 323 326
317 314 311 307
318 321 324 327
318 315 312 309
319 322 325 328
319 316 313 310
320 323 326 329
320 317 314 311
321 324 327 330
321 318 315 312
322 325 328 331
322 319 316 313
323 326 329 332
323 320 317 314
324 327 330 333
324 321 318 315
325 328 331 334
325 322 319 316
326 329 332 335
326 323 320 317
327 330 333 336
327 324 321 318
328 331 334 337
328 325 322 319
329 332 335 338
329 326 323 320
330 333 336 339
330 327 324 321
331 334 337 340
331 328 325 322
332 335 338 341
332 329 326 323
333 336 339 342
333 330 327 324
334 337 340 343
334 331 328 325
335 338 341 344
335 332 329 326
336 339 342 345
336 333 330 327
337 340 343 346
337 334 331 328
338 341 344 347
338 335 332 329
339 342 345 348
339 336 333 330
340 343 346 349
340 337 334 331
341 344 347 350
341 338 335 332
342 345 348 351
342 339 336 333
343 346 349 352
343 340 337 334
344 347 350 353
344 341 338 335
345 348 351 354
345 342 339 336
346 349 352 355
346 343 340 337
347 350 353 357
347 344 341 338
348 351 354 358
348 345 342 339
349 352 355 356
349 346 343 340
350 353 357 360
350 347 344 341
351 354 358 361
351 348 345 342
352 355 356 359
352 349 346 343
353 357 360 364
353 350 347 344
354 358 361 362
354 351 348 345
355 356 359 363
355 352 349 346
356 359 363 366
356 355 352 349
357 360 364 368
357 353 350 347
358 361 362 365
358 354 351 348
359 363 366 367
359 356 355 352
360 364 368 372
360 357 353 350
361 362 365 369
361 358 354 351
362 365 369 370
362 361 358 354
363 366 367 371
363 359 356 355
364 368 372 375
364 360 357 353
365 369 370 373
365 362 361 358
366 367 371 374
366 363 359 356
367 371 374 378
367 366 363 359
368 372 375 379
368 364 360 357
369 370 373 376
369 365 362 361
370 373 376 377
370 369 365 362
371 374 378 381
371 367 366 363
372 375 379 382
372 368 364 360
373 376 377 380
373 370 369 365
374 378 381 384
374 371 367 366
375 379 382 385
375 372 368 364
376 377 380 383
376 373 370 369
377 380 383 386
377 376 373 370
378 381 384 388
378 374 371 367
379 382 385 390
379 375 372 368
380 383 386 387
380 377 376 373
381 384 388 392
381 378 374 371
382 385 390 389
382 379 375 372
383 386 387 391
383 380 377 376
384 388 392 395
384 381 378 374
385 390 389 393
385 382 379 375
386 387 391 394
386 383 380 377
387 391 394 397
387 386 383 380
388 392 395 399
388 384 381 378
389 393 396 400
389 390 385 382
390 389 393 396
390 385 382 379
391 394 397 398
391 387 386 383
392 395 399 402
392 388 384 381
393 396 400 403
393 389 390 385
394 397 398 401
394 391 387 386
395 399 402 405
395 392 388 384
396 400 403 406
396 393 389 390
397 398 401 404
397 394 391 387
398 401 404 408
398 397 394 391
399 402 405 410
399 395 392 388
400 403 406 411
400 396 393 389
401 404 408 409
401 398 397 394
402 405 410 415
402 399 395 392
403 406 411 416
403 400 396 393
404 408 409 413
404 401 398 397
405 410 415 419
405 402 399 395
406 411 416 420
406 403 400 396
407 412 417 421
408 409 413 414
408 404 401 398
409 413 414 418
409 408 404 401
410 415 419 424
410 405 402 399
411 416 420 425
411 406 403 400
412 417 421 426
413 414 418 422
413 409 408 404
414 418 422 423
414 413 409 408
415 419 424 429
415 410 405 402
416 420 425 430
416 411 406 403
417 421 426 431
417 412 407 -1
418 422 423 427
418 414 413 409
419 424 429 434
419 415 410 405
420 425 430 435
420 416 411 406
421 426 431 436
421 417 412 407
422 423 427 428
422 418 414 413
423 427 428 432
423 422 418 414
424 429 434 438
424 419 415 410
425 430 435 439
425 420 416 411
426 431 436 440
426 421 417 412
427 428 432 433
427 423 422 418
428 432 433 437
428 427 423 422
429 434 438 443
429 424 419 415
430 435 439 444
430 425 420 416
431 436 440 445
431 426 421 417
432 433 437 441
432 428 427 423
433 437 441 442
433 432 428 427
434 438 443 448
434 429 424 419
435 439 444 450
435 430 425 420
436 440 445 451
436 431 426 421
437 441 442 446
437 433 432 428
438 443 448 449
438 434 429 424
439 444 450 455
439 435 430 425
440 445 451 456
440 436 431 426
441 442 446 447
441 437 433 432
442 446 447 452
442 441 437 433
443 448 449 454
443 438 434 429
444 450 455 460
444 439 435 430
445 451 456 461
445 440 436 431
446 447 452 453
446 442 441 437
447 452 453 457
447 446 442 441
448 449 454 459
448 443 438 434
449 454 459 463
449 448 443 438
450 455 460 465
450 444 439 435
451 456 461 466
451 445 440 436
452 453 457 458
452 447 446 442
453 457 458 462
453 452 447 446
454 459 463 464
454 449 448 443
455 460 465 469
455 450 444 439
456 461 466 470
456 451 445 440
457 458 462 467
457 453 452 447
458 462 467 471
458 457 453 452
459 463 464 468
459 454 449 448
460 465 469 474
460 455 450 444
461 466 470 475
461 456 451 445
462 467 471 472
462 458 457 453
463 464 468 473
463 459 454 449
464 468 473 478
464 463 459 454
465 469 474 480
465 460 455 450
466 470 475 481
466 461 456 451
467 471 472 476
467 462 458 457
468 473 478 479
468 464 463 459
469 474 480 485
469 465 460 455
470 475 481 486
470 466 461 456
471 472 476 477
471 467 462 458
472 476 477 482
472 471 467 462
473 478 479 484
473 468 464 463
474 480 485 490
474 469 465 460
475 481 486 491
475 470 466 461
476 477 482 483
476 472 471 467
477 482 483 487
477 476 472 471
478 479 484 489
478 473 468 464
479 484 489 494
479 478 473 468
480 485 490 496
480 474 469 465
481 486 491 497
481 475 470 466
482 483 487 488
482 477 476 472
483 487 488 492
483 482 477 476
484 489 494 495
484 479 478 473
485 490 496 501
485 480 474 469
486 491 497 502
486 481 475 470
487 488 492 493
487 483 482 477
488 492 493 498
488 487 483 482
489 494 495 500
489 484 479 478
490 496 501 506
490 485 480 474
491 497 502 507
491 486 481 475
492 493 498 499
492 488 487 483
493 498 499 503
493 492 488 487
494 495 500 505
494 489 484 479
495 500 505 510
495 494 489 484
496 501 506 511
496 490 485 480
497 502 507 512
497 491 486 481
498 499 503 504
498 493 492 488
499 503 504 508
499 498 493 492
500 505 510 515
500 495 494 489
501 506 511 516
501 496 490 485
502 507 512 517
502 497 491 486
503 504 508 509
503 499 498 493
504 508 509 513
504 503 499 498
505 510 515 520
505 500 495 494
506 511 516 521
506 501 496 490
507 512 517 522
507 502 497 491
508 509 513 514
508 504 503 499
509 513 514 518
509 508 504 503
510 515 520 525
510 505 500 495
511 516 521 526
511 506 501 496
512 517 522 527
512 507 502 497
513 514 518 519
513 509 508 504
514 518 519 523
514 513 509 508
515 520 525 530
515 510 505 500
516 521 526 531
516 511 506 501
517 522 527 532
517 512 507 502
518 519 523 524
518 514 513 509
519 523 524 528
519 518 514 513
520 525 530 535
520 515 510 505
521 526 531 536
521 516 511 506
522 527 532 537
522 517 512 507
523 524 528 529
523 519 518 514
524 528 529 533
524 523 519 518
525 530 535 540
525 520 515 510
526 531 536 541
526 521 516 511
527 532 537 542
527 522 517 512
528 529 533 534
528 524 523 519
529 533 534 538
529 528 524 523
530 535 540 545
530 525 520 515
531 536 541 546
531 526 521 516
532 537 542 547
532 527 522 517
533 534 538 539
533 529 528 524
534 538 539 543
534 533 529 528
535 540 545 550
535 530 525 520
536 541 546 551
536 531 526 521
537 542 547 552
537 532 527 522
538 539 543 544
538 534 533 529
539 543 544 548
539 538 534 533
540 545 550 555
540 535 530 525
541 546 551 556
541 536 531 526
542 547 552 557
542 537 532 527
543 544 548 549
543 539 538 534
544 548 549 553
544 543 539 538
545 550 555 561
545 540 535 530
546 551 556 562
546 541 536 531
547 552 557 563
547 542 537 532
548 549 553 554
548 544 543 539
549 553 554 558
549 548 544 543
550 555 561 566
550 545 540 535
551 556 562 568
551 546 541 536
552 557 563 569
552 547 542 537
553 554 558 559
553 549 548 544
554 558 559 560
554 553 549 548
555 561 566 567
555 550 545 540
556 562 568 573
556 551 546 541
557 563 569 574
557 552 547 542
558 559 560 564
558 554 553 549
559 560 564 565
559 558 554 553
560 564 565 570
560 559 558 554
561 566 567 572
561 555 550 545
562 568 573 578
562 556 551 546
563 569 574 579
563 557 552 547
564 565 570 571
564 560 559 558
565 570 571 575
565 564 560 559
566 567 572 577
566 561 555 550
567 572 577 582
567 566 561 555
568 573 578 584
568 562 556 551
569 574 579 585
569 563 557 552
570 571 575 576
570 565 564 560
571 575 576 580
571 570 565 564
572 577 582 583
572 567 566 561
573 578 584 589
573 568 562 556
574 579 585 590
574 569 563 557
575 576 580 581
575 571 570 565
576 580 581 586
576 575 571 570
577 582 583 588
577 572 567 566
578 584 589 595
578 573 568 562
579 585 590 596
579 574 569 563
580 581 586 587
580 576 575 571
581 586 587 591
581 580 576 575
582 583 588 594
582 577 572 567
583 588 594 599
583 582 577 572
584 589 595 601
584 578 573 568
585 590 596 602
585 579 574 569
586 587 591 592
586 581 580 576
587 591 592 593
587 586 581 580
588 594 599 600
588 583 582 577
589 595 601 606
589 584 578 573
590 596 602 607
590 585 579 574
591 592 593 597
591 587 586 581
592 593 597 598
592 591 587 586
593 597 598 603
593 592 591 587
594 599 600 605
594 588 583 582
595 601 606 610
595 589 584 578
596 602 607 611
596 590 585 579
597 598 603 604
597 593 592 591
598 603 604 608
598 597 593 592
599 600 605 609
599 594 588 583
600 605 609 613
600 599 594 588
601 606 610 614
601 595 589 584
602 607 611 615
602 596 590 585
603 604 608 612
603 598 597 593
604 608 612 616
604 603 598 597
605 609 613 617
605 600 599 594
606 610 614 618
606 601 595 589
607 611 615 619
607 602 596 590
608 612 616 620
608 604 603 598
609 613 617 621
609 605 600 599
610 614 618 622
610 606 601 595
611 615 619 623
611 607 602 596
612 616 620 624
612 608 604 603
613 617 621 625
613 609 605 600
614 618 622 626
614 610 606 601
615 619 623 627
615 611 607 602
616 620 624 629
616 612 608 604
617 621 625 630
617 613 609 605
618 622 626 631
618 614 610 606
619 623 627 632
619 615 611 607
620 624 629 628
620 616 612 608
621 625 630 634
621 617 613 609
622 626 631 635
622 618 614 610
623 627 632 636
623 619 615 611
624 629 628 633
624 620 616 612
625 630 634 639
625 621 617 613
626 631 635 640
626 622 618 614
627 632 636 641
627 623 619 615
628 633 638 637
628 629 624 620
629 628 633 638
629 624 620 616
630 634 639 643
630 625 621 617
631 635 640 644
631 626 622 618
632 636 641 645
632 627 623 619
633 638 637 642
633 628 629 624
634 639 643 648
634 630 625 621
635 640 644 649
635 631 626 622
636 641 645 653
636 632 627 623
637 642 647 646
637 638 633 628
638 637 642 647
638 633 628 629
639 643 648 655
639 634 630 625
640 644 649 656
640 635 631 626
641 645 653 662
641 636 632 627
642 647 646 654
642 637 638 633
643 648 655 664
643 639 634 630
644 649 656 665
644 640 635 631
645 653 662 668
645 641 636 632
646 654 663 669
646 647 642 637
647 646 654 663
647 642 637 638
648 655 664 670
648 643 639 634
649 656 665 671
649 644 640 635
650 658 657 666
650 651 652 659
651 652 659 660
651 650 658 657
652 659 660 661
652 651 650 658
653 662 668 675
653 645 641 636
654 663 669 676
654 646 647 642
655 664 670 677
655 648 643 639
656 665 671 678
656 649 644 640
657 666 672 679
657 658 650 651
658 657 666 672
658 650 651 652
659 660 661 667
659 652 651 650
660 661 667 673
660 659 652 651
661 667 673 674
661 660 659 652
662 668 675 681
662 653 645 641
663 669 676 682
663 654 646 647
664 670 677 683
664 655 648 643
665 671 678 684
665 656 649 644
666 672 679 685
666 657 658 650
667 673 674 680
667 661 660 659
668 675 681 687
668 662 653 645
669 676 682 688
669 663 654 646
670 677 683 689
670 664 655 648
671 678 684 690
671 665 656 649
672 679 685 691
672 666 657 658
672 666 658 650
673 674 680 686
673 667 661 660
674 680 686 692
674 673 667 661
675 681 687 693
675 668 662 653
676 682 688 695
676 669 663 654
677 683 689 696
677 670 664 655
678 684 690 697
678 671 665 656
679 685 691 699
679 672 666 657
679 672 658 650
680 686 692 700
680 674 673 667
681 687 693 701
681 675 668 662
682 688 695 694
682 676 669 663
683 689 696 703
683 677 670 664
684 690 697 704
684 678 671 665
685 691 699 698
685 679 672 666
686 692 700 706
686 680 674 673
687 693 701 707
687 681 675 668
688 695 694 702
688 682 676 669
689 696 703 710
689 683 677 670
690 697 704 711
690 684 678 671
691 699 698 705
691 685 679 672
692 700 706 713
692 686 680 674
693 701 707 714
693 687 681 675
694 702 709 708
694 695 688 682
695 694 702 709
695 688 682 676
696 703 710 716
696 689 683 677
697 704 711 717
697 690 684 678
698 705 712 718
698 699 691 685
699 698 705 712
699 691 685 679
700 706 713 719
700 692 686 680
701 707 714 720
701 693 687 681
702 709 708 715
702 694 695 688
703 710 716 723
703 696 689 683
704 711 717 724
704 697 690 684
705 712 718 725
705 698 699 691
706 713 719 726
706 700 692 686
707 714 720 727
707 701 693 687
708 715 722 721
708 709 702 694
709 708 715 722
709 702 694 695
710 716 723 729
710 703 696 689
711 717 724 730
711 704 697 690
712 718 725 731
712 705 698 699
713 719 726 732
713 706 700 692
714 720 727 733
714 707 701 693
715 722 721 728
715 708 709 702
716 723 729 736
716 710 703 696
717 724 730 737
717 711 704 697
718 725 731 738
718 712 705 698
719 726 732 739
719 713 706 700
720 727 733 740
720 714 707 701
721 728 735 734
721 722 715 708
722 721 728 735
722 715 708 709
723 729 736 742
723 716 710 703
724 730 737 743
724 717 711 704
725 731 738 744
725 718 712 705
726 732 739 745
726 719 713 706
727 733 740 746
727 720 714 707
728 735 734 741
728 721 722 715
729 736 742 748
729 723 716 710
730 737 743 749
730 724 717 711
731 738 744 750
731 725 718 712
732 739 745 751
732 726 719 713
733 740 746 752
733 727 720 714
734 741 747 753
734 735 728 721
735 734 741 747
735 728 721 722
736 742 748 754
736 729 723 716
737 743 749 755
737 730 724 717
738 744 750 756
738 731 725 718
739 745 751 757
739 732 726 719
740 746 752 758
740 733 727 720
741 747 753 759
741 734 735 728
742 748 754 760
742 736 729 723
743 749 755 761
743 737 730 724
744 750 756 762
744 738 731 725
745 751 757 763
745 739 732 726
746 752 758 764
746 740 733 727
747 753 759 766
747 741 734 735
748 754 760 767
748 742 736 729
749 755 761 768
749 743 737 730
750 756 762 770
750 744 738 731
751 757 763 771
751 745 739 732
752 758 764 772
752 746 740 733
753 759 766 765
753 747 741 734
754 760 767 774
754 748 742 736
755 761 768 775
755 749 743 737
756 762 770 769
756 750 744 738
757 763 771 777
757 751 745 739
758 764 772 778
758 752 746 740
759 766 765 773
759 753 747 741
760 767 774 781
760 754 748 742
761 768 775 782
761 755 749 743
762 770 769 776
762 756 750 744
763 771 777 784
763 757 751 745
764 772 778 785
764 758 752 746
765 773 780 779
765 766 759 753
766 765 773 780
766 759 753 747
767 774 781 787
767 760 754 748
768 775 782 788
768 761 755 749
769 776 783 789
769 770 762 756
770 769 776 783
770 762 756 750
771 777 784 790
771 763 757 751
772 778 785 791
772 764 758 752
773 780 779 786
773 765 766 759
774 781 787 793
774 767 760 754
775 782 788 794
775 768 761 755
776 783 789 795
776 769 770 762
777 784 790 796
777 771 763 757
778 785 791 797
778 772 764 758
779 786 792 798
779 780 773 765
780 779 786 792
780 773 765 766
781 787 793 799
781 774 767 760
782 788 794 800
782 775 768 761
783 789 795 801
783 776 769 770
784 790 796 802
784 777 771 763
785 791 797 803
785 778 772 764
786 792 798 804
786 779 780 773
787 793 799 805
787 781 774 767
788 794 800 806
788 782 775 768
789 795 801 807
789 783 776 769
790 796 802 808
790 784 777 771
791 797 803 809
791 785 778 772
792 798 804 811
792 786 779 780
793 799 805 812
793 787 781 774
794 800 806 813
794 788 782 775
795 801 807 814
795 789 783 776
796 802 808 815
796 790 784 777
797 803 809 816
797 791 785 778
798 804 811 810
798 792 786 779
799 805 812 818
799 793 787 781
800 806 813 819
800 794 788 782
801 807 814 820
801 795 789 783
802 808 815 821
802 796 790 784
803 809 816 822
803 797 791 785
804 811 810 817
804 798 792 786
805 812 818 824
805 799 793 787
806 813 819 825
806 800 794 788
807 814 820 826
807 801 795 789
808 815 821 827
808 802 796 790
809 816 822 828
809 803 797 791
810 817 823 829
810 811 804 798
811 810 817 823
811 804 798 792
812 818 824 830
812 805 799 793
813 819 825 831
813 806 800 794
814 820 826 832
814 807 801 795
815 821 827 833
815 808 802 796
816 822 828 834
816 809 803 797
817 823 829 835
817 810 811 804
818 824 830 836
818 812 805 799
819 825 831 837
819 813 806 800
820 826 832 838
820 814 807 801
821 827 833 839
821 815 808 802
822 828 834 840
822 816 809 803
823 829 835 842
823 817 810 811
824 830 836 843
824 818 812 805
825 831 837 844
825 819 813 806
826 832 838 845
826 820 814 807
827 833 839 846
827 821 815 808
828 834 840 847
828 822 816 809
829 835 842 841
829 823 817 810
830 836 843 849
830 824 818 812
831 837 844 850
831 825 819 813
832 838 845 851
832 826 820 814
833 839 846 852
833 827 821 815
834 840 847 853
834 828 822 816
835 842 841 848
835 829 823 817
836 843 849 855
836 830 824 818
837 844 850 856
837 831 825 819
838 845 851 857
838 832 826 820
839 846 852 858
839 833 827 821
840 847 853 860
840 834 828 822
841 848 854 861
841 842 835 829
842 841 848 854
842 835 829 823
843 849 855 862
843 836 830 824
844 850 856 863
844 837 831 825
845 851 857 864
845 838 832 826
846 852 858 859
846 839 833 827
847 853 860 866
847 840 834 828
848 854 861 867
848 841 842 835
849 855 862 868
849 843 836 830
850 856 863 869
850 844 837 831
851 857 864 870
851 845 838 832
852 858 859 865
852 846 839 833
853 860 866 872
853 847 840 834
854 861 867 873
854 848 841 842
855 862 868 874
855 849 843 836
856 863 869 875
856 850 844 837
857 864 870 876
857 851 845 838
858 859 865 871
858 852 846 839
859 865 871 877
859 858 852 846
860 866 872 878
860 853 847 840
861 867 873 879
861 854 848 841
862 868 874 880
862 855 849 843
863 869 875 881
863 856 850 844
864 870 876 882
864 857 851 845
865 871 877 883
865 859 858 852
866 872 878 884
866 860 853 847
867 873 879 885
867 861 854 848
868 874 880 886
868 862 855 849
869 875 881 887
869 863 856 850
870 876 882 888
870 864 857 851
871 877 883 889
871 865 859 858
872 878 884 890
872 866 860 853
873 879 885 892
873 867 861 854
874 880 886 893
874 868 862 855
875 881 887 894
875 869 863 856
876 882 888 895
876 870 864 857
877 883 889 896
877 871 865 859
878 884 890 897
878 872 866 860
879 885 892 891
879 873 867 861
880 886 893 899
880 874 868 862
881 887 894 900
881 875 869 863
882 888 895 901
882 876 870 864
883 889 896 902
883 877 871 865
884 890 897 903
884 878 872 866
885 892 891 898
885 879 873 867
886 893 899 905
886 880 874 868
887 894 900 906
887 881 875 869
888 895 901 907
888 882 876 870
889 896 902 908
889 883 877 871
890 897 903 909
890 884 878 872
891 898 904 911
891 892 885 879
892 891 898 904
892 885 879 873
893 899 905 912
893 886 880 874
894 900 906 913
894 887 881 875
895 901 907 914
895 888 882 876
896 902 908 915
896 889 883 877
897 903 909 916
897 890 884 878
898 904 911 910
898 891 892 885
899 905 912 918
899 893 886 880
900 906 913 919
900 894 887 881
901 907 914 920
901 895 888 882
902 908 915 921
902 896 889 883
903 909 916 922
903 897 890 884
904 911 910 917
904 898 891 892
905 912 918 924
905 899 893 886
906 913 919 925
906 900 894 887
907 914 920 926
907 901 895 888
908 915 921 927
908 902 896 889
909 916 922 928
909 903 897 890
910 917 923 929
910 911 904 898
911 910 917 923
911 904 898 891
912 918 924 930
912 905 899 893
913 919 925 931
913 906 900 894
914 920 926 932
914 907 901 895
915 921 927 933
915 908 902 896
916 922 928 934
916 909 903 897
917 923 929 935
917 910 911 904
918 924 930 936
918 912 905 899
919 925 931 938
919 913 906 900
920 926 932 939
920 914 907 901
921 927 933 940
921 915 908 902
922 928 934 941
922 916 909 903
923 929 935 942
923 917 910 911
924 930 936 943
924 918 912 905
925 931 938 937
925 919 913 906
926 932 939 945
926 920 914 907
927 933 940 946
927 921 915 908
928 934 941 947
928 922 916 909
929 935 942 948
929 923 917 910
930 936 943 949
930 924 918 912
931 938 937 944
931 925 919 913
932 939 945 951
932 926 920 914
933 940 946 952
933 927 921 915
934 941 947 953
934 928 922 916
935 942 948 954
935 929 923 917
936 943 949 955
936 930 924 918
937 944 950 956
937 938 931 925
938 937 944 950
938 931 925 919
939 945 951 958
939 932 926 920
940 946 952 959
940 933 927 921
941 947 953 960
941 934 928 922
942 948 954 961
942 935 929 923
943 949 955 962
943 936 930 924
944 950 956 963
944 937 938 931
945 951 958 957
945 939 932 926
946 952 959 965
946 940 933 927
947 953 960 966
947 941 934 928
948 954 961 968
948 942 935 929
949 955 962 969
949 943 936 930
950 956 963 970
950 944 937 938
951 958 957 964
951 945 939 932
952 959 965 972
952 946 940 933
953 960 966 973
953 947 941 934
954 961 968 967
954 948 942 935
955 962 969 975
955 949 943 936
956 963 970 976
956 950 944 937
957 964 971 977
957 958 951 945
958 957 964 971
958 951 945 939
959 965 972 978
959 952 946 940
960 966 973 979
960 953 947 941
961 968 967 974
961 954 948 942
962 969 975 981
962 955 949 943
963 970 976 982
963 956 950 944
964 971 977 983
964 957 958 951
965 972 978 984
965 959 952 946
966 973 979 985
966 960 953 947
967 974 980 987
967 968 961 954
968 967 974 980
968 961 954 948
969 975 981 988
969 962 955 949
970 976 982 989
970 963 956 950
971 977 983 990
971 964 957 958
972 978 984 991
972 965 959 952
973 979 985 992
973 966 960 953
974 980 987 986
974 967 968 961
975 981 988 994
975 969 962 955
976 982 989 995
976 970 963 956
977 983 990 996
977 971 964 957
978 984 991 997
978 972 965 959
979 985 992 998
979 973 966 960
980 987 986 993
980 974 967 968
981 988 994 1000
981 975 969 962
982 989 995 1001
982 976 970 963
983 990 996 1002
983 977 971 964
984 991 997 1003
984 978 972 965
985 992 998 1004
985 979 973 966
986 993 999 1005
986 987 980 974
987 986 993 999
987 980 974 967
988 994 1000 1006
988 981 975 969
989 995 1001 1007
989 982 976 970
990 996 1002 1008
990 983 977 971
991 997 1003 1009
991 984 978 972
992 998 1004 1010
992 985 979 973
993 999 1005 1011
993 986 987 980
994 1000 1006 1012
994 988 981 975
995 1001 1007 1013
995 989 982 976
996 1002 1008 1014
996 990 983 977
997 1003 1009 1015
997 991 984 978
998 1004 1010 1016
998 992 985 979
999 1005 1011 1017
999 993 986 987
1000 1006 1012 1018
1000 994 988 981
1001 1007 1013 1019
1001 995 989 982
1002 1008 1014 1020
1002 996 990 983
1003 1009 1015 1021
1003 997 991 984
1004 1010 1016 1022
1004 998 992 985
1005 1011 1017 1023
1005 999 993 986
1006 1012 1018 1024
1006 1000 994 988
1007 1013 1019 1025
1007 1001 995 989
1008 1014 1020 1026
1008 1002 996 990
1009 1015 1021 1027
1009 1003 997 991
1010 1016 1022 1028
1010 1004 998 992
1011 1017 1023 1030
1011 1005 999 993
1012 1018 1024 1031
1012 1006 1000 994
1013 1019 1025 1032
1013 1007 1001 995
1014 1020 1026 1033
1014 1008 1002 996
1015 1021 1027 1034
1015 1009 1003 997
1016 1022 1028 1035
1016 1010 1004 998
1017 1023 1030 1029
1017 1011 1005 999
1018 1024 1031 1037
1018 1012 1006 1000
1019 1025 1032 1038
1019 1013 1007 1001
1020 1026 1033 1039
1020 1014 1008 1002
1021 1027 1034 1040
1021 1015 1009 1003
1022 1028 1035 1041
1022 1016 1010 1004
1023 1030 1029 1036
1023 1017 1011 1005
1024 1031 1037 1043
1024 1018 1012 1006
1025 1032 1038 1044
1025 1019 1013 1007
1026 1033 1039 1045
1026 1020 1014 1008
1027 1034 1040 1046
1027 1021 1015 1009
1028 1035 1041 1047
1028 1022 1016 1010
1029 1036 1042 1048
1029 1030 1023 1017
1030 1029 1036 1042
1030 1023 1017 1011
1031 1037 1043 1049
1031 1024 1018 1012
1032 1038 1044 1050
1032 1025 1019 1013
1033 1039 1045 1051
1033 1026 1020 1014
1034 1040 1046 1052
1034 1027 1021 1015
1035 1041 1047 1053
1035 1028 1022 1016
1036 1042 1048 1054
1036 1029 1030 1023
1037 1043 1049 1055
1037 1031 1024 1018
1038 1044 1050 1056
1038 1032 1025 1019
1039 1045 1051 1057
1039 1033 1026 1020
1040 1046 1052 1058
1040 1034 1027 1021
1041 1047 1053 1059
1041 1035 1028 1022
1042 1048 1054 1060
1042 1036 1029 1030
1043 1049 1055 1061
1043 1037 1031 1024
1044 1050 1056 1062
1044 1038 1032 1025
1045 1051 1057 1063
1045 1039 1033 1026
1046 1052 1058 1064
1046 1040 1034 1027
1047 1053 1059 1065
1047 1041 1035 1028
1048 1054 1060 1066
1048 1042 1036 1029
1049 1055 1061 1067
1049 1043 1037 1031
1050 1056 1062 1068
1050 1044 1038 1032
1051 1057 1063 1069
1051 1045 1039 1033
1052 1058 1064 1070
1052 1046 1040 1034
1053 1059 1065 1071
1053 1047 1041 1035
1054 1060 1066 1073
1054 1048 1042 1036
1055 1061 1067 1074
1055 1049 1043 1037
1056 1062 1068 1075
1056 1050 1044 1038
1057 1063 1069 1076
1057 1051 1045 1039
1058 1064 1070 1077
1058 1052 1046 1040
1059 1065 1071 1078
1059 1053 1047 1041
1060 1066 1073 1072
1060 1054 1048 1042
1061 1067 1074 1080
1061 1055 1049 1043
1062 1068 1075 1081
1062 1056 1050 1044
1063 1069 1076 1082
1063 1057 1051 1045
1064 1070 1077 1083
1064 1058 1052 1046
1065 1071 1078 1085
1065 1059 1053 1047
1066 1073 1072 1079
1066 1060 1054 1048
1067 1074 1080 1087
1067 1061 1055 1049
1068 1075 1081 1088
1068 1062 1056 1050
1069 1076 1082 1089
1069 1063 1057 1051
1070 1077 1083 1084
1070 1064 1058 1052
1071 1078 1085 1091
1071 1065 1059 1053
1072 1079 1086 1092
1072 1073 1066 1060
1073 1072 1079 1086
1073 1066 1060 1054
1074 1080 1087 1093
1074 1067 1061 1055
1075 1081 1088 1094
1075 1068 1062 1056
1076 1082 1089 1095
1076 1069 1063 1057
1077 1083 1084 1090
1077 1070 1064 1058
1078 1085 1091 1097
1078 1071 1065 1059
1079 1086 1092 1098
1079 1072 1073 1066
1080 1087 1093 1099
1080 1074 1067 1061
1081 1088 1094 1100
1081 1075 1068 1062
1082 1089 1095 1101
1082 1076 1069 1063
1083 1084 1090 1096
1083 1077 1070 1064
1084 1090 1096 1102
1084 1083 1077 1070
1085 1091 1097 1103
1085 1078 1071 1065
1086 1092 1098 1104
1086 1079 1072 1073
1087 1093 1099 1105
1087 1080 1074 1067
1088 1094 1100 1106
1088 1081 1075 1068
1089 1095 1101 1107
1089 1082 1076 1069
1090 1096 1102 1108
1090 1084 1083 1077
1091 1097 1103 1109
1091 1085 1078 1071
1092 1098 1104 1110
1092 1086 1079 1072
1093 1099 1105 1111
1093 1087 1080 1074
1094 1100 1106 1112
1094 1088 1081 1075
1095 1101 1107 1113
1095 1089 1082 1076
1096 1102 1108 1114
1096 1090 1084 1083
1097 1103 1109 1115
1097 1091 1085 1078
1098 1104 1110 1116
1098 1092 1086 1079
1099 1105 1111 1117
1099 1093 1087 1080
1100 1106 1112 1118
1100 1094 1088 1081
1101 1107 1113 1119
1101 1095 1089 1082
1102 1108 1114 1120
1102 1096 1090 1084
1103 1109 1115 1121
1103 1097 1091 1085
1104 1110 1116 1123
1104 1098 1092 1086
1105 1111 1117 1124
1105 1099 1093 1087
1106 1112 1118 1125
1106 1100 1094 1088
1107 1113 1119 1126
1107 1101 1095 1089
1108 1114 1120 1127
1108 1102 1096 1090
1109 1115 1121 1128
1109 1103 1097 1091
1110 1116 1123 1122
1110 1104 1098 1092
1111 1117 1124 1130
1111 1105 1099 1093
1112 1118 1125 1131
1112 1106 1100 1094
1113 1119 1126 1132
1113 1107 1101 1095
1114 1120 1127 1133
1114 1108 1102 1096
1115 1121 1128 1134
1115 1109 1103 1097
1116 1123 1122 1129
1116 1110 1104 1098
1117 1124 1130 1136
1117 1111 1105 1099
1118 1125 1131 1137
1118 1112 1106 1100
1119 1126 1132 1138
1119 1113 1107 1101
1120 1127 1133 1139
1120 1114 1108 1102
1121 1128 1134 1140
1121 1115 1109 1103
1122 1129 1135 1141
1122 1123 1116 1110
1123 1122 1129 1135
1123 1116 1110 1104
1124 1130 1136 1142
1124 1117 1111 1105
1125 1131 1137 1143
1125 1118 1112 1106
1126 1132 1138 1144
1126 1119 1113 1107
1127 1133 1139 1145
1127 1120 1114 1108
1128 1134 1140 1146
1128 1121 1115 1109
1129 1135 1141 1147
1129 1122 1123 1116
1130 1136 1142 1148
1130 1124 1117 1111
1131 1137 1143 1149
1131 1125 1118 1112
1132 1138 1144 1150
1132 1126 1119 1113
1133 1139 1145 1151
1133 1127 1120 1114
1134 1140 1146 1152
1134 1128 1121 1115
1135 1141 1147 1153
1135 1129 1122 1123
1136 1142 1148 1154
1136 1130 1124 1117
1137 1143 1149 1155
1137 1131 1125 1118
1138 1144 1150 1156
1138 1132 1126 1119
1139 1145 1151 1157
1139 1133 1127 1120
1140 1146 1152 -1
1140 1134 1128 1121
1141 1147 1153 1158
1141 1135 1129 1122
1142 1148 1154 1159
1142 1136 1130 1124
1143 1149 1155 1160
1143 1137 1131 1125
1144 1150 1156 1161
1144 1138 1132 1126
1145 1151 1157 1162
1145 1139 1133 1127
1146 1140 1134 1128
1147 1153 1158 1163
1147 1141 1135 1129
1148 1154 1159 1164
1148 1142 1136 1130
1149 1155 1160 1165
1149 1143 1137 1131
1150 1156 1161 1166
1150 1144 1138 1132
1151 1157 1162 1167
1151 1145 1139 1133
1152 1178 1183 -1
1152 1146 1140 1134
1153 1158 1163 1168
1153 1147 1141 1135
1154 1159 1164 1169
1154 1148 1142 1136
1155 1160 1165 1170
1155 1149 1143 1137
1156 1161 1166 1171
1156 1150 1144 1138
1157 1162 1167 1172
1157 1151 1145 1139
1158 1163 1168 1173
1158 1153 1147 1141
1159 1164 1169 1174
1159 1154 1148 1142
1160 1165 1170 1175
1160 1155 1149 1143
1161 1166 1171 1176
1161 1156 1150 1144
1162 1167 1172 1177
1162 1157 1151 1145
1163 1168 1173 1178
1163 1158 1153 1147
1164 1169 1174 1179
1164 1159 1154 1148
1165 1170 1175 1180
1165 1160 1155 1149
1166 1171 1176 1181
1166 1161 1156 1150
1167 1172 1177 1182
1167 1162 1157 1151
1168 1173 1178 1183
1168 1163 1158 1153
1169 1174 1179 1184
1169 1164 1159 1154
1170 1175 1180 1185
1170 1165 1160 1155
1171 1176 1181 1186
1171 1166 1161 1156
1172 1177 1182 1187
1172 1167 1162 1157
1173 1178 1183 1188
1173 1168 1163 1158
1174 1179 1184 1189
1174 1169 1164 1159
1175 1180 1185 1190
1175 1170 1165 1160
1176 1181 1186 1191
1176 1171 1166 1161
1177 1182 1187 1192
1177 1172 1167 1162
1178 1183 1188 1193
1178 1173 1168 1163
1178 1173 1152 -1
1179 1184 1189 1194
1179 1174 1169 1164
1180 1185 1190 1195
1180 1175 1170 1165
1181 1186 1191 1196
1181 1176 1171 1166
1182 1187 1192 1197
1182 1177 1172 1167
1183 1188 1193 1198
1183 1178 1173 1168
1183 1178 1152 -1
1184 1189 1194 1199
1184 1179 1174 1169
1185 1190 1195 1200
1185 1180 1175 1170
1186 1191 1196 1201
1186 1181 1176 1171
1187 1192 1197 1202
1187 1182 1177 1172
1188 1193 1198 1203
1188 1183 1178 1173
1189 1194 1199 1204
1189 1184 1179 1174
1190 1195 1200 1205
1190 1185 1180 1175
1191 1196 1201 1206
1191 1186 1181 1176
1192 1197 1202 1207
1192 1187 1182 1177
1193 1198 1203 1209
1193 1188 1183 1178
1194 1199 1204 1210
1194 1189 1184 1179
1195 1200 1205 1211
1195 1190 1185 1180
1196 1201 1206 1212
1196 1191 1186 1181
1197 1202 1207 1213
1197 1192 1187 1182
1198 1203 1209 1208
1198 1193 1188 1183
1199 1204 1210 1215
1199 1194 1189 1184
1200 1205 1211 1216
1200 1195 1190 1185
1201 1206 1212 1217
1201 1196 1191 1186
1202 1207 1213 1218
1202 1197 1192 1187
1203 1209 1208 1214
1203 1198 1193 1188
1204 1210 1215 1220
1204 1199 1194 1189
1205 1211 1216 1221
1205 1200 1195 1190
1206 1212 1217 1222
1206 1201 1196 1191
1207 1213 1218 1223
1207 1202 1197 1192
1208 1214 1219 1224
1208 1209 1203 1198
1209 1208 1214 1219
1209 1203 1198 1193
1210 1215 1220 1225
1210 1204 1199 1194
1211 1216 1221 1226
1211 1205 1200 1195
1212 1217 1222 1227
1212 1206 1201 1196
1213 1218 1223 1228
1213 1207 1202 1197
1214 1219 1224 1229
1214 1208 1209 1203
1215 1220 1225 1230
1215 1210 1204 1199
1216 1221 1226 1231
1216 1211 1205 1200
1217 1222 1227 1232
1217 1212 1206 1201
1218 1223 1228 1233
1218 1213 1207 1202
1219 1224 1229 1234
1219 1214 1208 1209
1220 1225 1230 1235
1220 1215 1210 1204
1221 1226 1231 1236
1221 1216 1211 1205
1222 1227 1232 1237
1222 1217 1212 1206
1223 1228 1233 1238
1223 1218 1213 1207
1224 1229 1234 1239
1224 1219 1214 1208
1225 1230 1235 1240
1225 1220 1215 1210
1226 1231 1236 1241
1226 1221 1216 1211
1227 1232 1237 1242
1227 1222 1217 1212
1228 1233 1238 1243
1228 1223 1218 1213
1229 1234 1239 1244
1229 1224 1219 1214
1230 1235 1240 1245
1230 1225 1220 1215
1231 1236 1241 1246
1231 1226 1221 1216
1232 1237 1242 1247
1232 1227 1222 1217
1233 1238 1243 1248
1233 1228 1223 1218
1234 1239 1244 1249
1234 1229 1224 1219
1235 1240 1245 1250
1235 1230 1225 1220
1236 1241 1246 1251
1236 1231 1226 1221
1237 1242 1247 1252
1237 1232 1227 1222
1238 1243 1248 1253
1238 1233 1228 1223
1239 1244 1249 1254
1239 1234 1229 1224
1240 1245 1250 1255
1240 1235 1230 1225
1241 1246 1251 1256
1241 1236 1231 1226
1242 1247 1252 1257
1242 1237 1232 1227
1243 1248 1253 1258
1243 1238 1233 1228
1244 1249 1254 1259
1244 1239 1234 1229
1245 1250 1255 1260
1245 1240 1235 1230
1246 1251 1256 1261
1246 1241 1236 1231
1247 1252 1257 1262
1247 1242 1237 1232
1248 1253 1258 1263
1248 1243 1238 1233
1249 1254 1259 1264
1249 1244 1239 1234
1250 1255 1260 1265
1250 1245 1240 1235
1251 1256 1261 1266
1251 1246 1241 1236
1252 1257 1262 1267
1252 1247 1242 1237
1253 1258 1263 1268
1253 1248 1243 1238
1254 1259 1264 1269
1254 1249 1244 1239
1255 1260 1265 1270
1255 1250 1245 1240
1256 1261 1266 1271
1256 1251 1246 1241
1257 1262 1267 1272
1257 1252 1247 1242
1258 1263 1268 1273
1258 1253 1248 1243
1259 1264 1269 1274
1259 1254 1249 1244
1260 1265 1270 1275
1260 1255 1250 1245
1261 1266 1271 1276
1261 1256 1251 1246
1262 1267 1272 1277
1262 1257 1252 1247
1263 1268 1273 1278
1263 1258 1253 1248
1264 1269 1274 1279
1264 1259 1254 1249
1265 1270 1275 1280
1265 1260 1255 1250
1266 1271 1276 1281
1266 1261 1256 1251
1267 1272 1277 1282
1267 1262 1257 1252
1268 1273 1278 1283
1268 1263 1258 1253
1269 1274 1279 1284
1269 1264 1259 1254
1270 1275 1280 1285
1270 1265 1260 1255
1271 1276 1281 1286
1271 1266 1261 1256
1272 1277 1282 1287
1272 1267 1262 1257
1273 1278 1283 1288
1273 1268 1263 1258
1274 1279 1284 1289
1274 1269 1264 1259
1275 1280 1285 1290
1275 1270 1265 1260
1276 1281 1286 1291
1276 1271 1266 1261
1277 1282 1287 1292
1277 1272 1267 1262
1278 1283 1288 1293
1278 1273 1268 1263
1279 1284 1289 1294
1279 1274 1269 1264
1280 1285 1290 1295
1280 1275 1270 1265
1281 1286 1291 1296
1281 1276 1271 1266
1282 1287 1292 1297
1282 1277 1272 1267
1283 1288 1293 1298
1283 1278 1273 1268
1284 1289 1294 1299
1284 1279 1274 1269
1285 1290 1295 1300
1285 1280 1275 1270
1286 1291 1296 1301
1286 1281 1276 1271
1287 1292 1297 1302
1287 1282 1277 1272
1288 1293 1298 1303
1288 1283 1278 1273
1289 1294 1299 1304
1289 1284 1279 1274
1290 1295 1300 1305
1290 1285 1280 1275
1291 1296 1301 1306
1291 1286 1281 1276
1292 1297 1302 1307
1292 1287 1282 1277
1293 1298 1303 1308
1293 1288 1283 1278
1294 1299 1304 1309
1294 1289 1284 1279
1295 1300 1305 1310
1295 1290 1285 1280
1296 1301 1306 1311
1296 1291 1286 1281
1297 1302 1307 1312
1297 1292 1287 1282
1298 1303 1308 1313
1298 1293 1288 1283
1299 1304 1309 1314
1299 1294 1289 1284
1300 1305 1310 1315
1300 1295 1290 1285
1301 1306 1311 1316
1301 1296 1291 1286
1302 1307 1312 1317
1302 1297 1292 1287
1303 1308 1313 1318
1303 1298 1293 1288
1304 1309 1314 1319
1304 1299 1294 1289
1305 1310 1315 1320
1305 1300 1295 1290
1306 1311 1316 1321
1306 1301 1296 1291
1307 1312 1317 1322
1307 1302 1297 1292
1308 1313 1318 1323
1308 1303 1298 1293
1309 1314 1319 1324
1309 1304 1299 1294
1310 1315 1320 1325
1310 1305 1300 1295
1311 1316 1321 1326
1311 1306 1301 1296
1312 1317 1322 1327
1312 1307 1302 1297
1313 1318 1323 1328
1313 1308 1303 1298
1314 1319 1324 1329
1314 1309 1304 1299
1315 1320 1325 1330
1315 1310 1305 1300
1316 1321 1326 1331
1316 1311 1306 1301
1317 1322 1327 1332
1317 1312 1307 1302
1318 1323 1328 1333
1318 1313 1308 1303
1319 1324 1329 1334
1319 1314 1309 1304
1320 1325 1330 1335
1320 1315 1310 1305
1321 1326 1331 1336
1321 1316 1311 1306
1322 1327 1332 1337
1322 1317 1312 1307
1323 1328 1333 1338
1323 1318 1313 1308
1324 1329 1334 1339
1324 1319 1314 1309
1325 1330 1335 1340
1325 1320 1315 1310
1326 1331 1336 1341
1326 1321 1316 1311
1327 1332 1337 1342
1327 1322 1317 1312
1328 1333 1338 1343
1328 1323 1318 1313
1329 1334 1339 1344
1329 1324 1319 1314
1330 1335 1340 1345
1330 1325 1320 1315
1331 1336 1341 1346
1331 1326 1321 1316
1332 1337 1342 1347
1332 1327 1322 1317
1333 1338 1343 1348
1333 1328 1323 1318
1334 1339 1344 1349
1334 1329 1324 1319
1335 1340 1345 1350
1335 1330 1325 1320
1336 1341 1346 1351
1336 1331 1326 1321
1337 1342 1347 1352
1337 1332 1327 1322
1338 1343 1348 1353
1338 1333 1328 1323
1339 1344 1349 1354
1339 1334 1329 1324
1340 1345 1350 1355
1340 1335 1330 1325
1341 1346 1351 1356
1341 1336 1331 1326
1342 1347 1352 1357
1342 1337 1332 1327
1343 1348 1353 1358
1343 1338 1333 1328
1344 1349 1354 1359
1344 1339 1334 1329
1345 1350 1355 1360
1345 1340 1335 1330
1346 1351 1356 1361
1346 1341 1336 1331
1347 1352 1357 1362
1347 1342 1337 1332
1348 1353 1358 1363
1348 1343 1338 1333
1349 1354 1359 1364
1349 1344 1339 1334
1350 1355 1360 1365
1350 1345 1340 1335
1351 1356 1361 1366
1351 1346 1341 1336
1352 1357 1362 1367
1352 1347 1342 1337
1353 1358 1363 1368
1353 1348 1343 1338
1354 1359 1364 1369
1354 1349 1344 1339
1355 1360 1365 1370
1355 1350 1345 1340
1356 1361 1366 1371
1356 1351 1346 1341
1357 1362 1367 1372
1357 1352 1347 1342
1358 1363 1368 1373
1358 1353 1348 1343
1359 1364 1369 1374
1359 1354 1349 1344
1360 1365 1370 1375
1360 1355 1350 1345
1361 1366 1371 1376
1361 1356 1351 1346
1362 1367 1372 1377
1362 1357 1352 1347
1363 1368 1373 1378
1363 1358 1353 1348
1364 1369 1374 1379
1364 1359 1354 1349
1365 1370 1375 1380
1365 1360 1355 1350
1366 1371 1376 1381
1366 1361 1356 1351
1367 1372 1377 1382
1367 1362 1357 1352
1368 1373 1378 1383
1368 1363 1358 1353
1369 1374 1379 1384
1369 1364 1359 1354
1370 1375 1380 1385
1370 1365 1360 1355
1371 1376 1381 1386
1371 1366 1361 1356
1372 1377 1382 1387
1372 1367 1362 1357
1373 1378 1383 1388
1373 1368 1363 1358
1374 1379 1384 1389
1374 1369 1364 1359
1375 1380 1385 1390
1375 1370 1365 1360
1376 1381 1386 1391
1376 1371 1366 1361
1377 1382 1387 1392
1377 1372 1367 1362
1378 1383 1388 1393
1378 1373 1368 1363
1379 1384 1389 1394
1379 1374 1369 1364
1380 1385 1390 1395
1380 1375 1370 1365
1381 1386 1391 1396
1381 1376 1371 1366
1382 1387 1392 1397
1382 1377 1372 1367
1383 1388 1393 1398
1383 1378 1373 1368
1384 1389 1394 1399
1384 1379 1374 1369
1385 1390 1395 1400
1385 1380 1375 1370
1386 1391 1396 1401
1386 1381 1376 1371
1387 1392 1397 1402
1387 1382 1377 1372
1388 1393 1398 1403
1388 1383 1378 1373
1389 1394 1399 1404
1389 1384 1379 1374
1390 1395 1400 1405
1390 1385 1380 1375
1391 1396 1401 1406
1391 1386 1381 1376
1392 1397 1402 1407
1392 1387 1382 1377
1393 1398 1403 1408
1393 1388 1383 1378
1394 1399 1404 1409
1394 1389 1384 1379
1395 1400 1405 1410
1395 1390 1385 1380
1396 1401 1406 1411
1396 1391 1386 1381
1397 1402 1407 1412
1397 1392 1387 1382
1398 1403 1408 1413
1398 1393 1388 1383
1399 1404 1409 1414
1399 1394 1389 1384
1400 1405 1410 1415
1400 1395 1390 1385
1401 1406 1411 1416
1401 1396 1391 1386
1402 1407 1412 1417
1402 1397 1392 1387
1403 1408 1413 1418
1403 1398 1393 1388
1404 1409 1414 1419
1404 1399 1394 1389
1405 1410 1415 1420
1405 1400 1395 1390
1406 1411 1416 1421
1406 1401 1396 1391
1407 1412 1417 1422
1407 1402 1397 1392
1408 1413 1418 1423
1408 1403 1398 1393
1409 1414 1419 1424
1409 1404 1399 1394
1410 1415 1420 1425
1410 1405 1400 1395
1411 1416 1421 1426
1411 1406 1401 1396
1412 1417 1422 1427
1412 1407 1402 1397
1413 1418 1423 1428
1413 1408 1403 1398
1414 1419 1424 1429
1414 1409 1404 1399
1415 1420 1425 1430
1415 1410 1405 1400
1416 1421 1426 1431
1416 1411 1406 1401
1417 1422 1427 1432
1417 1412 1407 1402
1418 1423 1428 1433
1418 1413 1408 1403
1419 1424 1429 1434
1419 1414 1409 1404
1420 1425 1430 1435
1420 1415 1410 1405
1421 1426 1431 1436
1421 1416 1411 1406
1422 1427 1432 1437
1422 1417 1412 1407
1423 1428 1433 1438
1423 1418 1413 1408
1424 1429 1434 1439
1424 1419 1414 1409
1425 1430 1435 1440
1425 1420 1415 1410
1426 1431 1436 1441
1426 1421 1416 1411
1427 1432 1437 1442
1427 1422 1417 1412
1428 1433 1438 1443
1428 1423 1418 1413
1429 1434 1439 1444
1429 1424 1419 1414
1430 1435 1440 1445
1430 1425 1420 1415
1431 1436 1441 1446
1431 1426 1421 1416
1432 1437 1442 1447
1432 1427 1422 1417
1433 1438 1443 1448
1433 1428 1423 1418
1434 1439 1444 1449
1434 1429 1424 1419
1435 1440 1445 1450
1435 1430 1425 1420
1436 1441 1446 1451
1436 1431 1426 1421
1437 1442 1447 1452
1437 1432 1427 1422
1438 1443 1448 1453
1438 1433 1428 1423
1439 1444 1449 1454
1439 1434 1429 1424
1440 1445 1450 1455
1440 1435 1430 1425
1441 1446 1451 1456
1441 1436 1431 1426
1442 1447 1452 1457
1442 1437 1432 1427
1443 1448 1453 1458
1443 1438 1433 1428
1444 1449 1454 1459
1444 1439 1434 1429
1445 1450 1455 1460
1445 1440 1435 1430
1446 1451 1456 1461
1446 1441 1436 1431
1447 1452 1457 1462
1447 1442 1437 1432
1448 1453 1458 1463
1448 1443 1438 1433
1449 1454 1459 1464
1449 1444 1439 1434
1450 1455 1460 1465
1450 1445 1440 1435
1451 1456 1461 1466
1451 1446 1441 1436
1452 1457 1462 1467
1452 1447 1442 1437
1453 1458 1463 1468
1453 1448 1443 1438
1454 1459 1464 1469
1454 1449 1444 1439
1455 1460 1465 1470
1455 1450 1445 1440
1456 1461 1466 1471
1456 1451 1446 1441
1457 1462 1467 1472
1457 1452 1447 1442
1458 1463 1468 1473
1458 1453 1448 1443
1459 1464 1469 1474
1459 1454 1449 1444
1460 1465 1470 1475
1460 1455 1450 1445
1461 1466 1471 1476
1461 1456 1451 1446
1462 1467 1472 1477
1462 1457 1452 1447
1463 1468 1473 1478
1463 1458 1453 1448
1464 1469 1474 1479
1464 1459 1454 1449
1465 1470 1475 1480
1465 1460 1455 1450
1466 1471 1476 1481
1466 1461 1456 1451
1467 1472 1477 1482
1467 1462 1457 1452
1468 1473 1478 1483
1468 1463 1458 1453
1469 1474 1479 1484
1469 1464 1459 1454
1470 1475 1480 1485
1470 1465 1460 1455
1471 1476 1481 1486
1471 1466 1461 1456
1472 1477 1482 1487
1472 1467 1462 1457
1473 1478 1483 1488
1473 1468 1463 1458
1474 1479 1484 1489
1474 1469 1464 1459
1475 1480 1485 1490
1475 1470 1465 1460
1476 1481 1486 1491
1476 1471 1466 1461
1477 1482 1487 1492
1477 1472 1467 1462
1478 1483 1488 1493
1478 1473 1468 1463
1479 1484 1489 1494
1479 1474 1469 1464
1480 1485 1490 1495
1480 1475 1470 1465
1481 1486 1491 1496
1481 1476 1471 1466
1482 1487 1492 1497
1482 1477 1472 1467
1483 1488 1493 1498
1483 1478 1473 1468
1484 1489 1494 1499
1484 1479 1474 1469
1485 1490 1495 1500
1485 1480 1475 1470
1486 1491 1496 1501
1486 1481 1476 1471
1487 1492 1497 1502
1487 1482 1477 1472
1488 1493 1498 1503
1488 1483 1478 1473
1489 1494 1499 1504
1489 1484 1479 1474
1490 1495 1500 1505
1490 1485 1480 1475
1491 1496 1501 1506
1491 1486 1481 1476
1492 1497 1502 1507
1492 1487 1482 1477
1493 1498 1503 1508
1493 1488 1483 1478
1494 1499 1504 1509
1494 1489 1484 1479
1495 1500 1505 1510
1495 1490 1485 1480
1496 1501 1506 1511
1496 1491 1486 1481
1497 1502 1507 1512
1497 1492 1487 1482
1498 1503 1508 1513
1498 1493 1488 1483
1499 1504 1509 1514
1499 1494 1489 1484
1500 1505 1510 1515
1500 1495 1490 1485
1501 1506 1511 1516
1501 1496 1491 1486
1502 1507 1512 1517
1502 1497 1492 1487
1503 1508 1513 1518
1503 1498 1493 1488
1504 1509 1514 1519
1504 1499 1494 1489
1505 1510 1515 1520
1505 1500 1495 1490
1506 1511 1516 1521
1506 1501 1496 1491
1507 1512 1517 1522
1507 1502 1497 1492
1508 1513 1518 1523
1508 1503 1498 1493
1509 1514 1519 1524
1509 1504 1499 1494
1510 1515 1520 1525
1510 1505 1500 1495
1511 1516 1521 1526
1511 1506 1501 1496
1512 1517 1522 1527
1512 1507 1502 1497
1513 1518 1523 1528
1513 1508 1503 1498
1514 1519 1524 1529
1514 1509 1504 1499
1515 1520 1525 1530
1515 1510 1505 1500
1516 1521 1526 1531
1516 1511 1506 1501
1517 1522 1527 1532
1517 1512 1507 1502
1518 1523 1528 1533
1518 1513 1508 1503
1519 1524 1529 1534
1519 1514 1509 1504
1520 1525 1530 1535
1520 1515 1510 1505
1521 1526 1531 1536
1521 1516 1511 1506
1522 1527 1532 1537
1522 1517 1512 1507
1523 1528 1533 1538
1523 1518 1513 1508
1524 1529 1534 1539
1524 1519 1514 1509
1525 1530 1535 1540
1525 1520 1515 1510
1526 1531 1536 1541
1526 1521 1516 1511
1527 1532 1537 1542
1527 1522 1517 1512
1528 1533 1538 1543
1528 1523 1518 1513
1529 1534 1539 1544
1529 1524 1519 1514
1530 1535 1540 1545
1530 1525 1520 1515
1531 1536 1541 1546
1531 1526 1521 1516
1532 1537 1542 1547
1532 1527 1522 1517
1533 1538 1543 1548
1533 1528 1523 1518
1534 1539 1544 1549
1534 1529 1524 1519
1535 1540 1545 1550
1535 1530 1525 1520
1536 1541 1546 1551
1536 1531 1526 1521
1537 1542 1547 1552
1537 1532 1527 1522
1538 1543 1548 1553
1538 1533 1528 1523
1539 1544 1549 1554
1539 1534 1529 1524
1540 1545 1550 1555
1540 1535 1530 1525
1541 1546 1551 1556
1541 1536 1531 1526
1542 1547 1552 1557
1542 1537 1532 1527
1543 1548 1553 1558
1543 1538 1533 1528
1544 1549 1554 1559
1544 1539 1534 1529
1545 1550 1555 1561
1545 1540 1535 1530
1546 1551 1556 1562
1546 1541 1536 1531
1547 1552 1557 1563
1547 1542 1537 1532
1548 1553 1558 1564
1548 1543 1538 1533
1549 1554 1559 1560
1549 1544 1539 1534
1550 1555 1561 1566
1550 1545 1540 1535
1551 1556 1562 1567
1551 1546 1541 1536
1552 1557 1563 1568
1552 1547 1542 1537
1553 1558 1564 1569
1553 1548 1543 1538
1554 1559 1560 1565
1554 1549 1544 1539
1555 1561 1566 1571
1555 1550 1545 1540
1556 1562 1567 1572
1556 1551 1546 1541
1557 1563 1568 1573
1557 1552 1547 1542
1558 1564 1569 1574
1558 1553 1548 1543
1559 1560 1565 1570
1559 1554 1549 1544
1560 1565 1570 1575
1560 1559 1554 1549
1561 1566 1571 1576
1561 1555 1550 1545
1562 1567 1572 1577
1562 1556 1551 1546
1563 1568 1573 1578
1563 1557 1552 1547
1564 1569 1574 1579
1564 1558 1553 1548
1565 1570 1575 1580
1565 1560 1559 1554
1566 1571 1576 1581
1566 1561 1555 1550
1567 1572 1577 1582
1567 1562 1556 1551
1568 1573 1578 1583
1568 1563 1557 1552
1569 1574 1579 1584
1569 1564 1558 1553
1570 1575 1580 1585
1570 1565 1560 1559
1571 1576 1581 1586
1571 1566 1561 1555
1572 1577 1582 1587
1572 1567 1562 1556
1573 1578 1583 1588
1573 1568 1563 1557
1574 1579 1584 1589
1574 1569 1564 1558
1575 1580 1585 1590
1575 1570 1565 1560
1576 1581 1586 1591
1576 1571 1566 1561
1577 1582 1587 1592
1577 1572 1567 1562
1578 1583 1588 1593
1578 1573 1568 1563
1579 1584 1589 1594
1579 1574 1569 1564
1580 1585 1590 1595
1580 1575 1570 1565
1581 1586 1591 1596
1581 1576 1571 1566
1582 1587 1592 1597
1582 1577 1572 1567
1583 1588 1593 1598
1583 1578 1573 1568
1584 1589 1594 1599
1584 1579 1574 1569
1585 1590 1595 1600
1585 1580 1575 1570
1586 1591 1596 1601
1586 1581 1576 1571
1587 1592 1597 1602
1587 1582 1577 1572
1588 1593 1598 1603
1588 1583 1578 1573
1589 1594 1599 1604
1589 1584 1579 1574
1590 1595 1600 1605
1590 1585 1580 1575
1591 1596 1601 1606
1591 1586 1581 1576
1592 1597 1602 1607
1592 1587 1582 1577
1593 1598 1603 1608
1593 1588 1583 1578
1594 1599 1604 1609
1594 1589 1584 1579
1595 1600 1605 1610
1595 1590 1585 1580
1596 1601 1606 1611
1596 1591 1586 1581
1597 1602 1607 1612
1597 1592 1587 1582
1598 1603 1608 1613
1598 1593 1588 1583
1599 1604 1609 1614
1599 1594 1589 1584
1600 1605 1610 1615
1600 1605 1630 -1
1600 1595 1590 1585
1601 1606 1611 1616
1601 1596 1591 1586
1602 1607 1612 1617
1602 1597 1592 1587
1603 1608 1613 1618
1603 1598 1593 1588
1604 1609 1614 1619
1604 1599 1594 1589
1605 1610 1615 1620
1605 1610 1630 -1
1605 1600 1595 1590
1606 1611 1616 1621
1606 1601 1596 1591
1607 1612 1617 1622
1607 1602 1597 1592
1608 1613 1618 1623
1608 1603 1598 1593
1609 1614 1619 1624
1609 1604 1599 1594
1610 1615 1620 1625
1610 1605 1600 1595
1611 1616 1621 1626
1611 1606 1601 1596
1612 1617 1622 1627
1612 1607 1602 1597
1613 1618 1623 1628
1613 1608 1603 1598
1614 1619 1624 1629
1614 1609 1604 1599
1615 1620 1625 1631
1615 1610 1605 1600
1616 1621 1626 1632
1616 1611 1606 1601
1617 1622 1627 1633
1617 1612 1607 1602
1618 1623 1628 1634
1618 1613 1608 1603
1619 1624 1629 1635
1619 1614 1609 1604
1620 1625 1631 1637
1620 1615 1610 1605
1621 1626 1632 1638
1621 1616 1611 1606
1622 1627 1633 1639
1622 1617 1612 1607
1623 1628 1634 1640
1623 1618 1613 1608
1624 1629 1635 1641
1624 1619 1614 1609
1625 1631 1637 1643
1625 1620 1615 1610
1626 1632 1638 1644
1626 1621 1616 1611
1627 1633 1639 1645
1627 1622 1617 1612
1628 1634 1640 1646
1628 1623 1618 1613
1629 1635 1641 1647
1629 1624 1619 1614
1630 1636 1654 1660
1630 1605 1600 -1
1631 1637 1643 1649
1631 1625 1620 1615
1632 1638 1644 1650
1632 1626 1621 1616
1633 1639 1645 1651
1633 1627 1622 1617
1634 1640 1646 1652
1634 1628 1623 1618
1635 1641 1647 1653
1635 1629 1624 1619
1636 1642 1648 1654
1637 1643 1649 1655
1637 1631 1625 1620
1638 1644 1650 1656
1638 1632 1626 1621
1639 1645 1651 1657
1639 1633 1627 1622
1640 1646 1652 1658
1640 1634 1628 1623
1641 1647 1653 1659
1641 1635 1629 1624
1642 1648 1654 1660
1643 1649 1655 1661
1643 1637 1631 1625
1644 1650 1656 1662
1644 1638 1632 1626
1645 1651 1657 1663
1645 1639 1633 1627
1646 1652 1658 1664
1646 1640 1634 1628
1647 1653 1659 1665
1647 1641 1635 1629
1648 1654 1660 1666
1648 1642 1636 -1
1649 1655 1661 1667
1649 1643 1637 1631
1650 1656 1662 1668
1650 1644 1638 1632
1651 1657 1663 1669
1651 1645 1639 1633
1652 1658 1664 1670
1652 1646 1640 1634
1653 1659 1665 1671
1653 1647 1641 1635
1654 1660 1666 1672
1654 1648 1642 1636
1654 1648 1630 -1
1655 1661 1667 1673
1655 1649 1643 1637
1656 1662 1668 1674
1656 1650 1644 1638
1657 1663 1669 1675
1657 1651 1645 1639
1658 1664 1670 1676
1658 1652 1646 1640
1659 1665 1671 1678
1659 1653 1647 1641
1660 1666 1672 1679
1660 1654 1648 1642
1660 1654 1630 -1
1661 1667 1673 1680
1661 1655 1649 1643
1662 1668 1674 1682
1662 1656 1650 1644
1663 1669 1675 1683
1663 1657 1651 1645
1664 1670 1676 1684
1664 1658 1652 1646
1665 1671 1678 1677
1665 1659 1653 1647
1666 1672 1679 1686
1666 1660 1654 1648
1666 1660 1654 1630
1667 1673 1680 1681
1667 1661 1655 1649
1668 1674 1682 1688
1668 1662 1656 1650
1669 1675 1683 1689
1669 1663 1657 1651
1670 1676 1684 1690
1670 1664 1658 1652
1671 1678 1677 1685
1671 1665 1659 1653
1672 1679 1686 1693
1672 1666 1660 1654
1673 1680 1681 1687
1673 1667 1661 1655
1674 1682 1688 1695
1674 1668 1662 1656
1675 1683 1689 1696
1675 1669 1663 1657
1676 1684 1690 1691
1676 1670 1664 1658
1677 1685 1692 1698
1677 1678 1671 1665
1678 1677 1685 1692
1678 1671 1665 1659
1679 1686 1693 1699
1679 1672 1666 1660
1680 1681 1687 1694
1680 1673 1667 1661
1681 1687 1694 1700
1681 1680 1673 1667
1682 1688 1695 1701
1682 1674 1668 1662
1683 1689 1696 1702
1683 1675 1669 1663
1684 1690 1691 1697
1684 1676 1670 1664
1685 1692 1698 1704
1685 1677 1678 1671
1686 1693 1699 1705
1686 1679 1672 1666
1687 1694 1700 1706
1687 1681 1680 1673
1688 1695 1701 1708
1688 1682 1674 1668
1689 1696 1702 1709
1689 1683 1675 1669
1690 1691 1697 1703
1690 1684 1676 1670
1691 1697 1703 1710
1691 1690 1684 1676
1692 1698 1704 1711
1692 1685 1677 1678
1693 1699 1705 1712
1693 1686 1679 1672
1694 1700 1706 1707
1694 1687 1681 1680
1695 1701 1708 1714
1695 1688 1682 1674
1696 1702 1709 1715
1696 1689 1683 1675
1697 1703 1710 1716
1697 1691 1690 1684
1698 1704 1711 1717
1698 1692 1685 1677
1699 1705 1712 1718
1699 1693 1686 1679
1700 1706 1707 1713
1700 1694 1687 1681
1701 1708 1714 1720
1701 1695 1688 1682
1702 1709 1715 1721
1702 1696 1689 1683
1703 1710 1716 1722
1703 1697 1691 1690
1704 1711 1717 1723
1704 1698 1692 1685
1705 1712 1718 1724
1705 1699 1693 1686
1706 1707 1713 1719
1706 1700 1694 1687
1707 1713 1719 1725
1707 1706 1700 1694
1708 1714 1720 1726
1708 1701 1695 1688
1709 1715 1721 1727
1709 1702 1696 1689
1710 1716 1722 1728
1710 1703 1697 1691
1711 1717 1723 1729
1711 1704 1698 1692
1712 1718 1724 1730
1712 1705 1699 1693
1713 1719 1725 1731
1713 1707 1706 1700
1714 1720 1726 1732
1714 1708 1701 1695
1715 1721 1727 1733
1715 1709 1702 1696
1716 1722 1728 1734
1716 1710 1703 1697
1717 1723 1729 1735
1717 1711 1704 1698
1718 1724 1730 1736
1718 1712 1705 1699
1719 1725 1731 1737
1719 1713 1707 1706
1720 1726 1732 1738
1720 1714 1708 1701
1721 1727 1733 1739
1721 1715 1709 1702
1722 1728 1734 1740
1722 1716 1710 1703
1723 1729 1735 1741
1723 1717 1711 1704
1724 1730 1736 1742
1724 1718 1712 1705
1725 1731 1737 1743
1725 1719 1713 1707
1726 1732 1738 1744
1726 1720 1714 1708
1727 1733 1739 1745
1727 1721 1715 1709
1728 1734 1740 1746
1728 1722 1716 1710
1729 1735 1741 1747
1729 1723 1717 1711
1730 1736 1742 1748
1730 1724 1718 1712
1731 1737 1743 1749
1731 1725 1719 1713
1732 1738 1744 1750
1732 1726 1720 1714
1733 1739 1745 1751
1733 1727 1721 1715
1734 1740 1746 1752
1734 1728 1722 1716
1735 1741 1747 1753
1735 1729 1723 1717
1736 1742 1748 1754
1736 1730 1724 1718
1737 1743 1749 1755
1737 1731 1725 1719
1738 1744 1750 1757
1738 1732 1726 1720
1739 1745 1751 1758
1739 1733 1727 1721
1740 1746 1752 1759
1740 1734 1728 1722
1741 1747 1753 1760
1741 1735 1729 1723
1742 1748 1754 1761
1742 1736 1730 1724
1743 1749 1755 1756
1743 1737 1731 1725
1744 1750 1757 1763
1744 1738 1732 1726
1745 1751 1758 1764
1745 1739 1733 1727
1746 1752 1759 1766
1746 1740 1734 1728
1747 1753 1760 1767
1747 1741 1735 1729
1748 1754 1761 1768
1748 1742 1736 1730
1749 1755 1756 1762
1749 1743 1737 1731
1750 1757 1763 1770
1750 1744 1738 1732
1751 1758 1764 1765
1751 1745 1739 1733
1752 1759 1766 1772
1752 1746 1740 1734
1753 1760 1767 1773
1753 1747 1741 1735
1754 1761 1768 1774
1754 1748 1742 1736
1755 1756 1762 1769
1755 1749 1743 1737
1756 1762 1769 1775
1756 1755 1749 1743
1757 1763 1770 1776
1757 1750 1744 1738
1758 1764 1765 1771
1758 1751 1745 1739
1759 1766 1772 1778
1759 1752 1746 1740
1760 1767 1773 1780
1760 1753 1747 1741
1761 1768 1774 1781
1761 1754 1748 1742
1762 1769 1775 1782
1762 1756 1755 1749
1763 1770 1776 1784
1763 1757 1750 1744
1764 1765 1771 1777
1764 1758 1751 1745
1765 1771 1777 1785
1765 1764 1758 1751
1766 1772 1778 1786
1766 1759 1752 1746
1767 1773 1780 1779
1767 1760 1753 1747
1768 1774 1781 1788
1768 1761 1754 1748
1769 1775 1782 1783
1769 1762 1756 1755
1770 1776 1784 1790
1770 1763 1757 1750
1771 1777 1785 1791
1771 1765 1764 1758
1772 1778 1786 1792
1772 1766 1759 1752
1773 1780 1779 1787
1773 1767 1760 1753
1774 1781 1788 1794
1774 1768 1761 1754
1775 1782 1783 1789
1775 1769 1762 1756
1776 1784 1790 1796
1776 1770 1763 1757
1777 1785 1791 1797
1777 1771 1765 1764
1778 1786 1792 1798
1778 1772 1766 1759
1779 1787 1793 1799
1779 1780 1773 1767
1780 1779 1787 1793
1780 1773 1767 1760
1781 1788 1794 1800
1781 1774 1768 1761
1782 1783 1789 1795
1782 1775 1769 1762
1783 1789 1795 1801
1783 1782 1775 1769
1784 1790 1796 1802
1784 1776 1770 1763
1785 1791 1797 1803
1785 1777 1771 1765
1786 1792 1798 1804
1786 1778 1772 1766
1787 1793 1799 1805
1787 1779 1780 1773
1788 1794 1800 1806
1788 1781 1774 1768
1789 1795 1801 1807
1789 1783 1782 1775
1790 1796 1802 1808
1790 1784 1776 1770
1791 1797 1803 1809
1791 1785 1777 1771
1792 1798 1804 1810
1792 1786 1778 1772
1793 1799 1805 1811
1793 1787 1779 1780
1794 1800 1806 1812
1794 1788 1781 1774
1795 1801 1807 1813
1795 1789 1783 1782
1796 1802 1808 1814
1796 1790 1784 1776
1797 1803 1809 1815
1797 1791 1785 1777
1798 1804 1810 1816
1798 1792 1786 1778
1799 1805 1811 1817
1799 1793 1787 1779
1800 1806 1812 1818
1800 1794 1788 1781
1801 1807 1813 1819
1801 1795 1789 1783
1802 1808 1814 1820
1802 1796 1790 1784
1803 1809 1815 1821
1803 1797 1791 1785
1804 1810 1816 1822
1804 1798 1792 1786
1805 1811 1817 1824
1805 1799 1793 1787
1806 1812 1818 1825
1806 1800 1794 1788
1807 1813 1819 1826
1807 1801 1795 1789
1808 1814 1820 1827
1808 1802 1796 1790
1809 1815 1821 1828
1809 1803 1797 1791
1810 1816 1822 1829
1810 1804 1798 1792
1811 1817 1824 1823
1811 1805 1799 1793
1812 1818 1825 1831
1812 1806 1800 1794
1813 1819 1826 1832
1813 1807 1801 1795
1814 1820 1827 1833
1814 1808 1802 1796
1815 1821 1828 1834
1815 1809 1803 1797
1816 1822 1829 1835
1816 1810 1804 1798
1817 1824 1823 1830
1817 1811 1805 1799
1818 1825 1831 1837
1818 1812 1806 1800
1819 1826 1832 1838
1819 1813 1807 1801
1820 1827 1833 1839
1820 1814 1808 1802
1821 1828 1834 1840
1821 1815 1809 1803
1822 1829 1835 1841
1822 1816 1810 1804
1823 1830 1836 1842
1823 1824 1817 1811
1824 1823 1830 1836
1824 1817 1811 1805
1825 1831 1837 1843
1825 1818 1812 1806
1826 1832 1838 1844
1826 1819 1813 1807
1827 1833 1839 1845
1827 1820 1814 1808
1828 1834 1840 1846
1828 1821 1815 1809
1829 1835 1841 1847
1829 1822 1816 1810
1830 1836 1842 1849
1830 1823 1824 1817
1831 1837 1843 1850
1831 1825 1818 1812
1832 1838 1844 1851
1832 1826 1819 1813
1833 1839 1845 1852
1833 1827 1820 1814
1834 1840 1846 1853
1834 1828 1821 1815
1835 1841 1847 1854
1835 1829 1822 1816
1836 1842 1849 1848
1836 1830 1823 1824
1837 1843 1850 1856
1837 1831 1825 1818
1838 1844 1851 1857
1838 1832 1826 1819
1839 1845 1852 1858
1839 1833 1827 1820
1840 1846 1853 1859
1840 1834 1828 1821
1841 1847 1854 1860
1841 1835 1829 1822
1842 1849 1848 1855
1842 1836 1830 1823
1843 1850 1856 1862
1843 1837 1831 1825
1844 1851 1857 1863
1844 1838 1832 1826
1845 1852 1858 1864
1845 1839 1833 1827
1846 1853 1859 1865
1846 1840 1834 1828
1847 1854 1860 1866
1847 1841 1835 1829
1848 1855 1861 1867
1848 1849 1842 1836
1849 1848 1855 1861
1849 1842 1836 1830
1850 1856 1862 1868
1850 1843 1837 1831
1851 1857 1863 1869
1851 1844 1838 1832
1852 1858 1864 1870
1852 1845 1839 1833
1853 1859 1865 1871
1853 1846 1840 1834
1854 1860 1866 1872
1854 1847 1841 1835
1855 1861 1867 1873
1855 1848 1849 1842
1856 1862 1868 1874
1856 1850 1843 1837
1857 1863 1869 1875
1857 1851 1844 1838
1858 1864 1870 1876
1858 1852 1845 1839
1859 1865 1871 1877
1859 1853 1846 1840
1860 1866 1872 1878
1860 1854 1847 1841
1861 1867 1873 1880
1861 1855 1848 1849
1862 1868 1874 1881
1862 1856 1850 1843
1863 1869 1875 1882
1863 1857 1851 1844
1864 1870 1876 1883
1864 1858 1852 1845
1865 1871 1877 1884
1865 1859 1853 1846
1866 1872 1878 1879
1866 1860 1854 1847
1867 1873 1880 1886
1867 1861 1855 1848
1868 1874 1881 1887
1868 1862 1856 1850
1869 1875 1882 1888
1869 1863 1857 1851
1870 1876 1883 1889
1870 1864 1858 1852
1871 1877 1884 1890
1871 1865 1859 1853
1872 1878 1879 1885
1872 1866 1860 1854
1873 1880 1886 1892
1873 1867 1861 1855
1874 1881 1887 1893
1874 1868 1862 1856
1875 1882 1888 1894
1875 1869 1863 1857
1876 1883 1889 1895
1876 1870 1864 1858
1877 1884 1890 1896
1877 1871 1865 1859
1878 1879 1885 1891
1878 1872 1866 1860
1879 1885 1891 1897
1879 1878 1872 1866
1880 1886 1892 1899
1880 1873 1867 1861
1881 1887 1893 1900
1881 1874 1868 1862
1882 1888 1894 1901
1882 1875 1869 1863
1883 1889 1895 1902
1883 1876 1870 1864
1884 1890 1896 1903
1884 1877 1871 1865
1885 1891 1897 1898
1885 1879 1878 1872
1886 1892 1899 1905
1886 1880 1873 1867
1887 1893 1900 1906
1887 1881 1874 1868
1888 1894 1901 1907
1888 1882 1875 1869
1889 1895 1902 1908
1889 1883 1876 1870
1890 1896 1903 1909
1890 1884 1877 1871
1891 1897 1898 1904
1891 1885 1879 1878
1892 1899 1905 1911
1892 1886 1880 1873
1893 1900 1906 1912
1893 1887 1881 1874
1894 1901 1907 1913
1894 1888 1882 1875
1895 1902 1908 1915
1895 1889 1883 1876
1896 1903 1909 1916
1896 1890 1884 1877
1897 1898 1904 1910
1897 1891 1885 1879
1898 1904 1910 1917
1898 1897 1891 1885
1899 1905 1911 1918
1899 1892 1886 1880
1900 1906 1912 1919
1900 1893 1887 1881
1901 1907 1913 1914
1901 1894 1888 1882
1902 1908 1915 1921
1902 1895 1889 1883
1903 1909 1916 1922
1903 1896 1890 1884
1904 1910 1917 1923
1904 1898 1897 1891
1905 1911 1918 1925
1905 1899 1892 1886
1906 1912 1919 1926
1906 1900 1893 1887
1907 1913 1914 1920
1907 1901 1894 1888
1908 1915 1921 1928
1908 1902 1895 1889
1909 1916 1922 1929
1909 1903 1896 1890
1910 1917 1923 1930
1910 1904 1898 1897
1911 1918 1925 1924
1911 1905 1899 1892
1912 1919 1926 1933
1912 1906 1900 1893
1913 1914 1920 1927
1913 1907 1901 1894
1914 1920 1927 1934
1914 1913 1907 1901
1915 1921 1928 1936
1915 1908 1902 1895
1916 1922 1929 1937
1916 1909 1903 1896
1917 1923 1930 1931
1917 1910 1904 1898
1918 1925 1924 1932
1918 1911 1905 1899
1919 1926 1933 1942
1919 1912 1906 1900
1920 1927 1934 1935
1920 1914 1913 1907
1921 1928 1936 1944
1921 1915 1908 1902
1922 1929 1937 1945
1922 1916 1909 1903
1923 1930 1931 1938
1923 1917 1910 1904
1924 1932 1941 1940
1924 1925 1918 1911
1925 1924 1932 1941
1925 1918 1911 1905
1926 1933 1942 1950
1926 1919 1912 1906
1927 1934 1935 1943
1927 1920 1914 1913
1928 1936 1944 1952
1928 1921 1915 1908
1929 1937 1945 1953
1929 1922 1916 1909
1930 1931 1938 1939
1930 1923 1917 1910
1931 1938 1939 1946
1931 1930 1923 1917
1932 1941 1940 1949
1932 1924 1925 1918
1933 1942 1950 1954
1933 1926 1919 1912
1934 1935 1943 1951
1934 1927 1920 1914
1935 1943 1951 1955
1935 1934 1927 1920
1936 1944 1952 1956
1936 1928 1921 1915
1937 1945 1953 1957
1937 1929 1922 1916
1938 1939 1946 1947
1938 1931 1930 1923
1939 1946 1947 1948
1939 1938 1931 1930
1940 1949 1948 1947
1940 1941 1932 1924
1941 1940 1949 1948
1941 1932 1924 1925
1942 1950 1954 1958
1942 1933 1926 1919
1943 1951 1955 1959
1943 1935 1934 1927
1944 1952 1956 1960
1944 1936 1928 1921
1945 1953 1957 1961
1945 1937 1929 1922
1946 1947 1948 1949
1946 1939 1938 1931
1947 1948 1949 1940
1947 1946 1939 1938
1948 1947 1946 1939
1948 1949 1940 1941
1949 1948 1947 1946
1949 1940 1941 1932
1950 1954 1958 1962
1950 1942 1933 1926
1951 1955 1959 1963
1951 1943 1935 1934
1952 1956 1960 1964
1952 1944 1936 1928
1953 1957 1961 1965
1953 1945 1937 1929
1954 1958 1962 1966
1954 1950 1942 1933
1955 1959 1963 1967
1955 1951 1943 1935
1956 1960 1964 1968
1956 1952 1944 1936
1957 1961 1965 1969
1957 1953 1945 1937
1958 1962 1966 1970
1958 1954 1950 1942
1959 1963 1967 1971
1959 1955 1951 1943
1960 1964 1968 1972
1960 1956 1952 1944
1961 1965 1969 1973
1961 1957 1953 1945
1962 1966 1970 1974
1962 1958 1954 1950
1963 1967 1971 1975
1963 1959 1955 1951
1964 1968 1972 1977
1964 1960 1956 1952
1965 1969 1973 1978
1965 1961 1957 1953
1966 1970 1974 1979
1966 1962 1958 1954
1967 1971 1975 1976
1967 1963 1959 1955
1968 1972 1977 1981
1968 1964 1960 1956
1969 1973 1978 1982
1969 1965 1961 1957
1970 1974 1979 1983
1970 1966 1962 1958
1971 1975 1976 1980
1971 1967 1963 1959
1972 1977 1981 1985
1972 1968 1964 1960
1973 1978 1982 1986
1973 1969 1965 1961
1974 1979 1983 1987
1974 1970 1966 1962
1975 1976 1980 1984
1975 1971 1967 1963
1976 1980 1984 1988
1976 1975 1971 1967
1977 1981 1985 1989
1977 1972 1968 1964
1978 1982 1986 1990
1978 1973 1969 1965
1979 1983 1987 1991
1979 1974 1970 1966
1980 1984 1988 1992
1980 1976 1975 1971
1981 1985 1989 1993
1981 1977 1972 1968
1982 1986 1990 1994
1982 1978 1973 1969
1983 1987 1991 1995
1983 1979 1974 1970
1984 1988 1992 1996
1984 1980 1976 1975
1985 1989 1993 1997
1985 1981 1977 1972
1986 1990 1994 1998
1986 1982 1978 1973
1987 1991 1995 1999
1987 1983 1979 1974
1988 1992 1996 2000
1988 1984 1980 1976
1989 1993 1997 2001
1989 1985 1981 1977
1990 1994 1998 2002
1990 1986 1982 1978
1991 1995 1999 2003
1991 1987 1983 1979
1992 1996 2000 2004
1992 1988 1984 1980
1993 1997 2001 2006
1993 1989 1985 1981
1994 1998 2002 2007
1994 1990 1986 1982
1995 1999 2003 2008
1995 1991 1987 1983
1996 2000 2004 2005
1996 1992 1988 1984
1997 2001 2006 2010
1997 1993 1989 1985
1998 2002 2007 2011
1998 1994 1990 1986
1999 2003 2008 2012
1999 1995 1991 1987
2000 2004 2005 2009
2000 1996 1992 1988
2001 2006 2010 2014
2001 1997 1993 1989
2002 2007 2011 2015
2002 1998 1994 1990
2003 2008 2012 2016
2003 1999 1995 1991
2004 2005 2009 2013
2004 2000 1996 1992
2005 2009 2013 2017
2005 2004 2000 1996
2006 2010 2014 2018
2006 2001 1997 1993
2007 2011 2015 2019
2007 2002 1998 1994
2008 2012 2016 2020
2008 2003 1999 1995
2009 2013 2017 2021
2009 2005 2004 2000
2010 2014 2018 2022
2010 2006 2001 1997
2011 2015 2019 2023
2011 2007 2002 1998
2012 2016 2020 2024
2012 2008 2003 1999
2013 2017 2021 2025
2013 2009 2005 2004
2014 2018 2022 2027
2014 2010 2006 2001
2015 2019 2023 2028
2015 2011 2007 2002
2016 2020 2024 2029
2016 2012 2008 2003
2017 2021 2025 2026
2017 2013 2009 2005
2018 2022 2027 2031
2018 2014 2010 2006
2019 2023 2028 2032
2019 2015 2011 2007
2020 2024 2029 2033
2020 2016 2012 2008
2021 2025 2026 2030
2021 2017 2013 2009
2022 2027 2031 2036
2022 2018 2014 2010
2023 2028 2032 2037
2023 2019 2015 2011
2024 2029 2033 2038
2024 2020 2016 2012
2025 2026 2030 2034
2025 2021 2017 2013
2026 2030 2034 2035
2026 2025 2021 2017
2027 2031 2036 2040
2027 2022 2018 2014
2028 2032 2037 2041
2028 2023 2019 2015
2029 2033 2038 2042
2029 2024 2020 2016
2030 2034 2035 2039
2030 2026 2025 2021
2031 2036 2040 2044
2031 2027 2022 2018
2032 2037 2041 2045
2032 2028 2023 2019
2033 2038 2042 2047
2033 2029 2024 2020
2034 2035 2039 2043
2034 2030 2026 2025
2035 2039 2043 2048
2035 2034 2030 2026
2036 2040 2044 2049
2036 2031 2027 2022
2037 2041 2045 2046
2037 2032 2028 2023
2038 2042 2047 2051
2038 2033 2029 2024
2039 2043 2048 2052
2039 2035 2034 2030
2040 2044 2049 2053
2040 2036 2031 2027
2041 2045 2046 2050
2041 2037 2032 2028
2042 2047 2051 2055
2042 2038 2033 2029
2043 2048 2052 2056
2043 2039 2035 2034
2044 2049 2053 2057
2044 2040 2036 2031
2045 2046 2050 2054
2045 2041 2037 2032
2046 2050 2054 2058
2046 2045 2041 2037
2047 2051 2055 2059
2047 2042 2038 2033
2048 2052 2056 2060
2048 2043 2039 2035
2049 2053 2057 2061
2049 2044 2040 2036
2050 2054 2058 2062
2050 2046 2045 2041
2051 2055 2059 2063
2051 2047 2042 2038
2052 2056 2060 2064
2052 2048 2043 2039
2053 2057 2061 2066
2053 2049 2044 2040
2054 2058 2062 2067
2054 2050 2046 2045
2055 2059 2063 2068
2055 2051 2047 2042
2056 2060 2064 2065
2056 2052 2048 2043
2057 2061 2066 2070
2057 2053 2049 2044
2058 2062 2067 2071
2058 2054 2050 2046
2059 2063 2068 2072
2059 2055 2051 2047
2060 2064 2065 2069
2060 2056 2052 2048
2061 2066 2070 2075
2061 2057 2053 2049
2062 2067 2071 2076
2062 2058 2054 2050
2063 2068 2072 2077
2063 2059 2055 2051
2064 2065 2069 2073
2064 2060 2056 2052
2065 2069 2073 2074
2065 2064 2060 2056
2066 2070 2075 2079
2066 2061 2057 2053
2067 2071 2076 2080
2067 2062 2058 2054
2068 2072 2077 2081
2068 2063 2059 2055
2069 2073 2074 2078
2069 2065 2064 2060
2070 2075 2079 2084
2070 2066 2061 2057
2071 2076 2080 2085
2071 2067 2062 2058
2072 2077 2081 2086
2072 2068 2063 2059
2073 2074 2078 2082
2073 2069 2065 2064
2074 2078 2082 2083
2074 2073 2069 2065
2075 2079 2084 2088
2075 2070 2066 2061
2076 2080 2085 2089
2076 2071 2067 2062
2077 2081 2086 2090
2077 2072 2068 2063
2078 2082 2083 2087
2078 2074 2073 2069
2079 2084 2088 2093
2079 2075 2070 2066
2080 2085 2089 2094
2080 2076 2071 2067
2081 2086 2090 2095
2081 2077 2072 2068
2082 2083 2087 2091
2082 2078 2074 2073
2083 2087 2091 2096
2083 2082 2078 2074
2084 2088 2093 2092
2084 2079 2075 2070
2085 2089 2094 2098
2085 2080 2076 2071
2086 2090 2095 2099
2086 2081 2077 2072
2087 2091 2096 2100
2087 2083 2082 2078
2088 2093 2092 2097
2088 2084 2079 2075
2089 2094 2098 2102
2089 2085 2080 2076
2090 2095 2099 2103
2090 2086 2081 2077
2091 2096 2100 2104
2091 2087 2083 2082
2092 2097 2101 2105
2092 2093 2088 2084
2093 2092 2097 2101
2093 2088 2084 2079
2094 2098 2102 2106
2094 2089 2085 2080
2095 2099 2103 2107
2095 2090 2086 2081
2096 2100 2104 2108
2096 2091 2087 2083
2097 2101 2105 2110
2097 2092 2093 2088
2098 2102 2106 2111
2098 2094 2089 2085
2099 2103 2107 2112
2099 2095 2090 2086
2100 2104 2108 2114
2100 2096 2091 2087
2101 2105 2110 2109
2101 2097 2092 2093
2102 2106 2111 2116
2102 2098 2094 2089
2103 2107 2112 2117
2103 2099 2095 2090
2104 2108 2114 2113
2104 2100 2096 2091
2105 2110 2109 2115
2105 2101 2097 2092
2106 2111 2116 2123
2106 2102 2098 2094
2107 2112 2117 2124
2107 2103 2099 2095
2108 2114 2113 2120
2108 2104 2100 2096
2109 2115 2122 2121
2109 2110 2105 2101
2110 2109 2115 2122
2110 2105 2101 2097
2111 2116 2123 2128
2111 2106 2102 2098
2112 2117 2124 2129
2112 2107 2103 2099
2113 2120 2119 2118
2113 2114 2108 2104
2114 2113 2120 2119
2114 2108 2104 2100
2115 2122 2121 2127
2115 2109 2110 2105
2116 2123 2128 2135
2116 2111 2106 2102
2117 2124 2129 2136
2117 2112 2107 2103
2118 2126 2125 2132
2118 2119 2120 2113
2119 2118 2126 2125
2119 2120 2113 2114
2120 2119 2118 2126
2120 2113 2114 2108
2121 2127 2134 2133
2121 2122 2115 2109
2122 2121 2127 2134
2122 2115 2109 2110
2123 2128 2135 2140
2123 2116 2111 2106
2124 2129 2136 2141
2124 2117 2112 2107
2125 2132 2131 2130
2125 2126 2118 2119
2126 2125 2132 2131
2126 2118 2119 2120
2127 2134 2133 2139
2127 2121 2122 2115
2128 2135 2140 2146
2128 2123 2116 2111
2129 2136 2141 2147
2129 2124 2117 2112
2130 2138 2137 2144
2130 2131 2132 2125
2131 2130 2138 2137
2131 2132 2125 2126
2132 2131 2130 2138
2132 2125 2126 2118
2133 2139 2145 2150
2133 2134 2127 2121
2134 2133 2139 2145
2134 2127 2121 2122
2135 2140 2146 2151
2135 2128 2123 2116
2136 2141 2147 2152
2136 2129 2124 2117
2137 2144 2143 2142
2137 2138 2130 2131
2138 2137 2144 2143
2138 2130 2131 2132
2139 2145 2150 2155
2139 2133 2134 2127
2140 2146 2151 2156
2140 2135 2128 2123
2141 2147 2152 2157
2141 2136 2129 2124
2142 2149 2148 2154
2142 2143 2144 2137
2143 2142 2149 2148
2143 2144 2137 2138
2144 2143 2142 2149
2144 2137 2138 2130
2145 2150 2155 2160
2145 2139 2133 2134
2146 2151 2156 2161
2146 2140 2135 2128
2147 2152 2157 2162
2147 2141 2136 2129
2148 2154 2153 2159
2148 2149 2142 2143
2149 2148 2154 2153
2149 2142 2143 2144
2150 2155 2160 2166
2150 2145 2139 2133
2151 2156 2161 2167
2151 2146 2140 2135
2152 2157 2162 2168
2152 2147 2141 2136
2153 2159 2158 2165
2153 2154 2148 2149
2154 2153 2159 2158
2154 2148 2149 2142
2155 2160 2166 2171
2155 2150 2145 2139
2156 2161 2167 2172
2156 2151 2146 2140
2157 2162 2168 2173
2157 2152 2147 2141
2158 2165 2164 2163
2158 2159 2153 2154
2159 2158 2165 2164
2159 2153 2154 2148
2160 2166 2171 2176
2160 2155 2150 2145
2161 2167 2172 2177
2161 2156 2151 2146
2162 2168 2173 2178
2162 2157 2152 2147
2163 2170 2169 2175
2163 2164 2165 2158
2164 2163 2170 2169
2164 2165 2158 2159
2165 2164 2163 2170
2165 2158 2159 2153
2166 2171 2176 2181
2166 2160 2155 2150
2167 2172 2177 2182
2167 2161 2156 2151
2168 2173 2178 2183
2168 2162 2157 2152
2169 2175 2174 2180
2169 2170 2163 2164
2170 2169 2175 2174
2170 2163 2164 2165
2171 2176 2181 2186
2171 2166 2160 2155
2172 2177 2182 2187
2172 2167 2161 2156
2173 2178 2183 2188
2173 2168 2162 2157
2174 2180 2179 2185
2174 2175 2169 2170
2175 2174 2180 2179
2175 2169 2170 2163
2176 2181 2186 2191
2176 2171 2166 2160
2177 2182 2187 2192
2177 2172 2167 2161
2178 2183 2188 2193
2178 2173 2168 2162
2179 2185 2184 2190
2179 2180 2174 2175
2180 2179 2185 2184
2180 2174 2175 2169
2181 2186 2191 2196
2181 2176 2171 2166
2182 2187 2192 2197
2182 2177 2172 2167
2183 2188 2193 2199
2183 2178 2173 2168
2184 2190 2189 2195
2184 2185 2179 2180
2185 2184 2190 2189
2185 2179 2180 2174
2186 2191 2196 2203
2186 2181 2176 2171
2187 2192 2197 2198
2187 2182 2177 2172
2188 2193 2199 2205
2188 2183 2178 2173
2189 2195 2194 2201
2189 2190 2184 2185
2190 2189 2195 2194
2190 2184 2185 2179
2191 2196 2203 2202
2191 2186 2181 2176
2192 2197 2198 2204
2192 2187 2182 2177
2193 2199 2205 2210
2193 2188 2183 2178
2194 2201 2200 2207
2194 2195 2189 2190
2195 2194 2201 2200
2195 2189 2190 2184
2196 2203 2202 2208
2196 2191 2186 2181
2197 2198 2204 2209
2197 2192 2187 2182
2198 2204 2209 2215
2198 2197 2192 2187
2199 2205 2210 2216
2199 2193 2188 2183
2200 2207 2206 2212
2200 2201 2194 2195
2201 2200 2207 2206
2201 2194 2195 2189
2202 2208 2214 2213
2202 2203 2196 2191
2203 2202 2208 2214
2203 2196 2191 2186
2204 2209 2215 2220
2204 2198 2197 2192
2205 2210 2216 2221
2205 2199 2193 2188
2206 2212 2211 2218
2206 2207 2200 2201
2207 2206 2212 2211
2207 2200 2201 2194
2208 2214 2213 2219
2208 2202 2203 2196
2209 2215 2220 2226
2209 2204 2198 2197
2210 2216 2221 2227
2210 2205 2199 2193
2211 2218 2217 2223
2211 2212 2206 2207
2212 2211 2218 2217
2212 2206 2207 2200
2213 2219 2225 2224
2213 2214 2208 2202
2214 2213 2219 2225
2214 2208 2202 2203
2215 2220 2226 2231
2215 2209 2204 2198
2216 2221 2227 2232
2216 2210 2205 2199
2217 2223 2222 2229
2217 2218 2211 2212
2218 2217 2223 2222
2218 2211 2212 2206
2219 2225 2224 2230
2219 2213 2214 2208
2220 2226 2231 2237
2220 2215 2209 2204
2221 2227 2232 2238
2221 2216 2210 2205
2222 2229 2228 2234
2222 2223 2217 2218
2223 2222 2229 2228
2223 2217 2218 2211
2224 2230 2236 2235
2224 2225 2219 2213
2225 2224 2230 2236
2225 2219 2213 2214
2226 2231 2237 2242
2226 2220 2215 2209
2227 2232 2238 2243
2227 2221 2216 2210
2228 2234 2233 2240
2228 2229 2222 2223
2229 2228 2234 2233
2229 2222 2223 2217
2230 2236 2235 2241
2230 2224 2225 2219
2231 2237 2242 2248
2231 2226 2220 2215
2232 2238 2243 2249
2232 2227 2221 2216
2233 2240 2239 2245
2233 2234 2228 2229
2234 2233 2240 2239
2234 2228 2229 2222
2235 2241 2247 2246
2235 2236 2230 2224
2236 2235 2241 2247
2236 2230 2224 2225
2237 2242 2248 2253
2237 2231 2226 2220
2238 2243 2249 2254
2238 2232 2227 2221
2239 2245 2244 2251
2239 2240 2233 2234
2240 2239 2245 2244
2240 2233 2234 2228
2241 2247 2246 2252
2241 2235 2236 2230
2242 2248 2253 2259
2242 2237 2231 2226
2243 2249 2254 2260
2243 2238 2232 2227
2244 2251 2250 2256
2244 2245 2239 2240
2245 2244 2251 2250
2245 2239 2240 2233
2246 2252 2258 2257
2246 2247 2241 2235
2247 2246 2252 2258
2247 2241 2235 2236
2248 2253 2259 2264
2248 2242 2237 2231
2249 2254 2260 2265
2249 2243 2238 2232
2250 2256 2255 2262
2250 2251 2244 2245
2251 2250 2256 2255
2251 2244 2245 2239
2252 2258 2257 2263
2252 2246 2247 2241
2253 2259 2264 2270
2253 2248 2242 2237
2254 2260 2265 -1
2254 2249 2243 2238
2255 2262 2261 2267
2255 2256 2250 2251
2256 2255 2262 2261
2256 2250 2251 2244
2257 2263 2269 2268
2257 2258 2252 2246
2258 2257 2263 2269
2258 2252 2246 2247
2259 2264 2270 2274
2259 2253 2248 2242
2260 2254 2249 2243
2261 2267 2266 2272
2261 2262 2255 2256
2262 2261 2267 2266
2262 2255 2256 2250
2263 2269 2268 2273
2263 2257 2258 2252
2264 2270 2274 2278
2264 2259 2253 2248
2265 2260 2254 2249
2266 2272 2271 2276
2266 2267 2261 2262
2267 2266 2272 2271
2267 2261 2262 2255
2268 2273 2277 2281
2268 2269 2263 2257
2269 2268 2273 2277
2269 2263 2257 2258
2270 2274 2278 2282
2270 2264 2259 2253
2271 2276 2275 2280
2271 2272 2266 2267
2272 2271 2276 2275
2272 2266 2267 2261
2273 2277 2281 2285
2273 2268 2269 2263
2274 2278 2282 2286
2274 2270 2264 2259
2275 2280 2279 2284
2275 2276 2271 2272
2276 2275 2280 2279
2276 2271 2272 2266
2277 2281 2285 2289
2277 2273 2268 2269
2278 2282 2286 2290
2278 2274 2270 2264
2279 2284 2283 2288
2279 2280 2275 2276
2280 2279 2284 2283
2280 2275 2276 2271
2281 2285 2289 2292
2281 2277 2273 2268
2282 2286 2290 2293
2282 2278 2274 2270
2283 2288 2287 2291
2283 2284 2279 2280
2284 2283 2288 2287
2284 2279 2280 2275
2285 2289 2292 2295
2285 2281 2277 2273
2286 2290 2293 2296
2286 2282 2278 2274
2287 2291 2294 2298
2287 2288 2283 2284
2288 2287 2291 2294
2288 2283 2284 2279
2289 2292 2295 2299
2289 2285 2281 2277
2290 2293 2296 2300
2290 2286 2282 2278
2291 2294 2298 2297
2291 2287 2288 2283
2292 2295 2299 2303
2292 2289 2285 2281
2293 2296 2300 2304
2293 2290 2286 2282
2294 2298 2297 2302
2294 2291 2287 2288
2295 2299 2303 2306
2295 2292 2289 2285
2296 2300 2304 2307
2296 2293 2290 2286
2297 2302 2301 2305
2297 2298 2294 2291
2298 2297 2302 2301
2298 2294 2291 2287
2299 2303 2306 2309
2299 2295 2292 2289
2300 2304 2307 2310
2300 2296 2293 2290
2301 2305 2308 2311
2301 2302 2297 2298
2302 2301 2305 2308
2302 2297 2298 2294
2303 2306 2309 2312
2303 2299 2295 2292
2304 2307 2310 2313
2304 2300 2296 2293
2305 2308 2311 2315
2305 2301 2302 2297
2306 2309 2312 2316
2306 2303 2299 2295
2307 2310 2313 2314
2307 2304 2300 2296
2308 2311 2315 2318
2308 2305 2301 2302
2309 2312 2316 2319
2309 2306 2303 2299
2310 2313 2314 2317
2310 2307 2304 2300
2311 2315 2318 2321
2311 2308 2305 2301
2312 2316 2319 2323
2312 2309 2306 2303
2313 2314 2317 2320
2313 2310 2307 2304
2314 2317 2320 2324
2314 2313 2310 2307
2315 2318 2321 2325
2315 2311 2308 2305
2316 2319 2323 2322
2316 2312 2309 2306
2317 2320 2324 2327
2317 2314 2313 2310
2318 2321 2325 2329
2318 2315 2311 2308
2319 2323 2322 2326
2319 2316 2312 2309
2320 2324 2327 2332
2320 2317 2314 2313
2321 2325 2329 2328
2321 2318 2315 2311
2322 2326 2331 2330
2322 2323 2319 2316
2323 2322 2326 2331
2323 2319 2316 2312
2324 2327 2332 2335
2324 2320 2317 2314
2325 2329 2328 2333
2325 2321 2318 2315
2326 2331 2330 2334
2326 2322 2323 2319
2327 2332 2335 2339
2327 2324 2320 2317
2328 2333 2336 2341
2328 2329 2325 2321
2329 2328 2333 2336
2329 2325 2321 2318
2330 2334 2338 2337
2330 2331 2326 2322
2331 2330 2334 2338
2331 2326 2322 2323
2332 2335 2339 2340
2332 2327 2324 2320
2333 2336 2341 2344
2333 2328 2329 2325
2334 2338 2337 2342
2334 2330 2331 2326
2335 2339 2340 2343
2335 2332 2327 2324
2336 2341 2344 2348
2336 2333 2328 2329
2337 2342 2346 2345
2337 2338 2334 2330
2338 2337 2342 2346
2338 2334 2330 2331
2339 2340 2343 2347
2339 2335 2332 2327
2340 2343 2347 2350
2340 2339 2335 2332
2341 2344 2348 2352
2341 2336 2333 2328
2342 2346 2345 2349
2342 2337 2338 2334
2343 2347 2350 2355
2343 2340 2339 2335
2344 2348 2352 2351
2344 2341 2336 2333
2345 2349 2354 2353
2345 2346 2342 2337
2346 2345 2349 2354
2346 2342 2337 2338
2347 2350 2355 2358
2347 2343 2340 2339
2348 2352 2351 2356
2348 2344 2341 2336
2349 2354 2353 2357
2349 2345 2346 2342
2350 2355 2358 2362
2350 2347 2343 2340
2351 2356 2359 2363
2351 2352 2348 2344
2352 2351 2356 2359
2352 2348 2344 2341
2353 2357 2361 2360
2353 2354 2349 2345
2354 2353 2357 2361
2354 2349 2345 2346
2355 2358 2362 2365
2355 2350 2347 2343
2356 2359 2363 2366
2356 2351 2352 2348
2357 2361 2360 2364
2357 2353 2354 2349
2358 2362 2365 2369
2358 2355 2350 2347
2359 2363 2366 2370
2359 2356 2351 2352
2360 2364 2368 2367
2360 2361 2357 2353
2361 2360 2364 2368
2361 2357 2353 2354
2362 2365 2369 2372
2362 2358 2355 2350
2363 2366 2370 2373
2363 2359 2356 2351
2364 2368 2367 2371
2364 2360 2361 2357
2365 2369 2372 2376
2365 2362 2358 2355
2366 2370 2373 2377
2366 2363 2359 2356
2367 2371 2375 2374
2367 2368 2364 2360
2368 2367 2371 2375
2368 2364 2360 2361
2369 2372 2376 2379
2369 2365 2362 2358
2370 2373 2377 2381
2370 2366 2363 2359
2371 2375 2374 2378
2371 2367 2368 2364
2372 2376 2379 2380
2372 2369 2365 2362
2373 2377 2381 2384
2373 2370 2366 2363
2374 2378 2382 2385
2374 2375 2371 2367
2375 2374 2378 2382
2375 2371 2367 2368
2376 2379 2380 2383
2376 2372 2369 2365
2377 2381 2384 2387
2377 2373 2370 2366
2378 2382 2385 2388
2378 2374 2375 2371
2379 2380 2383 2386
2379 2376 2372 2369
2380 2383 2386 2389
2380 2379 2376 2372
2381 2384 2387 2391
2381 2377 2373 2370
2382 2385 2388 2392
2382 2378 2374 2375
2383 2386 2389 2390
2383 2380 2379 2376
2384 2387 2391 2395
2384 2381 2377 2373
2385 2388 2392 2396
2385 2382 2378 2374
2386 2389 2390 2393
2386 2383 2380 2379
2387 2391 2395 2399
2387 2384 2381 2377
2388 2392 2396 2400
2388 2385 2382 2378
2389 2390 2393 2394
2389 2386 2383 2380
2390 2393 2394 2397
2390 2389 2386 2383
2391 2395 2399 2403
2391 2387 2384 2381
2392 2396 2400 2404
2392 2388 2385 2382
2393 2394 2397 2398
2393 2390 2389 2386
2394 2397 2398 2401
2394 2393 2390 2389
2395 2399 2403 2407
2395 2391 2387 2384
2396 2400 2404 2408
2396 2392 2388 2385
2397 2398 2401 2402
2397 2394 2393 2390
2398 2401 2402 2405
2398 2397 2394 2393
2399 2403 2407 2411
2399 2395 2391 2387
2400 2404 2408 2413
2400 2396 2392 2388
2401 2402 2405 2406
2401 2398 2397 2394
2402 2405 2406 2409
2402 2401 2398 2397
2403 2407 2411 2412
2403 2399 2395 2391
2404 2408 2413 2417
2404 2400 2396 2392
2405 2406 2409 2410
2405 2402 2401 2398
2406 2409 2410 2414
2406 2405 2402 2401
2407 2411 2412 2416
2407 2403 2399 2395
2408 2413 2417 2421
2408 2404 2400 2396
2409 2410 2414 2415
2409 2406 2405 2402
2410 2414 2415 2418
2410 2409 2406 2405
2411 2412 2416 2420
2411 2407 2403 2399
2412 2416 2420 2424
2412 2411 2407 2403
2413 2417 2421 2426
2413 2408 2404 2400
2414 2415 2418 2419
2414 2410 2409 2406
2415 2418 2419 2422
2415 2414 2410 2409
2416 2420 2424 2425
2416 2412 2411 2407
2417 2421 2426 2431
2417 2413 2408 2404
2418 2419 2422 2423
2418 2415 2414 2410
2419 2422 2423 2427
2419 2418 2415 2414
2420 2424 2425 2429
2420 2416 2412 2411
2421 2426 2431 2436
2421 2417 2413 2408
2422 2423 2427 2428
2422 2419 2418 2415
2423 2427 2428 2432
2423 2422 2419 2418
2424 2425 2429 2430
2424 2420 2416 2412
2425 2429 2430 2434
2425 2424 2420 2416
2426 2431 2436 2435
2426 2421 2417 2413
2427 2428 2432 2433
2427 2423 2422 2419
2428 2432 2433 2437
2428 2427 2423 2422
2429 2430 2434 -1
2429 2425 2424 2420
2430 2429 2425 2424
2431 2436 2435 2439
2431 2426 2421 2417
2432 2433 2437 2438
2432 2428 2427 2423
2433 2437 2438 2440
2433 2432 2428 2427
2434 2430 2429 2425
2435 2439 2443 2442
2435 2436 2431 2426
2436 2435 2439 2443
2436 2431 2426 2421
2437 2438 2440 2441
2437 2433 2432 2428
2438 2440 2441 2444
2438 2437 2433 2432
2439 2443 2442 2446
2439 2435 2436 2431
2440 2441 2444 2445
2440 2438 2437 2433
2441 2444 2445 2447
2441 2440 2438 2437
2442 2446 2450 2449
2442 2443 2439 2435
2443 2442 2446 2450
2443 2439 2435 2436
2444 2445 2447 2448
2444 2441 2440 2438
2445 2447 2448 2451
2445 2444 2441 2440
2446 2450 2449 2453
2446 2442 2443 2439
2447 2448 2451 2452
2447 2445 2444 2441
2448 2451 2452 2454
2448 2447 2445 2444
2449 2453 2457 2456
2449 2450 2446 2442
2450 2449 2453 2457
2450 2446 2442 2443
2451 2452 2454 2455
2451 2448 2447 2445
2452 2454 2455 2458
2452 2451 2448 2447
2453 2457 2456 2460
2453 2449 2450 2446
2454 2455 2458 2459
2454 2452 2451 2448
2455 2458 2459 2461
2455 2454 2452 2451
2456 2460 2464 2463
2456 2457 2453 2449
2457 2456 2460 2464
2457 2453 2449 2450
2458 2459 2461 2462
2458 2455 2454 2452
2459 2461 2462 2465
2459 2458 2455 2454
2460 2464 2463 2467
2460 2456 2457 2453
2461 2462 2465 2466
2461 2459 2458 2455
2462 2465 2466 2468
2462 2461 2459 2458
2463 2467 2471 2470
2463 2464 2460 2456
2464 2463 2467 2471
2464 2460 2456 2457
2465 2466 2468 2469
2465 2462 2461 2459
2466 2468 2469 2472
2466 2465 2462 2461
2467 2471 2470 2474
2467 2463 2464 2460
2468 2469 2472 2473
2468 2466 2465 2462
2469 2472 2473 2475
2469 2468 2466 2465
2470 2474 2478 2477
2470 2471 2467 2463
2471 2470 2474 2478
2471 2467 2463 2464
2472 2473 2475 2476
2472 2469 2468 2466
2473 2475 2476 2479
2473 2472 2469 2468
2474 2478 2477 2481
2474 2470 2471 2467
2475 2476 2479 2480
2475 2473 2472 2469
2476 2479 2480 2482
2476 2475 2473 2472
2477 2481 2485 2484
2477 2478 2474 2470
2478 2477 2481 2485
2478 2474 2470 2471
2479 2480 2482 2483
2479 2476 2475 2473
2480 2482 2483 2486
2480 2479 2476 2475
2481 2485 2484 2488
2481 2477 2478 2474
2482 2483 2486 2487
2482 2480 2479 2476
2483 2486 2487 2489
2483 2482 2480 2479
2484 2488 2492 2491
2484 2485 2481 2477
2485 2484 2488 2492
2485 2481 2477 2478
2486 2487 2489 2490
2486 2483 2482 2480
2487 2489 2490 2493
2487 2486 2483 2482
2488 2492 2491 2496
2488 2484 2485 2481
2489 2490 2493 2494
2489 2487 2486 2483
2490 2493 2494 2497
2490 2489 2487 2486
2491 2496 2495 2502
2491 2492 2488 2484
2492 2491 2496 2495
2492 2488 2484 2485
2493 2494 2497 2498
2493 2490 2489 2487
2494 2497 2498 2499
2494 2493 2490 2489
2495 2502 2501 2500
2495 2496 2491 2492
2496 2495 2502 2501
2496 2491 2492 2488
2497 2498 2499 2503
2497 2494 2493 2490
2498 2499 2503 2504
2498 2497 2494 2493
2499 2503 2504 2546
2499 2498 2497 2494
2500 2545 2544 2543
2500 2501 2502 2495
2501 2500 2545 2544
2501 2502 2495 2496
2502 2501 2500 2545
2502 2495 2496 2491
2503 2504 2546 2547
2503 2499 2498 2497
2504 2546 2547 2548
2504 2503 2499 2498
2505 2608 2607 2606
2505 2506 2507 2508
2506 2505 2608 2607
2506 2507 2508 2509
2507 2506 2505 2608
2507 2508 2509 2510
2508 2507 2506 2505
2508 2509 2510 2511
2509 2508 2507 2506
2509 2510 2511 2512
2510 2509 2508 2507
2510 2511 2512 2513
2511 2510 2509 2508
2511 2512 2513 2514
2512 2511 2510 2509
2512 2513 2514 2515
2513 2512 2511 2510
2513 2514 2515 2516
2514 2513 2512 2511
2514 2515 2516 2517
2515 2514 2513 2512
2515 2516 2517 2518
2516 2515 2514 2513
2516 2517 2518 2519
2517 2516 2515 2514
2517 2518 2519 2520
2518 2517 2516 2515
2518 2519 2520 2521
2519 2518 2517 2516
2519 2520 2521 2522
2520 2519 2518 2517
2520 2521 2522 2523
2521 2520 2519 2518
2521 2522 2523 2524
2522 2521 2520 2519
2522 2523 2524 2525
2523 2522 2521 2520
2523 2524 2525 2526
2524 2523 2522 2521
2524 2525 2526 2527
2525 2524 2523 2522
2525 2526 2527 2528
2526 2525 2524 2523
2526 2527 2528 2529
2527 2526 2525 2524
2527 2528 2529 2530
2528 2527 2526 2525
2528 2529 2530 2531
2529 2528 2527 2526
2529 2530 2531 2532
2530 2529 2528 2527
2530 2531 2532 2533
2531 2530 2529 2528
2531 2532 2533 2534
2532 2531 2530 2529
2532 2533 2534 2535
2533 2532 2531 2530
2533 2534 2535 2536
2534 2533 2532 2531
2534 2535 2536 2537
2535 2534 2533 2532
2535 2536 2537 2538
2536 2535 2534 2533
2536 2537 2538 2539
2537 2536 2535 2534
2537 2538 2539 2540
2538 2537 2536 2535
2538 2539 2540 2541
2539 2538 2537 2536
2539 2540 2541 2542
2540 2539 2538 2537
2540 2541 2542 2543
2541 2540 2539 2538
2541 2542 2543 2544
2542 2541 2540 2539
2542 2543 2544 2545
2543 2542 2541 2540
2543 2544 2545 2500
2544 2543 2542 2541
2544 2545 2500 2501
2545 2544 2543 2542
2545 2500 2501 2502
2546 2547 2548 2549
2546 2504 2503 2499
2547 2548 2549 2550
2547 2546 2504 2503
2548 2549 2550 2551
2548 2547 2546 2504
2549 2550 2551 2552
2549 2548 2547 2546
2550 2551 2552 2553
2550 2549 2548 2547
2551 2552 2553 2554
2551 2550 2549 2548
2552 2551 2550 2549
2552 2553 2554 2555
2553 2552 2551 2550
2553 2554 2555 2556
2554 2553 2552 2551
2554 2555 2556 2557
2555 2554 2553 2552
2555 2556 2557 2558
2556 2555 2554 2553
2556 2557 2558 2559
2557 2556 2555 2554
2557 2558 2559 2560
2558 2557 2556 2555
2558 2559 2560 2561
2559 2558 2557 2556
2559 2560 2561 2562
2560 2559 2558 2557
2560 2561 2562 2563
2561 2560 2559 2558
2561 2562 2563 2564
2562 2561 2560 2559
2562 2563 2564 2565
2563 2562 2561 2560
2563 2564 2565 2566
2564 2563 2562 2561
2564 2565 2566 2567
2565 2564 2563 2562
2565 2566 2567 2568
2566 2565 2564 2563
2566 2567 2568 2569
2567 2566 2565 2564
2567 2568 2569 2570
2568 2567 2566 2565
2568 2569 2570 2571
2569 2568 2567 2566
2569 2570 2571 2572
2570 2569 2568 2567
2570 2571 2572 2573
2571 2570 2569 2568
2571 2572 2573 2574
2572 2571 2570 2569
2572 2573 2574 2575
2573 2572 2571 2570
2573 2574 2575 2576
2574 2573 2572 2571
2574 2575 2576 2577
2575 2574 2573 2572
2575 2576 2577 2578
2576 2575 2574 2573
2576 2577 2578 2579
2577 2576 2575 2574
2577 2578 2579 2580
2578 2577 2576 2575
2578 2579 2580 2581
2579 2578 2577 2576
2579 2580 2581 2582
2580 2579 2578 2577
2580 2581 2582 2583
2581 2580 2579 2578
2581 2582 2583 2584
2582 2581 2580 2579
2582 2583 2584 2585
2583 2582 2581 2580
2583 2584 2585 2586
2584 2583 2582 2581
2584 2585 2586 2587
2585 2584 2583 2582
2585 2586 2587 2588
2586 2585 2584 2583
2586 2587 2588 2589
2587 2586 2585 2584
2587 2588 2589 2590
2588 2587 2586 2585
2588 2589 2590 2591
2589 2588 2587 2586
2589 2590 2591 2592
2590 2589 2588 2587
2590 2591 2592 2593
2591 2590 2589 2588
2591 2592 2593 2594
2592 2591 2590 2589
2592 2593 2594 2595
2593 2592 2591 2590
2593 2594 2595 2596
2594 2593 2592 2591
2594 2595 2596 2597
2595 2594 2593 2592
2595 2596 2597 2598
2596 2595 2594 2593
2596 2597 2598 2599
2597 2596 2595 2594
2597 2598 2599 2600
2598 2597 2596 2595
2598 2599 2600 2601
2599 2598 2597 2596
2599 2600 2601 2602
2600 2599 2598 2597
2600 2601 2602 2603
2601 2600 2599 2598
2601 2602 2603 2604
2602 2601 2600 2599
2602 2603 2604 2605
2603 2602 2601 2600
2603 2604 2605 2606
2604 2603 2602 2601
2604 2605 2606 2607
2605 2604 2603 2602
2605 2606 2607 2608
2606 2605 2604 2603
2606 2607 2608 2505
2607 2606 2605 2604
2607 2608 2505 2506
2608 2607 2606 2605
2608 2505 2506 2507
