0 17 16 15
0 1 18 19
1 18 19 20
1 0 17 16
2 43 42 41
2 3 4 5
3 2 43 42
3 4 5 6
4 3 2 43
4 5 6 7
5 4 3 2
5 6 7 8
6 5 4 3
6 7 8 9
7 6 5 4
7 8 9 10
8 7 6 5
8 9 10 11
9 8 7 6
9 10 11 12
10 9 8 7
10 11 12 13
11 10 9 8
11 12 13 14
12 11 10 9
12 13 14 15
13 12 11 10
13 14 15 16
14 13 12 11
14 15 16 17
15 14 13 12
15 16 17 0
16 15 14 13
16 17 0 1
17 16 15 14
17 0 1 18
18 19 20 44
18 1 0 17
19 20 44 61
19 18 1 0
20 44 61 84
20 19 18 1
21 60 59 58
21 22 23 24
22 21 60 59
22 23 24 25
23 22 21 60
23 24 25 26
24 23 22 21
24 25 26 27
25 24 23 22
25 26 27 28
26 25 24 23
26 27 28 29
27 26 25 24
27 28 29 30
28 27 26 25
28 29 30 31
29 28 27 26
29 30 31 32
30 29 28 27
30 31 32 33
31 30 29 28
31 32 33 34
32 31 30 29
32 33 34 35
33 32 31 30
33 34 35 36
34 33 32 31
34 35 36 37
35 34 33 32
35 36 37 38
36 35 34 33
36 37 38 39
37 36 35 34
37 38 39 40
38 37 36 35
38 39 40 41
39 38 37 36
39 40 41 42
40 39 38 37
40 41 42 43
41 40 39 38
41 42 43 2
42 41 40 39
42 43 2 3
43 42 41 40
43 2 3 4
44 61 84 85
44 20 19 18
45 83 82 81
45 46 47 48
46 45 83 82
46 47 48 49
47 46 45 83
47 48 49 50
48 47 46 45
48 49 50 51
49 48 47 46
49 50 51 52
50 49 48 47
50 51 52 53
51 50 49 48
51 52 53 54
52 51 50 49
52 53 54 55
53 52 51 50
53 54 55 56
54 53 52 51
54 55 56 57
55 54 53 52
55 56 57 58
56 55 54 53
56 57 58 59
57 56 55 54
57 58 59 60
58 57 56 55
58 59 60 21
59 58 57 56
59 60 21 22
60 59 58 57
60 21 22 23
61 84 85 102
61 44 20 19
62 101 100 99
62 63 64 65
63 62 101 100
63 64 65 66
64 63 62 101
64 65 66 67
65 64 63 62
65 66 67 68
66 65 64 63
66 67 68 69
67 66 65 64
67 68 69 70
68 67 66 65
68 69 70 71
69 68 67 66
69 70 71 72
70 69 68 67
70 71 72 73
71 70 69 68
71 72 73 74
72 71 70 69
72 73 74 75
73 72 71 70
73 74 75 76
74 73 72 71
74 75 76 77
75 74 73 72
75 76 77 78
76 75 74 73
76 77 78 79
77 76 75 74
77 78 79 80
78 77 76 75
78 79 80 81
79 78 77 76
79 80 81 82
80 79 78 77
80 81 82 83
81 80 79 78
81 82 83 45
82 81 80 79
82 83 45 46
83 82 81 80
83 45 46 47
84 85 102 126
84 61 44 20
85 102 126 127
85 84 61 44
86 125 124 123
86 87 88 89
87 86 125 124
87 88 89 90
88 87 86 125
88 89 90 91
89 88 87 86
89 90 91 92
90 89 88 87
90 91 92 93
91 90 89 88
91 92 93 94
92 91 90 89
92 93 94 95
93 92 91 90
93 94 95 96
94 93 92 91
94 95 96 97
95 94 93 92
95 96 97 98
96 95 94 93
96 97 98 99
97 96 95 94
97 98 99 100
98 97 96 95
98 99 100 101
99 98 97 96
99 100 101 62
100 99 98 97
100 101 62 63
101 100 99 98
101 62 63 64
102 126 127 142
102 85 84 61
103 141 140 139
103 104 105 106
104 103 141 140
104 105 106 107
105 104 103 141
105 106 107 108
106 105 104 103
106 107 108 109
107 106 105 104
107 108 109 110
108 107 106 105
108 109 110 111
109 108 107 106
109 110 111 112
110 109 108 107
110 111 112 113
111 110 109 108
111 112 113 114
112 111 110 109
112 113 114 115
113 112 111 110
113 114 115 116
114 113 112 111
114 115 116 117
115 114 113 112
115 116 117 118
116 115 114 113
116 117 118 119
117 116 115 114
117 118 119 120
118 117 116 115
118 119 120 121
119 118 117 116
119 120 121 122
120 119 118 117
120 121 122 123
121 120 119 118
121 122 123 124
122 121 120 119
122 123 124 125
123 122 121 120
123 124 125 86
124 123 122 121
124 125 86 87
125 124 123 122
125 86 87 88
126 127 142 147
126 102 85 84
127 142 147 148
127 126 102 85
128 146 145 144
128 129 130 131
129 128 146 145
129 130 131 132
130 129 128 146
130 131 132 133
131 130 129 128
131 132 133 134
132 131 130 129
132 133 134 135
133 132 131 130
133 134 135 136
134 133 132 131
134 135 136 137
135 134 133 132
135 136 137 138
136 135 134 133
136 137 138 139
137 136 135 134
137 138 139 140
138 137 136 135
138 139 140 141
139 138 137 136
139 140 141 103
140 139 138 137
140 141 103 104
141 140 139 138
141 103 104 105
142 147 148 152
142 127 126 102
143 151 150 149
143 144 145 146
144 143 151 150
144 145 146 128
145 144 143 151
145 146 128 129
146 145 144 143
146 128 129 130
147 148 152 155
147 142 127 126
148 152 155 156
148 147 142 127
149 154 153 159
149 150 151 143
150 149 154 153
150 151 143 144
151 150 149 154
151 143 144 145
152 155 156 160
152 148 147 142
153 159 158 157
153 154 149 150
154 153 159 158
154 149 150 151
155 156 160 163
155 152 148 147
156 160 163 164
156 155 152 148
157 162 161 167
157 158 159 153
158 157 162 161
158 159 153 154
159 158 157 162
159 153 154 149
160 163 164 168
160 156 155 152
161 167 166 165
161 162 157 158
162 161 167 166
162 157 158 159
163 164 168 171
163 160 156 155
164 168 171 172
164 163 160 156
165 170 169 175
165 166 167 161
166 165 170 169
166 167 161 162
167 166 165 170
167 161 162 157
168 171 172 176
168 164 163 160
169 175 174 173
169 170 165 166
170 169 175 174
170 165 166 167
171 172 176 179
171 168 164 163
172 176 179 183
172 171 168 164
173 178 177 182
173 174 175 169
174 173 178 177
174 175 169 170
175 174 173 178
175 169 170 165
176 179 183 186
176 172 171 168
177 182 181 180
177 178 173 174
178 177 182 181
178 173 174 175
179 183 186 190
179 176 172 171
180 185 184 189
180 181 182 177
181 180 185 184
181 182 177 178
182 181 180 185
182 177 178 173
183 186 190 193
183 179 176 172
184 189 188 187
184 185 180 181
185 184 189 188
185 180 181 182
186 190 193 197
186 183 179 176
187 192 191 196
187 188 189 184
188 187 192 191
188 189 184 185
189 188 187 192
189 184 185 180
190 193 197 200
190 186 183 179
191 196 195 194
191 192 187 188
192 191 196 195
192 187 188 189
193 197 200 203
193 190 186 183
194 199 198 202
194 195 196 191
195 194 199 198
195 196 191 192
196 195 194 199
196 191 192 187
197 200 203 206
197 193 190 186
198 202 201 205
198 199 194 195
199 198 202 201
199 194 195 196
200 203 206 209
200 197 193 190
201 205 204 208
201 202 198 199
202 201 205 204
202 198 199 194
203 206 209 213
203 200 197 193
204 208 207 212
204 205 201 202
205 204 208 207
205 201 202 198
206 209 213 216
206 203 200 197
207 212 211 210
207 208 204 205
208 207 212 211
208 204 205 201
209 213 216 219
209 206 203 200
210 215 214 218
210 211 212 207
211 210 215 214
211 212 207 208
212 211 210 215
212 207 208 204
213 216 219 222
213 209 206 203
214 218 217 221
214 215 210 211
215 214 218 217
215 210 211 212
216 219 222 225
216 213 209 206
217 221 220 224
217 218 214 215
218 217 221 220
218 214 215 210
219 222 225 229
219 216 213 209
220 224 223 228
220 221 217 218
221 220 224 223
221 217 218 214
222 225 229 232
222 219 216 213
223 228 227 226
223 224 220 221
224 223 228 227
224 220 221 217
225 229 232 235
225 222 219 216
226 231 230 234
226 227 228 223
227 226 231 230
227 228 223 224
228 227 226 231
228 223 224 220
229 232 235 238
229 225 222 219
230 234 233 237
230 231 226 227
231 230 234 233
231 226 227 228
232 235 238 241
232 229 225 222
233 237 236 240
233 234 230 231
234 233 237 236
234 230 231 226
235 238 241 244
235 232 229 225
236 240 239 243
236 237 233 234
237 236 240 239
237 233 234 230
238 241 244 247
238 235 232 229
239 243 242 246
239 240 236 237
240 239 243 242
240 236 237 233
241 244 247 250
241 238 235 232
242 246 245 249
242 243 239 240
243 242 246 245
243 239 240 236
244 247 250 253
244 241 238 235
245 249 248 252
245 246 242 243
246 245 249 248
246 242 243 239
247 250 253 256
247 244 241 238
248 252 251 255
248 249 245 246
249 248 252 251
249 245 246 242
250 253 256 259
250 247 244 241
251 255 254 258
251 252 248 249
252 251 255 254
252 248 249 245
253 256 259 260
253 250 247 244
254 258 257 262
254 255 251 252
255 254 258 257
255 251 252 248
256 259 260 263
256 253 250 247
257 262 261 265
257 258 254 255
258 257 262 261
258 254 255 251
259 260 263 266
259 256 253 250
260 263 266 267
260 259 256 253
261 265 264 269
261 262 257 258
262 261 265 264
262 257 258 254
263 266 267 270
263 260 259 256
264 269 268 272
264 265 261 262
265 264 269 268
265 261 262 257
266 267 270 273
266 263 260 259
267 270 273 274
267 266 263 260
268 272 271 276
268 269 264 265
269 268 272 271
269 264 265 261
270 273 274 277
270 267 266 263
271 276 275 279
271 272 268 269
272 271 276 275
272 268 269 264
273 274 277 280
273 270 267 266
274 277 280 281
274 273 270 267
275 279 278 283
275 276 271 272
276 275 279 278
276 271 272 268
277 280 281 284
277 274 273 270
278 283 282 286
278 279 275 276
279 278 283 282
279 275 276 271
280 281 284 287
280 277 274 273
281 284 287 288
281 280 277 274
282 286 285 290
282 283 278 279
283 282 286 285
283 278 279 275
284 287 288 291
284 281 280 277
285 290 289 293
285 286 282 283
286 285 290 289
286 282 283 278
287 288 291 294
287 284 281 280
288 291 294 295
288 287 284 281
289 293 292 297
289 290 285 286
290 289 293 292
290 285 286 282
291 294 295 298
291 288 287 284
292 297 296 301
292 293 289 290
293 292 297 296
293 289 290 285
294 295 298 302
294 291 288 287
295 298 302 303
295 294 291 288
296 301 300 299
296 297 292 293
297 296 301 300
297 292 293 289
298 302 303 306
298 295 294 291
299 305 304 308
299 300 301 296
300 299 305 304
300 301 296 297
301 300 299 305
301 296 297 292
302 303 306 309
302 298 295 294
303 306 309 310
303 302 298 295
304 308 307 312
304 305 299 300
305 304 308 307
305 299 300 301
306 309 310 313
306 303 302 298
307 312 311 315
307 308 304 305
308 307 312 311
308 304 305 299
309 310 313 316
309 306 303 302
310 313 316 317
310 309 306 303
311 315 314 319
311 312 307 308
312 311 315 314
312 307 308 304
313 316 317 320
313 310 309 306
314 319 318 322
314 315 311 312
315 314 319 318
315 311 312 307
316 317 320 323
316 313 310 309
317 320 323 324
317 316 313 310
318 322 321 326
318 319 314 315
319 318 322 321
319 314 315 311
320 323 324 327
320 317 316 313
321 326 325 329
321 322 318 319
322 321 326 325
322 318 319 314
323 324 327 330
323 320 317 316
324 327 330 331
324 323 320 317
325 329 328 333
325 326 321 322
326 325 329 328
326 321 322 318
327 330 331 334
327 324 323 320
328 333 332 336
328 329 325 326
329 328 333 332
329 325 326 321
330 331 334 337
330 327 324 323
331 334 337 338
331 330 327 324
332 336 335 340
332 333 328 329
333 332 336 335
333 328 329 325
334 337 338 341
334 331 330 327
335 340 339 343
335 336 332 333
336 335 340 339
336 332 333 328
337 338 341 344
337 334 331 330
338 341 344 345
338 337 334 331
339 343 342 347
339 340 335 336
340 339 343 342
340 335 336 332
341 344 345 348
341 338 337 334
342 347 346 350
342 343 339 340
343 342 347 346
343 339 340 335
344 345 348 351
344 341 338 337
345 348 351 352
345 344 341 338
346 350 349 354
346 347 342 343
347 346 350 349
347 342 343 339
348 351 352 355
348 345 344 341
349 354 353 356
349 350 346 347
350 349 354 353
350 346 347 342
351 352 355 357
351 348 345 344
352 355 357 358
352 351 348 345
353 356 359 362
353 354 349 350
354 353 356 359
354 349 350 346
355 357 358 360
355 352 351 348
356 359 362 361
356 353 354 349
357 358 360 363
357 355 352 351
358 360 363 364
358 357 355 352
359 362 361 366
359 356 353 354
360 363 364 367
360 358 357 355
361 366 365 369
361 362 359 356
362 361 366 365
362 359 356 353
363 364 367 370
363 360 358 357
364 367 370 371
364 363 360 358
365 369 368 373
365 366 361 362
366 365 369 368
366 361 362 359
367 370 371 374
367 364 363 360
368 373 372 376
368 369 365 366
369 368 373 372
369 365 366 361
370 371 374 377
370 367 364 363
371 374 377 378
371 370 367 364
372 376 375 379
372 373 368 369
373 372 376 375
373 368 369 365
374 377 378 380
374 371 370 367
375 379 381 385
375 376 372 373
376 375 379 381
376 372 373 368
377 378 380 382
377 374 371 370
378 380 382 383
378 377 374 371
379 381 385 384
379 375 376 372
380 382 383 386
380 378 377 374
381 385 384 388
381 379 375 376
382 383 386 389
382 380 378 377
383 386 389 392
383 382 380 378
384 388 387 391
384 385 381 379
385 384 388 387
385 381 379 375
386 389 392 394
386 383 382 380
387 391 390 393
387 388 384 385
388 387 391 390
388 384 385 381
389 392 394 396
389 386 383 382
390 393 395 398
390 391 387 388
391 390 393 395
391 387 388 384
392 394 396 399
392 389 386 383
393 395 398 397
393 390 391 387
394 396 399 402
394 392 389 386
395 398 397 401
395 393 390 391
396 399 402 404
396 394 392 389
397 401 400 403
397 398 395 393
398 397 401 400
398 395 393 390
399 402 404 407
399 396 394 392
400 403 406 405
400 401 397 398
401 400 403 406
401 397 398 395
402 404 407 410
402 399 396 394
403 406 405 409
403 400 401 397
404 407 410 412
404 402 399 396
405 409 408 411
405 406 403 400
406 405 409 408
406 403 400 401
407 410 412 415
407 404 402 399
408 411 414 413
408 409 405 406
409 408 411 414
409 405 406 403
410 412 415 418
410 407 404 402
411 414 413 417
411 408 409 405
412 415 418 420
412 410 407 404
413 417 416 419
413 414 411 408
414 413 417 416
414 411 408 409
415 418 420 423
415 412 410 407
416 419 422 421
416 417 413 414
417 416 419 422
417 413 414 411
418 420 423 425
418 415 412 410
419 422 421 424
419 416 417 413
420 423 425 427
420 418 415 412
421 424 426 429
421 422 419 416
422 421 424 426
422 419 416 417
423 425 427 430
423 420 418 415
424 426 429 428
424 421 422 419
425 427 430 432
425 423 420 418
426 429 428 431
426 424 421 422
427 430 432 435
427 425 423 420
428 431 434 433
428 429 426 424
429 428 431 434
429 426 424 421
430 432 435 437
430 427 425 423
431 434 433 436
431 428 429 426
432 435 437 439
432 430 427 425
433 436 438 441
433 434 431 428
434 433 436 438
434 431 428 429
435 437 439 442
435 432 430 427
436 438 441 440
436 433 434 431
437 439 442 444
437 435 432 430
438 441 440 443
438 436 433 434
439 442 444 447
439 437 435 432
440 443 446 445
440 441 438 436
441 440 443 446
441 438 436 433
442 444 447 449
442 439 437 435
443 446 445 448
443 440 441 438
444 447 449 452
444 442 439 437
445 448 451 450
445 446 443 440
446 445 448 451
446 443 440 441
447 449 452 454
447 444 442 439
448 451 450 453
448 445 446 443
449 452 454 457
449 447 444 442
450 453 456 455
450 451 448 445
451 450 453 456
451 448 445 446
452 454 457 459
452 449 447 444
453 456 455 458
453 450 451 448
454 457 459 462
454 452 449 447
455 458 461 460
455 456 453 450
456 455 458 461
456 453 450 451
457 459 462 464
457 454 452 449
458 461 460 463
458 455 456 453
459 462 464 467
459 457 454 452
460 463 466 465
460 461 458 455
461 460 463 466
461 458 455 456
462 464 467 468
462 459 457 454
463 466 465 469
463 460 461 458
464 467 468 470
464 462 459 457
465 469 472 471
465 466 463 460
466 465 469 472
466 463 460 461
467 468 470 473
467 464 462 459
468 470 473 474
468 467 464 462
469 472 471 475
469 465 466 463
470 473 474 476
470 468 467 464
471 475 478 477
471 472 469 465
472 471 475 478
472 469 465 466
473 474 476 479
473 470 468 467
474 476 479 480
474 473 470 468
475 478 477 481
475 471 472 469
476 479 480 482
476 474 473 470
477 481 484 483
477 478 475 471
478 477 481 484
478 475 471 472
479 480 482 485
479 476 474 473
480 482 485 486
480 479 476 474
481 484 483 487
481 477 478 475
482 485 486 488
482 480 479 476
483 487 489 492
483 484 481 477
484 483 487 489
484 481 477 478
485 486 488 490
485 482 480 479
486 488 490 491
486 485 482 480
487 489 492 494
487 483 484 481
488 490 491 493
488 486 485 482
489 492 494 498
489 487 483 484
490 491 493 495
490 488 486 485
491 493 495 496
491 490 488 486
492 494 498 497
492 489 487 483
493 495 496 499
493 491 490 488
494 498 497 500
494 492 489 487
495 496 499 501
495 493 491 490
496 499 501 502
496 495 493 491
497 500 504 503
497 498 494 492
498 497 500 504
498 494 492 489
499 501 502 505
499 496 495 493
500 504 503 506
500 497 498 494
501 502 505 507
501 499 496 495
502 505 507 508
502 501 499 496
503 506 509 511
503 504 500 497
504 503 506 509
504 500 497 498
505 507 508 510
505 502 501 499
506 509 511 514
506 503 504 500
507 508 510 512
507 505 502 501
508 510 512 513
508 507 505 502
509 511 514 517
509 506 503 504
510 512 513 515
510 508 507 505
511 514 517 516
511 509 506 503
512 513 515 518
512 510 508 507
513 515 518 519
513 512 510 508
514 517 516 520
514 511 509 506
515 518 519 521
515 513 512 510
516 520 522 525
516 517 514 511
517 516 520 522
517 514 511 509
518 519 521 523
518 515 513 512
519 521 523 524
519 518 515 513
520 522 525 527
520 516 517 514
521 523 524 526
521 519 518 515
522 525 527 530
522 520 516 517
523 524 526 528
523 521 519 518
524 526 528 529
524 523 521 519
525 527 530 532
525 522 520 516
526 528 529 531
526 524 523 521
527 530 532 535
527 525 522 520
528 529 531 533
528 526 524 523
529 531 533 534
529 528 526 524
530 532 535 538
530 527 525 522
531 533 534 536
531 529 528 526
532 535 538 537
532 530 527 525
533 534 536 539
533 531 529 528
534 536 539 540
534 533 531 529
535 538 537 541
535 532 530 527
536 539 540 542
536 534 533 531
537 541 543 546
537 538 535 532
538 537 541 543
538 535 532 530
539 540 542 544
539 536 534 533
540 542 544 545
540 539 536 534
541 543 546 548
541 537 538 535
542 544 545 547
542 540 539 536
543 546 548 551
543 541 537 538
544 545 547 549
544 542 540 539
545 547 549 550
545 544 542 540
546 548 551 553
546 543 541 537
547 549 550 552
547 545 544 542
548 551 553 556
548 546 543 541
549 550 552 554
549 547 545 544
550 552 554 555
550 549 547 545
551 553 556 558
551 548 546 543
552 554 555 557
552 550 549 547
553 556 558 561
553 551 548 546
554 555 557 559
554 552 550 549
555 557 559 560
555 554 552 550
556 558 561 563
556 553 551 548
557 559 560 562
557 555 554 552
558 561 563 566
558 556 553 551
559 560 562 564
559 557 555 554
560 562 564 565
560 559 557 555
561 563 566 568
561 558 556 553
562 564 565 567
562 560 559 557
563 566 568 570
563 561 558 556
564 565 567 569
564 562 560 559
565 567 569 571
565 564 562 560
566 568 570 572
566 563 561 558
567 569 571 573
567 565 564 562
568 570 572 574
568 566 563 561
569 571 573 575
569 567 565 564
570 572 574 576
570 568 566 563
571 573 575 577
571 569 567 565
572 574 576 578
572 570 568 566
573 575 577 579
573 571 569 567
574 576 578 581
574 572 570 568
575 577 579 582
575 573 571 569
576 578 581 580
576 574 572 570
577 579 582 584
577 575 573 571
578 581 580 583
578 576 574 572
579 582 584 586
579 577 575 573
580 583 585 587
580 581 578 576
581 580 583 585
581 578 576 574
582 584 586 588
582 579 577 575
583 585 587 589
583 580 581 578
584 586 588 590
584 582 579 577
585 587 589 591
585 583 580 581
586 588 590 592
586 584 582 579
587 589 591 593
587 585 583 580
588 590 592 594
588 586 584 582
589 591 593 595
589 587 585 583
590 592 594 596
590 588 586 584
591 593 595 598
591 589 587 585
592 594 596 597
592 590 588 586
593 595 598 600
593 591 589 587
594 596 597 599
594 592 590 588
595 598 600 602
595 593 591 589
596 597 599 601
596 594 592 590
597 599 601 603
597 596 594 592
598 600 602 604
598 595 593 591
599 601 603 605
599 597 596 594
600 602 604 606
600 598 595 593
601 603 605 607
601 599 597 596
602 604 606 608
602 600 598 595
603 605 607 609
603 601 599 597
604 606 608 611
604 602 600 598
605 607 609 612
605 603 601 599
606 608 611 610
606 604 602 600
607 609 612 614
607 605 603 601
608 611 610 613
608 606 604 602
609 612 614 616
609 607 605 603
610 613 615 617
610 611 608 606
611 610 613 615
611 608 606 604
612 614 616 618
612 609 607 605
613 615 617 619
613 610 611 608
614 616 618 620
614 612 609 607
615 617 619 621
615 613 610 611
616 618 620 622
616 614 612 609
617 619 621 623
617 615 613 610
618 620 622 624
618 616 614 612
619 621 623 625
619 617 615 613
620 622 624 626
620 618 616 614
621 623 625 627
621 619 617 615
622 624 626 628
622 620 618 616
623 625 627 629
623 621 619 617
624 626 628 630
624 622 620 618
625 627 629 631
625 623 621 619
626 628 630 632
626 624 622 620
627 629 631 633
627 625 623 621
628 630 632 634
628 626 624 622
629 631 633 635
629 627 625 623
630 632 634 636
630 628 626 624
631 633 635 637
631 629 627 625
632 634 636 638
632 630 628 626
633 635 637 639
633 631 629 627
634 636 638 640
634 632 630 628
635 637 639 641
635 633 631 629
636 638 640 642
636 634 632 630
637 639 641 643
637 635 633 631
638 640 642 644
638 636 634 632
639 641 643 645
639 637 635 633
640 642 644 646
640 638 636 634
641 643 645 647
641 639 637 635
642 644 646 648
642 640 638 636
643 645 647 649
643 641 639 637
644 646 648 650
644 642 640 638
645 647 649 651
645 643 641 639
646 648 650 652
646 644 642 640
647 649 651 653
647 645 643 641
648 650 652 654
648 646 644 642
649 651 653 655
649 647 645 643
650 652 654 656
650 648 646 644
651 653 655 657
651 649 647 645
652 654 656 658
652 650 648 646
653 655 657 659
653 651 649 647
654 656 658 660
654 652 650 648
655 657 659 661
655 653 651 649
656 658 660 662
656 654 652 650
657 659 661 663
657 655 653 651
658 660 662 664
658 656 654 652
659 661 663 665
659 657 655 653
660 662 664 666
660 658 656 654
661 663 665 667
661 659 657 655
662 664 666 668
662 660 658 656
663 665 667 669
663 661 659 657
664 666 668 670
664 662 660 658
665 667 669 671
665 663 661 659
666 668 670 672
666 664 662 660
667 669 671 673
667 665 663 661
668 670 672 674
668 666 664 662
669 671 673 675
669 667 665 663
670 672 674 676
670 668 666 664
671 673 675 677
671 669 667 665
672 674 676 678
672 670 668 666
673 675 677 679
673 671 669 667
674 676 678 680
674 672 670 668
675 677 679 681
675 673 671 669
676 678 680 683
676 674 672 670
677 679 681 684
677 675 673 671
678 680 683 685
678 676 674 672
679 681 684 686
679 677 675 673
680 683 685 688
680 678 676 674
681 684 686 689
681 679 677 675
683 685 688 690
683 680 678 676
684 686 689 691
684 681 679 677
685 688 690 692
685 683 680 678
686 689 691 694
686 684 681 679
688 690 692 695
688 685 683 680
689 691 694 693
689 686 684 681
690 692 695 697
690 688 685 683
691 694 693 696
691 689 686 684
692 695 697 700
692 690 688 685
693 696 698 701
693 694 691 689
694 693 696 698
694 691 689 686
695 697 700 702
695 692 690 688
696 698 701 703
696 693 694 691
697 700 702 705
697 695 692 690
698 701 703 706
698 696 693 694
699 704 707 712
700 702 705 708
700 697 695 692
701 703 706 709
701 698 696 693
702 705 708 710
702 700 697 695
703 706 709 711
703 701 698 696
704 707 712 715
705 708 710 713
705 702 700 697
706 709 711 714
706 703 701 698
707 712 715 718
707 704 699 -1
708 710 713 716
708 705 702 700
709 711 714 717
709 706 703 701
710 713 716 719
710 708 705 702
711 714 717 720
711 709 706 703
712 715 718 721
712 707 704 699
713 716 719 722
713 710 708 705
714 717 720 723
714 711 709 706
715 718 721 724
715 712 707 704
716 719 722 725
716 713 710 708
717 720 723 726
717 714 711 709
718 721 724 727
718 715 712 707
719 722 725 728
719 716 713 710
720 723 726 729
720 717 714 711
721 724 727 730
721 718 715 712
722 725 728 731
722 719 716 713
723 726 729 732
723 720 717 714
724 727 730 733
724 721 718 715
725 728 731 734
725 722 719 716
726 729 732 735
726 723 720 717
727 730 733 736
727 724 721 718
728 731 734 737
728 725 722 719
729 732 735 738
729 726 723 720
730 733 736 739
730 727 724 721
731 734 737 740
731 728 725 722
732 735 738 741
732 729 726 723
733 736 739 742
733 730 727 724
734 737 740 743
734 731 728 725
735 738 741 744
735 732 729 726
736 739 742 747
736 733 730 727
737 740 743 745
737 734 731 728
738 741 744 746
738 735 732 729
739 742 747 750
739 736 733 730
740 743 745 748
740 737 734 731
741 744 746 749
741 738 735 732
742 747 750 753
742 739 736 733
743 745 748 751
743 740 737 734
744 746 749 752
744 741 738 735
745 748 751 754
745 743 740 737
746 749 752 755
746 744 741 738
747 750 753 756
747 742 739 736
748 751 754 757
748 745 743 740
749 752 755 758
749 746 744 741
750 753 756 759
750 747 742 739
751 754 757 760
751 748 745 743
752 755 758 761
752 749 746 744
753 756 759 762
753 750 747 742
754 757 760 763
754 751 748 745
755 758 761 764
755 752 749 746
756 759 762 765
756 753 750 747
757 760 763 766
757 754 751 748
758 761 764 767
758 755 752 749
759 762 765 768
759 756 753 750
760 763 766 769
760 757 754 751
761 764 767 770
761 758 755 752
762 765 768 771
762 759 756 753
763 766 769 772
763 760 757 754
764 767 770 773
764 761 758 755
765 768 771 774
765 762 759 756
766 769 772 775
766 763 760 757
767 770 773 776
767 764 761 758
768 771 774 777
768 765 762 759
769 772 775 778
769 766 763 760
770 773 776 779
770 767 764 761
771 774 777 780
771 768 765 762
772 775 778 781
772 769 766 763
773 776 779 782
773 770 767 764
774 777 780 783
774 771 768 765
775 778 781 784
775 772 769 766
776 779 782 785
776 773 770 767
777 780 783 786
777 774 771 768
778 781 784 787
778 775 772 769
779 782 785 788
779 776 773 770
780 783 786 789
780 777 774 771
781 784 787 790
781 778 775 772
782 785 788 791
782 779 776 773
783 786 789 792
783 780 777 774
784 787 790 793
784 781 778 775
785 788 791 794
785 782 779 776
786 789 792 795
786 783 780 777
787 790 793 796
787 784 781 778
788 791 794 797
788 785 782 779
789 792 795 798
789 786 783 780
790 793 796 799
790 787 784 781
791 794 797 800
791 788 785 782
792 795 798 801
792 789 786 783
793 796 799 802
793 790 787 784
794 797 800 803
794 791 788 785
795 798 801 804
795 792 789 786
796 799 802 805
796 793 790 787
797 800 803 806
797 794 791 788
798 801 804 807
798 795 792 789
799 802 805 808
799 796 793 790
800 803 806 809
800 797 794 791
801 804 807 810
801 798 795 792
802 805 808 811
802 799 796 793
803 806 809 812
803 800 797 794
804 807 810 813
804 801 798 795
805 808 811 814
805 802 799 796
806 809 812 815
806 803 800 797
807 810 813 816
807 804 801 798
808 811 814 817
808 805 802 799
809 812 815 818
809 806 803 800
810 813 816 819
810 807 804 801
811 814 817 820
811 808 805 802
812 815 818 821
812 809 806 803
813 816 819 822
813 810 807 804
814 817 820 823
814 811 808 805
815 818 821 824
815 812 809 806
816 819 822 825
816 813 810 807
817 820 823 826
817 814 811 808
818 821 824 827
818 815 812 809
819 822 825 828
819 816 813 810
820 823 826 829
820 817 814 811
821 824 827 830
821 818 815 812
822 825 828 831
822 819 816 813
823 826 829 832
823 820 817 814
824 827 830 833
824 821 818 815
825 828 831 834
825 822 819 816
826 829 832 835
826 823 820 817
827 830 833 836
827 824 821 818
828 831 834 837
828 825 822 819
829 832 835 838
829 826 823 820
830 833 836 839
830 827 824 821
831 834 837 840
831 828 825 822
832 835 838 841
832 829 826 823
833 836 839 842
833 830 827 824
834 837 840 843
834 831 828 825
835 838 841 844
835 832 829 826
836 839 842 845
836 833 830 827
837 840 843 846
837 834 831 828
838 841 844 847
838 835 832 829
839 842 845 848
839 836 833 830
840 843 846 849
840 837 834 831
841 844 847 850
841 838 835 832
842 845 848 851
842 839 836 833
843 846 849 852
843 840 837 834
844 847 850 853
844 841 838 835
845 848 851 854
845 842 839 836
846 849 852 855
846 843 840 837
847 850 853 856
847 844 841 838
848 851 854 857
848 845 842 839
849 852 855 858
849 846 843 840
850 853 856 859
850 847 844 841
851 854 857 860
851 848 845 842
852 855 858 861
852 849 846 843
853 856 859 862
853 850 847 844
854 857 860 863
854 851 848 845
855 858 861 864
855 852 849 846
856 859 862 865
856 853 850 847
857 860 863 866
857 854 851 848
858 861 864 867
858 855 852 849
859 862 865 868
859 856 853 850
860 863 866 869
860 857 854 851
861 864 867 870
861 858 855 852
862 865 868 871
862 859 856 853
863 866 869 872
863 860 857 854
864 867 870 873
864 861 858 855
865 868 871 874
865 862 859 856
866 869 872 875
866 863 860 857
867 870 873 876
867 864 861 858
868 871 874 877
868 865 862 859
869 872 875 878
869 866 863 860
870 873 876 879
870 867 864 861
871 874 877 880
871 868 865 862
872 875 878 881
872 869 866 863
873 876 879 882
873 870 867 864
874 877 880 883
874 871 868 865
875 878 881 884
875 872 869 866
876 879 882 885
876 873 870 867
877 880 883 886
877 874 871 868
878 881 884 887
878 875 872 869
879 882 885 888
879 876 873 870
880 883 886 889
880 877 874 871
881 884 887 890
881 878 875 872
882 885 888 891
882 879 876 873
883 886 889 892
883 880 877 874
884 887 890 893
884 881 878 875
885 888 891 894
885 882 879 876
886 889 892 895
886 883 880 877
887 890 893 896
887 884 881 878
888 891 894 897
888 885 882 879
889 892 895 898
889 886 883 880
890 893 896 899
890 887 884 881
891 894 897 900
891 888 885 882
892 895 898 901
892 889 886 883
893 896 899 902
893 890 887 884
894 897 900 903
894 891 888 885
895 898 901 904
895 892 889 886
896 899 902 905
896 893 890 887
897 900 903 906
897 894 891 888
898 901 904 907
898 895 892 889
899 902 905 908
899 896 893 890
900 903 906 909
900 897 894 891
901 904 907 910
901 898 895 892
902 905 908 911
902 899 896 893
903 906 909 916
903 900 897 894
904 907 910 912
904 901 898 895
905 908 911 913
905 902 899 896
906 909 916 919
906 903 900 897
907 910 912 914
907 904 901 898
908 911 913 915
908 905 902 899
909 916 919 922
909 906 903 900
910 912 914 917
910 907 904 901
911 913 915 918
911 908 905 902
912 914 917 920
912 910 907 904
913 915 918 921
913 911 908 905
914 917 920 923
914 912 910 907
915 918 921 924
915 913 911 908
916 919 922 925
916 909 906 903
917 920 923 926
917 914 912 910
918 921 924 927
918 915 913 911
919 922 925 928
919 916 909 906
920 923 926 929
920 917 914 912
921 924 927 930
921 918 915 913
922 925 928 931
922 919 916 909
923 926 929 932
923 920 917 914
924 927 930 933
924 921 918 915
925 928 931 934
925 922 919 916
926 929 932 935
926 923 920 917
927 930 933 936
927 924 921 918
928 931 934 937
928 925 922 919
929 932 935 938
929 926 923 920
930 933 936 939
930 927 924 921
931 934 937 940
931 928 925 922
932 935 938 941
932 929 926 923
933 936 939 942
933 930 927 924
934 937 940 943
934 931 928 925
935 938 941 944
935 932 929 926
936 939 942 945
936 933 930 927
937 940 943 946
937 934 931 928
938 941 944 947
938 935 932 929
939 942 945 948
939 936 933 930
940 943 946 949
940 937 934 931
941 944 947 950
941 938 935 932
942 945 948 951
942 939 936 933
943 946 949 952
943 940 937 934
944 947 950 953
944 941 938 935
945 948 951 954
945 942 939 936
946 949 952 955
946 943 940 937
947 950 953 956
947 944 941 938
948 951 954 957
948 945 942 939
949 952 955 958
949 946 943 940
950 953 956 959
950 947 944 941
951 954 957 960
951 948 945 942
952 955 958 961
952 949 946 943
953 956 959 962
953 950 947 944
954 957 960 963
954 951 948 945
955 958 961 964
955 952 949 946
956 959 962 965
956 953 950 947
957 960 963 966
957 954 951 948
958 961 964 967
958 955 952 949
959 962 965 968
959 956 953 950
960 963 966 969
960 957 954 951
961 964 967 970
961 958 955 952
962 965 968 971
962 959 956 953
963 966 969 972
963 960 957 954
964 967 970 973
964 961 958 955
965 968 971 974
965 962 959 956
966 969 972 975
966 963 960 957
967 970 973 976
967 964 961 958
968 971 974 977
968 965 962 959
969 972 975 978
969 966 963 960
970 973 976 979
970 967 964 961
971 974 977 980
971 968 965 962
972 975 978 981
972 969 966 963
973 976 979 982
973 970 967 964
974 977 980 983
974 971 968 965
975 978 981 984
975 972 969 966
976 979 982 985
976 973 970 967
977 980 983 986
977 974 971 968
978 981 984 987
978 975 972 969
979 982 985 988
979 976 973 970
980 983 986 989
980 977 974 971
981 984 987 990
981 978 975 972
982 985 988 991
982 979 976 973
983 986 989 992
983 980 977 974
984 987 990 993
984 981 978 975
985 988 991 994
985 982 979 976
986 989 992 995
986 983 980 977
987 990 993 996
987 984 981 978
988 991 994 -1
988 985 982 979
989 992 995 997
989 986 983 980
990 993 996 998
990 987 984 981
991 988 985 982
992 995 997 999
992 989 986 983
993 996 998 1000
993 990 987 984
994 991 988 985
995 997 999 1001
995 992 989 986
996 998 1000 1002
996 993 990 987
997 999 1001 1003
997 995 992 989
998 1000 1002 1004
998 996 993 990
999 1001 1003 1005
999 997 995 992
1000 1002 1004 1006
1000 998 996 993
1001 1003 1005 1007
1001 999 997 995
1002 1004 1006 1008
1002 1000 998 996
1003 1005 1007 1009
1003 1001 999 997
1004 1006 1008 1010
1004 1002 1000 998
1005 1007 1009 1012
1005 1003 1001 999
1006 1008 1010 1013
1006 1004 1002 1000
1007 1009 1012 1014
1007 1005 1003 1001
1008 1010 1013 1015
1008 1006 1004 1002
1009 1012 1014 1016
1009 1007 1005 1003
1010 1013 1015 1017
1010 1008 1006 1004
1011 1022 1025 -1
1012 1014 1016 1018
1012 1009 1007 1005
1013 1015 1017 1019
1013 1010 1008 1006
1014 1016 1018 1020
1014 1012 1009 1007
1015 1017 1019 1021
1015 1013 1010 1008
1016 1018 1020 1023
1016 1014 1012 1009
1017 1019 1021 1024
1017 1015 1013 1010
1018 1020 1023 1026
1018 1016 1014 1012
1019 1021 1024 1027
1019 1017 1015 1013
1020 1023 1026 1029
1020 1018 1016 1014
1021 1024 1027 1030
1021 1019 1017 1015
1022 1025 1028 1031
1023 1026 1029 1032
1023 1020 1018 1016
1024 1027 1030 1033
1024 1021 1019 1017
1025 1028 1031 1034
1025 1022 1011 -1
1026 1029 1032 1035
1026 1023 1020 1018
1027 1030 1033 1036
1027 1024 1021 1019
1028 1031 1034 1037
1028 1025 1022 -1
1029 1032 1035 1038
1029 1026 1023 1020
1030 1033 1036 1039
1030 1027 1024 1021
1031 1034 1037 1040
1031 1028 1025 1022
1032 1035 1038 1041
1032 1029 1026 1023
1033 1036 1039 1042
1033 1030 1027 1024
1034 1037 1040 1043
1034 1031 1028 1025
1035 1038 1041 1044
1035 1032 1029 1026
1036 1039 1042 1045
1036 1033 1030 1027
1037 1040 1043 1046
1037 1034 1031 1028
1038 1041 1044 1047
1038 1035 1032 1029
1039 1042 1045 1048
1039 1036 1033 1030
1040 1043 1046 1049
1040 1037 1034 1031
1041 1044 1047 1050
1041 1038 1035 1032
1042 1045 1048 1051
1042 1039 1036 1033
1043 1046 1049 1052
1043 1040 1037 1034
1044 1047 1050 1053
1044 1041 1038 1035
1045 1048 1051 1054
1045 1042 1039 1036
1046 1049 1052 1055
1046 1043 1040 1037
1047 1050 1053 1056
1047 1044 1041 1038
1048 1051 1054 1057
1048 1045 1042 1039
1049 1052 1055 1058
1049 1046 1043 1040
1050 1053 1056 1059
1050 1047 1044 1041
1051 1054 1057 1060
1051 1048 1045 1042
1052 1055 1058 1061
1052 1049 1046 1043
1053 1056 1059 1062
1053 1050 1047 1044
1054 1057 1060 1063
1054 1051 1048 1045
1055 1058 1061 1064
1055 1052 1049 1046
1056 1059 1062 1065
1056 1053 1050 1047
1057 1060 1063 1066
1057 1054 1051 1048
1058 1061 1064 1067
1058 1055 1052 1049
1059 1062 1065 1068
1059 1056 1053 1050
1060 1063 1066 1069
1060 1057 1054 1051
1061 1064 1067 1070
1061 1058 1055 1052
1062 1065 1068 1071
1062 1059 1056 1053
1063 1066 1069 1072
1063 1060 1057 1054
1064 1067 1070 -1
1064 1061 1058 1055
1065 1068 1071 1073
1065 1062 1059 1056
1066 1069 1072 1074
1066 1063 1060 1057
1067 1064 1061 1058
1068 1071 1073 1075
1068 1065 1062 1059
1069 1072 1074 1076
1069 1066 1063 1060
1070 1067 1064 1061
1071 1073 1075 1077
1071 1068 1065 1062
1072 1074 1076 1078
1072 1069 1066 1063
1073 1075 1077 1079
1073 1071 1068 1065
1074 1076 1078 1080
1074 1072 1069 1066
1075 1077 1079 1081
1075 1073 1071 1068
1076 1078 1080 1082
1076 1074 1072 1069
1077 1079 1081 1083
1077 1075 1073 1071
1078 1080 1082 1084
1078 1076 1074 1072
1079 1081 1083 1085
1079 1077 1075 1073
1080 1082 1084 1086
1080 1078 1076 1074
1081 1083 1085 1087
1081 1079 1077 1075
1082 1084 1086 1088
1082 1080 1078 1076
1083 1085 1087 1089
1083 1081 1079 1077
1084 1086 1088 1090
1084 1082 1080 1078
1085 1087 1089 1091
1085 1083 1081 1079
1086 1088 1090 1092
1086 1084 1082 1080
1087 1089 1091 1094
1087 1085 1083 1081
1088 1090 1092 1095
1088 1086 1084 1082
1089 1091 1094 1097
1089 1087 1085 1083
1090 1092 1095 1098
1090 1088 1086 1084
1091 1094 1097 1100
1091 1089 1087 1085
1092 1095 1098 1101
1092 1090 1088 1086
1093 1096 1099 1102
1094 1097 1100 1103
1094 1091 1089 1087
1095 1098 1101 1104
1095 1092 1090 1088
1096 1099 1102 1105
1097 1100 1103 1106
1097 1094 1091 1089
1098 1101 1104 1107
1098 1095 1092 1090
1099 1102 1105 1108
1099 1096 1093 -1
1100 1103 1106 1109
1100 1097 1094 1091
1101 1104 1107 1110
1101 1098 1095 1092
1102 1105 1108 1111
1102 1099 1096 1093
1103 1106 1109 1112
1103 1100 1097 1094
1104 1107 1110 1113
1104 1101 1098 1095
1105 1108 1111 1114
1105 1102 1099 1096
1106 1109 1112 1115
1106 1103 1100 1097
1107 1110 1113 1116
1107 1104 1101 1098
1108 1111 1114 1117
1108 1105 1102 1099
1109 1112 1115 1118
1109 1106 1103 1100
1110 1113 1116 1119
1110 1107 1104 1101
1111 1114 1117 1120
1111 1108 1105 1102
1112 1115 1118 1121
1112 1109 1106 1103
1113 1116 1119 1122
1113 1110 1107 1104
1114 1117 1120 1123
1114 1111 1108 1105
1115 1118 1121 1124
1115 1112 1109 1106
1116 1119 1122 1125
1116 1113 1110 1107
1117 1120 1123 1126
1117 1114 1111 1108
1118 1121 1124 1127
1118 1115 1112 1109
1119 1122 1125 1128
1119 1116 1113 1110
1120 1123 1126 1129
1120 1117 1114 1111
1121 1124 1127 1130
1121 1118 1115 1112
1122 1125 1128 1131
1122 1119 1116 1113
1123 1126 1129 1132
1123 1120 1117 1114
1124 1127 1130 1133
1124 1121 1118 1115
1125 1128 1131 1134
1125 1122 1119 1116
1126 1129 1132 1135
1126 1123 1120 1117
1127 1130 1133 1136
1127 1124 1121 1118
1128 1131 1134 1137
1128 1125 1122 1119
1129 1132 1135 1138
1129 1126 1123 1120
1130 1133 1136 1139
1130 1127 1124 1121
1131 1134 1137 1140
1131 1128 1125 1122
1132 1135 1138 1141
1132 1129 1126 1123
1133 1136 1139 1142
1133 1130 1127 1124
1134 1137 1140 1143
1134 1131 1128 1125
1135 1138 1141 1144
1135 1132 1129 1126
1136 1139 1142 1145
1136 1133 1130 1127
1137 1140 1143 1146
1137 1134 1131 1128
1138 1141 1144 1147
1138 1135 1132 1129
1139 1142 1145 1148
1139 1136 1133 1130
1140 1143 1146 1149
1140 1137 1134 1131
1141 1144 1147 1150
1141 1138 1135 1132
1142 1145 1148 1151
1142 1139 1136 1133
1143 1146 1149 1152
1143 1140 1137 1134
1144 1147 1150 1153
1144 1141 1138 1135
1145 1148 1151 1154
1145 1142 1139 1136
1146 1149 1152 1155
1146 1143 1140 1137
1147 1150 1153 1156
1147 1144 1141 1138
1148 1151 1154 1157
1148 1145 1142 1139
1149 1152 1155 1158
1149 1146 1143 1140
1150 1153 1156 1159
1150 1147 1144 1141
1151 1154 1157 1160
1151 1148 1145 1142
1152 1155 1158 1161
1152 1149 1146 1143
1153 1156 1159 1162
1153 1150 1147 1144
1154 1157 1160 1163
1154 1151 1148 1145
1155 1158 1161 1164
1155 1152 1149 1146
1156 1159 1162 1165
1156 1153 1150 1147
1157 1160 1163 1166
1157 1154 1151 1148
1158 1161 1164 1167
1158 1155 1152 1149
1159 1162 1165 1168
1159 1156 1153 1150
1160 1163 1166 1169
1160 1157 1154 1151
1161 1164 1167 1170
1161 1158 1155 1152
1162 1165 1168 1171
1162 1159 1156 1153
1163 1166 1169 1172
1163 1160 1157 1154
1164 1167 1170 1173
1164 1161 1158 1155
1165 1168 1171 1174
1165 1162 1159 1156
1166 1169 1172 1175
1166 1163 1160 1157
1167 1170 1173 1176
1167 1164 1161 1158
1168 1171 1174 1177
1168 1165 1162 1159
1169 1172 1175 1178
1169 1166 1163 1160
1170 1173 1176 1179
1170 1167 1164 1161
1171 1174 1177 1180
1171 1168 1165 1162
1172 1175 1178 1181
1172 1169 1166 1163
1173 1176 1179 1182
1173 1170 1167 1164
1174 1177 1180 1183
1174 1171 1168 1165
1175 1178 1181 1184
1175 1172 1169 1166
1176 1179 1182 1185
1176 1173 1170 1167
1177 1180 1183 1186
1177 1174 1171 1168
1178 1181 1184 1187
1178 1175 1172 1169
1179 1182 1185 1188
1179 1176 1173 1170
1180 1183 1186 1189
1180 1177 1174 1171
1181 1184 1187 1190
1181 1178 1175 1172
1182 1185 1188 1191
1182 1179 1176 1173
1183 1186 1189 1192
1183 1180 1177 1174
1184 1187 1190 1193
1184 1181 1178 1175
1185 1188 1191 1194
1185 1182 1179 1176
1186 1189 1192 1195
1186 1183 1180 1177
1187 1190 1193 1196
1187 1184 1181 1178
1188 1191 1194 1197
1188 1185 1182 1179
1189 1192 1195 1198
1189 1186 1183 1180
1190 1193 1196 1199
1190 1187 1184 1181
1191 1194 1197 1200
1191 1188 1185 1182
1192 1195 1198 1201
1192 1189 1186 1183
1193 1196 1199 1202
1193 1190 1187 1184
1194 1197 1200 1203
1194 1191 1188 1185
1195 1198 1201 1204
1195 1192 1189 1186
1196 1199 1202 1205
1196 1193 1190 1187
1197 1200 1203 1206
1197 1194 1191 1188
1198 1201 1204 1207
1198 1195 1192 1189
1199 1202 1205 1208
1199 1196 1193 1190
1200 1203 1206 1209
1200 1197 1194 1191
1201 1204 1207 1210
1201 1198 1195 1192
1202 1205 1208 1211
1202 1199 1196 1193
1203 1206 1209 1212
1203 1200 1197 1194
1204 1207 1210 1213
1204 1201 1198 1195
1205 1208 1211 1214
1205 1202 1199 1196
1206 1209 1212 1215
1206 1203 1200 1197
1207 1210 1213 1216
1207 1204 1201 1198
1208 1211 1214 1217
1208 1205 1202 1199
1209 1212 1215 1218
1209 1206 1203 1200
1210 1213 1216 1219
1210 1207 1204 1201
1211 1214 1217 1220
1211 1208 1205 1202
1212 1215 1218 1221
1212 1209 1206 1203
1213 1216 1219 1222
1213 1210 1207 1204
1214 1217 1220 1223
1214 1211 1208 1205
1215 1218 1221 1224
1215 1212 1209 1206
1216 1219 1222 1225
1216 1213 1210 1207
1217 1220 1223 1226
1217 1214 1211 1208
1218 1221 1224 1227
1218 1215 1212 1209
1219 1222 1225 1228
1219 1216 1213 1210
1220 1223 1226 1229
1220 1217 1214 1211
1221 1224 1227 1230
1221 1218 1215 1212
1222 1225 1228 1231
1222 1219 1216 1213
1223 1226 1229 1232
1223 1220 1217 1214
1224 1227 1230 1233
1224 1221 1218 1215
1225 1228 1231 1234
1225 1222 1219 1216
1226 1229 1232 1235
1226 1223 1220 1217
1227 1230 1233 1236
1227 1224 1221 1218
1228 1231 1234 1237
1228 1225 1222 1219
1229 1232 1235 1238
1229 1226 1223 1220
1230 1233 1236 1239
1230 1227 1224 1221
1231 1234 1237 1240
1231 1228 1225 1222
1232 1235 1238 1241
1232 1229 1226 1223
1233 1236 1239 1242
1233 1230 1227 1224
1234 1237 1240 1243
1234 1231 1228 1225
1235 1238 1241 1244
1235 1232 1229 1226
1236 1239 1242 1245
1236 1233 1230 1227
1237 1240 1243 1246
1237 1234 1231 1228
1238 1241 1244 1247
1238 1235 1232 1229
1239 1242 1245 1248
1239 1236 1233 1230
1240 1243 1246 1249
1240 1237 1234 1231
1241 1244 1247 1250
1241 1238 1235 1232
1242 1245 1248 1251
1242 1239 1236 1233
1243 1246 1249 1252
1243 1240 1237 1234
1244 1247 1250 1253
1244 1241 1238 1235
1245 1248 1251 1254
1245 1242 1239 1236
1246 1249 1252 1255
1246 1243 1240 1237
1247 1250 1253 1256
1247 1244 1241 1238
1248 1251 1254 1257
1248 1245 1242 1239
1249 1252 1255 1258
1249 1246 1243 1240
1250 1253 1256 1259
1250 1247 1244 1241
1251 1254 1257 1260
1251 1248 1245 1242
1252 1255 1258 1261
1252 1249 1246 1243
1253 1256 1259 1262
1253 1250 1247 1244
1254 1257 1260 1263
1254 1251 1248 1245
1255 1258 1261 1266
1255 1252 1249 1246
1256 1259 1262 1264
1256 1253 1250 1247
1257 1260 1263 1265
1257 1254 1251 1248
1258 1261 1266 1269
1258 1255 1252 1249
1259 1262 1264 1267
1259 1256 1253 1250
1260 1263 1265 1268
1260 1257 1254 1251
1261 1266 1269 1272
1261 1258 1255 1252
1262 1264 1267 1270
1262 1259 1256 1253
1263 1265 1268 1271
1263 1260 1257 1254
1264 1267 1270 1273
1264 1262 1259 1256
1265 1268 1271 1274
1265 1263 1260 1257
1266 1269 1272 1275
1266 1261 1258 1255
1267 1270 1273 1276
1267 1264 1262 1259
1268 1271 1274 1277
1268 1265 1263 1260
1269 1272 1275 1278
1269 1266 1261 1258
1270 1273 1276 1279
1270 1267 1264 1262
1271 1274 1277 1280
1271 1268 1265 1263
1272 1275 1278 1281
1272 1269 1266 1261
1273 1276 1279 1282
1273 1270 1267 1264
1274 1277 1280 1283
1274 1271 1268 1265
1275 1278 1281 1284
1275 1272 1269 1266
1276 1279 1282 1285
1276 1273 1270 1267
1277 1280 1283 1286
1277 1274 1271 1268
1278 1281 1284 1287
1278 1275 1272 1269
1279 1282 1285 1288
1279 1276 1273 1270
1280 1283 1286 1289
1280 1277 1274 1271
1281 1284 1287 1290
1281 1278 1275 1272
1282 1285 1288 1291
1282 1279 1276 1273
1283 1286 1289 1292
1283 1280 1277 1274
1284 1287 1290 1295
1284 1281 1278 1275
1285 1288 1291 1293
1285 1282 1279 1276
1286 1289 1292 1294
1286 1283 1280 1277
1287 1290 1295 1298
1287 1284 1281 1278
1288 1291 1293 1296
1288 1285 1282 1279
1289 1292 1294 1297
1289 1286 1283 1280
1290 1295 1298 1301
1290 1287 1284 1281
1291 1293 1296 1299
1291 1288 1285 1282
1292 1294 1297 1300
1292 1289 1286 1283
1293 1296 1299 1302
1293 1291 1288 1285
1294 1297 1300 1303
1294 1292 1289 1286
1295 1298 1301 1304
1295 1290 1287 1284
1296 1299 1302 1305
1296 1293 1291 1288
1297 1300 1303 1306
1297 1294 1292 1289
1298 1301 1304 1307
1298 1295 1290 1287
1299 1302 1305 1308
1299 1296 1293 1291
1300 1303 1306 1309
1300 1297 1294 1292
1301 1304 1307 1310
1301 1298 1295 1290
1302 1305 1308 1311
1302 1299 1296 1293
1303 1306 1309 1312
1303 1300 1297 1294
1304 1307 1310 1313
1304 1301 1298 1295
1305 1308 1311 1314
1305 1302 1299 1296
1306 1309 1312 1315
1306 1303 1300 1297
1307 1310 1313 1316
1307 1304 1301 1298
1308 1311 1314 1317
1308 1305 1302 1299
1309 1312 1315 1318
1309 1306 1303 1300
1310 1313 1316 1319
1310 1307 1304 1301
1311 1314 1317 1320
1311 1308 1305 1302
1312 1315 1318 1321
1312 1309 1306 1303
1313 1316 1319 1322
1313 1310 1307 1304
1314 1317 1320 1323
1314 1311 1308 1305
1315 1318 1321 1324
1315 1312 1309 1306
1316 1319 1322 1325
1316 1313 1310 1307
1317 1320 1323 1326
1317 1314 1311 1308
1318 1321 1324 1327
1318 1315 1312 1309
1319 1322 1325 1328
1319 1316 1313 1310
1320 1323 1326 1329
1320 1317 1314 1311
1321 1324 1327 1330
1321 1318 1315 1312
1322 1325 1328 1331
1322 1319 1316 1313
1323 1326 1329 1332
1323 1320 1317 1314
1324 1327 1330 1333
1324 1321 1318 1315
1325 1328 1331 1334
1325 1322 1319 1316
1326 1329 1332 1335
1326 1323 1320 1317
1327 1330 1333 1336
1327 1324 1321 1318
1328 1331 1334 1337
1328 1325 1322 1319
1329 1332 1335 1338
1329 1326 1323 1320
1330 1333 1336 1339
1330 1327 1324 1321
1331 1334 1337 1340
1331 1328 1325 1322
1332 1335 1338 1341
1332 1329 1326 1323
1333 1336 1339 1342
1333 1330 1327 1324
1334 1337 1340 1344
1334 1331 1328 1325
1335 1338 1341 1345
1335 1332 1329 1326
1336 1339 1342 1343
1336 1333 1330 1327
1337 1340 1344 1347
1337 1334 1331 1328
1338 1341 1345 1348
1338 1335 1332 1329
1339 1342 1343 1346
1339 1336 1333 1330
1340 1344 1347 1350
1340 1337 1334 1331
1341 1345 1348 1351
1341 1338 1335 1332
1342 1343 1346 1349
1342 1339 1336 1333
1343 1346 1349 1352
1343 1342 1339 1336
1344 1347 1350 1353
1344 1340 1337 1334
1345 1348 1351 1354
1345 1341 1338 1335
1346 1349 1352 1355
1346 1343 1342 1339
1347 1350 1353 1356
1347 1344 1340 1337
1348 1351 1354 1357
1348 1345 1341 1338
1349 1352 1355 1358
1349 1346 1343 1342
1350 1353 1356 1359
1350 1347 1344 1340
1351 1354 1357 1360
1351 1348 1345 1341
1352 1355 1358 1361
1352 1349 1346 1343
1353 1356 1359 1362
1353 1350 1347 1344
1354 1357 1360 1363
1354 1351 1348 1345
1355 1358 1361 1364
1355 1352 1349 1346
1356 1359 1362 1365
1356 1353 1350 1347
1357 1360 1363 1366
1357 1354 1351 1348
1358 1361 1364 1367
1358 1355 1352 1349
1359 1362 1365 1368
1359 1356 1353 1350
1360 1363 1366 1369
1360 1357 1354 1351
1361 1364 1367 1370
1361 1358 1355 1352
1362 1365 1368 1371
1362 1359 1356 1353
1363 1366 1369 1372
1363 1360 1357 1354
1364 1367 1370 1373
1364 1361 1358 1355
1365 1368 1371 1374
1365 1362 1359 1356
1366 1369 1372 1375
1366 1363 1360 1357
1367 1370 1373 1376
1367 1364 1361 1358
1368 1371 1374 1377
1368 1365 1362 1359
1369 1372 1375 1378
1369 1366 1363 1360
1370 1373 1376 1379
1370 1367 1364 1361
1371 1374 1377 1383
1371 1368 1365 1362
1372 1375 1378 1381
1372 1369 1366 1363
1373 1376 1379 1380
1373 1370 1367 1364
1374 1377 1383 1386
1374 1371 1368 1365
1375 1378 1381 1384
1375 1372 1369 1366
1376 1379 1380 1382
1376 1373 1370 1367
1377 1383 1386 1391
1377 1374 1371 1368
1378 1381 1384 1387
1378 1375 1372 1369
1379 1380 1382 1385
1379 1376 1373 1370
1380 1382 1385 1388
1380 1379 1376 1373
1381 1384 1387 1389
1381 1378 1375 1372
1382 1385 1388 1390
1382 1380 1379 1376
1383 1386 1391 1394
1383 1377 1374 1371
1384 1387 1389 1392
1384 1381 1378 1375
1385 1388 1390 1393
1385 1382 1380 1379
1386 1391 1394 1397
1386 1383 1377 1374
1387 1389 1392 1395
1387 1384 1381 1378
1388 1390 1393 1396
1388 1385 1382 1380
1389 1392 1395 1398
1389 1387 1384 1381
1390 1393 1396 1399
1390 1388 1385 1382
1391 1394 1397 1400
1391 1386 1383 1377
1392 1395 1398 1402
1392 1389 1387 1384
1393 1396 1399 1403
1393 1390 1388 1385
1394 1397 1400 1406
1394 1391 1386 1383
1395 1398 1402 1401
1395 1392 1389 1387
1396 1399 1403 1405
1396 1393 1390 1388
1397 1400 1406 1412
1397 1394 1391 1386
1398 1402 1401 1404
1398 1395 1392 1389
1399 1403 1405 1408
1399 1396 1393 1390
1400 1406 1412 1418
1400 1397 1394 1391
1401 1404 1407 1409
1401 1402 1398 1395
1402 1401 1404 1407
1402 1398 1395 1392
1403 1405 1408 1410
1403 1399 1396 1393
1404 1407 1409 1414
1404 1401 1402 1398
1405 1408 1410 1411
1405 1403 1399 1396
1406 1412 1418 1424
1406 1400 1397 1394
1407 1409 1414 1413
1407 1404 1401 1402
1408 1410 1411 1415
1408 1405 1403 1399
1409 1414 1413 1416
1409 1407 1404 1401
1410 1411 1415 1417
1410 1408 1405 1403
1411 1415 1417 1420
1411 1410 1408 1405
1412 1418 1424 -1
1412 1406 1400 1397
1413 1416 1419 1422
1413 1414 1409 1407
1414 1413 1416 1419
1414 1409 1407 1404
1415 1417 1420 1423
1415 1411 1410 1408
1416 1419 1422 1421
1416 1413 1414 1409
1417 1420 1423 1426
1417 1415 1411 1410
1418 1412 1406 1400
1419 1422 1421 1425
1419 1416 1413 1414
1420 1423 1426 1428
1420 1417 1415 1411
1421 1425 1427 1430
1421 1422 1419 1416
1422 1421 1425 1427
1422 1419 1416 1413
1423 1426 1428 1431
1423 1420 1417 1415
1424 1418 1412 1406
1425 1427 1430 1429
1425 1421 1422 1419
1426 1428 1431 1433
1426 1423 1420 1417
1427 1430 1429 1432
1427 1425 1421 1422
1428 1431 1433 1435
1428 1426 1423 1420
1429 1432 1434 1436
1429 1430 1427 1425
1430 1429 1432 1434
1430 1427 1425 1421
1431 1433 1435 1437
1431 1428 1426 1423
1432 1434 1436 1438
1432 1429 1430 1427
1433 1435 1437 1439
1433 1431 1428 1426
1434 1436 1438 1440
1434 1432 1429 1430
1435 1437 1439 1441
1435 1433 1431 1428
1436 1438 1440 1442
1436 1434 1432 1429
1437 1439 1441 1443
1437 1435 1433 1431
1438 1440 1442 1444
1438 1436 1434 1432
1439 1441 1443 1445
1439 1437 1435 1433
1440 1442 1444 1446
1440 1438 1436 1434
1441 1443 1445 1447
1441 1439 1437 1435
1442 1444 1446 1448
1442 1440 1438 1436
1443 1445 1447 1449
1443 1441 1439 1437
1444 1446 1448 1450
1444 1442 1440 1438
1445 1447 1449 1451
1445 1443 1441 1439
1446 1448 1450 1452
1446 1444 1442 1440
1447 1449 1451 1453
1447 1445 1443 1441
1448 1450 1452 1454
1448 1446 1444 1442
1449 1451 1453 1455
1449 1447 1445 1443
1450 1452 1454 1457
1450 1448 1446 1444
1451 1453 1455 1456
1451 1449 1447 1445
1452 1454 1457 1460
1452 1450 1448 1446
1453 1455 1456 1458
1453 1451 1449 1447
1454 1457 1460 1459
1454 1452 1450 1448
1455 1456 1458 1461
1455 1453 1451 1449
1456 1458 1461 1463
1456 1455 1453 1451
1457 1460 1459 1462
1457 1454 1452 1450
1458 1461 1463 1465
1458 1456 1455 1453
1459 1462 1464 1467
1459 1460 1457 1454
1460 1459 1462 1464
1460 1457 1454 1452
1461 1463 1465 1468
1461 1458 1456 1455
1462 1464 1467 1466
1462 1459 1460 1457
1463 1465 1468 1470
1463 1461 1458 1456
1464 1467 1466 1469
1464 1462 1459 1460
1465 1468 1470 1472
1465 1463 1461 1458
1466 1469 1471 1473
1466 1467 1464 1462
1467 1466 1469 1471
1467 1464 1462 1459
1468 1470 1472 1474
1468 1465 1463 1461
1469 1471 1473 1475
1469 1466 1467 1464
1470 1472 1474 1476
1470 1468 1465 1463
1471 1473 1475 1477
1471 1469 1466 1467
1472 1474 1476 1478
1472 1470 1468 1465
1473 1475 1477 1479
1473 1471 1469 1466
1474 1476 1478 1480
1474 1472 1470 1468
1475 1477 1479 1481
1475 1473 1471 1469
1476 1478 1480 1482
1476 1474 1472 1470
1477 1479 1481 1483
1477 1475 1473 1471
1478 1480 1482 1484
1478 1476 1474 1472
1479 1481 1483 1485
1479 1477 1475 1473
1480 1482 1484 1486
1480 1478 1476 1474
1481 1483 1485 1487
1481 1479 1477 1475
1482 1484 1486 1488
1482 1480 1478 1476
1483 1485 1487 1489
1483 1481 1479 1477
1484 1486 1488 1490
1484 1482 1480 1478
1485 1487 1489 1492
1485 1483 1481 1479
1486 1488 1490 1491
1486 1484 1482 1480
1487 1489 1492 1494
1487 1485 1483 1481
1488 1490 1491 1493
1488 1486 1484 1482
1489 1492 1494 1497
1489 1487 1485 1483
1490 1491 1493 1495
1490 1488 1486 1484
1491 1493 1495 1498
1491 1490 1488 1486
1492 1494 1497 1496
1492 1489 1487 1485
1493 1495 1498 1500
1493 1491 1490 1488
1494 1497 1496 1499
1494 1492 1489 1487
1495 1498 1500 1502
1495 1493 1491 1490
1496 1499 1501 1504
1496 1497 1494 1492
1497 1496 1499 1501
1497 1494 1492 1489
1498 1500 1502 1505
1498 1495 1493 1491
1499 1501 1504 1503
1499 1496 1497 1494
1500 1502 1505 1507
1500 1498 1495 1493
1501 1504 1503 1506
1501 1499 1496 1497
1502 1505 1507 1508
1502 1500 1498 1495
1503 1506 1509 1512
1503 1504 1501 1499
1504 1503 1506 1509
1504 1501 1499 1496
1505 1507 1508 1510
1505 1502 1500 1498
1506 1509 1512 1511
1506 1503 1504 1501
1507 1508 1510 1513
1507 1505 1502 1500
1508 1510 1513 1515
1508 1507 1505 1502
1509 1512 1511 1514
1509 1506 1503 1504
1510 1513 1515 1517
1510 1508 1507 1505
1511 1514 1516 1518
1511 1512 1509 1506
1512 1511 1514 1516
1512 1509 1506 1503
1513 1515 1517 1519
1513 1510 1508 1507
1514 1516 1518 1520
1514 1511 1512 1509
1515 1517 1519 1521
1515 1513 1510 1508
1516 1518 1520 1522
1516 1514 1511 1512
1517 1519 1521 1523
1517 1515 1513 1510
1518 1520 1522 1525
1518 1516 1514 1511
1519 1521 1523 1524
1519 1517 1515 1513
1520 1522 1525 1527
1520 1518 1516 1514
1521 1523 1524 1526
1521 1519 1517 1515
1522 1525 1527 1529
1522 1520 1518 1516
1523 1524 1526 1528
1523 1521 1519 1517
1524 1526 1528 1530
1524 1523 1521 1519
1525 1527 1529 1531
1525 1522 1520 1518
1526 1528 1530 1532
1526 1524 1523 1521
1527 1529 1531 1533
1527 1525 1522 1520
1528 1530 1532 1534
1528 1526 1524 1523
1529 1531 1533 1536
1529 1527 1525 1522
1530 1532 1534 1537
1530 1528 1526 1524
1531 1533 1536 1535
1531 1529 1527 1525
1532 1534 1537 1539
1532 1530 1528 1526
1533 1536 1535 1538
1533 1531 1529 1527
1534 1537 1539 1541
1534 1532 1530 1528
1535 1538 1540 1543
1535 1536 1533 1531
1536 1535 1538 1540
1536 1533 1531 1529
1537 1539 1541 1544
1537 1534 1532 1530
1538 1540 1543 1542
1538 1535 1536 1533
1539 1541 1544 1546
1539 1537 1534 1532
1540 1543 1542 1545
1540 1538 1535 1536
1541 1544 1546 1548
1541 1539 1537 1534
1542 1545 1547 1550
1542 1543 1540 1538
1543 1542 1545 1547
1543 1540 1538 1535
1544 1546 1548 1551
1544 1541 1539 1537
1545 1547 1550 1549
1545 1542 1543 1540
1546 1548 1551 1553
1546 1544 1541 1539
1547 1550 1549 1552
1547 1545 1542 1543
1548 1551 1553 1555
1548 1546 1544 1541
1549 1552 1554 1557
1549 1550 1547 1545
1550 1549 1552 1554
1550 1547 1545 1542
1551 1553 1555 1558
1551 1548 1546 1544
1552 1554 1557 1556
1552 1549 1550 1547
1553 1555 1558 1559
1553 1551 1548 1546
1554 1557 1556 1560
1554 1552 1549 1550
1555 1558 1559 1561
1555 1553 1551 1548
1556 1560 1562 1564
1556 1557 1554 1552
1557 1556 1560 1562
1557 1554 1552 1549
1558 1559 1561 1563
1558 1555 1553 1551
1559 1561 1563 1565
1559 1558 1555 1553
1560 1562 1564 1567
1560 1556 1557 1554
1561 1563 1565 1566
1561 1559 1558 1555
1562 1564 1567 1569
1562 1560 1556 1557
1563 1565 1566 1568
1563 1561 1559 1558
1564 1567 1569 1571
1564 1562 1560 1556
1565 1566 1568 1570
1565 1563 1561 1559
1566 1568 1570 1572
1566 1565 1563 1561
1567 1569 1571 1573
1567 1564 1562 1560
1568 1570 1572 1574
1568 1566 1565 1563
1569 1571 1573 1575
1569 1567 1564 1562
1570 1572 1574 1576
1570 1568 1566 1565
1571 1573 1575 1578
1571 1569 1567 1564
1572 1574 1576 1577
1572 1570 1568 1566
1573 1575 1578 1580
1573 1571 1569 1567
1574 1576 1577 1579
1574 1572 1570 1568
1575 1578 1580 1582
1575 1573 1571 1569
1576 1577 1579 1581
1576 1574 1572 1570
1577 1579 1581 1583
1577 1576 1574 1572
1578 1580 1582 1585
1578 1575 1573 1571
1579 1581 1583 1584
1579 1577 1576 1574
1580 1582 1585 1587
1580 1578 1575 1573
1581 1583 1584 1586
1581 1579 1577 1576
1582 1585 1587 1590
1582 1580 1578 1575
1583 1584 1586 1588
1583 1581 1579 1577
1584 1586 1588 1591
1584 1583 1581 1579
1585 1587 1590 1589
1585 1582 1580 1578
1586 1588 1591 1593
1586 1584 1583 1581
1587 1590 1589 1592
1587 1585 1582 1580
1588 1591 1593 1595
1588 1586 1584 1583
1589 1592 1594 1597
1589 1590 1587 1585
1590 1589 1592 1594
1590 1587 1585 1582
1591 1593 1595 1598
1591 1588 1586 1584
1592 1594 1597 1596
1592 1589 1590 1587
1593 1595 1598 1600
1593 1591 1588 1586
1594 1597 1596 1599
1594 1592 1589 1590
1595 1598 1600 1601
1595 1593 1591 1588
1596 1599 1602 1604
1596 1597 1594 1592
1597 1596 1599 1602
1597 1594 1592 1589
1598 1600 1601 1603
1598 1595 1593 1591
1599 1602 1604 1606
1599 1596 1597 1594
1600 1601 1603 1605
1600 1598 1595 1593
1601 1603 1605 1607
1601 1600 1598 1595
1602 1604 1606 1608
1602 1599 1596 1597
1603 1605 1607 1609
1603 1601 1600 1598
1604 1606 1608 1610
1604 1602 1599 1596
1605 1607 1609 1611
1605 1603 1601 1600
1606 1608 1610 1612
1606 1604 1602 1599
1607 1609 1611 1613
1607 1605 1603 1601
1608 1610 1612 1614
1608 1606 1604 1602
1609 1611 1613 1615
1609 1607 1605 1603
1610 1612 1614 1617
1610 1608 1606 1604
1611 1613 1615 1616
1611 1609 1607 1605
1612 1614 1617 1619
1612 1610 1608 1606
1613 1615 1616 1618
1613 1611 1609 1607
1614 1617 1619 1622
1614 1612 1610 1608
1615 1616 1618 1620
1615 1613 1611 1609
1616 1618 1620 1621
1616 1615 1613 1611
1617 1619 1622 1624
1617 1614 1612 1610
1618 1620 1621 1623
1618 1616 1615 1613
1619 1622 1624 1627
1619 1617 1614 1612
1620 1621 1623 1625
1620 1618 1616 1615
1621 1623 1625 1626
1621 1620 1618 1616
1622 1624 1627 1630
1622 1619 1617 1614
1623 1625 1626 1628
1623 1621 1620 1618
1624 1627 1630 1629
1624 1622 1619 1617
1625 1626 1628 1631
1625 1623 1621 1620
1626 1628 1631 1632
1626 1625 1623 1621
1627 1630 1629 1633
1627 1624 1622 1619
1628 1631 1632 1634
1628 1626 1625 1623
1629 1633 1635 1639
1629 1630 1627 1624
1630 1629 1633 1635
1630 1627 1624 1622
1631 1632 1634 1636
1631 1628 1626 1625
1632 1634 1636 1637
1632 1631 1628 1626
1633 1635 1639 1638
1633 1629 1630 1627
1634 1636 1637 1640
1634 1632 1631 1628
1635 1639 1638 1641
1635 1633 1629 1630
1636 1637 1640 1642
1636 1634 1632 1631
1637 1640 1642 1643
1637 1636 1634 1632
1638 1641 1644 1647
1638 1639 1635 1633
1639 1638 1641 1644
1639 1635 1633 1629
1640 1642 1643 1645
1640 1637 1636 1634
1641 1644 1647 1646
1641 1638 1639 1635
1642 1643 1645 1648
1642 1640 1637 1636
1643 1645 1648 1649
1643 1642 1640 1637
1644 1647 1646 1650
1644 1641 1638 1639
1645 1648 1649 1651
1645 1643 1642 1640
1646 1650 1652 1655
1646 1647 1644 1641
1647 1646 1650 1652
1647 1644 1641 1638
1648 1649 1651 1653
1648 1645 1643 1642
1649 1651 1653 1654
1649 1648 1645 1643
1650 1652 1655 1657
1650 1646 1647 1644
1651 1653 1654 1656
1651 1649 1648 1645
1652 1655 1657 1659
1652 1650 1646 1647
1653 1654 1656 1658
1653 1651 1649 1648
1654 1656 1658 1660
1654 1653 1651 1649
1655 1657 1659 1661
1655 1652 1650 1646
1656 1658 1660 1662
1656 1654 1653 1651
1657 1659 1661 1663
1657 1655 1652 1650
1658 1660 1662 1664
1658 1656 1654 1653
1659 1661 1663 1666
1659 1657 1655 1652
1660 1662 1664 1665
1660 1658 1656 1654
1661 1663 1666 1668
1661 1659 1657 1655
1662 1664 1665 1667
1662 1660 1658 1656
1663 1666 1668 1671
1663 1661 1659 1657
1664 1665 1667 1669
1664 1662 1660 1658
1665 1667 1669 1670
1665 1664 1662 1660
1666 1668 1671 1673
1666 1663 1661 1659
1667 1669 1670 1672
1667 1665 1664 1662
1668 1671 1673 1675
1668 1666 1663 1661
1669 1670 1672 1674
1669 1667 1665 1664
1670 1672 1674 1676
1670 1669 1667 1665
1671 1673 1675 1678
1671 1668 1666 1663
1672 1674 1676 1677
1672 1670 1669 1667
1673 1675 1678 1681
1673 1671 1668 1666
1674 1676 1677 1679
1674 1672 1670 1669
1675 1678 1681 1680
1675 1673 1671 1668
1676 1677 1679 1682
1676 1674 1672 1670
1677 1679 1682 1684
1677 1676 1674 1672
1678 1681 1680 1683
1678 1675 1673 1671
1679 1682 1684 1685
1679 1677 1676 1674
1680 1683 1686 1690
1680 1681 1678 1675
1681 1680 1683 1686
1681 1678 1675 1673
1682 1684 1685 1687
1682 1679 1677 1676
1683 1686 1690 1689
1683 1680 1681 1678
1684 1685 1687 1688
1684 1682 1679 1677
1685 1687 1688 1691
1685 1684 1682 1679
1686 1690 1689 1692
1686 1683 1680 1681
1687 1688 1691 1693
1687 1685 1684 1682
1688 1691 1693 1694
1688 1687 1685 1684
1689 1692 1695 1699
1689 1690 1686 1683
1690 1689 1692 1695
1690 1686 1683 1680
1691 1693 1694 1696
1691 1688 1687 1685
1692 1695 1699 1698
1692 1689 1690 1686
1693 1694 1696 1697
1693 1691 1688 1687
1694 1696 1697 1700
1694 1693 1691 1688
1695 1699 1698 1701
1695 1692 1689 1690
1696 1697 1700 1702
1696 1694 1693 1691
1697 1700 1702 1704
1697 1696 1694 1693
1698 1701 1703 1706
1698 1699 1695 1692
1699 1698 1701 1703
1699 1695 1692 1689
1700 1702 1704 1705
1700 1697 1696 1694
1701 1703 1706 1709
1701 1698 1699 1695
1702 1704 1705 1707
1702 1700 1697 1696
1703 1706 1709 1712
1703 1701 1698 1699
1704 1705 1707 1708
1704 1702 1700 1697
1705 1707 1708 1710
1705 1704 1702 1700
1706 1709 1712 1714
1706 1703 1701 1698
1707 1708 1710 1711
1707 1705 1704 1702
1708 1710 1711 1713
1708 1707 1705 1704
1709 1712 1714 1716
1709 1706 1703 1701
1710 1711 1713 1715
1710 1708 1707 1705
1711 1713 1715 1717
1711 1710 1708 1707
1712 1714 1716 1719
1712 1709 1706 1703
1713 1715 1717 1718
1713 1711 1710 1708
1714 1716 1719 1722
1714 1712 1709 1706
1715 1717 1718 1720
1715 1713 1711 1710
1716 1719 1722 1725
1716 1714 1712 1709
1717 1718 1720 1721
1717 1715 1713 1711
1718 1720 1721 1723
1718 1717 1715 1713
1719 1722 1725 1728
1719 1716 1714 1712
1720 1721 1723 1724
1720 1718 1717 1715
1721 1723 1724 1726
1721 1720 1718 1717
1722 1725 1728 1731
1722 1719 1716 1714
1723 1724 1726 1727
1723 1721 1720 1718
1724 1726 1727 1729
1724 1723 1721 1720
1725 1728 1731 1734
1725 1722 1719 1716
1726 1727 1729 1730
1726 1724 1723 1721
1727 1729 1730 1732
1727 1726 1724 1723
1728 1731 1734 1738
1728 1725 1722 1719
1729 1730 1732 1733
1729 1727 1726 1724
1730 1732 1733 1735
1730 1729 1727 1726
1731 1734 1738 1737
1731 1728 1725 1722
1732 1733 1735 1736
1732 1730 1729 1727
1733 1735 1736 1739
1733 1732 1730 1729
1734 1738 1737 1741
1734 1731 1728 1725
1735 1736 1739 1740
1735 1733 1732 1730
1736 1739 1740 1742
1736 1735 1733 1732
1737 1741 1744 1748
1737 1738 1734 1731
1738 1737 1741 1744
1738 1734 1731 1728
1739 1740 1742 1743
1739 1736 1735 1733
1740 1742 1743 1745
1740 1739 1736 1735
1741 1744 1748 1747
1741 1737 1738 1734
1742 1743 1745 1746
1742 1740 1739 1736
1743 1745 1746 1749
1743 1742 1740 1739
1744 1748 1747 1752
1744 1741 1737 1738
1745 1746 1749 1750
1745 1743 1742 1740
1746 1749 1750 1751
1746 1745 1743 1742
1747 1752 1755 1758
1747 1748 1744 1741
1748 1747 1752 1755
1748 1744 1741 1737
1749 1750 1751 1753
1749 1746 1745 1743
1750 1751 1753 1754
1750 1749 1746 1745
1751 1753 1754 1756
1751 1750 1749 1746
1752 1755 1758 1761
1752 1747 1748 1744
1753 1754 1756 1757
1753 1751 1750 1749
1754 1756 1757 1759
1754 1753 1751 1750
1755 1758 1761 1764
1755 1752 1747 1748
1756 1757 1759 1760
1756 1754 1753 1751
1757 1759 1760 1762
1757 1756 1754 1753
1758 1761 1764 1767
1758 1755 1752 1747
1759 1760 1762 1763
1759 1757 1756 1754
1760 1762 1763 1765
1760 1759 1757 1756
1761 1764 1767 1770
1761 1758 1755 1752
1762 1763 1765 1766
1762 1760 1759 1757
1763 1765 1766 1768
1763 1762 1760 1759
1764 1767 1770 1773
1764 1761 1758 1755
1765 1766 1768 1769
1765 1763 1762 1760
1766 1768 1769 1771
1766 1765 1763 1762
1767 1770 1773 1776
1767 1764 1761 1758
1768 1769 1771 1772
1768 1766 1765 1763
1769 1771 1772 1774
1769 1768 1766 1765
1770 1773 1776 1779
1770 1767 1764 1761
1771 1772 1774 1775
1771 1769 1768 1766
1772 1774 1775 1777
1772 1771 1769 1768
1773 1776 1779 1782
1773 1770 1767 1764
1774 1775 1777 1778
1774 1772 1771 1769
1775 1777 1778 1780
1775 1774 1772 1771
1776 1779 1782 1785
1776 1773 1770 1767
1777 1778 1780 1781
1777 1775 1774 1772
1778 1780 1781 1783
1778 1777 1775 1774
1779 1782 1785 1789
1779 1776 1773 1770
1780 1781 1783 1784
1780 1778 1777 1775
1781 1783 1784 1786
1781 1780 1778 1777
1782 1785 1789 1793
1782 1779 1776 1773
1783 1784 1786 1787
1783 1781 1780 1778
1784 1786 1787 1788
1784 1783 1781 1780
1785 1789 1793 1792
1785 1782 1779 1776
1786 1787 1788 1790
1786 1784 1783 1781
1787 1788 1790 1791
1787 1786 1784 1783
1788 1790 1791 1794
1788 1787 1786 1784
1789 1793 1792 1797
1789 1785 1782 1779
1790 1791 1794 1795
1790 1788 1787 1786
1791 1794 1795 1796
1791 1790 1788 1787
1792 1797 1800 1804
1792 1793 1789 1785
1793 1792 1797 1800
1793 1789 1785 1782
1794 1795 1796 1798
1794 1791 1790 1788
1795 1796 1798 1799
1795 1794 1791 1790
1796 1798 1799 1801
1796 1795 1794 1791
1797 1800 1804 1803
1797 1792 1793 1789
1798 1799 1801 1802
1798 1796 1795 1794
1799 1801 1802 1805
1799 1798 1796 1795
1800 1804 1803 1808
1800 1797 1792 1793
1801 1802 1805 1806
1801 1799 1798 1796
1802 1805 1806 1807
1802 1801 1799 1798
1803 1808 1811 1815
1803 1804 1800 1797
1804 1803 1808 1811
1804 1800 1797 1792
1805 1806 1807 1809
1805 1802 1801 1799
1806 1807 1809 1810
1806 1805 1802 1801
1807 1809 1810 1812
1807 1806 1805 1802
1808 1811 1815 1814
1808 1803 1804 1800
1809 1810 1812 1813
1809 1807 1806 1805
1810 1812 1813 1816
1810 1809 1807 1806
1811 1815 1814 1819
1811 1808 1803 1804
1812 1813 1816 1817
1812 1810 1809 1807
1813 1816 1817 1818
1813 1812 1810 1809
1814 1819 1823 1827
1814 1815 1811 1808
1815 1814 1819 1823
1815 1811 1808 1803
1816 1817 1818 1820
1816 1813 1812 1810
1817 1818 1820 1821
1817 1816 1813 1812
1818 1820 1821 1822
1818 1817 1816 1813
1819 1823 1827 1826
1819 1814 1815 1811
1820 1821 1822 1824
1820 1818 1817 1816
1821 1822 1824 1825
1821 1820 1818 1817
1822 1824 1825 1828
1822 1821 1820 1818
1823 1827 1826 1830
1823 1819 1814 1815
1824 1825 1828 1829
1824 1822 1821 1820
1825 1828 1829 1831
1825 1824 1822 1821
1826 1830 1834 1838
1826 1827 1823 1819
1827 1826 1830 1834
1827 1823 1819 1814
1828 1829 1831 1832
1828 1825 1824 1822
1829 1831 1832 1833
1829 1828 1825 1824
1830 1834 1838 1842
1830 1826 1827 1823
1831 1832 1833 1835
1831 1829 1828 1825
1832 1833 1835 1836
1832 1831 1829 1828
1833 1835 1836 1837
1833 1832 1831 1829
1834 1838 1842 1845
1834 1830 1826 1827
1835 1836 1837 1839
1835 1833 1832 1831
1836 1837 1839 1840
1836 1835 1833 1832
1837 1839 1840 1841
1837 1836 1835 1833
1838 1842 1845 1848
1838 1834 1830 1826
1839 1840 1841 1843
1839 1837 1836 1835
1840 1841 1843 1844
1840 1839 1837 1836
1841 1843 1844 1846
1841 1840 1839 1837
1842 1845 1848 1851
1842 1838 1834 1830
1843 1844 1846 1847
1843 1841 1840 1839
1844 1846 1847 1849
1844 1843 1841 1840
1845 1848 1851 1854
1845 1842 1838 1834
1846 1847 1849 1850
1846 1844 1843 1841
1847 1849 1850 1852
1847 1846 1844 1843
1848 1851 1854 1857
1848 1845 1842 1838
1849 1850 1852 1853
1849 1847 1846 1844
1850 1852 1853 1855
1850 1849 1847 1846
1851 1854 1857 1860
1851 1848 1845 1842
1852 1853 1855 1856
1852 1850 1849 1847
1853 1855 1856 1858
1853 1852 1850 1849
1854 1857 1860 1864
1854 1851 1848 1845
1855 1856 1858 1859
1855 1853 1852 1850
1856 1858 1859 1861
1856 1855 1853 1852
1857 1860 1864 1863
1857 1854 1851 1848
1858 1859 1861 1862
1858 1856 1855 1853
1859 1861 1862 1865
1859 1858 1856 1855
1860 1864 1863 1867
1860 1857 1854 1851
1861 1862 1865 1866
1861 1859 1858 1856
1862 1865 1866 1868
1862 1861 1859 1858
1863 1867 1871 1876
1863 1864 1860 1857
1864 1863 1867 1871
1864 1860 1857 1854
1865 1866 1868 1869
1865 1862 1861 1859
1866 1868 1869 1870
1866 1865 1862 1861
1867 1871 1876 1875
1867 1863 1864 1860
1868 1869 1870 1872
1868 1866 1865 1862
1869 1870 1872 1873
1869 1868 1866 1865
1870 1872 1873 1874
1870 1869 1868 1866
1871 1876 1875 1880
1871 1867 1863 1864
1872 1873 1874 1877
1872 1870 1869 1868
1873 1874 1877 1878
1873 1872 1870 1869
1874 1877 1878 1879
1874 1873 1872 1870
1875 1880 1884 1889
1875 1876 1871 1867
1876 1875 1880 1884
1876 1871 1867 1863
1877 1878 1879 1881
1877 1874 1873 1872
1878 1879 1881 1882
1878 1877 1874 1873
1879 1881 1882 1883
1879 1878 1877 1874
1880 1884 1889 1888
1880 1875 1876 1871
1881 1882 1883 1885
1881 1879 1878 1877
1882 1883 1885 1886
1882 1881 1879 1878
1883 1885 1886 1887
1883 1882 1881 1879
1884 1889 1888 1892
1884 1880 1875 1876
1885 1886 1887 1890
1885 1883 1882 1881
1886 1887 1890 1891
1886 1885 1883 1882
1887 1890 1891 1893
1887 1886 1885 1883
1888 1892 1896 1900
1888 1889 1884 1880
1889 1888 1892 1896
1889 1884 1880 1875
1890 1891 1893 1894
1890 1887 1886 1885
1891 1893 1894 1895
1891 1890 1887 1886
1892 1896 1900 1904
1892 1888 1889 1884
1893 1894 1895 1897
1893 1891 1890 1887
1894 1895 1897 1898
1894 1893 1891 1890
1895 1897 1898 1899
1895 1894 1893 1891
1896 1900 1904 1907
1896 1892 1888 1889
1897 1898 1899 1901
1897 1895 1894 1893
1898 1899 1901 1902
1898 1897 1895 1894
1899 1901 1902 1903
1899 1898 1897 1895
1900 1904 1907 1911
1900 1896 1892 1888
1901 1902 1903 1905
1901 1899 1898 1897
1902 1903 1905 1906
1902 1901 1899 1898
1903 1905 1906 1908
1903 1902 1901 1899
1904 1907 1911 1915
1904 1900 1896 1892
1905 1906 1908 1909
1905 1903 1902 1901
1906 1908 1909 1910
1906 1905 1903 1902
1907 1911 1915 1919
1907 1904 1900 1896
1908 1909 1910 1912
1908 1906 1905 1903
1909 1910 1912 1913
1909 1908 1906 1905
1910 1912 1913 1914
1910 1909 1908 1906
1911 1915 1919 1923
1911 1907 1904 1900
1912 1913 1914 1916
1912 1910 1909 1908
1913 1914 1916 1917
1913 1912 1910 1909
1914 1916 1917 1918
1914 1913 1912 1910
1915 1919 1923 1927
1915 1911 1907 1904
1916 1917 1918 1920
1916 1914 1913 1912
1917 1918 1920 1921
1917 1916 1914 1913
1918 1920 1921 1922
1918 1917 1916 1914
1919 1923 1927 1935
1919 1915 1911 1907
1920 1921 1922 1924
1920 1918 1917 1916
1921 1922 1924 1925
1921 1920 1918 1917
1922 1924 1925 1926
1922 1921 1920 1918
1923 1927 1935 1958
1923 1919 1915 1911
1924 1925 1926 1928
1924 1922 1921 1920
1925 1926 1928 1929
1925 1924 1922 1921
1926 1928 1929 1930
1926 1925 1924 1922
1927 1935 1958 1976
1927 1923 1919 1915
1928 1929 1930 1931
1928 1926 1925 1924
1929 1930 1931 1932
1929 1928 1926 1925
1930 1931 1932 1933
1930 1929 1928 1926
1931 1932 1933 1934
1931 1930 1929 1928
1932 1933 1934 1936
1932 1931 1930 1929
1933 1934 1936 1937
1933 1932 1931 1930
1934 1936 1937 1938
1934 1933 1932 1931
1935 1958 1976 2001
1935 1927 1923 1919
1936 1937 1938 1939
1936 1934 1933 1932
1937 1938 1939 1940
1937 1936 1934 1933
1938 1939 1940 1941
1938 1937 1936 1934
1939 1940 1941 1942
1939 1938 1937 1936
1940 1941 1942 1943
1940 1939 1938 1937
1941 1942 1943 1944
1941 1940 1939 1938
1942 1943 1944 1945
1942 1941 1940 1939
1943 1944 1945 1946
1943 1942 1941 1940
1944 1945 1946 1947
1944 1943 1942 1941
1945 1946 1947 1948
1945 1944 1943 1942
1946 1947 1948 1949
1946 1945 1944 1943
1947 1948 1949 1950
1947 1946 1945 1944
1948 1949 1950 1951
1948 1947 1946 1945
1949 1950 1951 1952
1949 1948 1947 1946
1950 1951 1952 1953
1950 1949 1948 1947
1951 1952 1953 1954
1951 1950 1949 1948
1952 1953 1954 1955
1952 1951 1950 1949
1953 1954 1955 1956
1953 1952 1951 1950
1954 1955 1956 1957
1954 1953 1952 1951
1955 1956 1957 1959
1955 1954 1953 1952
1956 1957 1959 1960
1956 1955 1954 1953
1957 1959 1960 1961
1957 1956 1955 1954
1958 1976 2001 2000
1958 1935 1927 1923
1959 1960 1961 1962
1959 1957 1956 1955
1960 1961 1962 1963
1960 1959 1957 1956
1961 1962 1963 1964
1961 1960 1959 1957
1962 1963 1964 1965
1962 1961 1960 1959
1963 1964 1965 1966
1963 1962 1961 1960
1964 1965 1966 1967
1964 1963 1962 1961
1965 1966 1967 1968
1965 1964 1963 1962
1966 1967 1968 1969
1966 1965 1964 1963
1967 1968 1969 1970
1967 1966 1965 1964
1968 1969 1970 1971
1968 1967 1966 1965
1969 1970 1971 1972
1969 1968 1967 1966
1970 1971 1972 1973
1970 1969 1968 1967
1971 1972 1973 1974
1971 1970 1969 1968
1972 1973 1974 1975
1972 1971 1970 1969
1973 1974 1975 1977
1973 1972 1971 1970
1974 1975 1977 1978
1974 1973 1972 1971
1975 1977 1978 1979
1975 1974 1973 1972
1976 2001 2000 2019
1976 1958 1935 1927
1977 1978 1979 1980
1977 1975 1974 1973
1978 1979 1980 1981
1978 1977 1975 1974
1979 1980 1981 1982
1979 1978 1977 1975
1980 1981 1982 1983
1980 1979 1978 1977
1981 1982 1983 1984
1981 1980 1979 1978
1982 1983 1984 1985
1982 1981 1980 1979
1983 1984 1985 1986
1983 1982 1981 1980
1984 1985 1986 1987
1984 1983 1982 1981
1985 1986 1987 1988
1985 1984 1983 1982
1986 1987 1988 1989
1986 1985 1984 1983
1987 1988 1989 1990
1987 1986 1985 1984
1988 1989 1990 1991
1988 1987 1986 1985
1989 1990 1991 1992
1989 1988 1987 1986
1990 1991 1992 1993
1990 1989 1988 1987
1991 1992 1993 1994
1991 1990 1989 1988
1992 1993 1994 1995
1992 1991 1990 1989
1993 1994 1995 1996
1993 1992 1991 1990
1994 1995 1996 1997
1994 1993 1992 1991
1995 1996 1997 1998
1995 1994 1993 1992
1996 1997 1998 1999
1996 1995 1994 1993
1997 1998 1999 2002
1997 1996 1995 1994
1998 1999 2002 2003
1998 1997 1996 1995
1999 2002 2003 2004
1999 1998 1997 1996
2000 2019 2044 2043
2000 2001 1976 1958
2001 2000 2019 2044
2001 1976 1958 1935
2002 2003 2004 2005
2002 1999 1998 1997
2003 2004 2005 2006
2003 2002 1999 1998
2004 2005 2006 2007
2004 2003 2002 1999
2005 2006 2007 2008
2005 2004 2003 2002
2006 2007 2008 2009
2006 2005 2004 2003
2007 2008 2009 2010
2007 2006 2005 2004
2008 2009 2010 2011
2008 2007 2006 2005
2009 2010 2011 2012
2009 2008 2007 2006
2010 2011 2012 2013
2010 2009 2008 2007
2011 2012 2013 2014
2011 2010 2009 2008
2012 2013 2014 2015
2012 2011 2010 2009
2013 2014 2015 2016
2013 2012 2011 2010
2014 2015 2016 2017
2014 2013 2012 2011
2015 2016 2017 2018
2015 2014 2013 2012
2016 2017 2018 2020
2016 2015 2014 2013
2017 2018 2020 2021
2017 2016 2015 2014
2018 2020 2021 2022
2018 2017 2016 2015
2019 2044 2043 2062
2019 2000 2001 1976
2020 2021 2022 2023
2020 2018 2017 2016
2021 2022 2023 2024
2021 2020 2018 2017
2022 2023 2024 2025
2022 2021 2020 2018
2023 2024 2025 2026
2023 2022 2021 2020
2024 2025 2026 2027
2024 2023 2022 2021
2025 2026 2027 2028
2025 2024 2023 2022
2026 2027 2028 2029
2026 2025 2024 2023
2027 2028 2029 2030
2027 2026 2025 2024
2028 2029 2030 2031
2028 2027 2026 2025
2029 2030 2031 2032
2029 2028 2027 2026
2030 2031 2032 2033
2030 2029 2028 2027
2031 2032 2033 2034
2031 2030 2029 2028
2032 2033 2034 2035
2032 2031 2030 2029
2033 2034 2035 2036
2033 2032 2031 2030
2034 2035 2036 2037
2034 2033 2032 2031
2035 2036 2037 2038
2035 2034 2033 2032
2036 2037 2038 2039
2036 2035 2034 2033
2037 2038 2039 2040
2037 2036 2035 2034
2038 2039 2040 2041
2038 2037 2036 2035
2039 2040 2041 2042
2039 2038 2037 2036
2040 2041 2042 2045
2040 2039 2038 2037
2041 2042 2045 2046
2041 2040 2039 2038
2042 2045 2046 2047
2042 2041 2040 2039
2043 2062 2061 2071
2043 2044 2019 2000
2044 2043 2062 2061
2044 2019 2000 2001
2045 2046 2047 2048
2045 2042 2041 2040
2046 2047 2048 2049
2046 2045 2042 2041
2047 2048 2049 2050
2047 2046 2045 2042
2048 2049 2050 2051
2048 2047 2046 2045
2049 2050 2051 2052
2049 2048 2047 2046
2050 2051 2052 2053
2050 2049 2048 2047
2051 2052 2053 2054
2051 2050 2049 2048
2052 2053 2054 2055
2052 2051 2050 2049
2053 2054 2055 2056
2053 2052 2051 2050
2054 2055 2056 2057
2054 2053 2052 2051
2055 2056 2057 2058
2055 2054 2053 2052
2056 2057 2058 2059
2056 2055 2054 2053
2057 2058 2059 2060
2057 2056 2055 2054
2058 2059 2060 2063
2058 2057 2056 2055
2059 2060 2063 2064
2059 2058 2057 2056
2060 2063 2064 2065
2060 2059 2058 2057
2061 2071 2070 2069
2061 2062 2043 2044
2062 2061 2071 2070
2062 2043 2044 2019
2063 2064 2065 2066
2063 2060 2059 2058
2064 2065 2066 2067
2064 2063 2060 2059
2065 2066 2067 2068
2065 2064 2063 2060
2066 2067 2068 2069
2066 2065 2064 2063
2067 2068 2069 2070
2067 2066 2065 2064
2068 2069 2070 2071
2068 2067 2066 2065
2069 2068 2067 2066
2069 2070 2071 2061
2070 2069 2068 2067
2070 2071 2061 2062
2071 2070 2069 2068
2071 2061 2062 2043
