0 143 142 141
0 1 2 3
1 0 143 142
1 2 3 4
2 1 0 143
2 3 4 5
3 2 1 0
3 4 5 6
4 3 2 1
4 5 6 7
5 4 3 2
5 6 7 8
6 5 4 3
6 7 8 9
7 6 5 4
7 8 9 10
8 7 6 5
8 9 10 11
9 8 7 6
9 10 11 12
10 9 8 7
10 11 12 13
11 10 9 8
11 12 13 14
12 11 10 9
12 13 14 15
13 12 11 10
13 14 15 16
14 13 12 11
14 15 16 17
15 14 13 12
15 16 17 18
16 15 14 13
16 17 18 19
17 16 15 14
17 18 19 20
18 17 16 15
18 19 20 21
19 18 17 16
19 20 21 22
20 19 18 17
20 21 22 23
21 20 19 18
21 22 23 24
22 21 20 19
22 23 24 25
23 22 21 20
23 24 25 26
24 23 22 21
24 25 26 27
25 24 23 22
25 26 27 28
26 25 24 23
26 27 28 29
27 26 25 24
27 28 29 30
28 27 26 25
28 29 30 31
29 28 27 26
29 30 31 32
30 29 28 27
30 31 32 33
31 30 29 28
31 32 33 34
32 31 30 29
32 33 34 35
33 32 31 30
33 34 35 36
34 33 32 31
34 35 36 37
35 34 33 32
35 36 37 38
36 35 34 33
36 37 38 39
37 36 35 34
37 38 39 40
38 37 36 35
38 39 40 41
39 38 37 36
39 40 41 42
40 39 38 37
40 41 42 43
41 40 39 38
41 42 43 44
42 41 40 39
42 43 44 45
43 42 41 40
43 44 45 46
44 43 42 41
44 45 46 47
45 44 43 42
45 46 47 48
46 45 44 43
46 47 48 49
47 46 45 44
47 48 49 50
48 47 46 45
48 49 50 51
49 48 47 46
49 50 51 52
50 49 48 47
50 51 52 53
51 50 49 48
51 52 53 54
52 51 50 49
52 53 54 55
53 52 51 50
53 54 55 56
54 53 52 51
54 55 56 57
55 54 53 52
55 56 57 58
56 55 54 53
56 57 58 59
57 56 55 54
57 58 59 60
58 57 56 55
58 59 60 61
59 58 57 56
59 60 61 62
60 59 58 57
60 61 62 63
61 60 59 58
61 62 63 64
62 61 60 59
62 63 64 65
63 62 61 60
63 64 65 66
64 63 62 61
64 65 66 67
65 64 63 62
65 66 67 68
66 65 64 63
66 67 68 69
67 66 65 64
67 68 69 70
68 67 66 65
68 69 70 71
69 68 67 66
69 70 71 72
70 69 68 67
70 71 72 73
71 70 69 68
71 72 73 74
72 71 70 69
72 73 74 75
73 72 71 70
73 74 75 76
74 73 72 71
74 75 76 77
75 74 73 72
75 76 77 78
76 75 74 73
76 77 78 79
77 76 75 74
77 78 79 80
78 77 76 75
78 79 80 81
79 78 77 76
79 80 81 82
80 79 78 77
80 81 82 83
81 80 79 78
81 82 83 84
82 81 80 79
82 83 84 85
83 82 81 80
83 84 85 86
84 83 82 81
84 85 86 87
85 84 83 82
85 86 87 88
86 85 84 83
86 87 88 89
87 86 85 84
87 88 89 90
88 87 86 85
88 89 90 91
89 88 87 86
89 90 91 92
90 89 88 87
90 91 92 93
91 90 89 88
91 92 93 94
92 91 90 89
92 93 94 95
93 92 91 90
93 94 95 96
94 93 92 91
94 95 96 97
95 94 93 92
95 96 97 98
96 95 94 93
96 97 98 99
97 96 95 94
97 98 99 100
98 97 96 95
98 99 100 101
99 98 97 96
99 100 101 102
100 99 98 97
100 101 102 103
100 101 104 144
101 100 99 98
101 102 103 104
101 102 104 144
102 103 104 144
102 101 100 99
103 104 144 148
103 104 144 158
103 102 101 100
104 144 148 151
104 103 102 101
105 147 146 145
105 106 107 108
106 105 147 146
106 107 108 109
107 106 105 147
107 108 109 110
108 107 106 105
108 109 110 111
109 108 107 106
109 110 111 112
110 109 108 107
110 111 112 113
111 110 109 108
111 112 113 114
112 111 110 109
112 113 114 115
113 112 111 110
113 114 115 116
114 113 112 111
114 115 116 117
115 114 113 112
115 116 117 118
116 115 114 113
116 117 118 119
117 116 115 114
117 118 119 120
118 117 116 115
118 119 120 121
119 118 117 116
119 120 121 122
120 119 118 117
120 121 122 123
121 120 119 118
121 122 123 124
122 121 120 119
122 123 124 125
123 122 121 120
123 124 125 126
124 123 122 121
124 125 126 127
125 124 123 122
125 126 127 128
126 125 124 123
126 127 128 129
127 126 125 124
127 128 129 130
128 127 126 125
128 129 130 131
129 128 127 126
129 130 131 132
130 129 128 127
130 131 132 133
131 130 129 128
131 132 133 134
132 131 130 129
132 133 134 135
133 132 131 130
133 134 135 136
134 133 132 131
134 135 136 137
135 134 133 132
135 136 137 138
136 135 134 133
136 137 138 139
137 136 135 134
137 138 139 140
138 137 136 135
138 139 140 141
139 138 137 136
139 140 141 142
140 139 138 137
140 141 142 143
141 140 139 138
141 142 143 0
142 141 140 139
142 143 0 1
143 142 141 140
143 0 1 2
144 148 151 154
144 104 103 102
145 150 149 153
145 146 147 105
146 145 150 149
146 147 105 106
147 146 145 150
147 105 106 107
148 151 154 158
148 144 104 103
149 153 152 157
149 150 145 146
150 149 153 152
150 145 146 147
151 154 158 162
151 148 144 104
151 148 144 101
152 157 156 155
152 153 149 150
153 152 157 156
153 149 150 145
154 158 162 166
154 151 148 144
155 161 160 159
155 156 157 152
156 155 161 160
156 157 152 153
157 156 155 161
157 152 153 149
158 162 166 170
158 154 151 148
158 154 144 104
158 154 148 144
159 165 164 163
159 160 161 155
160 159 165 164
160 161 155 156
161 160 159 165
161 155 156 157
162 166 170 174
162 158 154 151
162 158 144 104
163 169 168 167
163 164 165 159
164 163 169 168
164 165 159 160
165 164 163 169
165 159 160 161
166 170 174 178
166 162 158 154
167 173 172 171
167 168 169 163
168 167 173 172
168 169 163 164
169 168 167 173
169 163 164 165
170 174 178 182
170 166 162 158
171 177 176 175
171 172 173 167
172 171 177 176
172 173 167 168
173 172 171 177
173 167 168 169
174 178 182 186
174 170 166 162
175 181 180 179
175 176 177 171
176 175 181 180
176 177 171 172
177 176 175 181
177 171 172 173
178 182 186 190
178 174 170 166
179 185 184 183
179 180 181 175
180 179 185 184
180 181 175 176
181 180 179 185
181 175 176 177
182 186 190 193
182 178 174 170
183 189 188 187
183 184 185 179
184 183 189 188
184 185 179 180
185 184 183 189
185 179 180 181
186 190 193 196
186 182 178 174
187 192 191 195
187 188 189 183
188 187 192 191
188 189 183 184
189 188 187 192
189 183 184 185
190 193 196 199
190 186 182 178
191 195 194 198
191 192 187 188
192 191 195 194
192 187 188 189
193 196 199 203
193 190 186 182
194 198 197 202
194 195 191 192
195 194 198 197
195 191 192 187
196 199 203 206
196 193 190 186
197 202 201 200
197 198 194 195
198 197 202 201
198 194 195 191
199 203 206 210
199 196 193 190
200 205 204 209
200 201 202 197
201 200 205 204
201 202 197 198
202 201 200 205
202 197 198 194
203 206 210 213
203 199 196 193
204 209 208 207
204 205 200 201
205 204 209 208
205 200 201 202
206 210 213 216
206 203 199 196
207 212 211 215
207 208 209 204
208 207 212 211
208 209 204 205
209 208 207 212
209 204 205 200
210 213 216 219
210 206 203 199
211 215 214 218
211 212 207 208
212 211 215 214
212 207 208 209
213 216 219 223
213 210 206 203
214 218 217 222
214 215 211 212
215 214 218 217
215 211 212 207
216 219 223 226
216 213 210 206
217 222 221 220
217 218 214 215
218 217 222 221
218 214 215 211
219 223 226 229
219 216 213 210
220 225 224 228
220 221 222 217
221 220 225 224
221 222 217 218
222 221 220 225
222 217 218 214
223 226 229 233
223 219 216 213
224 228 227 232
224 225 220 221
225 224 228 227
225 220 221 222
226 229 233 236
226 223 219 216
227 232 231 230
227 228 224 225
228 227 232 231
228 224 225 220
229 233 236 239
229 226 223 219
230 235 234 238
230 231 232 227
231 230 235 234
231 232 227 228
232 231 230 235
232 227 228 224
233 236 239 242
233 229 226 223
234 238 237 241
234 235 230 231
235 234 238 237
235 230 231 232
236 239 242 245
236 233 229 226
237 241 240 244
237 238 234 235
238 237 241 240
238 234 235 230
239 242 245 248
239 236 233 229
240 244 243 247
240 241 237 238
241 240 244 243
241 237 238 234
242 245 248 251
242 239 236 233
243 247 246 250
243 244 240 241
244 243 247 246
244 240 241 237
245 248 251 254
245 242 239 236
246 250 249 253
246 247 243 244
247 246 250 249
247 243 244 240
248 251 254 257
248 245 242 239
249 253 252 256
249 250 246 247
250 249 253 252
250 246 247 243
251 254 257 260
251 248 245 242
252 256 255 259
252 253 249 250
253 252 256 255
253 249 250 246
254 257 260 263
254 251 248 245
255 259 258 262
255 256 252 253
256 255 259 258
256 252 253 249
257 260 263 265
257 254 251 248
258 262 261 264
258 259 255 256
259 258 262 261
259 255 256 252
260 263 265 267
260 257 254 251
261 264 266 269
261 262 258 259
262 261 264 266
262 258 259 255
263 265 267 270
263 260 257 254
264 266 269 268
264 261 262 258
265 267 270 272
265 263 260 257
266 269 268 271
266 264 261 262
267 270 272 274
267 265 263 260
268 271 273 275
268 269 266 264
269 268 271 273
269 266 264 261
270 272 274 276
270 267 265 263
271 273 275 277
271 268 269 266
272 274 276 278
272 270 267 265
273 275 277 279
273 271 268 269
274 276 278 280
274 272 270 267
275 277 279 281
275 273 271 268
276 278 280 282
276 274 272 270
277 279 281 283
277 275 273 271
278 280 282 284
278 276 274 272
279 281 283 285
279 277 275 273
280 282 284 286
280 278 276 274
281 283 285 287
281 279 277 275
282 284 286 288
282 280 278 276
283 285 287 289
283 281 279 277
284 286 288 290
284 282 280 278
285 287 289 291
285 283 281 279
286 288 290 292
286 284 282 280
287 289 291 293
287 285 283 281
288 290 292 294
288 286 284 282
289 291 293 295
289 287 285 283
290 292 294 296
290 288 286 284
291 293 295 298
291 289 287 285
292 294 296 299
292 290 288 286
293 295 298 297
293 291 289 287
294 296 299 301
294 292 290 288
295 298 297 300
295 293 291 289
296 299 301 303
296 294 292 290
297 300 302 304
297 298 295 293
298 297 300 302
298 295 293 291
299 301 303 305
299 296 294 292
300 302 304 306
300 297 298 295
301 303 305 307
301 299 296 294
302 304 306 308
302 300 297 298
303 305 307 309
303 301 299 296
304 306 308 310
304 302 300 297
305 307 309 311
305 303 301 299
306 308 310 312
306 304 302 300
307 309 311 313
307 305 303 301
308 310 312 314
308 306 304 302
309 311 313 315
309 307 305 303
310 312 314 316
310 308 306 304
311 313 315 317
311 309 307 305
312 314 316 318
312 310 308 306
313 315 317 319
313 311 309 307
314 316 318 320
314 312 310 308
315 317 319 321
315 313 311 309
316 318 320 322
316 314 312 310
317 319 321 323
317 315 313 311
318 320 322 324
318 316 314 312
319 321 323 325
319 317 315 313
320 322 324 326
320 318 316 314
321 323 325 327
321 319 317 315
322 324 326 328
322 320 318 316
323 325 327 329
323 321 319 317
324 326 328 330
324 322 320 318
325 327 329 331
325 323 321 319
326 328 330 332
326 324 322 320
327 329 331 333
327 325 323 321
328 330 332 334
328 326 324 322
329 331 333 335
329 327 325 323
330 332 334 336
330 328 326 324
331 333 335 337
331 329 327 325
332 334 336 338
332 330 328 326
333 335 337 339
333 331 329 327
334 336 338 340
334 332 330 328
335 337 339 341
335 333 331 329
336 338 340 342
336 334 332 330
337 339 341 343
337 335 333 331
338 340 342 344
338 336 334 332
339 341 343 345
339 337 335 333
340 342 344 346
340 338 336 334
341 343 345 347
341 339 337 335
342 344 346 348
342 340 338 336
343 345 347 349
343 341 339 337
344 346 348 350
344 342 340 338
345 347 349 351
345 343 341 339
346 348 350 352
346 344 342 340
347 349 351 353
347 345 343 341
348 350 352 354
348 346 344 342
349 351 353 355
349 347 345 343
350 352 354 356
350 348 346 344
351 353 355 357
351 349 347 345
352 354 356 358
352 350 348 346
353 355 357 359
353 351 349 347
354 356 358 360
354 352 350 348
355 357 359 361
355 353 351 349
356 358 360 362
356 354 352 350
357 359 361 363
357 355 353 351
358 360 362 364
358 356 354 352
359 361 363 365
359 357 355 353
360 362 364 366
360 358 356 354
361 363 365 367
361 359 357 355
362 364 366 368
362 360 358 356
363 365 367 369
363 361 359 357
364 366 368 370
364 362 360 358
365 367 369 371
365 363 361 359
366 368 370 372
366 364 362 360
367 369 371 373
367 365 363 361
368 370 372 374
368 366 364 362
369 371 373 375
369 367 365 363
370 372 374 376
370 368 366 364
371 373 375 377
371 369 367 365
372 374 376 378
372 370 368 366
373 375 377 379
373 371 369 367
374 376 378 380
374 372 370 368
375 377 379 381
375 373 371 369
376 378 380 382
376 374 372 370
377 379 381 383
377 375 373 371
378 380 382 384
378 376 374 372
379 381 383 385
379 377 375 373
380 382 384 386
380 378 376 374
381 383 385 387
381 379 377 375
382 384 386 388
382 380 378 376
383 385 387 389
383 381 379 377
384 386 388 390
384 382 380 378
385 387 389 391
385 383 381 379
386 388 390 392
386 384 382 380
387 389 391 393
387 385 383 381
388 390 392 394
388 386 384 382
389 391 393 395
389 387 385 383
390 392 394 396
390 388 386 384
391 393 395 397
391 389 387 385
392 394 396 398
392 390 388 386
393 395 397 399
393 391 389 387
394 396 398 400
394 392 390 388
395 397 399 401
395 393 391 389
396 398 400 402
396 394 392 390
397 399 401 403
397 395 393 391
398 400 402 404
398 396 394 392
399 401 403 405
399 397 395 393
400 402 404 406
400 398 396 394
401 403 405 407
401 399 397 395
402 404 406 408
402 400 398 396
403 405 407 409
403 401 399 397
404 406 408 410
404 402 400 398
405 407 409 411
405 403 401 399
406 408 410 412
406 404 402 400
407 409 411 413
407 405 403 401
408 410 412 414
408 406 404 402
409 411 413 415
409 407 405 403
410 412 414 416
410 408 406 404
411 413 415 417
411 409 407 405
412 414 416 418
412 410 408 406
413 415 417 419
413 411 409 407
414 416 418 420
414 412 410 408
415 417 419 421
415 413 411 409
416 418 420 422
416 414 412 410
417 419 421 423
417 415 413 411
418 420 422 424
418 416 414 412
419 421 423 425
419 417 415 413
420 422 424 426
420 418 416 414
421 423 425 427
421 419 417 415
422 424 426 428
422 420 418 416
423 425 427 429
423 421 419 417
424 426 428 430
424 422 420 418
425 427 429 431
425 423 421 419
426 428 430 432
426 424 422 420
427 429 431 433
427 425 423 421
428 430 432 434
428 426 424 422
429 431 433 435
429 427 425 423
430 432 434 436
430 428 426 424
431 433 435 437
431 429 427 425
432 434 436 438
432 430 428 426
433 435 437 439
433 431 429 427
434 436 438 440
434 432 430 428
435 437 439 441
435 433 431 429
436 438 440 442
436 434 432 430
437 439 441 443
437 435 433 431
438 440 442 444
438 436 434 432
439 441 443 445
439 437 435 433
440 442 444 446
440 438 436 434
441 443 445 447
441 439 437 435
442 444 446 448
442 440 438 436
443 445 447 449
443 441 439 437
444 446 448 450
444 442 440 438
445 447 449 451
445 443 441 439
446 448 450 452
446 444 442 440
447 449 451 453
447 445 443 441
448 450 452 454
448 446 444 442
449 451 453 455
449 447 445 443
450 452 454 456
450 448 446 444
451 453 455 457
451 449 447 445
452 454 456 458
452 450 448 446
453 455 457 459
453 451 449 447
454 456 458 460
454 452 450 448
455 457 459 461
455 453 451 449
456 458 460 462
456 454 452 450
457 459 461 463
457 455 453 451
458 460 462 464
458 456 454 452
459 461 463 465
459 457 455 453
460 462 464 466
460 458 456 454
461 463 465 467
461 459 457 455
462 464 466 468
462 460 458 456
463 465 467 469
463 461 459 457
464 466 468 470
464 462 460 458
465 467 469 471
465 463 461 459
466 468 470 472
466 464 462 460
467 469 471 473
467 465 463 461
468 470 472 474
468 466 464 462
469 471 473 475
469 467 465 463
470 472 474 476
470 468 466 464
471 473 475 477
471 469 467 465
472 474 476 478
472 470 468 466
473 475 477 479
473 471 469 467
474 476 478 480
474 472 470 468
475 477 479 481
475 473 471 469
476 478 480 482
476 474 472 470
477 479 481 483
477 475 473 471
478 480 482 484
478 476 474 472
479 481 483 485
479 477 475 473
480 482 484 486
480 478 476 474
481 483 485 487
481 479 477 475
482 484 486 488
482 480 478 476
483 485 487 489
483 481 479 477
484 486 488 490
484 482 480 478
485 487 489 491
485 483 481 479
486 488 490 492
486 484 482 480
487 489 491 493
487 485 483 481
488 490 492 494
488 486 484 482
489 491 493 495
489 487 485 483
490 492 494 496
490 488 486 484
491 493 495 497
491 489 487 485
492 494 496 498
492 490 488 486
493 495 497 499
493 491 489 487
494 496 498 500
494 492 490 488
495 497 499 501
495 493 491 489
496 498 500 502
496 494 492 490
497 499 501 503
497 495 493 491
498 500 502 504
498 496 494 492
499 501 503 505
499 497 495 493
500 502 504 506
500 498 496 494
501 503 505 507
501 499 497 495
502 504 506 508
502 500 498 496
503 505 507 509
503 501 499 497
504 506 508 510
504 502 500 498
505 507 509 511
505 503 501 499
506 508 510 512
506 504 502 500
507 509 511 513
507 505 503 501
508 510 512 514
508 506 504 502
509 511 513 515
509 507 505 503
510 512 514 516
510 508 506 504
511 513 515 517
511 509 507 505
512 514 516 518
512 510 508 506
513 515 517 519
513 511 509 507
514 516 518 520
514 512 510 508
515 517 519 521
515 513 511 509
516 518 520 522
516 514 512 510
517 519 521 523
517 515 513 511
518 520 522 524
518 516 514 512
519 521 523 525
519 517 515 513
520 522 524 526
520 518 516 514
521 523 525 527
521 519 517 515
522 524 526 528
522 520 518 516
523 525 527 529
523 521 519 517
524 526 528 530
524 522 520 518
525 527 529 531
525 523 521 519
526 528 530 532
526 524 522 520
527 529 531 533
527 525 523 521
528 530 532 534
528 526 524 522
529 531 533 535
529 527 525 523
530 532 534 536
530 528 526 524
531 533 535 537
531 529 527 525
532 534 536 538
532 530 528 526
533 535 537 539
533 531 529 527
534 536 538 540
534 532 530 528
535 537 539 541
535 533 531 529
536 538 540 542
536 534 532 530
537 539 541 543
537 535 533 531
538 540 542 544
538 536 534 532
539 541 543 545
539 537 535 533
540 542 544 546
540 538 536 534
541 543 545 547
541 539 537 535
542 544 546 548
542 540 538 536
543 545 547 549
543 541 539 537
544 546 548 550
544 542 540 538
545 547 549 551
545 543 541 539
546 548 550 552
546 544 542 540
547 549 551 553
547 545 543 541
548 550 552 554
548 546 544 542
549 551 553 555
549 547 545 543
550 552 554 556
550 548 546 544
551 553 555 557
551 549 547 545
552 554 556 558
552 550 548 546
553 555 557 559
553 551 549 547
554 556 558 560
554 552 550 548
555 557 559 561
555 553 551 549
556 558 560 562
556 554 552 550
557 559 561 563
557 555 553 551
558 560 562 564
558 556 554 552
559 561 563 565
559 557 555 553
560 562 564 566
560 558 556 554
561 563 565 567
561 559 557 555
562 564 566 568
562 560 558 556
563 565 567 569
563 561 559 557
564 566 568 570
564 562 560 558
565 567 569 571
565 563 561 559
566 568 570 572
566 564 562 560
567 569 571 573
567 565 563 561
568 570 572 574
568 566 564 562
569 571 573 575
569 567 565 563
570 572 574 576
570 568 566 564
571 573 575 577
571 569 567 565
572 574 576 578
572 570 568 566
573 575 577 579
573 571 569 567
574 576 578 580
574 572 570 568
575 577 579 581
575 573 571 569
576 578 580 582
576 574 572 570
577 579 581 583
577 575 573 571
578 580 582 584
578 576 574 572
579 581 583 585
579 577 575 573
580 582 584 586
580 578 576 574
581 583 585 587
581 579 577 575
582 584 586 588
582 580 578 576
583 585 587 589
583 581 579 577
584 586 588 590
584 582 580 578
585 587 589 591
585 583 581 579
586 588 590 592
586 584 582 580
587 589 591 593
587 585 583 581
588 590 592 594
588 586 584 582
589 591 593 595
589 587 585 583
590 592 594 596
590 588 586 584
591 593 595 597
591 589 587 585
592 594 596 598
592 590 588 586
593 595 597 599
593 591 589 587
594 596 598 600
594 592 590 588
595 597 599 601
595 593 591 589
596 598 600 602
596 594 592 590
597 599 601 603
597 595 593 591
598 600 602 604
598 596 594 592
599 601 603 605
599 597 595 593
600 602 604 606
600 598 596 594
601 603 605 607
601 599 597 595
602 604 606 608
602 600 598 596
603 605 607 609
603 601 599 597
604 606 608 610
604 602 600 598
605 607 609 611
605 603 601 599
606 608 610 612
606 604 602 600
607 609 611 613
607 605 603 601
608 610 612 614
608 606 604 602
609 611 613 615
609 607 605 603
610 612 614 616
610 608 606 604
611 613 615 617
611 609 607 605
612 614 616 618
612 610 608 606
613 615 617 619
613 611 609 607
614 616 618 620
614 612 610 608
615 617 619 621
615 613 611 609
616 618 620 622
616 614 612 610
617 619 621 623
617 615 613 611
618 620 622 624
618 616 614 612
619 621 623 625
619 617 615 613
620 622 624 626
620 618 616 614
621 623 625 627
621 619 617 615
622 624 626 628
622 620 618 616
623 625 627 629
623 621 619 617
624 626 628 630
624 622 620 618
625 627 629 631
625 623 621 619
626 628 630 632
626 624 622 620
627 629 631 633
627 625 623 621
628 630 632 634
628 626 624 622
629 631 633 635
629 627 625 623
630 632 634 636
630 628 626 624
631 633 635 637
631 629 627 625
632 634 636 638
632 630 628 626
633 635 637 639
633 631 629 627
634 636 638 640
634 632 630 628
635 637 639 641
635 633 631 629
636 638 640 642
636 634 632 630
637 639 641 643
637 635 633 631
638 640 642 644
638 636 634 632
639 641 643 645
639 637 635 633
640 642 644 646
640 638 636 634
641 643 645 647
641 639 637 635
642 644 646 648
642 640 638 636
643 645 647 649
643 641 639 637
644 646 648 650
644 642 640 638
645 647 649 651
645 643 641 639
646 648 650 652
646 644 642 640
647 649 651 653
647 645 643 641
648 650 652 654
648 646 644 642
649 651 653 655
649 647 645 643
650 652 654 656
650 648 646 644
651 653 655 657
651 649 647 645
652 654 656 658
652 650 648 646
653 655 657 659
653 651 649 647
654 656 658 661
654 652 650 648
655 657 659 662
655 653 651 649
656 658 661 660
656 654 652 650
657 659 662 664
657 655 653 651
658 661 660 663
658 656 654 652
659 662 664 666
659 657 655 653
660 663 665 667
660 661 658 656
661 660 663 665
661 658 656 654
662 664 666 668
662 659 657 655
663 665 667 669
663 660 661 658
664 666 668 670
664 662 659 657
665 667 669 671
665 663 660 661
666 668 670 672
666 664 662 659
667 669 671 673
667 665 663 660
668 670 672 674
668 666 664 662
669 671 673 675
669 667 665 663
670 672 674 676
670 668 666 664
671 673 675 677
671 669 667 665
672 674 676 678
672 670 668 666
673 675 677 679
673 671 669 667
674 676 678 680
674 672 670 668
675 677 679 681
675 673 671 669
676 678 680 682
676 674 672 670
677 679 681 683
677 675 673 671
678 680 682 684
678 676 674 672
679 681 683 685
679 677 675 673
680 682 684 686
680 678 676 674
681 683 685 687
681 679 677 675
682 684 686 688
682 680 678 676
683 685 687 689
683 681 679 677
684 686 688 690
684 682 680 678
685 687 689 691
685 683 681 679
686 688 690 692
686 684 682 680
687 689 691 693
687 685 683 681
688 690 692 694
688 686 684 682
689 691 693 695
689 687 685 683
690 692 694 696
690 688 686 684
691 693 695 697
691 689 687 685
692 694 696 698
692 690 688 686
693 695 697 699
693 691 689 687
694 696 698 700
694 692 690 688
695 697 699 701
695 693 691 689
696 698 700 702
696 694 692 690
697 699 701 703
697 695 693 691
698 700 702 704
698 696 694 692
699 701 703 705
699 697 695 693
700 702 704 706
700 698 696 694
701 703 705 707
701 699 697 695
702 704 706 708
702 700 698 696
703 705 707 709
703 701 699 697
704 706 708 710
704 702 700 698
705 707 709 711
705 703 701 699
706 708 710 712
706 704 702 700
707 709 711 713
707 705 703 701
708 710 712 714
708 706 704 702
709 711 713 715
709 707 705 703
710 712 714 716
710 708 706 704
711 713 715 717
711 709 707 705
712 714 716 718
712 710 708 706
713 715 717 719
713 711 709 707
714 716 718 720
714 712 710 708
715 717 719 721
715 713 711 709
716 718 720 722
716 714 712 710
717 719 721 723
717 715 713 711
718 720 722 724
718 716 714 712
719 721 723 725
719 717 715 713
720 722 724 726
720 718 716 714
721 723 725 727
721 719 717 715
722 724 726 728
722 720 718 716
723 725 727 729
723 721 719 717
724 726 728 730
724 722 720 718
725 727 729 731
725 723 721 719
726 728 730 732
726 724 722 720
727 729 731 733
727 725 723 721
728 730 732 734
728 726 724 722
729 731 733 735
729 727 725 723
730 732 734 736
730 728 726 724
731 733 735 737
731 729 727 725
732 734 736 738
732 730 728 726
733 735 737 739
733 731 729 727
734 736 738 740
734 732 730 728
735 737 739 741
735 733 731 729
736 738 740 742
736 734 732 730
737 739 741 743
737 735 733 731
738 740 742 744
738 736 734 732
739 741 743 745
739 737 735 733
740 742 744 746
740 738 736 734
741 743 745 747
741 739 737 735
742 744 746 748
742 740 738 736
743 745 747 749
743 741 739 737
744 746 748 750
744 742 740 738
745 747 749 751
745 743 741 739
746 748 750 752
746 744 742 740
747 749 751 753
747 745 743 741
748 750 752 754
748 746 744 742
749 751 753 755
749 747 745 743
750 752 754 756
750 748 746 744
751 753 755 757
751 749 747 745
752 754 756 758
752 750 748 746
753 755 757 759
753 751 749 747
754 756 758 760
754 752 750 748
755 757 759 761
755 753 751 749
756 758 760 762
756 754 752 750
757 759 761 763
757 755 753 751
758 760 762 764
758 756 754 752
759 761 763 765
759 757 755 753
760 762 764 766
760 758 756 754
761 763 765 767
761 759 757 755
762 764 766 768
762 760 758 756
763 765 767 769
763 761 759 757
764 766 768 770
764 762 760 758
765 767 769 771
765 763 761 759
766 768 770 772
766 764 762 760
767 769 771 773
767 765 763 761
768 770 772 774
768 766 764 762
769 771 773 775
769 767 765 763
770 772 774 776
770 768 766 764
771 773 775 777
771 769 767 765
772 774 776 778
772 770 768 766
773 775 777 779
773 771 769 767
774 776 778 780
774 772 770 768
775 777 779 781
775 773 771 769
776 778 780 782
776 774 772 770
777 779 781 783
777 775 773 771
778 780 782 784
778 776 774 772
779 781 783 785
779 777 775 773
780 782 784 786
780 778 776 774
781 783 785 787
781 779 777 775
782 784 786 788
782 780 778 776
783 785 787 789
783 781 779 777
784 786 788 790
784 782 780 778
785 787 789 791
785 783 781 779
786 788 790 792
786 784 782 780
787 789 791 793
787 785 783 781
788 790 792 794
788 786 784 782
789 791 793 795
789 787 785 783
790 792 794 796
790 788 786 784
791 793 795 797
791 789 787 785
792 794 796 798
792 790 788 786
793 795 797 799
793 791 789 787
794 796 798 800
794 792 790 788
795 797 799 801
795 793 791 789
796 798 800 802
796 794 792 790
797 799 801 803
797 795 793 791
798 800 802 804
798 796 794 792
799 801 803 805
799 797 795 793
800 802 804 806
800 798 796 794
801 803 805 807
801 799 797 795
802 804 806 808
802 800 798 796
803 805 807 809
803 801 799 797
804 806 808 810
804 802 800 798
805 807 809 811
805 803 801 799
806 808 810 812
806 804 802 800
807 809 811 813
807 805 803 801
808 810 812 814
808 806 804 802
809 811 813 815
809 807 805 803
810 812 814 816
810 808 806 804
811 813 815 817
811 809 807 805
812 814 816 818
812 810 808 806
813 815 817 819
813 811 809 807
814 816 818 820
814 812 810 808
815 817 819 821
815 813 811 809
816 818 820 822
816 814 812 810
817 819 821 823
817 815 813 811
818 820 822 824
818 816 814 812
819 821 823 825
819 817 815 813
820 822 824 826
820 818 816 814
821 823 825 827
821 819 817 815
822 824 826 828
822 820 818 816
823 825 827 829
823 821 819 817
824 826 828 830
824 822 820 818
825 827 829 831
825 823 821 819
826 828 830 832
826 824 822 820
827 829 831 833
827 825 823 821
828 830 832 834
828 826 824 822
829 831 833 835
829 827 825 823
830 832 834 836
830 828 826 824
831 833 835 837
831 829 827 825
832 834 836 838
832 830 828 826
833 835 837 839
833 831 829 827
834 836 838 840
834 832 830 828
835 837 839 841
835 833 831 829
836 838 840 842
836 834 832 830
837 839 841 843
837 835 833 831
838 840 842 844
838 836 834 832
839 841 843 845
839 837 835 833
840 842 844 846
840 838 836 834
841 843 845 847
841 839 837 835
842 844 846 848
842 840 838 836
843 845 847 849
843 841 839 837
844 846 848 850
844 842 840 838
845 847 849 851
845 843 841 839
846 848 850 852
846 844 842 840
847 849 851 853
847 845 843 841
848 850 852 854
848 846 844 842
849 851 853 855
849 847 845 843
850 852 854 856
850 848 846 844
851 853 855 857
851 849 847 845
852 854 856 858
852 850 848 846
853 855 857 859
853 851 849 847
854 856 858 860
854 852 850 848
855 857 859 861
855 853 851 849
856 858 860 862
856 854 852 850
857 859 861 863
857 855 853 851
858 860 862 864
858 856 854 852
859 861 863 865
859 857 855 853
860 862 864 866
860 858 856 854
861 863 865 867
861 859 857 855
862 864 866 868
862 860 858 856
863 865 867 869
863 861 859 857
864 866 868 870
864 862 860 858
865 867 869 871
865 863 861 859
866 868 870 872
866 864 862 860
867 869 871 873
867 865 863 861
868 870 872 874
868 866 864 862
869 871 873 875
869 867 865 863
870 872 874 876
870 868 866 864
871 873 875 877
871 869 867 865
872 874 876 878
872 870 868 866
873 875 877 879
873 871 869 867
874 876 878 880
874 872 870 868
875 877 879 881
875 873 871 869
876 878 880 882
876 874 872 870
877 879 881 883
877 875 873 871
878 880 882 884
878 876 874 872
879 881 883 885
879 877 875 873
880 882 884 886
880 878 876 874
881 883 885 887
881 879 877 875
882 884 886 888
882 880 878 876
883 885 887 889
883 881 879 877
884 886 888 890
884 882 880 878
885 887 889 891
885 883 881 879
886 888 890 892
886 884 882 880
887 889 891 893
887 885 883 881
888 890 892 894
888 886 884 882
889 891 893 895
889 887 885 883
890 892 894 896
890 888 886 884
891 893 895 897
891 889 887 885
892 894 896 898
892 890 888 886
893 895 897 899
893 891 889 887
894 896 898 900
894 892 890 888
895 897 899 901
895 893 891 889
896 898 900 902
896 894 892 890
897 899 901 903
897 895 893 891
898 900 902 904
898 896 894 892
899 901 903 905
899 897 895 893
900 902 904 906
900 898 896 894
901 903 905 907
901 899 897 895
902 904 906 908
902 900 898 896
903 905 907 909
903 901 899 897
904 906 908 910
904 902 900 898
905 907 909 911
905 903 901 899
906 908 910 912
906 904 902 900
907 909 911 913
907 905 903 901
908 910 912 914
908 906 904 902
909 911 913 915
909 907 905 903
910 912 914 916
910 908 906 904
911 913 915 917
911 909 907 905
912 914 916 918
912 910 908 906
913 915 917 919
913 911 909 907
914 916 918 920
914 912 910 908
915 917 919 921
915 913 911 909
916 918 920 922
916 914 912 910
917 919 921 923
917 915 913 911
918 920 922 924
918 916 914 912
919 921 923 925
919 917 915 913
920 922 924 926
920 918 916 914
921 923 925 927
921 919 917 915
922 924 926 928
922 920 918 916
923 925 927 929
923 921 919 917
924 926 928 930
924 922 920 918
925 927 929 931
925 923 921 919
926 928 930 932
926 924 922 920
927 929 931 933
927 925 923 921
928 930 932 934
928 926 924 922
929 931 933 935
929 927 925 923
930 932 934 936
930 928 926 924
931 933 935 937
931 929 927 925
932 934 936 938
932 930 928 926
933 935 937 939
933 931 929 927
934 936 938 940
934 932 930 928
935 937 939 941
935 933 931 929
936 938 940 942
936 934 932 930
937 939 941 943
937 935 933 931
938 940 942 944
938 936 934 932
939 941 943 945
939 937 935 933
940 942 944 946
940 938 936 934
941 943 945 947
941 939 937 935
942 944 946 948
942 940 938 936
943 945 947 949
943 941 939 937
944 946 948 950
944 942 940 938
945 947 949 951
945 943 941 939
946 948 950 952
946 944 942 940
947 949 951 953
947 945 943 941
948 950 952 954
948 946 944 942
949 951 953 955
949 947 945 943
950 952 954 956
950 948 946 944
951 953 955 957
951 949 947 945
952 954 956 958
952 950 948 946
953 955 957 959
953 951 949 947
954 956 958 960
954 952 950 948
955 957 959 961
955 953 951 949
956 958 960 962
956 954 952 950
957 959 961 963
957 955 953 951
958 960 962 964
958 956 954 952
959 961 963 965
959 957 955 953
960 962 964 966
960 958 956 954
961 963 965 967
961 959 957 955
962 964 966 968
962 960 958 956
963 965 967 969
963 961 959 957
964 966 968 970
964 962 960 958
965 967 969 971
965 963 961 959
966 968 970 972
966 964 962 960
967 969 971 973
967 965 963 961
968 970 972 974
968 966 964 962
969 971 973 975
969 967 965 963
970 972 974 976
970 968 966 964
971 973 975 977
971 969 967 965
972 974 976 978
972 970 968 966
973 975 977 979
973 971 969 967
974 976 978 980
974 972 970 968
975 977 979 981
975 973 971 969
976 978 980 982
976 974 972 970
977 979 981 983
977 975 973 971
978 980 982 984
978 976 974 972
979 981 983 985
979 977 975 973
980 982 984 986
980 978 976 974
981 983 985 987
981 979 977 975
982 984 986 988
982 980 978 976
983 985 987 989
983 981 979 977
984 986 988 990
984 982 980 978
985 987 989 991
985 983 981 979
986 988 990 992
986 984 982 980
987 989 991 993
987 985 983 981
988 990 992 994
988 986 984 982
989 991 993 995
989 987 985 983
990 992 994 996
990 988 986 984
991 993 995 997
991 989 987 985
992 994 996 998
992 990 988 986
993 995 997 999
993 991 989 987
994 996 998 1000
994 992 990 988
995 997 999 1001
995 993 991 989
996 998 1000 1002
996 994 992 990
997 999 1001 1003
997 995 993 991
998 1000 1002 1004
998 996 994 992
999 1001 1003 1005
999 997 995 993
1000 1002 1004 1006
1000 998 996 994
1001 1003 1005 1007
1001 999 997 995
1002 1004 1006 1008
1002 1000 998 996
1003 1005 1007 1009
1003 1001 999 997
1004 1006 1008 1010
1004 1002 1000 998
1005 1007 1009 1011
1005 1003 1001 999
1006 1008 1010 1012
1006 1004 1002 1000
1007 1009 1011 1013
1007 1005 1003 1001
1008 1010 1012 1014
1008 1006 1004 1002
1009 1011 1013 1015
1009 1007 1005 1003
1010 1012 1014 1016
1010 1008 1006 1004
1011 1013 1015 1017
1011 1009 1007 1005
1012 1014 1016 1018
1012 1010 1008 1006
1013 1015 1017 1019
1013 1011 1009 1007
1014 1016 1018 1020
1014 1012 1010 1008
1015 1017 1019 1021
1015 1013 1011 1009
1016 1018 1020 1022
1016 1014 1012 1010
1017 1019 1021 1023
1017 1015 1013 1011
1018 1020 1022 1024
1018 1016 1014 1012
1019 1021 1023 1025
1019 1017 1015 1013
1020 1022 1024 1026
1020 1018 1016 1014
1021 1023 1025 1027
1021 1019 1017 1015
1022 1024 1026 1028
1022 1020 1018 1016
1023 1025 1027 1029
1023 1021 1019 1017
1024 1026 1028 1030
1024 1022 1020 1018
1025 1027 1029 1031
1025 1023 1021 1019
1026 1028 1030 1032
1026 1024 1022 1020
1027 1029 1031 1033
1027 1025 1023 1021
1028 1030 1032 1034
1028 1026 1024 1022
1029 1031 1033 1035
1029 1027 1025 1023
1030 1032 1034 1036
1030 1028 1026 1024
1031 1033 1035 1037
1031 1029 1027 1025
1032 1034 1036 1038
1032 1030 1028 1026
1033 1035 1037 1039
1033 1031 1029 1027
1034 1036 1038 1040
1034 1032 1030 1028
1035 1037 1039 1041
1035 1033 1031 1029
1036 1038 1040 1042
1036 1034 1032 1030
1037 1039 1041 1043
1037 1035 1033 1031
1038 1040 1042 1044
1038 1036 1034 1032
1039 1041 1043 1045
1039 1037 1035 1033
1040 1042 1044 1046
1040 1038 1036 1034
1041 1043 1045 1047
1041 1039 1037 1035
1042 1044 1046 1048
1042 1040 1038 1036
1043 1045 1047 1049
1043 1041 1039 1037
1044 1046 1048 1050
1044 1042 1040 1038
1045 1047 1049 1051
1045 1043 1041 1039
1046 1048 1050 1052
1046 1044 1042 1040
1047 1049 1051 1053
1047 1045 1043 1041
1048 1050 1052 1054
1048 1046 1044 1042
1049 1051 1053 1055
1049 1047 1045 1043
1050 1052 1054 1056
1050 1048 1046 1044
1051 1053 1055 1057
1051 1049 1047 1045
1052 1054 1056 1058
1052 1050 1048 1046
1053 1055 1057 1059
1053 1051 1049 1047
1054 1056 1058 1060
1054 1052 1050 1048
1055 1057 1059 1061
1055 1053 1051 1049
1056 1058 1060 1062
1056 1054 1052 1050
1057 1059 1061 1063
1057 1055 1053 1051
1058 1060 1062 1064
1058 1056 1054 1052
1059 1061 1063 1065
1059 1057 1055 1053
1060 1062 1064 1066
1060 1058 1056 1054
1061 1063 1065 1067
1061 1059 1057 1055
1062 1064 1066 1068
1062 1060 1058 1056
1063 1065 1067 1069
1063 1061 1059 1057
1064 1066 1068 1070
1064 1062 1060 1058
1065 1067 1069 1071
1065 1063 1061 1059
1066 1068 1070 1072
1066 1064 1062 1060
1067 1069 1071 1073
1067 1065 1063 1061
1068 1070 1072 1074
1068 1066 1064 1062
1069 1071 1073 1075
1069 1067 1065 1063
1070 1072 1074 1076
1070 1068 1066 1064
1071 1073 1075 1077
1071 1069 1067 1065
1072 1074 1076 1078
1072 1070 1068 1066
1073 1075 1077 1079
1073 1071 1069 1067
1074 1076 1078 1080
1074 1072 1070 1068
1075 1077 1079 1081
1075 1073 1071 1069
1076 1078 1080 1082
1076 1074 1072 1070
1077 1079 1081 1083
1077 1075 1073 1071
1078 1080 1082 1084
1078 1076 1074 1072
1079 1081 1083 1085
1079 1077 1075 1073
1080 1082 1084 1086
1080 1078 1076 1074
1081 1083 1085 1087
1081 1079 1077 1075
1082 1084 1086 1088
1082 1080 1078 1076
1083 1085 1087 1089
1083 1081 1079 1077
1084 1086 1088 1090
1084 1082 1080 1078
1085 1087 1089 1091
1085 1083 1081 1079
1086 1088 1090 1092
1086 1084 1082 1080
1087 1089 1091 1093
1087 1085 1083 1081
1088 1090 1092 1094
1088 1086 1084 1082
1089 1091 1093 1095
1089 1087 1085 1083
1090 1092 1094 1096
1090 1088 1086 1084
1091 1093 1095 1097
1091 1089 1087 1085
1092 1094 1096 1098
1092 1090 1088 1086
1093 1095 1097 1099
1093 1091 1089 1087
1094 1096 1098 1100
1094 1092 1090 1088
1095 1097 1099 1101
1095 1093 1091 1089
1096 1098 1100 1102
1096 1094 1092 1090
1097 1099 1101 1103
1097 1095 1093 1091
1098 1100 1102 1104
1098 1096 1094 1092
1099 1101 1103 1105
1099 1097 1095 1093
1100 1102 1104 1106
1100 1098 1096 1094
1101 1103 1105 1107
1101 1099 1097 1095
1102 1104 1106 1108
1102 1100 1098 1096
1103 1105 1107 1109
1103 1101 1099 1097
1104 1106 1108 1110
1104 1102 1100 1098
1105 1107 1109 1111
1105 1103 1101 1099
1106 1108 1110 1112
1106 1104 1102 1100
1107 1109 1111 1113
1107 1105 1103 1101
1108 1110 1112 1114
1108 1106 1104 1102
1109 1111 1113 1115
1109 1107 1105 1103
1110 1112 1114 1116
1110 1108 1106 1104
1111 1113 1115 1117
1111 1109 1107 1105
1112 1114 1116 1118
1112 1110 1108 1106
1113 1115 1117 1119
1113 1111 1109 1107
1114 1116 1118 1120
1114 1112 1110 1108
1115 1117 1119 1121
1115 1113 1111 1109
1116 1118 1120 1122
1116 1114 1112 1110
1117 1119 1121 1123
1117 1115 1113 1111
1118 1120 1122 1124
1118 1116 1114 1112
1119 1121 1123 1125
1119 1117 1115 1113
1120 1122 1124 1126
1120 1118 1116 1114
1121 1123 1125 1127
1121 1119 1117 1115
1122 1124 1126 1128
1122 1120 1118 1116
1123 1125 1127 1129
1123 1121 1119 1117
1124 1126 1128 1130
1124 1122 1120 1118
1125 1127 1129 1131
1125 1123 1121 1119
1126 1128 1130 1132
1126 1124 1122 1120
1127 1129 1131 1133
1127 1125 1123 1121
1128 1130 1132 1134
1128 1126 1124 1122
1129 1131 1133 1135
1129 1127 1125 1123
1130 1132 1134 1136
1130 1128 1126 1124
1131 1133 1135 1137
1131 1129 1127 1125
1132 1134 1136 1138
1132 1130 1128 1126
1133 1135 1137 1139
1133 1131 1129 1127
1134 1136 1138 1140
1134 1132 1130 1128
1135 1137 1139 1141
1135 1133 1131 1129
1136 1138 1140 1142
1136 1134 1132 1130
1137 1139 1141 1143
1137 1135 1133 1131
1138 1140 1142 1144
1138 1136 1134 1132
1139 1141 1143 1145
1139 1137 1135 1133
1140 1142 1144 1146
1140 1138 1136 1134
1141 1143 1145 1147
1141 1139 1137 1135
1142 1144 1146 1148
1142 1140 1138 1136
1143 1145 1147 1149
1143 1141 1139 1137
1144 1146 1148 1150
1144 1142 1140 1138
1145 1147 1149 1151
1145 1143 1141 1139
1146 1148 1150 1152
1146 1144 1142 1140
1147 1149 1151 1153
1147 1145 1143 1141
1148 1150 1152 1154
1148 1146 1144 1142
1149 1151 1153 1155
1149 1147 1145 1143
1150 1152 1154 1156
1150 1148 1146 1144
1151 1153 1155 1157
1151 1149 1147 1145
1152 1154 1156 1158
1152 1150 1148 1146
1153 1155 1157 1159
1153 1151 1149 1147
1154 1156 1158 1160
1154 1152 1150 1148
1155 1157 1159 1161
1155 1153 1151 1149
1156 1158 1160 1162
1156 1154 1152 1150
1157 1159 1161 1163
1157 1155 1153 1151
1158 1160 1162 1164
1158 1156 1154 1152
1159 1161 1163 1165
1159 1157 1155 1153
1160 1162 1164 1166
1160 1158 1156 1154
1161 1163 1165 1167
1161 1159 1157 1155
1162 1164 1166 1168
1162 1160 1158 1156
1163 1165 1167 1169
1163 1161 1159 1157
1164 1166 1168 1170
1164 1162 1160 1158
1165 1167 1169 1171
1165 1163 1161 1159
1166 1168 1170 1172
1166 1164 1162 1160
1167 1169 1171 1173
1167 1165 1163 1161
1168 1170 1172 1174
1168 1166 1164 1162
1169 1171 1173 1175
1169 1167 1165 1163
1170 1172 1174 1176
1170 1168 1166 1164
1171 1173 1175 1177
1171 1169 1167 1165
1172 1174 1176 1178
1172 1170 1168 1166
1173 1175 1177 1179
1173 1171 1169 1167
1174 1176 1178 1180
1174 1172 1170 1168
1175 1177 1179 1181
1175 1173 1171 1169
1176 1178 1180 1182
1176 1174 1172 1170
1177 1179 1181 1183
1177 1175 1173 1171
1178 1180 1182 1184
1178 1176 1174 1172
1179 1181 1183 1185
1179 1177 1175 1173
1180 1182 1184 1186
1180 1178 1176 1174
1181 1183 1185 1187
1181 1179 1177 1175
1182 1184 1186 1188
1182 1180 1178 1176
1183 1185 1187 1189
1183 1181 1179 1177
1184 1186 1188 1190
1184 1182 1180 1178
1185 1187 1189 1191
1185 1183 1181 1179
1186 1188 1190 1192
1186 1184 1182 1180
1187 1189 1191 1193
1187 1185 1183 1181
1188 1190 1192 1194
1188 1186 1184 1182
1189 1191 1193 1195
1189 1187 1185 1183
1190 1192 1194 1196
1190 1188 1186 1184
1191 1193 1195 1197
1191 1189 1187 1185
1192 1194 1196 1198
1192 1190 1188 1186
1193 1195 1197 1199
1193 1191 1189 1187
1194 1196 1198 1200
1194 1192 1190 1188
1195 1197 1199 1201
1195 1193 1191 1189
1196 1198 1200 1202
1196 1194 1192 1190
1197 1199 1201 1203
1197 1195 1193 1191
1198 1200 1202 1204
1198 1196 1194 1192
1199 1201 1203 1205
1199 1197 1195 1193
1200 1202 1204 1206
1200 1198 1196 1194
1201 1203 1205 1207
1201 1199 1197 1195
1202 1204 1206 1208
1202 1200 1198 1196
1203 1205 1207 1209
1203 1201 1199 1197
1204 1206 1208 1210
1204 1202 1200 1198
1205 1207 1209 1211
1205 1203 1201 1199
1206 1208 1210 1212
1206 1204 1202 1200
1207 1209 1211 1213
1207 1205 1203 1201
1208 1210 1212 1214
1208 1206 1204 1202
1209 1211 1213 1215
1209 1207 1205 1203
1210 1212 1214 1216
1210 1208 1206 1204
1211 1213 1215 1217
1211 1209 1207 1205
1212 1214 1216 1218
1212 1210 1208 1206
1213 1215 1217 1219
1213 1211 1209 1207
1214 1216 1218 1220
1214 1212 1210 1208
1215 1217 1219 1221
1215 1213 1211 1209
1216 1218 1220 1222
1216 1214 1212 1210
1217 1219 1221 1223
1217 1215 1213 1211
1218 1220 1222 1224
1218 1216 1214 1212
1219 1221 1223 1225
1219 1217 1215 1213
1220 1222 1224 1226
1220 1218 1216 1214
1221 1223 1225 1227
1221 1219 1217 1215
1222 1224 1226 1228
1222 1220 1218 1216
1223 1225 1227 1229
1223 1221 1219 1217
1224 1226 1228 1230
1224 1222 1220 1218
1225 1227 1229 1231
1225 1223 1221 1219
1226 1228 1230 1232
1226 1224 1222 1220
1227 1229 1231 1233
1227 1225 1223 1221
1228 1230 1232 1234
1228 1226 1224 1222
1229 1231 1233 1235
1229 1227 1225 1223
1230 1232 1234 1236
1230 1228 1226 1224
1231 1233 1235 1237
1231 1229 1227 1225
1232 1234 1236 1238
1232 1230 1228 1226
1233 1235 1237 1239
1233 1231 1229 1227
1234 1236 1238 1240
1234 1232 1230 1228
1235 1237 1239 1241
1235 1233 1231 1229
1236 1238 1240 1242
1236 1234 1232 1230
1237 1239 1241 1243
1237 1235 1233 1231
1238 1240 1242 1244
1238 1236 1234 1232
1239 1241 1243 1245
1239 1237 1235 1233
1240 1242 1244 1246
1240 1238 1236 1234
1241 1243 1245 1247
1241 1239 1237 1235
1242 1244 1246 1248
1242 1240 1238 1236
1243 1245 1247 1249
1243 1241 1239 1237
1244 1246 1248 1250
1244 1242 1240 1238
1245 1247 1249 1251
1245 1243 1241 1239
1246 1248 1250 1252
1246 1244 1242 1240
1247 1249 1251 1253
1247 1245 1243 1241
1248 1250 1252 1254
1248 1246 1244 1242
1249 1251 1253 1255
1249 1247 1245 1243
1250 1252 1254 1256
1250 1248 1246 1244
1251 1253 1255 1257
1251 1249 1247 1245
1252 1254 1256 1258
1252 1250 1248 1246
1253 1255 1257 1259
1253 1251 1249 1247
1254 1256 1258 1260
1254 1252 1250 1248
1255 1257 1259 1261
1255 1253 1251 1249
1256 1258 1260 1262
1256 1254 1252 1250
1257 1259 1261 1263
1257 1255 1253 1251
1258 1260 1262 1264
1258 1256 1254 1252
1259 1261 1263 1265
1259 1257 1255 1253
1260 1262 1264 1266
1260 1258 1256 1254
1261 1263 1265 1267
1261 1259 1257 1255
1262 1264 1266 1268
1262 1260 1258 1256
1263 1265 1267 1269
1263 1261 1259 1257
1264 1266 1268 1270
1264 1262 1260 1258
1265 1267 1269 1271
1265 1263 1261 1259
1266 1268 1270 1272
1266 1264 1262 1260
1267 1269 1271 1273
1267 1265 1263 1261
1268 1270 1272 1274
1268 1266 1264 1262
1269 1271 1273 1275
1269 1267 1265 1263
1270 1272 1274 1276
1270 1268 1266 1264
1271 1273 1275 1277
1271 1269 1267 1265
1272 1274 1276 1278
1272 1270 1268 1266
1273 1275 1277 1279
1273 1271 1269 1267
1274 1276 1278 1280
1274 1272 1270 1268
1275 1277 1279 1281
1275 1273 1271 1269
1276 1278 1280 1282
1276 1274 1272 1270
1277 1279 1281 1283
1277 1275 1273 1271
1278 1280 1282 1284
1278 1276 1274 1272
1279 1281 1283 1285
1279 1277 1275 1273
1280 1282 1284 1286
1280 1278 1276 1274
1281 1283 1285 1287
1281 1279 1277 1275
1282 1284 1286 1288
1282 1280 1278 1276
1283 1285 1287 1289
1283 1281 1279 1277
1284 1286 1288 1290
1284 1282 1280 1278
1285 1287 1289 1291
1285 1283 1281 1279
1286 1288 1290 1292
1286 1284 1282 1280
1287 1289 1291 1293
1287 1285 1283 1281
1288 1290 1292 1294
1288 1286 1284 1282
1289 1291 1293 1295
1289 1287 1285 1283
1290 1292 1294 1296
1290 1288 1286 1284
1291 1293 1295 1297
1291 1289 1287 1285
1292 1294 1296 1298
1292 1290 1288 1286
1293 1295 1297 1299
1293 1291 1289 1287
1294 1296 1298 1300
1294 1292 1290 1288
1295 1297 1299 1301
1295 1293 1291 1289
1296 1298 1300 1302
1296 1294 1292 1290
1297 1299 1301 1303
1297 1295 1293 1291
1298 1300 1302 1304
1298 1296 1294 1292
1299 1301 1303 1305
1299 1297 1295 1293
1300 1302 1304 1306
1300 1298 1296 1294
1301 1303 1305 1307
1301 1299 1297 1295
1302 1304 1306 1308
1302 1300 1298 1296
1303 1305 1307 1309
1303 1301 1299 1297
1304 1306 1308 1310
1304 1302 1300 1298
1305 1307 1309 1311
1305 1303 1301 1299
1306 1308 1310 1312
1306 1304 1302 1300
1307 1309 1311 1313
1307 1305 1303 1301
1308 1310 1312 1314
1308 1306 1304 1302
1309 1311 1313 1315
1309 1307 1305 1303
1310 1312 1314 1316
1310 1308 1306 1304
1311 1313 1315 1317
1311 1309 1307 1305
1312 1314 1316 1318
1312 1310 1308 1306
1313 1315 1317 1319
1313 1311 1309 1307
1314 1316 1318 1320
1314 1312 1310 1308
1315 1317 1319 1321
1315 1313 1311 1309
1316 1318 1320 1322
1316 1314 1312 1310
1317 1319 1321 1323
1317 1315 1313 1311
1318 1320 1322 1324
1318 1316 1314 1312
1319 1321 1323 1325
1319 1317 1315 1313
1320 1322 1324 1326
1320 1318 1316 1314
1321 1323 1325 1327
1321 1319 1317 1315
1322 1324 1326 1328
1322 1320 1318 1316
1323 1325 1327 1329
1323 1321 1319 1317
1324 1326 1328 1330
1324 1322 1320 1318
1325 1327 1329 1331
1325 1323 1321 1319
1326 1328 1330 1332
1326 1324 1322 1320
1327 1329 1331 1333
1327 1325 1323 1321
1328 1330 1332 1334
1328 1326 1324 1322
1329 1331 1333 1335
1329 1327 1325 1323
1330 1332 1334 1336
1330 1328 1326 1324
1331 1333 1335 1337
1331 1329 1327 1325
1332 1334 1336 1338
1332 1330 1328 1326
1333 1335 1337 1339
1333 1331 1329 1327
1334 1336 1338 1340
1334 1332 1330 1328
1335 1337 1339 1341
1335 1333 1331 1329
1336 1338 1340 1342
1336 1334 1332 1330
1337 1339 1341 1343
1337 1335 1333 1331
1338 1340 1342 1344
1338 1336 1334 1332
1339 1341 1343 1345
1339 1337 1335 1333
1340 1342 1344 1346
1340 1338 1336 1334
1341 1343 1345 1347
1341 1339 1337 1335
1342 1344 1346 1348
1342 1340 1338 1336
1343 1345 1347 1349
1343 1341 1339 1337
1344 1346 1348 1350
1344 1342 1340 1338
1345 1347 1349 1351
1345 1343 1341 1339
1346 1348 1350 1352
1346 1344 1342 1340
1347 1349 1351 1353
1347 1345 1343 1341
1348 1350 1352 1354
1348 1346 1344 1342
1349 1351 1353 1355
1349 1347 1345 1343
1350 1352 1354 1356
1350 1348 1346 1344
1351 1353 1355 1357
1351 1349 1347 1345
1352 1354 1356 1358
1352 1350 1348 1346
1353 1355 1357 1359
1353 1351 1349 1347
1354 1356 1358 1360
1354 1352 1350 1348
1355 1357 1359 1361
1355 1353 1351 1349
1356 1358 1360 1362
1356 1354 1352 1350
1357 1359 1361 1363
1357 1355 1353 1351
1358 1360 1362 1364
1358 1356 1354 1352
1359 1361 1363 1365
1359 1357 1355 1353
1360 1362 1364 1366
1360 1358 1356 1354
1361 1363 1365 1367
1361 1359 1357 1355
1362 1364 1366 1368
1362 1360 1358 1356
1363 1365 1367 1369
1363 1361 1359 1357
1364 1366 1368 1370
1364 1362 1360 1358
1365 1367 1369 1371
1365 1363 1361 1359
1366 1368 1370 1372
1366 1364 1362 1360
1367 1369 1371 1373
1367 1365 1363 1361
1368 1370 1372 1374
1368 1366 1364 1362
1369 1371 1373 1375
1369 1367 1365 1363
1370 1372 1374 1376
1370 1368 1366 1364
1371 1373 1375 1377
1371 1369 1367 1365
1372 1374 1376 1378
1372 1370 1368 1366
1373 1375 1377 1379
1373 1371 1369 1367
1374 1376 1378 1380
1374 1372 1370 1368
1375 1377 1379 1381
1375 1373 1371 1369
1376 1378 1380 1382
1376 1374 1372 1370
1377 1379 1381 1383
1377 1375 1373 1371
1378 1380 1382 1384
1378 1376 1374 1372
1379 1381 1383 1385
1379 1377 1375 1373
1380 1382 1384 1386
1380 1378 1376 1374
1381 1383 1385 1387
1381 1379 1377 1375
1382 1384 1386 1388
1382 1380 1378 1376
1383 1385 1387 1389
1383 1381 1379 1377
1384 1386 1388 1390
1384 1382 1380 1378
1385 1387 1389 1391
1385 1383 1381 1379
1386 1388 1390 1393
1386 1384 1382 1380
1387 1389 1391 1392
1387 1385 1383 1381
1388 1390 1393 1395
1388 1386 1384 1382
1389 1391 1392 1394
1389 1387 1385 1383
1390 1393 1395 1397
1390 1388 1386 1384
1391 1392 1394 1396
1391 1389 1387 1385
1392 1394 1396 1398
1392 1391 1389 1387
1393 1395 1397 1400
1393 1390 1388 1386
1394 1396 1398 1399
1394 1392 1391 1389
1395 1397 1400 1402
1395 1393 1390 1388
1396 1398 1399 1401
1396 1394 1392 1391
1397 1400 1402 1404
1397 1395 1393 1390
1398 1399 1401 1403
1398 1396 1394 1392
1399 1401 1403 1405
1399 1398 1396 1394
1400 1402 1404 1406
1400 1397 1395 1393
1401 1403 1405 1407
1401 1399 1398 1396
1402 1404 1406 1408
1402 1400 1397 1395
1403 1405 1407 1409
1403 1401 1399 1398
1404 1406 1408 1411
1404 1402 1400 1397
1405 1407 1409 1410
1405 1403 1401 1399
1406 1408 1411 1413
1406 1404 1402 1400
1407 1409 1410 1412
1407 1405 1403 1401
1408 1411 1413 1416
1408 1406 1404 1402
1409 1410 1412 1414
1409 1407 1405 1403
1410 1412 1414 1415
1410 1409 1407 1405
1411 1413 1416 1418
1411 1408 1406 1404
1412 1414 1415 1417
1412 1410 1409 1407
1413 1416 1418 1420
1413 1411 1408 1406
1414 1415 1417 1419
1414 1412 1410 1409
1415 1417 1419 1421
1415 1414 1412 1410
1416 1418 1420 1423
1416 1413 1411 1408
1417 1419 1421 1422
1417 1415 1414 1412
1418 1420 1423 1426
1418 1416 1413 1411
1419 1421 1422 1424
1419 1417 1415 1414
1420 1423 1426 1429
1420 1418 1416 1413
1421 1422 1424 1425
1421 1419 1417 1415
1422 1424 1425 1427
1422 1421 1419 1417
1423 1426 1429 1432
1423 1420 1418 1416
1424 1425 1427 1428
1424 1422 1421 1419
1425 1427 1428 1430
1425 1424 1422 1421
1426 1429 1432 1435
1426 1423 1420 1418
1427 1428 1430 1431
1427 1425 1424 1422
1428 1430 1431 1433
1428 1427 1425 1424
1429 1432 1435 1438
1429 1426 1423 1420
1430 1431 1433 1434
1430 1428 1427 1425
1431 1433 1434 1436
1431 1430 1428 1427
1432 1435 1438 1441
1432 1429 1426 1423
1433 1434 1436 1437
1433 1431 1430 1428
1434 1436 1437 1439
1434 1433 1431 1430
1435 1438 1441 1443
1435 1432 1429 1426
1436 1437 1439 1440
1436 1434 1433 1431
1437 1439 1440 1442
1437 1436 1434 1433
1438 1441 1443 1445
1438 1435 1432 1429
1439 1440 1442 1444
1439 1437 1436 1434
1440 1442 1444 1446
1440 1439 1437 1436
1441 1443 1445 1448
1441 1438 1435 1432
1442 1444 1446 1447
1442 1440 1439 1437
1443 1445 1448 1451
1443 1441 1438 1435
1444 1446 1447 1449
1444 1442 1440 1439
1445 1448 1451 1454
1445 1443 1441 1438
1446 1447 1449 1450
1446 1444 1442 1440
1447 1449 1450 1452
1447 1446 1444 1442
1448 1451 1454 1457
1448 1445 1443 1441
1449 1450 1452 1453
1449 1447 1446 1444
1450 1452 1453 1455
1450 1449 1447 1446
1451 1454 1457 1460
1451 1448 1445 1443
1452 1453 1455 1456
1452 1450 1449 1447
1453 1455 1456 1458
1453 1452 1450 1449
1454 1457 1460 1463
1454 1451 1448 1445
1455 1456 1458 1459
1455 1453 1452 1450
1456 1458 1459 1461
1456 1455 1453 1452
1457 1460 1463 1466
1457 1454 1451 1448
1458 1459 1461 1462
1458 1456 1455 1453
1459 1461 1462 1464
1459 1458 1456 1455
1460 1463 1466 1469
1460 1457 1454 1451
1461 1462 1464 1465
1461 1459 1458 1456
1462 1464 1465 1467
1462 1461 1459 1458
1463 1466 1469 1472
1463 1460 1457 1454
1464 1465 1467 1468
1464 1462 1461 1459
1465 1467 1468 1470
1465 1464 1462 1461
1466 1469 1472 1475
1466 1463 1460 1457
1467 1468 1470 1471
1467 1465 1464 1462
1468 1470 1471 1473
1468 1467 1465 1464
1469 1472 1475 1478
1469 1466 1463 1460
1470 1471 1473 1474
1470 1468 1467 1465
1471 1473 1474 1476
1471 1470 1468 1467
1472 1475 1478 1481
1472 1469 1466 1463
1473 1474 1476 1477
1473 1471 1470 1468
1474 1476 1477 1479
1474 1473 1471 1470
1475 1478 1481 1484
1475 1472 1469 1466
1476 1477 1479 1480
1476 1474 1473 1471
1477 1479 1480 1482
1477 1476 1474 1473
1478 1481 1484 1487
1478 1475 1472 1469
1479 1480 1482 1483
1479 1477 1476 1474
1480 1482 1483 1485
1480 1479 1477 1476
1481 1484 1487 1490
1481 1478 1475 1472
1482 1483 1485 1486
1482 1480 1479 1477
1483 1485 1486 1488
1483 1482 1480 1479
1484 1487 1490 1493
1484 1481 1478 1475
1485 1486 1488 1489
1485 1483 1482 1480
1486 1488 1489 1491
1486 1485 1483 1482
1487 1490 1493 1496
1487 1484 1481 1478
1488 1489 1491 1492
1488 1486 1485 1483
1489 1491 1492 1494
1489 1488 1486 1485
1490 1493 1496 1499
1490 1487 1484 1481
1491 1492 1494 1495
1491 1489 1488 1486
1492 1494 1495 1497
1492 1491 1489 1488
1493 1496 1499 1502
1493 1490 1487 1484
1494 1495 1497 1498
1494 1492 1491 1489
1495 1497 1498 1500
1495 1494 1492 1491
1496 1499 1502 1505
1496 1493 1490 1487
1497 1498 1500 1501
1497 1495 1494 1492
1498 1500 1501 1503
1498 1497 1495 1494
1499 1502 1505 1508
1499 1496 1493 1490
1500 1501 1503 1504
1500 1498 1497 1495
1501 1503 1504 1506
1501 1500 1498 1497
1502 1505 1508 1511
1502 1499 1496 1493
1503 1504 1506 1507
1503 1501 1500 1498
1504 1506 1507 1509
1504 1503 1501 1500
1505 1508 1511 1514
1505 1502 1499 1496
1506 1507 1509 1510
1506 1504 1503 1501
1507 1509 1510 1512
1507 1506 1504 1503
1508 1511 1514 1517
1508 1505 1502 1499
1509 1510 1512 1513
1509 1507 1506 1504
1510 1512 1513 1515
1510 1509 1507 1506
1511 1514 1517 1520
1511 1508 1505 1502
1512 1513 1515 1516
1512 1510 1509 1507
1513 1515 1516 1518
1513 1512 1510 1509
1514 1517 1520 1523
1514 1511 1508 1505
1515 1516 1518 1519
1515 1513 1512 1510
1516 1518 1519 1521
1516 1515 1513 1512
1517 1520 1523 1526
1517 1514 1511 1508
1518 1519 1521 1522
1518 1516 1515 1513
1519 1521 1522 1524
1519 1518 1516 1515
1520 1523 1526 1529
1520 1517 1514 1511
1521 1522 1524 1525
1521 1519 1518 1516
1522 1524 1525 1527
1522 1521 1519 1518
1523 1526 1529 1532
1523 1520 1517 1514
1524 1525 1527 1528
1524 1522 1521 1519
1525 1527 1528 1530
1525 1524 1522 1521
1526 1529 1532 1535
1526 1523 1520 1517
1527 1528 1530 1531
1527 1525 1524 1522
1528 1530 1531 1533
1528 1527 1525 1524
1529 1532 1535 1538
1529 1526 1523 1520
1530 1531 1533 1534
1530 1528 1527 1525
1531 1533 1534 1536
1531 1530 1528 1527
1532 1535 1538 1541
1532 1529 1526 1523
1533 1534 1536 1537
1533 1531 1530 1528
1534 1536 1537 1539
1534 1533 1531 1530
1535 1538 1541 1544
1535 1532 1529 1526
1536 1537 1539 1540
1536 1534 1533 1531
1537 1539 1540 1542
1537 1536 1534 1533
1538 1541 1544 1547
1538 1535 1532 1529
1539 1540 1542 1543
1539 1537 1536 1534
1540 1542 1543 1545
1540 1539 1537 1536
1541 1544 1547 1550
1541 1538 1535 1532
1542 1543 1545 1546
1542 1540 1539 1537
1543 1545 1546 1548
1543 1542 1540 1539
1544 1547 1550 1553
1544 1541 1538 1535
1545 1546 1548 1549
1545 1543 1542 1540
1546 1548 1549 1551
1546 1545 1543 1542
1547 1550 1553 1556
1547 1544 1541 1538
1548 1549 1551 1552
1548 1546 1545 1543
1549 1551 1552 1554
1549 1548 1546 1545
1550 1553 1556 1559
1550 1547 1544 1541
1551 1552 1554 1555
1551 1549 1548 1546
1552 1554 1555 1557
1552 1551 1549 1548
1553 1556 1559 1562
1553 1556 1568 1659
1553 1550 1547 1544
1554 1555 1557 1558
1554 1552 1551 1549
1555 1557 1558 1560
1555 1554 1552 1551
1556 1559 1562 1568
1556 1559 1568 1659
1556 1553 1550 1547
1557 1558 1560 1561
1557 1555 1554 1552
1558 1560 1561 1563
1558 1557 1555 1554
1559 1562 1568 1659
1559 1556 1553 1550
1560 1561 1563 1564
1560 1558 1557 1555
1561 1563 1564 1565
1561 1560 1558 1557
1562 1568 1659 1658
1562 1559 1556 1553
1563 1564 1565 1566
1563 1561 1560 1558
1564 1565 1566 1567
1564 1563 1561 1560
1565 1566 1567 1569
1565 1564 1563 1561
1566 1567 1569 1570
1566 1565 1564 1563
1567 1569 1570 1571
1567 1566 1565 1564
1568 1659 1658 1715
1568 1562 1559 1556
1569 1570 1571 1572
1569 1567 1566 1565
1570 1571 1572 1573
1570 1569 1567 1566
1571 1572 1573 1574
1571 1570 1569 1567
1572 1573 1574 1575
1572 1571 1570 1569
1573 1574 1575 1576
1573 1572 1571 1570
1574 1575 1576 1577
1574 1573 1572 1571
1575 1576 1577 1578
1575 1574 1573 1572
1576 1577 1578 1579
1576 1575 1574 1573
1577 1578 1579 1580
1577 1576 1575 1574
1578 1579 1580 1581
1578 1577 1576 1575
1579 1580 1581 1582
1579 1578 1577 1576
1580 1581 1582 1583
1580 1579 1578 1577
1581 1582 1583 1584
1581 1580 1579 1578
1582 1583 1584 1585
1582 1581 1580 1579
1583 1584 1585 1586
1583 1582 1581 1580
1584 1585 1586 1587
1584 1583 1582 1581
1585 1586 1587 1588
1585 1584 1583 1582
1586 1587 1588 1589
1586 1585 1584 1583
1587 1588 1589 1590
1587 1586 1585 1584
1588 1589 1590 1591
1588 1587 1586 1585
1589 1590 1591 1592
1589 1588 1587 1586
1590 1591 1592 1593
1590 1589 1588 1587
1591 1592 1593 1594
1591 1590 1589 1588
1592 1593 1594 1595
1592 1591 1590 1589
1593 1594 1595 1596
1593 1592 1591 1590
1594 1595 1596 1597
1594 1593 1592 1591
1595 1596 1597 1598
1595 1594 1593 1592
1596 1597 1598 1599
1596 1595 1594 1593
1597 1598 1599 1600
1597 1596 1595 1594
1598 1599 1600 1601
1598 1597 1596 1595
1599 1600 1601 1602
1599 1598 1597 1596
1600 1601 1602 1603
1600 1599 1598 1597
1601 1602 1603 1604
1601 1600 1599 1598
1602 1603 1604 1605
1602 1601 1600 1599
1603 1604 1605 1606
1603 1602 1601 1600
1604 1605 1606 1607
1604 1603 1602 1601
1605 1606 1607 1608
1605 1604 1603 1602
1606 1607 1608 1609
1606 1605 1604 1603
1607 1608 1609 1610
1607 1606 1605 1604
1608 1609 1610 1611
1608 1607 1606 1605
1609 1610 1611 1612
1609 1608 1607 1606
1610 1611 1612 1613
1610 1609 1608 1607
1611 1612 1613 1614
1611 1610 1609 1608
1612 1613 1614 1615
1612 1611 1610 1609
1613 1614 1615 1616
1613 1612 1611 1610
1614 1615 1616 1617
1614 1613 1612 1611
1615 1616 1617 1618
1615 1614 1613 1612
1616 1617 1618 1619
1616 1615 1614 1613
1617 1618 1619 1620
1617 1616 1615 1614
1618 1619 1620 1621
1618 1617 1616 1615
1619 1620 1621 1622
1619 1618 1617 1616
1620 1621 1622 1623
1620 1619 1618 1617
1621 1622 1623 1624
1621 1620 1619 1618
1622 1623 1624 1625
1622 1621 1620 1619
1623 1624 1625 1626
1623 1622 1621 1620
1624 1625 1626 1627
1624 1623 1622 1621
1625 1626 1627 1628
1625 1624 1623 1622
1626 1627 1628 1629
1626 1625 1624 1623
1627 1628 1629 1630
1627 1626 1625 1624
1628 1629 1630 1631
1628 1627 1626 1625
1629 1630 1631 1632
1629 1628 1627 1626
1630 1631 1632 1633
1630 1629 1628 1627
1631 1632 1633 1634
1631 1630 1629 1628
1632 1633 1634 1635
1632 1631 1630 1629
1633 1634 1635 1636
1633 1632 1631 1630
1634 1635 1636 1637
1634 1633 1632 1631
1635 1636 1637 1638
1635 1634 1633 1632
1636 1637 1638 1639
1636 1635 1634 1633
1637 1638 1639 1640
1637 1636 1635 1634
1638 1639 1640 1641
1638 1637 1636 1635
1639 1640 1641 1642
1639 1638 1637 1636
1640 1641 1642 1643
1640 1639 1638 1637
1641 1642 1643 1644
1641 1640 1639 1638
1642 1643 1644 1645
1642 1641 1640 1639
1643 1644 1645 1646
1643 1642 1641 1640
1644 1645 1646 1647
1644 1643 1642 1641
1645 1646 1647 1648
1645 1644 1643 1642
1646 1647 1648 1649
1646 1645 1644 1643
1647 1648 1649 1650
1647 1646 1645 1644
1648 1649 1650 1651
1648 1647 1646 1645
1649 1650 1651 1652
1649 1648 1647 1646
1650 1651 1652 1653
1650 1649 1648 1647
1651 1652 1653 1654
1651 1650 1649 1648
1652 1653 1654 1655
1652 1651 1650 1649
1653 1654 1655 1656
1653 1652 1651 1650
1654 1655 1656 1657
1654 1653 1652 1651
1655 1656 1657 1660
1655 1654 1653 1652
1656 1657 1660 1661
1656 1655 1654 1653
1657 1660 1661 1662
1657 1656 1655 1654
1658 1715 1714 1713
1658 1659 1568 1562
1659 1658 1715 1714
1659 1568 1562 1559
1660 1661 1662 1663
1660 1657 1656 1655
1661 1662 1663 1664
1661 1660 1657 1656
1662 1663 1664 1665
1662 1661 1660 1657
1663 1664 1665 1666
1663 1662 1661 1660
1664 1665 1666 1667
1664 1663 1662 1661
1665 1666 1667 1668
1665 1664 1663 1662
1666 1667 1668 1669
1666 1665 1664 1663
1667 1668 1669 1670
1667 1666 1665 1664
1668 1669 1670 1671
1668 1667 1666 1665
1669 1670 1671 1672
1669 1668 1667 1666
1670 1671 1672 1673
1670 1669 1668 1667
1671 1672 1673 1674
1671 1670 1669 1668
1672 1673 1674 1675
1672 1671 1670 1669
1673 1674 1675 1676
1673 1672 1671 1670
1674 1675 1676 1677
1674 1673 1672 1671
1675 1676 1677 1678
1675 1674 1673 1672
1676 1677 1678 1679
1676 1675 1674 1673
1677 1678 1679 1680
1677 1676 1675 1674
1678 1679 1680 1681
1678 1677 1676 1675
1679 1680 1681 1682
1679 1678 1677 1676
1680 1681 1682 1683
1680 1679 1678 1677
1681 1682 1683 1684
1681 1680 1679 1678
1682 1683 1684 1685
1682 1681 1680 1679
1683 1684 1685 1686
1683 1682 1681 1680
1684 1685 1686 1687
1684 1683 1682 1681
1685 1686 1687 1688
1685 1684 1683 1682
1686 1687 1688 1689
1686 1685 1684 1683
1687 1688 1689 1690
1687 1686 1685 1684
1688 1689 1690 1691
1688 1687 1686 1685
1689 1690 1691 1692
1689 1688 1687 1686
1690 1691 1692 1693
1690 1689 1688 1687
1691 1692 1693 1694
1691 1690 1689 1688
1692 1693 1694 1695
1692 1691 1690 1689
1693 1694 1695 1696
1693 1692 1691 1690
1694 1695 1696 1697
1694 1693 1692 1691
1695 1696 1697 1698
1695 1694 1693 1692
1696 1697 1698 1699
1696 1695 1694 1693
1697 1698 1699 1700
1697 1696 1695 1694
1698 1699 1700 1701
1698 1697 1696 1695
1699 1700 1701 1702
1699 1698 1697 1696
1700 1701 1702 1703
1700 1699 1698 1697
1701 1702 1703 1704
1701 1700 1699 1698
1702 1703 1704 1705
1702 1701 1700 1699
1703 1704 1705 1706
1703 1702 1701 1700
1704 1705 1706 1707
1704 1703 1702 1701
1705 1706 1707 1708
1705 1704 1703 1702
1706 1707 1708 1709
1706 1705 1704 1703
1707 1708 1709 1710
1707 1706 1705 1704
1708 1709 1710 1711
1708 1707 1706 1705
1709 1710 1711 1712
1709 1708 1707 1706
1710 1711 1712 1713
1710 1709 1708 1707
1711 1712 1713 1714
1711 1710 1709 1708
1712 1711 1710 1709
1712 1713 1714 1715
1712 1713 1658 1659
1713 1712 1711 1710
1713 1714 1715 1658
1713 1714 1658 1659
1714 1713 1712 1711
1714 1715 1658 1659
1715 1714 1713 1712
1715 1658 1659 1568
