0 124 123 122
0 1 2 3
1 0 124 123
1 2 3 4
2 1 0 124
2 3 4 5
3 2 1 0
3 4 5 6
4 3 2 1
4 5 6 7
5 4 3 2
5 6 7 8
6 5 4 3
6 7 8 9
7 6 5 4
7 8 9 10
8 7 6 5
8 9 10 11
9 8 7 6
9 10 11 12
10 9 8 7
10 11 12 13
11 10 9 8
11 12 13 14
12 11 10 9
12 13 14 15
13 12 11 10
13 14 15 16
14 13 12 11
14 15 16 17
15 14 13 12
15 16 17 18
16 15 14 13
16 17 18 19
17 16 15 14
17 18 19 20
18 17 16 15
18 19 20 21
19 18 17 16
19 20 21 22
20 19 18 17
20 21 22 23
21 20 19 18
21 22 23 24
22 21 20 19
22 23 24 25
23 22 21 20
23 24 25 26
24 23 22 21
24 25 26 27
25 24 23 22
25 26 27 28
26 25 24 23
26 27 28 29
27 26 25 24
27 28 29 30
28 27 26 25
28 29 30 31
29 28 27 26
29 30 31 32
30 29 28 27
30 31 32 33
31 30 29 28
31 32 33 34
32 31 30 29
32 33 34 35
33 32 31 30
33 34 35 36
34 33 32 31
34 35 36 37
35 34 33 32
35 36 37 38
36 35 34 33
36 37 38 39
37 36 35 34
37 38 39 40
38 37 36 35
38 39 40 41
39 38 37 36
39 40 41 42
40 39 38 37
40 41 42 43
41 40 39 38
41 42 43 44
42 41 40 39
42 43 44 45
43 42 41 40
43 44 45 46
44 43 42 41
44 45 46 47
45 46 47 48
45 44 43 42
46 47 48 49
46 45 44 43
47 48 49 50
47 46 45 44
48 49 50 51
48 47 46 45
49 50 51 125
49 48 47 46
50 51 125 126
50 49 48 47
51 125 126 136
51 50 49 48
52 135 134 133
52 53 54 55
53 52 135 134
53 54 55 56
54 53 52 135
54 55 56 57
55 54 53 52
55 56 57 58
56 55 54 53
56 57 58 59
57 56 55 54
57 58 59 60
58 57 56 55
58 59 60 61
59 58 57 56
59 60 61 62
60 59 58 57
60 61 62 63
61 60 59 58
61 62 63 64
62 61 60 59
62 63 64 65
63 62 61 60
63 64 65 66
64 63 62 61
64 65 66 67
65 64 63 62
65 66 67 68
66 65 64 63
66 67 68 69
67 66 65 64
67 68 69 70
68 67 66 65
68 69 70 71
69 68 67 66
69 70 71 72
70 69 68 67
70 71 72 73
71 70 69 68
71 72 73 74
72 71 70 69
72 73 74 75
73 72 71 70
73 74 75 76
74 73 72 71
74 75 76 77
75 74 73 72
75 76 77 78
76 75 74 73
76 77 78 79
77 76 75 74
77 78 79 80
78 77 76 75
78 79 80 81
79 78 77 76
79 80 81 82
80 79 78 77
80 81 82 83
81 80 79 78
81 82 83 84
82 81 80 79
82 83 84 85
83 82 81 80
83 84 85 86
84 83 82 81
84 85 86 87
85 84 83 82
85 86 87 88
86 85 84 83
86 87 88 89
87 86 85 84
87 88 89 90
88 87 86 85
88 89 90 91
89 88 87 86
89 90 91 92
90 89 88 87
90 91 92 93
91 90 89 88
91 92 93 94
92 91 90 89
92 93 94 95
93 92 91 90
93 94 95 96
94 93 92 91
94 95 96 97
95 94 93 92
95 96 97 98
96 95 94 93
96 97 98 99
97 96 95 94
97 98 99 100
98 97 96 95
98 99 100 101
99 98 97 96
99 100 101 102
100 99 98 97
100 101 102 103
101 100 99 98
101 102 103 104
102 101 100 99
102 103 104 105
103 102 101 100
103 104 105 106
104 103 102 101
104 105 106 107
105 104 103 102
105 106 107 108
106 105 104 103
106 107 108 109
107 106 105 104
107 108 109 110
108 107 106 105
108 109 110 111
109 108 107 106
109 110 111 112
110 109 108 107
110 111 112 113
111 110 109 108
111 112 113 114
112 111 110 109
112 113 114 115
113 112 111 110
113 114 115 116
114 113 112 111
114 115 116 117
115 114 113 112
115 116 117 118
116 115 114 113
116 117 118 119
117 116 115 114
117 118 119 120
118 117 116 115
118 119 120 121
119 118 117 116
119 120 121 122
120 119 118 117
120 121 122 123
121 120 119 118
121 122 123 124
122 121 120 119
122 123 124 0
123 122 121 120
123 124 0 1
124 123 122 121
124 0 1 2
125 126 136 148
125 51 50 49
126 136 148 157
126 125 51 50
127 147 146 145
127 128 129 130
128 127 147 146
128 129 130 131
129 128 127 147
129 130 131 132
130 129 128 127
130 131 132 133
131 130 129 128
131 132 133 134
132 131 130 129
132 133 134 135
133 132 131 130
133 134 135 52
134 133 132 131
134 135 52 53
135 134 133 132
135 52 53 54
136 148 157 158
136 126 125 51
137 156 155 154
137 138 139 140
138 137 156 155
138 139 140 141
139 138 137 156
139 140 141 142
140 139 138 137
140 141 142 143
141 140 139 138
141 142 143 144
142 141 140 139
142 143 144 145
143 142 141 140
143 144 145 146
144 143 142 141
144 145 146 147
145 144 143 142
145 146 147 127
146 145 144 143
146 147 127 128
147 146 145 144
147 127 128 129
148 157 158 168
148 136 126 125
149 167 166 165
149 150 151 152
150 149 167 166
150 151 152 153
151 150 149 167
151 152 153 154
152 151 150 149
152 153 154 155
153 152 151 150
153 154 155 156
154 153 152 151
154 155 156 137
155 154 153 152
155 156 137 138
156 155 154 153
156 137 138 139
157 158 168 175
157 148 136 126
158 168 175 181
158 157 148 136
159 174 173 172
159 160 161 162
160 159 174 173
160 161 162 163
161 160 159 174
161 162 163 164
162 161 160 159
162 163 164 165
163 162 161 160
163 164 165 166
164 163 162 161
164 165 166 167
165 164 163 162
165 166 167 149
166 165 164 163
166 167 149 150
167 166 165 164
167 149 150 151
168 175 181 184
168 158 157 148
168 158 157 136
169 180 179 178
169 170 171 172
170 169 180 179
170 171 172 173
171 170 169 180
171 172 173 174
172 171 170 169
172 173 174 159
173 172 171 170
173 174 159 160
174 173 172 171
174 159 160 161
175 181 184 187
175 168 158 157
175 168 136 126
176 183 182 186
176 177 178 179
177 176 183 182
177 178 179 180
178 177 176 183
178 179 180 169
179 178 177 176
179 180 169 170
180 179 178 177
180 169 170 171
181 184 187 190
181 175 168 158
182 186 185 189
182 183 176 177
183 182 186 185
183 176 177 178
184 187 190 192
184 181 175 168
185 189 188 191
185 186 182 183
186 185 189 188
186 182 183 176
187 190 192 195
187 184 181 175
188 191 194 193
188 189 185 186
189 188 191 194
189 185 186 182
190 192 195 198
190 187 184 181
191 194 193 197
191 188 189 185
192 195 198 200
192 190 187 184
193 197 196 199
193 194 191 188
194 193 197 196
194 191 188 189
195 198 200 203
195 192 190 187
196 199 202 201
196 197 193 194
197 196 199 202
197 193 194 191
198 200 203 205
198 195 192 190
199 202 201 204
199 196 197 193
200 203 205 208
200 198 195 192
201 204 207 206
201 202 199 196
202 201 204 207
202 199 196 197
203 205 208 210
203 200 198 195
204 207 206 209
204 201 202 199
205 208 210 212
205 203 200 198
206 209 211 213
206 207 204 201
207 206 209 211
207 204 201 202
208 210 212 214
208 205 203 200
209 211 213 215
209 206 207 204
210 212 214 216
210 208 205 203
211 213 215 218
211 209 206 207
212 214 216 219
212 210 208 205
213 215 218 217
213 211 209 206
214 216 219 221
214 212 210 208
215 218 217 220
215 213 211 209
216 219 221 223
216 214 212 210
217 220 222 224
217 218 215 213
218 217 220 222
218 215 213 211
219 221 223 225
219 216 214 212
220 222 224 226
220 217 218 215
221 223 225 227
221 219 216 214
222 224 226 228
222 220 217 218
223 225 227 229
223 221 219 216
224 226 228 230
224 222 220 217
225 227 229 231
225 223 221 219
226 228 230 232
226 224 222 220
227 229 231 233
227 225 223 221
228 230 232 234
228 226 224 222
229 231 233 235
229 227 225 223
230 232 234 236
230 228 226 224
231 233 235 237
231 229 227 225
232 234 236 238
232 230 228 226
233 235 237 239
233 231 229 227
234 236 238 240
234 232 230 228
235 237 239 241
235 233 231 229
236 238 240 242
236 234 232 230
237 239 241 243
237 235 233 231
238 240 242 244
238 236 234 232
239 241 243 245
239 237 235 233
240 242 244 246
240 238 236 234
241 243 245 247
241 239 237 235
242 244 246 248
242 240 238 236
243 245 247 249
243 241 239 237
244 246 248 250
244 242 240 238
245 247 249 251
245 243 241 239
246 248 250 252
246 244 242 240
247 249 251 253
247 245 243 241
248 250 252 254
248 246 244 242
249 251 253 255
249 247 245 243
250 252 254 256
250 248 246 244
251 253 255 257
251 249 247 245
252 254 256 258
252 250 248 246
253 255 257 259
253 251 249 247
254 256 258 260
254 252 250 248
255 257 259 261
255 253 251 249
256 258 260 262
256 254 252 250
257 259 261 263
257 255 253 251
258 260 262 264
258 256 254 252
259 261 263 265
259 257 255 253
260 262 264 266
260 258 256 254
261 263 265 267
261 259 257 255
262 264 266 268
262 260 258 256
263 265 267 269
263 261 259 257
264 266 268 270
264 262 260 258
265 267 269 271
265 263 261 259
266 268 270 272
266 264 262 260
267 269 271 273
267 265 263 261
268 270 272 274
268 266 264 262
269 271 273 275
269 267 265 263
270 272 274 276
270 268 266 264
271 273 275 277
271 269 267 265
272 274 276 278
272 270 268 266
273 275 277 279
273 271 269 267
274 276 278 280
274 272 270 268
275 277 279 281
275 273 271 269
276 278 280 282
276 274 272 270
277 279 281 283
277 275 273 271
278 280 282 284
278 276 274 272
279 281 283 285
279 277 275 273
280 282 284 286
280 278 276 274
281 283 285 287
281 279 277 275
282 284 286 288
282 280 278 276
283 285 287 289
283 281 279 277
284 286 288 290
284 282 280 278
285 287 289 291
285 283 281 279
286 288 290 292
286 284 282 280
287 289 291 293
287 285 283 281
288 290 292 294
288 286 284 282
289 291 293 295
289 287 285 283
290 292 294 296
290 288 286 284
291 293 295 297
291 289 287 285
292 294 296 298
292 290 288 286
293 295 297 299
293 291 289 287
294 296 298 300
294 292 290 288
295 297 299 301
295 293 291 289
296 298 300 302
296 294 292 290
297 299 301 303
297 295 293 291
298 300 302 304
298 296 294 292
299 301 303 305
299 297 295 293
300 302 304 306
300 298 296 294
301 303 305 307
301 299 297 295
302 304 306 308
302 300 298 296
303 305 307 309
303 301 299 297
304 306 308 310
304 302 300 298
305 307 309 311
305 303 301 299
306 308 310 312
306 304 302 300
307 309 311 313
307 305 303 301
308 310 312 314
308 306 304 302
309 311 313 315
309 307 305 303
310 312 314 316
310 308 306 304
311 313 315 317
311 309 307 305
312 314 316 318
312 310 308 306
313 315 317 319
313 311 309 307
314 316 318 320
314 312 310 308
315 317 319 321
315 313 311 309
316 318 320 322
316 314 312 310
317 319 321 323
317 315 313 311
318 320 322 324
318 316 314 312
319 321 323 325
319 317 315 313
320 322 324 326
320 318 316 314
321 323 325 327
321 319 317 315
322 324 326 328
322 320 318 316
323 325 327 329
323 321 319 317
324 326 328 330
324 322 320 318
325 327 329 331
325 323 321 319
326 328 330 332
326 324 322 320
327 329 331 333
327 325 323 321
328 330 332 334
328 326 324 322
329 331 333 335
329 327 325 323
330 332 334 336
330 328 326 324
331 333 335 337
331 329 327 325
332 334 336 338
332 330 328 326
333 335 337 339
333 331 329 327
334 336 338 340
334 332 330 328
335 337 339 341
335 333 331 329
336 338 340 342
336 334 332 330
337 339 341 343
337 335 333 331
338 340 342 344
338 336 334 332
339 341 343 345
339 337 335 333
340 342 344 347
340 338 336 334
341 343 345 348
341 339 337 335
342 344 347 346
342 340 338 336
343 345 348 350
343 341 339 337
344 347 346 349
344 342 340 338
345 348 350 352
345 343 341 339
346 349 351 353
346 347 344 342
347 346 349 351
347 344 342 340
348 350 352 354
348 345 343 341
349 351 353 355
349 346 347 344
350 352 354 356
350 348 345 343
351 353 355 357
351 349 346 347
352 354 356 358
352 350 348 345
353 355 357 359
353 351 349 346
354 356 358 360
354 352 350 348
355 357 359 361
355 353 351 349
356 358 360 362
356 354 352 350
357 359 361 363
357 355 353 351
358 360 362 364
358 356 354 352
359 361 363 365
359 357 355 353
360 362 364 366
360 358 356 354
361 363 365 367
361 359 357 355
362 364 366 368
362 360 358 356
363 365 367 369
363 361 359 357
364 366 368 370
364 362 360 358
365 367 369 371
365 363 361 359
366 368 370 372
366 364 362 360
367 369 371 373
367 365 363 361
368 370 372 374
368 366 364 362
369 371 373 375
369 367 365 363
370 372 374 376
370 368 366 364
371 373 375 377
371 369 367 365
372 374 376 378
372 370 368 366
373 375 377 379
373 371 369 367
374 376 378 380
374 372 370 368
375 377 379 381
375 373 371 369
376 378 380 382
376 374 372 370
377 379 381 383
377 375 373 371
378 380 382 384
378 376 374 372
379 381 383 385
379 377 375 373
380 382 384 386
380 378 376 374
381 383 385 387
381 379 377 375
382 384 386 388
382 380 378 376
383 385 387 389
383 381 379 377
384 386 388 390
384 382 380 378
385 387 389 391
385 383 381 379
386 388 390 392
386 384 382 380
387 389 391 393
387 385 383 381
388 390 392 394
388 386 384 382
389 391 393 395
389 387 385 383
390 392 394 396
390 388 386 384
391 393 395 397
391 389 387 385
392 394 396 398
392 390 388 386
393 395 397 399
393 391 389 387
394 396 398 400
394 392 390 388
395 397 399 401
395 393 391 389
396 398 400 402
396 394 392 390
397 399 401 403
397 395 393 391
398 400 402 404
398 396 394 392
399 401 403 405
399 397 395 393
400 402 404 406
400 398 396 394
401 403 405 407
401 399 397 395
402 404 406 408
402 400 398 396
403 405 407 409
403 401 399 397
404 406 408 410
404 402 400 398
405 407 409 411
405 403 401 399
406 408 410 412
406 404 402 400
407 409 411 413
407 405 403 401
408 410 412 414
408 406 404 402
409 411 413 415
409 407 405 403
410 412 414 416
410 408 406 404
411 413 415 417
411 409 407 405
412 414 416 418
412 410 408 406
413 415 417 419
413 411 409 407
414 416 418 420
414 412 410 408
415 417 419 421
415 413 411 409
416 418 420 422
416 414 412 410
417 419 421 423
417 415 413 411
418 420 422 424
418 416 414 412
419 421 423 425
419 417 415 413
420 422 424 426
420 418 416 414
421 423 425 427
421 419 417 415
422 424 426 428
422 420 418 416
423 425 427 429
423 421 419 417
424 426 428 430
424 422 420 418
425 427 429 431
425 423 421 419
426 428 430 432
426 424 422 420
427 429 431 433
427 425 423 421
428 430 432 434
428 426 424 422
429 431 433 435
429 427 425 423
430 432 434 436
430 428 426 424
431 433 435 437
431 429 427 425
432 434 436 438
432 430 428 426
433 435 437 439
433 431 429 427
434 436 438 440
434 432 430 428
435 437 439 441
435 433 431 429
436 438 440 442
436 434 432 430
437 439 441 443
437 435 433 431
438 440 442 444
438 436 434 432
439 441 443 445
439 437 435 433
440 442 444 446
440 438 436 434
441 443 445 447
441 439 437 435
442 444 446 448
442 440 438 436
443 445 447 449
443 441 439 437
444 446 448 450
444 442 440 438
445 447 449 451
445 443 441 439
446 448 450 452
446 444 442 440
447 449 451 453
447 445 443 441
448 450 452 454
448 446 444 442
449 451 453 455
449 447 445 443
450 452 454 456
450 448 446 444
451 453 455 457
451 449 447 445
452 454 456 458
452 450 448 446
453 455 457 459
453 451 449 447
454 456 458 460
454 452 450 448
455 457 459 461
455 453 451 449
456 458 460 462
456 454 452 450
457 459 461 463
457 455 453 451
458 460 462 464
458 456 454 452
459 461 463 465
459 457 455 453
460 462 464 466
460 458 456 454
461 463 465 467
461 459 457 455
462 464 466 468
462 460 458 456
463 465 467 469
463 461 459 457
464 466 468 470
464 462 460 458
465 467 469 471
465 463 461 459
466 468 470 472
466 464 462 460
467 469 471 473
467 465 463 461
468 470 472 474
468 466 464 462
469 471 473 475
469 467 465 463
470 472 474 476
470 468 466 464
471 473 475 477
471 469 467 465
472 474 476 478
472 470 468 466
473 475 477 479
473 471 469 467
474 476 478 480
474 472 470 468
475 477 479 481
475 473 471 469
476 478 480 482
476 474 472 470
477 479 481 483
477 475 473 471
478 480 482 484
478 476 474 472
479 481 483 485
479 477 475 473
480 482 484 486
480 478 476 474
481 483 485 487
481 479 477 475
482 484 486 488
482 480 478 476
483 485 487 489
483 481 479 477
484 486 488 490
484 482 480 478
485 487 489 491
485 483 481 479
486 488 490 492
486 484 482 480
487 489 491 493
487 485 483 481
488 490 492 494
488 486 484 482
489 491 493 495
489 487 485 483
490 492 494 496
490 488 486 484
491 493 495 497
491 489 487 485
492 494 496 498
492 490 488 486
493 495 497 499
493 491 489 487
494 496 498 500
494 492 490 488
495 497 499 501
495 493 491 489
496 498 500 502
496 494 492 490
497 499 501 503
497 495 493 491
498 500 502 504
498 496 494 492
499 501 503 505
499 497 495 493
500 502 504 506
500 498 496 494
501 503 505 507
501 499 497 495
502 504 506 508
502 500 498 496
503 505 507 509
503 501 499 497
504 506 508 510
504 502 500 498
505 507 509 511
505 503 501 499
506 508 510 512
506 504 502 500
507 509 511 513
507 505 503 501
508 510 512 514
508 506 504 502
509 511 513 515
509 507 505 503
510 512 514 516
510 508 506 504
511 513 515 517
511 509 507 505
512 514 516 518
512 510 508 506
513 515 517 519
513 511 509 507
514 516 518 520
514 512 510 508
515 517 519 521
515 513 511 509
516 518 520 522
516 514 512 510
517 519 521 523
517 515 513 511
518 520 522 524
518 516 514 512
519 521 523 525
519 517 515 513
520 522 524 526
520 518 516 514
521 523 525 527
521 519 517 515
522 524 526 528
522 520 518 516
523 525 527 529
523 521 519 517
524 526 528 530
524 522 520 518
525 527 529 531
525 523 521 519
526 528 530 532
526 524 522 520
527 529 531 533
527 525 523 521
528 530 532 534
528 526 524 522
529 531 533 535
529 527 525 523
530 532 534 536
530 528 526 524
531 533 535 537
531 529 527 525
532 534 536 538
532 530 528 526
533 535 537 539
533 531 529 527
534 536 538 540
534 532 530 528
535 537 539 541
535 533 531 529
536 538 540 542
536 534 532 530
537 539 541 543
537 535 533 531
538 540 542 544
538 536 534 532
539 541 543 545
539 537 535 533
540 542 544 546
540 538 536 534
541 543 545 547
541 539 537 535
542 544 546 548
542 540 538 536
543 545 547 549
543 541 539 537
544 546 548 550
544 542 540 538
545 547 549 551
545 543 541 539
546 548 550 552
546 544 542 540
547 549 551 553
547 545 543 541
548 550 552 554
548 546 544 542
549 551 553 555
549 547 545 543
550 552 554 556
550 548 546 544
551 553 555 557
551 549 547 545
552 554 556 558
552 550 548 546
553 555 557 559
553 551 549 547
554 556 558 560
554 552 550 548
555 557 559 561
555 553 551 549
556 558 560 562
556 554 552 550
557 559 561 563
557 555 553 551
558 560 562 564
558 556 554 552
559 561 563 565
559 557 555 553
560 562 564 566
560 558 556 554
561 563 565 567
561 559 557 555
562 564 566 568
562 560 558 556
563 565 567 569
563 561 559 557
564 566 568 570
564 562 560 558
565 567 569 571
565 563 561 559
566 568 570 572
566 564 562 560
567 569 571 573
567 565 563 561
568 570 572 574
568 566 564 562
569 571 573 575
569 567 565 563
570 572 574 576
570 568 566 564
571 573 575 577
571 569 567 565
572 574 576 578
572 570 568 566
573 575 577 579
573 571 569 567
574 576 578 580
574 572 570 568
575 577 579 581
575 573 571 569
576 578 580 582
576 574 572 570
577 579 581 583
577 575 573 571
578 580 582 584
578 576 574 572
579 581 583 585
579 577 575 573
580 582 584 586
580 578 576 574
581 583 585 587
581 579 577 575
582 584 586 588
582 580 578 576
583 585 587 589
583 581 579 577
584 586 588 590
584 582 580 578
585 587 589 591
585 583 581 579
586 588 590 592
586 584 582 580
587 589 591 593
587 585 583 581
588 590 592 594
588 586 584 582
589 591 593 595
589 587 585 583
590 592 594 596
590 588 586 584
591 593 595 597
591 589 587 585
592 594 596 598
592 590 588 586
593 595 597 599
593 591 589 587
594 596 598 600
594 592 590 588
595 597 599 601
595 593 591 589
596 598 600 602
596 594 592 590
597 599 601 603
597 595 593 591
598 600 602 604
598 596 594 592
599 601 603 605
599 597 595 593
600 602 604 606
600 598 596 594
601 603 605 607
601 599 597 595
602 604 606 608
602 600 598 596
603 605 607 609
603 601 599 597
604 606 608 610
604 602 600 598
605 607 609 611
605 603 601 599
606 608 610 612
606 604 602 600
607 609 611 613
607 605 603 601
608 610 612 614
608 606 604 602
609 611 613 615
609 607 605 603
610 612 614 616
610 608 606 604
611 613 615 617
611 609 607 605
612 614 616 618
612 610 608 606
613 615 617 619
613 611 609 607
614 616 618 620
614 612 610 608
615 617 619 621
615 613 611 609
616 618 620 622
616 614 612 610
617 619 621 623
617 615 613 611
618 620 622 624
618 616 614 612
619 621 623 625
619 617 615 613
620 622 624 626
620 618 616 614
621 623 625 627
621 619 617 615
622 624 626 628
622 620 618 616
623 625 627 629
623 621 619 617
624 626 628 630
624 622 620 618
625 627 629 631
625 623 621 619
626 628 630 632
626 624 622 620
627 629 631 633
627 625 623 621
628 630 632 634
628 626 624 622
629 631 633 635
629 627 625 623
630 632 634 636
630 628 626 624
631 633 635 637
631 629 627 625
632 634 636 638
632 630 628 626
633 635 637 639
633 631 629 627
634 636 638 640
634 632 630 628
635 637 639 641
635 633 631 629
636 638 640 642
636 634 632 630
637 639 641 643
637 635 633 631
638 640 642 644
638 636 634 632
639 641 643 645
639 637 635 633
640 642 644 646
640 638 636 634
641 643 645 647
641 639 637 635
642 644 646 648
642 640 638 636
643 645 647 649
643 641 639 637
644 646 648 650
644 642 640 638
645 647 649 651
645 643 641 639
646 648 650 652
646 644 642 640
647 649 651 653
647 645 643 641
648 650 652 654
648 646 644 642
649 651 653 655
649 647 645 643
650 652 654 656
650 648 646 644
651 653 655 657
651 649 647 645
652 654 656 658
652 650 648 646
653 655 657 659
653 651 649 647
654 656 658 660
654 652 650 648
655 657 659 661
655 653 651 649
656 658 660 662
656 654 652 650
657 659 661 663
657 655 653 651
658 660 662 664
658 656 654 652
659 661 663 665
659 657 655 653
660 662 664 666
660 658 656 654
661 663 665 667
661 659 657 655
662 664 666 668
662 660 658 656
663 665 667 669
663 661 659 657
664 666 668 670
664 662 660 658
665 667 669 671
665 663 661 659
666 668 670 672
666 664 662 660
667 669 671 673
667 665 663 661
668 670 672 674
668 666 664 662
669 671 673 675
669 667 665 663
670 672 674 676
670 668 666 664
671 673 675 677
671 669 667 665
672 674 676 678
672 670 668 666
673 675 677 679
673 671 669 667
674 676 678 680
674 672 670 668
675 677 679 681
675 673 671 669
676 678 680 682
676 674 672 670
677 679 681 683
677 675 673 671
678 680 682 684
678 676 674 672
679 681 683 685
679 677 675 673
680 682 684 686
680 678 676 674
681 683 685 687
681 679 677 675
682 684 686 688
682 680 678 676
683 685 687 689
683 681 679 677
684 686 688 690
684 682 680 678
685 687 689 691
685 683 681 679
686 688 690 692
686 684 682 680
687 689 691 693
687 685 683 681
688 690 692 694
688 686 684 682
689 691 693 695
689 687 685 683
690 692 694 696
690 688 686 684
691 693 695 697
691 689 687 685
692 694 696 698
692 690 688 686
693 695 697 699
693 691 689 687
694 696 698 700
694 692 690 688
695 697 699 701
695 693 691 689
696 698 700 702
696 694 692 690
697 699 701 703
697 695 693 691
698 700 702 704
698 696 694 692
699 701 703 705
699 697 695 693
700 702 704 706
700 698 696 694
701 703 705 707
701 699 697 695
702 704 706 708
702 700 698 696
703 705 707 709
703 701 699 697
704 706 708 710
704 702 700 698
705 707 709 711
705 703 701 699
706 708 710 712
706 704 702 700
707 709 711 713
707 705 703 701
708 710 712 714
708 706 704 702
709 711 713 715
709 707 705 703
710 712 714 716
710 708 706 704
711 713 715 717
711 709 707 705
712 714 716 718
712 710 708 706
713 715 717 719
713 711 709 707
714 716 718 720
714 712 710 708
715 717 719 721
715 713 711 709
716 718 720 722
716 714 712 710
717 719 721 723
717 715 713 711
718 720 722 724
718 716 714 712
719 721 723 725
719 717 715 713
720 722 724 726
720 718 716 714
721 723 725 727
721 719 717 715
722 724 726 728
722 720 718 716
723 725 727 729
723 721 719 717
724 726 728 730
724 722 720 718
725 727 729 731
725 723 721 719
726 728 730 732
726 724 722 720
727 729 731 733
727 725 723 721
728 730 732 734
728 726 724 722
729 731 733 735
729 727 725 723
730 732 734 736
730 728 726 724
731 733 735 737
731 729 727 725
732 734 736 738
732 730 728 726
733 735 737 739
733 731 729 727
734 736 738 740
734 732 730 728
735 737 739 741
735 733 731 729
736 738 740 742
736 734 732 730
737 739 741 743
737 735 733 731
738 740 742 744
738 736 734 732
739 741 743 745
739 737 735 733
740 742 744 746
740 738 736 734
741 743 745 747
741 739 737 735
742 744 746 748
742 740 738 736
743 745 747 749
743 741 739 737
744 746 748 750
744 742 740 738
745 747 749 751
745 743 741 739
746 748 750 752
746 744 742 740
747 749 751 753
747 745 743 741
748 750 752 754
748 746 744 742
749 751 753 755
749 747 745 743
750 752 754 756
750 748 746 744
751 753 755 757
751 749 747 745
752 754 756 758
752 750 748 746
753 755 757 759
753 751 749 747
754 756 758 760
754 752 750 748
755 757 759 761
755 753 751 749
756 758 760 762
756 754 752 750
757 759 761 763
757 755 753 751
758 760 762 764
758 756 754 752
759 761 763 765
759 757 755 753
760 762 764 766
760 758 756 754
761 763 765 767
761 759 757 755
762 764 766 768
762 760 758 756
763 765 767 769
763 761 759 757
764 766 768 770
764 762 760 758
765 767 769 771
765 763 761 759
766 768 770 772
766 764 762 760
767 769 771 773
767 765 763 761
768 770 772 774
768 766 764 762
769 771 773 775
769 767 765 763
770 772 774 776
770 768 766 764
771 773 775 777
771 769 767 765
772 774 776 778
772 770 768 766
773 775 777 779
773 771 769 767
774 776 778 780
774 772 770 768
775 777 779 781
775 773 771 769
776 778 780 782
776 774 772 770
777 779 781 783
777 775 773 771
778 780 782 784
778 776 774 772
779 781 783 785
779 777 775 773
780 782 784 786
780 778 776 774
781 783 785 787
781 779 777 775
782 784 786 788
782 780 778 776
783 785 787 789
783 781 779 777
784 786 788 790
784 782 780 778
785 787 789 791
785 783 781 779
786 788 790 792
786 784 782 780
787 789 791 793
787 785 783 781
788 790 792 794
788 786 784 782
789 791 793 795
789 787 785 783
790 792 794 796
790 788 786 784
791 793 795 797
791 789 787 785
792 794 796 798
792 790 788 786
793 795 797 799
793 791 789 787
794 796 798 800
794 792 790 788
795 797 799 801
795 793 791 789
796 798 800 802
796 794 792 790
797 799 801 803
797 795 793 791
798 800 802 804
798 796 794 792
799 801 803 805
799 797 795 793
800 802 804 806
800 798 796 794
801 803 805 807
801 799 797 795
802 804 806 808
802 800 798 796
803 805 807 809
803 801 799 797
804 806 808 810
804 802 800 798
805 807 809 811
805 803 801 799
806 808 810 812
806 804 802 800
807 809 811 813
807 805 803 801
808 810 812 814
808 806 804 802
809 811 813 815
809 807 805 803
810 812 814 816
810 808 806 804
811 813 815 817
811 809 807 805
812 814 816 818
812 810 808 806
813 815 817 819
813 811 809 807
814 816 818 820
814 812 810 808
815 817 819 821
815 813 811 809
816 818 820 822
816 814 812 810
817 819 821 823
817 815 813 811
818 820 822 824
818 816 814 812
819 821 823 825
819 817 815 813
820 822 824 826
820 818 816 814
821 823 825 827
821 819 817 815
822 824 826 828
822 820 818 816
823 825 827 829
823 821 819 817
824 826 828 830
824 822 820 818
825 827 829 831
825 823 821 819
826 828 830 832
826 824 822 820
827 829 831 833
827 825 823 821
828 830 832 834
828 826 824 822
829 831 833 835
829 827 825 823
830 832 834 836
830 828 826 824
831 833 835 837
831 829 827 825
832 834 836 838
832 830 828 826
833 835 837 839
833 831 829 827
834 836 838 840
834 832 830 828
835 837 839 841
835 833 831 829
836 838 840 842
836 834 832 830
837 839 841 843
837 835 833 831
838 840 842 844
838 836 834 832
839 841 843 845
839 837 835 833
840 842 844 846
840 838 836 834
841 843 845 847
841 839 837 835
842 844 846 848
842 840 838 836
843 845 847 849
843 841 839 837
844 846 848 850
844 842 840 838
845 847 849 851
845 843 841 839
846 848 850 852
846 844 842 840
847 849 851 853
847 845 843 841
848 850 852 854
848 846 844 842
849 851 853 855
849 847 845 843
850 852 854 856
850 848 846 844
851 853 855 857
851 849 847 845
852 854 856 858
852 850 848 846
853 855 857 859
853 851 849 847
854 856 858 860
854 852 850 848
855 857 859 861
855 853 851 849
856 858 860 862
856 854 852 850
857 859 861 863
857 855 853 851
858 860 862 864
858 856 854 852
859 861 863 865
859 857 855 853
860 862 864 866
860 858 856 854
861 863 865 867
861 859 857 855
862 864 866 868
862 860 858 856
863 865 867 869
863 861 859 857
864 866 868 870
864 862 860 858
865 867 869 871
865 863 861 859
866 868 870 872
866 864 862 860
867 869 871 873
867 865 863 861
868 870 872 874
868 866 864 862
869 871 873 875
869 867 865 863
870 872 874 876
870 868 866 864
871 873 875 877
871 869 867 865
872 874 876 878
872 870 868 866
873 875 877 879
873 871 869 867
874 876 878 880
874 872 870 868
875 877 879 881
875 873 871 869
876 878 880 882
876 874 872 870
877 879 881 883
877 875 873 871
878 880 882 884
878 876 874 872
879 881 883 885
879 877 875 873
880 882 884 886
880 878 876 874
881 883 885 887
881 879 877 875
882 884 886 888
882 880 878 876
883 885 887 889
883 881 879 877
884 886 888 890
884 882 880 878
885 887 889 891
885 883 881 879
886 888 890 892
886 884 882 880
887 889 891 893
887 885 883 881
888 890 892 894
888 886 884 882
889 891 893 895
889 887 885 883
890 892 894 896
890 888 886 884
891 893 895 897
891 889 887 885
892 894 896 898
892 890 888 886
893 895 897 899
893 891 889 887
894 896 898 900
894 892 890 888
895 897 899 901
895 893 891 889
896 898 900 902
896 894 892 890
897 899 901 903
897 895 893 891
898 900 902 904
898 896 894 892
899 901 903 905
899 897 895 893
900 902 904 906
900 898 896 894
901 903 905 907
901 899 897 895
902 904 906 908
902 900 898 896
903 905 907 909
903 901 899 897
904 906 908 910
904 902 900 898
905 907 909 911
905 903 901 899
906 908 910 912
906 904 902 900
907 909 911 913
907 905 903 901
908 910 912 914
908 906 904 902
909 911 913 915
909 907 905 903
910 912 914 916
910 908 906 904
911 913 915 917
911 909 907 905
912 914 916 918
912 910 908 906
913 915 917 919
913 911 909 907
914 916 918 920
914 912 910 908
915 917 919 921
915 913 911 909
916 918 920 922
916 914 912 910
917 919 921 923
917 915 913 911
918 920 922 924
918 916 914 912
919 921 923 925
919 917 915 913
920 922 924 926
920 918 916 914
921 923 925 927
921 919 917 915
922 924 926 928
922 920 918 916
923 925 927 929
923 921 919 917
924 926 928 930
924 922 920 918
925 927 929 931
925 923 921 919
926 928 930 932
926 924 922 920
927 929 931 933
927 925 923 921
928 930 932 934
928 926 924 922
929 931 933 935
929 927 925 923
930 932 934 936
930 928 926 924
931 933 935 937
931 929 927 925
932 934 936 938
932 930 928 926
933 935 937 939
933 931 929 927
934 936 938 940
934 932 930 928
935 937 939 941
935 933 931 929
936 938 940 942
936 934 932 930
937 939 941 943
937 935 933 931
938 940 942 944
938 936 934 932
939 941 943 945
939 937 935 933
940 942 944 946
940 938 936 934
941 943 945 947
941 939 937 935
942 944 946 948
942 940 938 936
943 945 947 949
943 941 939 937
944 946 948 950
944 942 940 938
945 947 949 951
945 943 941 939
946 948 950 952
946 944 942 940
947 949 951 953
947 945 943 941
948 950 952 954
948 946 944 942
949 951 953 955
949 947 945 943
950 952 954 956
950 948 946 944
951 953 955 957
951 949 947 945
952 954 956 958
952 950 948 946
953 955 957 959
953 951 949 947
954 956 958 960
954 952 950 948
955 957 959 961
955 953 951 949
956 958 960 962
956 954 952 950
957 959 961 963
957 955 953 951
958 960 962 964
958 956 954 952
959 961 963 965
959 957 955 953
960 962 964 966
960 958 956 954
961 963 965 967
961 959 957 955
962 964 966 968
962 960 958 956
963 965 967 969
963 961 959 957
964 966 968 970
964 962 960 958
965 967 969 971
965 963 961 959
966 968 970 972
966 964 962 960
967 969 971 973
967 965 963 961
968 970 972 974
968 966 964 962
969 971 973 975
969 967 965 963
970 972 974 976
970 968 966 964
971 973 975 977
971 969 967 965
972 974 976 978
972 970 968 966
973 975 977 979
973 971 969 967
974 976 978 980
974 972 970 968
975 977 979 981
975 973 971 969
976 978 980 982
976 974 972 970
977 979 981 983
977 975 973 971
978 980 982 984
978 976 974 972
979 981 983 985
979 977 975 973
980 982 984 986
980 978 976 974
981 983 985 987
981 979 977 975
982 984 986 988
982 980 978 976
983 985 987 989
983 981 979 977
984 986 988 990
984 982 980 978
985 987 989 991
985 983 981 979
986 988 990 992
986 984 982 980
987 989 991 993
987 985 983 981
988 990 992 994
988 986 984 982
989 991 993 995
989 987 985 983
990 992 994 996
990 988 986 984
991 993 995 997
991 989 987 985
992 994 996 998
992 990 988 986
993 995 997 999
993 991 989 987
994 996 998 1000
994 992 990 988
995 997 999 1001
995 993 991 989
996 998 1000 1002
996 994 992 990
997 999 1001 1003
997 995 993 991
998 1000 1002 1004
998 996 994 992
999 1001 1003 1005
999 997 995 993
1000 1002 1004 1006
1000 998 996 994
1001 1003 1005 1007
1001 999 997 995
1002 1004 1006 1008
1002 1000 998 996
1003 1005 1007 1009
1003 1001 999 997
1004 1006 1008 1010
1004 1002 1000 998
1005 1007 1009 1011
1005 1003 1001 999
1006 1008 1010 1012
1006 1004 1002 1000
1007 1009 1011 1013
1007 1005 1003 1001
1008 1010 1012 1014
1008 1006 1004 1002
1009 1011 1013 1015
1009 1007 1005 1003
1010 1012 1014 1016
1010 1008 1006 1004
1011 1013 1015 1017
1011 1009 1007 1005
1012 1014 1016 1018
1012 1010 1008 1006
1013 1015 1017 1019
1013 1011 1009 1007
1014 1016 1018 1020
1014 1012 1010 1008
1015 1017 1019 1021
1015 1013 1011 1009
1016 1018 1020 1022
1016 1014 1012 1010
1017 1019 1021 1023
1017 1015 1013 1011
1018 1020 1022 1024
1018 1016 1014 1012
1019 1021 1023 1025
1019 1017 1015 1013
1020 1022 1024 1026
1020 1018 1016 1014
1021 1023 1025 1027
1021 1019 1017 1015
1022 1024 1026 1028
1022 1020 1018 1016
1023 1025 1027 1029
1023 1021 1019 1017
1024 1026 1028 1030
1024 1022 1020 1018
1025 1027 1029 1031
1025 1023 1021 1019
1026 1028 1030 1032
1026 1024 1022 1020
1027 1029 1031 1033
1027 1025 1023 1021
1028 1030 1032 1034
1028 1026 1024 1022
1029 1031 1033 1035
1029 1027 1025 1023
1030 1032 1034 1036
1030 1028 1026 1024
1031 1033 1035 1037
1031 1029 1027 1025
1032 1034 1036 1038
1032 1030 1028 1026
1033 1035 1037 1039
1033 1031 1029 1027
1034 1036 1038 1040
1034 1032 1030 1028
1035 1037 1039 1041
1035 1033 1031 1029
1036 1038 1040 1042
1036 1034 1032 1030
1037 1039 1041 1043
1037 1035 1033 1031
1038 1040 1042 1044
1038 1036 1034 1032
1039 1041 1043 1045
1039 1037 1035 1033
1040 1042 1044 1046
1040 1038 1036 1034
1041 1043 1045 1047
1041 1039 1037 1035
1042 1044 1046 1048
1042 1040 1038 1036
1043 1045 1047 1049
1043 1041 1039 1037
1044 1046 1048 1050
1044 1042 1040 1038
1045 1047 1049 1051
1045 1043 1041 1039
1046 1048 1050 1052
1046 1044 1042 1040
1047 1049 1051 1053
1047 1045 1043 1041
1048 1050 1052 1054
1048 1046 1044 1042
1049 1051 1053 1055
1049 1047 1045 1043
1050 1052 1054 1056
1050 1048 1046 1044
1051 1053 1055 1057
1051 1049 1047 1045
1052 1054 1056 1058
1052 1050 1048 1046
1053 1055 1057 1059
1053 1051 1049 1047
1054 1056 1058 1060
1054 1052 1050 1048
1055 1057 1059 1061
1055 1053 1051 1049
1056 1058 1060 1062
1056 1054 1052 1050
1057 1059 1061 1063
1057 1055 1053 1051
1058 1060 1062 1064
1058 1056 1054 1052
1059 1061 1063 1065
1059 1057 1055 1053
1060 1062 1064 1066
1060 1058 1056 1054
1061 1063 1065 1067
1061 1059 1057 1055
1062 1064 1066 1068
1062 1060 1058 1056
1063 1065 1067 1069
1063 1061 1059 1057
1064 1066 1068 1070
1064 1062 1060 1058
1065 1067 1069 1071
1065 1063 1061 1059
1066 1068 1070 1072
1066 1064 1062 1060
1067 1069 1071 1073
1067 1065 1063 1061
1068 1070 1072 1074
1068 1066 1064 1062
1069 1071 1073 1075
1069 1067 1065 1063
1070 1072 1074 1076
1070 1068 1066 1064
1071 1073 1075 1077
1071 1069 1067 1065
1072 1074 1076 1078
1072 1070 1068 1066
1073 1075 1077 1079
1073 1071 1069 1067
1074 1076 1078 1080
1074 1072 1070 1068
1075 1077 1079 1081
1075 1073 1071 1069
1076 1078 1080 1082
1076 1074 1072 1070
1077 1079 1081 1083
1077 1075 1073 1071
1078 1080 1082 1084
1078 1076 1074 1072
1079 1081 1083 1085
1079 1077 1075 1073
1080 1082 1084 1086
1080 1078 1076 1074
1081 1083 1085 1087
1081 1079 1077 1075
1082 1084 1086 1088
1082 1080 1078 1076
1083 1085 1087 1089
1083 1081 1079 1077
1084 1086 1088 1090
1084 1082 1080 1078
1085 1087 1089 1091
1085 1083 1081 1079
1086 1088 1090 1092
1086 1084 1082 1080
1087 1089 1091 1093
1087 1085 1083 1081
1088 1090 1092 1094
1088 1086 1084 1082
1089 1091 1093 1095
1089 1087 1085 1083
1090 1092 1094 1096
1090 1088 1086 1084
1091 1093 1095 1097
1091 1089 1087 1085
1092 1094 1096 1098
1092 1090 1088 1086
1093 1095 1097 1099
1093 1091 1089 1087
1094 1096 1098 1100
1094 1092 1090 1088
1095 1097 1099 1101
1095 1093 1091 1089
1096 1098 1100 1102
1096 1094 1092 1090
1097 1099 1101 1103
1097 1095 1093 1091
1098 1100 1102 1104
1098 1096 1094 1092
1099 1101 1103 1105
1099 1097 1095 1093
1100 1102 1104 1106
1100 1098 1096 1094
1101 1103 1105 1107
1101 1099 1097 1095
1102 1104 1106 1108
1102 1100 1098 1096
1103 1105 1107 1109
1103 1101 1099 1097
1104 1106 1108 1110
1104 1102 1100 1098
1105 1107 1109 1111
1105 1103 1101 1099
1106 1108 1110 1112
1106 1104 1102 1100
1107 1109 1111 1113
1107 1105 1103 1101
1108 1110 1112 1114
1108 1106 1104 1102
1109 1111 1113 1115
1109 1107 1105 1103
1110 1112 1114 1116
1110 1108 1106 1104
1111 1113 1115 1117
1111 1109 1107 1105
1112 1114 1116 1118
1112 1110 1108 1106
1113 1115 1117 1119
1113 1111 1109 1107
1114 1116 1118 1120
1114 1112 1110 1108
1115 1117 1119 1121
1115 1113 1111 1109
1116 1118 1120 1123
1116 1114 1112 1110
1117 1119 1121 1122
1117 1115 1113 1111
1118 1120 1123 1125
1118 1116 1114 1112
1119 1121 1122 1124
1119 1117 1115 1113
1120 1123 1125 1127
1120 1118 1116 1114
1121 1122 1124 1126
1121 1119 1117 1115
1122 1124 1126 1128
1122 1121 1119 1117
1123 1125 1127 1129
1123 1120 1118 1116
1124 1126 1128 1130
1124 1122 1121 1119
1125 1127 1129 1131
1125 1123 1120 1118
1126 1128 1130 1132
1126 1124 1122 1121
1127 1129 1131 1133
1127 1125 1123 1120
1128 1130 1132 1134
1128 1126 1124 1122
1129 1131 1133 1135
1129 1127 1125 1123
1130 1132 1134 1136
1130 1128 1126 1124
1131 1133 1135 1137
1131 1129 1127 1125
1132 1134 1136 1138
1132 1130 1128 1126
1133 1135 1137 1139
1133 1131 1129 1127
1134 1136 1138 1140
1134 1132 1130 1128
1135 1137 1139 1141
1135 1133 1131 1129
1136 1138 1140 1142
1136 1134 1132 1130
1137 1139 1141 1143
1137 1135 1133 1131
1138 1140 1142 1144
1138 1136 1134 1132
1139 1141 1143 1145
1139 1137 1135 1133
1140 1142 1144 1146
1140 1138 1136 1134
1141 1143 1145 1147
1141 1139 1137 1135
1142 1144 1146 1148
1142 1140 1138 1136
1143 1145 1147 1149
1143 1141 1139 1137
1144 1146 1148 1150
1144 1142 1140 1138
1145 1147 1149 1151
1145 1143 1141 1139
1146 1148 1150 1152
1146 1144 1142 1140
1147 1149 1151 1153
1147 1145 1143 1141
1148 1150 1152 1154
1148 1146 1144 1142
1149 1151 1153 1156
1149 1147 1145 1143
1150 1152 1154 1155
1150 1148 1146 1144
1151 1153 1156 1158
1151 1149 1147 1145
1152 1154 1155 1157
1152 1150 1148 1146
1153 1156 1158 1160
1153 1151 1149 1147
1154 1155 1157 1159
1154 1152 1150 1148
1155 1157 1159 1161
1155 1154 1152 1150
1156 1158 1160 1163
1156 1153 1151 1149
1157 1159 1161 1162
1157 1155 1154 1152
1158 1160 1163 1166
1158 1156 1153 1151
1159 1161 1162 1164
1159 1157 1155 1154
1160 1163 1166 1165
1160 1158 1156 1153
1161 1162 1164 1167
1161 1159 1157 1155
1162 1164 1167 1169
1162 1161 1159 1157
1163 1166 1165 1168
1163 1160 1158 1156
1164 1167 1169 1171
1164 1162 1161 1159
1165 1168 1170 1172
1165 1166 1163 1160
1166 1165 1168 1170
1166 1163 1160 1158
1167 1169 1171 1173
1167 1164 1162 1161
1168 1170 1172 1175
1168 1165 1166 1163
1169 1171 1173 1174
1169 1167 1164 1162
1170 1172 1175 1177
1170 1168 1165 1166
1171 1173 1174 1176
1171 1169 1167 1164
1172 1175 1177 1180
1172 1170 1168 1165
1173 1174 1176 1178
1173 1171 1169 1167
1174 1176 1178 1179
1174 1173 1171 1169
1175 1177 1180 1182
1175 1172 1170 1168
1176 1178 1179 1181
1176 1174 1173 1171
1177 1180 1182 1185
1177 1175 1172 1170
1178 1179 1181 1183
1178 1176 1174 1173
1179 1181 1183 1184
1179 1178 1176 1174
1180 1182 1185 1187
1180 1177 1175 1172
1181 1183 1184 1186
1181 1179 1178 1176
1182 1185 1187 1189
1182 1180 1177 1175
1183 1184 1186 1188
1183 1181 1179 1178
1184 1186 1188 1190
1184 1183 1181 1179
1185 1187 1189 1192
1185 1182 1180 1177
1186 1188 1190 1191
1186 1184 1183 1181
1187 1189 1192 1196
1187 1185 1182 1180
1188 1190 1191 1193
1188 1186 1184 1183
1189 1192 1196 1195
1189 1187 1185 1182
1190 1191 1193 1194
1190 1188 1186 1184
1191 1193 1194 1197
1191 1190 1188 1186
1192 1196 1195 1199
1192 1189 1187 1185
1193 1194 1197 1198
1193 1191 1190 1188
1194 1197 1198 1200
1194 1193 1191 1190
1195 1199 1202 1205
1195 1196 1192 1189
1196 1195 1199 1202
1196 1192 1189 1187
1197 1198 1200 1201
1197 1194 1193 1191
1198 1200 1201 1203
1198 1197 1194 1193
1199 1202 1205 1208
1199 1195 1196 1192
1200 1201 1203 1204
1200 1198 1197 1194
1201 1203 1204 1206
1201 1200 1198 1197
1202 1205 1208 1211
1202 1199 1195 1196
1203 1204 1206 1207
1203 1201 1200 1198
1204 1206 1207 1209
1204 1203 1201 1200
1205 1208 1211 1214
1205 1202 1199 1195
1206 1207 1209 1210
1206 1204 1203 1201
1207 1209 1210 1212
1207 1206 1204 1203
1208 1211 1214 1217
1208 1205 1202 1199
1209 1210 1212 1213
1209 1207 1206 1204
1210 1212 1213 1215
1210 1209 1207 1206
1211 1214 1217 1220
1211 1208 1205 1202
1212 1213 1215 1216
1212 1210 1209 1207
1213 1215 1216 1218
1213 1212 1210 1209
1214 1217 1220 1223
1214 1211 1208 1205
1215 1216 1218 1219
1215 1213 1212 1210
1216 1218 1219 1221
1216 1215 1213 1212
1217 1220 1223 1226
1217 1214 1211 1208
1218 1219 1221 1222
1218 1216 1215 1213
1219 1221 1222 1224
1219 1218 1216 1215
1220 1223 1226 1229
1220 1217 1214 1211
1221 1222 1224 1225
1221 1219 1218 1216
1222 1224 1225 1227
1222 1221 1219 1218
1223 1226 1229 1233
1223 1220 1217 1214
1224 1225 1227 1228
1224 1222 1221 1219
1225 1227 1228 1230
1225 1224 1222 1221
1226 1229 1233 1232
1226 1223 1220 1217
1227 1228 1230 1231
1227 1225 1224 1222
1228 1230 1231 1234
1228 1227 1225 1224
1229 1233 1232 1235
1229 1226 1223 1220
1230 1231 1234 1236
1230 1228 1227 1225
1231 1234 1236 1237
1231 1230 1228 1227
1232 1235 1238 1241
1232 1233 1229 1226
1233 1232 1235 1238
1233 1229 1226 1223
1234 1236 1237 1239
1234 1231 1230 1228
1235 1238 1241 1244
1235 1232 1233 1229
1236 1237 1239 1240
1236 1234 1231 1230
1237 1239 1240 1242
1237 1236 1234 1231
1238 1241 1244 1247
1238 1235 1232 1233
1239 1240 1242 1243
1239 1237 1236 1234
1240 1242 1243 1245
1240 1239 1237 1236
1241 1244 1247 1250
1241 1238 1235 1232
1242 1243 1245 1246
1242 1240 1239 1237
1243 1245 1246 1248
1243 1242 1240 1239
1244 1247 1250 1253
1244 1241 1238 1235
1245 1246 1248 1249
1245 1243 1242 1240
1246 1248 1249 1251
1246 1245 1243 1242
1247 1250 1253 1256
1247 1244 1241 1238
1248 1249 1251 1252
1248 1246 1245 1243
1249 1251 1252 1254
1249 1248 1246 1245
1250 1253 1256 1259
1250 1247 1244 1241
1251 1252 1254 1255
1251 1249 1248 1246
1252 1254 1255 1257
1252 1251 1249 1248
1253 1256 1259 1262
1253 1250 1247 1244
1254 1255 1257 1258
1254 1252 1251 1249
1255 1257 1258 1260
1255 1254 1252 1251
1256 1259 1262 1265
1256 1253 1250 1247
1257 1258 1260 1261
1257 1255 1254 1252
1258 1260 1261 1263
1258 1257 1255 1254
1259 1262 1265 1269
1259 1256 1253 1250
1260 1261 1263 1264
1260 1258 1257 1255
1261 1263 1264 1266
1261 1260 1258 1257
1262 1265 1269 1268
1262 1259 1256 1253
1263 1264 1266 1267
1263 1261 1260 1258
1264 1266 1267 1270
1264 1263 1261 1260
1265 1269 1268 1272
1265 1262 1259 1256
1266 1267 1270 1271
1266 1264 1263 1261
1267 1270 1271 1273
1267 1266 1264 1263
1268 1272 1275 1278
1268 1269 1265 1262
1269 1268 1272 1275
1269 1265 1262 1259
1270 1271 1273 1274
1270 1267 1266 1264
1271 1273 1274 1276
1271 1270 1267 1266
1272 1275 1278 1281
1272 1268 1269 1265
1273 1274 1276 1277
1273 1271 1270 1267
1274 1276 1277 1279
1274 1273 1271 1270
1275 1278 1281 1284
1275 1272 1268 1269
1276 1277 1279 1280
1276 1274 1273 1271
1277 1279 1280 1282
1277 1276 1274 1273
1278 1281 1284 1287
1278 1275 1272 1268
1279 1280 1282 1283
1279 1277 1276 1274
1280 1282 1283 1285
1280 1279 1277 1276
1281 1284 1287 1290
1281 1278 1275 1272
1282 1283 1285 1286
1282 1280 1279 1277
1283 1285 1286 1288
1283 1282 1280 1279
1284 1287 1290 1315
1284 1281 1278 1275
1285 1286 1288 1289
1285 1283 1282 1280
1286 1288 1289 1291
1286 1285 1283 1282
1287 1290 1315 1314
1287 1284 1281 1278
1288 1289 1291 1292
1288 1286 1285 1283
1289 1291 1292 1293
1289 1288 1286 1285
1290 1315 1314 1396
1290 1287 1284 1281
1291 1292 1293 1294
1291 1289 1288 1286
1292 1293 1294 1295
1292 1291 1289 1288
1293 1294 1295 1296
1293 1292 1291 1289
1294 1295 1296 1297
1294 1293 1292 1291
1295 1296 1297 1298
1295 1294 1293 1292
1296 1297 1298 1299
1296 1295 1294 1293
1297 1298 1299 1300
1297 1296 1295 1294
1298 1299 1300 1301
1298 1297 1296 1295
1299 1300 1301 1302
1299 1298 1297 1296
1300 1301 1302 1303
1300 1299 1298 1297
1301 1302 1303 1304
1301 1300 1299 1298
1302 1303 1304 1305
1302 1301 1300 1299
1303 1304 1305 1306
1303 1302 1301 1300
1304 1305 1306 1307
1304 1303 1302 1301
1305 1306 1307 1308
1305 1304 1303 1302
1306 1307 1308 1309
1306 1305 1304 1303
1307 1308 1309 1310
1307 1306 1305 1304
1308 1309 1310 1311
1308 1307 1306 1305
1309 1310 1311 1312
1309 1308 1307 1306
1310 1311 1312 1313
1310 1309 1308 1307
1311 1312 1313 1316
1311 1310 1309 1308
1312 1313 1316 1317
1312 1311 1310 1309
1313 1316 1317 1318
1313 1312 1311 1310
1314 1396 1395 1425
1314 1315 1290 1287
1315 1314 1396 1395
1315 1290 1287 1284
1316 1317 1318 1319
1316 1313 1312 1311
1317 1318 1319 1320
1317 1316 1313 1312
1318 1319 1320 1321
1318 1317 1316 1313
1319 1320 1321 1322
1319 1318 1317 1316
1320 1321 1322 1323
1320 1319 1318 1317
1321 1322 1323 1324
1321 1320 1319 1318
1322 1323 1324 1325
1322 1321 1320 1319
1323 1324 1325 1326
1323 1322 1321 1320
1324 1325 1326 1327
1324 1323 1322 1321
1325 1326 1327 1328
1325 1324 1323 1322
1326 1327 1328 1329
1326 1325 1324 1323
1327 1328 1329 1330
1327 1326 1325 1324
1328 1329 1330 1331
1328 1327 1326 1325
1329 1330 1331 1332
1329 1328 1327 1326
1330 1331 1332 1333
1330 1329 1328 1327
1331 1332 1333 1334
1331 1330 1329 1328
1332 1333 1334 1335
1332 1331 1330 1329
1333 1334 1335 1336
1333 1332 1331 1330
1334 1335 1336 1337
1334 1333 1332 1331
1335 1336 1337 1338
1335 1334 1333 1332
1336 1337 1338 1339
1336 1335 1334 1333
1337 1338 1339 1340
1337 1336 1335 1334
1338 1339 1340 1341
1338 1337 1336 1335
1339 1340 1341 1342
1339 1338 1337 1336
1340 1341 1342 1343
1340 1339 1338 1337
1341 1342 1343 1344
1341 1340 1339 1338
1342 1343 1344 1345
1342 1341 1340 1339
1343 1344 1345 1346
1343 1342 1341 1340
1344 1345 1346 1347
1344 1343 1342 1341
1345 1346 1347 1348
1345 1344 1343 1342
1346 1347 1348 1349
1346 1345 1344 1343
1347 1348 1349 1350
1347 1346 1345 1344
1348 1349 1350 1351
1348 1347 1346 1345
1349 1350 1351 1352
1349 1348 1347 1346
1350 1351 1352 1353
1350 1349 1348 1347
1351 1352 1353 1354
1351 1350 1349 1348
1352 1353 1354 1355
1352 1351 1350 1349
1353 1354 1355 1356
1353 1352 1351 1350
1354 1355 1356 1357
1354 1353 1352 1351
1355 1356 1357 1358
1355 1354 1353 1352
1356 1357 1358 1359
1356 1355 1354 1353
1357 1358 1359 1360
1357 1356 1355 1354
1358 1359 1360 1361
1358 1357 1356 1355
1359 1360 1361 1362
1359 1358 1357 1356
1360 1361 1362 1363
1360 1359 1358 1357
1361 1362 1363 1364
1361 1360 1359 1358
1362 1363 1364 1365
1362 1361 1360 1359
1363 1364 1365 1366
1363 1362 1361 1360
1364 1365 1366 1367
1364 1363 1362 1361
1365 1366 1367 1368
1365 1364 1363 1362
1366 1367 1368 1369
1366 1365 1364 1363
1367 1368 1369 1370
1367 1366 1365 1364
1368 1369 1370 1371
1368 1367 1366 1365
1369 1370 1371 1372
1369 1368 1367 1366
1370 1371 1372 1373
1370 1369 1368 1367
1371 1372 1373 1374
1371 1370 1369 1368
1372 1373 1374 1375
1372 1371 1370 1369
1373 1374 1375 1376
1373 1372 1371 1370
1374 1375 1376 1377
1374 1373 1372 1371
1375 1376 1377 1378
1375 1374 1373 1372
1376 1377 1378 1379
1376 1375 1374 1373
1377 1378 1379 1380
1377 1376 1375 1374
1378 1379 1380 1381
1378 1377 1376 1375
1379 1380 1381 1382
1379 1378 1377 1376
1380 1381 1382 1383
1380 1379 1378 1377
1381 1382 1383 1384
1381 1380 1379 1378
1382 1383 1384 1385
1382 1381 1380 1379
1383 1384 1385 1386
1383 1382 1381 1380
1384 1385 1386 1387
1384 1383 1382 1381
1385 1386 1387 1388
1385 1384 1383 1382
1386 1387 1388 1389
1386 1385 1384 1383
1387 1388 1389 1390
1387 1386 1385 1384
1388 1389 1390 1391
1388 1387 1386 1385
1389 1390 1391 1392
1389 1388 1387 1386
1390 1391 1392 1393
1390 1389 1388 1387
1391 1392 1393 1394
1391 1390 1389 1388
1392 1393 1394 1397
1392 1391 1390 1389
1393 1394 1397 1398
1393 1392 1391 1390
1394 1397 1398 1399
1394 1393 1392 1391
1395 1425 1424 1423
1395 1396 1314 1315
1396 1395 1425 1424
1396 1314 1315 1290
1397 1398 1399 1400
1397 1394 1393 1392
1398 1399 1400 1401
1398 1397 1394 1393
1399 1400 1401 1402
1399 1398 1397 1394
1400 1401 1402 1403
1400 1399 1398 1397
1401 1402 1403 1404
1401 1400 1399 1398
1402 1403 1404 1405
1402 1401 1400 1399
1403 1404 1405 1406
1403 1402 1401 1400
1404 1405 1406 1407
1404 1403 1402 1401
1405 1406 1407 1408
1405 1404 1403 1402
1406 1407 1408 1409
1406 1405 1404 1403
1407 1408 1409 1410
1407 1406 1405 1404
1408 1409 1410 1411
1408 1407 1406 1405
1409 1410 1411 1412
1409 1408 1407 1406
1410 1411 1412 1413
1410 1409 1408 1407
1411 1412 1413 1414
1411 1410 1409 1408
1412 1413 1414 1415
1412 1411 1410 1409
1413 1414 1415 1416
1413 1412 1411 1410
1414 1415 1416 1417
1414 1413 1412 1411
1415 1416 1417 1418
1415 1414 1413 1412
1416 1417 1418 1419
1416 1415 1414 1413
1417 1418 1419 1420
1417 1416 1415 1414
1418 1419 1420 1421
1418 1417 1416 1415
1419 1420 1421 1422
1419 1418 1417 1416
1420 1421 1422 1423
1420 1419 1418 1417
1421 1422 1423 1424
1421 1420 1419 1418
1422 1423 1424 1425
1422 1421 1420 1419
1423 1422 1421 1420
1423 1424 1425 1395
1424 1423 1422 1421
1424 1425 1395 1396
1425 1424 1423 1422
1425 1395 1396 1314
