0 66 65 64
0 1 2 3
1 0 66 65
1 2 3 4
2 1 0 66
2 3 4 67
3 4 67 68
3 2 1 0
4 67 68 69
4 3 2 1
5 112 111 110
5 6 7 8
6 5 112 111
6 7 8 9
7 6 5 112
7 8 9 10
8 7 6 5
8 9 10 11
9 8 7 6
9 10 11 12
10 9 8 7
10 11 12 13
11 10 9 8
11 12 13 14
12 11 10 9
12 13 14 15
13 12 11 10
13 14 15 16
14 13 12 11
14 15 16 17
15 14 13 12
15 16 17 18
16 15 14 13
16 17 18 19
17 16 15 14
17 18 19 20
18 17 16 15
18 19 20 21
19 18 17 16
19 20 21 22
20 19 18 17
20 21 22 23
21 20 19 18
21 22 23 24
22 21 20 19
22 23 24 25
23 22 21 20
23 24 25 26
24 23 22 21
24 25 26 27
25 24 23 22
25 26 27 28
26 25 24 23
26 27 28 29
27 26 25 24
27 28 29 30
28 27 26 25
28 29 30 31
29 28 27 26
29 30 31 32
30 29 28 27
30 31 32 33
31 30 29 28
31 32 33 34
32 31 30 29
32 33 34 35
33 32 31 30
33 34 35 36
34 33 32 31
34 35 36 37
35 34 33 32
35 36 37 38
36 35 34 33
36 37 38 39
37 36 35 34
37 38 39 40
38 37 36 35
38 39 40 41
39 38 37 36
39 40 41 42
40 39 38 37
40 41 42 43
41 40 39 38
41 42 43 44
42 41 40 39
42 43 44 45
43 42 41 40
43 44 45 46
44 43 42 41
44 45 46 47
45 44 43 42
45 46 47 48
46 45 44 43
46 47 48 49
47 46 45 44
47 48 49 50
48 47 46 45
48 49 50 51
49 48 47 46
49 50 51 52
50 49 48 47
50 51 52 53
51 50 49 48
51 52 53 54
52 51 50 49
52 53 54 55
53 52 51 50
53 54 55 56
54 53 52 51
54 55 56 57
55 54 53 52
55 56 57 58
56 55 54 53
56 57 58 59
57 56 55 54
57 58 59 60
58 57 56 55
58 59 60 61
59 58 57 56
59 60 61 62
60 59 58 57
60 61 62 63
61 60 59 58
61 62 63 64
62 61 60 59
62 63 64 65
63 62 61 60
63 64 65 66
64 63 62 61
64 65 66 0
65 64 63 62
65 66 0 1
66 65 64 63
66 0 1 2
67 68 69 70
67 4 3 2
68 69 70 113
68 67 4 3
69 70 113 114
69 68 67 4
70 113 114 120
70 69 68 67
71 119 118 117
71 72 73 74
72 71 119 118
72 73 74 75
73 72 71 119
73 74 75 76
74 73 72 71
74 75 76 77
75 74 73 72
75 76 77 78
76 75 74 73
76 77 78 79
77 76 75 74
77 78 79 80
78 77 76 75
78 79 80 81
79 78 77 76
79 80 81 82
80 79 78 77
80 81 82 83
81 80 79 78
81 82 83 84
82 81 80 79
82 83 84 85
83 82 81 80
83 84 85 86
84 83 82 81
84 85 86 87
85 84 83 82
85 86 87 88
86 85 84 83
86 87 88 89
87 86 85 84
87 88 89 90
88 87 86 85
88 89 90 91
89 88 87 86
89 90 91 92
90 89 88 87
90 91 92 93
91 90 89 88
91 92 93 94
92 91 90 89
92 93 94 95
93 92 91 90
93 94 95 96
94 93 92 91
94 95 96 97
95 94 93 92
95 96 97 98
96 95 94 93
96 97 98 99
97 96 95 94
97 98 99 100
98 97 96 95
98 99 100 101
99 98 97 96
99 100 101 102
100 99 98 97
100 101 102 103
101 100 99 98
101 102 103 104
102 101 100 99
102 103 104 105
103 102 101 100
103 104 105 106
104 103 102 101
104 105 106 107
105 104 103 102
105 106 107 108
106 105 104 103
106 107 108 109
107 106 105 104
107 108 109 110
108 107 106 105
108 109 110 111
109 108 107 106
109 110 111 112
110 109 108 107
110 111 112 5
111 110 109 108
111 112 5 6
112 111 110 109
112 5 6 7
113 114 120 121
113 70 69 68
114 120 121 125
114 113 70 69
115 124 123 122
115 116 117 118
116 115 124 123
116 117 118 119
117 116 115 124
117 118 119 71
118 117 116 115
118 119 71 72
119 118 117 116
119 71 72 73
120 121 125 126
120 114 113 70
121 125 126 127
121 120 114 113
122 129 128 134
122 123 124 115
123 122 129 128
123 124 115 116
124 123 122 129
124 115 116 117
125 126 127 130
125 121 120 114
126 127 130 131
126 125 121 120
127 130 131 132
127 126 125 121
128 134 133 139
128 129 122 123
129 128 134 133
129 122 123 124
130 131 132 135
130 127 126 125
131 132 135 136
131 130 127 126
132 135 136 137
132 131 130 127
133 139 138 144
133 134 128 129
134 133 139 138
134 128 129 122
135 136 137 141
135 132 131 130
136 137 141 142
136 135 132 131
137 141 142 147
137 136 135 132
138 144 143 150
138 139 133 134
139 138 144 143
139 133 134 128
140 146 145 152
141 142 147 148
141 137 136 135
142 147 148 153
142 141 137 136
143 150 149 157
143 144 138 139
144 143 150 149
144 138 139 133
144 138 139 151
145 152 159 166
145 146 140 -1
146 145 152 159
147 148 153 154
147 142 141 137
148 153 154 155
148 147 142 141
149 157 156 164
149 150 143 144
150 149 157 156
150 143 144 138
152 159 166 172
152 145 146 140
153 154 155 160
153 148 147 142
154 155 160 161
154 153 148 147
155 160 161 162
155 154 153 148
156 164 163 170
156 157 149 150
157 156 164 163
157 149 150 143
158 165 171 178
159 166 172 179
159 152 145 146
160 161 162 167
160 155 154 153
161 162 167 168
161 160 155 154
162 167 168 173
162 161 160 155
163 170 169 176
163 164 156 157
164 163 170 169
164 156 157 149
165 171 178 177
166 172 179 186
166 159 152 145
167 168 173 174
167 162 161 160
168 173 174 180
168 167 162 161
169 176 175 183
169 170 163 164
170 169 176 175
170 163 164 156
171 178 177 185
171 165 158 -1
172 179 186 194
172 166 159 152
173 174 180 181
173 168 167 162
174 180 181 187
174 173 168 167
175 183 182 191
175 176 169 170
176 175 183 182
176 169 170 163
177 185 184 193
177 178 171 165
178 177 185 184
178 171 165 158
179 186 194 201
179 172 166 159
180 181 187 188
180 174 173 168
181 187 188 189
181 180 174 173
182 191 190 199
182 183 175 176
183 182 191 190
183 175 176 169
184 193 192 200
184 185 177 178
185 184 193 192
185 177 178 171
186 194 201 207
186 179 172 166
187 188 189 195
187 181 180 174
188 189 195 196
188 187 181 180
189 195 196 197
189 188 187 181
190 199 198 205
190 191 182 183
191 190 199 198
191 182 183 175
192 200 206 212
192 193 184 185
193 192 200 206
193 184 185 177
194 201 207 213
194 186 179 172
195 196 197 202
195 189 188 187
196 197 202 203
196 195 189 188
197 202 203 208
197 196 195 189
198 205 204 210
198 199 190 191
199 198 205 204
199 190 191 182
200 206 212 211
200 192 193 184
201 207 213 218
201 194 186 179
202 203 208 209
202 197 196 195
203 208 209 214
203 202 197 196
204 210 216 223
204 205 198 199
205 204 210 216
205 198 199 190
206 212 211 217
206 200 192 193
207 213 218 225
207 201 194 186
208 209 214 215
208 203 202 197
209 214 215 219
209 208 203 202
210 216 223 222
210 204 205 198
211 217 224 231
211 212 206 200
212 211 217 224
212 206 200 192
213 218 225 232
213 207 201 194
214 215 219 220
214 209 208 203
215 219 220 221
215 214 209 208
216 223 222 229
216 210 204 205
217 224 231 230
217 211 212 206
218 225 232 238
218 213 207 201
219 220 221 226
219 215 214 209
220 221 226 227
220 219 215 214
221 226 227 233
221 220 219 215
222 229 228 236
222 223 216 210
223 222 229 228
223 216 210 204
224 231 230 237
224 217 211 212
225 232 238 242
225 218 213 207
226 227 233 234
226 221 220 219
227 233 234 239
227 226 221 220
228 236 235 240
228 229 222 223
229 228 236 235
229 222 223 216
230 237 241 247
230 231 224 217
231 230 237 241
231 224 217 211
232 238 242 248
232 225 218 213
233 234 239 243
233 227 226 221
234 239 243 249
234 233 227 226
235 240 245 244
235 236 228 229
236 235 240 245
236 228 229 222
237 241 247 246
237 230 231 224
238 242 248 253
238 232 225 218
239 243 249 254
239 234 233 227
240 245 244 251
240 235 236 228
241 247 246 252
241 237 230 231
242 248 253 257
242 238 232 225
243 249 254 258
243 239 234 233
244 251 250 255
244 245 240 235
245 244 251 250
245 240 235 236
246 252 256 262
246 247 241 237
247 246 252 256
247 241 237 230
248 253 257 263
248 242 238 232
249 254 258 264
249 243 239 234
250 255 260 259
250 251 244 245
251 250 255 260
251 244 245 240
252 256 262 261
252 246 247 241
253 257 263 267
253 248 242 238
254 258 264 268
254 249 243 239
255 260 259 265
255 250 251 244
256 262 261 266
256 252 246 247
257 263 267 272
257 253 248 242
258 264 268 273
258 254 249 243
259 265 270 269
259 260 255 250
260 259 265 270
260 255 250 251
261 266 271 276
261 262 256 252
262 261 266 271
262 256 252 246
263 267 272 277
263 257 253 248
264 268 273 278
264 258 254 249
265 270 269 274
265 259 260 255
266 271 276 275
266 261 262 256
267 272 277 281
267 263 257 253
268 273 278 282
268 264 258 254
269 274 279 283
269 270 265 259
270 269 274 279
270 265 259 260
271 276 275 280
271 266 261 262
272 277 281 286
272 267 263 257
273 278 282 287
273 268 264 258
274 279 283 289
274 269 270 265
275 280 285 284
275 276 271 266
276 275 280 285
276 271 266 261
277 281 286 291
277 272 267 263
278 282 287 292
278 273 268 264
279 283 289 288
279 274 269 270
280 285 284 290
280 275 276 271
281 286 291 296
281 277 272 267
282 287 292 297
282 278 273 268
283 289 288 293
283 279 274 269
284 290 295 294
284 285 280 275
285 284 290 295
285 280 275 276
286 291 296 301
286 281 277 272
287 292 297 302
287 282 278 273
288 293 299 298
288 289 283 279
289 288 293 299
289 283 279 274
290 295 294 300
290 284 285 280
291 296 301 305
291 286 281 277
292 297 302 306
292 287 282 278
293 299 298 303
293 288 289 283
294 300 304 308
294 295 290 284
295 294 300 304
295 290 284 285
296 301 305 309
296 291 286 281
297 302 306 310
297 292 287 282
298 303 307 311
298 299 293 288
299 298 303 307
299 293 288 289
300 304 308 312
300 294 295 290
301 305 309 313
301 296 291 286
302 306 310 314
302 297 292 287
303 307 311 315
303 298 299 293
304 308 312 317
304 300 294 295
305 309 313 318
305 301 296 291
306 310 314 319
306 302 297 292
307 311 315 320
307 303 298 299
308 312 317 316
308 304 300 294
309 313 318 322
309 305 301 296
310 314 319 323
310 306 302 297
311 315 320 324
311 307 303 298
312 317 316 321
312 308 304 300
313 318 322 327
313 309 305 301
314 319 323 328
314 310 306 302
315 320 324 329
315 311 307 303
316 321 326 325
316 317 312 308
317 316 321 326
317 312 308 304
318 322 327 331
318 313 309 305
319 323 328 332
319 314 310 306
320 324 329 333
320 315 311 307
321 326 325 330
321 316 317 312
322 327 331 336
322 318 313 309
323 328 332 337
323 319 314 310
324 329 333 338
324 320 315 311
325 330 335 334
325 326 321 316
326 325 330 335
326 321 316 317
327 331 336 340
327 322 318 313
328 332 337 341
328 323 319 314
329 333 338 343
329 324 320 315
330 335 334 339
330 325 326 321
331 336 340 346
331 327 322 318
332 337 341 347
332 328 323 319
333 338 343 342
333 329 324 320
334 339 345 344
334 335 330 325
335 334 339 345
335 330 325 326
336 340 346 350
336 331 327 322
337 341 347 351
337 332 328 323
338 343 342 348
338 333 329 324
339 345 344 349
339 334 335 330
340 346 350 355
340 336 331 327
341 347 351 356
341 337 332 328
342 348 352 358
342 343 338 333
343 342 348 352
343 338 333 329
344 349 354 353
344 345 339 334
345 344 349 354
345 339 334 335
346 350 355 360
346 340 336 331
347 351 356 361
347 341 337 332
348 352 358 357
348 342 343 338
349 354 353 359
349 344 345 339
350 355 360 365
350 346 340 336
351 356 361 366
351 347 341 337
352 358 357 362
352 348 342 343
353 359 364 363
353 354 349 344
354 353 359 364
354 349 344 345
355 360 365 369
355 350 346 340
356 361 366 370
356 351 347 341
357 362 367 372
357 358 352 348
358 357 362 367
358 352 348 342
359 364 363 368
359 353 354 349
360 365 369 374
360 355 350 346
361 366 370 375
361 356 351 347
362 367 372 371
362 357 358 352
363 368 373 377
363 364 359 353
364 363 368 373
364 359 353 354
365 369 374 378
365 360 355 350
366 370 375 379
366 361 356 351
367 372 371 376
367 362 357 358
368 373 377 381
368 363 364 359
369 374 378 382
369 365 360 355
370 375 379 383
370 366 361 356
371 376 380 384
371 372 367 362
372 371 376 380
372 367 362 357
373 377 381 386
373 368 363 364
374 378 382 387
374 369 365 360
375 379 383 388
375 370 366 361
376 380 384 389
376 371 372 367
377 381 386 385
377 373 368 363
378 382 387 391
378 374 369 365
379 383 388 392
379 375 370 366
380 384 389 393
380 376 371 372
381 386 385 390
381 377 373 368
382 387 391 395
382 378 374 369
383 388 392 396
383 379 375 370
384 389 393 397
384 380 376 371
385 390 394 398
385 386 381 377
386 385 390 394
386 381 377 373
387 391 395 399
387 382 378 374
388 392 396 400
388 383 379 375
389 393 397 401
389 384 380 376
390 394 398 402
390 385 386 381
391 395 399 403
391 387 382 378
392 396 400 404
392 388 383 379
393 397 401 405
393 389 384 380
394 398 402 406
394 390 385 386
395 399 403 407
395 391 387 382
396 400 404 408
396 392 388 383
397 401 405 409
397 393 389 384
398 402 406 410
398 394 390 385
399 403 407 411
399 395 391 387
400 404 408 412
400 396 392 388
401 405 409 413
401 397 393 389
402 406 410 414
402 398 394 390
403 407 411 415
403 399 395 391
404 408 412 416
404 400 396 392
405 409 413 417
405 401 397 393
406 410 414 418
406 402 398 394
407 411 415 419
407 403 399 395
408 412 416 420
408 404 400 396
409 413 417 421
409 405 401 397
410 414 418 422
410 406 402 398
411 415 419 423
411 407 403 399
412 416 420 424
412 408 404 400
413 417 421 425
413 409 405 401
414 418 422 426
414 410 406 402
415 419 423 427
415 411 407 403
416 420 424 428
416 412 408 404
417 421 425 429
417 413 409 405
418 422 426 430
418 414 410 406
419 423 427 431
419 415 411 407
420 424 428 432
420 416 412 408
421 425 429 433
421 417 413 409
422 426 430 435
422 418 414 410
423 427 431 436
423 419 415 411
424 428 432 437
424 420 416 412
425 429 433 438
425 421 417 413
426 430 435 434
426 422 418 414
427 431 436 440
427 423 419 415
428 432 437 441
428 424 420 416
429 433 438 442
429 425 421 417
430 435 434 439
430 426 422 418
431 436 440 444
431 427 423 419
432 437 441 445
432 428 424 420
433 438 442 446
433 429 425 421
434 439 443 -1
434 435 430 426
435 434 439 443
435 430 426 422
436 440 444 447
436 431 427 423
437 441 445 448
437 432 428 424
438 442 446 449
438 433 429 425
439 434 435 430
440 444 447 450
440 436 431 427
441 445 448 451
441 437 432 428
442 446 449 452
442 438 433 429
443 439 434 435
444 447 450 453
444 440 436 431
445 448 451 454
445 441 437 432
446 449 452 455
446 442 438 433
447 450 453 456
447 444 440 436
448 451 454 457
448 445 441 437
449 452 455 458
449 446 442 438
450 453 456 459
450 447 444 440
451 454 457 460
451 448 445 441
452 455 458 461
452 449 446 442
453 456 459 462
453 450 447 444
454 457 460 463
454 451 448 445
455 458 461 464
455 452 449 446
456 459 462 465
456 453 450 447
457 460 463 466
457 454 451 448
458 461 464 467
458 455 452 449
459 462 465 468
459 456 453 450
460 463 466 469
460 457 454 451
461 464 467 470
461 458 455 452
462 465 468 471
462 459 456 453
463 466 469 472
463 460 457 454
464 467 470 473
464 461 458 455
465 468 471 474
465 462 459 456
466 469 472 475
466 463 460 457
467 470 473 476
467 464 461 458
468 471 474 477
468 465 462 459
469 472 475 478
469 466 463 460
470 473 476 479
470 467 464 461
471 474 477 480
471 468 465 462
472 475 478 481
472 469 466 463
473 476 479 482
473 470 467 464
474 477 480 484
474 471 468 465
475 478 481 485
475 472 469 466
476 479 482 486
476 473 470 467
477 480 484 483
477 474 471 468
478 481 485 488
478 475 472 469
479 482 486 490
479 476 473 470
480 484 483 487
480 477 474 471
481 485 488 492
481 478 475 472
482 486 490 489
482 479 476 473
483 487 491 494
483 484 480 477
484 483 487 491
484 480 477 474
485 488 492 495
485 481 478 475
486 490 489 493
486 482 479 476
487 491 494 497
487 483 484 480
488 492 495 498
488 485 481 478
489 493 496 499
489 490 486 482
490 489 493 496
490 486 482 479
491 494 497 500
491 487 483 484
492 495 498 501
492 488 485 481
493 496 499 502
493 489 490 486
494 497 500 503
494 491 487 483
495 498 501 504
495 492 488 485
496 499 502 505
496 493 489 490
497 500 503 506
497 494 491 487
498 501 504 507
498 495 492 488
499 502 505 509
499 496 493 489
500 503 506 510
500 497 494 491
501 504 507 511
501 498 495 492
502 505 509 508
502 499 496 493
503 506 510 513
503 500 497 494
504 507 511 514
504 501 498 495
505 509 508 512
505 502 499 496
506 510 513 516
506 503 500 497
507 511 514 517
507 504 501 498
508 512 515 518
508 509 505 502
509 508 512 515
509 505 502 499
510 513 516 519
510 506 503 500
511 514 517 520
511 507 504 501
512 515 518 521
512 508 509 505
513 516 519 522
513 510 506 503
514 517 520 523
514 511 507 504
515 518 521 524
515 512 508 509
516 519 522 525
516 513 510 506
517 520 523 526
517 514 511 507
518 521 524 527
518 515 512 508
519 522 525 528
519 516 513 510
520 523 526 529
520 517 514 511
521 524 527 530
521 518 515 512
522 525 528 531
522 519 516 513
523 526 529 532
523 520 517 514
524 527 530 533
524 521 518 515
525 528 531 534
525 522 519 516
526 529 532 535
526 523 520 517
527 530 533 536
527 524 521 518
528 531 534 537
528 525 522 519
529 532 535 538
529 526 523 520
530 533 536 539
530 527 524 521
531 534 537 540
531 528 525 522
532 535 538 541
532 529 526 523
533 536 539 542
533 530 527 524
534 537 540 543
534 531 528 525
535 538 541 544
535 532 529 526
536 539 542 545
536 533 530 527
537 540 543 546
537 534 531 528
538 541 544 547
538 535 532 529
539 542 545 548
539 536 533 530
540 543 546 550
540 537 534 531
541 544 547 551
541 538 535 532
542 545 548 552
542 539 536 533
543 546 550 549
543 540 537 534
544 547 551 554
544 541 538 535
545 548 552 555
545 542 539 536
546 550 549 553
546 543 540 537
547 551 554 557
547 544 541 538
548 552 555 558
548 545 542 539
549 553 556 559
549 550 546 543
550 549 553 556
550 546 543 540
551 554 557 560
551 547 544 541
552 555 558 561
552 548 545 542
553 556 559 562
553 549 550 546
554 557 560 563
554 551 547 544
555 558 561 564
555 552 548 545
556 559 562 565
556 553 549 550
557 560 563 566
557 554 551 547
558 561 564 568
558 555 552 548
559 562 565 569
559 556 553 549
560 563 566 567
560 557 554 551
561 564 568 571
561 558 555 552
562 565 569 572
562 559 556 553
563 566 567 570
563 560 557 554
564 568 571 574
564 561 558 555
565 569 572 575
565 562 559 556
566 567 570 573
566 563 560 557
567 570 573 576
567 566 563 560
568 571 574 577
568 564 561 558
569 572 575 578
569 565 562 559
570 573 576 579
570 567 566 563
571 574 577 580
571 568 564 561
572 575 578 581
572 569 565 562
573 576 579 585
573 570 567 566
574 577 580 586
574 571 568 564
575 578 581 587
575 572 569 565
576 579 585 592
576 573 570 567
577 580 586 593
577 574 571 568
578 581 587 594
578 575 572 569
579 585 592 599
579 576 573 570
580 586 593 600
580 577 574 571
581 587 594 601
581 578 575 572
582 589 588 596
582 583 584 590
583 582 589 588
583 584 590 591
584 590 591 597
584 583 582 589
585 592 599 606
585 579 576 573
586 593 600 607
586 580 577 574
587 594 601 608
587 581 578 575
588 596 595 603
588 589 582 583
589 588 596 595
589 582 583 584
590 591 597 598
590 584 583 582
591 597 598 604
591 590 584 583
592 599 606 611
592 585 579 576
593 600 607 612
593 586 580 577
594 601 608 613
594 587 581 578
595 603 602 609
595 596 588 589
596 595 603 602
596 588 589 582
597 598 604 605
597 591 590 584
598 604 605 610
598 597 591 590
599 606 611 618
599 592 585 579
600 607 612 619
600 593 586 580
601 608 613 620
601 594 587 581
602 609 615 614
602 603 595 596
603 602 609 615
603 595 596 588
604 605 610 616
604 598 597 591
605 610 616 617
605 604 598 597
606 611 618 623
606 599 592 585
607 612 619 624
607 600 593 586
608 613 620 625
608 601 594 587
609 615 614 621
609 602 603 595
610 616 617 622
610 605 604 598
611 618 623 630
611 606 599 592
612 619 624 631
612 607 600 593
613 620 625 632
613 608 601 594
614 621 627 626
614 615 609 602
615 614 621 627
615 609 602 603
616 617 622 628
616 610 605 604
617 622 628 629
617 616 610 605
618 623 630 635
618 611 606 599
619 624 631 636
619 612 607 600
620 625 632 637
620 613 608 601
621 627 626 633
621 614 615 609
622 628 629 634
622 617 616 610
623 630 635 640
623 618 611 606
624 631 636 641
624 619 612 607
625 632 637 642
625 620 613 608
626 633 638 643
626 627 621 614
627 626 633 638
627 621 614 615
628 629 634 639
628 622 617 616
629 634 639 644
629 628 622 617
630 635 640 645
630 623 618 611
631 636 641 646
631 624 619 612
632 637 642 647
632 625 620 613
633 638 643 648
633 626 627 621
634 639 644 649
634 629 628 622
635 640 645 650
635 630 623 618
636 641 646 651
636 631 624 619
637 642 647 652
637 632 625 620
638 643 648 653
638 633 626 627
639 644 649 654
639 634 629 628
640 645 650 655
640 635 630 623
641 646 651 656
641 636 631 624
642 647 652 657
642 637 632 625
643 648 653 658
643 638 633 626
644 649 654 659
644 639 634 629
645 650 655 660
645 640 635 630
646 651 656 661
646 641 636 631
647 652 657 662
647 642 637 632
648 653 658 663
648 643 638 633
649 654 659 664
649 644 639 634
650 655 660 665
650 645 640 635
651 656 661 666
651 646 641 636
652 657 662 667
652 647 642 637
653 658 663 668
653 648 643 638
654 659 664 669
654 649 644 639
655 660 665 670
655 650 645 640
656 661 666 671
656 651 646 641
657 662 667 672
657 652 647 642
658 663 668 673
658 653 648 643
659 664 669 674
659 654 649 644
660 665 670 675
660 655 650 645
661 666 671 676
661 656 651 646
662 667 672 677
662 657 652 647
663 668 673 678
663 658 653 648
664 669 674 679
664 659 654 649
665 670 675 680
665 660 655 650
666 671 676 681
666 661 656 651
667 672 677 682
667 662 657 652
668 673 678 683
668 663 658 653
669 674 679 684
669 664 659 654
670 675 680 685
670 665 660 655
671 676 681 686
671 666 661 656
672 677 682 687
672 667 662 657
673 678 683 688
673 668 663 658
674 679 684 689
674 669 664 659
675 680 685 690
675 670 665 660
676 681 686 691
676 671 666 661
677 682 687 692
677 672 667 662
678 683 688 693
678 673 668 663
679 684 689 694
679 674 669 664
680 685 690 695
680 675 670 665
681 686 691 696
681 676 671 666
682 687 692 697
682 677 672 667
683 688 693 698
683 678 673 668
684 689 694 699
684 679 674 669
685 690 695 700
685 680 675 670
686 691 696 701
686 681 676 671
687 692 697 702
687 682 677 672
688 693 698 703
688 683 678 673
689 694 699 704
689 684 679 674
690 695 700 705
690 685 680 675
691 696 701 706
691 686 681 676
692 697 702 707
692 687 682 677
693 698 703 708
693 688 683 678
694 699 704 709
694 689 684 679
695 700 705 710
695 690 685 680
696 701 706 711
696 691 686 681
697 702 707 712
697 692 687 682
698 703 708 713
698 693 688 683
699 704 709 714
699 694 689 684
700 705 710 715
700 695 690 685
701 706 711 716
701 696 691 686
702 707 712 717
702 697 692 687
703 708 713 718
703 698 693 688
704 709 714 719
704 699 694 689
705 710 715 720
705 700 695 690
706 711 716 721
706 701 696 691
707 712 717 722
707 702 697 692
708 713 718 723
708 703 698 693
709 714 719 724
709 704 699 694
710 715 720 726
710 705 700 695
711 716 721 727
711 706 701 696
712 717 722 728
712 707 702 697
713 718 723 729
713 708 703 698
714 719 724 725
714 709 704 699
715 720 726 731
715 710 705 700
716 721 727 733
716 711 706 701
717 722 728 734
717 712 707 702
718 723 729 735
718 713 708 703
719 724 725 730
719 714 709 704
720 726 731 737
720 715 710 705
721 727 733 732
721 716 711 706
722 728 734 739
722 717 712 707
723 729 735 740
723 718 713 708
724 725 730 736
724 719 714 709
725 730 736 741
725 724 719 714
726 731 737 742
726 720 715 710
727 733 732 738
727 721 716 711
728 734 739 744
728 722 717 712
729 735 740 745
729 723 718 713
730 736 741 746
730 725 724 719
731 737 742 747
731 726 720 715
732 738 743 748
732 733 727 721
733 732 738 743
733 727 721 716
734 739 744 749
734 728 722 717
735 740 745 750
735 729 723 718
736 741 746 751
736 730 725 724
737 742 747 753
737 731 726 720
738 743 748 754
738 732 733 727
739 744 749 755
739 734 728 722
740 745 750 756
740 735 729 723
741 746 751 752
741 736 730 725
742 747 753 758
742 737 731 726
743 748 754 759
743 738 732 733
744 749 755 760
744 739 734 728
745 750 756 761
745 740 735 729
746 751 752 757
746 741 736 730
747 753 758 763
747 742 737 731
748 754 759 764
748 743 738 732
749 755 760 765
749 744 739 734
750 756 761 766
750 745 740 735
751 752 757 762
751 746 741 736
752 757 762 767
752 751 746 741
753 758 763 768
753 747 742 737
754 759 764 769
754 748 743 738
755 760 765 770
755 749 744 739
756 761 766 771
756 750 745 740
757 762 767 772
757 752 751 746
758 763 768 773
758 753 747 742
759 764 769 774
759 754 748 743
760 765 770 775
760 755 749 744
761 766 771 776
761 756 750 745
762 767 772 777
762 757 752 751
763 768 773 778
763 758 753 747
764 769 774 779
764 759 754 748
765 770 775 780
765 760 755 749
766 771 776 781
766 761 756 750
767 772 777 782
767 762 757 752
768 773 778 783
768 763 758 753
769 774 779 784
769 764 759 754
770 775 780 785
770 765 760 755
771 776 781 786
771 766 761 756
772 777 782 787
772 767 762 757
773 778 783 788
773 768 763 758
774 779 784 789
774 769 764 759
775 780 785 790
775 770 765 760
776 781 786 791
776 771 766 761
777 782 787 792
777 772 767 762
778 783 788 793
778 773 768 763
779 784 789 794
779 774 769 764
780 785 790 796
780 775 770 765
781 786 791 797
781 776 771 766
782 787 792 798
782 777 772 767
783 788 793 799
783 778 773 768
784 789 794 800
784 779 774 769
785 790 796 802
785 780 775 770
786 791 797 803
786 781 776 771
787 792 798 804
787 782 777 772
788 793 799 805
788 783 778 773
789 794 800 806
789 784 779 774
790 796 802 808
790 785 780 775
791 797 803 809
791 786 781 776
792 798 804 810
792 787 782 777
793 799 805 811
793 788 783 778
794 800 806 812
794 789 784 779
795 801 807 813
796 802 808 814
796 790 785 780
797 803 809 815
797 791 786 781
798 804 810 816
798 792 787 782
799 805 811 817
799 793 788 783
800 806 812 818
800 794 789 784
801 807 813 819
802 808 814 820
802 796 790 785
803 809 815 821
803 797 791 786
804 810 816 822
804 798 792 787
805 811 817 823
805 799 793 788
806 812 818 825
806 800 794 789
807 813 819 826
807 801 795 -1
808 814 820 827
808 802 796 790
809 815 821 828
809 803 797 791
810 816 822 829
810 804 798 792
811 817 823 824
811 805 799 793
812 818 825 831
812 806 800 794
813 819 826 832
813 807 801 795
814 820 827 833
814 808 802 796
815 821 828 834
815 809 803 797
816 822 829 835
816 810 804 798
817 823 824 830
817 811 805 799
818 825 831 837
818 812 806 800
819 826 832 838
819 813 807 801
820 827 833 839
820 814 808 802
821 828 834 840
821 815 809 803
822 829 835 841
822 816 810 804
823 824 830 836
823 817 811 805
824 830 836 842
824 823 817 811
825 831 837 843
825 818 812 806
826 832 838 844
826 819 813 807
827 833 839 845
827 820 814 808
828 834 840 846
828 821 815 809
829 835 841 847
829 822 816 810
830 836 842 848
830 824 823 817
831 837 843 849
831 825 818 812
832 838 844 850
832 826 819 813
833 839 845 851
833 827 820 814
834 840 846 852
834 828 821 815
835 841 847 853
835 829 822 816
836 842 848 854
836 830 824 823
837 843 849 855
837 831 825 818
838 844 850 856
838 832 826 819
839 845 851 857
839 833 827 820
840 846 852 858
840 834 828 821
841 847 853 859
841 835 829 822
842 848 854 860
842 836 830 824
843 849 855 861
843 837 831 825
844 850 856 862
844 838 832 826
845 851 857 863
845 839 833 827
846 852 858 864
846 840 834 828
847 853 859 865
847 841 835 829
848 854 860 866
848 842 836 830
849 855 861 867
849 843 837 831
850 856 862 868
850 844 838 832
851 857 863 869
851 845 839 833
852 858 864 870
852 846 840 834
853 859 865 871
853 847 841 835
854 860 866 872
854 848 842 836
855 861 867 873
855 849 843 837
856 862 868 874
856 850 844 838
857 863 869 875
857 851 845 839
858 864 870 876
858 852 846 840
859 865 871 877
859 853 847 841
860 866 872 878
860 854 848 842
861 867 873 879
861 855 849 843
862 868 874 880
862 856 850 844
863 869 875 881
863 857 851 845
864 870 876 882
864 858 852 846
865 871 877 883
865 859 853 847
866 872 878 884
866 860 854 848
867 873 879 885
867 861 855 849
868 874 880 886
868 862 856 850
869 875 881 887
869 863 857 851
870 876 882 888
870 864 858 852
871 877 883 889
871 865 859 853
872 878 884 890
872 866 860 854
873 879 885 891
873 867 861 855
874 880 886 892
874 868 862 856
875 881 887 893
875 869 863 857
876 882 888 894
876 870 864 858
877 883 889 895
877 871 865 859
878 884 890 896
878 872 866 860
879 885 891 897
879 873 867 861
880 886 892 898
880 874 868 862
881 887 893 899
881 875 869 863
882 888 894 900
882 876 870 864
883 889 895 901
883 877 871 865
884 890 896 902
884 878 872 866
885 891 897 903
885 879 873 867
886 892 898 904
886 880 874 868
887 893 899 905
887 881 875 869
888 894 900 906
888 882 876 870
889 895 901 907
889 883 877 871
890 896 902 908
890 884 878 872
891 897 903 909
891 885 879 873
892 898 904 910
892 886 880 874
893 899 905 911
893 887 881 875
894 900 906 912
894 888 882 876
895 901 907 913
895 889 883 877
896 902 908 914
896 890 884 878
897 903 909 915
897 891 885 879
898 904 910 916
898 892 886 880
899 905 911 917
899 893 887 881
900 906 912 918
900 894 888 882
901 907 913 919
901 895 889 883
902 908 914 920
902 896 890 884
903 909 915 921
903 897 891 885
904 910 916 922
904 898 892 886
905 911 917 923
905 899 893 887
906 912 918 924
906 900 894 888
907 913 919 925
907 901 895 889
908 914 920 926
908 902 896 890
909 915 921 927
909 903 897 891
910 916 922 928
910 904 898 892
911 917 923 929
911 905 899 893
912 918 924 930
912 906 900 894
913 919 925 931
913 907 901 895
914 920 926 932
914 908 902 896
915 921 927 933
915 909 903 897
916 922 928 934
916 910 904 898
917 923 929 935
917 911 905 899
918 924 930 936
918 912 906 900
919 925 931 937
919 913 907 901
920 926 932 938
920 914 908 902
921 927 933 939
921 915 909 903
922 928 934 940
922 916 910 904
923 929 935 941
923 917 911 905
924 930 936 942
924 918 912 906
925 931 937 943
925 919 913 907
926 932 938 944
926 920 914 908
927 933 939 945
927 921 915 909
928 934 940 946
928 922 916 910
929 935 941 947
929 923 917 911
930 936 942 948
930 924 918 912
931 937 943 949
931 925 919 913
932 938 944 950
932 926 920 914
933 939 945 951
933 927 921 915
934 940 946 952
934 928 922 916
935 941 947 953
935 929 923 917
936 942 948 954
936 930 924 918
937 943 949 955
937 931 925 919
938 944 950 956
938 932 926 920
939 945 951 957
939 933 927 921
940 946 952 958
940 934 928 922
941 947 953 959
941 935 929 923
942 948 954 960
942 936 930 924
943 949 955 961
943 937 931 925
944 950 956 962
944 938 932 926
945 951 957 963
945 939 933 927
946 952 958 964
946 940 934 928
947 953 959 965
947 941 935 929
948 954 960 966
948 942 936 930
949 955 961 967
949 943 937 931
950 956 962 968
950 944 938 932
951 957 963 969
951 945 939 933
952 958 964 970
952 946 940 934
953 959 965 971
953 947 941 935
954 960 966 972
954 948 942 936
955 961 967 973
955 949 943 937
956 962 968 974
956 950 944 938
957 963 969 975
957 951 945 939
958 964 970 976
958 952 946 940
959 965 971 978
959 953 947 941
960 966 972 979
960 954 948 942
961 967 973 980
961 955 949 943
962 968 974 981
962 956 950 944
963 969 975 982
963 957 951 945
964 970 976 977
964 958 952 946
965 971 978 984
965 959 953 947
966 972 979 985
966 960 954 948
967 973 980 986
967 961 955 949
968 974 981 987
968 962 956 950
969 975 982 988
969 963 957 951
970 976 977 983
970 964 958 952
971 978 984 990
971 965 959 953
972 979 985 991
972 966 960 954
973 980 986 992
973 967 961 955
974 981 987 993
974 968 962 956
975 982 988 994
975 969 963 957
976 977 983 989
976 970 964 958
977 983 989 995
977 976 970 964
978 984 990 996
978 971 965 959
979 985 991 997
979 972 966 960
980 986 992 998
980 973 967 961
981 987 993 999
981 974 968 962
982 988 994 1000
982 975 969 963
983 989 995 1001
983 977 976 970
984 990 996 1002
984 978 971 965
985 991 997 1003
985 979 972 966
986 992 998 1004
986 980 973 967
987 993 999 1005
987 981 974 968
988 994 1000 1006
988 982 975 969
989 995 1001 1007
989 983 977 976
990 996 1002 1008
990 984 978 971
991 997 1003 1009
991 985 979 972
992 998 1004 1010
992 986 980 973
993 999 1005 1011
993 987 981 974
994 1000 1006 1012
994 988 982 975
995 1001 1007 1013
995 989 983 977
996 1002 1008 1014
996 990 984 978
997 1003 1009 1015
997 991 985 979
998 1004 1010 1016
998 992 986 980
999 1005 1011 1017
999 993 987 981
1000 1006 1012 1018
1000 994 988 982
1001 1007 1013 1019
1001 995 989 983
1002 1008 1014 1020
1002 996 990 984
1003 1009 1015 1021
1003 997 991 985
1004 1010 1016 1022
1004 998 992 986
1005 1011 1017 1023
1005 999 993 987
1006 1012 1018 1024
1006 1000 994 988
1007 1013 1019 1025
1007 1001 995 989
1008 1014 1020 1026
1008 1002 996 990
1009 1015 1021 1027
1009 1003 997 991
1010 1016 1022 1028
1010 1004 998 992
1011 1017 1023 1029
1011 1005 999 993
1012 1018 1024 1030
1012 1006 1000 994
1013 1019 1025 1031
1013 1007 1001 995
1014 1020 1026 1032
1014 1008 1002 996
1015 1021 1027 1033
1015 1009 1003 997
1016 1022 1028 1034
1016 1010 1004 998
1017 1023 1029 1035
1017 1011 1005 999
1018 1024 1030 1037
1018 1012 1006 1000
1019 1025 1031 1038
1019 1013 1007 1001
1020 1026 1032 1039
1020 1014 1008 1002
1021 1027 1033 1040
1021 1015 1009 1003
1022 1028 1034 1041
1022 1016 1010 1004
1023 1029 1035 1036
1023 1017 1011 1005
1024 1030 1037 1043
1024 1018 1012 1006
1025 1031 1038 1044
1025 1019 1013 1007
1026 1032 1039 1046
1026 1020 1014 1008
1027 1033 1040 1047
1027 1021 1015 1009
1028 1034 1041 1048
1028 1022 1016 1010
1029 1035 1036 1042
1029 1023 1017 1011
1030 1037 1043 1050
1030 1024 1018 1012
1031 1038 1044 1045
1031 1025 1019 1013
1032 1039 1046 1052
1032 1026 1020 1014
1033 1040 1047 1053
1033 1027 1021 1015
1034 1041 1048 1054
1034 1028 1022 1016
1035 1036 1042 1049
1035 1029 1023 1017
1036 1042 1049 1055
1036 1035 1029 1023
1037 1043 1050 1056
1037 1030 1024 1018
1038 1044 1045 1051
1038 1031 1025 1019
1039 1046 1052 1058
1039 1032 1026 1020
1040 1047 1053 1059
1040 1033 1027 1021
1041 1048 1054 1060
1041 1034 1028 1022
1042 1049 1055 1061
1042 1036 1035 1029
1043 1050 1056 1062
1043 1037 1030 1024
1044 1045 1051 1057
1044 1038 1031 1025
1045 1051 1057 1063
1045 1044 1038 1031
1046 1052 1058 1064
1046 1039 1032 1026
1047 1053 1059 1065
1047 1040 1033 1027
1048 1054 1060 1066
1048 1041 1034 1028
1049 1055 1061 1067
1049 1042 1036 1035
1050 1056 1062 1068
1050 1043 1037 1030
1051 1057 1063 1069
1051 1045 1044 1038
1052 1058 1064 1070
1052 1046 1039 1032
1053 1059 1065 1071
1053 1047 1040 1033
1054 1060 1066 1072
1054 1048 1041 1034
1055 1061 1067 1073
1055 1049 1042 1036
1056 1062 1068 1074
1056 1050 1043 1037
1057 1063 1069 1075
1057 1051 1045 1044
1058 1064 1070 1076
1058 1052 1046 1039
1059 1065 1071 1077
1059 1053 1047 1040
1060 1066 1072 1078
1060 1054 1048 1041
1061 1067 1073 1079
1061 1055 1049 1042
1062 1068 1074 1080
1062 1056 1050 1043
1063 1069 1075 1081
1063 1057 1051 1045
1064 1070 1076 1082
1064 1058 1052 1046
1065 1071 1077 1083
1065 1059 1053 1047
1066 1072 1078 1084
1066 1060 1054 1048
1067 1073 1079 1085
1067 1061 1055 1049
1068 1074 1080 1086
1068 1062 1056 1050
1069 1075 1081 1087
1069 1063 1057 1051
1070 1076 1082 1088
1070 1064 1058 1052
1071 1077 1083 1089
1071 1065 1059 1053
1072 1078 1084 1090
1072 1066 1060 1054
1073 1079 1085 1091
1073 1067 1061 1055
1074 1080 1086 1092
1074 1068 1062 1056
1075 1081 1087 1093
1075 1069 1063 1057
1076 1082 1088 1094
1076 1070 1064 1058
1077 1083 1089 1095
1077 1071 1065 1059
1078 1084 1090 1096
1078 1072 1066 1060
1079 1085 1091 1097
1079 1073 1067 1061
1080 1086 1092 1098
1080 1074 1068 1062
1081 1087 1093 1099
1081 1075 1069 1063
1082 1088 1094 1100
1082 1076 1070 1064
1083 1089 1095 1101
1083 1077 1071 1065
1084 1090 1096 1102
1084 1078 1072 1066
1085 1091 1097 1103
1085 1079 1073 1067
1086 1092 1098 1104
1086 1080 1074 1068
1087 1093 1099 1105
1087 1081 1075 1069
1088 1094 1100 1106
1088 1082 1076 1070
1089 1095 1101 1107
1089 1083 1077 1071
1090 1096 1102 1108
1090 1084 1078 1072
1091 1097 1103 1109
1091 1085 1079 1073
1092 1098 1104 1110
1092 1086 1080 1074
1093 1099 1105 1111
1093 1087 1081 1075
1094 1100 1106 1112
1094 1088 1082 1076
1095 1101 1107 1113
1095 1089 1083 1077
1096 1102 1108 1114
1096 1090 1084 1078
1097 1103 1109 1115
1097 1091 1085 1079
1098 1104 1110 1116
1098 1092 1086 1080
1099 1105 1111 1117
1099 1093 1087 1081
1100 1106 1112 1118
1100 1094 1088 1082
1101 1107 1113 1119
1101 1095 1089 1083
1102 1108 1114 1120
1102 1096 1090 1084
1103 1109 1115 1121
1103 1097 1091 1085
1104 1110 1116 1122
1104 1098 1092 1086
1105 1111 1117 1123
1105 1099 1093 1087
1106 1112 1118 1124
1106 1100 1094 1088
1107 1113 1119 1125
1107 1101 1095 1089
1108 1114 1120 1126
1108 1102 1096 1090
1109 1115 1121 1127
1109 1103 1097 1091
1110 1116 1122 1128
1110 1104 1098 1092
1111 1117 1123 1129
1111 1105 1099 1093
1112 1118 1124 1130
1112 1106 1100 1094
1113 1119 1125 1131
1113 1107 1101 1095
1114 1120 1126 1132
1114 1108 1102 1096
1115 1121 1127 1133
1115 1109 1103 1097
1116 1122 1128 1134
1116 1110 1104 1098
1117 1123 1129 1135
1117 1111 1105 1099
1118 1124 1130 1137
1118 1112 1106 1100
1119 1125 1131 1138
1119 1113 1107 1101
1120 1126 1132 1139
1120 1114 1108 1102
1121 1127 1133 1140
1121 1115 1109 1103
1122 1128 1134 1141
1122 1116 1110 1104
1123 1129 1135 1136
1123 1117 1111 1105
1124 1130 1137 1143
1124 1118 1112 1106
1125 1131 1138 1144
1125 1119 1113 1107
1126 1132 1139 1145
1126 1120 1114 1108
1127 1133 1140 1146
1127 1121 1115 1109
1128 1134 1141 1147
1128 1122 1116 1110
1129 1135 1136 1142
1129 1123 1117 1111
1130 1137 1143 1149
1130 1124 1118 1112
1131 1138 1144 1150
1131 1125 1119 1113
1132 1139 1145 1151
1132 1126 1120 1114
1133 1140 1146 1152
1133 1127 1121 1115
1134 1141 1147 1153
1134 1128 1122 1116
1135 1136 1142 1148
1135 1129 1123 1117
1136 1142 1148 1154
1136 1135 1129 1123
1137 1143 1149 1156
1137 1130 1124 1118
1138 1144 1150 1157
1138 1131 1125 1119
1139 1145 1151 1158
1139 1132 1126 1120
1140 1146 1152 1159
1140 1133 1127 1121
1141 1147 1153 1160
1141 1134 1128 1122
1142 1148 1154 1155
1142 1136 1135 1129
1143 1149 1156 1162
1143 1137 1130 1124
1144 1150 1157 1163
1144 1138 1131 1125
1145 1151 1158 1164
1145 1139 1132 1126
1146 1152 1159 1165
1146 1140 1133 1127
1147 1153 1160 1166
1147 1141 1134 1128
1148 1154 1155 1161
1148 1142 1136 1135
1149 1156 1162 1168
1149 1143 1137 1130
1150 1157 1163 1169
1150 1144 1138 1131
1151 1158 1164 1170
1151 1145 1139 1132
1152 1159 1165 1171
1152 1146 1140 1133
1153 1160 1166 1172
1153 1147 1141 1134
1154 1155 1161 1167
1154 1148 1142 1136
1155 1161 1167 1173
1155 1154 1148 1142
1156 1162 1168 1174
1156 1149 1143 1137
1157 1163 1169 1175
1157 1150 1144 1138
1158 1164 1170 1176
1158 1151 1145 1139
1159 1165 1171 1177
1159 1152 1146 1140
1160 1166 1172 1178
1160 1153 1147 1141
1161 1167 1173 1179
1161 1155 1154 1148
1162 1168 1174 1180
1162 1156 1149 1143
1163 1169 1175 1181
1163 1157 1150 1144
1164 1170 1176 1182
1164 1158 1151 1145
1165 1171 1177 1183
1165 1159 1152 1146
1166 1172 1178 1184
1166 1160 1153 1147
1167 1173 1179 1185
1167 1161 1155 1154
1168 1174 1180 1187
1168 1162 1156 1149
1169 1175 1181 1188
1169 1163 1157 1150
1170 1176 1182 1189
1170 1164 1158 1151
1171 1177 1183 1190
1171 1165 1159 1152
1172 1178 1184 1191
1172 1166 1160 1153
1173 1179 1185 1186
1173 1167 1161 1155
1174 1180 1187 1193
1174 1168 1162 1156
1175 1181 1188 1194
1175 1169 1163 1157
1176 1182 1189 1195
1176 1170 1164 1158
1177 1183 1190 1196
1177 1171 1165 1159
1178 1184 1191 1197
1178 1172 1166 1160
1179 1185 1186 1192
1179 1173 1167 1161
1180 1187 1193 1199
1180 1174 1168 1162
1181 1188 1194 1200
1181 1175 1169 1163
1182 1189 1195 1201
1182 1176 1170 1164
1183 1190 1196 1202
1183 1177 1171 1165
1184 1191 1197 1203
1184 1178 1172 1166
1185 1186 1192 1198
1185 1179 1173 1167
1186 1192 1198 1204
1186 1185 1179 1173
1187 1193 1199 1205
1187 1180 1174 1168
1188 1194 1200 1206
1188 1181 1175 1169
1189 1195 1201 1207
1189 1182 1176 1170
1190 1196 1202 1208
1190 1183 1177 1171
1191 1197 1203 1209
1191 1184 1178 1172
1192 1198 1204 1210
1192 1186 1185 1179
1193 1199 1205 1211
1193 1187 1180 1174
1194 1200 1206 1212
1194 1188 1181 1175
1195 1201 1207 1213
1195 1189 1182 1176
1196 1202 1208 1214
1196 1190 1183 1177
1197 1203 1209 1215
1197 1191 1184 1178
1198 1204 1210 1216
1198 1192 1186 1185
1199 1205 1211 1218
1199 1193 1187 1180
1200 1206 1212 1219
1200 1194 1188 1181
1201 1207 1213 1220
1201 1195 1189 1182
1202 1208 1214 1221
1202 1196 1190 1183
1203 1209 1215 1222
1203 1197 1191 1184
1204 1210 1216 1217
1204 1198 1192 1186
1205 1211 1218 1224
1205 1199 1193 1187
1206 1212 1219 1225
1206 1200 1194 1188
1207 1213 1220 1226
1207 1201 1195 1189
1208 1214 1221 1227
1208 1202 1196 1190
1209 1215 1222 1228
1209 1203 1197 1191
1210 1216 1217 1223
1210 1204 1198 1192
1211 1218 1224 1230
1211 1205 1199 1193
1212 1219 1225 1231
1212 1206 1200 1194
1213 1220 1226 1232
1213 1207 1201 1195
1214 1221 1227 1233
1214 1208 1202 1196
1215 1222 1228 1234
1215 1209 1203 1197
1216 1217 1223 1229
1216 1210 1204 1198
1217 1223 1229 1235
1217 1216 1210 1204
1218 1224 1230 1236
1218 1211 1205 1199
1219 1225 1231 1237
1219 1212 1206 1200
1220 1226 1232 1238
1220 1213 1207 1201
1221 1227 1233 1239
1221 1214 1208 1202
1222 1228 1234 1240
1222 1215 1209 1203
1223 1229 1235 1241
1223 1217 1216 1210
1224 1230 1236 1242
1224 1218 1211 1205
1225 1231 1237 1243
1225 1219 1212 1206
1226 1232 1238 1244
1226 1220 1213 1207
1227 1233 1239 1245
1227 1221 1214 1208
1228 1234 1240 1246
1228 1222 1215 1209
1229 1235 1241 1247
1229 1223 1217 1216
1230 1236 1242 1248
1230 1224 1218 1211
1231 1237 1243 1249
1231 1225 1219 1212
1232 1238 1244 1250
1232 1226 1220 1213
1233 1239 1245 1251
1233 1227 1221 1214
1234 1240 1246 1252
1234 1228 1222 1215
1235 1241 1247 1253
1235 1229 1223 1217
1236 1242 1248 1254
1236 1230 1224 1218
1237 1243 1249 1255
1237 1231 1225 1219
1238 1244 1250 1256
1238 1232 1226 1220
1239 1245 1251 1257
1239 1233 1227 1221
1240 1246 1252 1258
1240 1234 1228 1222
1241 1247 1253 1259
1241 1235 1229 1223
1242 1248 1254 1260
1242 1236 1230 1224
1243 1249 1255 1261
1243 1237 1231 1225
1244 1250 1256 1262
1244 1238 1232 1226
1245 1251 1257 1263
1245 1239 1233 1227
1246 1252 1258 1264
1246 1240 1234 1228
1247 1253 1259 1265
1247 1241 1235 1229
1248 1254 1260 1266
1248 1242 1236 1230
1249 1255 1261 1267
1249 1243 1237 1231
1250 1256 1262 1268
1250 1244 1238 1232
1251 1257 1263 1269
1251 1245 1239 1233
1252 1258 1264 1270
1252 1246 1240 1234
1253 1259 1265 1271
1253 1247 1241 1235
1254 1260 1266 1272
1254 1248 1242 1236
1255 1261 1267 1273
1255 1249 1243 1237
1256 1262 1268 1274
1256 1250 1244 1238
1257 1263 1269 1275
1257 1251 1245 1239
1258 1264 1270 1276
1258 1252 1246 1240
1259 1265 1271 1278
1259 1253 1247 1241
1260 1266 1272 1279
1260 1254 1248 1242
1261 1267 1273 1280
1261 1255 1249 1243
1262 1268 1274 1281
1262 1256 1250 1244
1263 1269 1275 1282
1263 1257 1251 1245
1264 1270 1276 1283
1264 1258 1252 1246
1265 1271 1278 1277
1265 1259 1253 1247
1266 1272 1279 1285
1266 1260 1254 1248
1267 1273 1280 1286
1267 1261 1255 1249
1268 1274 1281 1287
1268 1262 1256 1250
1269 1275 1282 1288
1269 1263 1257 1251
1270 1276 1283 1289
1270 1264 1258 1252
1271 1278 1277 1284
1271 1265 1259 1253
1272 1279 1285 1291
1272 1266 1260 1254
1273 1280 1286 1292
1273 1267 1261 1255
1274 1281 1287 1293
1274 1268 1262 1256
1275 1282 1288 1294
1275 1269 1263 1257
1276 1283 1289 1295
1276 1270 1264 1258
1277 1284 1290 1296
1277 1278 1271 1265
1278 1277 1284 1290
1278 1271 1265 1259
1279 1285 1291 1297
1279 1272 1266 1260
1280 1286 1292 1298
1280 1273 1267 1261
1281 1287 1293 1299
1281 1274 1268 1262
1282 1288 1294 1300
1282 1275 1269 1263
1283 1289 1295 1301
1283 1276 1270 1264
1284 1290 1296 1302
1284 1277 1278 1271
1285 1291 1297 1303
1285 1279 1272 1266
1286 1292 1298 1304
1286 1280 1273 1267
1287 1293 1299 1305
1287 1281 1274 1268
1288 1294 1300 1306
1288 1282 1275 1269
1289 1295 1301 1307
1289 1283 1276 1270
1290 1296 1302 1309
1290 1284 1277 1278
1291 1297 1303 1310
1291 1285 1279 1272
1292 1298 1304 1311
1292 1286 1280 1273
1293 1299 1305 1312
1293 1287 1281 1274
1294 1300 1306 1313
1294 1288 1282 1275
1295 1301 1307 1314
1295 1289 1283 1276
1296 1302 1309 1308
1296 1290 1284 1277
1297 1303 1310 1316
1297 1291 1285 1279
1298 1304 1311 1317
1298 1292 1286 1280
1299 1305 1312 1318
1299 1293 1287 1281
1300 1306 1313 1319
1300 1294 1288 1282
1301 1307 1314 1320
1301 1295 1289 1283
1302 1309 1308 1315
1302 1296 1290 1284
1303 1310 1316 1322
1303 1297 1291 1285
1304 1311 1317 1323
1304 1298 1292 1286
1305 1312 1318 1324
1305 1299 1293 1287
1306 1313 1319 1325
1306 1300 1294 1288
1307 1314 1320 1326
1307 1301 1295 1289
1308 1315 1321 1327
1308 1309 1302 1296
1309 1308 1315 1321
1309 1302 1296 1290
1310 1316 1322 1328
1310 1303 1297 1291
1311 1317 1323 1329
1311 1304 1298 1292
1312 1318 1324 1330
1312 1305 1299 1293
1313 1319 1325 1331
1313 1306 1300 1294
1314 1320 1326 1332
1314 1307 1301 1295
1315 1321 1327 1333
1315 1308 1309 1302
1316 1322 1328 1334
1316 1310 1303 1297
1317 1323 1329 1335
1317 1311 1304 1298
1318 1324 1330 1336
1318 1312 1305 1299
1319 1325 1331 1337
1319 1313 1306 1300
1320 1326 1332 1338
1320 1314 1307 1301
1321 1327 1333 1340
1321 1315 1308 1309
1322 1328 1334 1341
1322 1316 1310 1303
1323 1329 1335 1342
1323 1317 1311 1304
1324 1330 1336 1343
1324 1318 1312 1305
1325 1331 1337 1344
1325 1319 1313 1306
1326 1332 1338 1345
1326 1320 1314 1307
1327 1333 1340 1339
1327 1321 1315 1308
1328 1334 1341 1347
1328 1322 1316 1310
1329 1335 1342 1348
1329 1323 1317 1311
1330 1336 1343 1349
1330 1324 1318 1312
1331 1337 1344 1350
1331 1325 1319 1313
1332 1338 1345 1351
1332 1326 1320 1314
1333 1340 1339 1346
1333 1327 1321 1315
1334 1341 1347 1353
1334 1328 1322 1316
1335 1342 1348 1354
1335 1329 1323 1317
1336 1343 1349 1355
1336 1330 1324 1318
1337 1344 1350 1356
1337 1331 1325 1319
1338 1345 1351 1357
1338 1332 1326 1320
1339 1346 1352 1358
1339 1340 1333 1327
1340 1339 1346 1352
1340 1333 1327 1321
1341 1347 1353 1359
1341 1334 1328 1322
1342 1348 1354 1360
1342 1335 1329 1323
1343 1349 1355 1361
1343 1336 1330 1324
1344 1350 1356 1362
1344 1337 1331 1325
1345 1351 1357 1363
1345 1338 1332 1326
1346 1352 1358 1364
1346 1339 1340 1333
1347 1353 1359 1365
1347 1341 1334 1328
1348 1354 1360 1366
1348 1342 1335 1329
1349 1355 1361 1367
1349 1343 1336 1330
1350 1356 1362 1368
1350 1344 1337 1331
1351 1357 1363 1369
1351 1345 1338 1332
1352 1358 1364 1370
1352 1346 1339 1340
1353 1359 1365 1371
1353 1347 1341 1334
1354 1360 1366 1372
1354 1348 1342 1335
1355 1361 1367 1373
1355 1349 1343 1336
1356 1362 1368 1374
1356 1350 1344 1337
1357 1363 1369 1375
1357 1351 1345 1338
1358 1364 1370 1376
1358 1352 1346 1339
1359 1365 1371 1377
1359 1353 1347 1341
1360 1366 1372 1378
1360 1354 1348 1342
1361 1367 1373 1379
1361 1355 1349 1343
1362 1368 1374 1380
1362 1356 1350 1344
1363 1369 1375 1381
1363 1357 1351 1345
1364 1370 1376 1382
1364 1358 1352 1346
1365 1371 1377 1383
1365 1359 1353 1347
1366 1372 1378 1384
1366 1360 1354 1348
1367 1373 1379 1385
1367 1361 1355 1349
1368 1374 1380 1386
1368 1362 1356 1350
1369 1375 1381 1387
1369 1363 1357 1351
1370 1376 1382 1388
1370 1364 1358 1352
1371 1377 1383 1389
1371 1365 1359 1353
1372 1378 1384 1390
1372 1366 1360 1354
1373 1379 1385 1391
1373 1367 1361 1355
1374 1380 1386 1392
1374 1368 1362 1356
1375 1381 1387 1393
1375 1369 1363 1357
1376 1382 1388 1394
1376 1370 1364 1358
1377 1383 1389 1395
1377 1371 1365 1359
1378 1384 1390 1396
1378 1372 1366 1360
1379 1385 1391 1397
1379 1373 1367 1361
1380 1386 1392 1398
1380 1374 1368 1362
1381 1387 1393 1399
1381 1375 1369 1363
1382 1388 1394 1400
1382 1376 1370 1364
1383 1389 1395 1401
1383 1377 1371 1365
1384 1390 1396 1402
1384 1378 1372 1366
1385 1391 1397 1403
1385 1379 1373 1367
1386 1392 1398 1404
1386 1380 1374 1368
1387 1393 1399 1405
1387 1381 1375 1369
1388 1394 1400 1407
1388 1382 1376 1370
1389 1395 1401 1408
1389 1383 1377 1371
1390 1396 1402 1409
1390 1384 1378 1372
1391 1397 1403 1410
1391 1385 1379 1373
1392 1398 1404 1411
1392 1386 1380 1374
1393 1399 1405 1412
1393 1387 1381 1375
1394 1400 1407 1406
1394 1388 1382 1376
1395 1401 1408 1414
1395 1389 1383 1377
1396 1402 1409 1415
1396 1390 1384 1378
1397 1403 1410 1416
1397 1391 1385 1379
1398 1404 1411 1417
1398 1392 1386 1380
1399 1405 1412 1418
1399 1393 1387 1381
1400 1407 1406 1413
1400 1394 1388 1382
1401 1408 1414 1420
1401 1395 1389 1383
1402 1409 1415 1421
1402 1396 1390 1384
1403 1410 1416 1422
1403 1397 1391 1385
1404 1411 1417 1423
1404 1398 1392 1386
1405 1412 1418 1424
1405 1399 1393 1387
1406 1413 1419 1425
1406 1407 1400 1394
1407 1406 1413 1419
1407 1400 1394 1388
1408 1414 1420 1426
1408 1401 1395 1389
1409 1415 1421 1427
1409 1402 1396 1390
1410 1416 1422 1428
1410 1403 1397 1391
1411 1417 1423 1429
1411 1404 1398 1392
1412 1418 1424 1430
1412 1405 1399 1393
1413 1419 1425 1431
1413 1406 1407 1400
1414 1420 1426 1432
1414 1408 1401 1395
1415 1421 1427 1433
1415 1409 1402 1396
1416 1422 1428 1434
1416 1410 1403 1397
1417 1423 1429 1435
1417 1411 1404 1398
1418 1424 1430 1436
1418 1412 1405 1399
1419 1425 1431 1437
1419 1413 1406 1407
1420 1426 1432 1438
1420 1414 1408 1401
1421 1427 1433 1439
1421 1415 1409 1402
1422 1428 1434 1440
1422 1416 1410 1403
1423 1429 1435 1441
1423 1417 1411 1404
1424 1430 1436 1442
1424 1418 1412 1405
1425 1431 1437 1443
1425 1419 1413 1406
1426 1432 1438 1444
1426 1420 1414 1408
1427 1433 1439 1445
1427 1421 1415 1409
1428 1434 1440 1446
1428 1422 1416 1410
1429 1435 1441 1447
1429 1423 1417 1411
1430 1436 1442 1448
1430 1424 1418 1412
1431 1437 1443 1449
1431 1425 1419 1413
1432 1438 1444 1450
1432 1426 1420 1414
1433 1439 1445 1451
1433 1427 1421 1415
1434 1440 1446 1452
1434 1428 1422 1416
1435 1441 1447 1453
1435 1429 1423 1417
1436 1442 1448 1454
1436 1430 1424 1418
1437 1443 1449 1455
1437 1431 1425 1419
1438 1444 1450 1456
1438 1432 1426 1420
1439 1445 1451 1457
1439 1433 1427 1421
1440 1446 1452 1458
1440 1434 1428 1422
1441 1447 1453 1459
1441 1435 1429 1423
1442 1448 1454 1460
1442 1436 1430 1424
1443 1449 1455 1461
1443 1437 1431 1425
1444 1450 1456 1462
1444 1438 1432 1426
1445 1451 1457 1463
1445 1439 1433 1427
1446 1452 1458 1464
1446 1440 1434 1428
1447 1453 1459 1465
1447 1441 1435 1429
1448 1454 1460 1466
1448 1442 1436 1430
1449 1455 1461 1468
1449 1443 1437 1431
1450 1456 1462 1469
1450 1444 1438 1432
1451 1457 1463 1471
1451 1445 1439 1433
1452 1458 1464 1472
1452 1446 1440 1434
1453 1459 1465 1473
1453 1447 1441 1435
1454 1460 1466 1474
1454 1448 1442 1436
1455 1461 1468 1467
1455 1449 1443 1437
1456 1462 1469 1470
1456 1450 1444 1438
1457 1463 1471 1477
1457 1451 1445 1439
1458 1464 1472 1478
1458 1452 1446 1440
1459 1465 1473 1479
1459 1453 1447 1441
1460 1466 1474 1480
1460 1454 1448 1442
1461 1468 1467 1475
1461 1455 1449 1443
1462 1469 1470 1476
1462 1456 1450 1444
1463 1471 1477 1483
1463 1457 1451 1445
1464 1472 1478 1484
1464 1458 1452 1446
1465 1473 1479 1485
1465 1459 1453 1447
1466 1474 1480 1486
1466 1460 1454 1448
1467 1475 1481 1487
1467 1468 1461 1455
1468 1467 1475 1481
1468 1461 1455 1449
1469 1470 1476 1482
1469 1462 1456 1450
1470 1476 1482 1488
1470 1469 1462 1456
1471 1477 1483 1489
1471 1463 1457 1451
1472 1478 1484 1490
1472 1464 1458 1452
1473 1479 1485 1491
1473 1465 1459 1453
1474 1480 1486 1492
1474 1466 1460 1454
1475 1481 1487 1493
1475 1467 1468 1461
1476 1482 1488 1494
1476 1470 1469 1462
1477 1483 1489 1495
1477 1471 1463 1457
1478 1484 1490 1496
1478 1472 1464 1458
1479 1485 1491 1497
1479 1473 1465 1459
1480 1486 1492 1498
1480 1474 1466 1460
1481 1487 1493 1499
1481 1475 1467 1468
1482 1488 1494 1500
1482 1476 1470 1469
1483 1489 1495 1501
1483 1477 1471 1463
1484 1490 1496 1502
1484 1478 1472 1464
1485 1491 1497 1503
1485 1479 1473 1465
1486 1492 1498 1504
1486 1480 1474 1466
1487 1493 1499 1505
1487 1481 1475 1467
1488 1494 1500 1506
1488 1482 1476 1470
1489 1495 1501 1507
1489 1483 1477 1471
1490 1496 1502 1508
1490 1484 1478 1472
1491 1497 1503 1509
1491 1485 1479 1473
1492 1498 1504 1510
1492 1486 1480 1474
1493 1499 1505 1512
1493 1487 1481 1475
1494 1500 1506 1513
1494 1488 1482 1476
1495 1501 1507 1514
1495 1489 1483 1477
1496 1502 1508 1515
1496 1490 1484 1478
1497 1503 1509 1516
1497 1491 1485 1479
1498 1504 1510 1517
1498 1492 1486 1480
1499 1505 1512 1511
1499 1493 1487 1481
1500 1506 1513 1519
1500 1494 1488 1482
1501 1507 1514 1520
1501 1495 1489 1483
1502 1508 1515 1521
1502 1496 1490 1484
1503 1509 1516 1522
1503 1497 1491 1485
1504 1510 1517 1523
1504 1498 1492 1486
1505 1512 1511 1518
1505 1499 1493 1487
1506 1513 1519 1525
1506 1500 1494 1488
1507 1514 1520 1526
1507 1501 1495 1489
1508 1515 1521 1527
1508 1502 1496 1490
1509 1516 1522 1528
1509 1503 1497 1491
1510 1517 1523 1529
1510 1504 1498 1492
1511 1518 1524 1530
1511 1512 1505 1499
1512 1511 1518 1524
1512 1505 1499 1493
1513 1519 1525 1531
1513 1506 1500 1494
1514 1520 1526 1532
1514 1507 1501 1495
1515 1521 1527 1533
1515 1508 1502 1496
1516 1522 1528 1534
1516 1509 1503 1497
1517 1523 1529 1535
1517 1510 1504 1498
1518 1524 1530 1536
1518 1511 1512 1505
1519 1525 1531 1537
1519 1513 1506 1500
1520 1526 1532 1538
1520 1514 1507 1501
1521 1527 1533 1539
1521 1515 1508 1502
1522 1528 1534 1540
1522 1516 1509 1503
1523 1529 1535 1541
1523 1517 1510 1504
1524 1530 1536 1542
1524 1518 1511 1512
1525 1531 1537 1543
1525 1519 1513 1506
1526 1532 1538 1544
1526 1520 1514 1507
1527 1533 1539 1545
1527 1521 1515 1508
1528 1534 1540 1546
1528 1522 1516 1509
1529 1535 1541 1547
1529 1523 1517 1510
1530 1536 1542 1548
1530 1524 1518 1511
1531 1537 1543 1549
1531 1525 1519 1513
1532 1538 1544 1550
1532 1526 1520 1514
1533 1539 1545 1551
1533 1527 1521 1515
1534 1540 1546 1552
1534 1528 1522 1516
1535 1541 1547 1553
1535 1529 1523 1517
1536 1542 1548 1554
1536 1530 1524 1518
1537 1543 1549 1555
1537 1531 1525 1519
1538 1544 1550 1556
1538 1532 1526 1520
1539 1545 1551 1557
1539 1533 1527 1521
1540 1546 1552 1558
1540 1534 1528 1522
1541 1547 1553 1559
1541 1535 1529 1523
1542 1548 1554 1560
1542 1536 1530 1524
1543 1549 1555 1561
1543 1537 1531 1525
1544 1550 1556 1562
1544 1538 1532 1526
1545 1551 1557 1563
1545 1539 1533 1527
1546 1552 1558 1564
1546 1540 1534 1528
1547 1553 1559 1565
1547 1541 1535 1529
1548 1554 1560 1566
1548 1542 1536 1530
1549 1555 1561 1567
1549 1543 1537 1531
1550 1556 1562 1568
1550 1544 1538 1532
1551 1557 1563 1569
1551 1545 1539 1533
1552 1558 1564 1570
1552 1546 1540 1534
1553 1559 1565 1571
1553 1547 1541 1535
1554 1560 1566 1572
1554 1548 1542 1536
1555 1561 1567 1573
1555 1549 1543 1537
1556 1562 1568 1574
1556 1550 1544 1538
1557 1563 1569 1575
1557 1551 1545 1539
1558 1564 1570 1576
1558 1552 1546 1540
1559 1565 1571 1577
1559 1553 1547 1541
1560 1566 1572 1578
1560 1554 1548 1542
1561 1567 1573 1579
1561 1555 1549 1543
1562 1568 1574 1581
1562 1556 1550 1544
1563 1569 1575 1582
1563 1557 1551 1545
1564 1570 1576 1583
1564 1558 1552 1546
1565 1571 1577 1584
1565 1559 1553 1547
1566 1572 1578 1585
1566 1560 1554 1548
1567 1573 1579 1580
1567 1561 1555 1549
1568 1574 1581 1587
1568 1562 1556 1550
1569 1575 1582 1588
1569 1563 1557 1551
1570 1576 1583 1589
1570 1564 1558 1552
1571 1577 1584 1590
1571 1565 1559 1553
1572 1578 1585 1591
1572 1566 1560 1554
1573 1579 1580 1586
1573 1567 1561 1555
1574 1581 1587 1593
1574 1568 1562 1556
1575 1582 1588 1594
1575 1569 1563 1557
1576 1583 1589 1595
1576 1570 1564 1558
1577 1584 1590 1596
1577 1571 1565 1559
1578 1585 1591 1597
1578 1572 1566 1560
1579 1580 1586 1592
1579 1573 1567 1561
1580 1586 1592 1598
1580 1579 1573 1567
1581 1587 1593 1599
1581 1574 1568 1562
1582 1588 1594 1600
1582 1575 1569 1563
1583 1589 1595 1601
1583 1576 1570 1564
1584 1590 1596 1602
1584 1577 1571 1565
1585 1591 1597 1603
1585 1578 1572 1566
1586 1592 1598 1604
1586 1580 1579 1573
1587 1593 1599 1605
1587 1581 1574 1568
1588 1594 1600 1606
1588 1582 1575 1569
1589 1595 1601 1607
1589 1583 1576 1570
1590 1596 1602 1608
1590 1584 1577 1571
1591 1597 1603 1609
1591 1585 1578 1572
1592 1598 1604 1610
1592 1586 1580 1579
1593 1599 1605 1611
1593 1587 1581 1574
1594 1600 1606 1612
1594 1588 1582 1575
1595 1601 1607 1613
1595 1589 1583 1576
1596 1602 1608 1614
1596 1590 1584 1577
1597 1603 1609 1615
1597 1591 1585 1578
1598 1604 1610 1616
1598 1592 1586 1580
1599 1605 1611 1617
1599 1593 1587 1581
1600 1606 1612 1618
1600 1594 1588 1582
1601 1607 1613 1619
1601 1595 1589 1583
1602 1608 1614 1620
1602 1596 1590 1584
1603 1609 1615 1621
1603 1597 1591 1585
1604 1610 1616 1622
1604 1598 1592 1586
1605 1611 1617 1623
1605 1599 1593 1587
1606 1612 1618 1624
1606 1600 1594 1588
1607 1613 1619 1625
1607 1601 1595 1589
1608 1614 1620 1626
1608 1602 1596 1590
1609 1615 1621 1627
1609 1603 1597 1591
1610 1616 1622 1628
1610 1604 1598 1592
1611 1617 1623 1629
1611 1605 1599 1593
1612 1618 1624 1630
1612 1606 1600 1594
1613 1619 1625 1631
1613 1607 1601 1595
1614 1620 1626 1632
1614 1608 1602 1596
1615 1621 1627 1633
1615 1609 1603 1597
1616 1622 1628 1634
1616 1610 1604 1598
1617 1623 1629 1635
1617 1611 1605 1599
1618 1624 1630 1636
1618 1612 1606 1600
1619 1625 1631 1637
1619 1613 1607 1601
1620 1626 1632 1638
1620 1614 1608 1602
1621 1627 1633 1639
1621 1615 1609 1603
1622 1628 1634 1640
1622 1616 1610 1604
1623 1629 1635 1641
1623 1617 1611 1605
1624 1630 1636 1642
1624 1618 1612 1606
1625 1631 1637 1643
1625 1619 1613 1607
1626 1632 1638 1644
1626 1620 1614 1608
1627 1633 1639 1645
1627 1621 1615 1609
1628 1634 1640 1646
1628 1622 1616 1610
1629 1635 1641 1647
1629 1623 1617 1611
1630 1636 1642 1648
1630 1624 1618 1612
1631 1637 1643 1649
1631 1625 1619 1613
1632 1638 1644 1650
1632 1626 1620 1614
1633 1639 1645 1651
1633 1627 1621 1615
1634 1640 1646 1652
1634 1628 1622 1616
1635 1641 1647 1653
1635 1629 1623 1617
1636 1642 1648 1654
1636 1630 1624 1618
1637 1643 1649 1655
1637 1631 1625 1619
1638 1644 1650 1656
1638 1632 1626 1620
1639 1645 1651 1657
1639 1633 1627 1621
1640 1646 1652 1658
1640 1634 1628 1622
1641 1647 1653 1659
1641 1635 1629 1623
1642 1648 1654 1660
1642 1636 1630 1624
1643 1649 1655 1661
1643 1637 1631 1625
1644 1650 1656 1662
1644 1638 1632 1626
1645 1651 1657 1663
1645 1639 1633 1627
1646 1652 1658 1664
1646 1640 1634 1628
1647 1653 1659 1665
1647 1641 1635 1629
1648 1654 1660 1666
1648 1642 1636 1630
1649 1655 1661 1667
1649 1643 1637 1631
1650 1656 1662 1668
1650 1644 1638 1632
1651 1657 1663 1669
1651 1645 1639 1633
1652 1658 1664 1670
1652 1646 1640 1634
1653 1659 1665 1671
1653 1647 1641 1635
1654 1660 1666 1672
1654 1648 1642 1636
1655 1661 1667 1673
1655 1649 1643 1637
1656 1662 1668 1674
1656 1650 1644 1638
1657 1663 1669 1675
1657 1651 1645 1639
1658 1664 1670 1676
1658 1652 1646 1640
1659 1665 1671 1677
1659 1653 1647 1641
1660 1666 1672 1678
1660 1654 1648 1642
1661 1667 1673 1679
1661 1655 1649 1643
1662 1668 1674 1680
1662 1656 1650 1644
1663 1669 1675 1681
1663 1657 1651 1645
1664 1670 1676 1682
1664 1658 1652 1646
1665 1671 1677 1683
1665 1659 1653 1647
1666 1672 1678 1684
1666 1660 1654 1648
1667 1673 1679 1685
1667 1661 1655 1649
1668 1674 1680 1686
1668 1662 1656 1650
1669 1675 1681 1687
1669 1663 1657 1651
1670 1676 1682 1688
1670 1664 1658 1652
1671 1677 1683 1689
1671 1665 1659 1653
1672 1678 1684 1690
1672 1666 1660 1654
1673 1679 1685 1691
1673 1667 1661 1655
1674 1680 1686 1692
1674 1668 1662 1656
1675 1681 1687 1693
1675 1669 1663 1657
1676 1682 1688 1694
1676 1670 1664 1658
1677 1683 1689 1695
1677 1671 1665 1659
1678 1684 1690 1696
1678 1672 1666 1660
1679 1685 1691 1697
1679 1673 1667 1661
1680 1686 1692 1698
1680 1674 1668 1662
1681 1687 1693 1699
1681 1675 1669 1663
1682 1688 1694 1700
1682 1676 1670 1664
1683 1689 1695 1701
1683 1677 1671 1665
1684 1690 1696 1702
1684 1678 1672 1666
1685 1691 1697 1703
1685 1679 1673 1667
1686 1692 1698 1704
1686 1680 1674 1668
1687 1693 1699 1705
1687 1681 1675 1669
1688 1694 1700 1706
1688 1682 1676 1670
1689 1695 1701 1707
1689 1683 1677 1671
1690 1696 1702 1708
1690 1684 1678 1672
1691 1697 1703 1709
1691 1685 1679 1673
1692 1698 1704 1710
1692 1686 1680 1674
1693 1699 1705 1711
1693 1687 1681 1675
1694 1700 1706 1712
1694 1688 1682 1676
1695 1701 1707 1713
1695 1689 1683 1677
1696 1702 1708 1714
1696 1690 1684 1678
1697 1703 1709 1715
1697 1691 1685 1679
1698 1704 1710 1716
1698 1692 1686 1680
1699 1705 1711 1717
1699 1693 1687 1681
1700 1706 1712 1718
1700 1694 1688 1682
1701 1707 1713 1719
1701 1695 1689 1683
1702 1708 1714 1720
1702 1696 1690 1684
1703 1709 1715 1721
1703 1697 1691 1685
1704 1710 1716 1722
1704 1698 1692 1686
1705 1711 1717 1723
1705 1699 1693 1687
1706 1712 1718 1724
1706 1700 1694 1688
1707 1713 1719 1725
1707 1701 1695 1689
1708 1714 1720 1726
1708 1702 1696 1690
1709 1715 1721 1727
1709 1703 1697 1691
1710 1716 1722 1728
1710 1704 1698 1692
1711 1717 1723 1729
1711 1705 1699 1693
1712 1718 1724 1730
1712 1706 1700 1694
1713 1719 1725 1731
1713 1707 1701 1695
1714 1720 1726 1732
1714 1708 1702 1696
1715 1721 1727 1733
1715 1709 1703 1697
1716 1722 1728 1734
1716 1710 1704 1698
1717 1723 1729 -1
1717 1711 1705 1699
1718 1724 1730 1735
1718 1712 1706 1700
1719 1725 1731 1736
1719 1713 1707 1701
1720 1726 1732 1737
1720 1714 1708 1702
1721 1727 1733 1738
1721 1715 1709 1703
1722 1728 1734 1739
1722 1716 1710 1704
1723 1717 1711 1705
1724 1730 1735 1740
1724 1718 1712 1706
1725 1731 1736 1741
1725 1719 1713 1707
1726 1732 1737 1742
1726 1720 1714 1708
1727 1733 1738 1743
1727 1721 1715 1709
1728 1734 1739 1744
1728 1722 1716 1710
1729 1723 1717 1711
1730 1735 1740 1745
1730 1724 1718 1712
1731 1736 1741 1746
1731 1725 1719 1713
1732 1737 1742 1747
1732 1726 1720 1714
1733 1738 1743 1748
1733 1727 1721 1715
1734 1739 1744 1749
1734 1728 1722 1716
1735 1740 1745 1750
1735 1730 1724 1718
1736 1741 1746 1751
1736 1731 1725 1719
1737 1742 1747 1752
1737 1732 1726 1720
1738 1743 1748 1753
1738 1733 1727 1721
1739 1744 1749 1754
1739 1734 1728 1722
1740 1745 1750 1755
1740 1735 1730 1724
1741 1746 1751 1756
1741 1736 1731 1725
1742 1747 1752 1757
1742 1737 1732 1726
1743 1748 1753 1758
1743 1738 1733 1727
1744 1749 1754 1759
1744 1739 1734 1728
1745 1750 1755 1760
1745 1740 1735 1730
1746 1751 1756 1761
1746 1741 1736 1731
1747 1752 1757 1762
1747 1742 1737 1732
1748 1753 1758 1763
1748 1743 1738 1733
1749 1754 1759 1764
1749 1744 1739 1734
1750 1755 1760 1765
1750 1745 1740 1735
1751 1756 1761 1766
1751 1746 1741 1736
1752 1757 1762 1767
1752 1747 1742 1737
1753 1758 1763 1768
1753 1748 1743 1738
1754 1759 1764 1769
1754 1749 1744 1739
1755 1760 1765 1770
1755 1750 1745 1740
1756 1761 1766 1771
1756 1751 1746 1741
1757 1762 1767 1772
1757 1752 1747 1742
1758 1763 1768 1773
1758 1753 1748 1743
1759 1764 1769 1774
1759 1754 1749 1744
1760 1765 1770 1775
1760 1755 1750 1745
1761 1766 1771 1776
1761 1756 1751 1746
1762 1767 1772 1777
1762 1757 1752 1747
1763 1768 1773 1778
1763 1758 1753 1748
1764 1769 1774 1779
1764 1759 1754 1749
1765 1770 1775 1780
1765 1760 1755 1750
1766 1771 1776 1781
1766 1761 1756 1751
1767 1772 1777 1782
1767 1762 1757 1752
1768 1773 1778 1783
1768 1763 1758 1753
1769 1774 1779 1784
1769 1764 1759 1754
1770 1775 1780 1785
1770 1765 1760 1755
1771 1776 1781 1786
1771 1766 1761 1756
1772 1777 1782 1787
1772 1767 1762 1757
1773 1778 1783 1788
1773 1768 1763 1758
1774 1779 1784 1789
1774 1769 1764 1759
1775 1780 1785 1790
1775 1770 1765 1760
1776 1781 1786 1791
1776 1771 1766 1761
1777 1782 1787 1792
1777 1772 1767 1762
1778 1783 1788 1793
1778 1773 1768 1763
1779 1784 1789 1794
1779 1774 1769 1764
1780 1785 1790 1795
1780 1775 1770 1765
1781 1786 1791 1796
1781 1776 1771 1766
1782 1787 1792 1797
1782 1777 1772 1767
1783 1788 1793 1798
1783 1778 1773 1768
1784 1789 1794 1799
1784 1779 1774 1769
1785 1790 1795 1800
1785 1780 1775 1770
1786 1791 1796 1801
1786 1781 1776 1771
1787 1792 1797 1802
1787 1782 1777 1772
1788 1793 1798 1803
1788 1783 1778 1773
1789 1794 1799 1804
1789 1784 1779 1774
1790 1795 1800 1805
1790 1785 1780 1775
1791 1796 1801 1806
1791 1786 1781 1776
1792 1797 1802 1807
1792 1787 1782 1777
1793 1798 1803 1808
1793 1788 1783 1778
1794 1799 1804 1809
1794 1789 1784 1779
1795 1800 1805 1810
1795 1790 1785 1780
1796 1801 1806 1811
1796 1791 1786 1781
1797 1802 1807 1812
1797 1792 1787 1782
1798 1803 1808 1813
1798 1793 1788 1783
1799 1804 1809 1814
1799 1794 1789 1784
1800 1805 1810 1815
1800 1795 1790 1785
1801 1806 1811 1816
1801 1796 1791 1786
1802 1807 1812 1817
1802 1797 1792 1787
1803 1808 1813 1818
1803 1798 1793 1788
1804 1809 1814 1819
1804 1799 1794 1789
1805 1810 1815 1820
1805 1800 1795 1790
1806 1811 1816 1821
1806 1801 1796 1791
1807 1812 1817 1822
1807 1802 1797 1792
1808 1813 1818 1823
1808 1803 1798 1793
1809 1814 1819 1824
1809 1804 1799 1794
1810 1815 1820 1825
1810 1805 1800 1795
1811 1816 1821 1826
1811 1806 1801 1796
1812 1817 1822 1827
1812 1807 1802 1797
1813 1818 1823 1828
1813 1808 1803 1798
1814 1819 1824 1829
1814 1809 1804 1799
1815 1820 1825 1830
1815 1810 1805 1800
1816 1821 1826 1831
1816 1811 1806 1801
1817 1822 1827 1832
1817 1812 1807 1802
1818 1823 1828 1833
1818 1813 1808 1803
1819 1824 1829 1834
1819 1814 1809 1804
1820 1825 1830 1835
1820 1815 1810 1805
1821 1826 1831 1836
1821 1816 1811 1806
1822 1827 1832 1837
1822 1817 1812 1807
1823 1828 1833 1838
1823 1818 1813 1808
1824 1829 1834 1839
1824 1819 1814 1809
1825 1830 1835 1840
1825 1820 1815 1810
1826 1831 1836 1841
1826 1821 1816 1811
1827 1832 1837 1842
1827 1822 1817 1812
1828 1833 1838 1843
1828 1823 1818 1813
1829 1834 1839 1844
1829 1824 1819 1814
1830 1835 1840 1845
1830 1825 1820 1815
1831 1836 1841 1846
1831 1826 1821 1816
1832 1837 1842 1847
1832 1827 1822 1817
1833 1838 1843 1848
1833 1828 1823 1818
1834 1839 1844 1849
1834 1829 1824 1819
1835 1840 1845 1850
1835 1830 1825 1820
1836 1841 1846 1851
1836 1831 1826 1821
1837 1842 1847 1852
1837 1832 1827 1822
1838 1843 1848 1853
1838 1833 1828 1823
1839 1844 1849 1854
1839 1834 1829 1824
1840 1845 1850 1855
1840 1835 1830 1825
1841 1846 1851 1856
1841 1836 1831 1826
1842 1847 1852 1857
1842 1837 1832 1827
1843 1848 1853 1858
1843 1838 1833 1828
1844 1849 1854 1859
1844 1839 1834 1829
1845 1850 1855 1860
1845 1840 1835 1830
1846 1851 1856 1861
1846 1841 1836 1831
1847 1852 1857 1864
1847 1842 1837 1832
1848 1853 1858 1865
1848 1843 1838 1833
1849 1854 1859 1866
1849 1844 1839 1834
1850 1855 1860 1867
1850 1845 1840 1835
1851 1856 1861 1862
1851 1846 1841 1836
1852 1857 1864 1863
1852 1847 1842 1837
1853 1858 1865 1870
1853 1848 1843 1838
1854 1859 1866 1871
1854 1849 1844 1839
1855 1860 1867 1872
1855 1850 1845 1840
1856 1861 1862 1868
1856 1851 1846 1841
1857 1864 1863 1869
1857 1852 1847 1842
1858 1865 1870 1878
1858 1853 1848 1843
1859 1866 1871 1879
1859 1854 1849 1844
1860 1867 1872 1880
1860 1855 1850 1845
1861 1862 1868 1873
1861 1856 1851 1846
1862 1868 1873 1874
1862 1861 1856 1851
1863 1869 1876 1875
1863 1864 1857 1852
1864 1863 1869 1876
1864 1857 1852 1847
1865 1870 1878 1877
1865 1858 1853 1848
1866 1871 1879 1884
1866 1859 1854 1849
1867 1872 1880 1885
1867 1860 1855 1850
1868 1873 1874 1881
1868 1862 1861 1856
1869 1876 1875 1882
1869 1863 1864 1857
1870 1878 1877 1883
1870 1865 1858 1853
1871 1879 1884 1891
1871 1866 1859 1854
1872 1880 1885 1892
1872 1867 1860 1855
1873 1874 1881 1886
1873 1868 1862 1861
1874 1881 1886 1887
1874 1873 1868 1862
1875 1882 1889 1888
1875 1876 1869 1863
1876 1875 1882 1889
1876 1869 1863 1864
1877 1883 1890 1897
1877 1878 1870 1865
1878 1877 1883 1890
1878 1870 1865 1858
1879 1884 1891 1898
1879 1871 1866 1859
1880 1885 1892 1899
1880 1872 1867 1860
1881 1886 1887 1893
1881 1874 1873 1868
1882 1889 1888 1896
1882 1875 1876 1869
1883 1890 1897 1905
1883 1877 1878 1870
1884 1891 1898 1906
1884 1879 1871 1866
1885 1892 1899 1907
1885 1880 1872 1867
1886 1887 1893 1894
1886 1881 1874 1873
1887 1893 1894 1900
1887 1886 1881 1874
1888 1896 1895 1904
1888 1889 1882 1875
1889 1888 1896 1895
1889 1882 1875 1876
1890 1897 1905 1911
1890 1883 1877 1878
1891 1898 1906 1912
1891 1884 1879 1871
1892 1899 1907 1913
1892 1885 1880 1872
1893 1894 1900 1901
1893 1887 1886 1881
1894 1900 1901 1902
1894 1893 1887 1886
1895 1904 1903 1910
1895 1896 1888 1889
1896 1895 1904 1903
1896 1888 1889 1882
1897 1905 1911 1914
1897 1890 1883 1877
1898 1906 1912 1915
1898 1891 1884 1879
1899 1907 1913 1916
1899 1892 1885 1880
1900 1901 1902 1908
1900 1894 1893 1887
1901 1902 1908 1909
1901 1900 1894 1893
1902 1908 1909 1910
1902 1901 1900 1894
1903 1910 1909 1908
1903 1904 1895 1896
1904 1903 1910 1909
1904 1895 1896 1888
1905 1911 1914 1917
1905 1897 1890 1883
1906 1912 1915 1918
1906 1898 1891 1884
1907 1913 1916 1919
1907 1899 1892 1885
1908 1909 1910 1903
1908 1902 1901 1900
1909 1910 1903 1904
1909 1908 1902 1901
1910 1909 1908 1902
1910 1903 1904 1895
1911 1914 1917 1920
1911 1905 1897 1890
1912 1915 1918 1921
1912 1906 1898 1891
1913 1916 1919 1922
1913 1907 1899 1892
1914 1917 1920 1923
1914 1911 1905 1897
1915 1918 1921 1924
1915 1912 1906 1898
1916 1919 1922 1925
1916 1913 1907 1899
1917 1920 1923 1926
1917 1914 1911 1905
1918 1921 1924 1927
1918 1915 1912 1906
1919 1922 1925 1928
1919 1916 1913 1907
1920 1923 1926 1929
1920 1917 1914 1911
1921 1924 1927 1930
1921 1918 1915 1912
1922 1925 1928 1931
1922 1919 1916 1913
1923 1926 1929 1932
1923 1920 1917 1914
1924 1927 1930 1933
1924 1921 1918 1915
1925 1928 1931 1934
1925 1922 1919 1916
1926 1929 1932 1935
1926 1923 1920 1917
1927 1930 1933 1936
1927 1924 1921 1918
1928 1931 1934 1937
1928 1925 1922 1919
1929 1932 1935 1938
1929 1926 1923 1920
1930 1933 1936 1939
1930 1927 1924 1921
1931 1934 1937 1940
1931 1928 1925 1922
1932 1935 1938 1941
1932 1929 1926 1923
1933 1936 1939 1942
1933 1930 1927 1924
1934 1937 1940 1943
1934 1931 1928 1925
1935 1938 1941 1944
1935 1932 1929 1926
1936 1939 1942 1945
1936 1933 1930 1927
1937 1940 1943 1946
1937 1934 1931 1928
1938 1941 1944 1947
1938 1935 1932 1929
1939 1942 1945 1948
1939 1936 1933 1930
1940 1943 1946 1949
1940 1937 1934 1931
1941 1944 1947 1950
1941 1938 1935 1932
1942 1945 1948 1951
1942 1939 1936 1933
1943 1946 1949 1952
1943 1940 1937 1934
1944 1947 1950 1953
1944 1941 1938 1935
1945 1948 1951 1954
1945 1942 1939 1936
1946 1949 1952 1955
1946 1943 1940 1937
1947 1950 1953 1956
1947 1944 1941 1938
1948 1951 1954 1957
1948 1945 1942 1939
1949 1952 1955 1958
1949 1946 1943 1940
1950 1953 1956 1959
1950 1947 1944 1941
1951 1954 1957 1960
1951 1948 1945 1942
1952 1955 1958 1961
1952 1949 1946 1943
1953 1956 1959 1962
1953 1950 1947 1944
1954 1957 1960 1963
1954 1951 1948 1945
1955 1958 1961 1965
1955 1952 1949 1946
1956 1959 1962 1966
1956 1953 1950 1947
1957 1960 1963 1964
1957 1954 1951 1948
1958 1961 1965 1968
1958 1955 1952 1949
1959 1962 1966 1969
1959 1956 1953 1950
1960 1963 1964 1967
1960 1957 1954 1951
1961 1965 1968 1971
1961 1958 1955 1952
1962 1966 1969 1972
1962 1959 1956 1953
1963 1964 1967 1970
1963 1960 1957 1954
1964 1967 1970 1973
1964 1963 1960 1957
1965 1968 1971 1974
1965 1961 1958 1955
1966 1969 1972 1976
1966 1962 1959 1956
1967 1970 1973 1977
1967 1964 1963 1960
1968 1971 1974 1975
1968 1965 1961 1958
1969 1972 1976 1979
1969 1966 1962 1959
1970 1973 1977 1980
1970 1967 1964 1963
1971 1974 1975 1978
1971 1968 1965 1961
1972 1976 1979 1982
1972 1969 1966 1962
1973 1977 1980 1983
1973 1970 1967 1964
1974 1975 1978 1981
1974 1971 1968 1965
1975 1978 1981 1984
1975 1974 1971 1968
1976 1979 1982 1985
1976 1972 1969 1966
1977 1980 1983 1986
1977 1973 1970 1967
1978 1981 1984 1987
1978 1975 1974 1971
1979 1982 1985 1988
1979 1976 1972 1969
1980 1983 1986 1989
1980 1977 1973 1970
1981 1984 1987 1990
1981 1978 1975 1974
1982 1985 1988 1991
1982 1979 1976 1972
1983 1986 1989 1992
1983 1980 1977 1973
1984 1987 1990 1993
1984 1981 1978 1975
1985 1988 1991 1994
1985 1982 1979 1976
1986 1989 1992 1995
1986 1983 1980 1977
1987 1990 1993 1996
1987 1984 1981 1978
1988 1991 1994 1997
1988 1985 1982 1979
1989 1992 1995 1998
1989 1986 1983 1980
1990 1993 1996 1999
1990 1987 1984 1981
1991 1994 1997 2000
1991 1988 1985 1982
1992 1995 1998 2001
1992 1989 1986 1983
1993 1996 1999 2002
1993 1990 1987 1984
1994 1997 2000 2003
1994 1991 1988 1985
1995 1998 2001 2004
1995 1992 1989 1986
1996 1999 2002 2005
1996 1993 1990 1987
1997 2000 2003 2006
1997 1994 1991 1988
1998 2001 2004 2007
1998 1995 1992 1989
1999 2002 2005 2008
1999 1996 1993 1990
2000 2003 2006 2009
2000 1997 1994 1991
2001 2004 2007 2010
2001 1998 1995 1992
2002 2005 2008 2011
2002 1999 1996 1993
2003 2006 2009 2012
2003 2000 1997 1994
2004 2007 2010 2013
2004 2001 1998 1995
2005 2008 2011 2014
2005 2002 1999 1996
2006 2009 2012 2015
2006 2003 2000 1997
2007 2010 2013 2016
2007 2004 2001 1998
2008 2011 2014 2017
2008 2005 2002 1999
2009 2012 2015 2018
2009 2006 2003 2000
2010 2013 2016 2019
2010 2007 2004 2001
2011 2014 2017 2020
2011 2008 2005 2002
2012 2015 2018 2021
2012 2009 2006 2003
2013 2016 2019 2022
2013 2010 2007 2004
2014 2017 2020 2023
2014 2011 2008 2005
2015 2018 2021 2024
2015 2012 2009 2006
2016 2019 2022 2025
2016 2013 2010 2007
2017 2020 2023 2026
2017 2014 2011 2008
2018 2021 2024 2027
2018 2015 2012 2009
2019 2022 2025 2028
2019 2016 2013 2010
2020 2023 2026 2029
2020 2017 2014 2011
2021 2024 2027 2030
2021 2018 2015 2012
2022 2025 2028 2031
2022 2019 2016 2013
2023 2026 2029 2032
2023 2020 2017 2014
2024 2027 2030 2033
2024 2021 2018 2015
2025 2028 2031 2034
2025 2022 2019 2016
2026 2029 2032 2035
2026 2023 2020 2017
2027 2030 2033 2036
2027 2024 2021 2018
2028 2031 2034 2037
2028 2025 2022 2019
2029 2032 2035 2039
2029 2026 2023 2020
2030 2033 2036 2040
2030 2027 2024 2021
2031 2034 2037 2041
2031 2028 2025 2022
2032 2035 2039 2043
2032 2029 2026 2023
2033 2036 2040 2044
2033 2030 2027 2024
2034 2037 2041 2045
2034 2031 2028 2025
2035 2039 2043 2047
2035 2032 2029 2026
2036 2040 2044 2048
2036 2033 2030 2027
2037 2041 2045 2049
2037 2034 2031 2028
2038 2042 2046 2050
2039 2043 2047 2051
2039 2035 2032 2029
2040 2044 2048 2052
2040 2036 2033 2030
2041 2045 2049 2053
2041 2037 2034 2031
2042 2046 2050 2054
2043 2047 2051 2055
2043 2039 2035 2032
2044 2048 2052 2056
2044 2040 2036 2033
2045 2049 2053 2057
2045 2041 2037 2034
2046 2050 2054 2059
2046 2042 2038 -1
2047 2051 2055 2061
2047 2043 2039 2035
2048 2052 2056 2062
2048 2044 2040 2036
2049 2053 2057 2058
2049 2045 2041 2037
2050 2054 2059 2060
2050 2046 2042 2038
2051 2055 2061 2065
2051 2047 2043 2039
2052 2056 2062 2066
2052 2048 2044 2040
2053 2057 2058 2063
2053 2049 2045 2041
2054 2059 2060 2064
2054 2050 2046 2042
2055 2061 2065 2069
2055 2051 2047 2043
2056 2062 2066 2070
2056 2052 2048 2044
2057 2058 2063 2067
2057 2053 2049 2045
2058 2063 2067 2071
2058 2057 2053 2049
2059 2060 2064 2068
2059 2054 2050 2046
2060 2064 2068 2072
2060 2059 2054 2050
2061 2065 2069 2073
2061 2055 2051 2047
2062 2066 2070 2074
2062 2056 2052 2048
2063 2067 2071 2075
2063 2058 2057 2053
2064 2068 2072 2076
2064 2060 2059 2054
2065 2069 2073 2077
2065 2061 2055 2051
2066 2070 2074 2078
2066 2062 2056 2052
2067 2071 2075 2079
2067 2063 2058 2057
2068 2072 2076 2080
2068 2064 2060 2059
2069 2073 2077 2081
2069 2065 2061 2055
2070 2074 2078 2082
2070 2066 2062 2056
2071 2075 2079 2083
2071 2067 2063 2058
2072 2076 2080 2084
2072 2068 2064 2060
2073 2077 2081 2085
2073 2069 2065 2061
2074 2078 2082 2086
2074 2070 2066 2062
2075 2079 2083 2087
2075 2071 2067 2063
2076 2080 2084 2088
2076 2072 2068 2064
2077 2081 2085 2089
2077 2073 2069 2065
2078 2082 2086 2090
2078 2074 2070 2066
2079 2083 2087 2091
2079 2075 2071 2067
2080 2084 2088 2092
2080 2076 2072 2068
2081 2085 2089 2093
2081 2077 2073 2069
2082 2086 2090 2094
2082 2078 2074 2070
2083 2087 2091 2095
2083 2079 2075 2071
2084 2088 2092 2096
2084 2080 2076 2072
2085 2089 2093 2098
2085 2081 2077 2073
2086 2090 2094 2099
2086 2082 2078 2074
2087 2091 2095 2100
2087 2083 2079 2075
2088 2092 2096 2097
2088 2084 2080 2076
2089 2093 2098 2102
2089 2085 2081 2077
2090 2094 2099 2103
2090 2086 2082 2078
2091 2095 2100 2104
2091 2087 2083 2079
2092 2096 2097 2101
2092 2088 2084 2080
2093 2098 2102 2106
2093 2089 2085 2081
2094 2099 2103 2107
2094 2090 2086 2082
2095 2100 2104 2108
2095 2091 2087 2083
2096 2097 2101 2105
2096 2092 2088 2084
2097 2101 2105 2109
2097 2096 2092 2088
2098 2102 2106 2110
2098 2093 2089 2085
2099 2103 2107 2111
2099 2094 2090 2086
2100 2104 2108 2112
2100 2095 2091 2087
2101 2105 2109 2113
2101 2097 2096 2092
2102 2106 2110 2114
2102 2098 2093 2089
2103 2107 2111 2115
2103 2099 2094 2090
2104 2108 2112 2116
2104 2100 2095 2091
2105 2109 2113 2118
2105 2101 2097 2096
2106 2110 2114 2120
2106 2102 2098 2093
2107 2111 2115 2121
2107 2103 2099 2094
2108 2112 2116 2117
2108 2104 2100 2095
2109 2113 2118 2119
2109 2105 2101 2097
2110 2114 2120 2124
2110 2106 2102 2098
2111 2115 2121 2125
2111 2107 2103 2099
2112 2116 2117 2122
2112 2108 2104 2100
2113 2118 2119 2123
2113 2109 2105 2101
2114 2120 2124 2128
2114 2110 2106 2102
2115 2121 2125 2129
2115 2111 2107 2103
2116 2117 2122 2126
2116 2112 2108 2104
2117 2122 2126 2130
2117 2116 2112 2108
2118 2119 2123 2127
2118 2113 2109 2105
2119 2123 2127 2132
2119 2118 2113 2109
2120 2124 2128 2133
2120 2114 2110 2106
2121 2125 2129 2134
2121 2115 2111 2107
2122 2126 2130 2131
2122 2117 2116 2112
2123 2127 2132 2136
2123 2119 2118 2113
2124 2128 2133 2137
2124 2120 2114 2110
2125 2129 2134 2138
2125 2121 2115 2111
2126 2130 2131 2135
2126 2122 2117 2116
2127 2132 2136 2140
2127 2123 2119 2118
2128 2133 2137 2141
2128 2124 2120 2114
2129 2134 2138 2142
2129 2125 2121 2115
2130 2131 2135 2139
2130 2126 2122 2117
2131 2135 2139 2143
2131 2130 2126 2122
2132 2136 2140 2145
2132 2127 2123 2119
2133 2137 2141 2146
2133 2128 2124 2120
2134 2138 2142 2147
2134 2129 2125 2121
2135 2139 2143 2144
2135 2131 2130 2126
2136 2140 2145 2149
2136 2132 2127 2123
2137 2141 2146 2151
2137 2133 2128 2124
2138 2142 2147 2152
2138 2134 2129 2125
2139 2143 2144 2148
2139 2135 2131 2130
2140 2145 2149 2150
2140 2136 2132 2127
2141 2146 2151 2155
2141 2137 2133 2128
2142 2147 2152 2156
2142 2138 2134 2129
2143 2144 2148 2153
2143 2139 2135 2131
2144 2148 2153 2157
2144 2143 2139 2135
2145 2149 2150 2154
2145 2140 2136 2132
2146 2151 2155 2160
2146 2141 2137 2133
2147 2152 2156 2161
2147 2142 2138 2134
2148 2153 2157 2162
2148 2144 2143 2139
2149 2150 2154 2158
2149 2145 2140 2136
2150 2154 2158 2159
2150 2149 2145 2140
2151 2155 2160 2164
2151 2146 2141 2137
2152 2156 2161 2165
2152 2147 2142 2138
2153 2157 2162 2166
2153 2148 2144 2143
2154 2158 2159 2163
2154 2150 2149 2145
2155 2160 2164 2169
2155 2151 2146 2141
2156 2161 2165 2170
2156 2152 2147 2142
2157 2162 2166 2171
2157 2153 2148 2144
2158 2159 2163 2167
2158 2154 2150 2149
2159 2163 2167 2168
2159 2158 2154 2150
2160 2164 2169 2173
2160 2155 2151 2146
2161 2165 2170 2174
2161 2156 2152 2147
2162 2166 2171 2175
2162 2157 2153 2148
2163 2167 2168 2172
2163 2159 2158 2154
2164 2169 2173 2177
2164 2160 2155 2151
2165 2170 2174 2178
2165 2161 2156 2152
2166 2171 2175 2179
2166 2162 2157 2153
2167 2168 2172 2176
2167 2163 2159 2158
2168 2172 2176 2180
2168 2167 2163 2159
2169 2173 2177 2181
2169 2164 2160 2155
2170 2174 2178 2182
2170 2165 2161 2156
2171 2175 2179 2183
2171 2166 2162 2157
2172 2176 2180 2184
2172 2168 2167 2163
2173 2177 2181 2185
2173 2169 2164 2160
2174 2178 2182 2186
2174 2170 2165 2161
2175 2179 2183 2187
2175 2171 2166 2162
2176 2180 2184 2189
2176 2172 2168 2167
2177 2181 2185 2191
2177 2173 2169 2164
2178 2182 2186 2192
2178 2174 2170 2165
2179 2183 2187 2188
2179 2175 2171 2166
2180 2184 2189 2190
2180 2176 2172 2168
2181 2185 2191 2195
2181 2177 2173 2169
2182 2186 2192 2196
2182 2178 2174 2170
2183 2187 2188 2193
2183 2179 2175 2171
2184 2189 2190 2194
2184 2180 2176 2172
2185 2191 2195 2201
2185 2181 2177 2173
2186 2192 2196 2202
2186 2182 2178 2174
2187 2188 2193 2197
2187 2183 2179 2175
2188 2193 2197 2198
2188 2187 2183 2179
2189 2190 2194 2199
2189 2184 2180 2176
2190 2194 2199 2200
2190 2189 2184 2180
2191 2195 2201 2205
2191 2185 2181 2177
2192 2196 2202 2206
2192 2186 2182 2178
2193 2197 2198 2203
2193 2188 2187 2183
2194 2199 2200 2204
2194 2190 2189 2184
2195 2201 2205 2209
2195 2191 2185 2181
2196 2202 2206 2210
2196 2192 2186 2182
2197 2198 2203 2207
2197 2193 2188 2187
2198 2203 2207 2211
2198 2197 2193 2188
2199 2200 2204 2208
2199 2194 2190 2189
2200 2204 2208 2212
2200 2199 2194 2190
2201 2205 2209 2214
2201 2195 2191 2185
2202 2206 2210 2215
2202 2196 2192 2186
2203 2207 2211 2216
2203 2198 2197 2193
2204 2208 2212 2213
2204 2200 2199 2194
2205 2209 2214 2219
2205 2201 2195 2191
2206 2210 2215 2220
2206 2202 2196 2192
2207 2211 2216 2217
2207 2203 2198 2197
2208 2212 2213 2218
2208 2204 2200 2199
2209 2214 2219 2224
2209 2205 2201 2195
2210 2215 2220 2225
2210 2206 2202 2196
2211 2216 2217 2221
2211 2207 2203 2198
2212 2213 2218 2222
2212 2208 2204 2200
2213 2218 2222 2223
2213 2212 2208 2204
2214 2219 2224 2229
2214 2209 2205 2201
2215 2220 2225 2230
2215 2210 2206 2202
2216 2217 2221 2226
2216 2211 2207 2203
2217 2221 2226 2227
2217 2216 2211 2207
2218 2222 2223 2228
2218 2213 2212 2208
2219 2224 2229 2233
2219 2214 2209 2205
2220 2225 2230 2234
2220 2215 2210 2206
2221 2226 2227 2231
2221 2217 2216 2211
2222 2223 2228 2232
2222 2218 2213 2212
2223 2228 2232 2237
2223 2222 2218 2213
2224 2229 2233 2239
2224 2219 2214 2209
2225 2230 2234 2240
2225 2220 2215 2210
2226 2227 2231 2235
2226 2221 2217 2216
2227 2231 2235 2236
2227 2226 2221 2217
2228 2232 2237 2238
2228 2223 2222 2218
2229 2233 2239 2244
2229 2224 2219 2214
2230 2234 2240 2245
2230 2225 2220 2215
2231 2235 2236 2241
2231 2227 2226 2221
2232 2237 2238 2243
2232 2228 2223 2222
2233 2239 2244 2249
2233 2229 2224 2219
2234 2240 2245 2251
2234 2230 2225 2220
2235 2236 2241 2242
2235 2231 2227 2226
2236 2241 2242 2246
2236 2235 2231 2227
2237 2238 2243 2247
2237 2232 2228 2223
2238 2243 2247 2248
2238 2237 2232 2228
2239 2244 2249 2256
2239 2233 2229 2224
2240 2245 2251 2250
2240 2234 2230 2225
2241 2242 2246 2252
2241 2236 2235 2231
2242 2246 2252 2253
2242 2241 2236 2235
2243 2247 2248 2254
2243 2238 2237 2232
2244 2249 2256 2262
2244 2239 2233 2229
2245 2251 2250 2258
2245 2240 2234 2230
2246 2252 2253 2259
2246 2242 2241 2236
2247 2248 2254 2255
2247 2243 2238 2237
2248 2254 2255 2261
2248 2247 2243 2238
2249 2256 2262 2270
2249 2244 2239 2233
2250 2258 2257 2265
2250 2251 2245 2240
2251 2250 2258 2257
2251 2245 2240 2234
2252 2253 2259 2260
2252 2246 2242 2241
2253 2259 2260 2266
2253 2252 2246 2242
2254 2255 2261 2268
2254 2248 2247 2243
2255 2261 2268 2269
2255 2254 2248 2247
2256 2262 2270 2276
2256 2249 2244 2239
2257 2265 2264 2263
2257 2258 2250 2251
2258 2257 2265 2264
2258 2250 2251 2245
2259 2260 2266 2267
2259 2253 2252 2246
2260 2266 2267 2273
2260 2259 2253 2252
2261 2268 2269 2274
2261 2255 2254 2248
2262 2270 2276 2282
2262 2256 2249 2244
2263 2272 2271 2279
2263 2264 2265 2257
2264 2263 2272 2271
2264 2265 2257 2258
2265 2264 2263 2272
2265 2257 2258 2250
2266 2267 2273 2280
2266 2260 2259 2253
2267 2273 2280 2285
2267 2266 2260 2259
2268 2269 2274 2275
2268 2261 2255 2254
2269 2274 2275 2281
2269 2268 2261 2255
2270 2276 2282 2288
2270 2262 2256 2249
2271 2279 2278 2277
2271 2272 2263 2264
2272 2271 2279 2278
2272 2263 2264 2265
2273 2280 2285 2286
2273 2267 2266 2260
2274 2275 2281 2287
2274 2269 2268 2261
2275 2281 2287 2294
2275 2274 2269 2268
2276 2282 2288 2296
2276 2270 2262 2256
2277 2284 2283 2291
2277 2278 2279 2271
2278 2277 2284 2283
2278 2279 2271 2272
2279 2278 2277 2284
2279 2271 2272 2263
2280 2285 2286 2292
2280 2273 2267 2266
2281 2287 2294 2295
2281 2275 2274 2269
2282 2288 2296 2303
2282 2276 2270 2262
2283 2291 2290 2289
2283 2284 2277 2278
2284 2283 2291 2290
2284 2277 2278 2279
2285 2286 2292 2293
2285 2280 2273 2267
2286 2292 2293 2299
2286 2285 2280 2273
2287 2294 2295 2301
2287 2281 2275 2274
2288 2296 2303 2310
2288 2282 2276 2270
2289 2298 2297 2306
2289 2290 2291 2283
2290 2289 2298 2297
2290 2291 2283 2284
2291 2290 2289 2298
2291 2283 2284 2277
2292 2293 2299 2300
2292 2286 2285 2280
2293 2299 2300 2307
2293 2292 2286 2285
2294 2295 2301 2302
2294 2287 2281 2275
2295 2301 2302 2309
2295 2294 2287 2281
2296 2303 2310 2316
2296 2288 2282 2276
2297 2306 2305 2304
2297 2298 2289 2290
2298 2297 2306 2305
2298 2289 2290 2291
2299 2300 2307 2308
2299 2293 2292 2286
2300 2307 2308 2313
2300 2299 2293 2292
2301 2302 2309 2315
2301 2295 2294 2287
2302 2309 2315 2322
2302 2301 2295 2294
2303 2310 2316 2324
2303 2296 2288 2282
2304 2312 2311 2319
2304 2305 2306 2297
2305 2304 2312 2311
2305 2306 2297 2298
2306 2305 2304 2312
2306 2297 2298 2289
2307 2308 2313 2314
2307 2300 2299 2293
2308 2313 2314 2320
2308 2307 2300 2299
2309 2315 2322 2323
2309 2302 2301 2295
2310 2316 2324 2331
2310 2303 2296 2288
2311 2319 2318 2317
2311 2312 2304 2305
2312 2311 2319 2318
2312 2304 2305 2306
2313 2314 2320 2321
2313 2308 2307 2300
2314 2320 2321 2327
2314 2313 2308 2307
2315 2322 2323 2329
2315 2309 2302 2301
2316 2324 2331 2339
2316 2310 2303 2296
2317 2326 2325 2334
2317 2318 2319 2311
2318 2317 2326 2325
2318 2319 2311 2312
2319 2318 2317 2326
2319 2311 2312 2304
2320 2321 2327 2328
2320 2314 2313 2308
2321 2327 2328 2335
2321 2320 2314 2313
2322 2323 2329 2330
2322 2315 2309 2302
2323 2329 2330 2337
2323 2322 2315 2309
2324 2331 2339 2346
2324 2316 2310 2303
2325 2334 2333 2332
2325 2326 2317 2318
2326 2325 2334 2333
2326 2317 2318 2319
2327 2328 2335 2336
2327 2321 2320 2314
2328 2335 2336 2342
2328 2327 2321 2320
2329 2330 2337 2338
2329 2323 2322 2315
2330 2337 2338 2344
2330 2329 2323 2322
2331 2339 2346 2353
2331 2324 2316 2310
2332 2341 2340 2349
2332 2333 2334 2325
2333 2332 2341 2340
2333 2334 2325 2326
2334 2333 2332 2341
2334 2325 2326 2317
2335 2336 2342 2343
2335 2328 2327 2321
2336 2342 2343 2350
2336 2335 2328 2327
2337 2338 2344 2345
2337 2338 2344 2351
2337 2330 2329 2323
2338 2344 2345 2351
2338 2344 2345 2352
2338 2337 2330 2329
2339 2346 2353 2358
2339 2331 2324 2316
2340 2349 2348 2347
2340 2341 2332 2333
2341 2340 2349 2348
2341 2332 2333 2334
2342 2343 2350 2356
2342 2336 2335 2328
2343 2350 2356 2357
2343 2342 2336 2335
2344 2345 2351 2352
2344 2338 2337 2330
2345 2351 2352 -1
2345 2344 2338 2337
2346 2353 2358 2365
2346 2339 2331 2324
2347 2355 2354 2361
2347 2348 2349 2340
2348 2347 2355 2354
2348 2349 2340 2341
2349 2348 2347 2355
2349 2340 2341 2332
2350 2356 2357 2362
2350 2343 2342 2336
2351 2345 2344 2338
2351 2345 2344 2337
2352 2351 2345 2344
2353 2358 2365 2370
2353 2346 2339 2331
2354 2361 2360 2359
2354 2355 2347 2348
2355 2354 2361 2360
2355 2347 2348 2349
2356 2357 2362 2363
2356 2350 2343 2342
2357 2362 2363 2364
2357 2356 2350 2343
2358 2365 2370 -1
2358 2353 2346 2339
2359 2367 2366 2373
2359 2360 2361 2354
2360 2359 2367 2366
2360 2361 2354 2355
2361 2360 2359 2367
2361 2354 2355 2347
2362 2363 2364 2368
2362 2357 2356 2350
2363 2364 2368 2369
2363 2362 2357 2356
2364 2368 2369 2374
2364 2363 2362 2357
2365 2358 2353 2346
2366 2373 2372 2371
2366 2367 2359 2360
2367 2366 2373 2372
2367 2359 2360 2361
2368 2369 2374 2375
2368 2364 2363 2362
2369 2374 2375 2378
2369 2368 2364 2363
2370 2365 2358 2353
2371 2377 2376 2382
2371 2372 2373 2366
2372 2371 2377 2376
2372 2373 2366 2367
2373 2372 2371 2377
2373 2366 2367 2359
2374 2375 2378 2379
2374 2369 2368 2364
2375 2378 2379 2383
2375 2374 2369 2368
2376 2382 2381 2380
2376 2377 2371 2372
2377 2376 2382 2381
2377 2371 2372 2373
2378 2379 2383 2384
2378 2375 2374 2369
2379 2383 2384 2385
2379 2378 2375 2374
2380 2387 2386 2403
2380 2381 2382 2376
2381 2380 2387 2386
2381 2382 2376 2377
2382 2381 2380 2387
2382 2376 2377 2371
2383 2384 2385 2388
2383 2379 2378 2375
2384 2385 2388 2389
2384 2383 2379 2378
2385 2388 2389 2390
2385 2384 2383 2379
2386 2403 2402 2401
2386 2387 2380 2381
2387 2386 2403 2402
2387 2380 2381 2382
2388 2389 2390 2391
2388 2385 2384 2383
2389 2390 2391 2392
2389 2388 2385 2384
2390 2391 2392 2393
2390 2389 2388 2385
2391 2392 2393 2394
2391 2390 2389 2388
2392 2393 2394 2395
2392 2391 2390 2389
2393 2394 2395 2396
2393 2392 2391 2390
2394 2395 2396 2397
2394 2393 2392 2391
2395 2396 2397 2398
2395 2394 2393 2392
2396 2397 2398 2399
2396 2395 2394 2393
2397 2398 2399 2400
2397 2396 2395 2394
2398 2399 2400 2404
2398 2397 2396 2395
2399 2400 2404 2405
2399 2398 2397 2396
2400 2404 2405 2406
2400 2399 2398 2397
2401 2449 2448 2508
2401 2402 2403 2386
2402 2401 2449 2448
2402 2403 2386 2387
2403 2402 2401 2449
2403 2386 2387 2380
2404 2405 2406 2407
2404 2400 2399 2398
2405 2406 2407 2408
2405 2404 2400 2399
2406 2407 2408 2409
2406 2405 2404 2400
2407 2408 2409 2410
2407 2406 2405 2404
2408 2409 2410 2411
2408 2407 2406 2405
2409 2410 2411 2412
2409 2408 2407 2406
2410 2411 2412 2413
2410 2409 2408 2407
2411 2412 2413 2414
2411 2410 2409 2408
2412 2413 2414 2415
2412 2411 2410 2409
2413 2414 2415 2416
2413 2412 2411 2410
2414 2415 2416 2417
2414 2413 2412 2411
2415 2416 2417 2418
2415 2414 2413 2412
2416 2417 2418 2419
2416 2415 2414 2413
2417 2418 2419 2420
2417 2416 2415 2414
2418 2419 2420 2421
2418 2417 2416 2415
2419 2420 2421 2422
2419 2418 2417 2416
2420 2421 2422 2423
2420 2419 2418 2417
2421 2422 2423 2424
2421 2420 2419 2418
2422 2423 2424 2425
2422 2421 2420 2419
2423 2424 2425 2426
2423 2422 2421 2420
2424 2425 2426 2427
2424 2423 2422 2421
2425 2426 2427 2428
2425 2424 2423 2422
2426 2427 2428 2429
2426 2425 2424 2423
2427 2428 2429 2430
2427 2426 2425 2424
2428 2429 2430 2431
2428 2427 2426 2425
2429 2430 2431 2432
2429 2428 2427 2426
2430 2431 2432 2433
2430 2429 2428 2427
2431 2432 2433 2434
2431 2430 2429 2428
2432 2433 2434 2435
2432 2431 2430 2429
2433 2434 2435 2436
2433 2432 2431 2430
2434 2435 2436 2437
2434 2433 2432 2431
2435 2436 2437 2438
2435 2434 2433 2432
2436 2437 2438 2439
2436 2435 2434 2433
2437 2438 2439 2440
2437 2436 2435 2434
2438 2439 2440 2441
2438 2437 2436 2435
2439 2440 2441 2442
2439 2438 2437 2436
2440 2441 2442 2443
2440 2439 2438 2437
2441 2442 2443 2444
2441 2440 2439 2438
2442 2443 2444 2445
2442 2441 2440 2439
2443 2444 2445 2446
2443 2442 2441 2440
2444 2445 2446 2447
2444 2443 2442 2441
2445 2446 2447 2450
2445 2444 2443 2442
2446 2447 2450 2451
2446 2445 2444 2443
2447 2450 2451 2452
2447 2446 2445 2444
2448 2508 2507 2506
2448 2449 2401 2402
2449 2448 2508 2507
2449 2401 2402 2403
2450 2451 2452 2453
2450 2447 2446 2445
2451 2452 2453 2454
2451 2450 2447 2446
2452 2453 2454 2455
2452 2451 2450 2447
2453 2454 2455 2456
2453 2452 2451 2450
2454 2455 2456 2457
2454 2453 2452 2451
2455 2456 2457 2458
2455 2454 2453 2452
2456 2457 2458 2459
2456 2455 2454 2453
2457 2458 2459 2460
2457 2456 2455 2454
2458 2459 2460 2461
2458 2457 2456 2455
2459 2460 2461 2462
2459 2458 2457 2456
2460 2461 2462 2463
2460 2459 2458 2457
2461 2462 2463 2464
2461 2460 2459 2458
2462 2463 2464 2465
2462 2461 2460 2459
2463 2464 2465 2466
2463 2462 2461 2460
2464 2465 2466 2467
2464 2463 2462 2461
2465 2466 2467 2468
2465 2464 2463 2462
2466 2467 2468 2469
2466 2465 2464 2463
2467 2468 2469 2470
2467 2466 2465 2464
2468 2469 2470 2471
2468 2467 2466 2465
2469 2470 2471 2472
2469 2468 2467 2466
2470 2471 2472 2473
2470 2469 2468 2467
2471 2472 2473 2474
2471 2470 2469 2468
2472 2473 2474 2475
2472 2471 2470 2469
2473 2474 2475 2476
2473 2472 2471 2470
2474 2475 2476 2477
2474 2473 2472 2471
2475 2476 2477 2478
2475 2474 2473 2472
2476 2477 2478 2479
2476 2475 2474 2473
2477 2478 2479 2480
2477 2476 2475 2474
2478 2479 2480 2481
2478 2477 2476 2475
2479 2480 2481 2482
2479 2478 2477 2476
2480 2481 2482 2483
2480 2479 2478 2477
2481 2482 2483 2484
2481 2480 2479 2478
2482 2483 2484 2485
2482 2481 2480 2479
2483 2484 2485 2486
2483 2482 2481 2480
2484 2485 2486 2487
2484 2483 2482 2481
2485 2486 2487 2488
2485 2484 2483 2482
2486 2487 2488 2489
2486 2485 2484 2483
2487 2488 2489 2490
2487 2486 2485 2484
2488 2489 2490 2491
2488 2487 2486 2485
2489 2490 2491 2492
2489 2488 2487 2486
2490 2491 2492 2493
2490 2489 2488 2487
2491 2492 2493 2494
2491 2490 2489 2488
2492 2493 2494 2495
2492 2491 2490 2489
2493 2494 2495 2496
2493 2492 2491 2490
2494 2495 2496 2497
2494 2493 2492 2491
2495 2496 2497 2498
2495 2494 2493 2492
2496 2497 2498 2499
2496 2495 2494 2493
2497 2498 2499 2500
2497 2496 2495 2494
2498 2499 2500 2501
2498 2497 2496 2495
2499 2500 2501 2502
2499 2498 2497 2496
2500 2501 2502 2503
2500 2499 2498 2497
2501 2502 2503 2504
2501 2500 2499 2498
2502 2503 2504 2505
2502 2501 2500 2499
2503 2502 2501 2500
2503 2504 2505 2506
2504 2503 2502 2501
2504 2505 2506 2507
2505 2504 2503 2502
2505 2506 2507 2508
2506 2505 2504 2503
2506 2507 2508 2448
2507 2506 2505 2504
2507 2508 2448 2449
2508 2507 2506 2505
2508 2448 2449 2401
