0 44 43 42
0 1 2 3
1 0 44 43
1 2 3 4
2 1 0 44
2 3 4 5
3 2 1 0
3 4 5 6
4 3 2 1
4 5 6 7
5 4 3 2
5 6 7 8
6 5 4 3
6 7 8 9
7 6 5 4
7 8 9 10
8 7 6 5
8 9 10 11
9 10 11 12
9 8 7 6
10 11 12 13
10 9 8 7
11 12 13 14
11 10 9 8
12 13 14 15
12 11 10 9
13 14 15 16
13 12 11 10
14 15 16 17
14 13 12 11
15 16 17 18
15 14 13 12
16 17 18 19
16 15 14 13
17 18 19 20
17 16 15 14
18 19 20 21
18 17 16 15
19 20 21 22
19 18 17 16
20 21 22 23
20 19 18 17
21 22 23 24
21 20 19 18
22 23 24 25
22 21 20 19
23 24 25 26
23 22 21 20
24 25 26 27
24 23 22 21
25 26 27 28
25 24 23 22
26 27 28 29
26 25 24 23
27 28 29 30
27 26 25 24
28 29 30 31
28 27 26 25
29 30 31 32
29 28 27 26
30 31 32 33
30 29 28 27
31 32 33 34
31 30 29 28
32 33 34 35
32 31 30 29
33 34 35 36
33 32 31 30
34 35 36 37
34 33 32 31
35 36 37 38
35 34 33 32
36 37 38 45
36 35 34 33
37 38 45 46
37 36 35 34
38 45 46 47
38 37 36 35
39 72 71 70
39 40 41 42
40 39 72 71
40 41 42 43
41 40 39 72
41 42 43 44
42 41 40 39
42 43 44 0
43 42 41 40
43 44 0 1
44 43 42 41
44 0 1 2
45 46 47 48
45 38 37 36
46 47 48 49
46 45 38 37
47 48 49 50
47 46 45 38
48 49 50 51
48 47 46 45
49 50 51 52
49 48 47 46
50 51 52 53
50 49 48 47
51 52 53 54
51 50 49 48
52 53 54 55
52 51 50 49
53 54 55 56
53 52 51 50
54 55 56 57
54 53 52 51
55 56 57 58
55 54 53 52
56 57 58 59
56 55 54 53
57 58 59 60
57 56 55 54
58 59 60 61
58 57 56 55
59 60 61 62
59 58 57 56
60 61 62 63
60 59 58 57
61 62 63 64
61 60 59 58
62 63 64 65
62 61 60 59
63 64 65 73
63 62 61 60
64 65 73 74
64 63 62 61
65 73 74 75
65 64 63 62
66 108 107 106
66 67 68 69
67 66 108 107
67 68 69 70
68 67 66 108
68 69 70 71
69 68 67 66
69 70 71 72
70 69 68 67
70 71 72 39
71 70 69 68
71 72 39 40
72 71 70 69
72 39 40 41
73 74 75 76
73 65 64 63
74 75 76 77
74 73 65 64
75 76 77 78
75 74 73 65
76 77 78 79
76 75 74 73
77 78 79 80
77 76 75 74
78 79 80 81
78 77 76 75
79 80 81 82
79 78 77 76
80 81 82 83
80 79 78 77
81 82 83 84
81 80 79 78
82 83 84 85
82 81 80 79
83 84 85 86
83 82 81 80
84 85 86 87
84 83 82 81
85 86 87 88
85 84 83 82
86 87 88 89
86 85 84 83
87 88 89 90
87 86 85 84
88 89 90 91
88 87 86 85
89 90 91 92
89 88 87 86
90 91 92 93
90 89 88 87
91 92 93 94
91 90 89 88
92 93 94 95
92 91 90 89
93 94 95 96
93 92 91 90
94 95 96 97
94 93 92 91
95 96 97 98
95 94 93 92
96 97 98 99
96 95 94 93
97 98 99 100
97 96 95 94
98 99 100 101
98 97 96 95
99 100 101 102
99 98 97 96
100 101 102 109
100 99 98 97
101 102 109 110
101 100 99 98
102 109 110 111
102 101 100 99
103 136 135 134
103 104 105 106
104 103 136 135
104 105 106 107
105 104 103 136
105 106 107 108
106 105 104 103
106 107 108 66
107 106 105 104
107 108 66 67
108 107 106 105
108 66 67 68
109 110 111 112
109 102 101 100
110 111 112 113
110 109 102 101
111 112 113 114
111 110 109 102
112 113 114 115
112 111 110 109
113 114 115 116
113 112 111 110
114 115 116 117
114 113 112 111
115 116 117 118
115 114 113 112
116 117 118 119
116 115 114 113
117 118 119 120
117 116 115 114
118 119 120 121
118 117 116 115
119 120 121 122
119 118 117 116
120 121 122 123
120 119 118 117
121 122 123 124
121 120 119 118
122 123 124 125
122 121 120 119
123 124 125 126
123 122 121 120
124 125 126 127
124 123 122 121
125 126 127 128
125 124 123 122
126 127 128 129
126 125 124 123
127 128 129 130
127 126 125 124
128 129 130 137
128 127 126 125
129 130 137 138
129 128 127 126
130 137 138 139
130 129 128 127
131 145 144 143
131 132 133 134
132 131 145 144
132 133 134 135
133 132 131 145
133 134 135 136
134 133 132 131
134 135 136 103
135 134 133 132
135 136 103 104
136 135 134 133
136 103 104 105
137 138 139 140
137 130 129 128
138 139 140 147
138 137 130 129
139 140 147 148
139 138 137 130
140 147 148 155
140 139 138 137
141 153 152 151
141 142 143 144
142 141 153 152
142 143 144 145
143 142 141 153
143 144 145 131
144 143 142 141
144 145 131 132
145 144 143 142
145 131 132 133
146 154 162 170
147 148 155 156
147 140 139 138
148 155 156 163
148 147 140 139
149 161 160 159
149 150 151 152
150 149 161 160
150 151 152 153
151 150 149 161
151 152 153 141
152 151 150 149
152 153 141 142
153 152 151 150
153 141 142 143
154 162 170 169
155 156 163 171
155 148 147 140
156 163 171 177
156 155 148 147
157 168 167 166
157 158 159 160
158 157 168 167
158 159 160 161
159 158 157 168
159 160 161 149
160 159 158 157
160 161 149 150
161 160 159 158
161 149 150 151
162 170 169 176
162 154 146 -1
163 171 177 183
163 156 155 148
164 175 174 173
164 165 166 167
165 164 175 174
165 166 167 168
166 165 164 175
166 167 168 157
167 166 165 164
167 168 157 158
168 167 166 165
168 157 158 159
169 176 182 189
169 170 162 154
170 169 176 182
170 162 154 146
171 177 183 190
171 163 156 155
172 181 180 179
172 173 174 175
173 172 181 180
173 174 175 164
174 173 172 181
174 175 164 165
175 174 173 172
175 164 165 166
176 182 189 188
176 169 170 162
177 183 190 196
177 171 163 156
178 187 186 185
178 179 180 181
179 178 187 186
179 180 181 172
180 179 178 187
180 181 172 173
181 180 179 178
181 172 173 174
182 189 188 195
182 176 169 170
183 190 196 201
183 177 171 163
184 194 193 192
184 185 186 187
185 184 194 193
185 186 187 178
186 185 184 194
186 187 178 179
187 186 185 184
187 178 179 180
188 195 200 207
188 189 182 176
189 188 195 200
189 182 176 169
190 196 201 208
190 183 177 171
191 199 198 197
191 192 193 194
192 191 199 198
192 193 194 184
193 192 191 199
193 194 184 185
194 193 192 191
194 184 185 186
195 200 207 206
195 188 189 182
196 201 208 213
196 190 183 177
197 205 204 203
197 198 199 191
198 197 205 204
198 199 191 192
199 198 197 205
199 191 192 193
200 207 206 212
200 195 188 189
201 208 213 218
201 196 190 183
202 211 210 209
202 203 204 205
203 202 211 210
203 204 205 197
204 203 202 211
204 205 197 198
205 204 203 202
205 197 198 199
206 212 217 222
206 207 200 195
207 206 212 217
207 200 195 188
208 213 218 223
208 201 196 190
209 216 215 214
209 210 211 202
210 209 216 215
210 211 202 203
211 210 209 216
211 202 203 204
212 217 222 227
212 206 207 200
213 218 223 228
213 208 201 196
214 221 220 219
214 215 216 209
215 214 221 220
215 216 209 210
216 215 214 221
216 209 210 211
217 222 227 231
217 212 206 207
218 223 228 232
218 213 208 201
219 226 225 224
219 220 221 214
220 219 226 225
220 221 214 215
221 220 219 226
221 214 215 216
222 227 231 235
222 217 212 206
223 228 232 236
223 218 213 208
224 230 229 234
224 225 226 219
225 224 230 229
225 226 219 220
226 225 224 230
226 219 220 221
227 231 235 240
227 222 217 212
228 232 236 241
228 223 218 213
229 234 233 238
229 230 224 225
230 229 234 233
230 224 225 226
231 235 240 239
231 227 222 217
232 236 241 245
232 228 223 218
233 238 237 243
233 234 229 230
234 233 238 237
234 229 230 224
235 240 239 244
235 231 227 222
236 241 245 249
236 232 228 223
237 243 242 247
237 238 233 234
238 237 243 242
238 233 234 229
239 244 248 252
239 240 235 231
240 239 244 248
240 235 231 227
241 245 249 253
241 236 232 228
242 247 246 251
242 243 237 238
243 242 247 246
243 237 238 233
244 248 252 257
244 239 240 235
245 249 253 258
245 241 236 232
246 251 250 255
246 247 242 243
247 246 251 250
247 242 243 237
248 252 257 256
248 244 239 240
249 253 258 262
249 245 241 236
250 255 254 260
250 251 246 247
251 250 255 254
251 246 247 242
252 257 256 261
252 248 244 239
253 258 262 266
253 249 245 241
254 260 259 264
254 255 250 251
255 254 260 259
255 250 251 246
256 261 265 269
256 257 252 248
257 256 261 265
257 252 248 244
258 262 266 270
258 253 249 245
259 264 263 268
259 260 254 255
260 259 264 263
260 254 255 250
261 265 269 273
261 256 257 252
262 266 270 274
262 258 253 249
263 268 267 272
263 264 259 260
264 263 268 267
264 259 260 254
265 269 273 276
265 261 256 257
266 270 274 277
266 262 258 253
267 272 271 275
267 268 263 264
268 267 272 271
268 263 264 259
269 273 276 279
269 265 261 256
270 274 277 280
270 266 262 258
271 275 278 282
271 272 267 268
272 271 275 278
272 267 268 263
273 276 279 283
273 269 265 261
274 277 280 284
274 270 266 262
275 278 282 281
275 271 272 267
276 279 283 287
276 273 269 265
277 280 284 288
277 274 270 266
278 282 281 286
278 275 271 272
279 283 287 291
279 276 273 269
280 284 288 292
280 277 274 270
281 286 285 289
281 282 278 275
282 281 286 285
282 278 275 271
283 287 291 290
283 279 276 273
284 288 292 295
284 280 277 274
285 289 293 297
285 286 281 282
286 285 289 293
286 281 282 278
287 291 290 294
287 283 279 276
288 292 295 299
288 284 280 277
289 293 297 296
289 285 286 281
290 294 298 301
290 291 287 283
291 290 294 298
291 287 283 279
292 295 299 302
292 288 284 280
293 297 296 300
293 289 285 286
294 298 301 304
294 290 291 287
295 299 302 305
295 292 288 284
296 300 303 307
296 297 293 289
297 296 300 303
297 293 289 285
298 301 304 309
298 294 290 291
299 302 305 310
299 295 292 288
300 303 307 306
300 296 297 293
301 304 309 308
301 298 294 290
302 305 310 313
302 299 295 292
303 307 306 311
303 300 296 297
304 309 308 312
304 301 298 294
305 310 313 317
305 302 299 295
306 311 315 314
306 307 303 300
307 306 311 315
307 303 300 296
308 312 316 319
308 309 304 301
309 308 312 316
309 304 301 298
310 313 317 320
310 305 302 299
311 315 314 318
311 306 307 303
312 316 319 322
312 308 309 304
313 317 320 323
313 310 305 302
314 318 321 324
314 315 311 306
315 314 318 321
315 311 306 307
316 319 322 325
316 312 308 309
317 320 323 326
317 313 310 305
318 321 324 327
318 314 315 311
319 322 325 328
319 316 312 308
320 323 326 329
320 317 313 310
321 324 327 330
321 318 314 315
322 325 328 331
322 319 316 312
323 326 329 332
323 320 317 313
324 327 330 333
324 321 318 314
325 328 331 334
325 322 319 316
326 329 332 335
326 323 320 317
327 330 333 337
327 324 321 318
328 331 334 338
328 325 322 319
329 332 335 339
329 326 323 320
330 333 337 336
330 327 324 321
331 334 338 341
331 328 325 322
332 335 339 342
332 329 326 323
333 337 336 340
333 330 327 324
334 338 341 344
334 331 328 325
335 339 342 345
335 332 329 326
336 340 343 346
336 337 333 330
337 336 340 343
337 333 330 327
338 341 344 347
338 334 331 328
339 342 345 348
339 335 332 329
340 343 346 349
340 336 337 333
341 344 347 350
341 338 334 331
342 345 348 351
342 339 335 332
343 346 349 352
343 340 336 337
344 347 350 353
344 341 338 334
345 348 351 354
345 342 339 335
346 349 352 355
346 343 340 336
347 350 353 356
347 344 341 338
348 351 354 357
348 345 342 339
349 352 355 358
349 346 343 340
350 353 356 360
350 347 344 341
351 354 357 361
351 348 345 342
352 355 358 362
352 349 346 343
353 356 360 359
353 350 347 344
354 357 361 364
354 351 348 345
355 358 362 366
355 352 349 346
356 360 359 363
356 353 350 347
357 361 364 368
357 354 351 348
358 362 366 365
358 355 352 349
359 363 367 370
359 360 356 353
360 359 363 367
360 356 353 350
361 364 368 371
361 357 354 351
362 366 365 369
362 358 355 352
363 367 370 373
363 359 360 356
364 368 371 374
364 361 357 354
365 369 372 375
365 366 362 358
366 365 369 372
366 362 358 355
367 370 373 376
367 363 359 360
368 371 374 377
368 364 361 357
369 372 375 378
369 365 366 362
370 373 376 379
370 367 363 359
371 374 377 380
371 368 364 361
372 375 378 381
372 369 365 366
373 376 379 382
373 370 367 363
374 377 380 383
374 371 368 364
375 378 381 384
375 372 369 365
376 379 382 385
376 373 370 367
377 380 383 386
377 374 371 368
378 381 384 387
378 375 372 369
379 382 385 388
379 376 373 370
380 383 386 389
380 377 374 371
381 384 387 390
381 378 375 372
382 385 388 391
382 379 376 373
383 386 389 392
383 380 377 374
384 387 390 393
384 381 378 375
385 388 391 394
385 382 379 376
386 389 392 395
386 383 380 377
387 390 393 397
387 384 381 378
388 391 394 398
388 385 382 379
389 392 395 399
389 386 383 380
390 393 397 396
390 387 384 381
391 394 398 401
391 388 385 382
392 395 399 402
392 389 386 383
393 397 396 400
393 390 387 384
394 398 401 404
394 391 388 385
395 399 402 405
395 392 389 386
396 400 403 407
396 397 393 390
397 396 400 403
397 393 390 387
398 401 404 408
398 394 391 388
399 402 405 406
399 395 392 389
400 403 407 410
400 396 397 393
401 404 408 411
401 398 394 391
402 405 406 409
402 399 395 392
403 407 410 413
403 400 396 397
404 408 411 414
404 401 398 394
405 406 409 412
405 402 399 395
406 409 412 415
406 405 402 399
407 410 413 416
407 403 400 396
408 411 414 417
408 404 401 398
409 412 415 418
409 406 405 402
410 413 416 420
410 407 403 400
411 414 417 421
411 408 404 401
412 415 418 419
412 409 406 405
413 416 420 423
413 410 407 403
414 417 421 424
414 411 408 404
415 418 419 422
415 412 409 406
416 420 423 426
416 413 410 407
417 421 424 427
417 414 411 408
418 419 422 425
418 415 412 409
419 422 425 428
419 418 415 412
420 423 426 429
420 416 413 410
421 424 427 430
421 417 414 411
422 425 428 431
422 419 418 415
423 426 429 432
423 420 416 413
424 427 430 433
424 421 417 414
425 428 431 434
425 422 419 418
426 429 432 435
426 423 420 416
427 430 433 436
427 424 421 417
428 431 434 437
428 425 422 419
429 432 435 438
429 426 423 420
430 433 436 439
430 427 424 421
431 434 437 440
431 428 425 422
432 435 438 441
432 429 426 423
433 436 439 442
433 430 427 424
434 437 440 443
434 431 428 425
435 438 441 445
435 432 429 426
436 439 442 446
436 433 430 427
437 440 443 447
437 434 431 428
438 441 445 444
438 435 432 429
439 442 446 449
439 436 433 430
440 443 447 450
440 437 434 431
441 445 444 448
441 438 435 432
442 446 449 452
442 439 436 433
443 447 450 453
443 440 437 434
444 448 451 456
444 445 441 438
445 444 448 451
445 441 438 435
446 449 452 457
446 442 439 436
447 450 453 454
447 443 440 437
448 451 456 455
448 444 445 441
449 452 457 460
449 446 442 439
450 453 454 458
450 447 443 440
451 456 455 459
451 448 444 445
452 457 460 463
452 449 446 442
453 454 458 461
453 450 447 443
454 458 461 464
454 453 450 447
455 459 462 465
455 456 451 448
456 455 459 462
456 451 448 444
457 460 463 466
457 452 449 446
458 461 464 467
458 454 453 450
459 462 465 469
459 455 456 451
460 463 466 470
460 457 452 449
461 464 467 468
461 458 454 453
462 465 469 472
462 459 455 456
463 466 470 473
463 460 457 452
464 467 468 471
464 461 458 454
465 469 472 475
465 462 459 455
466 470 473 476
466 463 460 457
467 468 471 474
467 464 461 458
468 471 474 477
468 467 464 461
469 472 475 478
469 465 462 459
470 473 476 479
470 466 463 460
471 474 477 480
471 468 467 464
472 475 478 481
472 469 465 462
473 476 479 482
473 470 466 463
474 477 480 484
474 471 468 467
475 478 481 485
475 472 469 465
476 479 482 483
476 473 470 466
477 480 484 487
477 474 471 468
478 481 485 488
478 475 472 469
479 482 483 486
479 476 473 470
480 484 487 490
480 477 474 471
481 485 488 491
481 478 475 472
482 483 486 489
482 479 476 473
483 486 489 492
483 482 479 476
484 487 490 493
484 480 477 474
485 488 491 494
485 481 478 475
486 489 492 495
486 483 482 479
487 490 493 496
487 484 480 477
488 491 494 497
488 485 481 478
489 492 495 498
489 486 483 482
490 493 496 499
490 487 484 480
491 494 497 500
491 488 485 481
492 495 498 501
492 489 486 483
493 496 499 502
493 490 487 484
494 497 500 505
494 491 488 485
495 498 501 506
495 492 489 486
496 499 502 503
496 493 490 487
497 500 505 504
497 494 491 488
498 501 506 509
498 495 492 489
499 502 503 507
499 496 493 490
500 505 504 508
500 497 494 491
501 506 509 512
501 498 495 492
502 503 507 510
502 499 496 493
503 507 510 513
503 502 499 496
504 508 511 514
504 505 500 497
505 504 508 511
505 500 497 494
506 509 512 515
506 501 498 495
507 510 513 517
507 503 502 499
508 511 514 519
508 504 505 500
509 512 515 516
509 506 501 498
510 513 517 518
510 507 503 502
511 514 519 522
511 508 504 505
512 515 516 520
512 509 506 501
513 517 518 521
513 510 507 503
514 519 522 525
514 511 508 504
515 516 520 523
515 512 509 506
516 520 523 526
516 515 512 509
517 518 521 524
517 513 510 507
518 521 524 527
518 517 513 510
519 522 525 528
519 514 511 508
520 523 526 529
520 516 515 512
521 524 527 530
521 518 517 513
522 525 528 531
522 519 514 511
523 526 529 532
523 520 516 515
524 527 530 534
524 521 518 517
525 528 531 535
525 522 519 514
526 529 532 533
526 523 520 516
527 530 534 537
527 524 521 518
528 531 535 538
528 525 522 519
529 532 533 536
529 526 523 520
530 534 537 540
530 527 524 521
531 535 538 541
531 528 525 522
532 533 536 539
532 529 526 523
533 536 539 542
533 532 529 526
534 537 540 543
534 530 527 524
535 538 541 544
535 531 528 525
536 539 542 545
536 533 532 529
537 540 543 547
537 534 530 527
538 541 544 548
538 535 531 528
539 542 545 546
539 536 533 532
540 543 547 550
540 537 534 530
541 544 548 551
541 538 535 531
542 545 546 549
542 539 536 533
543 547 550 553
543 540 537 534
544 548 551 555
544 541 538 535
545 546 549 552
545 542 539 536
546 549 552 556
546 545 542 539
547 550 553 554
547 543 540 537
548 551 555 558
548 544 541 538
549 552 556 559
549 546 545 542
550 553 554 557
550 547 543 540
551 555 558 561
551 548 544 541
552 556 559 562
552 549 546 545
553 554 557 560
553 550 547 543
554 557 560 563
554 553 550 547
555 558 561 565
555 551 548 544
556 559 562 566
556 552 549 546
557 560 563 567
557 554 553 550
558 561 565 564
558 555 551 548
559 562 566 574
559 556 552 549
560 563 567 568
560 557 554 553
561 565 564 569
561 558 555 551
562 566 574 585
562 559 556 552
563 567 568 575
563 560 557 554
564 569 576 587
564 565 561 558
565 564 569 576
565 561 558 555
566 574 585 593
566 562 559 556
567 568 575 586
567 563 560 557
568 575 586 594
568 567 563 560
569 576 587 595
569 564 565 561
570 580 579 578
570 571 572 573
571 570 580 579
571 572 573 581
572 573 581 582
572 571 570 580
573 581 582 583
573 572 571 570
574 585 593 600
574 566 562 559
575 586 594 601
575 568 567 563
576 587 595 602
576 569 564 565
577 589 588 597
577 578 579 580
578 577 589 588
578 579 580 570
579 578 577 589
579 580 570 571
580 579 578 577
580 570 571 572
581 582 583 584
581 573 572 571
582 583 584 590
582 581 573 572
583 584 590 591
583 582 581 573
584 590 591 592
584 583 582 581
585 593 600 607
585 574 566 562
586 594 601 608
586 575 568 567
587 595 602 609
587 576 569 564
588 597 596 604
588 589 577 578
589 588 597 596
589 577 578 579
590 591 592 598
590 584 583 582
591 592 598 599
591 590 584 583
592 598 599 605
592 591 590 584
593 600 607 614
593 585 574 566
594 601 608 615
594 586 575 568
595 602 609 616
595 587 576 569
596 604 603 611
596 597 588 589
597 596 604 603
597 588 589 577
598 599 605 606
598 592 591 590
599 605 606 612
599 598 592 591
600 607 614 621
600 593 585 574
601 608 615 622
601 594 586 575
602 609 616 623
602 595 587 576
603 611 610 618
603 604 596 597
604 603 611 610
604 596 597 588
605 606 612 613
605 599 598 592
606 612 613 619
606 605 599 598
607 614 621 628
607 600 593 585
608 615 622 629
608 601 594 586
609 616 623 630
609 602 595 587
610 618 617 625
610 611 603 604
611 610 618 617
611 603 604 596
612 613 619 620
612 606 605 599
613 619 620 626
613 612 606 605
614 621 628 635
614 607 600 593
615 622 629 637
615 608 601 594
616 623 630 638
616 609 602 595
617 625 624 632
617 618 610 611
618 617 625 624
618 610 611 603
619 620 626 627
619 613 612 606
620 626 627 633
620 619 613 612
621 628 635 636
621 614 607 600
622 629 637 643
622 615 608 601
623 630 638 644
623 616 609 602
624 632 631 640
624 625 617 618
625 624 632 631
625 617 618 610
626 627 633 634
626 620 619 613
627 633 634 641
627 626 620 619
628 635 636 642
628 621 614 607
629 637 643 649
629 622 615 608
630 638 644 651
630 623 616 609
631 640 639 645
631 632 624 625
632 631 640 639
632 624 625 617
633 634 641 646
633 627 626 620
634 641 646 647
634 633 627 626
635 636 642 648
635 628 621 614
636 642 648 655
636 635 628 621
637 643 649 650
637 629 622 615
638 644 651 658
638 630 623 616
639 645 652 660
639 640 631 632
640 639 645 652
640 631 632 624
641 646 647 653
641 634 633 627
642 648 655 656
642 636 635 628
643 649 650 657
643 637 629 622
644 651 658 664
644 638 630 623
645 652 660 659
645 639 640 631
646 647 653 654
646 641 634 633
647 653 654 661
647 646 641 634
648 655 656 662
648 642 636 635
649 650 657 663
649 643 637 629
650 657 663 669
650 649 643 637
651 658 664 670
651 644 638 630
652 660 659 665
652 645 639 640
653 654 661 666
653 647 646 641
654 661 666 667
654 653 647 646
655 656 662 668
655 648 642 636
656 662 668 674
656 655 648 642
657 663 669 675
657 650 649 643
658 664 670 677
658 651 644 638
659 665 672 671
659 660 652 645
660 659 665 672
660 652 645 639
661 666 667 673
661 654 653 647
662 668 674 680
662 656 655 648
663 669 675 676
663 657 650 649
664 670 677 682
664 658 651 644
665 672 671 678
665 659 660 652
666 667 673 679
666 661 654 653
667 673 679 684
667 666 661 654
668 674 680 685
668 662 656 655
669 675 676 681
669 663 657 650
670 677 682 687
670 664 658 651
671 678 683 688
671 672 665 659
672 671 678 683
672 665 659 660
673 679 684 689
673 667 666 661
674 680 685 690
674 668 662 656
675 676 681 686
675 669 663 657
676 681 686 691
676 675 669 663
677 682 687 692
677 670 664 658
678 683 688 693
678 671 672 665
679 684 689 694
679 673 667 666
680 685 690 695
680 674 668 662
681 686 691 696
681 676 675 669
682 687 692 697
682 677 670 664
683 688 693 699
683 678 671 672
684 689 694 700
684 679 673 667
685 690 695 701
685 680 674 668
686 691 696 702
686 681 676 675
687 692 697 703
687 682 677 670
688 693 699 698
688 683 678 671
689 694 700 705
689 684 679 673
690 695 701 706
690 685 680 674
691 696 702 707
691 686 681 676
692 697 703 708
692 687 682 677
693 699 698 704
693 688 683 678
694 700 705 710
694 689 684 679
695 701 706 711
695 690 685 680
696 702 707 712
696 691 686 681
697 703 708 713
697 692 687 682
698 704 709 714
698 699 693 688
699 698 704 709
699 693 688 683
700 705 710 715
700 694 689 684
701 706 711 716
701 695 690 685
702 707 712 717
702 696 691 686
703 708 713 718
703 697 692 687
704 709 714 719
704 698 699 693
705 710 715 720
705 700 694 689
706 711 716 721
706 701 695 690
707 712 717 723
707 702 696 691
708 713 718 724
708 703 697 692
709 714 719 726
709 704 698 699
710 715 720 727
710 705 700 694
711 716 721 722
711 706 701 695
712 717 723 729
712 707 702 696
713 718 724 730
713 708 703 697
714 719 726 725
714 709 704 698
715 720 727 732
715 710 705 700
716 721 722 728
716 711 706 701
717 723 729 736
717 712 707 702
718 724 730 738
718 713 708 703
719 726 725 731
719 714 709 704
720 727 732 733
720 715 710 705
721 722 728 734
721 716 711 706
722 728 734 735
722 721 716 711
723 729 736 737
723 717 712 707
724 730 738 744
724 718 713 708
725 731 740 739
725 726 719 714
726 725 731 740
726 719 714 709
727 732 733 741
727 720 715 710
728 734 735 742
728 722 721 716
729 736 737 743
729 723 717 712
730 738 744 750
730 724 718 713
731 740 739 745
731 725 726 719
732 733 741 746
732 727 720 715
733 741 746 752
733 732 727 720
734 735 742 747
734 728 722 721
735 742 747 748
735 734 728 722
736 737 743 749
736 729 723 717
737 743 749 754
737 736 729 723
738 744 750 755
738 730 724 718
739 745 751 756
739 740 731 725
740 739 745 751
740 731 725 726
741 746 752 757
741 733 732 727
742 747 748 753
742 735 734 728
743 749 754 759
743 737 736 729
744 750 755 761
744 738 730 724
745 751 756 762
745 739 740 731
746 752 757 763
746 741 733 732
747 748 753 758
747 742 735 734
748 753 758 765
748 747 742 735
749 754 759 760
749 743 737 736
750 755 761 767
750 744 738 730
751 756 762 768
751 745 739 740
752 757 763 764
752 746 741 733
753 758 765 770
753 748 747 742
754 759 760 766
754 749 743 737
755 761 767 772
755 750 744 738
756 762 768 773
756 751 745 739
757 763 764 769
757 752 746 741
758 765 770 775
758 753 748 747
759 760 766 771
759 754 749 743
760 766 771 776
760 759 754 749
761 767 772 777
761 755 750 744
762 768 773 778
762 756 751 745
763 764 769 774
763 757 752 746
764 769 774 779
764 763 757 752
765 770 775 781
765 758 753 748
766 771 776 782
766 760 759 754
767 772 777 783
767 761 755 750
768 773 778 784
768 762 756 751
769 774 779 780
769 764 763 757
770 775 781 787
770 765 758 753
771 776 782 788
771 766 760 759
772 777 783 789
772 767 761 755
773 778 784 790
773 768 762 756
774 779 780 785
774 769 764 763
775 781 787 793
775 770 765 758
776 782 788 794
776 771 766 760
777 783 789 795
777 772 767 761
778 784 790 796
778 773 768 762
779 780 785 791
779 774 769 764
780 785 791 797
780 779 774 769
781 787 793 799
781 775 770 765
782 788 794 800
782 776 771 766
783 789 795 802
783 777 772 767
784 790 796 803
784 778 773 768
785 791 797 804
785 780 779 774
786 792 798 805
787 793 799 806
787 781 775 770
788 794 800 807
788 782 776 771
789 795 802 801
789 783 777 772
790 796 803 809
790 784 778 773
791 797 804 810
791 785 780 779
792 798 805 811
793 799 806 812
793 787 781 775
794 800 807 814
794 788 782 776
795 802 801 808
795 789 783 777
796 803 809 816
796 790 784 778
797 804 810 817
797 791 785 780
798 805 811 818
798 792 786 -1
799 806 812 813
799 793 787 781
800 807 814 820
800 794 788 782
801 808 815 821
801 802 795 789
802 801 808 815
802 795 789 783
803 809 816 822
803 796 790 784
804 810 817 823
804 797 791 785
805 811 818 825
805 798 792 786
806 812 813 819
806 799 793 787
807 814 820 827
807 800 794 788
808 815 821 829
808 801 802 795
809 816 822 830
809 803 796 790
810 817 823 824
810 804 797 791
811 818 825 843
811 805 798 792
812 813 819 826
812 806 799 793
813 819 826 832
813 812 806 799
814 820 827 828
814 807 800 794
815 821 829 834
815 808 801 802
816 822 830 836
816 809 803 796
817 823 824 831
817 810 804 797
818 825 843 849
818 811 805 798
819 826 832 838
819 813 812 806
820 827 828 833
820 814 807 800
821 829 834 840
821 815 808 801
822 830 836 835
822 816 809 803
823 824 831 837
823 817 810 804
824 831 837 842
824 823 817 810
825 843 849 856
825 818 811 805
826 832 838 844
826 819 813 812
827 828 833 839
827 820 814 807
828 833 839 845
828 827 820 814
829 834 840 846
829 821 815 808
830 836 835 841
830 822 816 809
831 837 842 848
831 824 823 817
832 838 844 850
832 826 819 813
833 839 845 851
833 828 827 820
834 840 846 853
834 829 821 815
835 841 847 854
835 836 830 822
836 835 841 847
836 830 822 816
837 842 848 855
837 831 824 823
838 844 850 857
838 832 826 819
839 845 851 852
839 833 828 827
840 846 853 860
840 834 829 821
841 847 854 862
841 835 836 830
842 848 855 863
842 837 831 824
843 849 856 880
843 825 818 811
844 850 857 858
844 838 832 826
845 851 852 859
845 839 833 828
846 853 860 866
846 840 834 829
847 854 862 861
847 841 835 836
848 855 863 868
848 842 837 831
849 856 880 887
849 843 825 818
850 857 858 864
850 844 838 832
851 852 859 865
851 845 839 833
852 859 865 871
852 851 845 839
853 860 866 872
853 846 840 834
854 862 861 867
854 847 841 835
855 863 868 874
855 848 842 837
856 880 887 893
856 849 843 825
857 858 864 869
857 850 844 838
858 864 869 870
858 857 850 844
859 865 871 876
859 852 851 845
860 866 872 877
860 853 846 840
861 867 873 878
861 862 854 847
862 861 867 873
862 854 847 841
863 868 874 879
863 855 848 842
864 869 870 875
864 858 857 850
865 871 876 883
865 859 852 851
866 872 877 884
866 860 853 846
867 873 878 885
867 861 862 854
868 874 879 886
868 863 855 848
869 870 875 881
869 864 858 857
870 875 881 882
870 869 864 858
871 876 883 889
871 865 859 852
872 877 884 890
872 866 860 853
873 878 885 891
873 867 861 862
874 879 886 892
874 868 863 855
875 881 882 888
875 870 869 864
876 883 889 896
876 871 865 859
877 884 890 897
877 872 866 860
878 885 891 898
878 873 867 861
879 886 892 899
879 874 868 863
880 887 893 900
880 856 849 843
881 882 888 894
881 875 870 869
882 888 894 895
882 881 875 870
883 889 896 902
883 876 871 865
884 890 897 903
884 877 872 866
885 891 898 904
885 878 873 867
886 892 899 905
886 879 874 868
887 893 900 906
887 880 856 849
888 894 895 901
888 882 881 875
889 896 902 908
889 883 876 871
890 897 903 909
890 884 877 872
891 898 904 910
891 885 878 873
892 899 905 911
892 886 879 874
893 900 906 912
893 887 880 856
894 895 901 907
894 888 882 881
895 901 907 913
895 894 888 882
896 902 908 915
896 889 883 876
897 903 909 916
897 890 884 877
898 904 910 917
898 891 885 878
899 905 911 918
899 892 886 879
900 906 912 919
900 893 887 880
901 907 913 914
901 895 894 888
902 908 915 921
902 896 889 883
903 909 916 922
903 897 890 884
904 910 917 923
904 898 891 885
905 911 918 924
905 899 892 886
906 912 919 925
906 900 893 887
907 913 914 920
907 901 895 894
908 915 921 928
908 902 896 889
909 916 922 929
909 903 897 890
910 917 923 930
910 904 898 891
911 918 924 931
911 905 899 892
912 919 925 932
912 906 900 893
913 914 920 926
913 907 901 895
914 920 926 927
914 913 907 901
915 921 928 934
915 908 902 896
916 922 929 935
916 909 903 897
917 923 930 936
917 910 904 898
918 924 931 937
918 911 905 899
919 925 932 938
919 912 906 900
920 926 927 933
920 914 913 907
921 928 934 940
921 915 908 902
922 929 935 941
922 916 909 903
923 930 936 942
923 917 910 904
924 931 937 943
924 918 911 905
925 932 938 944
925 919 912 906
926 927 933 939
926 920 914 913
927 933 939 945
927 926 920 914
928 934 940 947
928 921 915 908
929 935 941 948
929 922 916 909
930 936 942 950
930 923 917 910
931 937 943 951
931 924 918 911
932 938 944 952
932 925 919 912
933 939 945 946
933 927 926 920
934 940 947 954
934 928 921 915
935 941 948 955
935 929 922 916
936 942 950 949
936 930 923 917
937 943 951 957
937 931 924 918
938 944 952 958
938 932 925 919
939 945 946 953
939 933 927 926
940 947 954 961
940 934 928 921
941 948 955 962
941 935 929 922
942 950 949 956
942 936 930 923
943 951 957 964
943 937 931 924
944 952 958 965
944 938 932 925
945 946 953 959
945 939 933 927
946 953 959 960
946 945 939 933
947 954 961 967
947 940 934 928
948 955 962 968
948 941 935 929
949 956 963 969
949 950 942 936
950 949 956 963
950 942 936 930
951 957 964 970
951 943 937 931
952 958 965 971
952 944 938 932
953 959 960 966
953 946 945 939
954 961 967 973
954 947 940 934
955 962 968 974
955 948 941 935
956 963 969 975
956 949 950 942
957 964 970 976
957 951 943 937
958 965 971 977
958 952 944 938
959 960 966 972
959 953 946 945
960 966 972 978
960 959 953 946
961 967 973 980
961 954 947 940
962 968 974 981
962 955 948 941
963 969 975 982
963 956 949 950
964 970 976 983
964 957 951 943
965 971 977 984
965 958 952 944
966 972 978 979
966 960 959 953
967 973 980 986
967 961 954 947
968 974 981 987
968 962 955 948
969 975 982 988
969 963 956 949
970 976 983 989
970 964 957 951
971 977 984 990
971 965 958 952
972 978 979 985
972 966 960 959
973 980 986 992
973 967 961 954
974 981 987 993
974 968 962 955
975 982 988 995
975 969 963 956
976 983 989 996
976 970 964 957
977 984 990 997
977 971 965 958
978 979 985 991
978 972 966 960
979 985 991 998
979 978 972 966
980 986 992 1000
980 973 967 961
981 987 993 1001
981 974 968 962
982 988 995 994
982 975 969 963
983 989 996 1003
983 976 970 964
984 990 997 1004
984 977 971 965
985 991 998 999
985 979 978 972
986 992 1000 1006
986 980 973 967
987 993 1001 1007
987 981 974 968
988 995 994 1002
988 982 975 969
989 996 1003 1009
989 983 976 970
990 997 1004 1010
990 984 977 971
991 998 999 1005
991 985 979 978
992 1000 1006 1013
992 986 980 973
993 1001 1007 1014
993 987 981 974
994 1002 1008 1015
994 995 988 982
995 994 1002 1008
995 988 982 975
996 1003 1009 1016
996 989 983 976
997 1004 1010 1017
997 990 984 977
998 999 1005 1011
998 991 985 979
999 1005 1011 1012
999 998 991 985
1000 1006 1013 1019
1000 992 986 980
1001 1007 1014 1020
1001 993 987 981
1002 1008 1015 1021
1002 994 995 988
1003 1009 1016 1022
1003 996 989 983
1004 1010 1017 1023
1004 997 990 984
1005 1011 1012 1018
1005 999 998 991
1006 1013 1019 1025
1006 1000 992 986
1007 1014 1020 1026
1007 1001 993 987
1008 1015 1021 1027
1008 1002 994 995
1009 1016 1022 1028
1009 1003 996 989
1010 1017 1023 1029
1010 1004 997 990
1011 1012 1018 1024
1011 1005 999 998
1012 1018 1024 1030
1012 1011 1005 999
1013 1019 1025 1032
1013 1006 1000 992
1014 1020 1026 1033
1014 1007 1001 993
1015 1021 1027 1034
1015 1008 1002 994
1016 1022 1028 1035
1016 1009 1003 996
1017 1023 1029 1036
1017 1010 1004 997
1018 1024 1030 1031
1018 1012 1011 1005
1019 1025 1032 1038
1019 1013 1006 1000
1020 1026 1033 1039
1020 1014 1007 1001
1021 1027 1034 1040
1021 1015 1008 1002
1022 1028 1035 1041
1022 1016 1009 1003
1023 1029 1036 1042
1023 1017 1010 1004
1024 1030 1031 1037
1024 1018 1012 1011
1025 1032 1038 1044
1025 1019 1013 1006
1026 1033 1039 1045
1026 1020 1014 1007
1027 1034 1040 1046
1027 1021 1015 1008
1028 1035 1041 1047
1028 1022 1016 1009
1029 1036 1042 1048
1029 1023 1017 1010
1030 1031 1037 1043
1030 1024 1018 1012
1031 1037 1043 1049
1031 1030 1024 1018
1032 1038 1044 1051
1032 1025 1019 1013
1033 1039 1045 1052
1033 1026 1020 1014
1034 1040 1046 1053
1034 1027 1021 1015
1035 1041 1047 1054
1035 1028 1022 1016
1036 1042 1048 1055
1036 1029 1023 1017
1037 1043 1049 1050
1037 1031 1030 1024
1038 1044 1051 1058
1038 1032 1025 1019
1039 1045 1052 1059
1039 1033 1026 1020
1040 1046 1053 1060
1040 1034 1027 1021
1041 1047 1054 1061
1041 1035 1028 1022
1042 1048 1055 1062
1042 1036 1029 1023
1043 1049 1050 1056
1043 1037 1031 1030
1044 1051 1058 1064
1044 1038 1032 1025
1045 1052 1059 1065
1045 1039 1033 1026
1046 1053 1060 1066
1046 1040 1034 1027
1047 1054 1061 1067
1047 1041 1035 1028
1048 1055 1062 1068
1048 1042 1036 1029
1049 1050 1056 1057
1049 1043 1037 1031
1050 1056 1057 1063
1050 1049 1043 1037
1051 1058 1064 1071
1051 1044 1038 1032
1052 1059 1065 1072
1052 1045 1039 1033
1053 1060 1066 1073
1053 1046 1040 1034
1054 1061 1067 1074
1054 1047 1041 1035
1055 1062 1068 1075
1055 1048 1042 1036
1056 1057 1063 1069
1056 1050 1049 1043
1057 1063 1069 1070
1057 1056 1050 1049
1058 1064 1071 1078
1058 1051 1044 1038
1059 1065 1072 1079
1059 1052 1045 1039
1060 1066 1073 1080
1060 1053 1046 1040
1061 1067 1074 1081
1061 1054 1047 1041
1062 1068 1075 1082
1062 1055 1048 1042
1063 1069 1070 1076
1063 1057 1056 1050
1064 1071 1078 1084
1064 1058 1051 1044
1065 1072 1079 1085
1065 1059 1052 1045
1066 1073 1080 1086
1066 1060 1053 1046
1067 1074 1081 1087
1067 1061 1054 1047
1068 1075 1082 1088
1068 1062 1055 1048
1069 1070 1076 1077
1069 1063 1057 1056
1070 1076 1077 1083
1070 1069 1063 1057
1071 1078 1084 1091
1071 1064 1058 1051
1072 1079 1085 1092
1072 1065 1059 1052
1073 1080 1086 1093
1073 1066 1060 1053
1074 1081 1087 1094
1074 1067 1061 1054
1075 1082 1088 1095
1075 1068 1062 1055
1076 1077 1083 1089
1076 1070 1069 1063
1077 1083 1089 1090
1077 1076 1070 1069
1078 1084 1091 1098
1078 1071 1064 1058
1079 1085 1092 1099
1079 1072 1065 1059
1080 1086 1093 1100
1080 1073 1066 1060
1081 1087 1094 1101
1081 1074 1067 1061
1082 1088 1095 1102
1082 1075 1068 1062
1083 1089 1090 1096
1083 1077 1076 1070
1084 1091 1098 1104
1084 1078 1071 1064
1085 1092 1099 1105
1085 1079 1072 1065
1086 1093 1100 1106
1086 1080 1073 1066
1087 1094 1101 1107
1087 1081 1074 1067
1088 1095 1102 1108
1088 1082 1075 1068
1089 1090 1096 1097
1089 1083 1077 1076
1090 1096 1097 1103
1090 1089 1083 1077
1091 1098 1104 1110
1091 1084 1078 1071
1092 1099 1105 1111
1092 1085 1079 1072
1093 1100 1106 1112
1093 1086 1080 1073
1094 1101 1107 1113
1094 1087 1081 1074
1095 1102 1108 1114
1095 1088 1082 1075
1096 1097 1103 1109
1096 1090 1089 1083
1097 1103 1109 1115
1097 1096 1090 1089
1098 1104 1110 1117
1098 1091 1084 1078
1099 1105 1111 1118
1099 1092 1085 1079
1100 1106 1112 1119
1100 1093 1086 1080
1101 1107 1113 1120
1101 1094 1087 1081
1102 1108 1114 1121
1102 1095 1088 1082
1103 1109 1115 1116
1103 1097 1096 1090
1104 1110 1117 1124
1104 1098 1091 1084
1105 1111 1118 1125
1105 1099 1092 1085
1106 1112 1119 1126
1106 1100 1093 1086
1107 1113 1120 1127
1107 1101 1094 1087
1108 1114 1121 1128
1108 1102 1095 1088
1109 1115 1116 1122
1109 1103 1097 1096
1110 1117 1124 1130
1110 1104 1098 1091
1111 1118 1125 1131
1111 1105 1099 1092
1112 1119 1126 1132
1112 1106 1100 1093
1113 1120 1127 1133
1113 1107 1101 1094
1114 1121 1128 1134
1114 1108 1102 1095
1115 1116 1122 1123
1115 1109 1103 1097
1116 1122 1123 1129
1116 1115 1109 1103
1117 1124 1130 1136
1117 1110 1104 1098
1118 1125 1131 1137
1118 1111 1105 1099
1119 1126 1132 1138
1119 1112 1106 1100
1120 1127 1133 1139
1120 1113 1107 1101
1121 1128 1134 1140
1121 1114 1108 1102
1122 1123 1129 1135
1122 1116 1115 1109
1123 1129 1135 1141
1123 1122 1116 1115
1124 1130 1136 1143
1124 1117 1110 1104
1125 1131 1137 1144
1125 1118 1111 1105
1126 1132 1138 1145
1126 1119 1112 1106
1127 1133 1139 1146
1127 1120 1113 1107
1128 1134 1140 1147
1128 1121 1114 1108
1129 1135 1141 1142
1129 1123 1122 1116
1130 1136 1143 1150
1130 1124 1117 1110
1131 1137 1144 1151
1131 1125 1118 1111
1132 1138 1145 1152
1132 1126 1119 1112
1133 1139 1146 1153
1133 1127 1120 1113
1134 1140 1147 1154
1134 1128 1121 1114
1135 1141 1142 1148
1135 1129 1123 1122
1136 1143 1150 1156
1136 1130 1124 1117
1137 1144 1151 1157
1137 1131 1125 1118
1138 1145 1152 1158
1138 1132 1126 1119
1139 1146 1153 1159
1139 1133 1127 1120
1140 1147 1154 1160
1140 1134 1128 1121
1141 1142 1148 1149
1141 1135 1129 1123
1142 1148 1149 1155
1142 1141 1135 1129
1143 1150 1156 1162
1143 1136 1130 1124
1144 1151 1157 1163
1144 1137 1131 1125
1145 1152 1158 1164
1145 1138 1132 1126
1146 1153 1159 1165
1146 1139 1133 1127
1147 1154 1160 1166
1147 1140 1134 1128
1148 1149 1155 1161
1148 1142 1141 1135
1149 1155 1161 1167
1149 1148 1142 1141
1150 1156 1162 1169
1150 1143 1136 1130
1151 1157 1163 1170
1151 1144 1137 1131
1152 1158 1164 1171
1152 1145 1138 1132
1153 1159 1165 1172
1153 1146 1139 1133
1154 1160 1166 1173
1154 1147 1140 1134
1155 1161 1167 1168
1155 1149 1148 1142
1156 1162 1169 1176
1156 1150 1143 1136
1157 1163 1170 1177
1157 1151 1144 1137
1158 1164 1171 1178
1158 1152 1145 1138
1159 1165 1172 1179
1159 1153 1146 1139
1160 1166 1173 1180
1160 1154 1147 1140
1161 1167 1168 1174
1161 1155 1149 1148
1162 1169 1176 1182
1162 1156 1150 1143
1163 1170 1177 1183
1163 1157 1151 1144
1164 1171 1178 1184
1164 1158 1152 1145
1165 1172 1179 1185
1165 1159 1153 1146
1166 1173 1180 1186
1166 1160 1154 1147
1167 1168 1174 1175
1167 1161 1155 1149
1168 1174 1175 1181
1168 1167 1161 1155
1169 1176 1182 1189
1169 1162 1156 1150
1170 1177 1183 1190
1170 1163 1157 1151
1171 1178 1184 1191
1171 1164 1158 1152
1172 1179 1185 1192
1172 1165 1159 1153
1173 1180 1186 1193
1173 1166 1160 1154
1174 1175 1181 1187
1174 1168 1167 1161
1175 1181 1187 1188
1175 1174 1168 1167
1176 1182 1189 1196
1176 1169 1162 1156
1177 1183 1190 1197
1177 1170 1163 1157
1178 1184 1191 1198
1178 1171 1164 1158
1179 1185 1192 1199
1179 1172 1165 1159
1180 1186 1193 1200
1180 1173 1166 1160
1181 1187 1188 1194
1181 1175 1174 1168
1182 1189 1196 1202
1182 1176 1169 1162
1183 1190 1197 1203
1183 1177 1170 1163
1184 1191 1198 1204
1184 1178 1171 1164
1185 1192 1199 1205
1185 1179 1172 1165
1186 1193 1200 1206
1186 1180 1173 1166
1187 1188 1194 1195
1187 1181 1175 1174
1188 1194 1195 1201
1188 1187 1181 1175
1189 1196 1202 1208
1189 1182 1176 1169
1190 1197 1203 1209
1190 1183 1177 1170
1191 1198 1204 1210
1191 1184 1178 1171
1192 1199 1205 1211
1192 1185 1179 1172
1193 1200 1206 1212
1193 1186 1180 1173
1194 1195 1201 1207
1194 1188 1187 1181
1195 1201 1207 1213
1195 1194 1188 1187
1196 1202 1208 1215
1196 1189 1182 1176
1197 1203 1209 1216
1197 1190 1183 1177
1198 1204 1210 1217
1198 1191 1184 1178
1199 1205 1211 1218
1199 1192 1185 1179
1200 1206 1212 1219
1200 1193 1186 1180
1201 1207 1213 1214
1201 1195 1194 1188
1202 1208 1215 1222
1202 1196 1189 1182
1203 1209 1216 1223
1203 1197 1190 1183
1204 1210 1217 1224
1204 1198 1191 1184
1205 1211 1218 1225
1205 1199 1192 1185
1206 1212 1219 1226
1206 1200 1193 1186
1207 1213 1214 1220
1207 1201 1195 1194
1208 1215 1222 1228
1208 1202 1196 1189
1209 1216 1223 1229
1209 1203 1197 1190
1210 1217 1224 1230
1210 1204 1198 1191
1211 1218 1225 1231
1211 1205 1199 1192
1212 1219 1226 1232
1212 1206 1200 1193
1213 1214 1220 1221
1213 1207 1201 1195
1214 1220 1221 1227
1214 1213 1207 1201
1215 1222 1228 1234
1215 1208 1202 1196
1216 1223 1229 1235
1216 1209 1203 1197
1217 1224 1230 1236
1217 1210 1204 1198
1218 1225 1231 1237
1218 1211 1205 1199
1219 1226 1232 1238
1219 1212 1206 1200
1220 1221 1227 1233
1220 1214 1213 1207
1221 1227 1233 1239
1221 1220 1214 1213
1222 1228 1234 1240
1222 1215 1208 1202
1223 1229 1235 1241
1223 1216 1209 1203
1224 1230 1236 1242
1224 1217 1210 1204
1225 1231 1237 1243
1225 1218 1211 1205
1226 1232 1238 1244
1226 1219 1212 1206
1227 1233 1239 1246
1227 1221 1220 1214
1228 1234 1240 1247
1228 1222 1215 1208
1229 1235 1241 1248
1229 1223 1216 1209
1230 1236 1242 1249
1230 1224 1217 1210
1231 1237 1243 1250
1231 1225 1218 1211
1232 1238 1244 1251
1232 1226 1219 1212
1233 1239 1246 1245
1233 1227 1221 1220
1234 1240 1247 1253
1234 1228 1222 1215
1235 1241 1248 1254
1235 1229 1223 1216
1236 1242 1249 1255
1236 1230 1224 1217
1237 1243 1250 1256
1237 1231 1225 1218
1238 1244 1251 1257
1238 1232 1226 1219
1239 1246 1245 1252
1239 1233 1227 1221
1240 1247 1253 1260
1240 1234 1228 1222
1241 1248 1254 1261
1241 1235 1229 1223
1242 1249 1255 1262
1242 1236 1230 1224
1243 1250 1256 1263
1243 1237 1231 1225
1244 1251 1257 1264
1244 1238 1232 1226
1245 1252 1259 1258
1245 1246 1239 1233
1246 1245 1252 1259
1246 1239 1233 1227
1247 1253 1260 1266
1247 1240 1234 1228
1248 1254 1261 1267
1248 1241 1235 1229
1249 1255 1262 1268
1249 1242 1236 1230
1250 1256 1263 1269
1250 1243 1237 1231
1251 1257 1264 1270
1251 1244 1238 1232
1252 1259 1258 1265
1252 1245 1246 1239
1253 1260 1266 1273
1253 1247 1240 1234
1254 1261 1267 1274
1254 1248 1241 1235
1255 1262 1268 1275
1255 1249 1242 1236
1256 1263 1269 1276
1256 1250 1243 1237
1257 1264 1270 1277
1257 1251 1244 1238
1258 1265 1272 1271
1258 1259 1252 1245
1259 1258 1265 1272
1259 1252 1245 1246
1260 1266 1273 1280
1260 1253 1247 1240
1261 1267 1274 1281
1261 1254 1248 1241
1262 1268 1275 1282
1262 1255 1249 1242
1263 1269 1276 1283
1263 1256 1250 1243
1264 1270 1277 1284
1264 1257 1251 1244
1265 1272 1271 1279
1265 1258 1259 1252
1266 1273 1280 1286
1266 1260 1253 1247
1267 1274 1281 1287
1267 1261 1254 1248
1268 1275 1282 1288
1268 1262 1255 1249
1269 1276 1283 1289
1269 1263 1256 1250
1270 1277 1284 1290
1270 1264 1257 1251
1271 1279 1278 1285
1271 1272 1265 1258
1272 1271 1279 1278
1272 1265 1258 1259
1273 1280 1286 1293
1273 1266 1260 1253
1274 1281 1287 1294
1274 1267 1261 1254
1275 1282 1288 1295
1275 1268 1262 1255
1276 1283 1289 1296
1276 1269 1263 1256
1277 1284 1290 1297
1277 1270 1264 1257
1278 1285 1292 1291
1278 1279 1271 1272
1279 1278 1285 1292
1279 1271 1272 1265
1280 1286 1293 1300
1280 1273 1266 1260
1281 1287 1294 1301
1281 1274 1267 1261
1282 1288 1295 1302
1282 1275 1268 1262
1283 1289 1296 1303
1283 1276 1269 1263
1284 1290 1297 1304
1284 1277 1270 1264
1285 1292 1291 1299
1285 1278 1279 1271
1286 1293 1300 1306
1286 1280 1273 1266
1287 1294 1301 1307
1287 1281 1274 1267
1288 1295 1302 1308
1288 1282 1275 1268
1289 1296 1303 1309
1289 1283 1276 1269
1290 1297 1304 1310
1290 1284 1277 1270
1291 1299 1298 1305
1291 1292 1285 1278
1292 1291 1299 1298
1292 1285 1278 1279
1293 1300 1306 1313
1293 1286 1280 1273
1294 1301 1307 1314
1294 1287 1281 1274
1295 1302 1308 1315
1295 1288 1282 1275
1296 1303 1309 1316
1296 1289 1283 1276
1297 1304 1310 1317
1297 1290 1284 1277
1298 1305 1312 1311
1298 1299 1291 1292
1299 1298 1305 1312
1299 1291 1292 1285
1300 1306 1313 1320
1300 1293 1286 1280
1301 1307 1314 1321
1301 1294 1287 1281
1302 1308 1315 1322
1302 1295 1288 1282
1303 1309 1316 1323
1303 1296 1289 1283
1304 1310 1317 1324
1304 1297 1290 1284
1305 1312 1311 1319
1305 1298 1299 1291
1306 1313 1320 1326
1306 1300 1293 1286
1307 1314 1321 1327
1307 1301 1294 1287
1308 1315 1322 1328
1308 1302 1295 1288
1309 1316 1323 1329
1309 1303 1296 1289
1310 1317 1324 1330
1310 1304 1297 1290
1311 1319 1318 1325
1311 1312 1305 1298
1312 1311 1319 1318
1312 1305 1298 1299
1313 1320 1326 1332
1313 1306 1300 1293
1314 1321 1327 1333
1314 1307 1301 1294
1315 1322 1328 1334
1315 1308 1302 1295
1316 1323 1329 1335
1316 1309 1303 1296
1317 1324 1330 1336
1317 1310 1304 1297
1318 1325 1331 1338
1318 1319 1311 1312
1319 1318 1325 1331
1319 1311 1312 1305
1320 1326 1332 1339
1320 1313 1306 1300
1321 1327 1333 1340
1321 1314 1307 1301
1322 1328 1334 1341
1322 1315 1308 1302
1323 1329 1335 1342
1323 1316 1309 1303
1324 1330 1336 1343
1324 1317 1310 1304
1325 1331 1338 1337
1325 1318 1319 1311
1326 1332 1339 1345
1326 1320 1313 1306
1327 1333 1340 1346
1327 1321 1314 1307
1328 1334 1341 1347
1328 1322 1315 1308
1329 1335 1342 1348
1329 1323 1316 1309
1330 1336 1343 1349
1330 1324 1317 1310
1331 1338 1337 1344
1331 1325 1318 1319
1332 1339 1345 1351
1332 1326 1320 1313
1333 1340 1346 1352
1333 1327 1321 1314
1334 1341 1347 1353
1334 1328 1322 1315
1335 1342 1348 1354
1335 1329 1323 1316
1336 1343 1349 1355
1336 1330 1324 1317
1337 1344 1350 1357
1337 1338 1331 1325
1338 1337 1344 1350
1338 1331 1325 1318
1339 1345 1351 1358
1339 1332 1326 1320
1340 1346 1352 1359
1340 1333 1327 1321
1341 1347 1353 1360
1341 1334 1328 1322
1342 1348 1354 1361
1342 1335 1329 1323
1343 1349 1355 1362
1343 1336 1330 1324
1344 1350 1357 1356
1344 1337 1338 1331
1345 1351 1358 1365
1345 1339 1332 1326
1346 1352 1359 1366
1346 1340 1333 1327
1347 1353 1360 1367
1347 1341 1334 1328
1348 1354 1361 1368
1348 1342 1335 1329
1349 1355 1362 1369
1349 1343 1336 1330
1350 1357 1356 1363
1350 1344 1337 1338
1351 1358 1365 1364
1351 1345 1339 1332
1352 1359 1366 1372
1352 1346 1340 1333
1353 1360 1367 1373
1353 1347 1341 1334
1354 1361 1368 1374
1354 1348 1342 1335
1355 1362 1369 1375
1355 1349 1343 1336
1356 1363 1370 1377
1356 1357 1350 1344
1357 1356 1363 1370
1357 1350 1344 1337
1358 1365 1364 1371
1358 1351 1345 1339
1359 1366 1372 1379
1359 1352 1346 1340
1360 1367 1373 1380
1360 1353 1347 1341
1361 1368 1374 1381
1361 1354 1348 1342
1362 1369 1375 1382
1362 1355 1349 1343
1363 1370 1377 1376
1363 1356 1357 1350
1364 1371 1378 1384
1364 1365 1358 1351
1365 1364 1371 1378
1365 1358 1351 1345
1366 1372 1379 1385
1366 1359 1352 1346
1367 1373 1380 1386
1367 1360 1353 1347
1368 1374 1381 1387
1368 1361 1354 1348
1369 1375 1382 1388
1369 1362 1355 1349
1370 1377 1376 1383
1370 1363 1356 1357
1371 1378 1384 1391
1371 1364 1365 1358
1372 1379 1385 1392
1372 1366 1359 1352
1373 1380 1386 1393
1373 1367 1360 1353
1374 1381 1387 1394
1374 1368 1361 1354
1375 1382 1388 1395
1375 1369 1362 1355
1376 1383 1390 1389
1376 1377 1370 1363
1377 1376 1383 1390
1377 1370 1363 1356
1378 1384 1391 1397
1378 1371 1364 1365
1379 1385 1392 1398
1379 1372 1366 1359
1380 1386 1393 1399
1380 1373 1367 1360
1381 1387 1394 1400
1381 1374 1368 1361
1382 1388 1395 1401
1382 1375 1369 1362
1383 1390 1389 1396
1383 1376 1377 1370
1384 1391 1397 1403
1384 1378 1371 1364
1385 1392 1398 1404
1385 1379 1372 1366
1386 1393 1399 1405
1386 1380 1373 1367
1387 1394 1400 1406
1387 1381 1374 1368
1388 1395 1401 1407
1388 1382 1375 1369
1389 1396 1402 1409
1389 1390 1383 1376
1390 1389 1396 1402
1390 1383 1376 1377
1391 1397 1403 1410
1391 1384 1378 1371
1392 1398 1404 1411
1392 1385 1379 1372
1393 1399 1405 1412
1393 1386 1380 1373
1394 1400 1406 1413
1394 1387 1381 1374
1395 1401 1407 1414
1395 1388 1382 1375
1396 1402 1409 1408
1396 1389 1390 1383
1397 1403 1410 1416
1397 1391 1384 1378
1398 1404 1411 1417
1398 1392 1385 1379
1399 1405 1412 1418
1399 1393 1386 1380
1400 1406 1413 1419
1400 1394 1387 1381
1401 1407 1414 1420
1401 1395 1388 1382
1402 1409 1408 1415
1402 1396 1389 1390
1403 1410 1416 1423
1403 1397 1391 1384
1404 1411 1417 1424
1404 1398 1392 1385
1405 1412 1418 1425
1405 1399 1393 1386
1406 1413 1419 1426
1406 1400 1394 1387
1407 1414 1420 1427
1407 1401 1395 1388
1408 1415 1422 1421
1408 1409 1402 1396
1409 1408 1415 1422
1409 1402 1396 1389
1410 1416 1423 1430
1410 1403 1397 1391
1411 1417 1424 1431
1411 1404 1398 1392
1412 1418 1425 1432
1412 1405 1399 1393
1413 1419 1426 1433
1413 1406 1400 1394
1414 1420 1427 1434
1414 1407 1401 1395
1415 1422 1421 1429
1415 1408 1409 1402
1416 1423 1430 1436
1416 1410 1403 1397
1417 1424 1431 1437
1417 1411 1404 1398
1418 1425 1432 1438
1418 1412 1405 1399
1419 1426 1433 1439
1419 1413 1406 1400
1420 1427 1434 1440
1420 1414 1407 1401
1421 1429 1428 1435
1421 1422 1415 1408
1422 1421 1429 1428
1422 1415 1408 1409
1423 1430 1436 1443
1423 1416 1410 1403
1424 1431 1437 1444
1424 1417 1411 1404
1425 1432 1438 1445
1425 1418 1412 1405
1426 1433 1439 1446
1426 1419 1413 1406
1427 1434 1440 1447
1427 1420 1414 1407
1428 1435 1442 1441
1428 1429 1421 1422
1429 1428 1435 1442
1429 1421 1422 1415
1430 1436 1443 1449
1430 1423 1416 1410
1431 1437 1444 1450
1431 1424 1417 1411
1432 1438 1445 1451
1432 1425 1418 1412
1433 1439 1446 1452
1433 1426 1419 1413
1434 1440 1447 1453
1434 1427 1420 1414
1435 1442 1441 1448
1435 1428 1429 1421
1436 1443 1449 1455
1436 1430 1423 1416
1437 1444 1450 1456
1437 1431 1424 1417
1438 1445 1451 1457
1438 1432 1425 1418
1439 1446 1452 1458
1439 1433 1426 1419
1440 1447 1453 1459
1440 1434 1427 1420
1441 1448 1454 1461
1441 1442 1435 1428
1442 1441 1448 1454
1442 1435 1428 1429
1443 1449 1455 1462
1443 1436 1430 1423
1444 1450 1456 1463
1444 1437 1431 1424
1445 1451 1457 1464
1445 1438 1432 1425
1446 1452 1458 1465
1446 1439 1433 1426
1447 1453 1459 1466
1447 1440 1434 1427
1448 1454 1461 1460
1448 1441 1442 1435
1449 1455 1462 1468
1449 1443 1436 1430
1450 1456 1463 1469
1450 1444 1437 1431
1451 1457 1464 1470
1451 1445 1438 1432
1452 1458 1465 1471
1452 1446 1439 1433
1453 1459 1466 1472
1453 1447 1440 1434
1454 1461 1460 1467
1454 1448 1441 1442
1455 1462 1468 1475
1455 1449 1443 1436
1456 1463 1469 1476
1456 1450 1444 1437
1457 1464 1470 1477
1457 1451 1445 1438
1458 1465 1471 1478
1458 1452 1446 1439
1459 1466 1472 1479
1459 1453 1447 1440
1460 1467 1474 1473
1460 1461 1454 1448
1461 1460 1467 1474
1461 1454 1448 1441
1462 1468 1475 1481
1462 1455 1449 1443
1463 1469 1476 1482
1463 1456 1450 1444
1464 1470 1477 1483
1464 1457 1451 1445
1465 1471 1478 1484
1465 1458 1452 1446
1466 1472 1479 1485
1466 1459 1453 1447
1467 1474 1473 1480
1467 1460 1461 1454
1468 1475 1481 1487
1468 1462 1455 1449
1469 1476 1482 1488
1469 1463 1456 1450
1470 1477 1483 1489
1470 1464 1457 1451
1471 1478 1484 1490
1471 1465 1458 1452
1472 1479 1485 1491
1472 1466 1459 1453
1473 1480 1486 1493
1473 1474 1467 1460
1474 1473 1480 1486
1474 1467 1460 1461
1475 1481 1487 1494
1475 1468 1462 1455
1476 1482 1488 1495
1476 1469 1463 1456
1477 1483 1489 1496
1477 1470 1464 1457
1478 1484 1490 1497
1478 1471 1465 1458
1479 1485 1491 1498
1479 1472 1466 1459
1480 1486 1493 1492
1480 1473 1474 1467
1481 1487 1494 1500
1481 1475 1468 1462
1482 1488 1495 1501
1482 1476 1469 1463
1483 1489 1496 1502
1483 1477 1470 1464
1484 1490 1497 1503
1484 1478 1471 1465
1485 1491 1498 1504
1485 1479 1472 1466
1486 1493 1492 1499
1486 1480 1473 1474
1487 1494 1500 1507
1487 1481 1475 1468
1488 1495 1501 1508
1488 1482 1476 1469
1489 1496 1502 1509
1489 1483 1477 1470
1490 1497 1503 1510
1490 1484 1478 1471
1491 1498 1504 1511
1491 1485 1479 1472
1492 1499 1506 1505
1492 1493 1486 1480
1493 1492 1499 1506
1493 1486 1480 1473
1494 1500 1507 1513
1494 1487 1481 1475
1495 1501 1508 1514
1495 1488 1482 1476
1496 1502 1509 1515
1496 1489 1483 1477
1497 1503 1510 1516
1497 1490 1484 1478
1498 1504 1511 1517
1498 1491 1485 1479
1499 1506 1505 1512
1499 1492 1493 1486
1500 1507 1513 1520
1500 1494 1487 1481
1501 1508 1514 1521
1501 1495 1488 1482
1502 1509 1515 1522
1502 1496 1489 1483
1503 1510 1516 1523
1503 1497 1490 1484
1504 1511 1517 1524
1504 1498 1491 1485
1505 1512 1519 1518
1505 1506 1499 1492
1506 1505 1512 1519
1506 1499 1492 1493
1507 1513 1520 1526
1507 1500 1494 1487
1508 1514 1521 1527
1508 1501 1495 1488
1509 1515 1522 1528
1509 1502 1496 1489
1510 1516 1523 1529
1510 1503 1497 1490
1511 1517 1524 1530
1511 1504 1498 1491
1512 1519 1518 1525
1512 1505 1506 1499
1513 1520 1526 1532
1513 1507 1500 1494
1514 1521 1527 1533
1514 1508 1501 1495
1515 1522 1528 1534
1515 1509 1502 1496
1516 1523 1529 1535
1516 1510 1503 1497
1517 1524 1530 1536
1517 1511 1504 1498
1518 1525 1531 1537
1518 1519 1512 1505
1519 1518 1525 1531
1519 1512 1505 1506
1520 1526 1532 1538
1520 1513 1507 1500
1521 1527 1533 1539
1521 1514 1508 1501
1522 1528 1534 1540
1522 1515 1509 1502
1523 1529 1535 1541
1523 1516 1510 1503
1524 1530 1536 1542
1524 1517 1511 1504
1525 1531 1537 1543
1525 1518 1519 1512
1526 1532 1538 1545
1526 1520 1513 1507
1527 1533 1539 1546
1527 1521 1514 1508
1528 1534 1540 1547
1528 1522 1515 1509
1529 1535 1541 1548
1529 1523 1516 1510
1530 1536 1542 1549
1530 1524 1517 1511
1531 1537 1543 1550
1531 1525 1518 1519
1532 1538 1545 1544
1532 1526 1520 1513
1533 1539 1546 1552
1533 1527 1521 1514
1534 1540 1547 1553
1534 1528 1522 1515
1535 1541 1548 1554
1535 1529 1523 1516
1536 1542 1549 1555
1536 1530 1524 1517
1537 1543 1550 1556
1537 1531 1525 1518
1538 1545 1544 1551
1538 1532 1526 1520
1539 1546 1552 1558
1539 1533 1527 1521
1540 1547 1553 1559
1540 1534 1528 1522
1541 1548 1554 1560
1541 1535 1529 1523
1542 1549 1555 1561
1542 1536 1530 1524
1543 1550 1556 1563
1543 1537 1531 1525
1544 1551 1557 1564
1544 1545 1538 1532
1545 1544 1551 1557
1545 1538 1532 1526
1546 1552 1558 1565
1546 1539 1533 1527
1547 1553 1559 1566
1547 1540 1534 1528
1548 1554 1560 1567
1548 1541 1535 1529
1549 1555 1561 1568
1549 1542 1536 1530
1550 1556 1563 1562
1550 1543 1537 1531
1551 1557 1564 1570
1551 1544 1545 1538
1552 1558 1565 1571
1552 1546 1539 1533
1553 1559 1566 1572
1553 1547 1540 1534
1554 1560 1567 1573
1554 1548 1541 1535
1555 1561 1568 1574
1555 1549 1542 1536
1556 1563 1562 1569
1556 1550 1543 1537
1557 1564 1570 1578
1557 1551 1544 1545
1558 1565 1571 1579
1558 1552 1546 1539
1559 1566 1572 1580
1559 1553 1547 1540
1560 1567 1573 1581
1560 1554 1548 1541
1561 1568 1574 1582
1561 1555 1549 1542
1562 1569 1576 1575
1562 1563 1556 1550
1563 1562 1569 1576
1563 1556 1550 1543
1564 1570 1578 1577
1564 1557 1551 1544
1565 1571 1579 1585
1565 1558 1552 1546
1566 1572 1580 1586
1566 1559 1553 1547
1567 1573 1581 1587
1567 1560 1554 1548
1568 1574 1582 1588
1568 1561 1555 1549
1569 1576 1575 1583
1569 1562 1563 1556
1570 1578 1577 1584
1570 1564 1557 1551
1571 1579 1585 1592
1571 1565 1558 1552
1572 1580 1586 1593
1572 1566 1559 1553
1573 1581 1587 1594
1573 1567 1560 1554
1574 1582 1588 1595
1574 1568 1561 1555
1575 1583 1590 1589
1575 1576 1569 1562
1576 1575 1583 1590
1576 1569 1562 1563
1577 1584 1591 1597
1577 1578 1570 1564
1578 1577 1584 1591
1578 1570 1564 1557
1579 1585 1592 1598
1579 1571 1565 1558
1580 1586 1593 1599
1580 1572 1566 1559
1581 1587 1594 1600
1581 1573 1567 1560
1582 1588 1595 1601
1582 1574 1568 1561
1583 1590 1589 1596
1583 1575 1576 1569
1584 1591 1597 1604
1584 1577 1578 1570
1585 1592 1598 1605
1585 1579 1571 1565
1586 1593 1599 1606
1586 1580 1572 1566
1587 1594 1600 1607
1587 1581 1573 1567
1588 1595 1601 1608
1588 1582 1574 1568
1589 1596 1603 1602
1589 1590 1583 1575
1590 1589 1596 1603
1590 1583 1575 1576
1591 1597 1604 1610
1591 1584 1577 1578
1592 1598 1605 1611
1592 1585 1579 1571
1593 1599 1606 1612
1593 1586 1580 1572
1594 1600 1607 1613
1594 1587 1581 1573
1595 1601 1608 1614
1595 1588 1582 1574
1596 1603 1602 1609
1596 1589 1590 1583
1597 1604 1610 1617
1597 1591 1584 1577
1598 1605 1611 1618
1598 1592 1585 1579
1599 1606 1612 1619
1599 1593 1586 1580
1600 1607 1613 1620
1600 1594 1587 1581
1601 1608 1614 1621
1601 1595 1588 1582
1602 1609 1616 1615
1602 1603 1596 1589
1603 1602 1609 1616
1603 1596 1589 1590
1604 1610 1617 1623
1604 1597 1591 1584
1605 1611 1618 1624
1605 1598 1592 1585
1606 1612 1619 1625
1606 1599 1593 1586
1607 1613 1620 1627
1607 1600 1594 1587
1608 1614 1621 1628
1608 1601 1595 1588
1609 1616 1615 1622
1609 1602 1603 1596
1610 1617 1623 1631
1610 1604 1597 1591
1611 1618 1624 1632
1611 1605 1598 1592
1612 1619 1625 1633
1612 1606 1599 1593
1613 1620 1627 1626
1613 1607 1600 1594
1614 1621 1628 1635
1614 1608 1601 1595
1615 1622 1630 1629
1615 1616 1609 1602
1616 1615 1622 1630
1616 1609 1602 1603
1617 1623 1631 1637
1617 1610 1604 1597
1618 1624 1632 1638
1618 1611 1605 1598
1619 1625 1633 1639
1619 1612 1606 1599
1620 1627 1626 1634
1620 1613 1607 1600
1621 1628 1635 1641
1621 1614 1608 1601
1622 1630 1629 1636
1622 1615 1616 1609
1623 1631 1637 1644
1623 1617 1610 1604
1624 1632 1638 1645
1624 1618 1611 1605
1625 1633 1639 1646
1625 1619 1612 1606
1626 1634 1640 1647
1626 1627 1620 1613
1627 1626 1634 1640
1627 1620 1613 1607
1628 1635 1641 1648
1628 1621 1614 1608
1629 1636 1643 1642
1629 1630 1622 1615
1630 1629 1636 1643
1630 1622 1615 1616
1631 1637 1644 1650
1631 1623 1617 1610
1632 1638 1645 1651
1632 1624 1618 1611
1633 1639 1646 1652
1633 1625 1619 1612
1634 1640 1647 1653
1634 1626 1627 1620
1635 1641 1648 1654
1635 1628 1621 1614
1636 1643 1642 1649
1636 1629 1630 1622
1637 1644 1650 1657
1637 1631 1623 1617
1638 1645 1651 1658
1638 1632 1624 1618
1639 1646 1652 1659
1639 1633 1625 1619
1640 1647 1653 1660
1640 1634 1626 1627
1641 1648 1654 1661
1641 1635 1628 1621
1642 1649 1656 1655
1642 1643 1636 1629
1643 1642 1649 1656
1643 1636 1629 1630
1644 1650 1657 1663
1644 1637 1631 1623
1645 1651 1658 1664
1645 1638 1632 1624
1646 1652 1659 1665
1646 1639 1633 1625
1647 1653 1660 1666
1647 1640 1634 1626
1648 1654 1661 1667
1648 1641 1635 1628
1649 1656 1655 1662
1649 1642 1643 1636
1650 1657 1663 1670
1650 1644 1637 1631
1651 1658 1664 1671
1651 1645 1638 1632
1652 1659 1665 1672
1652 1646 1639 1633
1653 1660 1666 1673
1653 1647 1640 1634
1654 1661 1667 1674
1654 1648 1641 1635
1655 1662 1669 1668
1655 1656 1649 1642
1656 1655 1662 1669
1656 1649 1642 1643
1657 1663 1670 1676
1657 1650 1644 1637
1658 1664 1671 1677
1658 1651 1645 1638
1659 1665 1672 1678
1659 1652 1646 1639
1660 1666 1673 1679
1660 1653 1647 1640
1661 1667 1674 1680
1661 1654 1648 1641
1662 1669 1668 1675
1662 1655 1656 1649
1663 1670 1676 1682
1663 1657 1650 1644
1664 1671 1677 1683
1664 1658 1651 1645
1665 1672 1678 1684
1665 1659 1652 1646
1666 1673 1679 1685
1666 1660 1653 1647
1667 1674 1680 1686
1667 1661 1654 1648
1668 1675 1681 1687
1668 1669 1662 1655
1669 1668 1675 1681
1669 1662 1655 1656
1670 1676 1682 1688
1670 1663 1657 1650
1671 1677 1683 1689
1671 1664 1658 1651
1672 1678 1684 1690
1672 1665 1659 1652
1673 1679 1685 1691
1673 1666 1660 1653
1674 1680 1686 1692
1674 1667 1661 1654
1675 1681 1687 1693
1675 1668 1669 1662
1676 1682 1688 1694
1676 1670 1663 1657
1677 1683 1689 1695
1677 1671 1664 1658
1678 1684 1690 1696
1678 1672 1665 1659
1679 1685 1691 1697
1679 1673 1666 1660
1680 1686 1692 1698
1680 1674 1667 1661
1681 1687 1693 1699
1681 1675 1668 1669
1682 1688 1694 1700
1682 1676 1670 1663
1683 1689 1695 1701
1683 1677 1671 1664
1684 1690 1696 1702
1684 1678 1672 1665
1685 1691 1697 1703
1685 1679 1673 1666
1686 1692 1698 1704
1686 1680 1674 1667
1687 1693 1699 1705
1687 1681 1675 1668
1688 1694 1700 1706
1688 1682 1676 1670
1689 1695 1701 1707
1689 1683 1677 1671
1690 1696 1702 1708
1690 1684 1678 1672
1691 1697 1703 1709
1691 1685 1679 1673
1692 1698 1704 1710
1692 1686 1680 1674
1693 1699 1705 1712
1693 1687 1681 1675
1694 1700 1706 1713
1694 1688 1682 1676
1695 1701 1707 1714
1695 1689 1683 1677
1696 1702 1708 1715
1696 1690 1684 1678
1697 1703 1709 1716
1697 1691 1685 1679
1698 1704 1710 1717
1698 1692 1686 1680
1699 1705 1712 1711
1699 1693 1687 1681
1700 1706 1713 1719
1700 1694 1688 1682
1701 1707 1714 1720
1701 1695 1689 1683
1702 1708 1715 1721
1702 1696 1690 1684
1703 1709 1716 1723
1703 1697 1691 1685
1704 1710 1717 1724
1704 1698 1692 1686
1705 1712 1711 1718
1705 1699 1693 1687
1706 1713 1719 1727
1706 1700 1694 1688
1707 1714 1720 1728
1707 1701 1695 1689
1708 1715 1721 1722
1708 1702 1696 1690
1709 1716 1723 1730
1709 1703 1697 1691
1710 1717 1724 1731
1710 1704 1698 1692
1711 1718 1725 1732
1711 1712 1705 1699
1712 1711 1718 1725
1712 1705 1699 1693
1713 1719 1727 1726
1713 1706 1700 1694
1714 1720 1728 1734
1714 1707 1701 1695
1715 1721 1722 1729
1715 1708 1702 1696
1716 1723 1730 1736
1716 1709 1703 1697
1717 1724 1731 1737
1717 1710 1704 1698
1718 1725 1732 1738
1718 1711 1712 1705
1719 1727 1726 1733
1719 1713 1706 1700
1720 1728 1734 1740
1720 1714 1707 1701
1721 1722 1729 1735
1721 1715 1708 1702
1722 1729 1735 1741
1722 1721 1715 1708
1723 1730 1736 1742
1723 1716 1709 1703
1724 1731 1737 1743
1724 1717 1710 1704
1725 1732 1738 1745
1725 1718 1711 1712
1726 1733 1739 1746
1726 1727 1719 1713
1727 1726 1733 1739
1727 1719 1713 1706
1728 1734 1740 1747
1728 1720 1714 1707
1729 1735 1741 1748
1729 1722 1721 1715
1730 1736 1742 1749
1730 1723 1716 1709
1731 1737 1743 1750
1731 1724 1717 1710
1732 1738 1745 1744
1732 1725 1718 1711
1733 1739 1746 1752
1733 1726 1727 1719
1734 1740 1747 1753
1734 1728 1720 1714
1735 1741 1748 1754
1735 1729 1722 1721
1736 1742 1749 1755
1736 1730 1723 1716
1737 1743 1750 1756
1737 1731 1724 1717
1738 1745 1744 1751
1738 1732 1725 1718
1739 1746 1752 1759
1739 1733 1726 1727
1740 1747 1753 1760
1740 1734 1728 1720
1741 1748 1754 1761
1741 1735 1729 1722
1742 1749 1755 1762
1742 1736 1730 1723
1743 1750 1756 1763
1743 1737 1731 1724
1744 1751 1758 1757
1744 1745 1738 1732
1745 1744 1751 1758
1745 1738 1732 1725
1746 1752 1759 1765
1746 1739 1733 1726
1747 1753 1760 1766
1747 1740 1734 1728
1748 1754 1761 1767
1748 1741 1735 1729
1749 1755 1762 1768
1749 1742 1736 1730
1750 1756 1763 1769
1750 1743 1737 1731
1751 1758 1757 1764
1751 1744 1745 1738
1752 1759 1765 1771
1752 1746 1739 1733
1753 1760 1766 1772
1753 1747 1740 1734
1754 1761 1767 1774
1754 1748 1741 1735
1755 1762 1768 1775
1755 1749 1742 1736
1756 1763 1769 1776
1756 1750 1743 1737
1757 1764 1770 1777
1757 1758 1751 1744
1758 1757 1764 1770
1758 1751 1744 1745
1759 1765 1771 1778
1759 1752 1746 1739
1760 1766 1772 1773
1760 1753 1747 1740
1761 1767 1774 1780
1761 1754 1748 1741
1762 1768 1775 1781
1762 1755 1749 1742
1763 1769 1776 1782
1763 1756 1750 1743
1764 1770 1777 1783
1764 1757 1758 1751
1765 1771 1778 1784
1765 1759 1752 1746
1766 1772 1773 1779
1766 1760 1753 1747
1767 1774 1780 1786
1767 1761 1754 1748
1768 1775 1781 1787
1768 1762 1755 1749
1769 1776 1782 -1
1769 1763 1756 1750
1770 1777 1783 1789
1770 1764 1757 1758
1771 1778 1784 1790
1771 1765 1759 1752
1772 1773 1779 1785
1772 1766 1760 1753
1773 1779 1785 1791
1773 1772 1766 1760
1774 1780 1786 1792
1774 1767 1761 1754
1775 1781 1787 1793
1775 1768 1762 1755
1776 1782 1809 -1
1776 1769 1763 1756
1777 1783 1789 1788
1777 1770 1764 1757
1778 1784 1790 1795
1778 1771 1765 1759
1779 1785 1791 1796
1779 1773 1772 1766
1780 1786 1792 1797
1780 1774 1767 1761
1781 1787 1793 1798
1781 1775 1768 1762
1782 1809 1815 1821
1782 1776 1769 1763
1783 1789 1788 1794
1783 1777 1770 1764
1784 1790 1795 1800
1784 1778 1771 1765
1785 1791 1796 1801
1785 1779 1773 1772
1786 1792 1797 1802
1786 1780 1774 1767
1787 1793 1798 1803
1787 1781 1775 1768
1788 1794 1799 1804
1788 1789 1783 1777
1789 1788 1794 1799
1789 1783 1777 1770
1790 1795 1800 1805
1790 1784 1778 1771
1791 1796 1801 1806
1791 1785 1779 1773
1792 1797 1802 1807
1792 1786 1780 1774
1793 1798 1803 1808
1793 1787 1781 1775
1794 1799 1804 1809
1794 1788 1789 1783
1795 1800 1805 1810
1795 1790 1784 1778
1796 1801 1806 1811
1796 1791 1785 1779
1797 1802 1807 1812
1797 1792 1786 1780
1798 1803 1808 1814
1798 1793 1787 1781
1799 1804 1809 1815
1799 1794 1788 1789
1800 1805 1810 1816
1800 1795 1790 1784
1801 1806 1811 1817
1801 1796 1791 1785
1802 1807 1812 1818
1802 1797 1792 1786
1803 1808 1814 1813
1803 1798 1793 1787
1804 1809 1815 1821
1804 1799 1794 1788
1805 1810 1816 1822
1805 1800 1795 1790
1806 1811 1817 1823
1806 1801 1796 1791
1807 1812 1818 1824
1807 1802 1797 1792
1808 1814 1813 1819
1808 1803 1798 1793
1809 1815 1821 1820
1809 1804 1799 1794
1809 1804 1782 -1
1809 1804 1776 -1
1810 1816 1822 1827
1810 1805 1800 1795
1811 1817 1823 1828
1811 1806 1801 1796
1812 1818 1824 1830
1812 1807 1802 1797
1813 1819 1825 1831
1813 1814 1808 1803
1814 1813 1819 1825
1814 1808 1803 1798
1815 1821 1820 1826
1815 1809 1804 1799
1815 1809 1782 -1
1816 1822 1827 1833
1816 1810 1805 1800
1817 1823 1828 1829
1817 1811 1806 1801
1818 1824 1830 1835
1818 1812 1807 1802
1819 1825 1831 1836
1819 1813 1814 1808
1820 1826 1832 1837
1820 1821 1815 1809
1821 1820 1826 1832
1821 1815 1809 1804
1821 1815 1809 1782
1822 1827 1833 1838
1822 1816 1810 1805
1823 1828 1829 1834
1823 1817 1811 1806
1824 1830 1835 1840
1824 1818 1812 1807
1825 1831 1836 1841
1825 1819 1813 1814
1826 1832 1837 1842
1826 1820 1821 1815
1827 1833 1838 1843
1827 1822 1816 1810
1828 1829 1834 1839
1828 1823 1817 1811
1829 1834 1839 1844
1829 1828 1823 1817
1830 1835 1840 1845
1830 1824 1818 1812
1831 1836 1841 1846
1831 1825 1819 1813
1832 1837 1842 1847
1832 1826 1820 1821
1833 1838 1843 1848
1833 1827 1822 1816
1834 1839 1844 1849
1834 1829 1828 1823
1835 1840 1845 1850
1835 1830 1824 1818
1836 1841 1846 1852
1836 1831 1825 1819
1837 1842 1847 1853
1837 1832 1826 1820
1838 1843 1848 1854
1838 1833 1827 1822
1839 1844 1849 1855
1839 1834 1829 1828
1840 1845 1850 1856
1840 1835 1830 1824
1841 1846 1852 1851
1841 1836 1831 1825
1842 1847 1853 1859
1842 1837 1832 1826
1843 1848 1854 1860
1843 1838 1833 1827
1844 1849 1855 1861
1844 1839 1834 1829
1845 1850 1856 1857
1845 1840 1835 1830
1846 1852 1851 1858
1846 1841 1836 1831
1847 1853 1859 1864
1847 1842 1837 1832
1848 1854 1860 1865
1848 1843 1838 1833
1849 1855 1861 1866
1849 1844 1839 1834
1850 1856 1857 1862
1850 1845 1840 1835
1851 1858 1863 1869
1851 1852 1846 1841
1852 1851 1858 1863
1852 1846 1841 1836
1853 1859 1864 1870
1853 1847 1842 1837
1854 1860 1865 1871
1854 1848 1843 1838
1855 1861 1866 1872
1855 1849 1844 1839
1856 1857 1862 1867
1856 1850 1845 1840
1857 1862 1867 1873
1857 1856 1850 1845
1858 1863 1869 1868
1858 1851 1852 1846
1859 1864 1870 1876
1859 1853 1847 1842
1860 1865 1871 1877
1860 1854 1848 1843
1861 1866 1872 1878
1861 1855 1849 1844
1862 1867 1873 1879
1862 1857 1856 1850
1863 1869 1868 1874
1863 1858 1851 1852
1864 1870 1876 1875
1864 1859 1853 1847
1865 1871 1877 1882
1865 1860 1854 1848
1866 1872 1878 1883
1866 1861 1855 1849
1867 1873 1879 1884
1867 1862 1857 1856
1868 1874 1880 1885
1868 1869 1863 1858
1869 1868 1874 1880
1869 1863 1858 1851
1870 1876 1875 1881
1870 1864 1859 1853
1871 1877 1882 1888
1871 1865 1860 1854
1872 1878 1883 1889
1872 1866 1861 1855
1873 1879 1884 1890
1873 1867 1862 1857
1874 1880 1885 1892
1874 1868 1869 1863
1875 1881 1886 1893
1875 1876 1870 1864
1876 1875 1881 1886
1876 1870 1864 1859
1877 1882 1888 1887
1877 1871 1865 1860
1878 1883 1889 1895
1878 1872 1866 1861
1879 1884 1890 1891
1879 1873 1867 1862
1880 1885 1892 1897
1880 1874 1868 1869
1881 1886 1893 1898
1881 1875 1876 1870
1882 1888 1887 1894
1882 1877 1871 1865
1883 1889 1895 1900
1883 1878 1872 1866
1884 1890 1891 1896
1884 1879 1873 1867
1885 1892 1897 1902
1885 1880 1874 1868
1886 1893 1898 1903
1886 1881 1875 1876
1887 1894 1899 1904
1887 1888 1882 1877
1888 1887 1894 1899
1888 1882 1877 1871
1889 1895 1900 1905
1889 1883 1878 1872
1890 1891 1896 1901
1890 1884 1879 1873
1891 1896 1901 1906
1891 1890 1884 1879
1892 1897 1902 1907
1892 1885 1880 1874
1893 1898 1903 1908
1893 1886 1881 1875
1894 1899 1904 1909
1894 1887 1888 1882
1895 1900 1905 1910
1895 1889 1883 1878
1896 1901 1906 1911
1896 1891 1890 1884
1897 1902 1907 1912
1897 1892 1885 1880
1898 1903 1908 1913
1898 1893 1886 1881
1899 1904 1909 1914
1899 1894 1887 1888
1900 1905 1910 1915
1900 1895 1889 1883
1901 1906 1911 1916
1901 1896 1891 1890
1902 1907 1912 1917
1902 1897 1892 1885
1903 1908 1913 1918
1903 1898 1893 1886
1904 1909 1914 1919
1904 1899 1894 1887
1905 1910 1915 1920
1905 1900 1895 1889
1906 1911 1916 1921
1906 1901 1896 1891
1907 1912 1917 1923
1907 1902 1897 1892
1908 1913 1918 1924
1908 1903 1898 1893
1909 1914 1919 1925
1909 1904 1899 1894
1910 1915 1920 1926
1910 1905 1900 1895
1911 1916 1921 1927
1911 1906 1901 1896
1912 1917 1923 1922
1912 1907 1902 1897
1913 1918 1924 1930
1913 1908 1903 1898
1914 1919 1925 1931
1914 1909 1904 1899
1915 1920 1926 1932
1915 1910 1905 1900
1916 1921 1927 1928
1916 1911 1906 1901
1917 1923 1922 1929
1917 1912 1907 1902
1918 1924 1930 1936
1918 1913 1908 1903
1919 1925 1931 1937
1919 1914 1909 1904
1920 1926 1932 1938
1920 1915 1910 1905
1921 1927 1928 1933
1921 1916 1911 1906
1922 1929 1935 1934
1922 1923 1917 1912
1923 1922 1929 1935
1923 1917 1912 1907
1924 1930 1936 1942
1924 1918 1913 1908
1925 1931 1937 1943
1925 1919 1914 1909
1926 1932 1938 1944
1926 1920 1915 1910
1927 1928 1933 1939
1927 1921 1916 1911
1928 1933 1939 1940
1928 1927 1921 1916
1929 1935 1934 1941
1929 1922 1923 1917
1930 1936 1942 1948
1930 1924 1918 1913
1931 1937 1943 1949
1931 1925 1919 1914
1932 1938 1944 1950
1932 1926 1920 1915
1933 1939 1940 1945
1933 1928 1927 1921
1934 1941 1947 1946
1934 1935 1929 1922
1935 1934 1941 1947
1935 1929 1922 1923
1936 1942 1948 1953
1936 1930 1924 1918
1937 1943 1949 1954
1937 1931 1925 1919
1938 1944 1950 1955
1938 1932 1926 1920
1939 1940 1945 1951
1939 1933 1928 1927
1940 1945 1951 1956
1940 1939 1933 1928
1941 1947 1946 1952
1941 1934 1935 1929
1942 1948 1953 1958
1942 1936 1930 1924
1943 1949 1954 1959
1943 1937 1931 1925
1944 1950 1955 1960
1944 1938 1932 1926
1945 1951 1956 1961
1945 1940 1939 1933
1946 1952 1957 1963
1946 1947 1941 1934
1947 1946 1952 1957
1947 1941 1934 1935
1948 1953 1958 1964
1948 1942 1936 1930
1949 1954 1959 1965
1949 1943 1937 1931
1950 1955 1960 1966
1950 1944 1938 1932
1951 1956 1961 1967
1951 1945 1940 1939
1952 1957 1963 1962
1952 1946 1947 1941
1953 1958 1964 1970
1953 1948 1942 1936
1954 1959 1965 1971
1954 1949 1943 1937
1955 1960 1966 1972
1955 1950 1944 1938
1956 1961 1967 1968
1956 1951 1945 1940
1957 1963 1962 1969
1957 1952 1946 1947
1958 1964 1970 1976
1958 1953 1948 1942
1959 1965 1971 1977
1959 1954 1949 1943
1960 1966 1972 1978
1960 1955 1950 1944
1961 1967 1968 1973
1961 1956 1951 1945
1962 1969 1975 1974
1962 1963 1957 1952
1963 1962 1969 1975
1963 1957 1952 1946
1964 1970 1976 1982
1964 1958 1953 1948
1965 1971 1977 1983
1965 1959 1954 1949
1966 1972 1978 1984
1966 1960 1955 1950
1967 1968 1973 1979
1967 1961 1956 1951
1968 1973 1979 1985
1968 1967 1961 1956
1969 1975 1974 1981
1969 1962 1963 1957
1970 1976 1982 1988
1970 1964 1958 1953
1971 1977 1983 1989
1971 1965 1959 1954
1972 1978 1984 1990
1972 1966 1960 1955
1973 1979 1985 1986
1973 1968 1967 1961
1974 1981 1980 1987
1974 1975 1969 1962
1975 1974 1981 1980
1975 1969 1962 1963
1976 1982 1988 1994
1976 1970 1964 1958
1977 1983 1989 1995
1977 1971 1965 1959
1978 1984 1990 1996
1978 1972 1966 1960
1979 1985 1986 1991
1979 1973 1968 1967
1980 1987 1993 2000
1980 1981 1974 1975
1981 1980 1987 1993
1981 1974 1975 1969
1982 1988 1994 2001
1982 1976 1970 1964
1983 1989 1995 2002
1983 1977 1971 1965
1984 1990 1996 2003
1984 1978 1972 1966
1985 1986 1991 1992
1985 1979 1973 1968
1986 1991 1992 1997
1986 1985 1979 1973
1987 1993 2000 1999
1987 1980 1981 1974
1988 1994 2001 2008
1988 1982 1976 1970
1989 1995 2002 2009
1989 1983 1977 1971
1990 1996 2003 2010
1990 1984 1978 1972
1991 1992 1997 1998
1991 1986 1985 1979
1992 1997 1998 2004
1992 1991 1986 1985
1993 2000 1999 2007
1993 1987 1980 1981
1994 2001 2008 2015
1994 1988 1982 1976
1995 2002 2009 2016
1995 1989 1983 1977
1996 2003 2010 2017
1996 1990 1984 1978
1997 1998 2004 2005
1997 1992 1991 1986
1998 2004 2005 2011
1998 1997 1992 1991
1999 2007 2006 2014
1999 2000 1993 1987
2000 1999 2007 2006
2000 1993 1987 1980
2001 2008 2015 2022
2001 1994 1988 1982
2002 2009 2016 2023
2002 1995 1989 1983
2003 2010 2017 2024
2003 1996 1990 1984
2004 2005 2011 2012
2004 1998 1997 1992
2005 2011 2012 2018
2005 2004 1998 1997
2006 2014 2013 2021
2006 2007 1999 2000
2007 2006 2014 2013
2007 1999 2000 1993
2008 2015 2022 2029
2008 2001 1994 1988
2009 2016 2023 2030
2009 2002 1995 1989
2010 2017 2024 2031
2010 2003 1996 1990
2011 2012 2018 2019
2011 2005 2004 1998
2012 2018 2019 2025
2012 2011 2005 2004
2013 2021 2020 2028
2013 2014 2006 2007
2014 2013 2021 2020
2014 2006 2007 1999
2015 2022 2029 2037
2015 2008 2001 1994
2016 2023 2030 2038
2016 2009 2002 1995
2017 2024 2031 2039
2017 2010 2003 1996
2018 2019 2025 2026
2018 2012 2011 2005
2019 2025 2026 2032
2019 2018 2012 2011
2020 2028 2027 2036
2020 2021 2013 2014
2021 2020 2028 2027
2021 2013 2014 2006
2022 2029 2037 2048
2022 2015 2008 2001
2023 2030 2038 2049
2023 2016 2009 2002
2024 2031 2039 2050
2024 2017 2010 2003
2025 2026 2032 2033
2025 2019 2018 2012
2026 2032 2033 2040
2026 2025 2019 2018
2027 2036 2035 2034
2027 2028 2020 2021
2028 2027 2036 2035
2028 2020 2021 2013
2029 2037 2048 2054
2029 2022 2015 2008
2030 2038 2049 2055
2030 2023 2016 2009
2031 2039 2050 2056
2031 2024 2017 2010
2032 2033 2040 2041
2032 2026 2025 2019
2033 2040 2041 2042
2033 2032 2026 2025
2034 2047 2046 2045
2034 2035 2036 2027
2035 2034 2047 2046
2035 2036 2027 2028
2036 2035 2034 2047
2036 2027 2028 2020
2037 2048 2054 2057
2037 2029 2022 2015
2038 2049 2055 2058
2038 2030 2023 2016
2039 2050 2056 2059
2039 2031 2024 2017
2040 2041 2042 2043
2040 2033 2032 2026
2041 2042 2043 2051
2041 2040 2033 2032
2042 2043 2051 2052
2042 2041 2040 2033
2043 2051 2052 2053
2043 2042 2041 2040
2044 2053 2052 2051
2044 2045 2046 2047
2045 2044 2053 2052
2045 2046 2047 2034
2046 2045 2044 2053
2046 2047 2034 2035
2047 2046 2045 2044
2047 2034 2035 2036
2048 2054 2057 2060
2048 2037 2029 2022
2049 2055 2058 2061
2049 2038 2030 2023
2050 2056 2059 2062
2050 2039 2031 2024
2051 2052 2053 2044
2051 2043 2042 2041
2052 2053 2044 2045
2052 2051 2043 2042
2053 2052 2051 2043
2053 2044 2045 2046
2054 2057 2060 2063
2054 2048 2037 2029
2055 2058 2061 2064
2055 2049 2038 2030
2056 2059 2062 2065
2056 2050 2039 2031
2057 2060 2063 2066
2057 2054 2048 2037
2058 2061 2064 2067
2058 2055 2049 2038
2059 2062 2065 2068
2059 2056 2050 2039
2060 2063 2066 2069
2060 2057 2054 2048
2061 2064 2067 2070
2061 2058 2055 2049
2062 2065 2068 2071
2062 2059 2056 2050
2063 2066 2069 2072
2063 2060 2057 2054
2064 2067 2070 2073
2064 2061 2058 2055
2065 2068 2071 2074
2065 2062 2059 2056
2066 2069 2072 2075
2066 2063 2060 2057
2067 2070 2073 2076
2067 2064 2061 2058
2068 2071 2074 2077
2068 2065 2062 2059
2069 2072 2075 2078
2069 2066 2063 2060
2070 2073 2076 2079
2070 2067 2064 2061
2071 2074 2077 2080
2071 2068 2065 2062
2072 2075 2078 2081
2072 2069 2066 2063
2073 2076 2079 2082
2073 2070 2067 2064
2074 2077 2080 2083
2074 2071 2068 2065
2075 2078 2081 2084
2075 2072 2069 2066
2076 2079 2082 2085
2076 2073 2070 2067
2077 2080 2083 2086
2077 2074 2071 2068
2078 2081 2084 2087
2078 2075 2072 2069
2079 2082 2085 2088
2079 2076 2073 2070
2080 2083 2086 2089
2080 2077 2074 2071
2081 2084 2087 2090
2081 2078 2075 2072
2082 2085 2088 2091
2082 2079 2076 2073
2083 2086 2089 2092
2083 2080 2077 2074
2084 2087 2090 2093
2084 2081 2078 2075
2085 2088 2091 2094
2085 2082 2079 2076
2086 2089 2092 2095
2086 2083 2080 2077
2087 2090 2093 2096
2087 2084 2081 2078
2088 2091 2094 2097
2088 2085 2082 2079
2089 2092 2095 2098
2089 2086 2083 2080
2090 2093 2096 2099
2090 2087 2084 2081
2091 2094 2097 2100
2091 2088 2085 2082
2092 2095 2098 2101
2092 2089 2086 2083
2093 2096 2099 2102
2093 2090 2087 2084
2094 2097 2100 2103
2094 2091 2088 2085
2095 2098 2101 2104
2095 2092 2089 2086
2096 2099 2102 2105
2096 2093 2090 2087
2097 2100 2103 2106
2097 2094 2091 2088
2098 2101 2104 2107
2098 2095 2092 2089
2099 2102 2105 2108
2099 2096 2093 2090
2100 2103 2106 2109
2100 2097 2094 2091
2101 2104 2107 2110
2101 2098 2095 2092
2102 2105 2108 2112
2102 2099 2096 2093
2103 2106 2109 2113
2103 2100 2097 2094
2104 2107 2110 2111
2104 2101 2098 2095
2105 2108 2112 2115
2105 2102 2099 2096
2106 2109 2113 2116
2106 2103 2100 2097
2107 2110 2111 2114
2107 2104 2101 2098
2108 2112 2115 2118
2108 2105 2102 2099
2109 2113 2116 2119
2109 2106 2103 2100
2110 2111 2114 2117
2110 2107 2104 2101
2111 2114 2117 2120
2111 2110 2107 2104
2112 2115 2118 2121
2112 2108 2105 2102
2113 2116 2119 2122
2113 2109 2106 2103
2114 2117 2120 2123
2114 2111 2110 2107
2115 2118 2121 2124
2115 2112 2108 2105
2116 2119 2122 2125
2116 2113 2109 2106
2117 2120 2123 2126
2117 2114 2111 2110
2118 2121 2124 2127
2118 2115 2112 2108
2119 2122 2125 2128
2119 2116 2113 2109
2120 2123 2126 2129
2120 2117 2114 2111
2121 2124 2127 2130
2121 2118 2115 2112
2122 2125 2128 2132
2122 2119 2116 2113
2123 2126 2129 2133
2123 2120 2117 2114
2124 2127 2130 2134
2124 2121 2118 2115
2125 2128 2132 2131
2125 2122 2119 2116
2126 2129 2133 2136
2126 2123 2120 2117
2127 2130 2134 2138
2127 2124 2121 2118
2128 2132 2131 2135
2128 2125 2122 2119
2129 2133 2136 2137
2129 2126 2123 2120
2130 2134 2138 2141
2130 2127 2124 2121
2131 2135 2139 2142
2131 2132 2128 2125
2132 2131 2135 2139
2132 2128 2125 2122
2133 2136 2137 2140
2133 2129 2126 2123
2134 2138 2141 2144
2134 2138 2150 -1
2134 2130 2127 2124
2135 2139 2142 2145
2135 2131 2132 2128
2136 2137 2140 2143
2136 2133 2129 2126
2137 2140 2143 2146
2137 2136 2133 2129
2138 2141 2144 2147
2138 2141 2150 -1
2138 2134 2130 2127
2139 2142 2145 2148
2139 2135 2131 2132
2140 2143 2146 2149
2140 2137 2136 2133
2141 2144 2147 2151
2141 2138 2134 2130
2142 2145 2148 2152
2142 2139 2135 2131
2143 2146 2149 2153
2143 2140 2137 2136
2144 2147 2151 2155
2144 2141 2138 2134
2145 2148 2152 2156
2145 2142 2139 2135
2146 2149 2153 2157
2146 2143 2140 2137
2147 2151 2155 2159
2147 2144 2141 2138
2148 2152 2156 2160
2148 2145 2142 2139
2149 2153 2157 2161
2149 2146 2143 2140
2150 2154 2158 2163
2150 2138 2134 -1
2151 2155 2159 2164
2151 2147 2144 2141
2152 2156 2160 2165
2152 2148 2145 2142
2153 2157 2161 2162
2153 2149 2146 2143
2154 2158 2163 2167
2155 2159 2164 2168
2155 2151 2147 2144
2156 2160 2165 2169
2156 2152 2148 2145
2157 2161 2162 2166
2157 2153 2149 2146
2158 2163 2167 2171
2158 2154 2150 -1
2159 2164 2168 2172
2159 2155 2151 2147
2160 2165 2169 2173
2160 2156 2152 2148
2161 2162 2166 2170
2161 2157 2153 2149
2162 2166 2170 2174
2162 2161 2157 2153
2163 2167 2171 2176
2163 2158 2154 2150
2164 2168 2172 2177
2164 2159 2155 2151
2165 2169 2173 2178
2165 2160 2156 2152
2166 2170 2174 2175
2166 2162 2161 2157
2167 2171 2176 2180
2167 2163 2158 2154
2168 2172 2177 2181
2168 2164 2159 2155
2169 2173 2178 2182
2169 2165 2160 2156
2170 2174 2175 2179
2170 2166 2162 2161
2171 2176 2180 2184
2171 2167 2163 2158
2172 2177 2181 2185
2172 2168 2164 2159
2173 2178 2182 2186
2173 2169 2165 2160
2174 2175 2179 2183
2174 2170 2166 2162
2175 2179 2183 2187
2175 2174 2170 2166
2176 2180 2184 2188
2176 2171 2167 2163
2177 2181 2185 2189
2177 2172 2168 2164
2178 2182 2186 2190
2178 2173 2169 2165
2179 2183 2187 2191
2179 2175 2174 2170
2180 2184 2188 2192
2180 2176 2171 2167
2181 2185 2189 2193
2181 2177 2172 2168
2182 2186 2190 2194
2182 2178 2173 2169
2183 2187 2191 2195
2183 2179 2175 2174
2184 2188 2192 2196
2184 2180 2176 2171
2185 2189 2193 2197
2185 2181 2177 2172
2186 2190 2194 2198
2186 2182 2178 2173
2187 2191 2195 2199
2187 2183 2179 2175
2188 2192 2196 2200
2188 2184 2180 2176
2189 2193 2197 2201
2189 2185 2181 2177
2190 2194 2198 2202
2190 2186 2182 2178
2191 2195 2199 2203
2191 2187 2183 2179
2192 2196 2200 2204
2192 2188 2184 2180
2193 2197 2201 2205
2193 2189 2185 2181
2194 2198 2202 2206
2194 2190 2186 2182
2195 2199 2203 2207
2195 2191 2187 2183
2196 2200 2204 2208
2196 2192 2188 2184
2197 2201 2205 2209
2197 2193 2189 2185
2198 2202 2206 2210
2198 2194 2190 2186
2199 2203 2207 2211
2199 2195 2191 2187
2200 2204 2208 2212
2200 2196 2192 2188
2201 2205 2209 2213
2201 2197 2193 2189
2202 2206 2210 2214
2202 2198 2194 2190
2203 2207 2211 2215
2203 2199 2195 2191
2204 2208 2212 2216
2204 2200 2196 2192
2205 2209 2213 2217
2205 2201 2197 2193
2206 2210 2214 2218
2206 2202 2198 2194
2207 2211 2215 2219
2207 2203 2199 2195
2208 2212 2216 2220
2208 2204 2200 2196
2209 2213 2217 2221
2209 2205 2201 2197
2210 2214 2218 2223
2210 2206 2202 2198
2211 2215 2219 2224
2211 2207 2203 2199
2212 2216 2220 2225
2212 2208 2204 2200
2213 2217 2221 2226
2213 2209 2205 2201
2214 2218 2223 2222
2214 2210 2206 2202
2215 2219 2224 2228
2215 2211 2207 2203
2216 2220 2225 2229
2216 2212 2208 2204
2217 2221 2226 2230
2217 2213 2209 2205
2218 2223 2222 2227
2218 2214 2210 2206
2219 2224 2228 2232
2219 2215 2211 2207
2220 2225 2229 2233
2220 2216 2212 2208
2221 2226 2230 2234
2221 2217 2213 2209
2222 2227 2231 2235
2222 2223 2218 2214
2223 2222 2227 2231
2223 2218 2214 2210
2224 2228 2232 2236
2224 2219 2215 2211
2225 2229 2233 2238
2225 2220 2216 2212
2226 2230 2234 2239
2226 2221 2217 2213
2227 2231 2235 2240
2227 2222 2223 2218
2228 2232 2236 2237
2228 2224 2219 2215
2229 2233 2238 2242
2229 2225 2220 2216
2230 2234 2239 2243
2230 2226 2221 2217
2231 2235 2240 2245
2231 2227 2222 2223
2232 2236 2237 2241
2232 2228 2224 2219
2233 2238 2242 2247
2233 2229 2225 2220
2234 2239 2243 2248
2234 2230 2226 2221
2235 2240 2245 2244
2235 2231 2227 2222
2236 2237 2241 2246
2236 2232 2228 2224
2237 2241 2246 2250
2237 2236 2232 2228
2238 2242 2247 2251
2238 2233 2229 2225
2239 2243 2248 2252
2239 2234 2230 2226
2240 2245 2244 2249
2240 2235 2231 2227
2241 2246 2250 2255
2241 2237 2236 2232
2242 2247 2251 2256
2242 2238 2233 2229
2243 2248 2252 2253
2243 2239 2234 2230
2244 2249 2254 2258
2244 2245 2240 2235
2245 2244 2249 2254
2245 2240 2235 2231
2246 2250 2255 2259
2246 2241 2237 2236
2247 2251 2256 2261
2247 2242 2238 2233
2248 2252 2253 2257
2248 2243 2239 2234
2249 2254 2258 2263
2249 2244 2245 2240
2250 2255 2259 2264
2250 2246 2241 2237
2251 2256 2261 2260
2251 2247 2242 2238
2252 2253 2257 2262
2252 2248 2243 2239
2253 2257 2262 2266
2253 2252 2248 2243
2254 2258 2263 2267
2254 2249 2244 2245
2255 2259 2264 2268
2255 2250 2246 2241
2256 2261 2260 2265
2256 2251 2247 2242
2257 2262 2266 2270
2257 2253 2252 2248
2258 2263 2267 2271
2258 2254 2249 2244
2259 2264 2268 2272
2259 2255 2250 2246
2260 2265 2269 2273
2260 2261 2256 2251
2261 2260 2265 2269
2261 2256 2251 2247
2262 2266 2270 2274
2262 2257 2253 2252
2263 2267 2271 2275
2263 2258 2254 2249
2264 2268 2272 2276
2264 2259 2255 2250
2265 2269 2273 2277
2265 2260 2261 2256
2266 2270 2274 2278
2266 2262 2257 2253
2267 2271 2275 2280
2267 2263 2258 2254
2268 2272 2276 2281
2268 2264 2259 2255
2269 2273 2277 2284
2269 2265 2260 2261
2270 2274 2278 2279
2270 2266 2262 2257
2271 2275 2280 2286
2271 2267 2263 2258
2272 2276 2281 2282
2272 2268 2264 2259
2273 2277 2284 2283
2273 2269 2265 2260
2274 2278 2279 2285
2274 2270 2266 2262
2275 2280 2286 2290
2275 2271 2267 2263
2276 2281 2282 2287
2276 2272 2268 2264
2277 2284 2283 2288
2277 2273 2269 2265
2278 2279 2285 2289
2278 2274 2270 2266
2279 2285 2289 2294
2279 2278 2274 2270
2280 2286 2290 2295
2280 2275 2271 2267
2281 2282 2287 2291
2281 2276 2272 2268
2282 2287 2291 2296
2282 2281 2276 2272
2283 2288 2293 2292
2283 2284 2277 2273
2284 2283 2288 2293
2284 2277 2273 2269
2285 2289 2294 2298
2285 2279 2278 2274
2286 2290 2295 2299
2286 2280 2275 2271
2287 2291 2296 2300
2287 2282 2281 2276
2288 2293 2292 2297
2288 2283 2284 2277
2289 2294 2298 2302
2289 2285 2279 2278
2290 2295 2299 2303
2290 2286 2280 2275
2291 2296 2300 2304
2291 2287 2282 2281
2292 2297 2301 2305
2292 2293 2288 2283
2293 2292 2297 2301
2293 2288 2283 2284
2294 2298 2302 2306
2294 2289 2285 2279
2295 2299 2303 2308
2295 2290 2286 2280
2296 2300 2304 2309
2296 2291 2287 2282
2297 2301 2305 2310
2297 2292 2293 2288
2298 2302 2306 2307
2298 2294 2289 2285
2299 2303 2308 2312
2299 2295 2290 2286
2300 2304 2309 2313
2300 2296 2291 2287
2301 2305 2310 2314
2301 2297 2292 2293
2302 2306 2307 2311
2302 2298 2294 2289
2303 2308 2312 2316
2303 2299 2295 2290
2304 2309 2313 2317
2304 2300 2296 2291
2305 2310 2314 2318
2305 2301 2297 2292
2306 2307 2311 2315
2306 2302 2298 2294
2307 2311 2315 2319
2307 2306 2302 2298
2308 2312 2316 2320
2308 2303 2299 2295
2309 2313 2317 2321
2309 2304 2300 2296
2310 2314 2318 2322
2310 2305 2301 2297
2311 2315 2319 2323
2311 2307 2306 2302
2312 2316 2320 2324
2312 2308 2303 2299
2313 2317 2321 2325
2313 2309 2304 2300
2314 2318 2322 2326
2314 2310 2305 2301
2315 2319 2323 2327
2315 2311 2307 2306
2316 2320 2324 2328
2316 2312 2308 2303
2317 2321 2325 2329
2317 2313 2309 2304
2318 2322 2326 2331
2318 2314 2310 2305
2319 2323 2327 2332
2319 2315 2311 2307
2320 2324 2328 2333
2320 2316 2312 2308
2321 2325 2329 2334
2321 2317 2313 2309
2322 2326 2331 2330
2322 2318 2314 2310
2323 2327 2332 2336
2323 2319 2315 2311
2324 2328 2333 2337
2324 2320 2316 2312
2325 2329 2334 2338
2325 2321 2317 2313
2326 2331 2330 2335
2326 2322 2318 2314
2327 2332 2336 2341
2327 2323 2319 2315
2328 2333 2337 2342
2328 2324 2320 2316
2329 2334 2338 2343
2329 2325 2321 2317
2330 2335 2340 2339
2330 2331 2326 2322
2331 2330 2335 2340
2331 2326 2322 2318
2332 2336 2341 2345
2332 2327 2323 2319
2333 2337 2342 2346
2333 2328 2324 2320
2334 2338 2343 2347
2334 2329 2325 2321
2335 2340 2339 2344
2335 2330 2331 2326
2336 2341 2345 2349
2336 2332 2327 2323
2337 2342 2346 2350
2337 2333 2328 2324
2338 2343 2347 2351
2338 2334 2329 2325
2339 2344 2348 2354
2339 2340 2335 2330
2340 2339 2344 2348
2340 2335 2330 2331
2341 2345 2349 2355
2341 2336 2332 2327
2342 2346 2350 2356
2342 2337 2333 2328
2343 2347 2351 2352
2343 2338 2334 2329
2344 2348 2354 2353
2344 2339 2340 2335
2345 2349 2355 2359
2345 2341 2336 2332
2346 2350 2356 2360
2346 2342 2337 2333
2347 2351 2352 2357
2347 2343 2338 2334
2348 2354 2353 2358
2348 2344 2339 2340
2349 2355 2359 2365
2349 2345 2341 2336
2350 2356 2360 2366
2350 2346 2342 2337
2351 2352 2357 2361
2351 2347 2343 2338
2352 2357 2361 2362
2352 2351 2347 2343
2353 2358 2364 2363
2353 2354 2348 2344
2354 2353 2358 2364
2354 2348 2344 2339
2355 2359 2365 2369
2355 2349 2345 2341
2356 2360 2366 2371
2356 2350 2346 2342
2357 2361 2362 2367
2357 2352 2351 2347
2358 2364 2363 2368
2358 2353 2354 2348
2359 2365 2369 2374
2359 2355 2349 2345
2360 2366 2371 2370
2360 2356 2350 2346
2361 2362 2367 2372
2361 2357 2352 2351
2362 2367 2372 2376
2362 2361 2357 2352
2363 2368 2373 2379
2363 2364 2358 2353
2364 2363 2368 2373
2364 2358 2353 2354
2365 2369 2374 2380
2365 2359 2355 2349
2366 2371 2370 2375
2366 2360 2356 2350
2367 2372 2376 2377
2367 2362 2361 2357
2368 2373 2379 2378
2368 2363 2364 2358
2369 2374 2380 2385
2369 2365 2359 2355
2370 2375 2381 2386
2370 2371 2366 2360
2371 2370 2375 2381
2371 2366 2360 2356
2372 2376 2377 2382
2372 2367 2362 2361
2373 2379 2378 2384
2373 2368 2363 2364
2374 2380 2385 2389
2374 2369 2365 2359
2375 2381 2386 2390
2375 2370 2371 2366
2376 2377 2382 2387
2376 2372 2367 2362
2377 2382 2387 2391
2377 2376 2372 2367
2378 2384 2383 2388
2378 2379 2373 2368
2379 2378 2384 2383
2379 2373 2368 2363
2380 2385 2389 2395
2380 2374 2369 2365
2381 2386 2390 2396
2381 2375 2370 2371
2382 2387 2391 2392
2382 2377 2376 2372
2383 2388 2394 2393
2383 2384 2378 2379
2384 2383 2388 2394
2384 2378 2379 2373
2385 2389 2395 2401
2385 2380 2374 2369
2386 2390 2396 2402
2386 2381 2375 2370
2387 2391 2392 2397
2387 2382 2377 2376
2388 2394 2393 2400
2388 2383 2384 2378
2389 2395 2401 2405
2389 2385 2380 2374
2390 2396 2402 2406
2390 2386 2381 2375
2391 2392 2397 2398
2391 2387 2382 2377
2392 2397 2398 2403
2392 2391 2387 2382
2393 2400 2399 2404
2393 2394 2388 2383
2394 2393 2400 2399
2394 2388 2383 2384
2395 2401 2405 2409
2395 2389 2385 2380
2396 2402 2406 2410
2396 2390 2386 2381
2397 2398 2403 2407
2397 2392 2391 2387
2398 2403 2407 2411
2398 2397 2392 2391
2399 2404 2408 2414
2399 2400 2393 2394
2400 2399 2404 2408
2400 2393 2394 2388
2401 2405 2409 2415
2401 2395 2389 2385
2402 2406 2410 2416
2402 2396 2390 2386
2403 2407 2411 2412
2403 2398 2397 2392
2404 2408 2414 2413
2404 2399 2400 2393
2405 2409 2415 2421
2405 2401 2395 2389
2406 2410 2416 2422
2406 2402 2396 2390
2407 2411 2412 2417
2407 2403 2398 2397
2408 2414 2413 2420
2408 2404 2399 2400
2409 2415 2421 2427
2409 2405 2401 2395
2410 2416 2422 2428
2410 2406 2402 2396
2411 2412 2417 2418
2411 2407 2403 2398
2412 2417 2418 2423
2412 2411 2407 2403
2413 2420 2419 2426
2413 2414 2408 2404
2414 2413 2420 2419
2414 2408 2404 2399
2415 2421 2427 2433
2415 2409 2405 2401
2416 2422 2428 2434
2416 2410 2406 2402
2417 2418 2423 2424
2417 2412 2411 2407
2418 2423 2424 2429
2418 2417 2412 2411
2419 2426 2425 2432
2419 2420 2413 2414
2420 2419 2426 2425
2420 2413 2414 2408
2421 2427 2433 2439
2421 2415 2409 2405
2422 2428 2434 2440
2422 2416 2410 2406
2423 2424 2429 2430
2423 2418 2417 2412
2424 2429 2430 2435
2424 2423 2418 2417
2425 2432 2431 2438
2425 2426 2419 2420
2426 2425 2432 2431
2426 2419 2420 2413
2427 2433 2439 2445
2427 2421 2415 2409
2428 2434 2440 2446
2428 2422 2416 2410
2429 2430 2435 2436
2429 2424 2423 2418
2430 2435 2436 2441
2430 2429 2424 2423
2431 2438 2437 2444
2431 2432 2425 2426
2432 2431 2438 2437
2432 2425 2426 2419
2433 2439 2445 2451
2433 2427 2421 2415
2434 2440 2446 2452
2434 2428 2422 2416
2435 2436 2441 2442
2435 2430 2429 2424
2436 2441 2442 2447
2436 2435 2430 2429
2437 2444 2443 2450
2437 2438 2431 2432
2438 2437 2444 2443
2438 2431 2432 2425
2439 2445 2451 2457
2439 2433 2427 2421
2440 2446 2452 2458
2440 2434 2428 2422
2441 2442 2447 2448
2441 2436 2435 2430
2442 2447 2448 2453
2442 2441 2436 2435
2443 2450 2449 2456
2443 2444 2437 2438
2444 2443 2450 2449
2444 2437 2438 2431
2445 2451 2457 2463
2445 2439 2433 2427
2446 2452 2458 2464
2446 2440 2434 2428
2447 2448 2453 2454
2447 2442 2441 2436
2448 2453 2454 2459
2448 2447 2442 2441
2449 2456 2455 2462
2449 2456 2455 2467
2449 2450 2443 2444
2450 2449 2456 2455
2450 2449 2456 2467
2450 2443 2444 2437
2451 2457 2463 2469
2451 2445 2439 2433
2452 2458 2464 2470
2452 2446 2440 2434
2453 2454 2459 2460
2453 2448 2447 2442
2454 2459 2460 2465
2454 2453 2448 2447
2455 2462 2461 2468
2455 2456 2449 2450
2456 2455 2462 2461
2456 2455 2462 2467
2456 2449 2450 2443
2457 2463 2469 2473
2457 2451 2445 2439
2458 2464 2470 2475
2458 2452 2446 2440
2459 2460 2465 2466
2459 2454 2453 2448
2460 2465 2466 2471
2460 2459 2454 2453
2461 2468 2467 -1
2461 2462 2455 2456
2462 2461 2468 -1
2462 2455 2456 2449
2463 2469 2473 2474
2463 2457 2451 2445
2464 2470 2475 2479
2464 2458 2452 2446
2465 2466 2471 2472
2465 2460 2459 2454
2466 2471 2472 2476
2466 2465 2460 2459
2467 2468 2461 2456
2468 2461 2462 2455
2469 2473 2474 2478
2469 2463 2457 2451
2470 2475 2479 2484
2470 2464 2458 2452
2471 2472 2476 2477
2471 2466 2465 2460
2472 2476 2477 2480
2472 2471 2466 2465
2473 2474 2478 2483
2473 2469 2463 2457
2474 2478 2483 2489
2474 2473 2469 2463
2475 2479 2484 2491
2475 2470 2464 2458
2476 2477 2480 2481
2476 2472 2471 2466
2477 2480 2481 2482
2477 2476 2472 2471
2478 2483 2489 2497
2478 2474 2473 2469
2479 2484 2491 2490
2479 2475 2470 2464
2480 2481 2482 2485
2480 2477 2476 2472
2481 2482 2485 2486
2481 2480 2477 2476
2482 2485 2486 2487
2482 2481 2480 2477
2483 2489 2497 -1
2483 2478 2474 2473
2484 2491 2490 2499
2484 2479 2475 2470
2485 2486 2487 2488
2485 2482 2481 2480
2486 2487 2488 2492
2486 2485 2482 2481
2487 2488 2492 2493
2487 2486 2485 2482
2488 2492 2493 2494
2488 2487 2486 2485
2489 2483 2478 2474
2490 2499 2498 2514
2490 2491 2484 2479
2491 2490 2499 2498
2491 2484 2479 2475
2492 2493 2494 2495
2492 2488 2487 2486
2493 2494 2495 2496
2493 2492 2488 2487
2494 2495 2496 2500
2494 2493 2492 2488
2495 2496 2500 2501
2495 2494 2493 2492
2496 2500 2501 2502
2496 2495 2494 2493
2497 2489 2483 2478
2498 2514 2513 2512
2498 2499 2490 2491
2499 2498 2514 2513
2499 2490 2491 2484
2500 2501 2502 2503
2500 2496 2495 2494
2501 2502 2503 2504
2501 2500 2496 2495
2502 2503 2504 2505
2502 2501 2500 2496
2503 2504 2505 2506
2503 2502 2501 2500
2504 2505 2506 2507
2504 2503 2502 2501
2505 2506 2507 2508
2505 2504 2503 2502
2506 2507 2508 2509
2506 2505 2504 2503
2507 2508 2509 2515
2507 2506 2505 2504
2508 2509 2515 2516
2508 2507 2506 2505
2509 2515 2516 2517
2509 2508 2507 2506
2510 2546 2545 2544
2510 2511 2512 2513
2511 2510 2546 2545
2511 2512 2513 2514
2512 2511 2510 2546
2512 2513 2514 2498
2513 2512 2511 2510
2513 2514 2498 2499
2514 2513 2512 2511
2514 2498 2499 2490
2515 2516 2517 2518
2515 2509 2508 2507
2516 2517 2518 2519
2516 2515 2509 2508
2517 2518 2519 2520
2517 2516 2515 2509
2518 2519 2520 2521
2518 2517 2516 2515
2519 2520 2521 2522
2519 2518 2517 2516
2520 2521 2522 2523
2520 2519 2518 2517
2521 2522 2523 2547
2521 2520 2519 2518
2522 2523 2547 2548
2522 2521 2520 2519
2523 2547 2548 2549
2523 2522 2521 2520
2524 2595 2594 2593
2524 2525 2526 2527
2525 2524 2595 2594
2525 2526 2527 2528
2526 2525 2524 2595
2526 2527 2528 2529
2527 2526 2525 2524
2527 2528 2529 2530
2528 2527 2526 2525
2528 2529 2530 2531
2529 2528 2527 2526
2529 2530 2531 2532
2530 2529 2528 2527
2530 2531 2532 2533
2531 2530 2529 2528
2531 2532 2533 2534
2532 2531 2530 2529
2532 2533 2534 2535
2533 2532 2531 2530
2533 2534 2535 2536
2534 2533 2532 2531
2534 2535 2536 2537
2535 2534 2533 2532
2535 2536 2537 2538
2536 2535 2534 2533
2536 2537 2538 2539
2537 2536 2535 2534
2537 2538 2539 2540
2538 2537 2536 2535
2538 2539 2540 2541
2539 2538 2537 2536
2539 2540 2541 2542
2540 2539 2538 2537
2540 2541 2542 2543
2541 2540 2539 2538
2541 2542 2543 2544
2542 2541 2540 2539
2542 2543 2544 2545
2543 2542 2541 2540
2543 2544 2545 2546
2544 2543 2542 2541
2544 2545 2546 2510
2545 2544 2543 2542
2545 2546 2510 2511
2546 2545 2544 2543
2546 2510 2511 2512
2547 2548 2549 2550
2547 2523 2522 2521
2548 2549 2550 2551
2548 2547 2523 2522
2549 2550 2551 2552
2549 2548 2547 2523
2550 2551 2552 2553
2550 2549 2548 2547
2551 2552 2553 2554
2551 2550 2549 2548
2552 2553 2554 2555
2552 2551 2550 2549
2553 2554 2555 2556
2553 2552 2551 2550
2554 2555 2556 2557
2554 2553 2552 2551
2555 2556 2557 2558
2555 2554 2553 2552
2556 2557 2558 2559
2556 2555 2554 2553
2557 2558 2559 2560
2557 2556 2555 2554
2558 2559 2560 2561
2558 2557 2556 2555
2559 2560 2561 2562
2559 2558 2557 2556
2560 2561 2562 2563
2560 2559 2558 2557
2561 2562 2563 2564
2561 2560 2559 2558
2562 2563 2564 2596
2562 2561 2560 2559
2563 2564 2596 2597
2563 2562 2561 2560
2564 2596 2597 2598
2564 2563 2562 2561
2565 2634 2633 2632
2565 2566 2567 2568
2566 2565 2634 2633
2566 2567 2568 2569
2567 2566 2565 2634
2567 2568 2569 2570
2568 2567 2566 2565
2568 2569 2570 2571
2569 2568 2567 2566
2569 2570 2571 2572
2570 2569 2568 2567
2570 2571 2572 2573
2571 2570 2569 2568
2571 2572 2573 2574
2572 2571 2570 2569
2572 2573 2574 2575
2573 2572 2571 2570
2573 2574 2575 2576
2574 2573 2572 2571
2574 2575 2576 2577
2575 2574 2573 2572
2575 2576 2577 2578
2576 2575 2574 2573
2576 2577 2578 2579
2577 2576 2575 2574
2577 2578 2579 2580
2578 2577 2576 2575
2578 2579 2580 2581
2579 2578 2577 2576
2579 2580 2581 2582
2580 2579 2578 2577
2580 2581 2582 2583
2581 2580 2579 2578
2581 2582 2583 2584
2582 2581 2580 2579
2582 2583 2584 2585
2583 2582 2581 2580
2583 2584 2585 2586
2584 2583 2582 2581
2584 2585 2586 2587
2585 2584 2583 2582
2585 2586 2587 2588
2586 2585 2584 2583
2586 2587 2588 2589
2587 2586 2585 2584
2587 2588 2589 2590
2588 2587 2586 2585
2588 2589 2590 2591
2589 2588 2587 2586
2589 2590 2591 2592
2590 2589 2588 2587
2590 2591 2592 2593
2591 2590 2589 2588
2591 2592 2593 2594
2592 2591 2590 2589
2592 2593 2594 2595
2593 2592 2591 2590
2593 2594 2595 2524
2594 2593 2592 2591
2594 2595 2524 2525
2595 2594 2593 2592
2595 2524 2525 2526
2596 2597 2598 2599
2596 2564 2563 2562
2597 2598 2599 2600
2597 2596 2564 2563
2598 2599 2600 2601
2598 2597 2596 2564
2599 2600 2601 2602
2599 2598 2597 2596
2600 2601 2602 2603
2600 2599 2598 2597
2601 2602 2603 2604
2601 2600 2599 2598
2602 2603 2604 2605
2602 2601 2600 2599
2603 2604 2605 2606
2603 2602 2601 2600
2604 2605 2606 2607
2604 2603 2602 2601
2605 2606 2607 2608
2605 2604 2603 2602
2606 2607 2608 2609
2606 2605 2604 2603
2607 2608 2609 2610
2607 2606 2605 2604
2608 2609 2610 2611
2608 2607 2606 2605
2609 2610 2611 2635
2609 2608 2607 2606
2610 2611 2635 2636
2610 2609 2608 2607
2611 2635 2636 2637
2611 2610 2609 2608
2612 2684 2683 2682
2612 2613 2614 2615
2613 2612 2684 2683
2613 2614 2615 2616
2614 2613 2612 2684
2614 2615 2616 2617
2615 2614 2613 2612
2615 2616 2617 2618
2616 2615 2614 2613
2616 2617 2618 2619
2617 2616 2615 2614
2617 2618 2619 2620
2618 2617 2616 2615
2618 2619 2620 2621
2619 2618 2617 2616
2619 2620 2621 2622
2620 2619 2618 2617
2620 2621 2622 2623
2621 2620 2619 2618
2621 2622 2623 2624
2622 2621 2620 2619
2622 2623 2624 2625
2623 2622 2621 2620
2623 2624 2625 2626
2624 2623 2622 2621
2624 2625 2626 2627
2625 2624 2623 2622
2625 2626 2627 2628
2626 2625 2624 2623
2626 2627 2628 2629
2627 2626 2625 2624
2627 2628 2629 2630
2628 2627 2626 2625
2628 2629 2630 2631
2629 2628 2627 2626
2629 2630 2631 2632
2630 2629 2628 2627
2630 2631 2632 2633
2631 2630 2629 2628
2631 2632 2633 2634
2632 2631 2630 2629
2632 2633 2634 2565
2633 2632 2631 2630
2633 2634 2565 2566
2634 2633 2632 2631
2634 2565 2566 2567
2635 2636 2637 2638
2635 2611 2610 2609
2636 2637 2638 2639
2636 2635 2611 2610
2637 2638 2639 2640
2637 2636 2635 2611
2638 2639 2640 2641
2638 2637 2636 2635
2639 2640 2641 2642
2639 2638 2637 2636
2640 2641 2642 2643
2640 2639 2638 2637
2641 2642 2643 2644
2641 2640 2639 2638
2642 2643 2644 2645
2642 2641 2640 2639
2643 2644 2645 2646
2643 2642 2641 2640
2644 2645 2646 2647
2644 2643 2642 2641
2645 2646 2647 2648
2645 2644 2643 2642
2646 2647 2648 2649
2646 2645 2644 2643
2647 2648 2649 2650
2647 2646 2645 2644
2648 2649 2650 2651
2648 2647 2646 2645
2649 2650 2651 2652
2649 2648 2647 2646
2650 2651 2652 2653
2650 2649 2648 2647
2651 2652 2653 2654
2651 2650 2649 2648
2652 2653 2654 2655
2652 2651 2650 2649
2653 2654 2655 2656
2653 2652 2651 2650
2654 2655 2656 2657
2654 2653 2652 2651
2655 2656 2657 2658
2655 2654 2653 2652
2656 2657 2658 2659
2656 2655 2654 2653
2657 2656 2655 2654
2657 2658 2659 2660
2658 2657 2656 2655
2658 2659 2660 2661
2659 2658 2657 2656
2659 2660 2661 2662
2660 2659 2658 2657
2660 2659 2497 -1
2660 2661 2662 2663
2661 2660 2659 2658
2661 2662 2663 2664
2662 2661 2660 2659
2662 2663 2664 2665
2663 2662 2661 2660
2663 2664 2665 2666
2664 2663 2662 2661
2664 2665 2666 2667
2665 2664 2663 2662
2665 2666 2667 2668
2666 2665 2664 2663
2666 2667 2668 2669
2667 2666 2665 2664
2667 2668 2669 2670
2668 2667 2666 2665
2668 2669 2670 2671
2669 2668 2667 2666
2669 2670 2671 2672
2670 2669 2668 2667
2670 2671 2672 2673
2671 2670 2669 2668
2671 2672 2673 2674
2672 2671 2670 2669
2672 2673 2674 2675
2673 2672 2671 2670
2673 2674 2675 2676
2674 2673 2672 2671
2674 2675 2676 2677
2675 2674 2673 2672
2675 2676 2677 2678
2676 2675 2674 2673
2676 2677 2678 2679
2677 2676 2675 2674
2677 2678 2679 2680
2678 2677 2676 2675
2678 2679 2680 2681
2679 2678 2677 2676
2679 2680 2681 2682
2680 2679 2678 2677
2680 2681 2682 2683
2681 2680 2679 2678
2681 2682 2683 2684
2682 2681 2680 2679
2682 2683 2684 2612
2683 2682 2681 2680
2683 2684 2612 2613
2684 2683 2682 2681
2684 2612 2613 2614
