0 102 101 100
0 1 2 3
1 0 102 101
1 2 3 4
2 1 0 102
2 3 4 5
3 2 1 0
3 4 5 6
4 3 2 1
4 5 6 7
5 4 3 2
5 6 7 8
6 5 4 3
6 7 8 9
7 6 5 4
7 8 9 10
8 7 6 5
8 9 10 11
9 8 7 6
9 10 11 12
10 9 8 7
10 11 12 13
11 10 9 8
11 12 13 14
12 11 10 9
12 13 14 15
13 12 11 10
13 14 15 16
14 13 12 11
14 15 16 17
15 14 13 12
15 16 17 18
16 15 14 13
16 17 18 19
17 16 15 14
17 18 19 20
18 17 16 15
18 19 20 21
19 18 17 16
19 20 21 22
20 19 18 17
20 21 22 23
21 20 19 18
21 22 23 24
22 21 20 19
22 23 24 25
23 22 21 20
23 24 25 26
24 23 22 21
24 25 26 27
25 24 23 22
25 26 27 28
26 25 24 23
26 27 28 29
27 26 25 24
27 28 29 30
28 27 26 25
28 29 30 31
29 28 27 26
29 30 31 32
30 29 28 27
30 31 32 33
31 30 29 28
31 32 33 34
32 31 30 29
32 33 34 35
33 32 31 30
33 34 35 36
34 33 32 31
34 35 36 37
35 34 33 32
35 36 37 38
36 35 34 33
36 37 38 39
37 36 35 34
37 38 39 40
38 37 36 35
38 39 40 41
39 38 37 36
39 40 41 42
40 39 38 37
40 41 42 43
41 40 39 38
41 42 43 44
42 41 40 39
42 43 44 45
43 42 41 40
43 44 45 46
44 43 42 41
44 45 46 47
45 44 43 42
45 46 47 48
46 45 44 43
46 47 48 49
47 46 45 44
47 48 49 50
48 47 46 45
48 49 50 51
49 48 47 46
49 50 51 52
50 49 48 47
50 51 52 53
51 50 49 48
51 52 53 54
52 51 50 49
52 53 54 55
53 52 51 50
53 54 55 56
54 53 52 51
54 55 56 57
55 54 53 52
55 56 57 58
56 55 54 53
56 57 58 59
57 56 55 54
57 58 59 60
58 57 56 55
58 59 60 61
59 58 57 56
59 60 61 62
60 61 62 63
60 59 58 57
61 62 63 64
61 60 59 58
62 63 64 65
62 61 60 59
63 64 65 66
63 62 61 60
64 65 66 103
64 63 62 61
65 66 103 104
65 64 63 62
66 103 104 114
66 65 64 63
67 113 112 111
67 68 69 70
68 67 113 112
68 69 70 71
69 68 67 113
69 70 71 72
70 69 68 67
70 71 72 73
71 70 69 68
71 72 73 74
72 71 70 69
72 73 74 75
73 72 71 70
73 74 75 76
74 73 72 71
74 75 76 77
75 74 73 72
75 76 77 78
76 75 74 73
76 77 78 79
77 76 75 74
77 78 79 80
78 77 76 75
78 79 80 81
79 78 77 76
79 80 81 82
80 79 78 77
80 81 82 83
81 80 79 78
81 82 83 84
82 81 80 79
82 83 84 85
83 82 81 80
83 84 85 86
84 83 82 81
84 85 86 87
85 84 83 82
85 86 87 88
86 85 84 83
86 87 88 89
87 86 85 84
87 88 89 90
88 87 86 85
88 89 90 91
89 88 87 86
89 90 91 92
90 89 88 87
90 91 92 93
91 90 89 88
91 92 93 94
92 91 90 89
92 93 94 95
93 92 91 90
93 94 95 96
94 93 92 91
94 95 96 97
95 94 93 92
95 96 97 98
96 95 94 93
96 97 98 99
97 96 95 94
97 98 99 100
98 97 96 95
98 99 100 101
99 98 97 96
99 100 101 102
100 99 98 97
100 101 102 0
101 100 99 98
101 102 0 1
102 101 100 99
102 0 1 2
103 104 114 121
103 66 65 64
104 114 121 122
104 103 66 65
105 120 119 118
105 106 107 108
106 105 120 119
106 107 108 109
107 106 105 120
107 108 109 110
108 107 106 105
108 109 110 111
109 108 107 106
109 110 111 112
110 109 108 107
110 111 112 113
111 110 109 108
111 112 113 67
112 111 110 109
112 113 67 68
113 112 111 110
113 67 68 69
114 121 122 131
114 104 103 66
115 130 129 128
115 116 117 118
116 115 130 129
116 117 118 119
117 116 115 130
117 118 119 120
118 117 116 115
118 119 120 105
119 118 117 116
119 120 105 106
120 119 118 117
120 105 106 107
121 122 131 138
121 114 104 103
122 131 138 144
122 121 114 104
123 137 136 135
123 124 125 126
124 123 137 136
124 125 126 127
125 124 123 137
125 126 127 128
126 125 124 123
126 127 128 129
127 126 125 124
127 128 129 130
128 127 126 125
128 129 130 115
129 128 127 126
129 130 115 116
130 129 128 127
130 115 116 117
131 138 144 150
131 122 121 114
132 143 142 141
132 133 134 135
133 132 143 142
133 134 135 136
134 133 132 143
134 135 136 137
135 134 133 132
135 136 137 123
136 135 134 133
136 137 123 124
137 136 135 134
137 123 124 125
138 144 150 157
138 131 122 121
138 131 114 104
139 148 147 146
139 140 141 142
140 139 148 147
140 141 142 143
141 140 139 148
141 142 143 132
142 141 140 139
142 143 132 133
143 142 141 140
143 132 133 134
144 150 157 163
144 138 131 122
145 154 153 152
145 146 147 148
146 145 154 153
146 147 148 139
147 146 145 154
147 148 139 140
148 147 146 145
148 139 140 141
149 156 155 162
150 157 163 169
150 144 138 131
151 160 159 158
151 152 153 154
152 151 160 159
152 153 154 145
153 152 151 160
153 154 145 146
154 153 152 151
154 145 146 147
155 162 161 168
155 156 149 -1
156 155 162 161
157 163 169 175
157 150 144 138
158 166 165 164
158 159 160 151
159 158 166 165
159 160 151 152
160 159 158 166
160 151 152 153
161 168 167 174
161 162 155 156
162 161 168 167
162 155 156 149
163 169 175 180
163 157 150 144
164 172 171 170
164 165 166 158
165 164 172 171
165 166 158 159
166 165 164 172
166 158 159 160
167 174 173 179
167 168 161 162
168 167 174 173
168 161 162 155
169 175 180 185
169 163 157 150
170 177 176 182
170 171 172 164
171 170 177 176
171 172 164 165
172 171 170 177
172 164 165 166
173 179 178 184
173 174 167 168
174 173 179 178
174 167 168 161
175 180 185 190
175 169 163 157
176 182 181 187
176 177 170 171
177 176 182 181
177 170 171 172
178 184 183 189
178 179 173 174
179 178 184 183
179 173 174 167
180 185 190 194
180 175 169 163
181 187 186 191
181 182 176 177
182 181 187 186
182 176 177 170
183 189 188 193
183 184 178 179
184 183 189 188
184 178 179 173
185 190 194 198
185 180 175 169
186 191 195 200
186 187 181 182
187 186 191 195
187 181 182 176
188 193 192 197
188 189 183 184
189 188 193 192
189 183 184 178
190 194 198 205
190 185 180 175
191 195 200 199
191 186 187 181
192 197 196 204
192 193 188 189
193 192 197 196
193 188 189 183
194 198 205 212
194 190 185 180
195 200 199 206
195 191 186 187
196 204 203 211
196 197 192 193
197 196 204 203
197 192 193 188
198 205 212 221
198 194 190 185
199 206 214 213
199 200 195 191
200 199 206 214
200 195 191 186
201 202 207 208
202 207 208 209
203 211 210 220
203 204 196 197
204 203 211 210
204 196 197 192
205 212 221 227
205 198 194 190
206 214 213 222
206 199 200 195
207 208 209 215
207 202 201 -1
208 209 215 216
208 207 202 201
209 215 216 217
209 208 207 202
210 220 219 226
210 211 203 204
211 210 220 219
211 203 204 196
212 221 227 232
212 205 198 194
213 222 228 233
213 214 206 199
214 213 222 228
214 206 199 200
215 216 217 218
215 209 208 207
216 217 218 223
216 217 225 -1
216 215 209 208
217 218 223 224
217 218 223 225
217 216 215 209
218 223 224 229
218 217 216 215
219 226 231 236
219 220 210 211
220 219 226 231
220 210 211 203
221 227 232 237
221 212 205 198
222 228 233 239
222 213 214 206
223 224 229 230
223 218 217 216
224 229 230 -1
224 223 218 217
226 231 236 241
226 219 220 210
227 232 237 242
227 221 212 205
228 233 239 238
228 222 213 214
229 235 234 230
229 224 223 218
230 225 229 224
231 236 241 246
231 226 219 220
232 237 242 247
232 227 221 212
233 239 238 243
233 228 222 213
234 240 245 244
234 235 229 -1
235 234 240 245
236 241 246 251
236 231 226 219
237 242 247 252
237 232 227 221
238 243 249 248
238 239 233 228
239 238 243 249
239 233 228 222
240 245 244 250
240 234 235 -1
241 246 251 256
241 236 231 226
242 247 252 257
242 237 232 227
243 249 248 253
243 238 239 233
244 250 255 254
244 245 240 234
245 244 250 255
245 240 234 235
246 251 256 260
246 241 236 231
247 252 257 261
247 242 237 232
248 253 258 263
248 249 243 238
249 248 253 258
249 243 238 239
250 255 254 259
250 244 245 240
251 256 260 266
251 246 241 236
252 257 261 267
252 247 242 237
253 258 263 262
253 248 249 243
254 259 265 264
254 255 250 244
255 254 259 265
255 250 244 245
256 260 266 270
256 251 246 241
257 261 267 271
257 252 247 242
258 263 262 268
258 253 248 249
259 265 264 269
259 254 255 250
260 266 270 274
260 256 251 246
261 267 271 275
261 257 252 247
262 268 272 276
262 263 258 253
263 262 268 272
263 258 253 248
264 269 273 277
264 265 259 254
265 264 269 273
265 259 254 255
266 270 274 278
266 260 256 251
267 271 275 279
267 261 257 252
268 272 276 280
268 262 263 258
269 273 277 281
269 264 265 259
270 274 278 282
270 266 260 256
271 275 279 283
271 267 261 257
272 276 280 284
272 268 262 263
273 277 281 286
273 269 264 265
274 278 282 287
274 270 266 260
275 279 283 288
275 271 267 261
276 280 284 290
276 272 268 262
277 281 286 285
277 273 269 264
278 282 287 292
278 274 270 266
279 283 288 293
279 275 271 267
280 284 290 289
280 276 272 268
281 286 285 291
281 277 273 269
282 287 292 297
282 278 274 270
283 288 293 298
283 279 275 271
284 290 289 294
284 280 276 272
285 291 296 295
285 286 281 277
286 285 291 296
286 281 277 273
287 292 297 301
287 282 278 274
288 293 298 302
288 283 279 275
289 294 299 304
289 290 284 280
290 289 294 299
290 284 280 276
291 296 295 300
291 285 286 281
292 297 301 306
292 287 282 278
293 298 302 307
293 288 283 279
294 299 304 303
294 289 290 284
295 300 305 309
295 296 291 285
296 295 300 305
296 291 285 286
297 301 306 310
297 292 287 282
298 302 307 311
298 293 288 283
299 304 303 308
299 294 289 290
300 305 309 313
300 295 296 291
301 306 310 314
301 297 292 287
302 307 311 315
302 298 293 288
303 308 312 316
303 304 299 294
304 303 308 312
304 299 294 289
305 309 313 317
305 300 295 296
306 310 314 318
306 301 297 292
307 311 315 319
307 302 298 293
308 312 316 321
308 303 304 299
309 313 317 322
309 305 300 295
310 314 318 323
310 306 301 297
311 315 319 324
311 307 302 298
312 316 321 320
312 308 303 304
313 317 322 326
313 309 305 300
314 318 323 327
314 310 306 301
315 319 324 328
315 311 307 302
316 321 320 325
316 312 308 303
317 322 326 330
317 313 309 305
318 323 327 331
318 314 310 306
319 324 328 332
319 315 311 307
320 325 329 333
320 321 316 312
321 320 325 329
321 316 312 308
322 326 330 334
322 317 313 309
323 327 331 335
323 318 314 310
324 328 332 336
324 319 315 311
325 329 333 337
325 320 321 316
326 330 334 338
326 322 317 313
327 331 335 339
327 323 318 314
328 332 336 340
328 324 319 315
329 333 337 341
329 325 320 321
330 334 338 343
330 326 322 317
331 335 339 344
331 327 323 318
332 336 340 345
332 328 324 319
333 337 341 346
333 329 325 320
334 338 343 342
334 330 326 322
335 339 344 348
335 331 327 323
336 340 345 349
336 332 328 324
337 341 346 350
337 333 329 325
338 343 342 347
338 334 330 326
339 344 348 353
339 335 331 327
340 345 349 354
340 336 332 328
341 346 350 355
341 337 333 329
342 347 352 351
342 343 338 334
343 342 347 352
343 338 334 330
344 348 353 357
344 339 335 331
345 349 354 358
345 340 336 332
346 350 355 359
346 341 337 333
347 352 351 356
347 342 343 338
348 353 357 362
348 344 339 335
349 354 358 363
349 345 340 336
350 355 359 364
350 346 341 337
351 356 361 360
351 352 347 342
352 351 356 361
352 347 342 343
353 357 362 366
353 348 344 339
354 358 363 367
354 349 345 340
355 359 364 368
355 350 346 341
356 361 360 365
356 351 352 347
357 362 366 370
357 353 348 344
358 363 367 371
358 354 349 345
359 364 368 372
359 355 350 346
360 365 369 373
360 361 356 351
361 360 365 369
361 356 351 352
362 366 370 374
362 357 353 348
363 367 371 375
363 358 354 349
364 368 372 376
364 359 355 350
365 369 373 377
365 360 361 356
366 370 374 378
366 362 357 353
367 371 375 379
367 363 358 354
368 372 376 380
368 364 359 355
369 373 377 381
369 365 360 361
370 374 378 382
370 366 362 357
371 375 379 383
371 367 363 358
372 376 380 384
372 368 364 359
373 377 381 385
373 369 365 360
374 378 382 386
374 370 366 362
375 379 383 387
375 371 367 363
376 380 384 388
376 372 368 364
377 381 385 389
377 373 369 365
378 382 386 390
378 374 370 366
379 383 387 391
379 375 371 367
380 384 388 392
380 376 372 368
381 385 389 393
381 377 373 369
382 386 390 394
382 378 374 370
383 387 391 395
383 379 375 371
384 388 392 396
384 380 376 372
385 389 393 398
385 381 377 373
386 390 394 399
386 382 378 374
387 391 395 400
387 383 379 375
388 392 396 401
388 384 380 376
389 393 398 397
389 385 381 377
390 394 399 403
390 386 382 378
391 395 400 404
391 387 383 379
392 396 401 405
392 388 384 380
393 398 397 402
393 389 385 381
394 399 403 408
394 390 386 382
395 400 404 409
395 391 387 383
396 401 405 410
396 392 388 384
397 402 407 406
397 398 393 389
398 397 402 407
398 393 389 385
399 403 408 412
399 394 390 386
400 404 409 413
400 395 391 387
401 405 410 414
401 396 392 388
402 407 406 411
402 397 398 393
403 408 412 416
403 399 394 390
404 409 413 417
404 400 395 391
405 410 414 418
405 401 396 392
406 411 415 419
406 407 402 397
407 406 411 415
407 402 397 398
408 412 416 420
408 403 399 394
409 413 417 421
409 404 400 395
410 414 418 422
410 405 401 396
411 415 419 423
411 406 407 402
412 416 420 424
412 408 403 399
413 417 421 425
413 409 404 400
414 418 422 426
414 410 405 401
415 419 423 427
415 411 406 407
416 420 424 428
416 412 408 403
417 421 425 429
417 413 409 404
418 422 426 430
418 414 410 405
419 423 427 431
419 415 411 406
420 424 428 432
420 416 412 408
421 425 429 433
421 417 413 409
422 426 430 434
422 418 414 410
423 427 431 436
423 419 415 411
424 428 432 437
424 420 416 412
425 429 433 438
425 421 417 413
426 430 434 439
426 422 418 414
427 431 436 435
427 423 419 415
428 432 437 441
428 424 420 416
429 433 438 442
429 425 421 417
430 434 439 443
430 426 422 418
431 436 435 440
431 427 423 419
432 437 441 445
432 428 424 420
433 438 442 446
433 429 425 421
434 439 443 447
434 430 426 422
435 440 444 448
435 436 431 427
436 435 440 444
436 431 427 423
437 441 445 449
437 432 428 424
438 442 446 450
438 433 429 425
439 443 447 451
439 434 430 426
440 444 448 452
440 435 436 431
441 445 449 453
441 437 432 428
442 446 450 454
442 438 433 429
443 447 451 455
443 439 434 430
444 448 452 457
444 440 435 436
445 449 453 458
445 441 437 432
446 450 454 459
446 442 438 433
447 451 455 460
447 443 439 434
448 452 457 456
448 444 440 435
449 453 458 462
449 445 441 437
450 454 459 463
450 446 442 438
451 455 460 464
451 447 443 439
452 457 456 461
452 448 444 440
453 458 462 466
453 449 445 441
454 459 463 467
454 450 446 442
455 460 464 468
455 451 447 443
456 461 465 469
456 457 452 448
457 456 461 465
457 452 448 444
458 462 466 470
458 453 449 445
459 463 467 471
459 454 450 446
460 464 468 472
460 455 451 447
461 465 469 473
461 456 457 452
462 466 470 474
462 458 453 449
463 467 471 475
463 459 454 450
464 468 472 476
464 460 455 451
465 469 473 477
465 461 456 457
466 470 474 478
466 462 458 453
467 471 475 479
467 463 459 454
468 472 476 480
468 464 460 455
469 473 477 482
469 465 461 456
470 474 478 483
470 466 462 458
471 475 479 484
471 467 463 459
472 476 480 485
472 468 464 460
473 477 482 481
473 469 465 461
474 478 483 487
474 470 466 462
475 479 484 488
475 471 467 463
476 480 485 489
476 472 468 464
477 482 481 486
477 473 469 465
478 483 487 491
478 474 470 466
479 484 488 492
479 475 471 467
480 485 489 493
480 476 472 468
481 486 490 494
481 482 477 473
482 481 486 490
482 477 473 469
483 487 491 495
483 478 474 470
484 488 492 496
484 479 475 471
485 489 493 497
485 480 476 472
486 490 494 498
486 481 482 477
487 491 495 499
487 483 478 474
488 492 496 500
488 484 479 475
489 493 497 501
489 485 480 476
490 494 498 502
490 486 481 482
491 495 499 503
491 487 483 478
492 496 500 504
492 488 484 479
493 497 501 505
493 489 485 480
494 498 502 506
494 490 486 481
495 499 503 507
495 491 487 483
496 500 504 508
496 492 488 484
497 501 505 509
497 493 489 485
498 502 506 511
498 494 490 486
499 503 507 512
499 495 491 487
500 504 508 513
500 496 492 488
501 505 509 514
501 497 493 489
502 506 511 510
502 498 494 490
503 507 512 516
503 499 495 491
504 508 513 517
504 500 496 492
505 509 514 518
505 501 497 493
506 511 510 515
506 502 498 494
507 512 516 520
507 503 499 495
508 513 517 521
508 504 500 496
509 514 518 522
509 505 501 497
510 515 519 523
510 511 506 502
511 510 515 519
511 506 502 498
512 516 520 524
512 507 503 499
513 517 521 525
513 508 504 500
514 518 522 526
514 509 505 501
515 519 523 527
515 510 511 506
516 520 524 528
516 512 507 503
517 521 525 529
517 513 508 504
518 522 526 530
518 514 509 505
519 523 527 532
519 515 510 511
520 524 528 533
520 516 512 507
521 525 529 534
521 517 513 508
522 526 530 535
522 518 514 509
523 527 532 531
523 519 515 510
524 528 533 537
524 520 516 512
525 529 534 538
525 521 517 513
526 530 535 539
526 522 518 514
527 532 531 536
527 523 519 515
528 533 537 541
528 524 520 516
529 534 538 542
529 525 521 517
530 535 539 543
530 526 522 518
531 536 540 544
531 532 527 523
532 531 536 540
532 527 523 519
533 537 541 545
533 528 524 520
534 538 542 546
534 529 525 521
535 539 543 547
535 530 526 522
536 540 544 548
536 531 532 527
537 541 545 549
537 533 528 524
538 542 546 550
538 534 529 525
539 543 547 551
539 535 530 526
540 544 548 552
540 536 531 532
541 545 549 553
541 537 533 528
542 546 550 554
542 538 534 529
543 547 551 555
543 539 535 530
544 548 552 556
544 540 536 531
545 549 553 557
545 541 537 533
546 550 554 558
546 542 538 534
547 551 555 559
547 543 539 535
548 552 556 560
548 544 540 536
549 553 557 561
549 545 541 537
550 554 558 562
550 546 542 538
551 555 559 563
551 547 543 539
552 556 560 564
552 548 544 540
553 557 561 565
553 549 545 541
554 558 562 566
554 550 546 542
555 559 563 567
555 551 547 543
556 560 564 -1
556 552 548 544
557 561 565 568
557 553 549 545
558 562 566 569
558 554 550 546
559 563 567 570
559 555 551 547
560 556 552 548
561 565 568 571
561 557 553 549
562 566 569 572
562 558 554 550
563 567 570 573
563 559 555 551
564 560 556 552
565 568 571 574
565 561 557 553
566 569 572 575
566 562 558 554
567 570 573 576
567 563 559 555
568 571 574 577
568 565 561 557
569 572 575 578
569 566 562 558
570 573 576 579
570 567 563 559
571 574 577 580
571 568 565 561
572 575 578 581
572 569 566 562
573 576 579 582
573 570 567 563
574 577 580 583
574 571 568 565
575 578 581 584
575 572 569 566
576 579 582 585
576 573 570 567
577 580 583 586
577 574 571 568
578 581 584 587
578 575 572 569
579 582 585 588
579 576 573 570
580 583 586 589
580 577 574 571
581 584 587 594
581 578 575 572
582 585 588 595
582 579 576 573
583 586 589 596
583 580 577 574
584 587 594 600
584 581 578 575
585 588 595 601
585 582 579 576
586 589 596 602
586 583 580 577
587 594 600 606
587 584 581 578
588 595 601 607
588 585 582 579
589 596 602 608
589 586 583 580
590 598 597 603
590 591 592 -1
591 590 598 597
591 592 593 -1
592 593 599 604
592 591 590 -1
593 599 604 605
593 592 591 -1
594 600 606 611
594 587 584 581
595 601 607 612
595 588 585 582
596 602 608 613
596 589 586 583
597 603 609 614
597 598 590 591
598 597 603 609
598 590 591 592
599 604 605 610
599 593 592 -1
600 606 611 617
600 594 587 584
601 607 612 618
601 595 588 585
602 608 613 619
602 596 589 586
603 609 614 620
603 597 598 590
604 605 610 615
604 599 593 592
605 610 615 616
605 604 599 593
606 611 617 622
606 600 594 587
607 612 618 623
607 601 595 588
608 613 619 624
608 602 596 589
609 614 620 625
609 603 597 598
610 615 616 621
610 605 604 599
611 617 622 627
611 606 600 594
612 618 623 628
612 607 601 595
613 619 624 629
613 608 602 596
614 620 625 630
614 609 603 597
614 609 590 591
615 616 621 626
615 610 605 604
616 621 626 631
616 615 610 605
617 622 627 632
617 611 606 600
618 623 628 633
618 612 607 601
619 624 629 634
619 613 608 602
620 625 630 635
620 614 609 603
621 626 631 636
621 616 615 610
622 627 632 637
622 617 611 606
623 628 633 638
623 618 612 607
624 629 634 639
624 619 613 608
625 630 635 640
625 620 614 609
626 631 636 641
626 621 616 615
627 632 637 642
627 622 617 611
628 633 638 643
628 623 618 612
629 634 639 644
629 624 619 613
630 635 640 645
630 625 620 614
631 636 641 646
631 626 621 616
632 637 642 647
632 627 622 617
633 638 643 648
633 628 623 618
634 639 644 649
634 629 624 619
635 640 645 650
635 630 625 620
636 641 646 651
636 631 626 621
637 642 647 652
637 632 627 622
638 643 648 653
638 633 628 623
639 644 649 654
639 634 629 624
640 645 650 655
640 635 630 625
641 646 651 656
641 636 631 626
642 647 652 657
642 637 632 627
643 648 653 658
643 638 633 628
644 649 654 659
644 639 634 629
645 650 655 660
645 640 635 630
646 651 656 661
646 641 636 631
647 652 657 662
647 642 637 632
648 653 658 663
648 643 638 633
649 654 659 664
649 644 639 634
650 655 660 665
650 645 640 635
651 656 661 666
651 646 641 636
652 657 662 667
652 647 642 637
653 658 663 668
653 648 643 638
654 659 664 669
654 649 644 639
655 660 665 670
655 650 645 640
656 661 666 671
656 651 646 641
657 662 667 672
657 652 647 642
658 663 668 673
658 653 648 643
659 664 669 674
659 654 649 644
660 665 670 675
660 655 650 645
661 666 671 676
661 656 651 646
662 667 672 677
662 657 652 647
663 668 673 678
663 658 653 648
664 669 674 679
664 659 654 649
665 670 675 680
665 660 655 650
666 671 676 681
666 661 656 651
667 672 677 682
667 662 657 652
668 673 678 683
668 663 658 653
669 674 679 684
669 664 659 654
670 675 680 685
670 665 660 655
671 676 681 686
671 666 661 656
672 677 682 687
672 667 662 657
673 678 683 688
673 668 663 658
674 679 684 689
674 669 664 659
675 680 685 690
675 670 665 660
676 681 686 691
676 671 666 661
677 682 687 692
677 672 667 662
678 683 688 693
678 673 668 663
679 684 689 694
679 674 669 664
680 685 690 695
680 675 670 665
681 686 691 696
681 676 671 666
682 687 692 697
682 677 672 667
683 688 693 698
683 678 673 668
684 689 694 699
684 679 674 669
685 690 695 700
685 680 675 670
686 691 696 701
686 681 676 671
687 692 697 702
687 682 677 672
688 693 698 703
688 683 678 673
689 694 699 704
689 684 679 674
690 695 700 705
690 685 680 675
691 696 701 706
691 686 681 676
692 697 702 707
692 687 682 677
693 698 703 708
693 688 683 678
694 699 704 709
694 689 684 679
695 700 705 710
695 690 685 680
696 701 706 711
696 691 686 681
697 702 707 712
697 692 687 682
698 703 708 713
698 693 688 683
699 704 709 714
699 694 689 684
700 705 710 715
700 695 690 685
701 706 711 716
701 696 691 686
702 707 712 717
702 697 692 687
703 708 713 718
703 698 693 688
704 709 714 719
704 699 694 689
705 710 715 720
705 700 695 690
706 711 716 721
706 701 696 691
707 712 717 722
707 702 697 692
708 713 718 723
708 703 698 693
709 714 719 724
709 704 699 694
710 715 720 725
710 705 700 695
711 716 721 726
711 706 701 696
712 717 722 727
712 707 702 697
713 718 723 728
713 708 703 698
714 719 724 729
714 709 704 699
715 720 725 730
715 710 705 700
716 721 726 731
716 711 706 701
717 722 727 732
717 712 707 702
718 723 728 733
718 713 708 703
719 724 729 734
719 714 709 704
720 725 730 735
720 715 710 705
721 726 731 736
721 716 711 706
722 727 732 737
722 717 712 707
723 728 733 738
723 718 713 708
724 729 734 739
724 719 714 709
725 730 735 740
725 720 715 710
726 731 736 741
726 721 716 711
727 732 737 742
727 722 717 712
728 733 738 743
728 723 718 713
729 734 739 744
729 724 719 714
730 735 740 745
730 725 720 715
731 736 741 746
731 726 721 716
732 737 742 747
732 727 722 717
733 738 743 748
733 728 723 718
734 739 744 749
734 729 724 719
735 740 745 750
735 730 725 720
736 741 746 751
736 731 726 721
737 742 747 752
737 732 727 722
738 743 748 753
738 733 728 723
739 744 749 754
739 734 729 724
740 745 750 755
740 735 730 725
741 746 751 756
741 736 731 726
742 747 752 757
742 737 732 727
743 748 753 758
743 738 733 728
744 749 754 759
744 739 734 729
745 750 755 760
745 740 735 730
746 751 756 761
746 741 736 731
747 752 757 762
747 742 737 732
748 753 758 763
748 743 738 733
749 754 759 764
749 744 739 734
750 755 760 765
750 745 740 735
751 756 761 766
751 746 741 736
752 757 762 767
752 747 742 737
753 758 763 768
753 748 743 738
754 759 764 769
754 749 744 739
755 760 765 770
755 750 745 740
756 761 766 771
756 751 746 741
757 762 767 772
757 752 747 742
758 763 768 773
758 753 748 743
759 764 769 774
759 754 749 744
760 765 770 775
760 755 750 745
761 766 771 776
761 756 751 746
762 767 772 777
762 757 752 747
763 768 773 778
763 758 753 748
764 769 774 779
764 759 754 749
765 770 775 780
765 760 755 750
766 771 776 781
766 761 756 751
767 772 777 782
767 762 757 752
768 773 778 783
768 763 758 753
769 774 779 784
769 764 759 754
770 775 780 785
770 765 760 755
771 776 781 786
771 766 761 756
772 777 782 787
772 767 762 757
773 778 783 788
773 768 763 758
774 779 784 789
774 769 764 759
775 780 785 790
775 770 765 760
776 781 786 791
776 771 766 761
777 782 787 792
777 772 767 762
778 783 788 794
778 773 768 763
779 784 789 795
779 774 769 764
780 785 790 796
780 775 770 765
781 786 791 797
781 776 771 766
782 787 792 793
782 777 772 767
783 788 794 799
783 778 773 768
784 789 795 800
784 779 774 769
785 790 796 801
785 780 775 770
786 791 797 802
786 781 776 771
787 792 793 798
787 782 777 772
788 794 799 804
788 783 778 773
789 795 800 805
789 784 779 774
790 796 801 806
790 785 780 775
791 797 802 807
791 786 781 776
792 793 798 803
792 787 782 777
793 798 803 808
793 792 787 782
794 799 804 809
794 788 783 778
795 800 805 810
795 789 784 779
796 801 806 811
796 790 785 780
797 802 807 812
797 791 786 781
798 803 808 813
798 793 792 787
799 804 809 814
799 794 788 783
800 805 810 815
800 795 789 784
801 806 811 816
801 796 790 785
802 807 812 817
802 797 791 786
803 808 813 818
803 798 793 792
804 809 814 819
804 799 794 788
805 810 815 820
805 800 795 789
806 811 816 821
806 801 796 790
807 812 817 822
807 802 797 791
808 813 818 823
808 803 798 793
809 814 819 824
809 804 799 794
810 815 820 825
810 805 800 795
811 816 821 826
811 806 801 796
812 817 822 827
812 807 802 797
813 818 823 828
813 808 803 798
814 819 824 829
814 809 804 799
815 820 825 830
815 810 805 800
816 821 826 831
816 811 806 801
817 822 827 832
817 812 807 802
818 823 828 833
818 813 808 803
819 824 829 834
819 814 809 804
820 825 830 835
820 815 810 805
821 826 831 836
821 816 811 806
822 827 832 837
822 817 812 807
823 828 833 838
823 818 813 808
824 829 834 839
824 819 814 809
825 830 835 840
825 820 815 810
826 831 836 841
826 821 816 811
827 832 837 842
827 822 817 812
828 833 838 843
828 823 818 813
829 834 839 844
829 824 819 814
830 835 840 845
830 825 820 815
831 836 841 846
831 826 821 816
832 837 842 847
832 827 822 817
833 838 843 848
833 828 823 818
834 839 844 849
834 829 824 819
835 840 845 850
835 830 825 820
836 841 846 851
836 831 826 821
837 842 847 852
837 832 827 822
838 843 848 853
838 833 828 823
839 844 849 854
839 834 829 824
840 845 850 855
840 835 830 825
841 846 851 856
841 836 831 826
842 847 852 857
842 837 832 827
843 848 853 858
843 838 833 828
844 849 854 859
844 839 834 829
845 850 855 860
845 840 835 830
846 851 856 861
846 841 836 831
847 852 857 862
847 842 837 832
848 853 858 863
848 843 838 833
849 854 859 864
849 844 839 834
850 855 860 865
850 845 840 835
851 856 861 866
851 846 841 836
852 857 862 867
852 847 842 837
853 858 863 868
853 848 843 838
854 859 864 869
854 849 844 839
855 860 865 870
855 850 845 840
856 861 866 871
856 851 846 841
857 862 867 872
857 852 847 842
858 863 868 873
858 853 848 843
859 864 869 874
859 854 849 844
860 865 870 875
860 855 850 845
861 866 871 876
861 856 851 846
862 867 872 877
862 857 852 847
863 868 873 878
863 858 853 848
864 869 874 879
864 859 854 849
865 870 875 880
865 860 855 850
866 871 876 881
866 861 856 851
867 872 877 882
867 862 857 852
868 873 878 883
868 863 858 853
869 874 879 884
869 864 859 854
870 875 880 885
870 865 860 855
871 876 881 886
871 866 861 856
872 877 882 887
872 867 862 857
873 878 883 888
873 868 863 858
874 879 884 889
874 869 864 859
875 880 885 890
875 870 865 860
876 881 886 891
876 871 866 861
877 882 887 892
877 872 867 862
878 883 888 893
878 873 868 863
879 884 889 894
879 874 869 864
880 885 890 895
880 875 870 865
881 886 891 896
881 876 871 866
882 887 892 897
882 877 872 867
883 888 893 898
883 878 873 868
884 889 894 899
884 879 874 869
885 890 895 900
885 880 875 870
886 891 896 901
886 881 876 871
887 892 897 902
887 882 877 872
888 893 898 903
888 883 878 873
889 894 899 904
889 884 879 874
890 895 900 905
890 885 880 875
891 896 901 906
891 886 881 876
892 897 902 907
892 887 882 877
893 898 903 908
893 888 883 878
894 899 904 909
894 889 884 879
895 900 905 910
895 890 885 880
896 901 906 911
896 891 886 881
897 902 907 912
897 892 887 882
898 903 908 913
898 893 888 883
899 904 909 914
899 894 889 884
900 905 910 915
900 895 890 885
901 906 911 916
901 896 891 886
902 907 912 917
902 897 892 887
903 908 913 918
903 898 893 888
904 909 914 919
904 899 894 889
905 910 915 920
905 900 895 890
906 911 916 921
906 901 896 891
907 912 917 922
907 902 897 892
908 913 918 923
908 903 898 893
909 914 919 924
909 904 899 894
910 915 920 925
910 905 900 895
911 916 921 926
911 906 901 896
912 917 922 927
912 907 902 897
913 918 923 928
913 908 903 898
914 919 924 929
914 909 904 899
915 920 925 930
915 910 905 900
916 921 926 931
916 911 906 901
917 922 927 932
917 912 907 902
918 923 928 933
918 913 908 903
919 924 929 934
919 914 909 904
920 925 930 935
920 915 910 905
921 926 931 936
921 916 911 906
922 927 932 937
922 917 912 907
923 928 933 938
923 918 913 908
924 929 934 939
924 919 914 909
925 930 935 940
925 920 915 910
926 931 936 941
926 921 916 911
927 932 937 942
927 922 917 912
928 933 938 943
928 923 918 913
929 934 939 944
929 924 919 914
930 935 940 945
930 925 920 915
931 936 941 946
931 926 921 916
932 937 942 947
932 927 922 917
933 938 943 948
933 928 923 918
934 939 944 949
934 929 924 919
935 940 945 950
935 930 925 920
936 941 946 951
936 931 926 921
937 942 947 952
937 932 927 922
938 943 948 953
938 933 928 923
939 944 949 954
939 934 929 924
940 945 950 956
940 935 930 925
941 946 951 957
941 936 931 926
942 947 952 958
942 937 932 927
943 948 953 959
943 938 933 928
944 949 954 960
944 939 934 929
945 950 956 962
945 940 935 930
946 951 957 963
946 941 936 931
947 952 958 964
947 942 937 932
948 953 959 965
948 943 938 933
949 954 960 966
949 944 939 934
950 956 962 968
950 945 940 935
951 957 963 969
951 946 941 936
952 958 964 970
952 947 942 937
953 959 965 971
953 948 943 938
954 960 966 972
954 949 944 939
955 961 967 973
956 962 968 974
956 950 945 940
957 963 969 975
957 951 946 941
958 964 970 976
958 952 947 942
959 965 971 977
959 953 948 943
960 966 972 978
960 954 949 944
961 967 973 979
962 968 974 980
962 956 950 945
963 969 975 981
963 957 951 946
964 970 976 982
964 958 952 947
965 971 977 983
965 959 953 948
966 972 978 984
966 960 954 949
967 973 979 985
967 961 955 -1
968 974 980 986
968 962 956 950
969 975 981 987
969 963 957 951
970 976 982 988
970 964 958 952
971 977 983 989
971 965 959 953
972 978 984 990
972 966 960 954
973 979 985 991
973 967 961 955
974 980 986 992
974 968 962 956
975 981 987 993
975 969 963 957
976 982 988 994
976 970 964 958
977 983 989 995
977 971 965 959
978 984 990 996
978 972 966 960
979 985 991 997
979 973 967 961
980 986 992 998
980 974 968 962
981 987 993 999
981 975 969 963
982 988 994 1000
982 976 970 964
983 989 995 1001
983 977 971 965
984 990 996 1002
984 978 972 966
985 991 997 1003
985 979 973 967
986 992 998 1004
986 980 974 968
987 993 999 1005
987 981 975 969
988 994 1000 1006
988 982 976 970
989 995 1001 1007
989 983 977 971
990 996 1002 1008
990 984 978 972
991 997 1003 1009
991 985 979 973
992 998 1004 1010
992 986 980 974
993 999 1005 1011
993 987 981 975
994 1000 1006 1012
994 988 982 976
995 1001 1007 1013
995 989 983 977
996 1002 1008 1014
996 990 984 978
997 1003 1009 1015
997 991 985 979
998 1004 1010 1016
998 992 986 980
999 1005 1011 1017
999 993 987 981
1000 1006 1012 1018
1000 994 988 982
1001 1007 1013 1019
1001 995 989 983
1002 1008 1014 1020
1002 996 990 984
1003 1009 1015 1021
1003 997 991 985
1004 1010 1016 1022
1004 998 992 986
1005 1011 1017 1023
1005 999 993 987
1006 1012 1018 1024
1006 1000 994 988
1007 1013 1019 1025
1007 1001 995 989
1008 1014 1020 1026
1008 1002 996 990
1009 1015 1021 1027
1009 1003 997 991
1010 1016 1022 1028
1010 1004 998 992
1011 1017 1023 1029
1011 1005 999 993
1012 1018 1024 1030
1012 1006 1000 994
1013 1019 1025 1031
1013 1007 1001 995
1014 1020 1026 1032
1014 1008 1002 996
1015 1021 1027 1033
1015 1009 1003 997
1016 1022 1028 1034
1016 1010 1004 998
1017 1023 1029 1035
1017 1011 1005 999
1018 1024 1030 1036
1018 1012 1006 1000
1019 1025 1031 1037
1019 1013 1007 1001
1020 1026 1032 1038
1020 1014 1008 1002
1021 1027 1033 1039
1021 1015 1009 1003
1022 1028 1034 1041
1022 1016 1010 1004
1023 1029 1035 1042
1023 1017 1011 1005
1024 1030 1036 1043
1024 1018 1012 1006
1025 1031 1037 1044
1025 1019 1013 1007
1026 1032 1038 1045
1026 1020 1014 1008
1027 1033 1039 1040
1027 1021 1015 1009
1028 1034 1041 1047
1028 1022 1016 1010
1029 1035 1042 1048
1029 1023 1017 1011
1030 1036 1043 1049
1030 1024 1018 1012
1031 1037 1044 1050
1031 1025 1019 1013
1032 1038 1045 1051
1032 1026 1020 1014
1033 1039 1040 1046
1033 1027 1021 1015
1034 1041 1047 1053
1034 1028 1022 1016
1035 1042 1048 1054
1035 1029 1023 1017
1036 1043 1049 1055
1036 1030 1024 1018
1037 1044 1050 1056
1037 1031 1025 1019
1038 1045 1051 1057
1038 1032 1026 1020
1039 1040 1046 1052
1039 1033 1027 1021
1040 1046 1052 1058
1040 1039 1033 1027
1041 1047 1053 1059
1041 1034 1028 1022
1042 1048 1054 1060
1042 1035 1029 1023
1043 1049 1055 1061
1043 1036 1030 1024
1044 1050 1056 1062
1044 1037 1031 1025
1045 1051 1057 1063
1045 1038 1032 1026
1046 1052 1058 1064
1046 1040 1039 1033
1047 1053 1059 1065
1047 1041 1034 1028
1048 1054 1060 1066
1048 1042 1035 1029
1049 1055 1061 1067
1049 1043 1036 1030
1050 1056 1062 1068
1050 1044 1037 1031
1051 1057 1063 1069
1051 1045 1038 1032
1052 1058 1064 1070
1052 1046 1040 1039
1053 1059 1065 1071
1053 1047 1041 1034
1054 1060 1066 1072
1054 1048 1042 1035
1055 1061 1067 1073
1055 1049 1043 1036
1056 1062 1068 1074
1056 1050 1044 1037
1057 1063 1069 1075
1057 1051 1045 1038
1058 1064 1070 1076
1058 1052 1046 1040
1059 1065 1071 1077
1059 1053 1047 1041
1060 1066 1072 1078
1060 1054 1048 1042
1061 1067 1073 1079
1061 1055 1049 1043
1062 1068 1074 1080
1062 1056 1050 1044
1063 1069 1075 1081
1063 1057 1051 1045
1064 1070 1076 1082
1064 1058 1052 1046
1065 1071 1077 1083
1065 1059 1053 1047
1066 1072 1078 1084
1066 1060 1054 1048
1067 1073 1079 1085
1067 1061 1055 1049
1068 1074 1080 1086
1068 1062 1056 1050
1069 1075 1081 1087
1069 1063 1057 1051
1070 1076 1082 1088
1070 1064 1058 1052
1071 1077 1083 1089
1071 1065 1059 1053
1072 1078 1084 1090
1072 1066 1060 1054
1073 1079 1085 1091
1073 1067 1061 1055
1074 1080 1086 1092
1074 1068 1062 1056
1075 1081 1087 1093
1075 1069 1063 1057
1076 1082 1088 1094
1076 1070 1064 1058
1077 1083 1089 1095
1077 1071 1065 1059
1078 1084 1090 1096
1078 1072 1066 1060
1079 1085 1091 1097
1079 1073 1067 1061
1080 1086 1092 1098
1080 1074 1068 1062
1081 1087 1093 1099
1081 1075 1069 1063
1082 1088 1094 1100
1082 1076 1070 1064
1083 1089 1095 1101
1083 1077 1071 1065
1084 1090 1096 1102
1084 1078 1072 1066
1085 1091 1097 1103
1085 1079 1073 1067
1086 1092 1098 1104
1086 1080 1074 1068
1087 1093 1099 1105
1087 1081 1075 1069
1088 1094 1100 1106
1088 1082 1076 1070
1089 1095 1101 1108
1089 1083 1077 1071
1090 1096 1102 1109
1090 1084 1078 1072
1091 1097 1103 1110
1091 1085 1079 1073
1092 1098 1104 1111
1092 1086 1080 1074
1093 1099 1105 1112
1093 1087 1081 1075
1094 1100 1106 1107
1094 1088 1082 1076
1095 1101 1108 1114
1095 1089 1083 1077
1096 1102 1109 1115
1096 1090 1084 1078
1097 1103 1110 1116
1097 1091 1085 1079
1098 1104 1111 1117
1098 1092 1086 1080
1099 1105 1112 1118
1099 1093 1087 1081
1100 1106 1107 1113
1100 1094 1088 1082
1101 1108 1114 1120
1101 1095 1089 1083
1102 1109 1115 1121
1102 1096 1090 1084
1103 1110 1116 1122
1103 1097 1091 1085
1104 1111 1117 1123
1104 1098 1092 1086
1105 1112 1118 1124
1105 1099 1093 1087
1106 1107 1113 1119
1106 1100 1094 1088
1107 1113 1119 1125
1107 1106 1100 1094
1108 1114 1120 1126
1108 1101 1095 1089
1109 1115 1121 1127
1109 1102 1096 1090
1110 1116 1122 1128
1110 1103 1097 1091
1111 1117 1123 1129
1111 1104 1098 1092
1112 1118 1124 1130
1112 1105 1099 1093
1113 1119 1125 1131
1113 1107 1106 1100
1114 1120 1126 1132
1114 1108 1101 1095
1115 1121 1127 1133
1115 1109 1102 1096
1116 1122 1128 1134
1116 1110 1103 1097
1117 1123 1129 1135
1117 1111 1104 1098
1118 1124 1130 1136
1118 1112 1105 1099
1119 1125 1131 1137
1119 1113 1107 1106
1120 1126 1132 1138
1120 1114 1108 1101
1121 1127 1133 1139
1121 1115 1109 1102
1122 1128 1134 1140
1122 1116 1110 1103
1123 1129 1135 1141
1123 1117 1111 1104
1124 1130 1136 1142
1124 1118 1112 1105
1125 1131 1137 1143
1125 1119 1113 1107
1126 1132 1138 1144
1126 1120 1114 1108
1127 1133 1139 1145
1127 1121 1115 1109
1128 1134 1140 1146
1128 1122 1116 1110
1129 1135 1141 1147
1129 1123 1117 1111
1130 1136 1142 1148
1130 1124 1118 1112
1131 1137 1143 1149
1131 1125 1119 1113
1132 1138 1144 1150
1132 1126 1120 1114
1133 1139 1145 1151
1133 1127 1121 1115
1134 1140 1146 1152
1134 1128 1122 1116
1135 1141 1147 1153
1135 1129 1123 1117
1136 1142 1148 1154
1136 1130 1124 1118
1137 1143 1149 1155
1137 1131 1125 1119
1138 1144 1150 1156
1138 1132 1126 1120
1139 1145 1151 1157
1139 1133 1127 1121
1140 1146 1152 1158
1140 1134 1128 1122
1141 1147 1153 1159
1141 1135 1129 1123
1142 1148 1154 1160
1142 1136 1130 1124
1143 1149 1155 1161
1143 1137 1131 1125
1144 1150 1156 1162
1144 1138 1132 1126
1145 1151 1157 1163
1145 1139 1133 1127
1146 1152 1158 1164
1146 1140 1134 1128
1147 1153 1159 1165
1147 1141 1135 1129
1148 1154 1160 1166
1148 1142 1136 1130
1149 1155 1161 1167
1149 1143 1137 1131
1150 1156 1162 1168
1150 1144 1138 1132
1151 1157 1163 1169
1151 1145 1139 1133
1152 1158 1164 1170
1152 1146 1140 1134
1153 1159 1165 1171
1153 1147 1141 1135
1154 1160 1166 1172
1154 1148 1142 1136
1155 1161 1167 1173
1155 1149 1143 1137
1156 1162 1168 1174
1156 1150 1144 1138
1157 1163 1169 1175
1157 1151 1145 1139
1158 1164 1170 1176
1158 1152 1146 1140
1159 1165 1171 1177
1159 1153 1147 1141
1160 1166 1172 1178
1160 1154 1148 1142
1161 1167 1173 1179
1161 1155 1149 1143
1162 1168 1174 1180
1162 1156 1150 1144
1163 1169 1175 1181
1163 1157 1151 1145
1164 1170 1176 1182
1164 1158 1152 1146
1165 1171 1177 1183
1165 1159 1153 1147
1166 1172 1178 1184
1166 1160 1154 1148
1167 1173 1179 1185
1167 1161 1155 1149
1168 1174 1180 1186
1168 1162 1156 1150
1169 1175 1181 1187
1169 1163 1157 1151
1170 1176 1182 1188
1170 1164 1158 1152
1171 1177 1183 1189
1171 1165 1159 1153
1172 1178 1184 1190
1172 1166 1160 1154
1173 1179 1185 1191
1173 1167 1161 1155
1174 1180 1186 1193
1174 1168 1162 1156
1175 1181 1187 1194
1175 1169 1163 1157
1176 1182 1188 1195
1176 1170 1164 1158
1177 1183 1189 1196
1177 1171 1165 1159
1178 1184 1190 1197
1178 1172 1166 1160
1179 1185 1191 1192
1179 1173 1167 1161
1180 1186 1193 1199
1180 1174 1168 1162
1181 1187 1194 1200
1181 1175 1169 1163
1182 1188 1195 1201
1182 1176 1170 1164
1183 1189 1196 1202
1183 1177 1171 1165
1184 1190 1197 1203
1184 1178 1172 1166
1185 1191 1192 1198
1185 1179 1173 1167
1186 1193 1199 1205
1186 1180 1174 1168
1187 1194 1200 1206
1187 1181 1175 1169
1188 1195 1201 1207
1188 1182 1176 1170
1189 1196 1202 1208
1189 1183 1177 1171
1190 1197 1203 1209
1190 1184 1178 1172
1191 1192 1198 1204
1191 1185 1179 1173
1192 1198 1204 1210
1192 1191 1185 1179
1193 1199 1205 1212
1193 1186 1180 1174
1194 1200 1206 1213
1194 1187 1181 1175
1195 1201 1207 1214
1195 1188 1182 1176
1196 1202 1208 1215
1196 1189 1183 1177
1197 1203 1209 1216
1197 1190 1184 1178
1198 1204 1210 1211
1198 1192 1191 1185
1199 1205 1212 1218
1199 1193 1186 1180
1200 1206 1213 1219
1200 1194 1187 1181
1201 1207 1214 1220
1201 1195 1188 1182
1202 1208 1215 1221
1202 1196 1189 1183
1203 1209 1216 1222
1203 1197 1190 1184
1204 1210 1211 1217
1204 1198 1192 1191
1205 1212 1218 1224
1205 1199 1193 1186
1206 1213 1219 1225
1206 1200 1194 1187
1207 1214 1220 1226
1207 1201 1195 1188
1208 1215 1221 1227
1208 1202 1196 1189
1209 1216 1222 1228
1209 1203 1197 1190
1210 1211 1217 1223
1210 1204 1198 1192
1211 1217 1223 1229
1211 1210 1204 1198
1212 1218 1224 1231
1212 1205 1199 1193
1213 1219 1225 1232
1213 1206 1200 1194
1214 1220 1226 1233
1214 1207 1201 1195
1215 1221 1227 1234
1215 1208 1202 1196
1216 1222 1228 1235
1216 1209 1203 1197
1217 1223 1229 1230
1217 1211 1210 1204
1218 1224 1231 1237
1218 1212 1205 1199
1219 1225 1232 1238
1219 1213 1206 1200
1220 1226 1233 1239
1220 1214 1207 1201
1221 1227 1234 1240
1221 1215 1208 1202
1222 1228 1235 1241
1222 1216 1209 1203
1223 1229 1230 1236
1223 1217 1211 1210
1224 1231 1237 1243
1224 1218 1212 1205
1225 1232 1238 1244
1225 1219 1213 1206
1226 1233 1239 1245
1226 1220 1214 1207
1227 1234 1240 1246
1227 1221 1215 1208
1228 1235 1241 1247
1228 1222 1216 1209
1229 1230 1236 1242
1229 1223 1217 1211
1230 1236 1242 1248
1230 1229 1223 1217
1231 1237 1243 1250
1231 1224 1218 1212
1232 1238 1244 1251
1232 1225 1219 1213
1233 1239 1245 1252
1233 1226 1220 1214
1234 1240 1246 1253
1234 1227 1221 1215
1235 1241 1247 1254
1235 1228 1222 1216
1236 1242 1248 1249
1236 1230 1229 1223
1237 1243 1250 1256
1237 1231 1224 1218
1238 1244 1251 1257
1238 1232 1225 1219
1239 1245 1252 1258
1239 1233 1226 1220
1240 1246 1253 1259
1240 1234 1227 1221
1241 1247 1254 1260
1241 1235 1228 1222
1242 1248 1249 1255
1242 1236 1230 1229
1243 1250 1256 1262
1243 1237 1231 1224
1244 1251 1257 1263
1244 1238 1232 1225
1245 1252 1258 1264
1245 1239 1233 1226
1246 1253 1259 1265
1246 1240 1234 1227
1247 1254 1260 1266
1247 1241 1235 1228
1248 1249 1255 1261
1248 1242 1236 1230
1249 1255 1261 1267
1249 1248 1242 1236
1250 1256 1262 1268
1250 1243 1237 1231
1251 1257 1263 1269
1251 1244 1238 1232
1252 1258 1264 1270
1252 1245 1239 1233
1253 1259 1265 1271
1253 1246 1240 1234
1254 1260 1266 1272
1254 1247 1241 1235
1255 1261 1267 1273
1255 1249 1248 1242
1256 1262 1268 1274
1256 1250 1243 1237
1257 1263 1269 1275
1257 1251 1244 1238
1258 1264 1270 1276
1258 1252 1245 1239
1259 1265 1271 1277
1259 1253 1246 1240
1260 1266 1272 1278
1260 1254 1247 1241
1261 1267 1273 1279
1261 1255 1249 1248
1262 1268 1274 1280
1262 1256 1250 1243
1263 1269 1275 1281
1263 1257 1251 1244
1264 1270 1276 1282
1264 1258 1252 1245
1265 1271 1277 1283
1265 1259 1253 1246
1266 1272 1278 1284
1266 1260 1254 1247
1267 1273 1279 1285
1267 1261 1255 1249
1268 1274 1280 1287
1268 1262 1256 1250
1269 1275 1281 1288
1269 1263 1257 1251
1270 1276 1282 1289
1270 1264 1258 1252
1271 1277 1283 1290
1271 1265 1259 1253
1272 1278 1284 1291
1272 1266 1260 1254
1273 1279 1285 1286
1273 1267 1261 1255
1274 1280 1287 1293
1274 1268 1262 1256
1275 1281 1288 1294
1275 1269 1263 1257
1276 1282 1289 1295
1276 1270 1264 1258
1277 1283 1290 1296
1277 1271 1265 1259
1278 1284 1291 1297
1278 1272 1266 1260
1279 1285 1286 1292
1279 1273 1267 1261
1280 1287 1293 1299
1280 1274 1268 1262
1281 1288 1294 1300
1281 1275 1269 1263
1282 1289 1295 1301
1282 1276 1270 1264
1283 1290 1296 1302
1283 1277 1271 1265
1284 1291 1297 1303
1284 1278 1272 1266
1285 1286 1292 1298
1285 1279 1273 1267
1286 1292 1298 1304
1286 1285 1279 1273
1287 1293 1299 1306
1287 1280 1274 1268
1288 1294 1300 1307
1288 1281 1275 1269
1289 1295 1301 1308
1289 1282 1276 1270
1290 1296 1302 1309
1290 1283 1277 1271
1291 1297 1303 1310
1291 1284 1278 1272
1292 1298 1304 1305
1292 1286 1285 1279
1293 1299 1306 1312
1293 1287 1280 1274
1294 1300 1307 1313
1294 1288 1281 1275
1295 1301 1308 1314
1295 1289 1282 1276
1296 1302 1309 1315
1296 1290 1283 1277
1297 1303 1310 1316
1297 1291 1284 1278
1298 1304 1305 1311
1298 1292 1286 1285
1299 1306 1312 1318
1299 1293 1287 1280
1300 1307 1313 1319
1300 1294 1288 1281
1301 1308 1314 1320
1301 1295 1289 1282
1302 1309 1315 1321
1302 1296 1290 1283
1303 1310 1316 1322
1303 1297 1291 1284
1304 1305 1311 1317
1304 1298 1292 1286
1305 1311 1317 1323
1305 1304 1298 1292
1306 1312 1318 1324
1306 1299 1293 1287
1307 1313 1319 1325
1307 1300 1294 1288
1308 1314 1320 1326
1308 1301 1295 1289
1309 1315 1321 1327
1309 1302 1296 1290
1310 1316 1322 1328
1310 1303 1297 1291
1311 1317 1323 1329
1311 1305 1304 1298
1312 1318 1324 1330
1312 1306 1299 1293
1313 1319 1325 1331
1313 1307 1300 1294
1314 1320 1326 1332
1314 1308 1301 1295
1315 1321 1327 1333
1315 1309 1302 1296
1316 1322 1328 1334
1316 1310 1303 1297
1317 1323 1329 1335
1317 1311 1305 1304
1318 1324 1330 1337
1318 1312 1306 1299
1319 1325 1331 1338
1319 1313 1307 1300
1320 1326 1332 1339
1320 1314 1308 1301
1321 1327 1333 1340
1321 1315 1309 1302
1322 1328 1334 1341
1322 1316 1310 1303
1323 1329 1335 1336
1323 1317 1311 1305
1324 1330 1337 1343
1324 1318 1312 1306
1325 1331 1338 1344
1325 1319 1313 1307
1326 1332 1339 1345
1326 1320 1314 1308
1327 1333 1340 1346
1327 1321 1315 1309
1328 1334 1341 1347
1328 1322 1316 1310
1329 1335 1336 1342
1329 1323 1317 1311
1330 1337 1343 1349
1330 1324 1318 1312
1331 1338 1344 1350
1331 1325 1319 1313
1332 1339 1345 1351
1332 1326 1320 1314
1333 1340 1346 1352
1333 1327 1321 1315
1334 1341 1347 1353
1334 1328 1322 1316
1335 1336 1342 1348
1335 1329 1323 1317
1336 1342 1348 1354
1336 1335 1329 1323
1337 1343 1349 1355
1337 1330 1324 1318
1338 1344 1350 1356
1338 1331 1325 1319
1339 1345 1351 1357
1339 1332 1326 1320
1340 1346 1352 1358
1340 1333 1327 1321
1341 1347 1353 1359
1341 1334 1328 1322
1342 1348 1354 1360
1342 1336 1335 1329
1343 1349 1355 1361
1343 1337 1330 1324
1344 1350 1356 1362
1344 1338 1331 1325
1345 1351 1357 1363
1345 1339 1332 1326
1346 1352 1358 1364
1346 1340 1333 1327
1347 1353 1359 1365
1347 1341 1334 1328
1348 1354 1360 1366
1348 1342 1336 1335
1349 1355 1361 1368
1349 1343 1337 1330
1350 1356 1362 1369
1350 1344 1338 1331
1351 1357 1363 1370
1351 1345 1339 1332
1352 1358 1364 1371
1352 1346 1340 1333
1353 1359 1365 1372
1353 1347 1341 1334
1354 1360 1366 1367
1354 1348 1342 1336
1355 1361 1368 1374
1355 1349 1343 1337
1356 1362 1369 1375
1356 1350 1344 1338
1357 1363 1370 1376
1357 1351 1345 1339
1358 1364 1371 1377
1358 1352 1346 1340
1359 1365 1372 1378
1359 1353 1347 1341
1360 1366 1367 1373
1360 1354 1348 1342
1361 1368 1374 1381
1361 1355 1349 1343
1362 1369 1375 1382
1362 1356 1350 1344
1363 1370 1376 1383
1363 1357 1351 1345
1364 1371 1377 1384
1364 1358 1352 1346
1365 1372 1378 1385
1365 1359 1353 1347
1366 1367 1373 1379
1366 1360 1354 1348
1367 1373 1379 1380
1367 1366 1360 1354
1368 1374 1381 1387
1368 1361 1355 1349
1369 1375 1382 1388
1369 1362 1356 1350
1370 1376 1383 1389
1370 1363 1357 1351
1371 1377 1384 1390
1371 1364 1358 1352
1372 1378 1385 1391
1372 1365 1359 1353
1373 1379 1380 1386
1373 1367 1366 1360
1374 1381 1387 1393
1374 1368 1361 1355
1375 1382 1388 1394
1375 1369 1362 1356
1376 1383 1389 1395
1376 1370 1363 1357
1377 1384 1390 1396
1377 1371 1364 1358
1378 1385 1391 1397
1378 1372 1365 1359
1379 1380 1386 1392
1379 1373 1367 1366
1380 1386 1392 1398
1380 1379 1373 1367
1381 1387 1393 1399
1381 1374 1368 1361
1382 1388 1394 1400
1382 1375 1369 1362
1383 1389 1395 1401
1383 1376 1370 1363
1384 1390 1396 1402
1384 1377 1371 1364
1385 1391 1397 1403
1385 1378 1372 1365
1386 1392 1398 1404
1386 1380 1379 1373
1387 1393 1399 1405
1387 1381 1374 1368
1388 1394 1400 1406
1388 1382 1375 1369
1389 1395 1401 1407
1389 1383 1376 1370
1390 1396 1402 1408
1390 1384 1377 1371
1391 1397 1403 1409
1391 1385 1378 1372
1392 1398 1404 1410
1392 1386 1380 1379
1393 1399 1405 1412
1393 1387 1381 1374
1394 1400 1406 1413
1394 1388 1382 1375
1395 1401 1407 1414
1395 1389 1383 1376
1396 1402 1408 1415
1396 1390 1384 1377
1397 1403 1409 1416
1397 1391 1385 1378
1398 1404 1410 1411
1398 1392 1386 1380
1399 1405 1412 1418
1399 1393 1387 1381
1400 1406 1413 1419
1400 1394 1388 1382
1401 1407 1414 1420
1401 1395 1389 1383
1402 1408 1415 1421
1402 1396 1390 1384
1403 1409 1416 1422
1403 1397 1391 1385
1404 1410 1411 1417
1404 1398 1392 1386
1405 1412 1418 1424
1405 1399 1393 1387
1406 1413 1419 1425
1406 1400 1394 1388
1407 1414 1420 1426
1407 1401 1395 1389
1408 1415 1421 1427
1408 1402 1396 1390
1409 1416 1422 1428
1409 1403 1397 1391
1410 1411 1417 1423
1410 1404 1398 1392
1411 1417 1423 1429
1411 1410 1404 1398
1412 1418 1424 1430
1412 1405 1399 1393
1413 1419 1425 1431
1413 1406 1400 1394
1414 1420 1426 1432
1414 1407 1401 1395
1415 1421 1427 1433
1415 1408 1402 1396
1416 1422 1428 1434
1416 1409 1403 1397
1417 1423 1429 1435
1417 1411 1410 1404
1418 1424 1430 1436
1418 1412 1405 1399
1419 1425 1431 1437
1419 1413 1406 1400
1420 1426 1432 1438
1420 1414 1407 1401
1421 1427 1433 1439
1421 1415 1408 1402
1422 1428 1434 1440
1422 1416 1409 1403
1423 1429 1435 1441
1423 1417 1411 1410
1424 1430 1436 1442
1424 1418 1412 1405
1425 1431 1437 1443
1425 1419 1413 1406
1426 1432 1438 1444
1426 1420 1414 1407
1427 1433 1439 1445
1427 1421 1415 1408
1428 1434 1440 1446
1428 1422 1416 1409
1429 1435 1441 1447
1429 1423 1417 1411
1430 1436 1442 1448
1430 1424 1418 1412
1431 1437 1443 1449
1431 1425 1419 1413
1432 1438 1444 1450
1432 1426 1420 1414
1433 1439 1445 1451
1433 1427 1421 1415
1434 1440 1446 1452
1434 1428 1422 1416
1435 1441 1447 1453
1435 1429 1423 1417
1436 1442 1448 1454
1436 1430 1424 1418
1437 1443 1449 1455
1437 1431 1425 1419
1438 1444 1450 1456
1438 1432 1426 1420
1439 1445 1451 1457
1439 1433 1427 1421
1440 1446 1452 1458
1440 1434 1428 1422
1441 1447 1453 1459
1441 1435 1429 1423
1442 1448 1454 1460
1442 1436 1430 1424
1443 1449 1455 1461
1443 1437 1431 1425
1444 1450 1456 1462
1444 1438 1432 1426
1445 1451 1457 1463
1445 1439 1433 1427
1446 1452 1458 1464
1446 1440 1434 1428
1447 1453 1459 1465
1447 1441 1435 1429
1448 1454 1460 1466
1448 1442 1436 1430
1449 1455 1461 1467
1449 1443 1437 1431
1450 1456 1462 1468
1450 1444 1438 1432
1451 1457 1463 1469
1451 1445 1439 1433
1452 1458 1464 1470
1452 1446 1440 1434
1453 1459 1465 1471
1453 1447 1441 1435
1454 1460 1466 1472
1454 1448 1442 1436
1455 1461 1467 1473
1455 1449 1443 1437
1456 1462 1468 1474
1456 1450 1444 1438
1457 1463 1469 1475
1457 1451 1445 1439
1458 1464 1470 1476
1458 1452 1446 1440
1459 1465 1471 1477
1459 1453 1447 1441
1460 1466 1472 1478
1460 1454 1448 1442
1461 1467 1473 1479
1461 1455 1449 1443
1462 1468 1474 1480
1462 1456 1450 1444
1463 1469 1475 1481
1463 1457 1451 1445
1464 1470 1476 1482
1464 1458 1452 1446
1465 1471 1477 1483
1465 1459 1453 1447
1466 1472 1478 1484
1466 1460 1454 1448
1467 1473 1479 1485
1467 1461 1455 1449
1468 1474 1480 1486
1468 1462 1456 1450
1469 1475 1481 1487
1469 1463 1457 1451
1470 1476 1482 1488
1470 1464 1458 1452
1471 1477 1483 1489
1471 1465 1459 1453
1472 1478 1484 1490
1472 1466 1460 1454
1473 1479 1485 1491
1473 1467 1461 1455
1474 1480 1486 1492
1474 1468 1462 1456
1475 1481 1487 1493
1475 1469 1463 1457
1476 1482 1488 1494
1476 1470 1464 1458
1477 1483 1489 1495
1477 1471 1465 1459
1478 1484 1490 1496
1478 1472 1466 1460
1479 1485 1491 1497
1479 1473 1467 1461
1480 1486 1492 1498
1480 1474 1468 1462
1481 1487 1493 1499
1481 1475 1469 1463
1482 1488 1494 1500
1482 1476 1470 1464
1483 1489 1495 1501
1483 1477 1471 1465
1484 1490 1496 1502
1484 1478 1472 1466
1485 1491 1497 1503
1485 1479 1473 1467
1486 1492 1498 1504
1486 1480 1474 1468
1487 1493 1499 1505
1487 1481 1475 1469
1488 1494 1500 1506
1488 1482 1476 1470
1489 1495 1501 1507
1489 1483 1477 1471
1490 1496 1502 1508
1490 1484 1478 1472
1491 1497 1503 1509
1491 1485 1479 1473
1492 1498 1504 1510
1492 1486 1480 1474
1493 1499 1505 1511
1493 1487 1481 1475
1494 1500 1506 1512
1494 1488 1482 1476
1495 1501 1507 1513
1495 1489 1483 1477
1496 1502 1508 1514
1496 1490 1484 1478
1497 1503 1509 1515
1497 1491 1485 1479
1498 1504 1510 1516
1498 1492 1486 1480
1499 1505 1511 1517
1499 1493 1487 1481
1500 1506 1512 1518
1500 1494 1488 1482
1501 1507 1513 1519
1501 1495 1489 1483
1502 1508 1514 1520
1502 1496 1490 1484
1503 1509 1515 1521
1503 1497 1491 1485
1504 1510 1516 1522
1504 1498 1492 1486
1505 1511 1517 1523
1505 1499 1493 1487
1506 1512 1518 1524
1506 1500 1494 1488
1507 1513 1519 1525
1507 1501 1495 1489
1508 1514 1520 1526
1508 1502 1496 1490
1509 1515 1521 1527
1509 1503 1497 1491
1510 1516 1522 1528
1510 1504 1498 1492
1511 1517 1523 1529
1511 1505 1499 1493
1512 1518 1524 1530
1512 1506 1500 1494
1513 1519 1525 1532
1513 1507 1501 1495
1514 1520 1526 1533
1514 1508 1502 1496
1515 1521 1527 1534
1515 1509 1503 1497
1516 1522 1528 1535
1516 1510 1504 1498
1517 1523 1529 1536
1517 1511 1505 1499
1518 1524 1530 1537
1518 1512 1506 1500
1519 1525 1532 1531
1519 1513 1507 1501
1520 1526 1533 1539
1520 1514 1508 1502
1521 1527 1534 1540
1521 1515 1509 1503
1522 1528 1535 1541
1522 1516 1510 1504
1523 1529 1536 1542
1523 1517 1511 1505
1524 1530 1537 1543
1524 1518 1512 1506
1525 1532 1531 1538
1525 1519 1513 1507
1526 1533 1539 1546
1526 1520 1514 1508
1527 1534 1540 1547
1527 1521 1515 1509
1528 1535 1541 1548
1528 1522 1516 1510
1529 1536 1542 1549
1529 1523 1517 1511
1530 1537 1543 1550
1530 1524 1518 1512
1531 1538 1545 1544
1531 1532 1525 1519
1532 1531 1538 1545
1532 1525 1519 1513
1533 1539 1546 1552
1533 1526 1520 1514
1534 1540 1547 1553
1534 1527 1521 1515
1535 1541 1548 1554
1535 1528 1522 1516
1536 1542 1549 1555
1536 1529 1523 1517
1537 1543 1550 1556
1537 1530 1524 1518
1538 1545 1544 1551
1538 1531 1532 1525
1539 1546 1552 1558
1539 1533 1526 1520
1540 1547 1553 1559
1540 1534 1527 1521
1541 1548 1554 1560
1541 1535 1528 1522
1542 1549 1555 1561
1542 1536 1529 1523
1543 1550 1556 1562
1543 1537 1530 1524
1544 1551 1557 1563
1544 1545 1538 1531
1545 1544 1551 1557
1545 1538 1531 1532
1546 1552 1558 1564
1546 1539 1533 1526
1547 1553 1559 1565
1547 1540 1534 1527
1548 1554 1560 1566
1548 1541 1535 1528
1549 1555 1561 1567
1549 1542 1536 1529
1550 1556 1562 1568
1550 1543 1537 1530
1551 1557 1563 1569
1551 1544 1545 1538
1552 1558 1564 1570
1552 1546 1539 1533
1553 1559 1565 1571
1553 1547 1540 1534
1554 1560 1566 1572
1554 1548 1541 1535
1555 1561 1567 1573
1555 1549 1542 1536
1556 1562 1568 1574
1556 1550 1543 1537
1557 1563 1569 1576
1557 1551 1544 1545
1558 1564 1570 1577
1558 1552 1546 1539
1559 1565 1571 1579
1559 1553 1547 1540
1560 1566 1572 1580
1560 1554 1548 1541
1561 1567 1573 1581
1561 1555 1549 1542
1562 1568 1574 1582
1562 1556 1550 1543
1563 1569 1576 1575
1563 1557 1551 1544
1564 1570 1577 1578
1564 1558 1552 1546
1565 1571 1579 1585
1565 1559 1553 1547
1566 1572 1580 1586
1566 1560 1554 1548
1567 1573 1581 1587
1567 1561 1555 1549
1568 1574 1582 1588
1568 1562 1556 1550
1569 1576 1575 1583
1569 1563 1557 1551
1570 1577 1578 1584
1570 1564 1558 1552
1571 1579 1585 1591
1571 1565 1559 1553
1572 1580 1586 1592
1572 1566 1560 1554
1573 1581 1587 1593
1573 1567 1561 1555
1574 1582 1588 1594
1574 1568 1562 1556
1575 1583 1589 1595
1575 1576 1569 1563
1576 1575 1583 1589
1576 1569 1563 1557
1577 1578 1584 1590
1577 1570 1564 1558
1578 1584 1590 1596
1578 1577 1570 1564
1579 1585 1591 1597
1579 1571 1565 1559
1580 1586 1592 1598
1580 1572 1566 1560
1581 1587 1593 1599
1581 1573 1567 1561
1582 1588 1594 1600
1582 1574 1568 1562
1583 1589 1595 1601
1583 1575 1576 1569
1584 1590 1596 1602
1584 1578 1577 1570
1585 1591 1597 1603
1585 1579 1571 1565
1586 1592 1598 1604
1586 1580 1572 1566
1587 1593 1599 1605
1587 1581 1573 1567
1588 1594 1600 1606
1588 1582 1574 1568
1589 1595 1601 1608
1589 1583 1575 1576
1590 1596 1602 1609
1590 1584 1578 1577
1591 1597 1603 1610
1591 1585 1579 1571
1592 1598 1604 1611
1592 1586 1580 1572
1593 1599 1605 1612
1593 1587 1581 1573
1594 1600 1606 1613
1594 1588 1582 1574
1595 1601 1608 1607
1595 1589 1583 1575
1596 1602 1609 1615
1596 1590 1584 1578
1597 1603 1610 1616
1597 1591 1585 1579
1598 1604 1611 1617
1598 1592 1586 1580
1599 1605 1612 1618
1599 1593 1587 1581
1600 1606 1613 1619
1600 1594 1588 1582
1601 1608 1607 1614
1601 1595 1589 1583
1602 1609 1615 1621
1602 1596 1590 1584
1603 1610 1616 1622
1603 1597 1591 1585
1604 1611 1617 1623
1604 1598 1592 1586
1605 1612 1618 1624
1605 1599 1593 1587
1606 1613 1619 1625
1606 1600 1594 1588
1607 1614 1620 1626
1607 1608 1601 1595
1608 1607 1614 1620
1608 1601 1595 1589
1609 1615 1621 1627
1609 1602 1596 1590
1610 1616 1622 1628
1610 1603 1597 1591
1611 1617 1623 1629
1611 1604 1598 1592
1612 1618 1624 1630
1612 1605 1599 1593
1613 1619 1625 1631
1613 1606 1600 1594
1614 1620 1626 1632
1614 1607 1608 1601
1615 1621 1627 1633
1615 1609 1602 1596
1616 1622 1628 1634
1616 1610 1603 1597
1617 1623 1629 1635
1617 1611 1604 1598
1618 1624 1630 1636
1618 1612 1605 1599
1619 1625 1631 1637
1619 1613 1606 1600
1620 1626 1632 1638
1620 1614 1607 1608
1621 1627 1633 1639
1621 1615 1609 1602
1622 1628 1634 1640
1622 1616 1610 1603
1623 1629 1635 1641
1623 1617 1611 1604
1624 1630 1636 1642
1624 1618 1612 1605
1625 1631 1637 1643
1625 1619 1613 1606
1626 1632 1638 1644
1626 1620 1614 1607
1627 1633 1639 1645
1627 1621 1615 1609
1628 1634 1640 1646
1628 1622 1616 1610
1629 1635 1641 1647
1629 1623 1617 1611
1630 1636 1642 1648
1630 1624 1618 1612
1631 1637 1643 1649
1631 1625 1619 1613
1632 1638 1644 1650
1632 1626 1620 1614
1633 1639 1645 1651
1633 1627 1621 1615
1634 1640 1646 1652
1634 1628 1622 1616
1635 1641 1647 1653
1635 1629 1623 1617
1636 1642 1648 1654
1636 1630 1624 1618
1637 1643 1649 1655
1637 1631 1625 1619
1638 1644 1650 1656
1638 1632 1626 1620
1639 1645 1651 1657
1639 1633 1627 1621
1640 1646 1652 1658
1640 1634 1628 1622
1641 1647 1653 1659
1641 1635 1629 1623
1642 1648 1654 1660
1642 1636 1630 1624
1643 1649 1655 1661
1643 1637 1631 1625
1644 1650 1656 1662
1644 1638 1632 1626
1645 1651 1657 1663
1645 1639 1633 1627
1646 1652 1658 1664
1646 1640 1634 1628
1647 1653 1659 1665
1647 1641 1635 1629
1648 1654 1660 1666
1648 1642 1636 1630
1649 1655 1661 1667
1649 1643 1637 1631
1650 1656 1662 1668
1650 1644 1638 1632
1651 1657 1663 1669
1651 1645 1639 1633
1652 1658 1664 1670
1652 1646 1640 1634
1653 1659 1665 1671
1653 1647 1641 1635
1654 1660 1666 1672
1654 1648 1642 1636
1655 1661 1667 1673
1655 1649 1643 1637
1656 1662 1668 1674
1656 1650 1644 1638
1657 1663 1669 1675
1657 1651 1645 1639
1658 1664 1670 1676
1658 1652 1646 1640
1659 1665 1671 1677
1659 1653 1647 1641
1660 1666 1672 1678
1660 1654 1648 1642
1661 1667 1673 1679
1661 1655 1649 1643
1662 1668 1674 1680
1662 1656 1650 1644
1663 1669 1675 1681
1663 1657 1651 1645
1664 1670 1676 1682
1664 1658 1652 1646
1665 1671 1677 1683
1665 1659 1653 1647
1666 1672 1678 1684
1666 1660 1654 1648
1667 1673 1679 1685
1667 1661 1655 1649
1668 1674 1680 1686
1668 1662 1656 1650
1669 1675 1681 1687
1669 1663 1657 1651
1670 1676 1682 1688
1670 1664 1658 1652
1671 1677 1683 1689
1671 1665 1659 1653
1672 1678 1684 1690
1672 1666 1660 1654
1673 1679 1685 1691
1673 1667 1661 1655
1674 1680 1686 1692
1674 1668 1662 1656
1675 1681 1687 1693
1675 1669 1663 1657
1676 1682 1688 1694
1676 1670 1664 1658
1677 1683 1689 1695
1677 1671 1665 1659
1678 1684 1690 1696
1678 1672 1666 1660
1679 1685 1691 1697
1679 1673 1667 1661
1680 1686 1692 1699
1680 1674 1668 1662
1681 1687 1693 1700
1681 1675 1669 1663
1682 1688 1694 1701
1682 1676 1670 1664
1683 1689 1695 1702
1683 1677 1671 1665
1684 1690 1696 1703
1684 1678 1672 1666
1685 1691 1697 1704
1685 1679 1673 1667
1686 1692 1699 1698
1686 1680 1674 1668
1687 1693 1700 1706
1687 1681 1675 1669
1688 1694 1701 1707
1688 1682 1676 1670
1689 1695 1702 1708
1689 1683 1677 1671
1690 1696 1703 1709
1690 1684 1678 1672
1691 1697 1704 1710
1691 1685 1679 1673
1692 1699 1698 1705
1692 1686 1680 1674
1693 1700 1706 1712
1693 1687 1681 1675
1694 1701 1707 1713
1694 1688 1682 1676
1695 1702 1708 1714
1695 1689 1683 1677
1696 1703 1709 1715
1696 1690 1684 1678
1697 1704 1710 1716
1697 1691 1685 1679
1698 1705 1711 1717
1698 1699 1692 1686
1699 1698 1705 1711
1699 1692 1686 1680
1700 1706 1712 1718
1700 1693 1687 1681
1701 1707 1713 1719
1701 1694 1688 1682
1702 1708 1714 1720
1702 1695 1689 1683
1703 1709 1715 1721
1703 1696 1690 1684
1704 1710 1716 1722
1704 1697 1691 1685
1705 1711 1717 1723
1705 1698 1699 1692
1706 1712 1718 1724
1706 1700 1693 1687
1707 1713 1719 1725
1707 1701 1694 1688
1708 1714 1720 1726
1708 1702 1695 1689
1709 1715 1721 1727
1709 1703 1696 1690
1710 1716 1722 1728
1710 1704 1697 1691
1711 1717 1723 1729
1711 1705 1698 1699
1712 1718 1724 1730
1712 1706 1700 1693
1713 1719 1725 1731
1713 1707 1701 1694
1714 1720 1726 1732
1714 1708 1702 1695
1715 1721 1727 1733
1715 1709 1703 1696
1716 1722 1728 1734
1716 1710 1704 1697
1717 1723 1729 1735
1717 1711 1705 1698
1718 1724 1730 1736
1718 1712 1706 1700
1719 1725 1731 1737
1719 1713 1707 1701
1720 1726 1732 1738
1720 1714 1708 1702
1721 1727 1733 1739
1721 1715 1709 1703
1722 1728 1734 1740
1722 1716 1710 1704
1723 1729 1735 1741
1723 1717 1711 1705
1724 1730 1736 1742
1724 1718 1712 1706
1725 1731 1737 1743
1725 1719 1713 1707
1726 1732 1738 1744
1726 1720 1714 1708
1727 1733 1739 1745
1727 1721 1715 1709
1728 1734 1740 1746
1728 1722 1716 1710
1729 1735 1741 1747
1729 1723 1717 1711
1730 1736 1742 1748
1730 1724 1718 1712
1731 1737 1743 1749
1731 1725 1719 1713
1732 1738 1744 1750
1732 1726 1720 1714
1733 1739 1745 1751
1733 1727 1721 1715
1734 1740 1746 1752
1734 1728 1722 1716
1735 1741 1747 1753
1735 1729 1723 1717
1736 1742 1748 1754
1736 1730 1724 1718
1737 1743 1749 1755
1737 1731 1725 1719
1738 1744 1750 1757
1738 1732 1726 1720
1739 1745 1751 1758
1739 1733 1727 1721
1740 1746 1752 1759
1740 1734 1728 1722
1741 1747 1753 1760
1741 1735 1729 1723
1742 1748 1754 1761
1742 1736 1730 1724
1743 1749 1755 1756
1743 1737 1731 1725
1744 1750 1757 1763
1744 1738 1732 1726
1745 1751 1758 1764
1745 1739 1733 1727
1746 1752 1759 1765
1746 1740 1734 1728
1747 1753 1760 1766
1747 1741 1735 1729
1748 1754 1761 1767
1748 1742 1736 1730
1749 1755 1756 1762
1749 1743 1737 1731
1750 1757 1763 1769
1750 1744 1738 1732
1751 1758 1764 1770
1751 1745 1739 1733
1752 1759 1765 1771
1752 1746 1740 1734
1753 1760 1766 1772
1753 1747 1741 1735
1754 1761 1767 1773
1754 1748 1742 1736
1755 1756 1762 1768
1755 1749 1743 1737
1756 1762 1768 1774
1756 1755 1749 1743
1757 1763 1769 1775
1757 1750 1744 1738
1758 1764 1770 1776
1758 1751 1745 1739
1759 1765 1771 1777
1759 1752 1746 1740
1760 1766 1772 1779
1760 1753 1747 1741
1761 1767 1773 1780
1761 1754 1748 1742
1762 1768 1774 1781
1762 1756 1755 1749
1763 1769 1775 1783
1763 1757 1750 1744
1764 1770 1776 1784
1764 1758 1751 1745
1765 1771 1777 1785
1765 1759 1752 1746
1766 1772 1779 1778
1766 1760 1753 1747
1767 1773 1780 1787
1767 1761 1754 1748
1768 1774 1781 1788
1768 1762 1756 1755
1769 1775 1783 1782
1769 1763 1757 1750
1770 1776 1784 1790
1770 1764 1758 1751
1771 1777 1785 1791
1771 1765 1759 1752
1772 1779 1778 1786
1772 1766 1760 1753
1773 1780 1787 1793
1773 1767 1761 1754
1774 1781 1788 1794
1774 1768 1762 1756
1775 1783 1782 1789
1775 1769 1763 1757
1776 1784 1790 1796
1776 1770 1764 1758
1777 1785 1791 1797
1777 1771 1765 1759
1778 1786 1792 1798
1778 1779 1772 1766
1779 1778 1786 1792
1779 1772 1766 1760
1780 1787 1793 1799
1780 1773 1767 1761
1781 1788 1794 1800
1781 1774 1768 1762
1782 1789 1795 1801
1782 1783 1775 1769
1783 1782 1789 1795
1783 1775 1769 1763
1784 1790 1796 1802
1784 1776 1770 1764
1785 1791 1797 1803
1785 1777 1771 1765
1786 1792 1798 1804
1786 1778 1779 1772
1787 1793 1799 1805
1787 1780 1773 1767
1788 1794 1800 1806
1788 1781 1774 1768
1789 1795 1801 1808
1789 1782 1783 1775
1790 1796 1802 1809
1790 1784 1776 1770
1791 1797 1803 1810
1791 1785 1777 1771
1792 1798 1804 1811
1792 1786 1778 1779
1793 1799 1805 1812
1793 1787 1780 1773
1794 1800 1806 1813
1794 1788 1781 1774
1795 1801 1808 1807
1795 1789 1782 1783
1796 1802 1809 1815
1796 1790 1784 1776
1797 1803 1810 1816
1797 1791 1785 1777
1798 1804 1811 1817
1798 1792 1786 1778
1799 1805 1812 1818
1799 1793 1787 1780
1800 1806 1813 1819
1800 1794 1788 1781
1801 1808 1807 1814
1801 1795 1789 1782
1802 1809 1815 1821
1802 1796 1790 1784
1803 1810 1816 1822
1803 1797 1791 1785
1804 1811 1817 1823
1804 1798 1792 1786
1805 1812 1818 1824
1805 1799 1793 1787
1806 1813 1819 1825
1806 1800 1794 1788
1807 1814 1820 1826
1807 1808 1801 1795
1808 1807 1814 1820
1808 1801 1795 1789
1809 1815 1821 1827
1809 1802 1796 1790
1810 1816 1822 1828
1810 1803 1797 1791
1811 1817 1823 1829
1811 1804 1798 1792
1812 1818 1824 1830
1812 1805 1799 1793
1813 1819 1825 1831
1813 1806 1800 1794
1814 1820 1826 1833
1814 1807 1808 1801
1815 1821 1827 1834
1815 1809 1802 1796
1816 1822 1828 1835
1816 1810 1803 1797
1817 1823 1829 1836
1817 1811 1804 1798
1818 1824 1830 1837
1818 1812 1805 1799
1819 1825 1831 1838
1819 1813 1806 1800
1820 1826 1833 1832
1820 1814 1807 1808
1821 1827 1834 1840
1821 1815 1809 1802
1822 1828 1835 1841
1822 1816 1810 1803
1823 1829 1836 1842
1823 1817 1811 1804
1824 1830 1837 1843
1824 1818 1812 1805
1825 1831 1838 1844
1825 1819 1813 1806
1826 1833 1832 1839
1826 1820 1814 1807
1827 1834 1840 1847
1827 1821 1815 1809
1828 1835 1841 1848
1828 1822 1816 1810
1829 1836 1842 -1
1829 1823 1817 1811
1830 1837 1843 1849
1830 1824 1818 1812
1831 1838 1844 1850
1831 1825 1819 1813
1832 1839 1846 1845
1832 1833 1826 1820
1833 1832 1839 1846
1833 1826 1820 1814
1834 1840 1847 1854
1834 1827 1821 1815
1835 1841 1848 1855
1835 1828 1822 1816
1836 1829 1823 1817
1837 1843 1849 1856
1837 1830 1824 1818
1838 1844 1850 1851
1838 1831 1825 1819
1839 1846 1845 1853
1839 1832 1833 1826
1840 1847 1854 1861
1840 1834 1827 1821
1841 1848 1855 1862
1841 1835 1828 1822
1842 1836 1829 1823
1843 1849 1856 1863
1843 1837 1830 1824
1844 1850 1851 1857
1844 1838 1831 1825
1845 1853 1852 1860
1845 1846 1839 1832
1846 1845 1853 1852
1846 1839 1832 1833
1847 1854 1861 1864
1847 1840 1834 1827
1848 1855 1862 1865
1848 1841 1835 1828
1849 1856 1863 1866
1849 1843 1837 1830
1850 1851 1857 1858
1850 1844 1838 1831
1851 1857 1858 -1
1851 1850 1844 1838
1852 1860 1859 1858
1852 1853 1845 1846
1853 1852 1860 1859
1853 1845 1846 1839
1854 1861 1864 1867
1854 1847 1840 1834
1855 1862 1865 1868
1855 1848 1841 1835
1856 1863 1866 1869
1856 1849 1843 1837
1857 1858 1859 -1
1857 1851 1850 1844
1858 1859 1860 -1
1858 1857 1851 1850
1859 1858 1857 -1
1859 1860 1852 1853
1860 1859 1858 -1
1860 1852 1853 1845
1861 1864 1867 1870
1861 1854 1847 1840
1862 1865 1868 1871
1862 1855 1848 1841
1863 1866 1869 1872
1863 1856 1849 1843
1864 1867 1870 1873
1864 1861 1854 1847
1865 1868 1871 1874
1865 1862 1855 1848
1866 1869 1872 1875
1866 1863 1856 1849
1867 1870 1873 1876
1867 1864 1861 1854
1868 1871 1874 1877
1868 1865 1862 1855
1869 1872 1875 1878
1869 1866 1863 1856
1870 1873 1876 1879
1870 1867 1864 1861
1871 1874 1877 1880
1871 1868 1865 1862
1872 1875 1878 1881
1872 1869 1866 1863
1873 1876 1879 1882
1873 1870 1867 1864
1874 1877 1880 1883
1874 1871 1868 1865
1875 1878 1881 1884
1875 1872 1869 1866
1876 1879 1882 1885
1876 1873 1870 1867
1877 1880 1883 1886
1877 1874 1871 1868
1878 1881 1884 1887
1878 1875 1872 1869
1879 1882 1885 1889
1879 1876 1873 1870
1880 1883 1886 1890
1880 1877 1874 1871
1881 1884 1887 1888
1881 1878 1875 1872
1882 1885 1889 1892
1882 1879 1876 1873
1883 1886 1890 1893
1883 1880 1877 1874
1884 1887 1888 1891
1884 1881 1878 1875
1885 1889 1892 1895
1885 1882 1879 1876
1886 1890 1893 1896
1886 1883 1880 1877
1887 1888 1891 1894
1887 1884 1881 1878
1888 1891 1894 1897
1888 1887 1884 1881
1889 1892 1895 1898
1889 1885 1882 1879
1890 1893 1896 1899
1890 1886 1883 1880
1891 1894 1897 1900
1891 1888 1887 1884
1892 1895 1898 1901
1892 1889 1885 1882
1893 1896 1899 1902
1893 1890 1886 1883
1894 1897 1900 1903
1894 1891 1888 1887
1895 1898 1901 1904
1895 1892 1889 1885
1896 1899 1902 1905
1896 1893 1890 1886
1897 1900 1903 1906
1897 1894 1891 1888
1898 1901 1904 1907
1898 1895 1892 1889
1899 1902 1905 1908
1899 1896 1893 1890
1900 1903 1906 1909
1900 1897 1894 1891
1901 1904 1907 1910
1901 1898 1895 1892
1902 1905 1908 1911
1902 1899 1896 1893
1903 1906 1909 1912
1903 1900 1897 1894
1904 1907 1910 1913
1904 1901 1898 1895
1905 1908 1911 1914
1905 1902 1899 1896
1906 1909 1912 1915
1906 1903 1900 1897
1907 1910 1913 1916
1907 1904 1901 1898
1908 1911 1914 1917
1908 1905 1902 1899
1909 1912 1915 1918
1909 1906 1903 1900
1910 1913 1916 1919
1910 1907 1904 1901
1911 1914 1917 1920
1911 1908 1905 1902
1912 1915 1918 1921
1912 1909 1906 1903
1913 1916 1919 1922
1913 1910 1907 1904
1914 1917 1920 1923
1914 1911 1908 1905
1915 1918 1921 1924
1915 1912 1909 1906
1916 1919 1922 1925
1916 1913 1910 1907
1917 1920 1923 1926
1917 1914 1911 1908
1918 1921 1924 1927
1918 1915 1912 1909
1919 1922 1925 1928
1919 1916 1913 1910
1920 1923 1926 1929
1920 1917 1914 1911
1921 1924 1927 1930
1921 1918 1915 1912
1922 1925 1928 1931
1922 1919 1916 1913
1923 1926 1929 1932
1923 1920 1917 1914
1924 1927 1930 1933
1924 1921 1918 1915
1925 1928 1931 1934
1925 1922 1919 1916
1926 1929 1932 1935
1926 1923 1920 1917
1927 1930 1933 1936
1927 1924 1921 1918
1928 1931 1934 1937
1928 1925 1922 1919
1929 1932 1935 1938
1929 1926 1923 1920
1930 1933 1936 1939
1930 1927 1924 1921
1931 1934 1937 1940
1931 1928 1925 1922
1932 1935 1938 1941
1932 1929 1926 1923
1933 1936 1939 1942
1933 1930 1927 1924
1934 1937 1940 1943
1934 1931 1928 1925
1935 1938 1941 1944
1935 1932 1929 1926
1936 1939 1942 1945
1936 1933 1930 1927
1937 1940 1943 1946
1937 1934 1931 1928
1938 1941 1944 1947
1938 1935 1932 1929
1939 1942 1945 1948
1939 1936 1933 1930
1940 1943 1946 1949
1940 1937 1934 1931
1941 1944 1947 1950
1941 1938 1935 1932
1942 1945 1948 1951
1942 1939 1936 1933
1943 1946 1949 1952
1943 1940 1937 1934
1944 1947 1950 1953
1944 1941 1938 1935
1945 1948 1951 1954
1945 1942 1939 1936
1946 1949 1952 1955
1946 1943 1940 1937
1947 1950 1953 1956
1947 1944 1941 1938
1948 1951 1954 1957
1948 1945 1942 1939
1949 1952 1955 1958
1949 1946 1943 1940
1950 1953 1956 1959
1950 1947 1944 1941
1951 1954 1957 1960
1951 1948 1945 1942
1952 1955 1958 1961
1952 1949 1946 1943
1953 1956 1959 1962
1953 1950 1947 1944
1954 1957 1960 1963
1954 1951 1948 1945
1955 1958 1961 1964
1955 1952 1949 1946
1956 1959 1962 1965
1956 1953 1950 1947
1957 1960 1963 1966
1957 1954 1951 1948
1958 1961 1964 1967
1958 1955 1952 1949
1959 1962 1965 1968
1959 1956 1953 1950
1960 1963 1966 1969
1960 1957 1954 1951
1961 1964 1967 1970
1961 1958 1955 1952
1962 1965 1968 1971
1962 1959 1956 1953
1963 1966 1969 1972
1963 1960 1957 1954
1964 1967 1970 1973
1964 1961 1958 1955
1965 1968 1971 1974
1965 1962 1959 1956
1966 1969 1972 1975
1966 1963 1960 1957
1967 1970 1973 1976
1967 1964 1961 1958
1968 1971 1974 1977
1968 1965 1962 1959
1969 1972 1975 1978
1969 1966 1963 1960
1970 1973 1976 1979
1970 1967 1964 1961
1971 1974 1977 1980
1971 1968 1965 1962
1972 1975 1978 1981
1972 1969 1966 1963
1973 1976 1979 1982
1973 1970 1967 1964
1974 1977 1980 1983
1974 1971 1968 1965
1975 1978 1981 1984
1975 1972 1969 1966
1976 1979 1982 1985
1976 1973 1970 1967
1977 1980 1983 1986
1977 1974 1971 1968
1978 1981 1984 1987
1978 1975 1972 1969
1979 1982 1985 1988
1979 1976 1973 1970
1980 1983 1986 1989
1980 1977 1974 1971
1981 1984 1987 1990
1981 1978 1975 1972
1982 1985 1988 1991
1982 1979 1976 1973
1983 1986 1989 1992
1983 1980 1977 1974
1984 1987 1990 1993
1984 1981 1978 1975
1985 1988 1991 1994
1985 1982 1979 1976
1986 1989 1992 1995
1986 1983 1980 1977
1987 1990 1993 1996
1987 1984 1981 1978
1988 1991 1994 1997
1988 1985 1982 1979
1989 1992 1995 1998
1989 1986 1983 1980
1990 1993 1996 1999
1990 1987 1984 1981
1991 1994 1997 2000
1991 1988 1985 1982
1992 1995 1998 2001
1992 1989 1986 1983
1993 1996 1999 2002
1993 1990 1987 1984
1994 1997 2000 2003
1994 1991 1988 1985
1995 1998 2001 2004
1995 1992 1989 1986
1996 1999 2002 2005
1996 1993 1990 1987
1997 2000 2003 2006
1997 1994 1991 1988
1998 2001 2004 2007
1998 1995 1992 1989
1999 2002 2005 2008
1999 1996 1993 1990
2000 2003 2006 2009
2000 1997 1994 1991
2001 2004 2007 2010
2001 1998 1995 1992
2002 2005 2008 2011
2002 1999 1996 1993
2003 2006 2009 2012
2003 2000 1997 1994
2004 2007 2010 2013
2004 2001 1998 1995
2005 2008 2011 2014
2005 2002 1999 1996
2006 2009 2012 2015
2006 2003 2000 1997
2007 2010 2013 2016
2007 2004 2001 1998
2008 2011 2014 2017
2008 2005 2002 1999
2009 2012 2015 2018
2009 2006 2003 2000
2010 2013 2016 2019
2010 2007 2004 2001
2011 2014 2017 2020
2011 2008 2005 2002
2012 2015 2018 2021
2012 2009 2006 2003
2013 2016 2019 2022
2013 2010 2007 2004
2014 2017 2020 2023
2014 2011 2008 2005
2015 2018 2021 2024
2015 2012 2009 2006
2016 2019 2022 2025
2016 2013 2010 2007
2017 2020 2023 2026
2017 2014 2011 2008
2018 2021 2024 2027
2018 2015 2012 2009
2019 2022 2025 2028
2019 2016 2013 2010
2020 2023 2026 2029
2020 2017 2014 2011
2021 2024 2027 2030
2021 2018 2015 2012
2022 2025 2028 2031
2022 2019 2016 2013
2023 2026 2029 2032
2023 2020 2017 2014
2024 2027 2030 2033
2024 2021 2018 2015
2025 2028 2031 2034
2025 2022 2019 2016
2026 2029 2032 2035
2026 2023 2020 2017
2027 2030 2033 2036
2027 2024 2021 2018
2028 2031 2034 2037
2028 2025 2022 2019
2029 2032 2035 2038
2029 2026 2023 2020
2030 2033 2036 2039
2030 2027 2024 2021
2031 2034 2037 2040
2031 2028 2025 2022
2032 2035 2038 2041
2032 2029 2026 2023
2033 2036 2039 2042
2033 2030 2027 2024
2034 2037 2040 2043
2034 2031 2028 2025
2035 2038 2041 2044
2035 2032 2029 2026
2036 2039 2042 2045
2036 2033 2030 2027
2037 2040 2043 2046
2037 2034 2031 2028
2038 2041 2044 2047
2038 2035 2032 2029
2039 2042 2045 2048
2039 2036 2033 2030
2040 2043 2046 2049
2040 2037 2034 2031
2041 2044 2047 2051
2041 2038 2035 2032
2042 2045 2048 2052
2042 2039 2036 2033
2043 2046 2049 2050
2043 2040 2037 2034
2044 2047 2051 2054
2044 2041 2038 2035
2045 2048 2052 2055
2045 2042 2039 2036
2046 2049 2050 2053
2046 2043 2040 2037
2047 2051 2054 2057
2047 2044 2041 2038
2048 2052 2055 2058
2048 2045 2042 2039
2049 2050 2053 2056
2049 2046 2043 2040
2050 2053 2056 2059
2050 2049 2046 2043
2051 2054 2057 2060
2051 2047 2044 2041
2052 2055 2058 2061
2052 2048 2045 2042
2053 2056 2059 2062
2053 2050 2049 2046
2054 2057 2060 2063
2054 2051 2047 2044
2055 2058 2061 2064
2055 2052 2048 2045
2056 2059 2062 2065
2056 2053 2050 2049
2057 2060 2063 2067
2057 2054 2051 2047
2058 2061 2064 2068
2058 2055 2052 2048
2059 2062 2065 2069
2059 2056 2053 2050
2060 2063 2067 2071
2060 2057 2054 2051
2061 2064 2068 2073
2061 2058 2055 2052
2062 2065 2069 2074
2062 2059 2056 2053
2063 2067 2071 2077
2063 2060 2057 2054
2064 2068 2073 2072
2064 2061 2058 2055
2065 2069 2074 2079
2065 2062 2059 2056
2066 2070 2075 2076
2067 2071 2077 2081
2067 2063 2060 2057
2068 2073 2072 2078
2068 2064 2061 2058
2069 2074 2079 2083
2069 2065 2062 2059
2070 2075 2076 2080
2071 2077 2081 2085
2071 2067 2063 2060
2072 2078 2082 2086
2072 2073 2068 2064
2073 2072 2078 2082
2073 2068 2064 2061
2074 2079 2083 2087
2074 2069 2065 2062
2075 2076 2080 2084
2075 2070 2066 -1
2076 2080 2084 2088
2076 2075 2070 2066
2077 2081 2085 2089
2077 2071 2067 2063
2078 2082 2086 2090
2078 2072 2073 2068
2079 2083 2087 2091
2079 2074 2069 2065
2080 2084 2088 2092
2080 2076 2075 2070
2081 2085 2089 2093
2081 2077 2071 2067
2082 2086 2090 2095
2082 2078 2072 2073
2083 2087 2091 2096
2083 2079 2074 2069
2084 2088 2092 2097
2084 2080 2076 2075
2085 2089 2093 2099
2085 2081 2077 2071
2086 2090 2095 2094
2086 2082 2078 2072
2087 2091 2096 2101
2087 2083 2079 2074
2088 2092 2097 2098
2088 2084 2080 2076
2089 2093 2099 2103
2089 2085 2081 2077
2090 2095 2094 2100
2090 2086 2082 2078
2091 2096 2101 2105
2091 2087 2083 2079
2092 2097 2098 2102
2092 2088 2084 2080
2093 2099 2103 2107
2093 2089 2085 2081
2094 2100 2104 2109
2094 2095 2090 2086
2095 2094 2100 2104
2095 2090 2086 2082
2096 2101 2105 2110
2096 2091 2087 2083
2097 2098 2102 2106
2097 2092 2088 2084
2098 2102 2106 2111
2098 2097 2092 2088
2099 2103 2107 2112
2099 2093 2089 2085
2100 2104 2109 2108
2100 2094 2095 2090
2101 2105 2110 2114
2101 2096 2091 2087
2102 2106 2111 2115
2102 2098 2097 2092
2103 2107 2112 2116
2103 2099 2093 2089
2104 2109 2108 2113
2104 2100 2094 2095
2105 2110 2114 2118
2105 2101 2096 2091
2106 2111 2115 2119
2106 2102 2098 2097
2107 2112 2116 2121
2107 2103 2099 2093
2108 2113 2117 2122
2108 2109 2104 2100
2109 2108 2113 2117
2109 2104 2100 2094
2110 2114 2118 2123
2110 2105 2101 2096
2111 2115 2119 2120
2111 2106 2102 2098
2112 2116 2121 2125
2112 2107 2103 2099
2113 2117 2122 2126
2113 2108 2109 2104
2114 2118 2123 2127
2114 2110 2105 2101
2115 2119 2120 2124
2115 2111 2106 2102
2116 2121 2125 2131
2116 2112 2107 2103
2117 2122 2126 2133
2117 2113 2108 2109
2118 2123 2127 2128
2118 2114 2110 2105
2119 2120 2124 2129
2119 2115 2111 2106
2120 2124 2129 2130
2120 2119 2115 2111
2121 2125 2131 2136
2121 2116 2112 2107
2122 2126 2133 2132
2122 2117 2113 2108
2123 2127 2128 2134
2123 2118 2114 2110
2124 2129 2130 2135
2124 2120 2119 2115
2125 2131 2136 2142
2125 2121 2116 2112
2126 2133 2132 2137
2126 2122 2117 2113
2127 2128 2134 2138
2127 2123 2118 2114
2128 2134 2138 2139
2128 2127 2123 2118
2129 2130 2135 2140
2129 2124 2120 2119
2130 2135 2140 2141
2130 2129 2124 2120
2131 2136 2142 2146
2131 2125 2121 2116
2132 2137 2143 2147
2132 2133 2126 2122
2133 2132 2137 2143
2133 2126 2122 2117
2134 2138 2139 2144
2134 2128 2127 2123
2135 2140 2141 2145
2135 2130 2129 2124
2136 2142 2146 2150
2136 2131 2125 2121
2137 2143 2147 2151
2137 2132 2133 2126
2138 2139 2144 2148
2138 2134 2128 2127
2139 2144 2148 2152
2139 2138 2134 2128
2140 2141 2145 2149
2140 2135 2130 2129
2141 2145 2149 2153
2141 2140 2135 2130
2142 2146 2150 2155
2142 2136 2131 2125
2143 2147 2151 2156
2143 2137 2132 2133
2144 2148 2152 2157
2144 2139 2138 2134
2145 2149 2153 2154
2145 2141 2140 2135
2146 2150 2155 2159
2146 2142 2136 2131
2147 2151 2156 2160
2147 2143 2137 2132
2148 2152 2157 2161
2148 2144 2139 2138
2149 2153 2154 2158
2149 2145 2141 2140
2150 2155 2159 2164
2150 2146 2142 2136
2151 2156 2160 2165
2151 2147 2143 2137
2152 2157 2161 2166
2152 2148 2144 2139
2153 2154 2158 2162
2153 2149 2145 2141
2154 2158 2162 2163
2154 2153 2149 2145
2155 2159 2164 2170
2155 2150 2146 2142
2156 2160 2165 2172
2156 2151 2147 2143
2157 2161 2166 2167
2157 2152 2148 2144
2158 2162 2163 2168
2158 2154 2153 2149
2159 2164 2170 2175
2159 2155 2150 2146
2160 2165 2172 2171
2160 2156 2151 2147
2161 2166 2167 2173
2161 2157 2152 2148
2162 2163 2168 2169
2162 2158 2154 2153
2163 2168 2169 2174
2163 2162 2158 2154
2164 2170 2175 2179
2164 2159 2155 2150
2165 2172 2171 2176
2165 2160 2156 2151
2166 2167 2173 2177
2166 2161 2157 2152
2167 2173 2177 2181
2167 2166 2161 2157
2168 2169 2174 2178
2168 2163 2162 2158
2169 2174 2178 2183
2169 2168 2163 2162
2170 2175 2179 2185
2170 2164 2159 2155
2171 2176 2180 2186
2171 2172 2165 2160
2172 2171 2176 2180
2172 2165 2160 2156
2173 2177 2181 2182
2173 2167 2166 2161
2174 2178 2183 2184
2174 2169 2168 2163
2175 2179 2185 2191
2175 2170 2164 2159
2176 2180 2186 2192
2176 2171 2172 2165
2177 2181 2182 2187
2177 2173 2167 2166
2178 2183 2184 2189
2178 2174 2169 2168
2179 2185 2191 2197
2179 2175 2170 2164
2180 2186 2192 2198
2180 2176 2171 2172
2181 2182 2187 2188
2181 2177 2173 2167
2182 2187 2188 2193
2182 2181 2177 2173
2183 2184 2189 2190
2183 2178 2174 2169
2184 2189 2190 2195
2184 2183 2178 2174
2185 2191 2197 2203
2185 2179 2175 2170
2186 2192 2198 2204
2186 2180 2176 2171
2187 2188 2193 2194
2187 2182 2181 2177
2188 2193 2194 2199
2188 2187 2182 2181
2189 2190 2195 2196
2189 2184 2183 2178
2190 2195 2196 2201
2190 2189 2184 2183
2191 2197 2203 2208
2191 2185 2179 2175
2192 2198 2204 2209
2192 2186 2180 2176
2193 2194 2199 2200
2193 2188 2187 2182
2194 2199 2200 2205
2194 2193 2188 2187
2195 2196 2201 2202
2195 2190 2189 2184
2196 2201 2202 2207
2196 2195 2190 2189
2197 2203 2208 2212
2197 2191 2185 2179
2198 2204 2209 2214
2198 2192 2186 2180
2199 2200 2205 2206
2199 2194 2193 2188
2200 2205 2206 2210
2200 2199 2194 2193
2201 2202 2207 2211
2201 2196 2195 2190
2202 2207 2211 2216
2202 2201 2196 2195
2203 2208 2212 2217
2203 2197 2191 2185
2204 2209 2214 2213
2204 2198 2192 2186
2205 2206 2210 2215
2205 2200 2199 2194
2206 2210 2215 2219
2206 2205 2200 2199
2207 2211 2216 2221
2207 2202 2201 2196
2208 2212 2217 2222
2208 2203 2197 2191
2209 2214 2213 2218
2209 2204 2198 2192
2210 2215 2219 2220
2210 2206 2205 2200
2211 2216 2221 -1
2211 2207 2202 2201
2212 2217 2222 2226
2212 2208 2203 2197
2213 2218 2223 2227
2213 2214 2209 2204
2214 2213 2218 2223
2214 2209 2204 2198
2215 2219 2220 2224
2215 2210 2206 2205
2216 2211 2207 2202
2217 2222 2226 2230
2217 2212 2208 2203
2218 2223 2227 2231
2218 2213 2214 2209
2219 2220 2224 2225
2219 2215 2210 2206
2220 2224 2225 2228
2220 2219 2215 2210
2221 2216 2211 2207
2222 2226 2230 2234
2222 2217 2212 2208
2223 2227 2231 2235
2223 2218 2213 2214
2224 2225 2228 2229
2224 2220 2219 2215
2225 2228 2229 2232
2225 2224 2220 2219
2226 2230 2234 2238
2226 2222 2217 2212
2227 2231 2235 2239
2227 2223 2218 2213
2228 2229 2232 2233
2228 2225 2224 2220
2229 2232 2233 2236
2229 2228 2225 2224
2230 2234 2238 2242
2230 2226 2222 2217
2231 2235 2239 2243
2231 2227 2223 2218
2232 2233 2236 2237
2232 2229 2228 2225
2233 2236 2237 2240
2233 2232 2229 2228
2234 2238 2242 2246
2234 2230 2226 2222
2235 2239 2243 2248
2235 2231 2227 2223
2236 2237 2240 2241
2236 2233 2232 2229
2237 2240 2241 2244
2237 2236 2233 2232
2238 2242 2246 2251
2238 2234 2230 2226
2239 2243 2248 2247
2239 2235 2231 2227
2240 2241 2244 2245
2240 2237 2236 2233
2241 2244 2245 2249
2241 2240 2237 2236
2242 2246 2251 2255
2242 2238 2234 2230
2243 2248 2247 2252
2243 2239 2235 2231
2244 2245 2249 2250
2244 2241 2240 2237
2245 2249 2250 2253
2245 2244 2241 2240
2246 2251 2255 2259
2246 2242 2238 2234
2247 2252 2256 2260
2247 2248 2243 2239
2248 2247 2252 2256
2248 2243 2239 2235
2249 2250 2253 2254
2249 2245 2244 2241
2250 2253 2254 2257
2250 2249 2245 2244
2251 2255 2259 2263
2251 2246 2242 2238
2252 2256 2260 2264
2252 2247 2248 2243
2253 2254 2257 2258
2253 2250 2249 2245
2254 2257 2258 2261
2254 2253 2250 2249
2255 2259 2263 2267
2255 2251 2246 2242
2256 2260 2264 2269
2256 2252 2247 2248
2257 2258 2261 2262
2257 2254 2253 2250
2258 2261 2262 2265
2258 2257 2254 2253
2259 2263 2267 2272
2259 2255 2251 2246
2260 2264 2269 2268
2260 2256 2252 2247
2261 2262 2265 2266
2261 2258 2257 2254
2262 2265 2266 2270
2262 2261 2258 2257
2263 2267 2272 2275
2263 2259 2255 2251
2264 2269 2268 2273
2264 2260 2256 2252
2265 2266 2270 2271
2265 2262 2261 2258
2266 2270 2271 2274
2266 2265 2262 2261
2267 2272 2275 2279
2267 2263 2259 2255
2268 2273 2276 2282
2268 2269 2264 2260
2269 2268 2273 2276
2269 2264 2260 2256
2270 2271 2274 2277
2270 2266 2265 2262
2271 2274 2277 2278
2271 2270 2266 2265
2272 2275 2279 2280
2272 2267 2263 2259
2273 2276 2282 2281
2273 2268 2269 2264
2274 2277 2278 2283
2274 2271 2270 2266
2275 2279 2280 2285
2275 2272 2267 2263
2276 2282 2281 2287
2276 2273 2268 2269
2277 2278 2283 2284
2277 2274 2271 2270
2278 2283 2284 2288
2278 2277 2274 2271
2279 2280 2285 2286
2279 2275 2272 2267
2280 2285 2286 2290
2280 2279 2275 2272
2281 2287 2291 2295
2281 2282 2276 2273
2282 2281 2287 2291
2282 2276 2273 2268
2283 2284 2288 2289
2283 2278 2277 2274
2284 2288 2289 2292
2284 2283 2278 2277
2285 2286 2290 -1
2285 2280 2279 2275
2286 2285 2280 2279
2287 2291 2295 2294
2287 2281 2282 2276
2288 2289 2292 2293
2288 2284 2283 2278
2289 2292 2293 2296
2289 2288 2284 2283
2290 2286 2285 2280
2291 2295 2294 2298
2291 2287 2281 2282
2292 2293 2296 2297
2292 2289 2288 2284
2293 2296 2297 2299
2293 2292 2289 2288
2294 2298 2301 2304
2294 2295 2291 2287
2295 2294 2298 2301
2295 2291 2287 2281
2296 2297 2299 2300
2296 2293 2292 2289
2297 2299 2300 2302
2297 2296 2293 2292
2298 2301 2304 2307
2298 2294 2295 2291
2299 2300 2302 2303
2299 2297 2296 2293
2300 2302 2303 2305
2300 2299 2297 2296
2301 2304 2307 2317
2301 2298 2294 2295
2302 2303 2305 2306
2302 2300 2299 2297
2303 2305 2306 2308
2303 2302 2300 2299
2304 2307 2317 2405
2304 2301 2298 2294
2305 2306 2308 2309
2305 2303 2302 2300
2306 2308 2309 2310
2306 2305 2303 2302
2307 2317 2405 2404
2307 2304 2301 2298
2308 2309 2310 2311
2308 2306 2305 2303
2309 2310 2311 2312
2309 2308 2306 2305
2310 2311 2312 2313
2310 2309 2308 2306
2311 2312 2313 2314
2311 2310 2309 2308
2312 2313 2314 2315
2312 2311 2310 2309
2313 2314 2315 2316
2313 2312 2311 2310
2314 2315 2316 2318
2314 2313 2312 2311
2315 2316 2318 2319
2315 2314 2313 2312
2316 2318 2319 2320
2316 2315 2314 2313
2317 2405 2404 2403
2317 2307 2304 2301
2318 2319 2320 2321
2318 2316 2315 2314
2319 2320 2321 2322
2319 2318 2316 2315
2320 2321 2322 2323
2320 2319 2318 2316
2321 2322 2323 2324
2321 2320 2319 2318
2322 2323 2324 2325
2322 2321 2320 2319
2323 2324 2325 2326
2323 2322 2321 2320
2324 2325 2326 2327
2324 2323 2322 2321
2325 2326 2327 2328
2325 2324 2323 2322
2326 2327 2328 2329
2326 2325 2324 2323
2327 2328 2329 2330
2327 2326 2325 2324
2328 2329 2330 2331
2328 2327 2326 2325
2329 2330 2331 2332
2329 2328 2327 2326
2330 2331 2332 2333
2330 2329 2328 2327
2331 2332 2333 2334
2331 2330 2329 2328
2332 2333 2334 2335
2332 2331 2330 2329
2333 2334 2335 2336
2333 2332 2331 2330
2334 2335 2336 2337
2334 2333 2332 2331
2335 2336 2337 2338
2335 2334 2333 2332
2336 2337 2338 2339
2336 2335 2334 2333
2337 2338 2339 2340
2337 2336 2335 2334
2338 2339 2340 2341
2338 2337 2336 2335
2339 2340 2341 2342
2339 2338 2337 2336
2340 2341 2342 2343
2340 2339 2338 2337
2341 2342 2343 2344
2341 2340 2339 2338
2342 2343 2344 2345
2342 2341 2340 2339
2343 2344 2345 2346
2343 2342 2341 2340
2344 2345 2346 2347
2344 2343 2342 2341
2345 2346 2347 2348
2345 2344 2343 2342
2346 2347 2348 2349
2346 2345 2344 2343
2347 2348 2349 2350
2347 2346 2345 2344
2348 2349 2350 2351
2348 2347 2346 2345
2349 2350 2351 2352
2349 2348 2347 2346
2350 2351 2352 2353
2350 2349 2348 2347
2351 2352 2353 2354
2351 2350 2349 2348
2352 2353 2354 2355
2352 2351 2350 2349
2353 2354 2355 2356
2353 2352 2351 2350
2354 2355 2356 2357
2354 2353 2352 2351
2355 2356 2357 2358
2355 2354 2353 2352
2356 2357 2358 2359
2356 2355 2354 2353
2357 2358 2359 2360
2357 2356 2355 2354
2358 2359 2360 2361
2358 2357 2356 2355
2359 2360 2361 2362
2359 2358 2357 2356
2360 2361 2362 2363
2360 2359 2358 2357
2361 2362 2363 2364
2361 2360 2359 2358
2362 2363 2364 2365
2362 2361 2360 2359
2363 2364 2365 2366
2363 2362 2361 2360
2364 2365 2366 2367
2364 2363 2362 2361
2365 2366 2367 2368
2365 2364 2363 2362
2366 2367 2368 2369
2366 2365 2364 2363
2367 2368 2369 2370
2367 2366 2365 2364
2368 2369 2370 2371
2368 2367 2366 2365
2369 2370 2371 2372
2369 2368 2367 2366
2370 2371 2372 2373
2370 2369 2368 2367
2371 2372 2373 2374
2371 2370 2369 2368
2372 2373 2374 2375
2372 2371 2370 2369
2373 2374 2375 2376
2373 2372 2371 2370
2374 2375 2376 2377
2374 2373 2372 2371
2375 2376 2377 2378
2375 2374 2373 2372
2376 2377 2378 2379
2376 2375 2374 2373
2377 2378 2379 2380
2377 2376 2375 2374
2378 2379 2380 2381
2378 2377 2376 2375
2379 2380 2381 2382
2379 2378 2377 2376
2380 2381 2382 2383
2380 2379 2378 2377
2381 2382 2383 2384
2381 2380 2379 2378
2382 2383 2384 2385
2382 2381 2380 2379
2383 2384 2385 2386
2383 2382 2381 2380
2384 2385 2386 2387
2384 2383 2382 2381
2385 2386 2387 2388
2385 2384 2383 2382
2386 2387 2388 2389
2386 2385 2384 2383
2387 2388 2389 2390
2387 2386 2385 2384
2388 2389 2390 2391
2388 2387 2386 2385
2389 2390 2391 2392
2389 2388 2387 2386
2390 2391 2392 2393
2390 2389 2388 2387
2391 2392 2393 2394
2391 2390 2389 2388
2392 2393 2394 2395
2392 2391 2390 2389
2393 2394 2395 2396
2393 2392 2391 2390
2394 2395 2396 2397
2394 2393 2392 2391
2395 2396 2397 2398
2395 2394 2393 2392
2396 2397 2398 2399
2396 2395 2394 2393
2397 2398 2399 2400
2397 2396 2395 2394
2398 2399 2400 2401
2398 2397 2396 2395
2399 2400 2401 2402
2399 2398 2397 2396
2400 2401 2402 2406
2400 2399 2398 2397
2401 2402 2406 2407
2401 2400 2399 2398
2402 2406 2407 2408
2402 2401 2400 2399
2403 2418 2417 2416
2403 2404 2405 2317
2404 2403 2418 2417
2404 2405 2317 2307
2405 2404 2403 2418
2405 2317 2307 2304
2406 2407 2408 2409
2406 2402 2401 2400
2407 2408 2409 2410
2407 2406 2402 2401
2408 2409 2410 2411
2408 2407 2406 2402
2409 2410 2411 2412
2409 2408 2407 2406
2410 2411 2412 2413
2410 2409 2408 2407
2411 2412 2413 2414
2411 2410 2409 2408
2412 2413 2414 2415
2412 2411 2410 2409
2413 2414 2415 2416
2413 2412 2411 2410
2414 2415 2416 2417
2414 2413 2412 2411
2415 2416 2417 2418
2415 2414 2413 2412
2416 2415 2414 2413
2416 2417 2418 2403
2417 2416 2415 2414
2417 2418 2403 2404
2418 2417 2416 2415
2418 2403 2404 2405
