0 18 17 16
0 1 2 3
1 0 18 17
1 2 3 4
2 1 0 18
2 3 4 5
3 4 5 6
3 2 1 0
4 5 6 7
4 3 2 1
5 6 7 8
5 4 3 2
6 7 8 9
6 5 4 3
7 8 9 10
7 6 5 4
8 9 10 11
8 7 6 5
9 10 11 12
9 8 7 6
10 11 12 13
10 9 8 7
11 12 13 14
11 10 9 8
12 13 14 15
12 11 10 9
13 14 15 19
13 12 11 10
14 15 19 20
14 13 12 11
15 19 20 21
15 14 13 12
16 66 65 110
16 17 18 0
17 16 66 65
17 18 0 1
18 17 16 66
18 0 1 2
19 20 21 22
19 15 14 13
20 21 22 23
20 19 15 14
21 22 23 24
21 20 19 15
22 23 24 25
22 21 20 19
23 24 25 26
23 22 21 20
24 25 26 27
24 23 22 21
25 26 27 28
25 24 23 22
26 27 28 29
26 25 24 23
27 28 29 30
27 26 25 24
28 29 30 31
28 27 26 25
29 30 31 32
29 28 27 26
30 31 32 33
30 29 28 27
31 32 33 34
31 30 29 28
32 33 34 35
32 31 30 29
33 34 35 36
33 32 31 30
34 35 36 37
34 33 32 31
35 36 37 38
35 34 33 32
36 37 38 39
36 35 34 33
37 38 39 40
37 36 35 34
38 39 40 41
38 37 36 35
39 40 41 42
39 38 37 36
40 41 42 43
40 39 38 37
41 42 43 44
41 40 39 38
42 43 44 45
42 41 40 39
43 44 45 46
43 42 41 40
44 45 46 47
44 43 42 41
45 46 47 48
45 44 43 42
46 47 48 49
46 45 44 43
47 48 49 50
47 46 45 44
48 49 50 51
48 47 46 45
49 50 51 52
49 48 47 46
50 51 52 53
50 49 48 47
51 52 53 54
51 50 49 48
52 53 54 55
52 51 50 49
53 54 55 56
53 52 51 50
54 55 56 57
54 53 52 51
55 56 57 58
55 54 53 52
56 57 58 59
56 55 54 53
57 58 59 60
57 56 55 54
58 59 60 61
58 57 56 55
59 60 61 62
59 58 57 56
60 61 62 63
60 59 58 57
61 62 63 64
61 60 59 58
62 63 64 67
62 61 60 59
63 64 67 68
63 62 61 60
64 67 68 69
64 63 62 61
65 110 109 114
65 66 16 17
66 65 110 109
66 16 17 18
67 68 69 70
67 64 63 62
68 69 70 71
68 67 64 63
69 70 71 72
69 68 67 64
70 71 72 73
70 69 68 67
71 72 73 74
71 70 69 68
72 73 74 75
72 71 70 69
73 74 75 76
73 72 71 70
74 75 76 77
74 73 72 71
75 76 77 78
75 74 73 72
76 77 78 79
76 75 74 73
77 78 79 80
77 76 75 74
78 79 80 81
78 77 76 75
79 80 81 82
79 78 77 76
80 81 82 83
80 79 78 77
81 82 83 84
81 80 79 78
82 83 84 85
82 81 80 79
83 84 85 86
83 82 81 80
84 85 86 87
84 83 82 81
85 86 87 88
85 84 83 82
86 87 88 89
86 85 84 83
87 88 89 90
87 86 85 84
88 89 90 91
88 87 86 85
89 90 91 92
89 88 87 86
90 91 92 93
90 89 88 87
91 92 93 94
91 90 89 88
92 93 94 95
92 91 90 89
93 94 95 96
93 92 91 90
94 95 96 97
94 93 92 91
95 96 97 98
95 94 93 92
96 97 98 99
96 95 94 93
97 98 99 100
97 96 95 94
98 99 100 101
98 97 96 95
99 100 101 102
99 98 97 96
100 101 102 103
100 99 98 97
101 102 103 104
101 100 99 98
102 103 104 105
102 101 100 99
103 104 105 106
103 102 101 100
104 105 106 107
104 103 102 101
105 106 107 108
105 104 103 102
106 107 108 111
106 105 104 103
107 108 111 112
107 106 105 104
108 111 112 115
108 107 106 105
109 114 113 117
109 110 65 66
110 109 114 113
110 65 66 16
111 112 115 118
111 108 107 106
112 115 118 121
112 111 108 107
113 117 116 120
113 114 109 110
114 113 117 116
114 109 110 65
115 118 121 124
115 112 111 108
116 120 119 123
116 117 113 114
117 116 120 119
117 113 114 109
118 121 124 127
118 115 112 111
119 123 122 126
119 120 116 117
120 119 123 122
120 116 117 113
121 124 127 130
121 118 115 112
122 126 125 129
122 123 119 120
123 122 126 125
123 119 120 116
124 127 130 133
124 121 118 115
125 129 128 132
125 126 122 123
126 125 129 128
126 122 123 119
127 130 133 136
127 124 121 118
128 132 131 135
128 129 125 126
129 128 132 131
129 125 126 122
130 133 136 139
130 127 124 121
131 135 134 138
131 132 128 129
132 131 135 134
132 128 129 125
133 136 139 143
133 130 127 124
134 138 137 141
134 135 131 132
135 134 138 137
135 131 132 128
136 139 143 147
136 133 130 127
137 141 140 145
137 138 134 135
138 137 141 140
138 134 135 131
139 143 147 151
139 136 133 130
140 145 144 149
140 141 137 138
141 140 145 144
141 137 138 134
142 146 150 154
143 147 151 155
143 139 136 133
144 149 148 153
144 145 140 141
145 144 149 148
145 140 141 137
146 150 154 158
147 151 155 159
147 143 139 136
148 153 152 157
148 149 144 145
149 148 153 152
149 144 145 140
150 154 158 163
150 146 142 -1
151 155 159 164
151 147 143 139
152 157 156 161
152 153 148 149
153 152 157 156
153 148 149 144
154 158 163 162
154 150 146 142
155 159 164 165
155 151 147 143
156 161 160 167
156 157 152 153
157 156 161 160
157 152 153 148
158 163 162 169
158 154 150 146
159 164 165 170
159 155 151 147
160 167 166 172
160 161 156 157
161 160 167 166
161 156 157 152
162 169 168 174
162 163 158 154
163 162 169 168
163 158 154 150
164 165 170 175
164 159 155 151
165 170 175 179
165 164 159 155
166 172 171 177
166 167 160 161
167 166 172 171
167 160 161 156
168 174 173 178
168 169 162 163
169 168 174 173
169 162 163 158
170 175 179 180
170 165 164 159
171 177 176 182
171 172 166 167
172 171 177 176
172 166 167 160
173 178 183 187
173 174 168 169
174 173 178 183
174 168 169 162
175 179 180 184
175 170 165 164
176 182 181 186
176 177 171 172
177 176 182 181
177 171 172 166
178 183 187 191
178 173 174 168
179 180 184 188
179 175 170 165
180 184 188 192
180 179 175 170
181 186 185 190
181 182 176 177
182 181 186 185
182 176 177 171
183 187 191 196
183 178 173 174
184 188 192 193
184 180 179 175
185 190 189 195
185 186 181 182
186 185 190 189
186 181 182 176
187 191 196 200
187 183 178 173
188 192 193 197
188 184 180 179
189 195 194 199
189 190 185 186
190 189 195 194
190 185 186 181
191 196 200 204
191 187 183 178
192 193 197 201
192 188 184 180
193 197 201 205
193 192 188 184
194 199 198 203
194 195 189 190
195 194 199 198
195 189 190 185
196 200 204 210
196 191 187 183
197 201 205 206
197 193 192 188
198 203 202 208
198 199 194 195
199 198 203 202
199 194 195 189
200 204 210 209
200 196 191 187
201 205 206 211
201 197 193 192
202 208 207 213
202 203 198 199
203 202 208 207
203 198 199 194
204 210 209 214
204 200 196 191
205 206 211 215
205 201 197 193
206 211 215 219
206 205 201 197
207 213 212 217
207 208 202 203
208 207 213 212
208 202 203 198
209 214 218 222
209 210 204 200
210 209 214 218
210 204 200 196
211 215 219 223
211 206 205 201
212 217 216 221
212 213 207 208
213 212 217 216
213 207 208 202
214 218 222 226
214 209 210 204
215 219 223 227
215 211 206 205
216 221 220 225
216 217 212 213
217 216 221 220
217 212 213 207
218 222 226 230
218 214 209 210
219 223 227 231
219 215 211 206
220 225 224 229
220 221 216 217
221 220 225 224
221 216 217 212
222 226 230 235
222 218 214 209
223 227 231 236
223 219 215 211
224 229 228 233
224 225 220 221
225 224 229 228
225 220 221 216
226 230 235 234
226 222 218 214
227 231 236 239
227 223 219 215
228 233 232 237
228 229 224 225
229 228 233 232
229 224 225 220
230 235 234 238
230 226 222 218
231 236 239 244
231 227 223 219
232 237 240 246
232 233 228 229
233 232 237 240
233 228 229 224
234 238 243 248
234 235 230 226
235 234 238 243
235 230 226 222
236 239 244 249
236 231 227 223
237 240 246 245
237 232 233 228
238 243 248 252
238 234 235 230
239 244 249 253
239 236 231 227
240 246 245 250
240 237 232 233
241 242 247 251
242 247 251 -1
243 248 252 255
243 238 234 235
244 249 253 256
244 239 236 231
245 250 254 257
245 246 240 237
246 245 250 254
246 240 237 232
247 242 241 -1
248 252 255 258
248 243 238 234
249 253 256 259
249 244 239 236
250 254 257 260
250 245 246 240
251 247 242 -1
251 247 241 -1
252 255 258 261
252 248 243 238
253 256 259 262
253 249 244 239
254 257 260 264
254 250 245 246
255 258 261 265
255 252 248 243
256 259 262 263
256 253 249 244
257 260 264 267
257 254 250 245
258 261 265 268
258 255 252 248
259 262 263 266
259 256 253 249
260 264 267 270
260 257 254 250
261 265 268 271
261 258 255 252
262 263 266 269
262 259 256 253
263 266 269 272
263 262 259 256
264 267 270 274
264 260 257 254
265 268 271 275
265 261 258 255
266 269 272 273
266 263 262 259
267 270 274 277
267 264 260 257
268 271 275 278
268 265 261 258
269 272 273 276
269 266 263 262
270 274 277 280
270 267 264 260
271 275 278 281
271 268 265 261
272 273 276 279
272 269 266 263
273 276 279 282
273 272 269 266
274 277 280 285
274 270 267 264
275 278 281 286
275 271 268 265
276 279 282 283
276 273 272 269
277 280 285 284
277 274 270 267
278 281 286 289
278 275 271 268
279 282 283 287
279 276 273 272
280 285 284 288
280 277 274 270
281 286 289 292
281 278 275 271
282 283 287 290
282 279 276 273
283 287 290 293
283 282 279 276
284 288 291 295
284 285 280 277
285 284 288 291
285 280 277 274
286 289 292 296
286 281 278 275
287 290 293 294
287 283 282 279
288 291 295 298
288 284 285 280
289 292 296 299
289 286 281 278
290 293 294 297
290 287 283 282
291 295 298 301
291 288 284 285
292 296 299 302
292 289 286 281
293 294 297 300
293 290 287 283
294 297 300 303
294 293 290 287
295 298 301 304
295 291 288 284
296 299 302 305
296 292 289 286
297 300 303 306
297 294 293 290
298 301 304 308
298 295 291 288
299 302 305 309
299 296 292 289
300 303 306 310
300 297 294 293
301 304 308 307
301 298 295 291
302 305 309 312
302 299 296 292
303 306 310 313
303 300 297 294
304 308 307 311
304 301 298 295
305 309 312 315
305 302 299 296
306 310 313 316
306 303 300 297
307 311 314 317
307 308 304 301
308 307 311 314
308 304 301 298
309 312 315 318
309 305 302 299
310 313 316 319
310 306 303 300
311 314 317 320
311 307 308 304
312 315 318 321
312 309 305 302
313 316 319 322
313 310 306 303
314 317 320 323
314 311 307 308
315 318 321 324
315 312 309 305
316 319 322 325
316 313 310 306
317 320 323 326
317 314 311 307
318 321 324 327
318 315 312 309
319 322 325 328
319 316 313 310
320 323 326 329
320 317 314 311
321 324 327 330
321 318 315 312
322 325 328 331
322 319 316 313
323 326 329 332
323 320 317 314
324 327 330 333
324 321 318 315
325 328 331 334
325 322 319 316
326 329 332 335
326 323 320 317
327 330 333 336
327 324 321 318
328 331 334 337
328 325 322 319
329 332 335 338
329 326 323 320
330 333 336 339
330 327 324 321
331 334 337 340
331 328 325 322
332 335 338 341
332 329 326 323
333 336 339 342
333 330 327 324
334 337 340 343
334 331 328 325
335 338 341 344
335 332 329 326
336 339 342 345
336 333 330 327
337 340 343 346
337 334 331 328
338 341 344 347
338 335 332 329
339 342 345 348
339 336 333 330
340 343 346 349
340 337 334 331
341 344 347 350
341 338 335 332
342 345 348 351
342 339 336 333
343 346 349 352
343 340 337 334
344 347 350 353
344 341 338 335
345 348 351 354
345 342 339 336
346 349 352 355
346 343 340 337
347 350 353 357
347 344 341 338
348 351 354 358
348 345 342 339
349 352 355 356
349 346 343 340
350 353 357 360
350 347 344 341
351 354 358 361
351 348 345 342
352 355 356 359
352 349 346 343
353 357 360 364
353 350 347 344
354 358 361 362
354 351 348 345
355 356 359 363
355 352 349 346
356 359 363 366
356 355 352 349
357 360 364 368
357 353 350 347
358 361 362 365
358 354 351 348
359 363 366 367
359 356 355 352
360 364 368 372
360 357 353 350
361 362 365 369
361 358 354 351
362 365 369 370
362 361 358 354
363 366 367 371
363 359 356 355
364 368 372 375
364 360 357 353
365 369 370 373
365 362 361 358
366 367 371 374
366 363 359 356
367 371 374 378
367 366 363 359
368 372 375 379
368 364 360 357
369 370 373 376
369 365 362 361
370 373 376 377
370 369 365 362
371 374 378 381
371 367 366 363
372 375 379 382
372 368 364 360
373 376 377 380
373 370 369 365
374 378 381 384
374 371 367 366
375 379 382 385
375 372 368 364
376 377 380 383
376 373 370 369
377 380 383 386
377 376 373 370
378 381 384 388
378 374 371 367
379 382 385 390
379 375 372 368
380 383 386 387
380 377 376 373
381 384 388 392
381 378 374 371
382 385 390 389
382 379 375 372
383 386 387 391
383 380 377 376
384 388 392 395
384 381 378 374
385 390 389 393
385 382 379 375
386 387 391 394
386 383 380 377
387 391 394 397
387 386 383 380
388 392 395 399
388 384 381 378
389 393 396 400
389 390 385 382
390 389 393 396
390 385 382 379
391 394 397 398
391 387 386 383
392 395 399 402
392 388 384 381
393 396 400 403
393 389 390 385
394 397 398 401
394 391 387 386
395 399 402 405
395 392 388 384
396 400 403 406
396 393 389 390
397 398 401 404
397 394 391 387
398 401 404 408
398 397 394 391
399 402 405 410
399 395 392 388
400 403 406 411
400 396 393 389
401 404 408 409
401 398 397 394
402 405 410 415
402 399 395 392
403 406 411 416
403 400 396 393
404 408 409 413
404 401 398 397
405 410 415 419
405 402 399 395
406 411 416 420
406 403 400 396
407 412 417 421
408 409 413 414
408 404 401 398
409 413 414 418
409 408 404 401
410 415 419 424
410 405 402 399
411 416 420 425
411 406 403 400
412 417 421 426
413 414 418 422
413 409 408 404
414 418 422 423
414 413 409 408
415 419 424 429
415 410 405 402
416 420 425 430
416 411 406 403
417 421 426 431
417 412 407 -1
418 422 423 427
418 414 413 409
419 424 429 434
419 415 410 405
420 425 430 435
420 416 411 406
421 426 431 436
421 417 412 407
422 423 427 428
422 418 414 413
423 427 428 432
423 422 418 414
424 429 434 438
424 419 415 410
425 430 435 439
425 420 416 411
426 431 436 440
426 421 417 412
427 428 432 433
427 423 422 418
428 432 433 437
428 427 423 422
429 434 438 443
429 424 419 415
430 435 439 444
430 425 420 416
431 436 440 445
431 426 421 417
432 433 437 441
432 428 427 423
433 437 441 442
433 432 428 427
434 438 443 448
434 429 424 419
435 439 444 450
435 430 425 420
436 440 445 451
436 431 426 421
437 441 442 446
437 433 432 428
438 443 448 449
438 434 429 424
439 444 450 455
439 435 430 425
440 445 451 456
440 436 431 426
441 442 446 447
441 437 433 432
442 446 447 452
442 441 437 433
443 448 449 454
443 438 434 429
444 450 455 460
444 439 435 430
445 451 456 461
445 440 436 431
446 447 452 453
446 442 441 437
447 452 453 457
447 446 442 441
448 449 454 459
448 443 438 434
449 454 459 463
449 448 443 438
450 455 460 465
450 444 439 435
451 456 461 466
451 445 440 436
452 453 457 458
452 447 446 442
453 457 458 462
453 452 447 446
454 459 463 464
454 449 448 443
455 460 465 469
455 450 444 439
456 461 466 470
456 451 445 440
457 458 462 467
457 453 452 447
458 462 467 471
458 457 453 452
459 463 464 468
459 454 449 448
460 465 469 474
460 455 450 444
461 466 470 475
461 456 451 445
462 467 471 472
462 458 457 453
463 464 468 473
463 459 454 449
464 468 473 478
464 463 459 454
465 469 474 480
465 460 455 450
466 470 475 481
466 461 456 451
467 471 472 476
467 462 458 457
468 473 478 479
468 464 463 459
469 474 480 485
469 465 460 455
470 475 481 486
470 466 461 456
471 472 476 477
471 467 462 458
472 476 477 482
472 471 467 462
473 478 479 484
473 468 464 463
474 480 485 490
474 469 465 460
475 481 486 491
475 470 466 461
476 477 482 483
476 472 471 467
477 482 483 487
477 476 472 471
478 479 484 489
478 473 468 464
479 484 489 494
479 478 473 468
480 485 490 496
480 474 469 465
481 486 491 497
481 475 470 466
482 483 487 488
482 477 476 472
483 487 488 492
483 482 477 476
484 489 494 495
484 479 478 473
485 490 496 501
485 480 474 469
486 491 497 502
486 481 475 470
487 488 492 493
487 483 482 477
488 492 493 498
488 487 483 482
489 494 495 500
489 484 479 478
490 496 501 506
490 485 480 474
491 497 502 507
491 486 481 475
492 493 498 499
492 488 487 483
493 498 499 503
493 492 488 487
494 495 500 505
494 489 484 479
495 500 505 510
495 494 489 484
496 501 506 511
496 490 485 480
497 502 507 512
497 491 486 481
498 499 503 504
498 493 492 488
499 503 504 508
499 498 493 492
500 505 510 515
500 495 494 489
501 506 511 516
501 496 490 485
502 507 512 517
502 497 491 486
503 504 508 509
503 499 498 493
504 508 509 513
504 503 499 498
505 510 515 520
505 500 495 494
506 511 516 521
506 501 496 490
507 512 517 522
507 502 497 491
508 509 513 514
508 504 503 499
509 513 514 518
509 508 504 503
510 515 520 525
510 505 500 495
511 516 521 526
511 506 501 496
512 517 522 527
512 507 502 497
513 514 518 519
513 509 508 504
514 518 519 523
514 513 509 508
515 520 525 530
515 510 505 500
516 521 526 531
516 511 506 501
517 522 527 532
517 512 507 502
518 519 523 524
518 514 513 509
519 523 524 528
519 518 514 513
520 525 530 535
520 515 510 505
521 526 531 536
521 516 511 506
522 527 532 537
522 517 512 507
523 524 528 529
523 519 518 514
524 528 529 533
524 523 519 518
525 530 535 540
525 520 515 510
526 531 536 541
526 521 516 511
527 532 537 542
527 522 517 512
528 529 533 534
528 524 523 519
529 533 534 538
529 528 524 523
530 535 540 545
530 525 520 515
531 536 541 546
531 526 521 516
532 537 542 547
532 527 522 517
533 534 538 539
533 529 528 524
534 538 539 543
534 533 529 528
535 540 545 550
535 530 525 520
536 541 546 551
536 531 526 521
537 542 547 552
537 532 527 522
538 539 543 544
538 534 533 529
539 543 544 548
539 538 534 533
540 545 550 555
540 535 530 525
541 546 551 556
541 536 531 526
542 547 552 557
542 537 532 527
543 544 548 549
543 539 538 534
544 548 549 553
544 543 539 538
545 550 555 561
545 540 535 530
546 551 556 562
546 541 536 531
547 552 557 563
547 542 537 532
548 549 553 554
548 544 543 539
549 553 554 558
549 548 544 543
550 555 561 566
550 545 540 535
551 556 562 568
551 546 541 536
552 557 563 569
552 547 542 537
553 554 558 559
553 549 548 544
554 558 559 560
554 553 549 548
555 561 566 567
555 550 545 540
556 562 568 573
556 551 546 541
557 563 569 574
557 552 547 542
558 559 560 564
558 554 553 549
559 560 564 565
559 558 554 553
560 564 565 570
560 559 558 554
561 566 567 572
561 555 550 545
562 568 573 578
562 556 551 546
563 569 574 579
563 557 552 547
564 565 570 571
564 560 559 558
565 570 571 575
565 564 560 559
566 567 572 577
566 561 555 550
567 572 577 582
567 566 561 555
568 573 578 584
568 562 556 551
569 574 579 585
569 563 557 552
570 571 575 576
570 565 564 560
571 575 576 580
571 570 565 564
572 577 582 583
572 567 566 561
573 578 584 589
573 568 562 556
574 579 585 590
574 569 563 557
575 576 580 581
575 571 570 565
576 580 581 586
576 575 571 570
577 582 583 588
577 572 567 566
578 584 589 595
578 573 568 562
579 585 590 596
579 574 569 563
580 581 586 587
580 576 575 571
581 586 587 591
581 580 576 575
582 583 588 594
582 577 572 567
583 588 594 599
583 582 577 572
584 589 595 601
584 578 573 568
585 590 596 602
585 579 574 569
586 587 591 592
586 581 580 576
587 591 592 593
587 586 581 580
588 594 599 600
588 583 582 577
589 595 601 606
589 584 578 573
590 596 602 607
590 585 579 574
591 592 593 597
591 587 586 581
592 593 597 598
592 591 587 586
593 597 598 603
593 592 591 587
594 599 600 605
594 588 583 582
595 601 606 611
595 589 584 578
596 602 607 612
596 590 585 579
597 598 603 604
597 593 592 591
598 603 604 608
598 597 593 592
599 600 605 610
599 594 588 583
600 605 610 620
600 599 594 588
601 606 611 621
601 595 589 584
602 607 612 622
602 596 590 585
603 604 608 613
603 598 597 593
604 608 613 623
604 608 609 -1
604 603 598 597
605 610 620 638
605 600 599 594
606 611 621 639
606 601 595 589
607 612 622 640
607 602 596 590
608 613 623 641
608 604 603 598
610 620 638 642
610 605 600 599
611 621 639 643
611 606 601 595
612 622 640 644
612 607 602 596
613 623 641 645
613 608 604 603
614 609 641 -1
615 616 617 618
616 615 636 -1
616 617 618 619
617 618 619 -1
617 616 615 636
618 617 616 615
619 618 617 616
620 638 642 646
620 610 605 600
621 639 643 647
621 611 606 601
622 640 644 648
622 612 607 602
623 641 645 650
623 613 608 604
624 625 626 627
625 626 627 628
626 625 624 -1
626 627 628 -1
627 626 625 624
628 627 626 625
629 630 631 632
630 631 632 633
631 630 629 -1
631 632 633 634
632 631 630 629
632 633 634 635
633 632 631 630
633 634 635 -1
634 633 632 631
635 634 633 632
636 615 616 617
638 642 646 651
638 620 610 605
639 643 647 652
639 621 611 606
640 644 648 653
640 622 612 607
641 645 650 649
641 623 613 608
641 623 609 614
642 646 651 655
642 638 620 610
643 647 652 656
643 639 621 611
644 648 653 657
644 640 622 612
645 650 649 654
645 641 623 613
646 651 655 660
646 642 638 620
647 652 656 661
647 643 639 621
648 653 657 662
648 644 640 622
649 654 659 658
649 650 645 641
650 649 654 659
650 645 641 623
651 655 660 664
651 646 642 638
652 656 661 665
652 647 643 639
653 657 662 666
653 648 644 640
654 659 658 663
654 649 650 645
655 660 664 669
655 651 646 642
656 661 665 670
656 652 647 643
657 662 666 674
657 653 648 644
658 663 668 667
658 659 654 649
659 658 663 668
659 654 649 650
660 664 669 676
660 655 651 646
661 665 670 677
661 656 652 647
662 666 674 683
662 657 653 648
663 668 667 675
663 658 659 654
664 669 676 685
664 660 655 651
665 670 677 686
665 661 656 652
666 674 683 689
666 662 657 653
667 675 684 690
667 668 663 658
668 667 675 684
668 663 658 659
669 676 685 691
669 664 660 655
670 677 686 692
670 665 661 656
671 679 678 687
671 672 673 680
672 673 680 681
672 671 679 678
673 680 681 682
673 672 671 679
674 683 689 696
674 666 662 657
675 684 690 697
675 667 668 663
676 685 691 698
676 669 664 660
677 686 692 699
677 670 665 661
678 687 693 700
678 679 671 672
679 678 687 693
679 671 672 673
680 681 682 688
680 673 672 671
681 682 688 694
681 680 673 672
682 688 694 695
682 681 680 673
683 689 696 702
683 674 666 662
684 690 697 703
684 675 667 668
685 691 698 704
685 676 669 664
686 692 699 705
686 677 670 665
687 693 700 706
687 678 679 671
688 694 695 701
688 682 681 680
689 696 702 708
689 683 674 666
690 697 703 709
690 684 675 667
691 698 704 710
691 685 676 669
692 699 705 711
692 686 677 670
693 700 706 712
693 687 678 679
693 687 679 671
694 695 701 707
694 688 682 681
695 701 707 713
695 694 688 682
696 702 708 714
696 689 683 674
697 703 709 716
697 690 684 675
698 704 710 717
698 691 685 676
699 705 711 718
699 692 686 677
700 706 712 720
700 693 687 678
700 693 679 671
701 707 713 721
701 695 694 688
702 708 714 722
702 696 689 683
703 709 716 715
703 697 690 684
704 710 717 724
704 698 691 685
705 711 718 725
705 699 692 686
706 712 720 719
706 700 693 687
707 713 721 727
707 701 695 694
708 714 722 728
708 702 696 689
709 716 715 723
709 703 697 690
710 717 724 731
710 704 698 691
711 718 725 732
711 705 699 692
712 720 719 726
712 706 700 693
713 721 727 734
713 707 701 695
714 722 728 735
714 708 702 696
715 723 730 729
715 716 709 703
716 715 723 730
716 709 703 697
717 724 731 737
717 710 704 698
718 725 732 738
718 711 705 699
719 726 733 739
719 720 712 706
720 719 726 733
720 712 706 700
721 727 734 740
721 713 707 701
722 728 735 741
722 714 708 702
723 730 729 736
723 715 716 709
724 731 737 744
724 717 710 704
725 732 738 745
725 718 711 705
726 733 739 746
726 719 720 712
727 734 740 747
727 721 713 707
728 735 741 748
728 722 714 708
729 736 743 742
729 730 723 715
730 729 736 743
730 723 715 716
731 737 744 750
731 724 717 710
732 738 745 751
732 725 718 711
733 739 746 752
733 726 719 720
734 740 747 753
734 727 721 713
735 741 748 754
735 728 722 714
736 743 742 749
736 729 730 723
737 744 750 757
737 731 724 717
738 745 751 758
738 732 725 718
739 746 752 759
739 733 726 719
740 747 753 760
740 734 727 721
741 748 754 761
741 735 728 722
742 749 756 755
742 743 736 729
743 742 749 756
743 736 729 730
744 750 757 763
744 737 731 724
745 751 758 764
745 738 732 725
746 752 759 765
746 739 733 726
747 753 760 766
747 740 734 727
748 754 761 767
748 741 735 728
749 756 755 762
749 742 743 736
750 757 763 769
750 744 737 731
751 758 764 770
751 745 738 732
752 759 765 771
752 746 739 733
753 760 766 772
753 747 740 734
754 761 767 773
754 748 741 735
755 762 768 774
755 756 749 742
756 755 762 768
756 749 742 743
757 763 769 775
757 750 744 737
758 764 770 776
758 751 745 738
759 765 771 777
759 752 746 739
760 766 772 778
760 753 747 740
761 767 773 779
761 754 748 741
762 768 774 780
762 755 756 749
763 769 775 781
763 757 750 744
764 770 776 782
764 758 751 745
765 771 777 783
765 759 752 746
766 772 778 784
766 760 753 747
767 773 779 785
767 761 754 748
768 774 780 787
768 762 755 756
769 775 781 788
769 763 757 750
770 776 782 789
770 764 758 751
771 777 783 791
771 765 759 752
772 778 784 792
772 766 760 753
773 779 785 793
773 767 761 754
774 780 787 786
774 768 762 755
775 781 788 795
775 769 763 757
776 782 789 796
776 770 764 758
777 783 791 790
777 771 765 759
778 784 792 798
778 772 766 760
779 785 793 799
779 773 767 761
780 787 786 794
780 774 768 762
781 788 795 802
781 775 769 763
782 789 796 803
782 776 770 764
783 791 790 797
783 777 771 765
784 792 798 805
784 778 772 766
785 793 799 806
785 779 773 767
786 794 801 800
786 787 780 774
787 786 794 801
787 780 774 768
788 795 802 808
788 781 775 769
789 796 803 809
789 782 776 770
790 797 804 810
790 791 783 777
791 790 797 804
791 783 777 771
792 798 805 811
792 784 778 772
793 799 806 812
793 785 779 773
794 801 800 807
794 786 787 780
795 802 808 814
795 788 781 775
796 803 809 815
796 789 782 776
797 804 810 816
797 790 791 783
798 805 811 817
798 792 784 778
799 806 812 818
799 793 785 779
800 807 813 819
800 801 794 786
801 800 807 813
801 794 786 787
802 808 814 820
802 795 788 781
803 809 815 821
803 796 789 782
804 810 816 822
804 797 790 791
805 811 817 823
805 798 792 784
806 812 818 824
806 799 793 785
807 813 819 825
807 800 801 794
808 814 820 826
808 802 795 788
809 815 821 827
809 803 796 789
810 816 822 828
810 804 797 790
811 817 823 829
811 805 798 792
812 818 824 830
812 806 799 793
813 819 825 832
813 807 800 801
814 820 826 833
814 808 802 795
815 821 827 834
815 809 803 796
816 822 828 835
816 810 804 797
817 823 829 836
817 811 805 798
818 824 830 837
818 812 806 799
819 825 832 831
819 813 807 800
820 826 833 839
820 814 808 802
821 827 834 840
821 815 809 803
822 828 835 841
822 816 810 804
823 829 836 842
823 817 811 805
824 830 837 843
824 818 812 806
825 832 831 838
825 819 813 807
826 833 839 845
826 820 814 808
827 834 840 846
827 821 815 809
828 835 841 847
828 822 816 810
829 836 842 848
829 823 817 811
830 837 843 849
830 824 818 812
831 838 844 850
831 832 825 819
832 831 838 844
832 825 819 813
833 839 845 851
833 826 820 814
834 840 846 852
834 827 821 815
835 841 847 853
835 828 822 816
836 842 848 854
836 829 823 817
837 843 849 855
837 830 824 818
838 844 850 856
838 831 832 825
839 845 851 857
839 833 826 820
840 846 852 858
840 834 827 821
841 847 853 859
841 835 828 822
842 848 854 860
842 836 829 823
843 849 855 861
843 837 830 824
844 850 856 863
844 838 831 832
845 851 857 864
845 839 833 826
846 852 858 865
846 840 834 827
847 853 859 866
847 841 835 828
848 854 860 867
848 842 836 829
849 855 861 868
849 843 837 830
850 856 863 862
850 844 838 831
851 857 864 870
851 845 839 833
852 858 865 871
852 846 840 834
853 859 866 872
853 847 841 835
854 860 867 873
854 848 842 836
855 861 868 874
855 849 843 837
856 863 862 869
856 850 844 838
857 864 870 876
857 851 845 839
858 865 871 877
858 852 846 840
859 866 872 878
859 853 847 841
860 867 873 879
860 854 848 842
861 868 874 881
861 855 849 843
862 869 875 882
862 863 856 850
863 862 869 875
863 856 850 844
864 870 876 883
864 857 851 845
865 871 877 884
865 858 852 846
866 872 878 885
866 859 853 847
867 873 879 880
867 860 854 848
868 874 881 887
868 861 855 849
869 875 882 888
869 862 863 856
870 876 883 889
870 864 857 851
871 877 884 890
871 865 858 852
872 878 885 891
872 866 859 853
873 879 880 886
873 867 860 854
874 881 887 893
874 868 861 855
875 882 888 894
875 869 862 863
876 883 889 895
876 870 864 857
877 884 890 896
877 871 865 858
878 885 891 897
878 872 866 859
879 880 886 892
879 873 867 860
880 886 892 898
880 879 873 867
881 887 893 899
881 874 868 861
882 888 894 900
882 875 869 862
883 889 895 901
883 876 870 864
884 890 896 902
884 877 871 865
885 891 897 903
885 878 872 866
886 892 898 904
886 880 879 873
887 893 899 905
887 881 874 868
888 894 900 906
888 882 875 869
889 895 901 907
889 883 876 870
890 896 902 908
890 884 877 871
891 897 903 909
891 885 878 872
892 898 904 910
892 886 880 879
893 899 905 911
893 887 881 874
894 900 906 913
894 888 882 875
895 901 907 914
895 889 883 876
896 902 908 915
896 890 884 877
897 903 909 916
897 891 885 878
898 904 910 917
898 892 886 880
899 905 911 918
899 893 887 881
900 906 913 912
900 894 888 882
901 907 914 920
901 895 889 883
902 908 915 921
902 896 890 884
903 909 916 922
903 897 891 885
904 910 917 923
904 898 892 886
905 911 918 924
905 899 893 887
906 913 912 919
906 900 894 888
907 914 920 926
907 901 895 889
908 915 921 927
908 902 896 890
909 916 922 928
909 903 897 891
910 917 923 929
910 904 898 892
911 918 924 930
911 905 899 893
912 919 925 932
912 913 906 900
913 912 919 925
913 906 900 894
914 920 926 933
914 907 901 895
915 921 927 934
915 908 902 896
916 922 928 935
916 909 903 897
917 923 929 936
917 910 904 898
918 924 930 937
918 911 905 899
919 925 932 931
919 912 913 906
920 926 933 939
920 914 907 901
921 927 934 940
921 915 908 902
922 928 935 941
922 916 909 903
923 929 936 942
923 917 910 904
924 930 937 943
924 918 911 905
925 932 931 938
925 919 912 913
926 933 939 945
926 920 914 907
927 934 940 946
927 921 915 908
928 935 941 947
928 922 916 909
929 936 942 948
929 923 917 910
930 937 943 949
930 924 918 911
931 938 944 950
931 932 925 919
932 931 938 944
932 925 919 912
933 939 945 951
933 926 920 914
934 940 946 952
934 927 921 915
935 941 947 953
935 928 922 916
936 942 948 954
936 929 923 917
937 943 949 955
937 930 924 918
938 944 950 956
938 931 932 925
939 945 951 957
939 933 926 920
940 946 952 959
940 934 927 921
941 947 953 960
941 935 928 922
942 948 954 961
942 936 929 923
943 949 955 962
943 937 930 924
944 950 956 963
944 938 931 932
945 951 957 964
945 939 933 926
946 952 959 958
946 940 934 927
947 953 960 966
947 941 935 928
948 954 961 967
948 942 936 929
949 955 962 968
949 943 937 930
950 956 963 969
950 944 938 931
951 957 964 970
951 945 939 933
952 959 958 965
952 946 940 934
953 960 966 972
953 947 941 935
954 961 967 973
954 948 942 936
955 962 968 974
955 949 943 937
956 963 969 975
956 950 944 938
957 964 970 976
957 951 945 939
958 965 971 977
958 959 952 946
959 958 965 971
959 952 946 940
960 966 972 979
960 953 947 941
961 967 973 980
961 954 948 942
962 968 974 981
962 955 949 943
963 969 975 982
963 956 950 944
964 970 976 983
964 957 951 945
965 971 977 984
965 958 959 952
966 972 979 978
966 960 953 947
967 973 980 986
967 961 954 948
968 974 981 987
968 962 955 949
969 975 982 989
969 963 956 950
970 976 983 990
970 964 957 951
971 977 984 991
971 965 958 959
972 979 978 985
972 966 960 953
973 980 986 993
973 967 961 954
974 981 987 994
974 968 962 955
975 982 989 988
975 969 963 956
976 983 990 996
976 970 964 957
977 984 991 997
977 971 965 958
978 985 992 998
978 979 972 966
979 978 985 992
979 972 966 960
980 986 993 999
980 973 967 961
981 987 994 1000
981 974 968 962
982 989 988 995
982 975 969 963
983 990 996 1002
983 976 970 964
984 991 997 1003
984 977 971 965
985 992 998 1004
985 978 979 972
986 993 999 1005
986 980 973 967
987 994 1000 1006
987 981 974 968
988 995 1001 1008
988 989 982 975
989 988 995 1001
989 982 975 969
990 996 1002 1009
990 983 976 970
991 997 1003 1010
991 984 977 971
992 998 1004 1011
992 985 978 979
993 999 1005 1012
993 986 980 973
994 1000 1006 1013
994 987 981 974
995 1001 1008 1007
995 988 989 982
996 1002 1009 1015
996 990 983 976
997 1003 1010 1016
997 991 984 977
998 1004 1011 1017
998 992 985 978
999 1005 1012 1018
999 993 986 980
1000 1006 1013 1019
1000 994 987 981
1001 1008 1007 1014
1001 995 988 989
1002 1009 1015 1021
1002 996 990 983
1003 1010 1016 1022
1003 997 991 984
1004 1011 1017 1023
1004 998 992 985
1005 1012 1018 1024
1005 999 993 986
1006 1013 1019 1025
1006 1000 994 987
1007 1014 1020 1026
1007 1008 1001 995
1008 1007 1014 1020
1008 1001 995 988
1009 1015 1021 1027
1009 1002 996 990
1010 1016 1022 1028
1010 1003 997 991
1011 1017 1023 1029
1011 1004 998 992
1012 1018 1024 1030
1012 1005 999 993
1013 1019 1025 1031
1013 1006 1000 994
1014 1020 1026 1032
1014 1007 1008 1001
1015 1021 1027 1033
1015 1009 1002 996
1016 1022 1028 1034
1016 1010 1003 997
1017 1023 1029 1035
1017 1011 1004 998
1018 1024 1030 1036
1018 1012 1005 999
1019 1025 1031 1037
1019 1013 1006 1000
1020 1026 1032 1038
1020 1014 1007 1008
1021 1027 1033 1039
1021 1015 1009 1002
1022 1028 1034 1040
1022 1016 1010 1003
1023 1029 1035 1041
1023 1017 1011 1004
1024 1030 1036 1042
1024 1018 1012 1005
1025 1031 1037 1043
1025 1019 1013 1006
1026 1032 1038 1044
1026 1020 1014 1007
1027 1033 1039 1045
1027 1021 1015 1009
1028 1034 1040 1046
1028 1022 1016 1010
1029 1035 1041 1047
1029 1023 1017 1011
1030 1036 1042 1048
1030 1024 1018 1012
1031 1037 1043 1049
1031 1025 1019 1013
1032 1038 1044 1051
1032 1026 1020 1014
1033 1039 1045 1052
1033 1027 1021 1015
1034 1040 1046 1053
1034 1028 1022 1016
1035 1041 1047 1054
1035 1029 1023 1017
1036 1042 1048 1055
1036 1030 1024 1018
1037 1043 1049 1056
1037 1031 1025 1019
1038 1044 1051 1050
1038 1032 1026 1020
1039 1045 1052 1058
1039 1033 1027 1021
1040 1046 1053 1059
1040 1034 1028 1022
1041 1047 1054 1060
1041 1035 1029 1023
1042 1048 1055 1061
1042 1036 1030 1024
1043 1049 1056 1062
1043 1037 1031 1025
1044 1051 1050 1057
1044 1038 1032 1026
1045 1052 1058 1064
1045 1039 1033 1027
1046 1053 1059 1065
1046 1040 1034 1028
1047 1054 1060 1066
1047 1041 1035 1029
1048 1055 1061 1067
1048 1042 1036 1030
1049 1056 1062 1068
1049 1043 1037 1031
1050 1057 1063 1069
1050 1051 1044 1038
1051 1050 1057 1063
1051 1044 1038 1032
1052 1058 1064 1070
1052 1045 1039 1033
1053 1059 1065 1071
1053 1046 1040 1034
1054 1060 1066 1072
1054 1047 1041 1035
1055 1061 1067 1073
1055 1048 1042 1036
1056 1062 1068 1074
1056 1049 1043 1037
1057 1063 1069 1075
1057 1050 1051 1044
1058 1064 1070 1076
1058 1052 1045 1039
1059 1065 1071 1077
1059 1053 1046 1040
1060 1066 1072 1078
1060 1054 1047 1041
1061 1067 1073 1079
1061 1055 1048 1042
1062 1068 1074 1080
1062 1056 1049 1043
1063 1069 1075 1081
1063 1057 1050 1051
1064 1070 1076 1082
1064 1058 1052 1045
1065 1071 1077 1083
1065 1059 1053 1046
1066 1072 1078 1084
1066 1060 1054 1047
1067 1073 1079 1085
1067 1061 1055 1048
1068 1074 1080 1086
1068 1062 1056 1049
1069 1075 1081 1087
1069 1063 1057 1050
1070 1076 1082 1088
1070 1064 1058 1052
1071 1077 1083 1089
1071 1065 1059 1053
1072 1078 1084 1090
1072 1066 1060 1054
1073 1079 1085 1091
1073 1067 1061 1055
1074 1080 1086 1092
1074 1068 1062 1056
1075 1081 1087 1094
1075 1069 1063 1057
1076 1082 1088 1095
1076 1070 1064 1058
1077 1083 1089 1096
1077 1071 1065 1059
1078 1084 1090 1097
1078 1072 1066 1060
1079 1085 1091 1098
1079 1073 1067 1061
1080 1086 1092 1099
1080 1074 1068 1062
1081 1087 1094 1093
1081 1075 1069 1063
1082 1088 1095 1101
1082 1076 1070 1064
1083 1089 1096 1102
1083 1077 1071 1065
1084 1090 1097 1103
1084 1078 1072 1066
1085 1091 1098 1104
1085 1079 1073 1067
1086 1092 1099 1106
1086 1080 1074 1068
1087 1094 1093 1100
1087 1081 1075 1069
1088 1095 1101 1108
1088 1082 1076 1070
1089 1096 1102 1109
1089 1083 1077 1071
1090 1097 1103 1110
1090 1084 1078 1072
1091 1098 1104 1105
1091 1085 1079 1073
1092 1099 1106 1112
1092 1086 1080 1074
1093 1100 1107 1113
1093 1094 1087 1081
1094 1093 1100 1107
1094 1087 1081 1075
1095 1101 1108 1114
1095 1088 1082 1076
1096 1102 1109 1115
1096 1089 1083 1077
1097 1103 1110 1116
1097 1090 1084 1078
1098 1104 1105 1111
1098 1091 1085 1079
1099 1106 1112 1118
1099 1092 1086 1080
1100 1107 1113 1119
1100 1093 1094 1087
1101 1108 1114 1120
1101 1095 1088 1082
1102 1109 1115 1121
1102 1096 1089 1083
1103 1110 1116 1122
1103 1097 1090 1084
1104 1105 1111 1117
1104 1098 1091 1085
1105 1111 1117 1123
1105 1104 1098 1091
1106 1112 1118 1124
1106 1099 1092 1086
1107 1113 1119 1125
1107 1100 1093 1094
1108 1114 1120 1126
1108 1101 1095 1088
1109 1115 1121 1127
1109 1102 1096 1089
1110 1116 1122 1128
1110 1103 1097 1090
1111 1117 1123 1129
1111 1105 1104 1098
1112 1118 1124 1130
1112 1106 1099 1092
1113 1119 1125 1131
1113 1107 1100 1093
1114 1120 1126 1132
1114 1108 1101 1095
1115 1121 1127 1133
1115 1109 1102 1096
1116 1122 1128 1134
1116 1110 1103 1097
1117 1123 1129 1135
1117 1111 1105 1104
1118 1124 1130 1136
1118 1112 1106 1099
1119 1125 1131 1137
1119 1113 1107 1100
1120 1126 1132 1138
1120 1114 1108 1101
1121 1127 1133 1139
1121 1115 1109 1102
1122 1128 1134 1140
1122 1116 1110 1103
1123 1129 1135 1141
1123 1117 1111 1105
1124 1130 1136 1142
1124 1118 1112 1106
1125 1131 1137 1144
1125 1119 1113 1107
1126 1132 1138 1145
1126 1120 1114 1108
1127 1133 1139 1146
1127 1121 1115 1109
1128 1134 1140 1147
1128 1122 1116 1110
1129 1135 1141 1148
1129 1123 1117 1111
1130 1136 1142 1149
1130 1124 1118 1112
1131 1137 1144 1143
1131 1125 1119 1113
1132 1138 1145 1151
1132 1126 1120 1114
1133 1139 1146 1152
1133 1127 1121 1115
1134 1140 1147 1153
1134 1128 1122 1116
1135 1141 1148 1154
1135 1129 1123 1117
1136 1142 1149 1155
1136 1130 1124 1118
1137 1144 1143 1150
1137 1131 1125 1119
1138 1145 1151 1157
1138 1132 1126 1120
1139 1146 1152 1158
1139 1133 1127 1121
1140 1147 1153 1159
1140 1134 1128 1122
1141 1148 1154 1160
1141 1135 1129 1123
1142 1149 1155 1161
1142 1136 1130 1124
1143 1150 1156 1162
1143 1144 1137 1131
1144 1143 1150 1156
1144 1137 1131 1125
1145 1151 1157 1163
1145 1138 1132 1126
1146 1152 1158 1164
1146 1139 1133 1127
1147 1153 1159 1165
1147 1140 1134 1128
1148 1154 1160 1166
1148 1141 1135 1129
1149 1155 1161 1167
1149 1142 1136 1130
1150 1156 1162 1168
1150 1143 1144 1137
1151 1157 1163 1169
1151 1145 1138 1132
1152 1158 1164 1170
1152 1146 1139 1133
1153 1159 1165 1171
1153 1147 1140 1134
1154 1160 1166 1172
1154 1148 1141 1135
1155 1161 1167 1173
1155 1149 1142 1136
1156 1162 1168 1174
1156 1150 1143 1144
1157 1163 1169 1175
1157 1151 1145 1138
1158 1164 1170 1176
1158 1152 1146 1139
1159 1165 1171 1177
1159 1153 1147 1140
1160 1166 1172 1178
1160 1154 1148 1141
1161 1167 1173 -1
1161 1155 1149 1142
1162 1168 1174 1179
1162 1156 1150 1143
1163 1169 1175 1180
1163 1157 1151 1145
1164 1170 1176 1181
1164 1158 1152 1146
1165 1171 1177 1182
1165 1159 1153 1147
1166 1172 1178 1183
1166 1160 1154 1148
1167 1161 1155 1149
1168 1174 1179 1184
1168 1162 1156 1150
1169 1175 1180 1185
1169 1163 1157 1151
1170 1176 1181 1186
1170 1164 1158 1152
1171 1177 1182 1187
1171 1165 1159 1153
1172 1178 1183 1188
1172 1166 1160 1154
1173 1199 1204 -1
1173 1167 1161 1155
1174 1179 1184 1189
1174 1168 1162 1156
1175 1180 1185 1190
1175 1169 1163 1157
1176 1181 1186 1191
1176 1170 1164 1158
1177 1182 1187 1192
1177 1171 1165 1159
1178 1183 1188 1193
1178 1172 1166 1160
1179 1184 1189 1194
1179 1174 1168 1162
1180 1185 1190 1195
1180 1175 1169 1163
1181 1186 1191 1196
1181 1176 1170 1164
1182 1187 1192 1197
1182 1177 1171 1165
1183 1188 1193 1198
1183 1178 1172 1166
1184 1189 1194 1199
1184 1179 1174 1168
1185 1190 1195 1200
1185 1180 1175 1169
1186 1191 1196 1201
1186 1181 1176 1170
1187 1192 1197 1202
1187 1182 1177 1171
1188 1193 1198 1203
1188 1183 1178 1172
1189 1194 1199 1204
1189 1184 1179 1174
1190 1195 1200 1205
1190 1185 1180 1175
1191 1196 1201 1206
1191 1186 1181 1176
1192 1197 1202 1207
1192 1187 1182 1177
1193 1198 1203 1208
1193 1188 1183 1178
1194 1199 1204 1209
1194 1189 1184 1179
1195 1200 1205 1210
1195 1190 1185 1180
1196 1201 1206 1211
1196 1191 1186 1181
1197 1202 1207 1212
1197 1192 1187 1182
1198 1203 1208 1213
1198 1193 1188 1183
1199 1204 1209 1214
1199 1194 1189 1184
1199 1194 1173 -1
1200 1205 1210 1215
1200 1195 1190 1185
1201 1206 1211 1216
1201 1196 1191 1186
1202 1207 1212 1217
1202 1197 1192 1187
1203 1208 1213 1218
1203 1198 1193 1188
1204 1209 1214 1219
1204 1199 1194 1189
1204 1199 1173 -1
1205 1210 1215 1220
1205 1200 1195 1190
1206 1211 1216 1221
1206 1201 1196 1191
1207 1212 1217 1222
1207 1202 1197 1192
1208 1213 1218 1223
1208 1203 1198 1193
1209 1214 1219 1224
1209 1204 1199 1194
1210 1215 1220 1225
1210 1205 1200 1195
1211 1216 1221 1226
1211 1206 1201 1196
1212 1217 1222 1227
1212 1207 1202 1197
1213 1218 1223 1228
1213 1208 1203 1198
1214 1219 1224 1230
1214 1209 1204 1199
1215 1220 1225 1231
1215 1210 1205 1200
1216 1221 1226 1232
1216 1211 1206 1201
1217 1222 1227 1233
1217 1212 1207 1202
1218 1223 1228 1234
1218 1213 1208 1203
1219 1224 1230 1229
1219 1214 1209 1204
1220 1225 1231 1236
1220 1215 1210 1205
1221 1226 1232 1237
1221 1216 1211 1206
1222 1227 1233 1238
1222 1217 1212 1207
1223 1228 1234 1239
1223 1218 1213 1208
1224 1230 1229 1235
1224 1219 1214 1209
1225 1231 1236 1241
1225 1220 1215 1210
1226 1232 1237 1242
1226 1221 1216 1211
1227 1233 1238 1243
1227 1222 1217 1212
1228 1234 1239 1244
1228 1223 1218 1213
1229 1235 1240 1245
1229 1230 1224 1219
1230 1229 1235 1240
1230 1224 1219 1214
1231 1236 1241 1246
1231 1225 1220 1215
1232 1237 1242 1247
1232 1226 1221 1216
1233 1238 1243 1248
1233 1227 1222 1217
1234 1239 1244 1249
1234 1228 1223 1218
1235 1240 1245 1250
1235 1229 1230 1224
1236 1241 1246 1251
1236 1231 1225 1220
1237 1242 1247 1252
1237 1232 1226 1221
1238 1243 1248 1253
1238 1233 1227 1222
1239 1244 1249 1254
1239 1234 1228 1223
1240 1245 1250 1255
1240 1235 1229 1230
1241 1246 1251 1256
1241 1236 1231 1225
1242 1247 1252 1257
1242 1237 1232 1226
1243 1248 1253 1258
1243 1238 1233 1227
1244 1249 1254 1259
1244 1239 1234 1228
1245 1250 1255 1260
1245 1240 1235 1229
1246 1251 1256 1261
1246 1241 1236 1231
1247 1252 1257 1262
1247 1242 1237 1232
1248 1253 1258 1263
1248 1243 1238 1233
1249 1254 1259 1264
1249 1244 1239 1234
1250 1255 1260 1265
1250 1245 1240 1235
1251 1256 1261 1266
1251 1246 1241 1236
1252 1257 1262 1267
1252 1247 1242 1237
1253 1258 1263 1268
1253 1248 1243 1238
1254 1259 1264 1269
1254 1249 1244 1239
1255 1260 1265 1270
1255 1250 1245 1240
1256 1261 1266 1271
1256 1251 1246 1241
1257 1262 1267 1272
1257 1252 1247 1242
1258 1263 1268 1273
1258 1253 1248 1243
1259 1264 1269 1274
1259 1254 1249 1244
1260 1265 1270 1275
1260 1255 1250 1245
1261 1266 1271 1276
1261 1256 1251 1246
1262 1267 1272 1277
1262 1257 1252 1247
1263 1268 1273 1278
1263 1258 1253 1248
1264 1269 1274 1279
1264 1259 1254 1249
1265 1270 1275 1280
1265 1260 1255 1250
1266 1271 1276 1281
1266 1261 1256 1251
1267 1272 1277 1282
1267 1262 1257 1252
1268 1273 1278 1283
1268 1263 1258 1253
1269 1274 1279 1284
1269 1264 1259 1254
1270 1275 1280 1285
1270 1265 1260 1255
1271 1276 1281 1286
1271 1266 1261 1256
1272 1277 1282 1287
1272 1267 1262 1257
1273 1278 1283 1288
1273 1268 1263 1258
1274 1279 1284 1289
1274 1269 1264 1259
1275 1280 1285 1290
1275 1270 1265 1260
1276 1281 1286 1291
1276 1271 1266 1261
1277 1282 1287 1292
1277 1272 1267 1262
1278 1283 1288 1293
1278 1273 1268 1263
1279 1284 1289 1294
1279 1274 1269 1264
1280 1285 1290 1295
1280 1275 1270 1265
1281 1286 1291 1296
1281 1276 1271 1266
1282 1287 1292 1297
1282 1277 1272 1267
1283 1288 1293 1298
1283 1278 1273 1268
1284 1289 1294 1299
1284 1279 1274 1269
1285 1290 1295 1300
1285 1280 1275 1270
1286 1291 1296 1301
1286 1281 1276 1271
1287 1292 1297 1302
1287 1282 1277 1272
1288 1293 1298 1303
1288 1283 1278 1273
1289 1294 1299 1304
1289 1284 1279 1274
1290 1295 1300 1305
1290 1285 1280 1275
1291 1296 1301 1306
1291 1286 1281 1276
1292 1297 1302 1307
1292 1287 1282 1277
1293 1298 1303 1308
1293 1288 1283 1278
1294 1299 1304 1309
1294 1289 1284 1279
1295 1300 1305 1310
1295 1290 1285 1280
1296 1301 1306 1311
1296 1291 1286 1281
1297 1302 1307 1312
1297 1292 1287 1282
1298 1303 1308 1313
1298 1293 1288 1283
1299 1304 1309 1314
1299 1294 1289 1284
1300 1305 1310 1315
1300 1295 1290 1285
1301 1306 1311 1316
1301 1296 1291 1286
1302 1307 1312 1317
1302 1297 1292 1287
1303 1308 1313 1318
1303 1298 1293 1288
1304 1309 1314 1319
1304 1299 1294 1289
1305 1310 1315 1320
1305 1300 1295 1290
1306 1311 1316 1321
1306 1301 1296 1291
1307 1312 1317 1322
1307 1302 1297 1292
1308 1313 1318 1323
1308 1303 1298 1293
1309 1314 1319 1324
1309 1304 1299 1294
1310 1315 1320 1325
1310 1305 1300 1295
1311 1316 1321 1326
1311 1306 1301 1296
1312 1317 1322 1327
1312 1307 1302 1297
1313 1318 1323 1328
1313 1308 1303 1298
1314 1319 1324 1329
1314 1309 1304 1299
1315 1320 1325 1330
1315 1310 1305 1300
1316 1321 1326 1331
1316 1311 1306 1301
1317 1322 1327 1332
1317 1312 1307 1302
1318 1323 1328 1333
1318 1313 1308 1303
1319 1324 1329 1334
1319 1314 1309 1304
1320 1325 1330 1335
1320 1315 1310 1305
1321 1326 1331 1336
1321 1316 1311 1306
1322 1327 1332 1337
1322 1317 1312 1307
1323 1328 1333 1338
1323 1318 1313 1308
1324 1329 1334 1339
1324 1319 1314 1309
1325 1330 1335 1340
1325 1320 1315 1310
1326 1331 1336 1341
1326 1321 1316 1311
1327 1332 1337 1342
1327 1322 1317 1312
1328 1333 1338 1343
1328 1323 1318 1313
1329 1334 1339 1344
1329 1324 1319 1314
1330 1335 1340 1345
1330 1325 1320 1315
1331 1336 1341 1346
1331 1326 1321 1316
1332 1337 1342 1347
1332 1327 1322 1317
1333 1338 1343 1348
1333 1328 1323 1318
1334 1339 1344 1349
1334 1329 1324 1319
1335 1340 1345 1350
1335 1330 1325 1320
1336 1341 1346 1351
1336 1331 1326 1321
1337 1342 1347 1352
1337 1332 1327 1322
1338 1343 1348 1353
1338 1333 1328 1323
1339 1344 1349 1354
1339 1334 1329 1324
1340 1345 1350 1355
1340 1335 1330 1325
1341 1346 1351 1356
1341 1336 1331 1326
1342 1347 1352 1357
1342 1337 1332 1327
1343 1348 1353 1358
1343 1338 1333 1328
1344 1349 1354 1359
1344 1339 1334 1329
1345 1350 1355 1360
1345 1340 1335 1330
1346 1351 1356 1361
1346 1341 1336 1331
1347 1352 1357 1362
1347 1342 1337 1332
1348 1353 1358 1363
1348 1343 1338 1333
1349 1354 1359 1364
1349 1344 1339 1334
1350 1355 1360 1365
1350 1345 1340 1335
1351 1356 1361 1366
1351 1346 1341 1336
1352 1357 1362 1367
1352 1347 1342 1337
1353 1358 1363 1368
1353 1348 1343 1338
1354 1359 1364 1369
1354 1349 1344 1339
1355 1360 1365 1370
1355 1350 1345 1340
1356 1361 1366 1371
1356 1351 1346 1341
1357 1362 1367 1372
1357 1352 1347 1342
1358 1363 1368 1373
1358 1353 1348 1343
1359 1364 1369 1374
1359 1354 1349 1344
1360 1365 1370 1375
1360 1355 1350 1345
1361 1366 1371 1376
1361 1356 1351 1346
1362 1367 1372 1377
1362 1357 1352 1347
1363 1368 1373 1378
1363 1358 1353 1348
1364 1369 1374 1379
1364 1359 1354 1349
1365 1370 1375 1380
1365 1360 1355 1350
1366 1371 1376 1381
1366 1361 1356 1351
1367 1372 1377 1382
1367 1362 1357 1352
1368 1373 1378 1383
1368 1363 1358 1353
1369 1374 1379 1384
1369 1364 1359 1354
1370 1375 1380 1385
1370 1365 1360 1355
1371 1376 1381 1386
1371 1366 1361 1356
1372 1377 1382 1387
1372 1367 1362 1357
1373 1378 1383 1388
1373 1368 1363 1358
1374 1379 1384 1389
1374 1369 1364 1359
1375 1380 1385 1390
1375 1370 1365 1360
1376 1381 1386 1391
1376 1371 1366 1361
1377 1382 1387 1392
1377 1372 1367 1362
1378 1383 1388 1393
1378 1373 1368 1363
1379 1384 1389 1394
1379 1374 1369 1364
1380 1385 1390 1395
1380 1375 1370 1365
1381 1386 1391 1396
1381 1376 1371 1366
1382 1387 1392 1397
1382 1377 1372 1367
1383 1388 1393 1398
1383 1378 1373 1368
1384 1389 1394 1399
1384 1379 1374 1369
1385 1390 1395 1400
1385 1380 1375 1370
1386 1391 1396 1401
1386 1381 1376 1371
1387 1392 1397 1402
1387 1382 1377 1372
1388 1393 1398 1403
1388 1383 1378 1373
1389 1394 1399 1404
1389 1384 1379 1374
1390 1395 1400 1405
1390 1385 1380 1375
1391 1396 1401 1406
1391 1386 1381 1376
1392 1397 1402 1407
1392 1387 1382 1377
1393 1398 1403 1408
1393 1388 1383 1378
1394 1399 1404 1409
1394 1389 1384 1379
1395 1400 1405 1410
1395 1390 1385 1380
1396 1401 1406 1411
1396 1391 1386 1381
1397 1402 1407 1412
1397 1392 1387 1382
1398 1403 1408 1413
1398 1393 1388 1383
1399 1404 1409 1414
1399 1394 1389 1384
1400 1405 1410 1415
1400 1395 1390 1385
1401 1406 1411 1416
1401 1396 1391 1386
1402 1407 1412 1417
1402 1397 1392 1387
1403 1408 1413 1418
1403 1398 1393 1388
1404 1409 1414 1419
1404 1399 1394 1389
1405 1410 1415 1420
1405 1400 1395 1390
1406 1411 1416 1421
1406 1401 1396 1391
1407 1412 1417 1422
1407 1402 1397 1392
1408 1413 1418 1423
1408 1403 1398 1393
1409 1414 1419 1424
1409 1404 1399 1394
1410 1415 1420 1425
1410 1405 1400 1395
1411 1416 1421 1426
1411 1406 1401 1396
1412 1417 1422 1427
1412 1407 1402 1397
1413 1418 1423 1428
1413 1408 1403 1398
1414 1419 1424 1429
1414 1409 1404 1399
1415 1420 1425 1430
1415 1410 1405 1400
1416 1421 1426 1431
1416 1411 1406 1401
1417 1422 1427 1432
1417 1412 1407 1402
1418 1423 1428 1433
1418 1413 1408 1403
1419 1424 1429 1434
1419 1414 1409 1404
1420 1425 1430 1435
1420 1415 1410 1405
1421 1426 1431 1436
1421 1416 1411 1406
1422 1427 1432 1437
1422 1417 1412 1407
1423 1428 1433 1438
1423 1418 1413 1408
1424 1429 1434 1439
1424 1419 1414 1409
1425 1430 1435 1440
1425 1420 1415 1410
1426 1431 1436 1441
1426 1421 1416 1411
1427 1432 1437 1442
1427 1422 1417 1412
1428 1433 1438 1443
1428 1423 1418 1413
1429 1434 1439 1444
1429 1424 1419 1414
1430 1435 1440 1445
1430 1425 1420 1415
1431 1436 1441 1446
1431 1426 1421 1416
1432 1437 1442 1447
1432 1427 1422 1417
1433 1438 1443 1448
1433 1428 1423 1418
1434 1439 1444 1449
1434 1429 1424 1419
1435 1440 1445 1450
1435 1430 1425 1420
1436 1441 1446 1451
1436 1431 1426 1421
1437 1442 1447 1452
1437 1432 1427 1422
1438 1443 1448 1453
1438 1433 1428 1423
1439 1444 1449 1454
1439 1434 1429 1424
1440 1445 1450 1455
1440 1435 1430 1425
1441 1446 1451 1456
1441 1436 1431 1426
1442 1447 1452 1457
1442 1437 1432 1427
1443 1448 1453 1458
1443 1438 1433 1428
1444 1449 1454 1459
1444 1439 1434 1429
1445 1450 1455 1460
1445 1440 1435 1430
1446 1451 1456 1461
1446 1441 1436 1431
1447 1452 1457 1462
1447 1442 1437 1432
1448 1453 1458 1463
1448 1443 1438 1433
1449 1454 1459 1464
1449 1444 1439 1434
1450 1455 1460 1465
1450 1445 1440 1435
1451 1456 1461 1466
1451 1446 1441 1436
1452 1457 1462 1467
1452 1447 1442 1437
1453 1458 1463 1468
1453 1448 1443 1438
1454 1459 1464 1469
1454 1449 1444 1439
1455 1460 1465 1470
1455 1450 1445 1440
1456 1461 1466 1471
1456 1451 1446 1441
1457 1462 1467 1472
1457 1452 1447 1442
1458 1463 1468 1473
1458 1453 1448 1443
1459 1464 1469 1474
1459 1454 1449 1444
1460 1465 1470 1475
1460 1455 1450 1445
1461 1466 1471 1476
1461 1456 1451 1446
1462 1467 1472 1477
1462 1457 1452 1447
1463 1468 1473 1478
1463 1458 1453 1448
1464 1469 1474 1479
1464 1459 1454 1449
1465 1470 1475 1480
1465 1460 1455 1450
1466 1471 1476 1481
1466 1461 1456 1451
1467 1472 1477 1482
1467 1462 1457 1452
1468 1473 1478 1483
1468 1463 1458 1453
1469 1474 1479 1484
1469 1464 1459 1454
1470 1475 1480 1485
1470 1465 1460 1455
1471 1476 1481 1486
1471 1466 1461 1456
1472 1477 1482 1487
1472 1467 1462 1457
1473 1478 1483 1488
1473 1468 1463 1458
1474 1479 1484 1489
1474 1469 1464 1459
1475 1480 1485 1490
1475 1470 1465 1460
1476 1481 1486 1491
1476 1471 1466 1461
1477 1482 1487 1492
1477 1472 1467 1462
1478 1483 1488 1493
1478 1473 1468 1463
1479 1484 1489 1494
1479 1474 1469 1464
1480 1485 1490 1495
1480 1475 1470 1465
1481 1486 1491 1496
1481 1476 1471 1466
1482 1487 1492 1497
1482 1477 1472 1467
1483 1488 1493 1498
1483 1478 1473 1468
1484 1489 1494 1499
1484 1479 1474 1469
1485 1490 1495 1500
1485 1480 1475 1470
1486 1491 1496 1501
1486 1481 1476 1471
1487 1492 1497 1502
1487 1482 1477 1472
1488 1493 1498 1503
1488 1483 1478 1473
1489 1494 1499 1504
1489 1484 1479 1474
1490 1495 1500 1505
1490 1485 1480 1475
1491 1496 1501 1506
1491 1486 1481 1476
1492 1497 1502 1507
1492 1487 1482 1477
1493 1498 1503 1508
1493 1488 1483 1478
1494 1499 1504 1509
1494 1489 1484 1479
1495 1500 1505 1510
1495 1490 1485 1480
1496 1501 1506 1511
1496 1491 1486 1481
1497 1502 1507 1512
1497 1492 1487 1482
1498 1503 1508 1513
1498 1493 1488 1483
1499 1504 1509 1514
1499 1494 1489 1484
1500 1505 1510 1515
1500 1495 1490 1485
1501 1506 1511 1516
1501 1496 1491 1486
1502 1507 1512 1517
1502 1497 1492 1487
1503 1508 1513 1518
1503 1498 1493 1488
1504 1509 1514 1519
1504 1499 1494 1489
1505 1510 1515 1520
1505 1500 1495 1490
1506 1511 1516 1521
1506 1501 1496 1491
1507 1512 1517 1522
1507 1502 1497 1492
1508 1513 1518 1523
1508 1503 1498 1493
1509 1514 1519 1524
1509 1504 1499 1494
1510 1515 1520 1525
1510 1505 1500 1495
1511 1516 1521 1526
1511 1506 1501 1496
1512 1517 1522 1527
1512 1507 1502 1497
1513 1518 1523 1528
1513 1508 1503 1498
1514 1519 1524 1529
1514 1509 1504 1499
1515 1520 1525 1530
1515 1510 1505 1500
1516 1521 1526 1531
1516 1511 1506 1501
1517 1522 1527 1532
1517 1512 1507 1502
1518 1523 1528 1533
1518 1513 1508 1503
1519 1524 1529 1534
1519 1514 1509 1504
1520 1525 1530 1535
1520 1515 1510 1505
1521 1526 1531 1536
1521 1516 1511 1506
1522 1527 1532 1537
1522 1517 1512 1507
1523 1528 1533 1538
1523 1518 1513 1508
1524 1529 1534 1539
1524 1519 1514 1509
1525 1530 1535 1540
1525 1520 1515 1510
1526 1531 1536 1541
1526 1521 1516 1511
1527 1532 1537 1542
1527 1522 1517 1512
1528 1533 1538 1543
1528 1523 1518 1513
1529 1534 1539 1544
1529 1524 1519 1514
1530 1535 1540 1545
1530 1525 1520 1515
1531 1536 1541 1546
1531 1526 1521 1516
1532 1537 1542 1547
1532 1527 1522 1517
1533 1538 1543 1548
1533 1528 1523 1518
1534 1539 1544 1549
1534 1529 1524 1519
1535 1540 1545 1550
1535 1530 1525 1520
1536 1541 1546 1551
1536 1531 1526 1521
1537 1542 1547 1552
1537 1532 1527 1522
1538 1543 1548 1553
1538 1533 1528 1523
1539 1544 1549 1554
1539 1534 1529 1524
1540 1545 1550 1555
1540 1535 1530 1525
1541 1546 1551 1556
1541 1536 1531 1526
1542 1547 1552 1557
1542 1537 1532 1527
1543 1548 1553 1558
1543 1538 1533 1528
1544 1549 1554 1559
1544 1539 1534 1529
1545 1550 1555 1560
1545 1540 1535 1530
1546 1551 1556 1561
1546 1541 1536 1531
1547 1552 1557 1562
1547 1542 1537 1532
1548 1553 1558 1563
1548 1543 1538 1533
1549 1554 1559 1564
1549 1544 1539 1534
1550 1555 1560 1565
1550 1545 1540 1535
1551 1556 1561 1566
1551 1546 1541 1536
1552 1557 1562 1567
1552 1547 1542 1537
1553 1558 1563 1568
1553 1548 1543 1538
1554 1559 1564 1569
1554 1549 1544 1539
1555 1560 1565 1570
1555 1550 1545 1540
1556 1561 1566 1571
1556 1551 1546 1541
1557 1562 1567 1572
1557 1552 1547 1542
1558 1563 1568 1573
1558 1553 1548 1543
1559 1564 1569 1574
1559 1554 1549 1544
1560 1565 1570 1575
1560 1555 1550 1545
1561 1566 1571 1576
1561 1556 1551 1546
1562 1567 1572 1577
1562 1557 1552 1547
1563 1568 1573 1578
1563 1558 1553 1548
1564 1569 1574 1579
1564 1559 1554 1549
1565 1570 1575 1580
1565 1560 1555 1550
1566 1571 1576 1582
1566 1561 1556 1551
1567 1572 1577 1583
1567 1562 1557 1552
1568 1573 1578 1584
1568 1563 1558 1553
1569 1574 1579 1585
1569 1564 1559 1554
1570 1575 1580 1581
1570 1565 1560 1555
1571 1576 1582 1587
1571 1566 1561 1556
1572 1577 1583 1588
1572 1567 1562 1557
1573 1578 1584 1589
1573 1568 1563 1558
1574 1579 1585 1590
1574 1569 1564 1559
1575 1580 1581 1586
1575 1570 1565 1560
1576 1582 1587 1592
1576 1571 1566 1561
1577 1583 1588 1593
1577 1572 1567 1562
1578 1584 1589 1594
1578 1573 1568 1563
1579 1585 1590 1595
1579 1574 1569 1564
1580 1581 1586 1591
1580 1575 1570 1565
1581 1586 1591 1596
1581 1580 1575 1570
1582 1587 1592 1597
1582 1576 1571 1566
1583 1588 1593 1598
1583 1577 1572 1567
1584 1589 1594 1599
1584 1578 1573 1568
1585 1590 1595 1600
1585 1579 1574 1569
1586 1591 1596 1601
1586 1581 1580 1575
1587 1592 1597 1602
1587 1582 1576 1571
1588 1593 1598 1603
1588 1583 1577 1572
1589 1594 1599 1604
1589 1584 1578 1573
1590 1595 1600 1605
1590 1585 1579 1574
1591 1596 1601 1606
1591 1586 1581 1580
1592 1597 1602 1607
1592 1587 1582 1576
1593 1598 1603 1608
1593 1588 1583 1577
1594 1599 1604 1609
1594 1589 1584 1578
1595 1600 1605 1610
1595 1590 1585 1579
1596 1601 1606 1611
1596 1591 1586 1581
1597 1602 1607 1612
1597 1592 1587 1582
1598 1603 1608 1613
1598 1593 1588 1583
1599 1604 1609 1614
1599 1594 1589 1584
1600 1605 1610 1615
1600 1595 1590 1585
1601 1606 1611 1616
1601 1596 1591 1586
1602 1607 1612 1617
1602 1597 1592 1587
1603 1608 1613 1618
1603 1598 1593 1588
1604 1609 1614 1619
1604 1599 1594 1589
1605 1610 1615 1620
1605 1600 1595 1590
1606 1611 1616 1621
1606 1601 1596 1591
1607 1612 1617 1622
1607 1602 1597 1592
1608 1613 1618 1623
1608 1603 1598 1593
1609 1614 1619 1624
1609 1604 1599 1594
1610 1615 1620 1625
1610 1605 1600 1595
1611 1616 1621 1626
1611 1606 1601 1596
1612 1617 1622 1627
1612 1607 1602 1597
1613 1618 1623 1628
1613 1608 1603 1598
1614 1619 1624 1629
1614 1609 1604 1599
1615 1620 1625 1630
1615 1610 1605 1600
1616 1621 1626 1631
1616 1611 1606 1601
1617 1622 1627 1632
1617 1612 1607 1602
1618 1623 1628 1633
1618 1613 1608 1603
1619 1624 1629 1634
1619 1614 1609 1604
1620 1625 1630 1635
1620 1615 1610 1605
1621 1626 1631 1636
1621 1626 1651 -1
1621 1616 1611 1606
1622 1627 1632 1637
1622 1617 1612 1607
1623 1628 1633 1638
1623 1618 1613 1608
1624 1629 1634 1639
1624 1619 1614 1609
1625 1630 1635 1640
1625 1620 1615 1610
1626 1631 1636 1641
1626 1631 1651 -1
1626 1621 1616 1611
1627 1632 1637 1642
1627 1622 1617 1612
1628 1633 1638 1643
1628 1623 1618 1613
1629 1634 1639 1644
1629 1624 1619 1614
1630 1635 1640 1645
1630 1625 1620 1615
1631 1636 1641 1646
1631 1626 1621 1616
1632 1637 1642 1647
1632 1627 1622 1617
1633 1638 1643 1648
1633 1628 1623 1618
1634 1639 1644 1649
1634 1629 1624 1619
1635 1640 1645 1650
1635 1630 1625 1620
1636 1641 1646 1652
1636 1631 1626 1621
1637 1642 1647 1653
1637 1632 1627 1622
1638 1643 1648 1654
1638 1633 1628 1623
1639 1644 1649 1655
1639 1634 1629 1624
1640 1645 1650 1656
1640 1635 1630 1625
1641 1646 1652 1658
1641 1636 1631 1626
1642 1647 1653 1659
1642 1637 1632 1627
1643 1648 1654 1660
1643 1638 1633 1628
1644 1649 1655 1661
1644 1639 1634 1629
1645 1650 1656 1662
1645 1640 1635 1630
1646 1652 1658 1664
1646 1641 1636 1631
1647 1653 1659 1665
1647 1642 1637 1632
1648 1654 1660 1666
1648 1643 1638 1633
1649 1655 1661 1667
1649 1644 1639 1634
1650 1656 1662 1668
1650 1645 1640 1635
1651 1657 1675 1681
1651 1626 1621 -1
1652 1658 1664 1670
1652 1646 1641 1636
1653 1659 1665 1671
1653 1647 1642 1637
1654 1660 1666 1672
1654 1648 1643 1638
1655 1661 1667 1673
1655 1649 1644 1639
1656 1662 1668 1674
1656 1650 1645 1640
1657 1663 1669 1675
1658 1664 1670 1676
1658 1652 1646 1641
1659 1665 1671 1677
1659 1653 1647 1642
1660 1666 1672 1678
1660 1654 1648 1643
1661 1667 1673 1679
1661 1655 1649 1644
1662 1668 1674 1680
1662 1656 1650 1645
1663 1669 1675 1681
1664 1670 1676 1682
1664 1658 1652 1646
1665 1671 1677 1683
1665 1659 1653 1647
1666 1672 1678 1684
1666 1660 1654 1648
1667 1673 1679 1685
1667 1661 1655 1649
1668 1674 1680 1686
1668 1662 1656 1650
1669 1675 1681 1687
1669 1663 1657 -1
1670 1676 1682 1688
1670 1664 1658 1652
1671 1677 1683 1689
1671 1665 1659 1653
1672 1678 1684 1690
1672 1666 1660 1654
1673 1679 1685 1691
1673 1667 1661 1655
1674 1680 1686 1692
1674 1668 1662 1656
1675 1681 1687 1693
1675 1669 1663 1657
1675 1669 1651 -1
1676 1682 1688 1694
1676 1670 1664 1658
1677 1683 1689 1695
1677 1671 1665 1659
1678 1684 1690 1696
1678 1672 1666 1660
1679 1685 1691 1697
1679 1673 1667 1661
1680 1686 1692 1699
1680 1674 1668 1662
1681 1687 1693 1700
1681 1675 1669 1663
1681 1675 1651 -1
1682 1688 1694 1701
1682 1676 1670 1664
1683 1689 1695 1703
1683 1677 1671 1665
1684 1690 1696 1704
1684 1678 1672 1666
1685 1691 1697 1705
1685 1679 1673 1667
1686 1692 1699 1698
1686 1680 1674 1668
1687 1693 1700 1707
1687 1681 1675 1669
1687 1681 1675 1651
1688 1694 1701 1702
1688 1682 1676 1670
1689 1695 1703 1709
1689 1683 1677 1671
1690 1696 1704 1710
1690 1684 1678 1672
1691 1697 1705 1711
1691 1685 1679 1673
1692 1699 1698 1706
1692 1686 1680 1674
1693 1700 1707 1714
1693 1687 1681 1675
1694 1701 1702 1708
1694 1688 1682 1676
1695 1703 1709 1716
1695 1689 1683 1677
1696 1704 1710 1717
1696 1690 1684 1678
1697 1705 1711 1712
1697 1691 1685 1679
1698 1706 1713 1719
1698 1699 1692 1686
1699 1698 1706 1713
1699 1692 1686 1680
1700 1707 1714 1720
1700 1693 1687 1681
1701 1702 1708 1715
1701 1694 1688 1682
1702 1708 1715 1721
1702 1701 1694 1688
1703 1709 1716 1722
1703 1695 1689 1683
1704 1710 1717 1723
1704 1696 1690 1684
1705 1711 1712 1718
1705 1697 1691 1685
1706 1713 1719 1725
1706 1698 1699 1692
1707 1714 1720 1726
1707 1700 1693 1687
1708 1715 1721 1727
1708 1702 1701 1694
1709 1716 1722 1729
1709 1703 1695 1689
1710 1717 1723 1730
1710 1704 1696 1690
1711 1712 1718 1724
1711 1705 1697 1691
1712 1718 1724 1731
1712 1711 1705 1697
1713 1719 1725 1732
1713 1706 1698 1699
1714 1720 1726 1733
1714 1707 1700 1693
1715 1721 1727 1728
1715 1708 1702 1701
1716 1722 1729 1735
1716 1709 1703 1695
1717 1723 1730 1736
1717 1710 1704 1696
1718 1724 1731 1737
1718 1712 1711 1705
1719 1725 1732 1738
1719 1713 1706 1698
1720 1726 1733 1739
1720 1714 1707 1700
1721 1727 1728 1734
1721 1715 1708 1702
1722 1729 1735 1741
1722 1716 1709 1703
1723 1730 1736 1742
1723 1717 1710 1704
1724 1731 1737 1743
1724 1718 1712 1711
1725 1732 1738 1744
1725 1719 1713 1706
1726 1733 1739 1745
1726 1720 1714 1707
1727 1728 1734 1740
1727 1721 1715 1708
1728 1734 1740 1746
1728 1727 1721 1715
1729 1735 1741 1747
1729 1722 1716 1709
1730 1736 1742 1748
1730 1723 1717 1710
1731 1737 1743 1749
1731 1724 1718 1712
1732 1738 1744 1750
1732 1725 1719 1713
1733 1739 1745 1751
1733 1726 1720 1714
1734 1740 1746 1752
1734 1728 1727 1721
1735 1741 1747 1753
1735 1729 1722 1716
1736 1742 1748 1754
1736 1730 1723 1717
1737 1743 1749 1755
1737 1731 1724 1718
1738 1744 1750 1756
1738 1732 1725 1719
1739 1745 1751 1757
1739 1733 1726 1720
1740 1746 1752 1758
1740 1734 1728 1727
1741 1747 1753 1759
1741 1735 1729 1722
1742 1748 1754 1760
1742 1736 1730 1723
1743 1749 1755 1761
1743 1737 1731 1724
1744 1750 1756 1762
1744 1738 1732 1725
1745 1751 1757 1763
1745 1739 1733 1726
1746 1752 1758 1764
1746 1740 1734 1728
1747 1753 1759 1765
1747 1741 1735 1729
1748 1754 1760 1766
1748 1742 1736 1730
1749 1755 1761 1767
1749 1743 1737 1731
1750 1756 1762 1768
1750 1744 1738 1732
1751 1757 1763 1769
1751 1745 1739 1733
1752 1758 1764 1770
1752 1746 1740 1734
1753 1759 1765 1771
1753 1747 1741 1735
1754 1760 1766 1772
1754 1748 1742 1736
1755 1761 1767 1773
1755 1749 1743 1737
1756 1762 1768 1774
1756 1750 1744 1738
1757 1763 1769 1775
1757 1751 1745 1739
1758 1764 1770 1776
1758 1752 1746 1740
1759 1765 1771 1778
1759 1753 1747 1741
1760 1766 1772 1779
1760 1754 1748 1742
1761 1767 1773 1780
1761 1755 1749 1743
1762 1768 1774 1781
1762 1756 1750 1744
1763 1769 1775 1782
1763 1757 1751 1745
1764 1770 1776 1777
1764 1758 1752 1746
1765 1771 1778 1784
1765 1759 1753 1747
1766 1772 1779 1785
1766 1760 1754 1748
1767 1773 1780 1787
1767 1761 1755 1749
1768 1774 1781 1788
1768 1762 1756 1750
1769 1775 1782 1789
1769 1763 1757 1751
1770 1776 1777 1783
1770 1764 1758 1752
1771 1778 1784 1791
1771 1765 1759 1753
1772 1779 1785 1786
1772 1766 1760 1754
1773 1780 1787 1793
1773 1767 1761 1755
1774 1781 1788 1794
1774 1768 1762 1756
1775 1782 1789 1795
1775 1769 1763 1757
1776 1777 1783 1790
1776 1770 1764 1758
1777 1783 1790 1796
1777 1776 1770 1764
1778 1784 1791 1797
1778 1771 1765 1759
1779 1785 1786 1792
1779 1772 1766 1760
1780 1787 1793 1799
1780 1773 1767 1761
1781 1788 1794 1801
1781 1774 1768 1762
1782 1789 1795 1802
1782 1775 1769 1763
1783 1790 1796 1803
1783 1777 1776 1770
1784 1791 1797 1805
1784 1778 1771 1765
1785 1786 1792 1798
1785 1779 1772 1766
1786 1792 1798 1806
1786 1785 1779 1772
1787 1793 1799 1807
1787 1780 1773 1767
1788 1794 1801 1800
1788 1781 1774 1768
1789 1795 1802 1809
1789 1782 1775 1769
1790 1796 1803 1804
1790 1783 1777 1776
1791 1797 1805 1811
1791 1784 1778 1771
1792 1798 1806 1812
1792 1786 1785 1779
1793 1799 1807 1813
1793 1787 1780 1773
1794 1801 1800 1808
1794 1788 1781 1774
1795 1802 1809 1815
1795 1789 1782 1775
1796 1803 1804 1810
1796 1790 1783 1777
1797 1805 1811 1817
1797 1791 1784 1778
1798 1806 1812 1818
1798 1792 1786 1785
1799 1807 1813 1819
1799 1793 1787 1780
1800 1808 1814 1820
1800 1801 1794 1788
1801 1800 1808 1814
1801 1794 1788 1781
1802 1809 1815 1821
1802 1795 1789 1782
1803 1804 1810 1816
1803 1796 1790 1783
1804 1810 1816 1822
1804 1803 1796 1790
1805 1811 1817 1823
1805 1797 1791 1784
1806 1812 1818 1824
1806 1798 1792 1786
1807 1813 1819 1825
1807 1799 1793 1787
1808 1814 1820 1826
1808 1800 1801 1794
1809 1815 1821 1827
1809 1802 1795 1789
1810 1816 1822 1828
1810 1804 1803 1796
1811 1817 1823 1829
1811 1805 1797 1791
1812 1818 1824 1830
1812 1806 1798 1792
1813 1819 1825 1831
1813 1807 1799 1793
1814 1820 1826 1832
1814 1808 1800 1801
1815 1821 1827 1833
1815 1809 1802 1795
1816 1822 1828 1834
1816 1810 1804 1803
1817 1823 1829 1835
1817 1811 1805 1797
1818 1824 1830 1836
1818 1812 1806 1798
1819 1825 1831 1837
1819 1813 1807 1799
1820 1826 1832 1838
1820 1814 1808 1800
1821 1827 1833 1839
1821 1815 1809 1802
1822 1828 1834 1840
1822 1816 1810 1804
1823 1829 1835 1841
1823 1817 1811 1805
1824 1830 1836 1842
1824 1818 1812 1806
1825 1831 1837 1843
1825 1819 1813 1807
1826 1832 1838 1845
1826 1820 1814 1808
1827 1833 1839 1846
1827 1821 1815 1809
1828 1834 1840 1847
1828 1822 1816 1810
1829 1835 1841 1848
1829 1823 1817 1811
1830 1836 1842 1849
1830 1824 1818 1812
1831 1837 1843 1850
1831 1825 1819 1813
1832 1838 1845 1844
1832 1826 1820 1814
1833 1839 1846 1852
1833 1827 1821 1815
1834 1840 1847 1853
1834 1828 1822 1816
1835 1841 1848 1854
1835 1829 1823 1817
1836 1842 1849 1855
1836 1830 1824 1818
1837 1843 1850 1856
1837 1831 1825 1819
1838 1845 1844 1851
1838 1832 1826 1820
1839 1846 1852 1858
1839 1833 1827 1821
1840 1847 1853 1859
1840 1834 1828 1822
1841 1848 1854 1860
1841 1835 1829 1823
1842 1849 1855 1861
1842 1836 1830 1824
1843 1850 1856 1862
1843 1837 1831 1825
1844 1851 1857 1863
1844 1845 1838 1832
1845 1844 1851 1857
1845 1838 1832 1826
1846 1852 1858 1864
1846 1839 1833 1827
1847 1853 1859 1865
1847 1840 1834 1828
1848 1854 1860 1866
1848 1841 1835 1829
1849 1855 1861 1867
1849 1842 1836 1830
1850 1856 1862 1868
1850 1843 1837 1831
1851 1857 1863 1870
1851 1844 1845 1838
1852 1858 1864 1871
1852 1846 1839 1833
1853 1859 1865 1872
1853 1847 1840 1834
1854 1860 1866 1873
1854 1848 1841 1835
1855 1861 1867 1874
1855 1849 1842 1836
1856 1862 1868 1875
1856 1850 1843 1837
1857 1863 1870 1869
1857 1851 1844 1845
1858 1864 1871 1877
1858 1852 1846 1839
1859 1865 1872 1878
1859 1853 1847 1840
1860 1866 1873 1879
1860 1854 1848 1841
1861 1867 1874 1880
1861 1855 1849 1842
1862 1868 1875 1881
1862 1856 1850 1843
1863 1870 1869 1876
1863 1857 1851 1844
1864 1871 1877 1883
1864 1858 1852 1846
1865 1872 1878 1884
1865 1859 1853 1847
1866 1873 1879 1885
1866 1860 1854 1848
1867 1874 1880 1886
1867 1861 1855 1849
1868 1875 1881 1887
1868 1862 1856 1850
1869 1876 1882 1888
1869 1870 1863 1857
1870 1869 1876 1882
1870 1863 1857 1851
1871 1877 1883 1889
1871 1864 1858 1852
1872 1878 1884 1890
1872 1865 1859 1853
1873 1879 1885 1891
1873 1866 1860 1854
1874 1880 1886 1892
1874 1867 1861 1855
1875 1881 1887 1893
1875 1868 1862 1856
1876 1882 1888 1894
1876 1869 1870 1863
1877 1883 1889 1895
1877 1871 1864 1858
1878 1884 1890 1896
1878 1872 1865 1859
1879 1885 1891 1897
1879 1873 1866 1860
1880 1886 1892 1898
1880 1874 1867 1861
1881 1887 1893 1899
1881 1875 1868 1862
1882 1888 1894 1901
1882 1876 1869 1870
1883 1889 1895 1902
1883 1877 1871 1864
1884 1890 1896 1903
1884 1878 1872 1865
1885 1891 1897 1904
1885 1879 1873 1866
1886 1892 1898 1905
1886 1880 1874 1867
1887 1893 1899 1900
1887 1881 1875 1868
1888 1894 1901 1907
1888 1882 1876 1869
1889 1895 1902 1908
1889 1883 1877 1871
1890 1896 1903 1909
1890 1884 1878 1872
1891 1897 1904 1910
1891 1885 1879 1873
1892 1898 1905 1911
1892 1886 1880 1874
1893 1899 1900 1906
1893 1887 1881 1875
1894 1901 1907 1913
1894 1888 1882 1876
1895 1902 1908 1914
1895 1889 1883 1877
1896 1903 1909 1915
1896 1890 1884 1878
1897 1904 1910 1916
1897 1891 1885 1879
1898 1905 1911 1917
1898 1892 1886 1880
1899 1900 1906 1912
1899 1893 1887 1881
1900 1906 1912 1918
1900 1899 1893 1887
1901 1907 1913 1920
1901 1894 1888 1882
1902 1908 1914 1921
1902 1895 1889 1883
1903 1909 1915 1922
1903 1896 1890 1884
1904 1910 1916 1923
1904 1897 1891 1885
1905 1911 1917 1924
1905 1898 1892 1886
1906 1912 1918 1919
1906 1900 1899 1893
1907 1913 1920 1926
1907 1901 1894 1888
1908 1914 1921 1927
1908 1902 1895 1889
1909 1915 1922 1928
1909 1903 1896 1890
1910 1916 1923 1929
1910 1904 1897 1891
1911 1917 1924 1930
1911 1905 1898 1892
1912 1918 1919 1925
1912 1906 1900 1899
1913 1920 1926 1932
1913 1907 1901 1894
1914 1921 1927 1933
1914 1908 1902 1895
1915 1922 1928 1934
1915 1909 1903 1896
1916 1923 1929 1936
1916 1910 1904 1897
1917 1924 1930 1937
1917 1911 1905 1898
1918 1919 1925 1931
1918 1912 1906 1900
1919 1925 1931 1938
1919 1918 1912 1906
1920 1926 1932 1939
1920 1913 1907 1901
1921 1927 1933 1940
1921 1914 1908 1902
1922 1928 1934 1935
1922 1915 1909 1903
1923 1929 1936 1942
1923 1916 1910 1904
1924 1930 1937 1943
1924 1917 1911 1905
1925 1931 1938 1944
1925 1919 1918 1912
1926 1932 1939 1946
1926 1920 1913 1907
1927 1933 1940 1947
1927 1921 1914 1908
1928 1934 1935 1941
1928 1922 1915 1909
1929 1936 1942 1949
1929 1923 1916 1910
1930 1937 1943 1950
1930 1924 1917 1911
1931 1938 1944 1951
1931 1925 1919 1918
1932 1939 1946 1945
1932 1926 1920 1913
1933 1940 1947 1954
1933 1927 1921 1914
1934 1935 1941 1948
1934 1928 1922 1915
1935 1941 1948 1955
1935 1934 1928 1922
1936 1942 1949 1957
1936 1929 1923 1916
1937 1943 1950 1958
1937 1930 1924 1917
1938 1944 1951 1952
1938 1931 1925 1919
1939 1946 1945 1953
1939 1932 1926 1920
1940 1947 1954 1963
1940 1933 1927 1921
1941 1948 1955 1956
1941 1935 1934 1928
1942 1949 1957 1965
1942 1936 1929 1923
1943 1950 1958 1966
1943 1937 1930 1924
1944 1951 1952 1959
1944 1938 1931 1925
1945 1953 1962 1961
1945 1946 1939 1932
1946 1945 1953 1962
1946 1939 1932 1926
1947 1954 1963 1971
1947 1940 1933 1927
1948 1955 1956 1964
1948 1941 1935 1934
1949 1957 1965 1973
1949 1942 1936 1929
1950 1958 1966 1974
1950 1943 1937 1930
1951 1952 1959 1960
1951 1944 1938 1931
1952 1959 1960 1967
1952 1951 1944 1938
1953 1962 1961 1970
1953 1945 1946 1939
1954 1963 1971 1975
1954 1947 1940 1933
1955 1956 1964 1972
1955 1948 1941 1935
1956 1964 1972 1976
1956 1955 1948 1941
1957 1965 1973 1977
1957 1949 1942 1936
1958 1966 1974 1978
1958 1950 1943 1937
1959 1960 1967 1968
1959 1952 1951 1944
1960 1967 1968 1969
1960 1959 1952 1951
1961 1970 1969 1968
1961 1962 1953 1945
1962 1961 1970 1969
1962 1953 1945 1946
1963 1971 1975 1979
1963 1954 1947 1940
1964 1972 1976 1980
1964 1956 1955 1948
1965 1973 1977 1981
1965 1957 1949 1942
1966 1974 1978 1982
1966 1958 1950 1943
1967 1968 1969 1970
1967 1960 1959 1952
1968 1969 1970 1961
1968 1967 1960 1959
1969 1968 1967 1960
1969 1970 1961 1962
1970 1969 1968 1967
1970 1961 1962 1953
1971 1975 1979 1983
1971 1963 1954 1947
1972 1976 1980 1984
1972 1964 1956 1955
1973 1977 1981 1985
1973 1965 1957 1949
1974 1978 1982 1986
1974 1966 1958 1950
1975 1979 1983 1987
1975 1971 1963 1954
1976 1980 1984 1988
1976 1972 1964 1956
1977 1981 1985 1989
1977 1973 1965 1957
1978 1982 1986 1990
1978 1974 1966 1958
1979 1983 1987 1991
1979 1975 1971 1963
1980 1984 1988 1992
1980 1976 1972 1964
1981 1985 1989 1993
1981 1977 1973 1965
1982 1986 1990 1994
1982 1978 1974 1966
1983 1987 1991 1995
1983 1979 1975 1971
1984 1988 1992 1996
1984 1980 1976 1972
1985 1989 1993 1998
1985 1981 1977 1973
1986 1990 1994 1999
1986 1982 1978 1974
1987 1991 1995 2000
1987 1983 1979 1975
1988 1992 1996 1997
1988 1984 1980 1976
1989 1993 1998 2002
1989 1985 1981 1977
1990 1994 1999 2003
1990 1986 1982 1978
1991 1995 2000 2004
1991 1987 1983 1979
1992 1996 1997 2001
1992 1988 1984 1980
1993 1998 2002 2006
1993 1989 1985 1981
1994 1999 2003 2007
1994 1990 1986 1982
1995 2000 2004 2008
1995 1991 1987 1983
1996 1997 2001 2005
1996 1992 1988 1984
1997 2001 2005 2009
1997 1996 1992 1988
1998 2002 2006 2010
1998 1993 1989 1985
1999 2003 2007 2011
1999 1994 1990 1986
2000 2004 2008 2012
2000 1995 1991 1987
2001 2005 2009 2013
2001 1997 1996 1992
2002 2006 2010 2014
2002 1998 1993 1989
2003 2007 2011 2015
2003 1999 1994 1990
2004 2008 2012 2016
2004 2000 1995 1991
2005 2009 2013 2017
2005 2001 1997 1996
2006 2010 2014 2018
2006 2002 1998 1993
2007 2011 2015 2019
2007 2003 1999 1994
2008 2012 2016 2020
2008 2004 2000 1995
2009 2013 2017 2021
2009 2005 2001 1997
2010 2014 2018 2022
2010 2006 2002 1998
2011 2015 2019 2023
2011 2007 2003 1999
2012 2016 2020 2024
2012 2008 2004 2000
2013 2017 2021 2025
2013 2009 2005 2001
2014 2018 2022 2027
2014 2010 2006 2002
2015 2019 2023 2028
2015 2011 2007 2003
2016 2020 2024 2029
2016 2012 2008 2004
2017 2021 2025 2026
2017 2013 2009 2005
2018 2022 2027 2031
2018 2014 2010 2006
2019 2023 2028 2032
2019 2015 2011 2007
2020 2024 2029 2033
2020 2016 2012 2008
2021 2025 2026 2030
2021 2017 2013 2009
2022 2027 2031 2035
2022 2018 2014 2010
2023 2028 2032 2036
2023 2019 2015 2011
2024 2029 2033 2037
2024 2020 2016 2012
2025 2026 2030 2034
2025 2021 2017 2013
2026 2030 2034 2038
2026 2025 2021 2017
2027 2031 2035 2039
2027 2022 2018 2014
2028 2032 2036 2040
2028 2023 2019 2015
2029 2033 2037 2041
2029 2024 2020 2016
2030 2034 2038 2042
2030 2026 2025 2021
2031 2035 2039 2043
2031 2027 2022 2018
2032 2036 2040 2044
2032 2028 2023 2019
2033 2037 2041 2045
2033 2029 2024 2020
2034 2038 2042 2046
2034 2030 2026 2025
2035 2039 2043 2048
2035 2031 2027 2022
2036 2040 2044 2049
2036 2032 2028 2023
2037 2041 2045 2050
2037 2033 2029 2024
2038 2042 2046 2047
2038 2034 2030 2026
2039 2043 2048 2052
2039 2035 2031 2027
2040 2044 2049 2053
2040 2036 2032 2028
2041 2045 2050 2054
2041 2037 2033 2029
2042 2046 2047 2051
2042 2038 2034 2030
2043 2048 2052 2057
2043 2039 2035 2031
2044 2049 2053 2058
2044 2040 2036 2032
2045 2050 2054 2059
2045 2041 2037 2033
2046 2047 2051 2055
2046 2042 2038 2034
2047 2051 2055 2056
2047 2046 2042 2038
2048 2052 2057 2061
2048 2043 2039 2035
2049 2053 2058 2062
2049 2044 2040 2036
2050 2054 2059 2063
2050 2045 2041 2037
2051 2055 2056 2060
2051 2047 2046 2042
2052 2057 2061 2065
2052 2048 2043 2039
2053 2058 2062 2066
2053 2049 2044 2040
2054 2059 2063 2068
2054 2050 2045 2041
2055 2056 2060 2064
2055 2051 2047 2046
2056 2060 2064 2069
2056 2055 2051 2047
2057 2061 2065 2070
2057 2052 2048 2043
2058 2062 2066 2067
2058 2053 2049 2044
2059 2063 2068 2072
2059 2054 2050 2045
2060 2064 2069 2073
2060 2056 2055 2051
2061 2065 2070 2074
2061 2057 2052 2048
2062 2066 2067 2071
2062 2058 2053 2049
2063 2068 2072 2076
2063 2059 2054 2050
2064 2069 2073 2077
2064 2060 2056 2055
2065 2070 2074 2078
2065 2061 2057 2052
2066 2067 2071 2075
2066 2062 2058 2053
2067 2071 2075 2079
2067 2066 2062 2058
2068 2072 2076 2080
2068 2063 2059 2054
2069 2073 2077 2081
2069 2064 2060 2056
2070 2074 2078 2082
2070 2065 2061 2057
2071 2075 2079 2083
2071 2067 2066 2062
2072 2076 2080 2084
2072 2068 2063 2059
2073 2077 2081 2085
2073 2069 2064 2060
2074 2078 2082 2087
2074 2070 2065 2061
2075 2079 2083 2088
2075 2071 2067 2066
2076 2080 2084 2089
2076 2072 2068 2063
2077 2081 2085 2086
2077 2073 2069 2064
2078 2082 2087 2091
2078 2074 2070 2065
2079 2083 2088 2092
2079 2075 2071 2067
2080 2084 2089 2093
2080 2076 2072 2068
2081 2085 2086 2090
2081 2077 2073 2069
2082 2087 2091 2096
2082 2078 2074 2070
2083 2088 2092 2097
2083 2079 2075 2071
2084 2089 2093 2098
2084 2080 2076 2072
2085 2086 2090 2094
2085 2081 2077 2073
2086 2090 2094 2095
2086 2085 2081 2077
2087 2091 2096 2100
2087 2082 2078 2074
2088 2092 2097 2101
2088 2083 2079 2075
2089 2093 2098 2102
2089 2084 2080 2076
2090 2094 2095 2099
2090 2086 2085 2081
2091 2096 2100 2105
2091 2087 2082 2078
2092 2097 2101 2106
2092 2088 2083 2079
2093 2098 2102 2107
2093 2089 2084 2080
2094 2095 2099 2103
2094 2090 2086 2085
2095 2099 2103 2104
2095 2094 2090 2086
2096 2100 2105 2109
2096 2091 2087 2082
2097 2101 2106 2110
2097 2092 2088 2083
2098 2102 2107 2111
2098 2093 2089 2084
2099 2103 2104 2108
2099 2095 2094 2090
2100 2105 2109 2114
2100 2096 2091 2087
2101 2106 2110 2115
2101 2097 2092 2088
2102 2107 2111 2116
2102 2098 2093 2089
2103 2104 2108 2112
2103 2099 2095 2094
2104 2108 2112 2117
2104 2103 2099 2095
2105 2109 2114 2113
2105 2100 2096 2091
2106 2110 2115 2119
2106 2101 2097 2092
2107 2111 2116 2120
2107 2102 2098 2093
2108 2112 2117 2121
2108 2104 2103 2099
2109 2114 2113 2118
2109 2105 2100 2096
2110 2115 2119 2123
2110 2106 2101 2097
2111 2116 2120 2124
2111 2107 2102 2098
2112 2117 2121 2125
2112 2108 2104 2103
2113 2118 2122 2126
2113 2114 2109 2105
2114 2113 2118 2122
2114 2109 2105 2100
2115 2119 2123 2127
2115 2110 2106 2101
2116 2120 2124 2128
2116 2111 2107 2102
2117 2121 2125 2129
2117 2112 2108 2104
2118 2122 2126 2131
2118 2113 2114 2109
2119 2123 2127 2132
2119 2115 2110 2106
2120 2124 2128 2133
2120 2116 2111 2107
2121 2125 2129 2135
2121 2117 2112 2108
2122 2126 2131 2130
2122 2118 2113 2114
2123 2127 2132 2137
2123 2119 2115 2110
2124 2128 2133 2138
2124 2120 2116 2111
2125 2129 2135 2134
2125 2121 2117 2112
2126 2131 2130 2136
2126 2122 2118 2113
2127 2132 2137 2144
2127 2123 2119 2115
2128 2133 2138 2145
2128 2124 2120 2116
2129 2135 2134 2141
2129 2125 2121 2117
2130 2136 2143 2142
2130 2131 2126 2122
2131 2130 2136 2143
2131 2126 2122 2118
2132 2137 2144 2149
2132 2127 2123 2119
2133 2138 2145 2150
2133 2128 2124 2120
2134 2141 2140 2139
2134 2135 2129 2125
2135 2134 2141 2140
2135 2129 2125 2121
2136 2143 2142 2148
2136 2130 2131 2126
2137 2144 2149 2156
2137 2132 2127 2123
2138 2145 2150 2157
2138 2133 2128 2124
2139 2147 2146 2153
2139 2140 2141 2134
2140 2139 2147 2146
2140 2141 2134 2135
2141 2140 2139 2147
2141 2134 2135 2129
2142 2148 2155 2154
2142 2143 2136 2130
2143 2142 2148 2155
2143 2136 2130 2131
2144 2149 2156 2161
2144 2137 2132 2127
2145 2150 2157 2162
2145 2138 2133 2128
2146 2153 2152 2151
2146 2147 2139 2140
2147 2146 2153 2152
2147 2139 2140 2141
2148 2155 2154 2160
2148 2142 2143 2136
2149 2156 2161 2167
2149 2144 2137 2132
2150 2157 2162 2168
2150 2145 2138 2133
2151 2159 2158 2165
2151 2152 2153 2146
2152 2151 2159 2158
2152 2153 2146 2147
2153 2152 2151 2159
2153 2146 2147 2139
2154 2160 2166 2171
2154 2155 2148 2142
2155 2154 2160 2166
2155 2148 2142 2143
2156 2161 2167 2172
2156 2149 2144 2137
2157 2162 2168 2173
2157 2150 2145 2138
2158 2165 2164 2163
2158 2159 2151 2152
2159 2158 2165 2164
2159 2151 2152 2153
2160 2166 2171 2176
2160 2154 2155 2148
2161 2167 2172 2177
2161 2156 2149 2144
2162 2168 2173 2178
2162 2157 2150 2145
2163 2170 2169 2175
2163 2164 2165 2158
2164 2163 2170 2169
2164 2165 2158 2159
2165 2164 2163 2170
2165 2158 2159 2151
2166 2171 2176 2181
2166 2160 2154 2155
2167 2172 2177 2182
2167 2161 2156 2149
2168 2173 2178 2183
2168 2162 2157 2150
2169 2175 2174 2180
2169 2170 2163 2164
2170 2169 2175 2174
2170 2163 2164 2165
2171 2176 2181 2187
2171 2166 2160 2154
2172 2177 2182 2188
2172 2167 2161 2156
2173 2178 2183 2189
2173 2168 2162 2157
2174 2180 2179 2186
2174 2175 2169 2170
2175 2174 2180 2179
2175 2169 2170 2163
2176 2181 2187 2192
2176 2171 2166 2160
2177 2182 2188 2193
2177 2172 2167 2161
2178 2183 2189 2194
2178 2173 2168 2162
2179 2186 2185 2184
2179 2180 2174 2175
2180 2179 2186 2185
2180 2174 2175 2169
2181 2187 2192 2197
2181 2176 2171 2166
2182 2188 2193 2198
2182 2177 2172 2167
2183 2189 2194 2199
2183 2178 2173 2168
2184 2191 2190 2196
2184 2185 2186 2179
2185 2184 2191 2190
2185 2186 2179 2180
2186 2185 2184 2191
2186 2179 2180 2174
2187 2192 2197 2202
2187 2181 2176 2171
2188 2193 2198 2203
2188 2182 2177 2172
2189 2194 2199 2204
2189 2183 2178 2173
2190 2196 2195 2201
2190 2191 2184 2185
2191 2190 2196 2195
2191 2184 2185 2186
2192 2197 2202 2207
2192 2187 2181 2176
2193 2198 2203 2208
2193 2188 2182 2177
2194 2199 2204 2209
2194 2189 2183 2178
2195 2201 2200 2206
2195 2196 2190 2191
2196 2195 2201 2200
2196 2190 2191 2184
2197 2202 2207 2212
2197 2192 2187 2181
2198 2203 2208 2213
2198 2193 2188 2182
2199 2204 2209 2214
2199 2194 2189 2183
2200 2206 2205 2211
2200 2201 2195 2196
2201 2200 2206 2205
2201 2195 2196 2190
2202 2207 2212 2217
2202 2197 2192 2187
2203 2208 2213 2218
2203 2198 2193 2188
2204 2209 2214 2220
2204 2199 2194 2189
2205 2211 2210 2216
2205 2206 2200 2201
2206 2205 2211 2210
2206 2200 2201 2195
2207 2212 2217 2224
2207 2202 2197 2192
2208 2213 2218 2219
2208 2203 2198 2193
2209 2214 2220 2226
2209 2204 2199 2194
2210 2216 2215 2222
2210 2211 2205 2206
2211 2210 2216 2215
2211 2205 2206 2200
2212 2217 2224 2223
2212 2207 2202 2197
2213 2218 2219 2225
2213 2208 2203 2198
2214 2220 2226 2231
2214 2209 2204 2199
2215 2222 2221 2228
2215 2216 2210 2211
2216 2215 2222 2221
2216 2210 2211 2205
2217 2224 2223 2229
2217 2212 2207 2202
2218 2219 2225 2230
2218 2213 2208 2203
2219 2225 2230 2236
2219 2218 2213 2208
2220 2226 2231 2237
2220 2214 2209 2204
2221 2228 2227 2233
2221 2222 2215 2216
2222 2221 2228 2227
2222 2215 2216 2210
2223 2229 2235 2234
2223 2224 2217 2212
2224 2223 2229 2235
2224 2217 2212 2207
2225 2230 2236 2241
2225 2219 2218 2213
2226 2231 2237 2242
2226 2220 2214 2209
2227 2233 2232 2239
2227 2228 2221 2222
2228 2227 2233 2232
2228 2221 2222 2215
2229 2235 2234 2240
2229 2223 2224 2217
2230 2236 2241 2247
2230 2225 2219 2218
2231 2237 2242 2248
2231 2226 2220 2214
2232 2239 2238 2244
2232 2233 2227 2228
2233 2232 2239 2238
2233 2227 2228 2221
2234 2240 2246 2245
2234 2235 2229 2223
2235 2234 2240 2246
2235 2229 2223 2224
2236 2241 2247 2252
2236 2230 2225 2219
2237 2242 2248 2253
2237 2231 2226 2220
2238 2244 2243 2250
2238 2239 2232 2233
2239 2238 2244 2243
2239 2232 2233 2227
2240 2246 2245 2251
2240 2234 2235 2229
2241 2247 2252 2258
2241 2236 2230 2225
2242 2248 2253 2259
2242 2237 2231 2226
2243 2250 2249 2255
2243 2244 2238 2239
2244 2243 2250 2249
2244 2238 2239 2232
2245 2251 2257 2256
2245 2246 2240 2234
2246 2245 2251 2257
2246 2240 2234 2235
2247 2252 2258 2263
2247 2241 2236 2230
2248 2253 2259 2264
2248 2242 2237 2231
2249 2255 2254 2261
2249 2250 2243 2244
2250 2249 2255 2254
2250 2243 2244 2238
2251 2257 2256 2262
2251 2245 2246 2240
2252 2258 2263 2269
2252 2247 2241 2236
2253 2259 2264 2270
2253 2248 2242 2237
2254 2261 2260 2266
2254 2255 2249 2250
2255 2254 2261 2260
2255 2249 2250 2243
2256 2262 2268 2267
2256 2257 2251 2245
2257 2256 2262 2268
2257 2251 2245 2246
2258 2263 2269 2274
2258 2252 2247 2241
2259 2264 2270 2275
2259 2253 2248 2242
2260 2266 2265 2272
2260 2261 2254 2255
2261 2260 2266 2265
2261 2254 2255 2249
2262 2268 2267 2273
2262 2256 2257 2251
2263 2269 2274 2280
2263 2258 2252 2247
2264 2270 2275 2281
2264 2259 2253 2248
2265 2272 2271 2277
2265 2266 2260 2261
2266 2265 2272 2271
2266 2260 2261 2254
2267 2273 2279 2278
2267 2268 2262 2256
2268 2267 2273 2279
2268 2262 2256 2257
2269 2274 2280 2285
2269 2263 2258 2252
2270 2275 2281 2286
2270 2264 2259 2253
2271 2277 2276 2283
2271 2272 2265 2266
2272 2271 2277 2276
2272 2265 2266 2260
2273 2279 2278 2284
2273 2267 2268 2262
2274 2280 2285 2291
2274 2269 2263 2258
2275 2281 2286 -1
2275 2270 2264 2259
2276 2283 2282 2288
2276 2277 2271 2272
2277 2276 2283 2282
2277 2271 2272 2265
2278 2284 2290 2289
2278 2279 2273 2267
2279 2278 2284 2290
2279 2273 2267 2268
2280 2285 2291 2295
2280 2274 2269 2263
2281 2275 2270 2264
2282 2288 2287 2293
2282 2283 2276 2277
2283 2282 2288 2287
2283 2276 2277 2271
2284 2290 2289 2294
2284 2278 2279 2273
2285 2291 2295 2299
2285 2280 2274 2269
2286 2281 2275 2270
2287 2293 2292 2297
2287 2288 2282 2283
2288 2287 2293 2292
2288 2282 2283 2276
2289 2294 2298 2302
2289 2290 2284 2278
2290 2289 2294 2298
2290 2284 2278 2279
2291 2295 2299 2303
2291 2285 2280 2274
2292 2297 2296 2301
2292 2293 2287 2288
2293 2292 2297 2296
2293 2287 2288 2282
2294 2298 2302 2306
2294 2289 2290 2284
2295 2299 2303 2307
2295 2291 2285 2280
2296 2301 2300 2305
2296 2297 2292 2293
2297 2296 2301 2300
2297 2292 2293 2287
2298 2302 2306 2310
2298 2294 2289 2290
2299 2303 2307 2311
2299 2295 2291 2285
2300 2305 2304 2309
2300 2301 2296 2297
2301 2300 2305 2304
2301 2296 2297 2292
2302 2306 2310 2313
2302 2298 2294 2289
2303 2307 2311 2314
2303 2299 2295 2291
2304 2309 2308 2312
2304 2305 2300 2301
2305 2304 2309 2308
2305 2300 2301 2296
2306 2310 2313 2316
2306 2302 2298 2294
2307 2311 2314 2317
2307 2303 2299 2295
2308 2312 2315 2319
2308 2309 2304 2305
2309 2308 2312 2315
2309 2304 2305 2300
2310 2313 2316 2320
2310 2306 2302 2298
2311 2314 2317 2321
2311 2307 2303 2299
2312 2315 2319 2318
2312 2308 2309 2304
2313 2316 2320 2324
2313 2310 2306 2302
2314 2317 2321 2325
2314 2311 2307 2303
2315 2319 2318 2323
2315 2312 2308 2309
2316 2320 2324 2327
2316 2313 2310 2306
2317 2321 2325 2328
2317 2314 2311 2307
2318 2323 2322 2326
2318 2319 2315 2312
2319 2318 2323 2322
2319 2315 2312 2308
2320 2324 2327 2330
2320 2316 2313 2310
2321 2325 2328 2331
2321 2317 2314 2311
2322 2326 2329 2332
2322 2323 2318 2319
2323 2322 2326 2329
2323 2318 2319 2315
2324 2327 2330 2333
2324 2320 2316 2313
2325 2328 2331 2334
2325 2321 2317 2314
2326 2329 2332 2336
2326 2322 2323 2318
2327 2330 2333 2337
2327 2324 2320 2316
2328 2331 2334 2335
2328 2325 2321 2317
2329 2332 2336 2339
2329 2326 2322 2323
2330 2333 2337 2340
2330 2327 2324 2320
2331 2334 2335 2338
2331 2328 2325 2321
2332 2336 2339 2342
2332 2329 2326 2322
2333 2337 2340 2344
2333 2330 2327 2324
2334 2335 2338 2341
2334 2331 2328 2325
2335 2338 2341 2345
2335 2334 2331 2328
2336 2339 2342 2346
2336 2332 2329 2326
2337 2340 2344 2343
2337 2333 2330 2327
2338 2341 2345 2348
2338 2335 2334 2331
2339 2342 2346 2350
2339 2336 2332 2329
2340 2344 2343 2347
2340 2337 2333 2330
2341 2345 2348 2353
2341 2338 2335 2334
2342 2346 2350 2349
2342 2339 2336 2332
2343 2347 2352 2351
2343 2344 2340 2337
2344 2343 2347 2352
2344 2340 2337 2333
2345 2348 2353 2356
2345 2341 2338 2335
2346 2350 2349 2354
2346 2342 2339 2336
2347 2352 2351 2355
2347 2343 2344 2340
2348 2353 2356 2360
2348 2345 2341 2338
2349 2354 2357 2362
2349 2350 2346 2342
2350 2349 2354 2357
2350 2346 2342 2339
2351 2355 2359 2358
2351 2352 2347 2343
2352 2351 2355 2359
2352 2347 2343 2344
2353 2356 2360 2361
2353 2348 2345 2341
2354 2357 2362 2365
2354 2349 2350 2346
2355 2359 2358 2363
2355 2351 2352 2347
2356 2360 2361 2364
2356 2353 2348 2345
2357 2362 2365 2369
2357 2354 2349 2350
2358 2363 2367 2366
2358 2359 2355 2351
2359 2358 2363 2367
2359 2355 2351 2352
2360 2361 2364 2368
2360 2356 2353 2348
2361 2364 2368 2371
2361 2360 2356 2353
2362 2365 2369 2373
2362 2357 2354 2349
2363 2367 2366 2370
2363 2358 2359 2355
2364 2368 2371 2376
2364 2361 2360 2356
2365 2369 2373 2372
2365 2362 2357 2354
2366 2370 2375 2374
2366 2367 2363 2358
2367 2366 2370 2375
2367 2363 2358 2359
2368 2371 2376 2379
2368 2364 2361 2360
2369 2373 2372 2377
2369 2365 2362 2357
2370 2375 2374 2378
2370 2366 2367 2363
2371 2376 2379 2383
2371 2368 2364 2361
2372 2377 2380 2384
2372 2373 2369 2365
2373 2372 2377 2380
2373 2369 2365 2362
2374 2378 2382 2381
2374 2375 2370 2366
2375 2374 2378 2382
2375 2370 2366 2367
2376 2379 2383 2386
2376 2371 2368 2364
2377 2380 2384 2387
2377 2372 2373 2369
2378 2382 2381 2385
2378 2374 2375 2370
2379 2383 2386 2390
2379 2376 2371 2368
2380 2384 2387 2391
2380 2377 2372 2373
2381 2385 2389 2388
2381 2382 2378 2374
2382 2381 2385 2389
2382 2378 2374 2375
2383 2386 2390 2393
2383 2379 2376 2371
2384 2387 2391 2394
2384 2380 2377 2372
2385 2389 2388 2392
2385 2381 2382 2378
2386 2390 2393 2397
2386 2383 2379 2376
2387 2391 2394 2398
2387 2384 2380 2377
2388 2392 2396 2395
2388 2389 2385 2381
2389 2388 2392 2396
2389 2385 2381 2382
2390 2393 2397 2400
2390 2386 2383 2379
2391 2394 2398 2402
2391 2387 2384 2380
2392 2396 2395 2399
2392 2388 2389 2385
2393 2397 2400 2401
2393 2390 2386 2383
2394 2398 2402 2405
2394 2391 2387 2384
2395 2399 2403 2406
2395 2396 2392 2388
2396 2395 2399 2403
2396 2392 2388 2389
2397 2400 2401 2404
2397 2393 2390 2386
2398 2402 2405 2408
2398 2394 2391 2387
2399 2403 2406 2409
2399 2395 2396 2392
2400 2401 2404 2407
2400 2397 2393 2390
2401 2404 2407 2410
2401 2400 2397 2393
2402 2405 2408 2412
2402 2398 2394 2391
2403 2406 2409 2413
2403 2399 2395 2396
2404 2407 2410 2411
2404 2401 2400 2397
2405 2408 2412 2416
2405 2402 2398 2394
2406 2409 2413 2417
2406 2403 2399 2395
2407 2410 2411 2414
2407 2404 2401 2400
2408 2412 2416 2420
2408 2405 2402 2398
2409 2413 2417 2421
2409 2406 2403 2399
2410 2411 2414 2415
2410 2407 2404 2401
2411 2414 2415 2418
2411 2410 2407 2404
2412 2416 2420 2424
2412 2408 2405 2402
2413 2417 2421 2425
2413 2409 2406 2403
2414 2415 2418 2419
2414 2411 2410 2407
2415 2418 2419 2422
2415 2414 2411 2410
2416 2420 2424 2428
2416 2412 2408 2405
2417 2421 2425 2429
2417 2413 2409 2406
2418 2419 2422 2423
2418 2415 2414 2411
2419 2422 2423 2426
2419 2418 2415 2414
2420 2424 2428 2432
2420 2416 2412 2408
2421 2425 2429 2434
2421 2417 2413 2409
2422 2423 2426 2427
2422 2419 2418 2415
2423 2426 2427 2430
2423 2422 2419 2418
2424 2428 2432 2433
2424 2420 2416 2412
2425 2429 2434 2438
2425 2421 2417 2413
2426 2427 2430 2431
2426 2423 2422 2419
2427 2430 2431 2435
2427 2426 2423 2422
2428 2432 2433 2437
2428 2424 2420 2416
2429 2434 2438 2442
2429 2425 2421 2417
2430 2431 2435 2436
2430 2427 2426 2423
2431 2435 2436 2439
2431 2430 2427 2426
2432 2433 2437 2441
2432 2428 2424 2420
2433 2437 2441 2445
2433 2432 2428 2424
2434 2438 2442 2447
2434 2429 2425 2421
2435 2436 2439 2440
2435 2431 2430 2427
2436 2439 2440 2443
2436 2435 2431 2430
2437 2441 2445 2446
2437 2433 2432 2428
2438 2442 2447 2452
2438 2434 2429 2425
2439 2440 2443 2444
2439 2436 2435 2431
2440 2443 2444 2448
2440 2439 2436 2435
2441 2445 2446 2450
2441 2437 2433 2432
2442 2447 2452 2457
2442 2438 2434 2429
2443 2444 2448 2449
2443 2440 2439 2436
2444 2448 2449 2453
2444 2443 2440 2439
2445 2446 2450 2451
2445 2441 2437 2433
2446 2450 2451 2455
2446 2445 2441 2437
2447 2452 2457 2456
2447 2442 2438 2434
2448 2449 2453 2454
2448 2444 2443 2440
2449 2453 2454 2458
2449 2448 2444 2443
2450 2451 2455 -1
2450 2446 2445 2441
2451 2450 2446 2445
2452 2457 2456 2460
2452 2447 2442 2438
2453 2454 2458 2459
2453 2449 2448 2444
2454 2458 2459 2461
2454 2453 2449 2448
2455 2451 2450 2446
2456 2460 2464 2463
2456 2457 2452 2447
2457 2456 2460 2464
2457 2452 2447 2442
2458 2459 2461 2462
2458 2454 2453 2449
2459 2461 2462 2465
2459 2458 2454 2453
2460 2464 2463 2467
2460 2456 2457 2452
2461 2462 2465 2466
2461 2459 2458 2454
2462 2465 2466 2468
2462 2461 2459 2458
2463 2467 2471 2470
2463 2464 2460 2456
2464 2463 2467 2471
2464 2460 2456 2457
2465 2466 2468 2469
2465 2462 2461 2459
2466 2468 2469 2472
2466 2465 2462 2461
2467 2471 2470 2474
2467 2463 2464 2460
2468 2469 2472 2473
2468 2466 2465 2462
2469 2472 2473 2475
2469 2468 2466 2465
2470 2474 2478 2477
2470 2471 2467 2463
2471 2470 2474 2478
2471 2467 2463 2464
2472 2473 2475 2476
2472 2469 2468 2466
2473 2475 2476 2479
2473 2472 2469 2468
2474 2478 2477 2481
2474 2470 2471 2467
2475 2476 2479 2480
2475 2473 2472 2469
2476 2479 2480 2482
2476 2475 2473 2472
2477 2481 2485 2484
2477 2478 2474 2470
2478 2477 2481 2485
2478 2474 2470 2471
2479 2480 2482 2483
2479 2476 2475 2473
2480 2482 2483 2486
2480 2479 2476 2475
2481 2485 2484 2488
2481 2477 2478 2474
2482 2483 2486 2487
2482 2480 2479 2476
2483 2486 2487 2489
2483 2482 2480 2479
2484 2488 2492 2491
2484 2485 2481 2477
2485 2484 2488 2492
2485 2481 2477 2478
2486 2487 2489 2490
2486 2483 2482 2480
2487 2489 2490 2493
2487 2486 2483 2482
2488 2492 2491 2495
2488 2484 2485 2481
2489 2490 2493 2494
2489 2487 2486 2483
2490 2493 2494 2496
2490 2489 2487 2486
2491 2495 2499 2498
2491 2492 2488 2484
2492 2491 2495 2499
2492 2488 2484 2485
2493 2494 2496 2497
2493 2490 2489 2487
2494 2496 2497 2500
2494 2493 2490 2489
2495 2499 2498 2502
2495 2491 2492 2488
2496 2497 2500 2501
2496 2494 2493 2490
2497 2500 2501 2503
2497 2496 2494 2493
2498 2502 2506 2505
2498 2499 2495 2491
2499 2498 2502 2506
2499 2495 2491 2492
2500 2501 2503 2504
2500 2497 2496 2494
2501 2503 2504 2507
2501 2500 2497 2496
2502 2506 2505 2509
2502 2498 2499 2495
2503 2504 2507 2508
2503 2501 2500 2497
2504 2507 2508 2510
2504 2503 2501 2500
2505 2509 2513 2512
2505 2506 2502 2498
2506 2505 2509 2513
2506 2502 2498 2499
2507 2508 2510 2511
2507 2504 2503 2501
2508 2510 2511 2514
2508 2507 2504 2503
2509 2513 2512 2517
2509 2505 2506 2502
2510 2511 2514 2515
2510 2508 2507 2504
2511 2514 2515 2518
2511 2510 2508 2507
2512 2517 2516 2523
2512 2513 2509 2505
2513 2512 2517 2516
2513 2509 2505 2506
2514 2515 2518 2519
2514 2511 2510 2508
2515 2518 2519 2520
2515 2514 2511 2510
2516 2523 2522 2521
2516 2517 2512 2513
2517 2516 2523 2522
2517 2512 2513 2509
2518 2519 2520 2524
2518 2515 2514 2511
2519 2520 2524 2525
2519 2518 2515 2514
2520 2524 2525 2567
2520 2519 2518 2515
2521 2566 2565 2564
2521 2522 2523 2516
2522 2521 2566 2565
2522 2523 2516 2517
2523 2522 2521 2566
2523 2516 2517 2512
2524 2525 2567 2568
2524 2520 2519 2518
2525 2567 2568 2569
2525 2524 2520 2519
2526 2629 2628 2627
2526 2527 2528 2529
2527 2526 2629 2628
2527 2528 2529 2530
2528 2527 2526 2629
2528 2529 2530 2531
2529 2528 2527 2526
2529 2530 2531 2532
2530 2529 2528 2527
2530 2531 2532 2533
2531 2530 2529 2528
2531 2532 2533 2534
2532 2531 2530 2529
2532 2533 2534 2535
2533 2532 2531 2530
2533 2534 2535 2536
2534 2533 2532 2531
2534 2535 2536 2537
2535 2534 2533 2532
2535 2536 2537 2538
2536 2535 2534 2533
2536 2537 2538 2539
2537 2536 2535 2534
2537 2538 2539 2540
2538 2537 2536 2535
2538 2539 2540 2541
2539 2538 2537 2536
2539 2540 2541 2542
2540 2539 2538 2537
2540 2541 2542 2543
2541 2540 2539 2538
2541 2542 2543 2544
2542 2541 2540 2539
2542 2543 2544 2545
2543 2542 2541 2540
2543 2544 2545 2546
2544 2543 2542 2541
2544 2545 2546 2547
2545 2544 2543 2542
2545 2546 2547 2548
2546 2545 2544 2543
2546 2547 2548 2549
2547 2546 2545 2544
2547 2548 2549 2550
2548 2547 2546 2545
2548 2549 2550 2551
2549 2548 2547 2546
2549 2550 2551 2552
2550 2549 2548 2547
2550 2551 2552 2553
2551 2550 2549 2548
2551 2552 2553 2554
2552 2551 2550 2549
2552 2553 2554 2555
2553 2552 2551 2550
2553 2554 2555 2556
2554 2553 2552 2551
2554 2555 2556 2557
2555 2554 2553 2552
2555 2556 2557 2558
2556 2555 2554 2553
2556 2557 2558 2559
2557 2556 2555 2554
2557 2558 2559 2560
2558 2557 2556 2555
2558 2559 2560 2561
2559 2558 2557 2556
2559 2560 2561 2562
2560 2559 2558 2557
2560 2561 2562 2563
2561 2560 2559 2558
2561 2562 2563 2564
2562 2561 2560 2559
2562 2563 2564 2565
2563 2562 2561 2560
2563 2564 2565 2566
2564 2563 2562 2561
2564 2565 2566 2521
2565 2564 2563 2562
2565 2566 2521 2522
2566 2565 2564 2563
2566 2521 2522 2523
2567 2568 2569 2570
2567 2525 2524 2520
2568 2569 2570 2571
2568 2567 2525 2524
2569 2570 2571 2572
2569 2568 2567 2525
2570 2571 2572 2573
2570 2569 2568 2567
2571 2572 2573 2574
2571 2570 2569 2568
2572 2573 2574 2575
2572 2571 2570 2569
2573 2572 2571 2570
2573 2574 2575 2576
2574 2573 2572 2571
2574 2575 2576 2577
2575 2574 2573 2572
2575 2576 2577 2578
2576 2575 2574 2573
2576 2577 2578 2579
2577 2576 2575 2574
2577 2578 2579 2580
2578 2577 2576 2575
2578 2579 2580 2581
2579 2578 2577 2576
2579 2580 2581 2582
2580 2579 2578 2577
2580 2581 2582 2583
2581 2580 2579 2578
2581 2582 2583 2584
2582 2581 2580 2579
2582 2583 2584 2585
2583 2582 2581 2580
2583 2584 2585 2586
2584 2583 2582 2581
2584 2585 2586 2587
2585 2584 2583 2582
2585 2586 2587 2588
2586 2585 2584 2583
2586 2587 2588 2589
2587 2586 2585 2584
2587 2588 2589 2590
2588 2587 2586 2585
2588 2589 2590 2591
2589 2588 2587 2586
2589 2590 2591 2592
2590 2589 2588 2587
2590 2591 2592 2593
2591 2590 2589 2588
2591 2592 2593 2594
2592 2591 2590 2589
2592 2593 2594 2595
2593 2592 2591 2590
2593 2594 2595 2596
2594 2593 2592 2591
2594 2595 2596 2597
2595 2594 2593 2592
2595 2596 2597 2598
2596 2595 2594 2593
2596 2597 2598 2599
2597 2596 2595 2594
2597 2598 2599 2600
2598 2597 2596 2595
2598 2599 2600 2601
2599 2598 2597 2596
2599 2600 2601 2602
2600 2599 2598 2597
2600 2601 2602 2603
2601 2600 2599 2598
2601 2602 2603 2604
2602 2601 2600 2599
2602 2603 2604 2605
2603 2602 2601 2600
2603 2604 2605 2606
2604 2603 2602 2601
2604 2605 2606 2607
2605 2604 2603 2602
2605 2606 2607 2608
2606 2605 2604 2603
2606 2607 2608 2609
2607 2606 2605 2604
2607 2608 2609 2610
2608 2607 2606 2605
2608 2609 2610 2611
2609 2608 2607 2606
2609 2610 2611 2612
2610 2609 2608 2607
2610 2611 2612 2613
2611 2610 2609 2608
2611 2612 2613 2614
2612 2611 2610 2609
2612 2613 2614 2615
2613 2612 2611 2610
2613 2614 2615 2616
2614 2613 2612 2611
2614 2615 2616 2617
2615 2614 2613 2612
2615 2616 2617 2618
2616 2615 2614 2613
2616 2617 2618 2619
2617 2616 2615 2614
2617 2618 2619 2620
2618 2617 2616 2615
2618 2619 2620 2621
2619 2618 2617 2616
2619 2620 2621 2622
2620 2619 2618 2617
2620 2621 2622 2623
2621 2620 2619 2618
2621 2622 2623 2624
2622 2621 2620 2619
2622 2623 2624 2625
2623 2622 2621 2620
2623 2624 2625 2626
2624 2623 2622 2621
2624 2625 2626 2627
2625 2624 2623 2622
2625 2626 2627 2628
2626 2625 2624 2623
2626 2627 2628 2629
2627 2626 2625 2624
2627 2628 2629 2526
2628 2627 2626 2625
2628 2629 2526 2527
2629 2628 2627 2626
2629 2526 2527 2528
