0 29 28 27
0 1 2 3
1 0 29 28
1 2 3 4
2 1 0 29
2 3 4 5
3 2 1 0
3 4 5 6
4 3 2 1
4 5 6 7
5 4 3 2
5 6 7 30
6 7 30 31
6 5 4 3
7 30 31 32
7 6 5 4
8 62 61 60
8 9 10 11
9 8 62 61
9 10 11 12
10 9 8 62
10 11 12 13
11 10 9 8
11 12 13 14
12 11 10 9
12 13 14 15
13 12 11 10
13 14 15 16
14 13 12 11
14 15 16 17
15 14 13 12
15 16 17 18
16 15 14 13
16 17 18 19
17 16 15 14
17 18 19 20
18 17 16 15
18 19 20 21
19 18 17 16
19 20 21 22
20 19 18 17
20 21 22 23
21 20 19 18
21 22 23 24
22 21 20 19
22 23 24 25
23 22 21 20
23 24 25 26
24 23 22 21
24 25 26 27
25 24 23 22
25 26 27 28
26 25 24 23
26 27 28 29
27 26 25 24
27 28 29 0
28 27 26 25
28 29 0 1
29 28 27 26
29 0 1 2
30 31 32 63
30 7 6 5
31 32 63 64
31 30 7 6
32 63 64 89
32 31 30 7
33 88 87 86
33 34 35 36
34 33 88 87
34 35 36 37
35 34 33 88
35 36 37 38
36 35 34 33
36 37 38 39
37 36 35 34
37 38 39 40
38 37 36 35
38 39 40 41
39 38 37 36
39 40 41 42
40 39 38 37
40 41 42 43
41 40 39 38
41 42 43 44
42 41 40 39
42 43 44 45
43 42 41 40
43 44 45 46
44 43 42 41
44 45 46 47
45 44 43 42
45 46 47 48
46 45 44 43
46 47 48 49
47 46 45 44
47 48 49 50
48 47 46 45
48 49 50 51
49 48 47 46
49 50 51 52
50 49 48 47
50 51 52 53
51 50 49 48
51 52 53 54
52 51 50 49
52 53 54 55
53 52 51 50
53 54 55 56
54 53 52 51
54 55 56 57
55 54 53 52
55 56 57 58
56 55 54 53
56 57 58 59
57 56 55 54
57 58 59 60
58 57 56 55
58 59 60 61
59 58 57 56
59 60 61 62
60 59 58 57
60 61 62 8
61 60 59 58
61 62 8 9
62 61 60 59
62 8 9 10
63 64 89 121
63 32 31 30
64 89 121 122
64 63 32 31
65 120 119 118
65 66 67 68
66 65 120 119
66 67 68 69
67 66 65 120
67 68 69 70
68 67 66 65
68 69 70 71
69 68 67 66
69 70 71 72
70 69 68 67
70 71 72 73
71 70 69 68
71 72 73 74
72 71 70 69
72 73 74 75
73 72 71 70
73 74 75 76
74 73 72 71
74 75 76 77
75 74 73 72
75 76 77 78
76 75 74 73
76 77 78 79
77 76 75 74
77 78 79 80
78 77 76 75
78 79 80 81
79 78 77 76
79 80 81 82
80 79 78 77
80 81 82 83
81 80 79 78
81 82 83 84
82 81 80 79
82 83 84 85
83 82 81 80
83 84 85 86
84 83 82 81
84 85 86 87
85 84 83 82
85 86 87 88
86 85 84 83
86 87 88 33
87 86 85 84
87 88 33 34
88 87 86 85
88 33 34 35
89 121 122 136
89 64 63 32
90 135 134 133
90 91 92 93
91 90 135 134
91 92 93 94
92 91 90 135
92 93 94 95
93 92 91 90
93 94 95 96
94 93 92 91
94 95 96 97
95 94 93 92
95 96 97 98
96 95 94 93
96 97 98 99
97 96 95 94
97 98 99 100
98 97 96 95
98 99 100 101
99 98 97 96
99 100 101 102
100 99 98 97
100 101 102 103
101 100 99 98
101 102 103 104
102 101 100 99
102 103 104 105
103 102 101 100
103 104 105 106
104 103 102 101
104 105 106 107
105 104 103 102
105 106 107 108
106 105 104 103
106 107 108 109
107 106 105 104
107 108 109 110
108 107 106 105
108 109 110 111
109 108 107 106
109 110 111 112
110 109 108 107
110 111 112 113
111 110 109 108
111 112 113 114
112 111 110 109
112 113 114 115
113 112 111 110
113 114 115 116
114 113 112 111
114 115 116 117
115 114 113 112
115 116 117 118
116 115 114 113
116 117 118 119
117 116 115 114
117 118 119 120
118 117 116 115
118 119 120 65
119 118 117 116
119 120 65 66
120 119 118 117
120 65 66 67
121 122 136 140
121 89 64 63
122 136 140 141
122 121 89 64
123 139 138 137
123 124 125 126
124 123 139 138
124 125 126 127
125 124 123 139
125 126 127 128
126 125 124 123
126 127 128 129
127 126 125 124
127 128 129 130
128 127 126 125
128 129 130 131
129 128 127 126
129 130 131 132
130 129 128 127
130 131 132 133
131 130 129 128
131 132 133 134
132 131 130 129
132 133 134 135
133 132 131 130
133 134 135 90
134 133 132 131
134 135 90 91
135 134 133 132
135 90 91 92
136 140 141 144
136 122 121 89
137 143 142 146
137 138 139 123
138 137 143 142
138 139 123 124
139 138 137 143
139 123 124 125
140 141 144 147
140 136 122 121
141 144 147 148
141 140 136 122
142 146 145 150
142 143 137 138
143 142 146 145
143 137 138 139
144 147 148 151
144 141 140 136
145 150 149 153
145 146 142 143
146 145 150 149
146 142 143 137
147 148 151 154
147 144 141 140
148 151 154 155
148 147 144 141
149 153 152 157
149 150 145 146
150 149 153 152
150 145 146 142
151 154 155 158
151 148 147 144
152 157 156 160
152 153 149 150
153 152 157 156
153 149 150 145
154 155 158 161
154 151 148 147
155 158 161 162
155 154 151 148
156 160 159 165
156 157 152 153
157 156 160 159
157 152 153 149
158 161 162 166
158 155 154 151
159 165 164 163
159 160 156 157
160 159 165 164
160 156 157 152
161 162 166 169
161 158 155 154
162 166 169 170
162 161 158 155
163 168 167 172
163 164 165 159
164 163 168 167
164 165 159 160
165 164 163 168
165 159 160 156
166 169 170 173
166 162 161 158
167 172 171 175
167 168 163 164
168 167 172 171
168 163 164 165
169 170 173 176
169 166 162 161
170 173 176 177
170 169 166 162
171 175 174 179
171 172 167 168
172 171 175 174
172 167 168 163
173 176 177 180
173 170 169 166
174 179 178 182
174 175 171 172
175 174 179 178
175 171 172 167
176 177 180 183
176 173 170 169
177 180 183 184
177 176 173 170
178 182 181 186
178 179 174 175
179 178 182 181
179 174 175 171
180 183 184 187
180 177 176 173
181 186 185 190
181 182 178 179
182 181 186 185
182 178 179 174
183 184 187 191
183 180 177 176
184 187 191 192
184 183 180 177
185 190 189 188
185 186 181 182
186 185 190 189
186 181 182 178
187 191 192 195
187 184 183 180
188 194 193 197
188 189 190 185
189 188 194 193
189 190 185 186
190 189 188 194
190 185 186 181
191 192 195 198
191 187 184 183
192 195 198 199
192 191 187 184
193 197 196 201
193 194 188 189
194 193 197 196
194 188 189 190
195 198 199 202
195 192 191 187
196 201 200 204
196 197 193 194
197 196 201 200
197 193 194 188
198 199 202 205
198 195 192 191
199 202 205 206
199 198 195 192
200 204 203 208
200 201 196 197
201 200 204 203
201 196 197 193
202 205 206 209
202 199 198 195
203 208 207 211
203 204 200 201
204 203 208 207
204 200 201 196
205 206 209 212
205 202 199 198
206 209 212 213
206 205 202 199
207 211 210 215
207 208 203 204
208 207 211 210
208 203 204 200
209 212 213 216
209 206 205 202
210 215 214 218
210 211 207 208
211 210 215 214
211 207 208 203
212 213 216 219
212 209 206 205
213 216 219 220
213 212 209 206
214 218 217 222
214 215 210 211
215 214 218 217
215 210 211 207
216 219 220 223
216 213 212 209
217 222 221 225
217 218 214 215
218 217 222 221
218 214 215 210
219 220 223 226
219 216 213 212
220 223 226 227
220 219 216 213
221 225 224 229
221 222 217 218
222 221 225 224
222 217 218 214
223 226 227 230
223 220 219 216
224 229 228 232
224 225 221 222
225 224 229 228
225 221 222 217
226 227 230 233
226 223 220 219
227 230 233 236
227 226 223 220
228 232 231 235
228 229 224 225
229 228 232 231
229 224 225 221
230 233 236 239
230 227 226 223
231 235 234 238
231 232 228 229
232 231 235 234
232 228 229 224
233 236 239 242
233 230 227 226
234 238 237 241
234 235 231 232
235 234 238 237
235 231 232 228
236 239 242 245
236 233 230 227
237 241 240 244
237 238 234 235
238 237 241 240
238 234 235 231
239 242 245 248
239 236 233 230
240 244 243 247
240 241 237 238
241 240 244 243
241 237 238 234
242 245 248 251
242 239 236 233
243 247 246 250
243 244 240 241
244 243 247 246
244 240 241 237
245 248 251 254
245 242 239 236
246 250 249 253
246 247 243 244
247 246 250 249
247 243 244 240
248 251 254 257
248 245 242 239
249 253 252 256
249 250 246 247
250 249 253 252
250 246 247 243
251 254 257 260
251 248 245 242
252 256 255 259
252 253 249 250
253 252 256 255
253 249 250 246
254 257 260 263
254 251 248 245
255 259 258 262
255 256 252 253
256 255 259 258
256 252 253 249
257 260 263 266
257 254 251 248
258 262 261 265
258 259 255 256
259 258 262 261
259 255 256 252
260 263 266 269
260 257 254 251
261 265 264 268
261 262 258 259
262 261 265 264
262 258 259 255
263 266 269 272
263 260 257 254
264 268 267 271
264 265 261 262
265 264 268 267
265 261 262 258
266 269 272 274
266 263 260 257
267 271 270 273
267 268 264 265
268 267 271 270
268 264 265 261
269 272 274 277
269 266 263 260
270 273 276 275
270 271 267 268
271 270 273 276
271 267 268 264
272 274 277 280
272 269 266 263
273 276 275 279
273 270 271 267
274 277 280 283
274 272 269 266
275 279 278 282
275 276 273 270
276 275 279 278
276 273 270 271
277 280 283 286
277 274 272 269
278 282 281 285
278 279 275 276
279 278 282 281
279 275 276 273
280 283 286 289
280 277 274 272
281 285 284 288
281 282 278 279
282 281 285 284
282 278 279 275
283 286 289 292
283 280 277 274
284 288 287 291
284 285 281 282
285 284 288 287
285 281 282 278
286 289 292 294
286 283 280 277
287 291 290 293
287 288 284 285
288 287 291 290
288 284 285 281
289 292 294 296
289 286 283 280
290 293 295 298
290 291 287 288
291 290 293 295
291 287 288 284
292 294 296 299
292 289 286 283
293 295 298 297
293 290 291 287
294 296 299 302
294 292 289 286
295 298 297 301
295 293 290 291
296 299 302 305
296 294 292 289
297 301 300 304
297 298 295 293
298 297 301 300
298 295 293 290
299 302 305 308
299 296 294 292
300 304 303 307
300 301 297 298
301 300 304 303
301 297 298 295
302 305 308 311
302 299 296 294
303 307 306 310
303 304 300 301
304 303 307 306
304 300 301 297
305 308 311 313
305 302 299 296
306 310 309 312
306 307 303 304
307 306 310 309
307 303 304 300
308 311 313 316
308 305 302 299
309 312 315 314
309 310 306 307
310 309 312 315
310 306 307 303
311 313 316 319
311 308 305 302
312 315 314 318
312 309 310 306
313 316 319 322
313 311 308 305
314 318 317 321
314 315 312 309
315 314 318 317
315 312 309 310
316 319 322 325
316 313 311 308
317 321 320 324
317 318 314 315
318 317 321 320
318 314 315 312
319 322 325 327
319 316 313 311
320 324 323 326
320 321 317 318
321 320 324 323
321 317 318 314
322 325 327 330
322 319 316 313
323 326 329 328
323 324 320 321
324 323 326 329
324 320 321 317
325 327 330 333
325 322 319 316
326 329 328 332
326 323 324 320
327 330 333 335
327 325 322 319
328 332 331 334
328 329 326 323
329 328 332 331
329 326 323 324
330 333 335 337
330 327 325 322
331 334 336 339
331 332 328 329
332 331 334 336
332 328 329 326
333 335 337 340
333 330 327 325
334 336 339 338
334 331 332 328
335 337 340 342
335 333 330 327
336 339 338 341
336 334 331 332
337 340 342 343
337 335 333 330
338 341 344 347
338 339 336 334
339 338 341 344
339 336 334 331
340 342 343 345
340 337 335 333
341 344 347 346
341 338 339 336
342 343 345 348
342 340 337 335
343 345 348 349
343 342 340 337
344 347 346 350
344 341 338 339
345 348 349 351
345 343 342 340
346 350 353 352
346 347 344 341
347 346 350 353
347 344 341 338
348 349 351 354
348 345 343 342
349 351 354 355
349 348 345 343
350 353 352 356
350 346 347 344
351 354 355 357
351 349 348 345
352 356 358 362
352 353 350 346
353 352 356 358
353 350 346 347
354 355 357 359
354 351 349 348
355 357 359 360
355 354 351 349
356 358 362 361
356 352 353 350
357 359 360 363
357 355 354 351
358 362 361 364
358 356 352 353
359 360 363 365
359 357 355 354
360 363 365 366
360 359 357 355
361 364 368 367
361 362 358 356
362 361 364 368
362 358 356 352
363 365 366 369
363 360 359 357
364 368 367 370
364 361 362 358
365 366 369 371
365 363 360 359
366 369 371 372
366 365 363 360
367 370 374 373
367 368 364 361
368 367 370 374
368 364 361 362
369 371 372 375
369 366 365 363
370 374 373 376
370 367 368 364
371 372 375 377
371 369 366 365
372 375 377 378
372 371 369 366
373 376 380 379
373 374 370 367
374 373 376 380
374 370 367 368
375 377 378 381
375 372 371 369
376 380 379 382
376 373 374 370
377 378 381 383
377 375 372 371
378 381 383 384
378 377 375 372
379 382 386 385
379 380 376 373
380 379 382 386
380 376 373 374
381 383 384 387
381 378 377 375
382 386 385 388
382 379 380 376
383 384 387 389
383 381 378 377
384 387 389 390
384 383 381 378
385 388 391 393
385 386 382 379
386 385 388 391
386 382 379 380
387 389 390 392
387 384 383 381
388 391 393 396
388 385 386 382
389 390 392 394
389 387 384 383
390 392 394 395
390 389 387 384
391 393 396 398
391 388 385 386
392 394 395 397
392 390 389 387
393 396 398 401
393 391 388 385
394 395 397 399
394 392 390 389
395 397 399 400
395 394 392 390
396 398 401 404
396 393 391 388
397 399 400 402
397 395 394 392
398 401 404 403
398 396 393 391
399 400 402 405
399 397 395 394
400 402 405 406
400 399 397 395
401 404 403 407
401 398 396 393
402 405 406 408
402 400 399 397
403 407 410 409
403 404 401 398
404 403 407 410
404 401 398 396
405 406 408 411
405 402 400 399
406 408 411 412
406 405 402 400
407 410 409 413
407 403 404 401
408 411 412 414
408 406 405 402
409 413 415 418
409 410 407 403
410 409 413 415
410 407 403 404
411 412 414 416
411 408 406 405
412 414 416 417
412 411 408 406
413 415 418 420
413 409 410 407
414 416 417 419
414 412 411 408
415 418 420 424
415 413 409 410
416 417 419 421
416 414 412 411
417 419 421 422
417 416 414 412
418 420 424 423
418 415 413 409
419 421 422 425
419 417 416 414
420 424 423 426
420 418 415 413
421 422 425 427
421 419 417 416
422 425 427 428
422 421 419 417
423 426 429 431
423 424 420 418
424 423 426 429
424 420 418 415
425 427 428 430
425 422 421 419
426 429 431 434
426 423 424 420
427 428 430 432
427 425 422 421
428 430 432 433
428 427 425 422
429 431 434 437
429 426 423 424
430 432 433 435
430 428 427 425
431 434 437 436
431 429 426 423
432 433 435 438
432 430 428 427
433 435 438 439
433 432 430 428
434 437 436 440
434 431 429 426
435 438 439 441
435 433 432 430
436 440 442 445
436 437 434 431
437 436 440 442
437 434 431 429
438 439 441 443
438 435 433 432
439 441 443 444
439 438 435 433
440 442 445 447
440 436 437 434
441 443 444 446
441 439 438 435
442 445 447 450
442 440 436 437
443 444 446 448
443 441 439 438
444 446 448 449
444 443 441 439
445 447 450 452
445 442 440 436
446 448 449 451
446 444 443 441
447 450 452 455
447 445 442 440
448 449 451 453
448 446 444 443
449 451 453 454
449 448 446 444
450 452 455 457
450 447 445 442
451 453 454 456
451 449 448 446
452 455 457 460
452 450 447 445
453 454 456 458
453 451 449 448
454 456 458 459
454 453 451 449
455 457 460 462
455 452 450 447
456 458 459 461
456 454 453 451
457 460 462 465
457 455 452 450
458 459 461 463
458 456 454 453
459 461 463 464
459 458 456 454
460 462 465 467
460 457 455 452
461 463 464 466
461 459 458 456
462 465 467 470
462 460 457 455
463 464 466 468
463 461 459 458
464 466 468 469
464 463 461 459
465 467 470 472
465 462 460 457
466 468 469 471
466 464 463 461
467 470 472 475
467 465 462 460
468 469 471 473
468 466 464 463
469 471 473 474
469 468 466 464
470 472 475 477
470 467 465 462
471 473 474 476
471 469 468 466
472 475 477 480
472 470 467 465
473 474 476 478
473 471 469 468
474 476 478 479
474 473 471 469
475 477 480 482
475 472 470 467
476 478 479 481
476 474 473 471
477 480 482 484
477 475 472 470
478 479 481 483
478 476 474 473
479 481 483 485
479 478 476 474
480 482 484 486
480 477 475 472
481 483 485 487
481 479 478 476
482 484 486 489
482 480 477 475
483 485 487 490
483 481 479 478
484 486 489 488
484 482 480 477
485 487 490 492
485 483 481 479
486 489 488 491
486 484 482 480
487 490 492 494
487 485 483 481
488 491 493 495
488 489 486 484
489 488 491 493
489 486 484 482
490 492 494 496
490 487 485 483
491 493 495 497
491 488 489 486
492 494 496 498
492 490 487 485
493 495 497 499
493 491 488 489
494 496 498 500
494 492 490 487
495 497 499 501
495 493 491 488
496 498 500 502
496 494 492 490
497 499 501 503
497 495 493 491
498 500 502 504
498 496 494 492
499 501 503 505
499 497 495 493
500 502 504 506
500 498 496 494
501 503 505 507
501 499 497 495
502 504 506 508
502 500 498 496
503 505 507 509
503 501 499 497
504 506 508 510
504 502 500 498
505 507 509 511
505 503 501 499
506 508 510 512
506 504 502 500
507 509 511 513
507 505 503 501
508 510 512 514
508 506 504 502
509 511 513 515
509 507 505 503
510 512 514 516
510 508 506 504
511 513 515 517
511 509 507 505
512 514 516 518
512 510 508 506
513 515 517 519
513 511 509 507
514 516 518 520
514 512 510 508
515 517 519 521
515 513 511 509
516 518 520 522
516 514 512 510
517 519 521 523
517 515 513 511
518 520 522 524
518 516 514 512
519 521 523 525
519 517 515 513
520 522 524 526
520 518 516 514
521 523 525 527
521 519 517 515
522 524 526 528
522 520 518 516
523 525 527 530
523 521 519 517
524 526 528 531
524 522 520 518
525 527 530 529
525 523 521 519
526 528 531 533
526 524 522 520
527 530 529 532
527 525 523 521
528 531 533 535
528 526 524 522
529 532 534 536
529 530 527 525
530 529 532 534
530 527 525 523
531 533 535 537
531 528 526 524
532 534 536 539
532 529 530 527
533 535 537 540
533 531 528 526
534 536 539 538
534 532 529 530
535 537 540 542
535 533 531 528
536 539 538 541
536 534 532 529
537 540 542 544
537 535 533 531
538 541 543 545
538 539 536 534
539 538 541 543
539 536 534 532
540 542 544 546
540 537 535 533
541 543 545 547
541 538 539 536
542 544 546 548
542 540 537 535
543 545 547 550
543 541 538 539
544 546 548 551
544 542 540 537
545 547 550 549
545 543 541 538
546 548 551 553
546 544 542 540
547 550 549 552
547 545 543 541
548 551 553 555
548 546 544 542
549 552 554 556
549 550 547 545
550 549 552 554
550 547 545 543
551 553 555 557
551 548 546 544
552 554 556 558
552 549 550 547
553 555 557 559
553 551 548 546
554 556 558 560
554 552 549 550
555 557 559 561
555 553 551 548
556 558 560 562
556 554 552 549
557 559 561 563
557 555 553 551
558 560 562 564
558 556 554 552
559 561 563 565
559 557 555 553
560 562 564 566
560 558 556 554
561 563 565 567
561 559 557 555
562 564 566 568
562 560 558 556
563 565 567 569
563 561 559 557
564 566 568 570
564 562 560 558
565 567 569 571
565 563 561 559
566 568 570 572
566 564 562 560
567 569 571 573
567 565 563 561
568 570 572 574
568 566 564 562
569 571 573 575
569 567 565 563
570 572 574 576
570 568 566 564
571 573 575 577
571 569 567 565
572 574 576 578
572 570 568 566
573 575 577 579
573 571 569 567
574 576 578 580
574 572 570 568
575 577 579 581
575 573 571 569
576 578 580 582
576 574 572 570
577 579 581 583
577 575 573 571
578 580 582 584
578 576 574 572
579 581 583 585
579 577 575 573
580 582 584 586
580 578 576 574
581 583 585 587
581 579 577 575
582 584 586 588
582 580 578 576
583 585 587 589
583 581 579 577
584 586 588 590
584 582 580 578
585 587 589 591
585 583 581 579
586 588 590 592
586 584 582 580
587 589 591 593
587 585 583 581
588 590 592 594
588 586 584 582
589 591 593 595
589 587 585 583
590 592 594 596
590 588 586 584
591 593 595 598
591 589 587 585
592 594 596 599
592 590 588 586
593 595 598 600
593 591 589 587
594 596 599 601
594 592 590 588
595 598 600 603
595 593 591 589
596 599 601 604
596 594 592 590
597 602 605 608
598 600 603 606
598 595 593 591
599 601 604 607
599 596 594 592
600 603 606 609
600 598 595 593
601 604 607 610
601 599 596 594
602 605 608 611
603 606 609 612
603 600 598 595
604 607 610 613
604 601 599 596
605 608 611 614
605 602 597 -1
606 609 612 615
606 603 600 598
607 610 613 616
607 604 601 599
608 611 614 617
608 605 602 597
609 612 615 618
609 606 603 600
610 613 616 619
610 607 604 601
611 614 617 620
611 608 605 602
612 615 618 621
612 609 606 603
613 616 619 622
613 610 607 604
614 617 620 623
614 611 608 605
615 618 621 624
615 612 609 606
616 619 622 625
616 613 610 607
617 620 623 626
617 614 611 608
618 621 624 627
618 615 612 609
619 622 625 628
619 616 613 610
620 623 626 629
620 617 614 611
621 624 627 630
621 618 615 612
622 625 628 631
622 619 616 613
623 626 629 632
623 620 617 614
624 627 630 633
624 621 618 615
625 628 631 634
625 622 619 616
626 629 632 635
626 623 620 617
627 630 633 636
627 624 621 618
628 631 634 637
628 625 622 619
629 632 635 638
629 626 623 620
630 633 636 639
630 627 624 621
631 634 637 640
631 628 625 622
632 635 638 641
632 629 626 623
633 636 639 642
633 630 627 624
634 637 640 643
634 631 628 625
635 638 641 644
635 632 629 626
636 639 642 645
636 633 630 627
637 640 643 646
637 634 631 628
638 641 644 647
638 635 632 629
639 642 645 648
639 636 633 630
640 643 646 649
640 637 634 631
641 644 647 650
641 638 635 632
642 645 648 651
642 639 636 633
643 646 649 652
643 640 637 634
644 647 650 653
644 641 638 635
645 648 651 654
645 642 639 636
646 649 652 655
646 643 640 637
647 650 653 656
647 644 641 638
648 651 654 657
648 645 642 639
649 652 655 658
649 646 643 640
650 653 656 661
650 647 644 641
651 654 657 659
651 648 645 642
652 655 658 660
652 649 646 643
653 656 661 664
653 650 647 644
654 657 659 662
654 651 648 645
655 658 660 663
655 652 649 646
656 661 664 668
656 653 650 647
657 659 662 665
657 654 651 648
658 660 663 667
658 655 652 649
659 662 665 669
659 657 654 651
660 663 667 666
660 658 655 652
661 664 668 671
661 656 653 650
662 665 669 672
662 659 657 654
663 667 666 670
663 660 658 655
664 668 671 674
664 661 656 653
665 669 672 675
665 662 659 657
666 670 673 676
666 667 663 660
667 666 670 673
667 663 660 658
668 671 674 677
668 664 661 656
669 672 675 678
669 665 662 659
670 673 676 679
670 666 667 663
671 674 677 680
671 668 664 661
672 675 678 681
672 669 665 662
673 676 679 682
673 670 666 667
674 677 680 687
674 671 668 664
675 678 681 683
675 672 669 665
676 679 682 684
676 673 670 666
677 680 687 690
677 674 671 668
678 681 683 685
678 675 672 669
679 682 684 686
679 676 673 670
680 687 690 693
680 677 674 671
681 683 685 688
681 678 675 672
682 684 686 689
682 679 676 673
683 685 688 691
683 681 678 675
684 686 689 692
684 682 679 676
685 688 691 694
685 683 681 678
686 689 692 695
686 684 682 679
687 690 693 697
687 680 677 674
688 691 694 698
688 685 683 681
689 692 695 699
689 686 684 682
690 693 697 696
690 687 680 677
691 694 698 701
691 688 685 683
692 695 699 702
692 689 686 684
693 697 696 700
693 690 687 680
694 698 701 704
694 691 688 685
695 699 702 705
695 692 689 686
696 700 703 706
696 697 693 690
697 696 700 703
697 693 690 687
698 701 704 707
698 694 691 688
699 702 705 708
699 695 692 689
700 703 706 709
700 696 697 693
701 704 707 710
701 698 694 691
702 705 708 711
702 699 695 692
703 706 709 712
703 700 696 697
704 707 710 713
704 701 698 694
705 708 711 714
705 702 699 695
706 709 712 720
706 703 700 696
707 710 713 715
707 704 701 698
708 711 714 717
708 705 702 699
709 712 720 -1
709 706 703 700
710 713 715 718
710 707 704 701
711 714 717 716
711 708 705 702
712 720 727 -1
712 709 706 703
713 715 718 721
713 710 707 704
714 717 716 719
714 711 708 705
715 718 721 723
715 713 710 707
716 719 722 724
716 717 714 711
717 716 719 722
717 714 711 708
718 721 723 725
718 715 713 710
719 722 724 726
719 716 717 714
720 727 730 733
720 712 709 706
721 723 725 728
721 718 715 713
722 724 726 729
722 719 716 717
723 725 728 731
723 721 718 715
724 726 729 732
724 722 719 716
725 728 731 734
725 723 721 718
726 729 732 735
726 724 722 719
727 730 733 736
727 720 712 -1
728 731 734 737
728 725 723 721
729 732 735 738
729 726 724 722
730 733 736 739
730 727 720 -1
731 734 737 740
731 728 725 723
732 735 738 741
732 729 726 724
733 736 739 742
733 730 727 720
734 737 740 743
734 731 728 725
735 738 741 744
735 732 729 726
736 739 742 745
736 733 730 727
737 740 743 746
737 734 731 728
738 741 744 747
738 735 732 729
739 742 745 -1
739 736 733 730
740 743 746 748
740 737 734 731
741 744 747 749
741 738 735 732
742 739 736 733
743 746 748 750
743 740 737 734
744 747 749 751
744 741 738 735
745 742 739 736
746 748 750 752
746 743 740 737
747 749 751 753
747 744 741 738
748 750 752 754
748 746 743 740
749 751 753 755
749 747 744 741
750 752 754 756
750 748 746 743
751 753 755 757
751 749 747 744
752 754 756 759
752 750 748 746
753 755 757 760
753 751 749 747
754 756 759 762
754 752 750 748
755 757 760 763
755 753 751 749
756 759 762 765
756 754 752 750
757 760 763 766
757 755 753 751
758 761 764 767
759 762 765 768
759 756 754 752
760 763 766 769
760 757 755 753
761 764 767 770
762 765 768 771
762 759 756 754
763 766 769 772
763 760 757 755
764 767 770 773
764 761 758 -1
765 768 771 774
765 762 759 756
766 769 772 775
766 763 760 757
767 770 773 776
767 764 761 758
768 771 774 777
768 765 762 759
769 772 775 778
769 766 763 760
770 773 776 779
770 767 764 761
771 774 777 780
771 768 765 762
772 775 778 781
772 769 766 763
773 776 779 782
773 770 767 764
774 777 780 783
774 771 768 765
775 778 781 784
775 772 769 766
776 779 782 785
776 773 770 767
777 780 783 786
777 774 771 768
778 781 784 787
778 775 772 769
779 782 785 788
779 776 773 770
780 783 786 789
780 777 774 771
781 784 787 790
781 778 775 772
782 785 788 -1
782 779 776 773
783 786 789 791
783 780 777 774
784 787 790 792
784 781 778 775
785 788 799 -1
785 782 779 776
786 789 791 793
786 783 780 777
787 790 792 794
787 784 781 778
788 799 802 -1
788 785 782 779
789 791 793 795
789 786 783 780
790 792 794 796
790 787 784 781
791 793 795 797
791 789 786 783
792 794 796 798
792 790 787 784
793 795 797 800
793 791 789 786
794 796 798 801
794 792 790 787
795 797 800 803
795 793 791 789
796 798 801 804
796 794 792 790
797 800 803 805
797 795 793 791
798 801 804 806
798 796 794 792
799 802 811 814
799 788 785 -1
800 803 805 807
800 797 795 793
801 804 806 808
801 798 796 794
802 811 814 817
802 799 788 -1
803 805 807 809
803 800 797 795
804 806 808 810
804 801 798 796
805 807 809 812
805 803 800 797
806 808 810 813
806 804 801 798
807 809 812 815
807 805 803 800
808 810 813 816
808 806 804 801
809 812 815 818
809 807 805 803
810 813 816 819
810 808 806 804
811 814 817 820
811 802 799 -1
812 815 818 821
812 809 807 805
813 816 819 822
813 810 808 806
814 817 820 823
814 811 802 799
815 818 821 824
815 812 809 807
816 819 822 825
816 813 810 808
817 820 823 826
817 814 811 802
818 821 824 827
818 815 812 809
819 822 825 828
819 816 813 810
820 823 826 829
820 817 814 811
821 824 827 830
821 818 815 812
822 825 828 831
822 819 816 813
823 826 829 832
823 820 817 814
824 827 830 833
824 821 818 815
825 828 831 834
825 822 819 816
826 829 832 835
826 823 820 817
827 830 833 836
827 824 821 818
828 831 834 837
828 825 822 819
829 832 835 838
829 826 823 820
830 833 836 839
830 827 824 821
831 834 837 840
831 828 825 822
832 835 838 841
832 829 826 823
833 836 839 842
833 830 827 824
834 837 840 843
834 831 828 825
835 838 841 844
835 832 829 826
836 839 842 845
836 833 830 827
837 840 843 846
837 834 831 828
838 841 844 847
838 835 832 829
839 842 845 848
839 836 833 830
840 843 846 849
840 837 834 831
841 844 847 850
841 838 835 832
842 845 848 851
842 839 836 833
843 846 849 852
843 840 837 834
844 847 850 853
844 841 838 835
845 848 851 854
845 842 839 836
846 849 852 855
846 843 840 837
847 850 853 856
847 844 841 838
848 851 854 857
848 845 842 839
849 852 855 858
849 846 843 840
850 853 856 -1
850 847 844 841
851 854 857 859
851 848 845 842
852 855 858 860
852 849 846 843
853 850 847 844
854 857 859 861
854 851 848 845
855 858 860 862
855 852 849 846
856 853 850 847
857 859 861 863
857 854 851 848
858 860 862 864
858 855 852 849
859 861 863 865
859 857 854 851
860 862 864 866
860 858 855 852
861 863 865 867
861 859 857 854
862 864 866 868
862 860 858 855
863 865 867 869
863 861 859 857
864 866 868 870
864 862 860 858
865 867 869 871
865 863 861 859
866 868 870 872
866 864 862 860
867 869 871 873
867 865 863 861
868 870 872 874
868 866 864 862
869 871 873 875
869 867 865 863
870 872 874 876
870 868 866 864
871 873 875 877
871 869 867 865
872 874 876 878
872 870 868 866
873 875 877 879
873 871 869 867
874 876 878 880
874 872 870 868
875 877 879 881
875 873 871 869
876 878 880 882
876 874 872 870
877 879 881 883
877 875 873 871
878 880 882 884
878 876 874 872
879 881 883 885
879 877 875 873
880 882 884 886
880 878 876 874
881 883 885 887
881 879 877 875
882 884 886 888
882 880 878 876
883 885 887 889
883 881 879 877
884 886 888 890
884 882 880 878
885 887 889 891
885 883 881 879
886 888 890 892
886 884 882 880
887 889 891 893
887 885 883 881
888 890 892 894
888 886 884 882
889 891 893 896
889 887 885 883
890 892 894 897
890 888 886 884
891 893 896 899
891 889 887 885
892 894 897 900
892 890 888 886
893 896 899 902
893 891 889 887
894 897 900 903
894 892 890 888
895 898 901 904
896 899 902 905
896 893 891 889
897 900 903 906
897 894 892 890
898 901 904 907
899 902 905 908
899 896 893 891
900 903 906 909
900 897 894 892
901 904 907 910
901 898 895 -1
902 905 908 911
902 899 896 893
903 906 909 912
903 900 897 894
904 907 910 913
904 901 898 895
905 908 911 914
905 902 899 896
906 909 912 915
906 903 900 897
907 910 913 -1
907 904 901 898
908 911 914 916
908 905 902 899
909 912 915 917
909 906 903 900
910 907 904 901
911 914 916 918
911 908 905 902
912 915 917 919
912 909 906 903
913 910 907 904
914 916 918 920
914 911 908 905
915 917 919 921
915 912 909 906
916 918 920 922
916 914 911 908
917 919 921 923
917 915 912 909
918 920 922 924
918 916 914 911
919 921 923 925
919 917 915 912
920 922 924 926
920 918 916 914
921 923 925 927
921 919 917 915
922 924 926 928
922 920 918 916
923 925 927 929
923 921 919 917
924 926 928 930
924 922 920 918
925 927 929 931
925 923 921 919
926 928 930 932
926 924 922 920
927 929 931 933
927 925 923 921
928 930 932 934
928 926 924 922
929 931 933 935
929 927 925 923
930 932 934 936
930 928 926 924
931 933 935 937
931 929 927 925
932 934 936 938
932 930 928 926
933 935 937 939
933 931 929 927
934 936 938 940
934 932 930 928
935 937 939 941
935 933 931 929
936 938 940 942
936 934 932 930
937 939 941 943
937 935 933 931
938 940 942 944
938 936 934 932
939 941 943 945
939 937 935 933
940 942 944 946
940 938 936 934
941 943 945 947
941 939 937 935
942 944 946 948
942 940 938 936
943 945 947 949
943 941 939 937
944 946 948 950
944 942 940 938
945 947 949 951
945 943 941 939
946 948 950 952
946 944 942 940
947 949 951 953
947 945 943 941
948 950 952 954
948 946 944 942
949 951 953 955
949 947 945 943
950 952 954 956
950 948 946 944
951 953 955 957
951 949 947 945
952 954 956 958
952 950 948 946
953 955 957 959
953 951 949 947
954 956 958 960
954 952 950 948
955 957 959 961
955 953 951 949
956 958 960 962
956 954 952 950
957 959 961 963
957 955 953 951
958 960 962 964
958 956 954 952
959 961 963 965
959 957 955 953
960 962 964 966
960 958 956 954
961 963 965 967
961 959 957 955
962 964 966 968
962 960 958 956
963 965 967 969
963 961 959 957
964 966 968 970
964 962 960 958
965 967 969 971
965 963 961 959
966 968 970 972
966 964 962 960
967 969 971 973
967 965 963 961
968 970 972 974
968 966 964 962
969 971 973 975
969 967 965 963
970 972 974 976
970 968 966 964
971 973 975 977
971 969 967 965
972 974 976 978
972 970 968 966
973 975 977 979
973 971 969 967
974 976 978 980
974 972 970 968
975 977 979 981
975 973 971 969
976 978 980 982
976 974 972 970
977 979 981 983
977 975 973 971
978 980 982 984
978 976 974 972
979 981 983 985
979 977 975 973
980 982 984 986
980 978 976 974
981 983 985 987
981 979 977 975
982 984 986 988
982 980 978 976
983 985 987 989
983 981 979 977
984 986 988 990
984 982 980 978
985 987 989 991
985 983 981 979
986 988 990 992
986 984 982 980
987 989 991 993
987 985 983 981
988 990 992 994
988 986 984 982
989 991 993 995
989 987 985 983
990 992 994 996
990 988 986 984
991 993 995 997
991 989 987 985
992 994 996 998
992 990 988 986
993 995 997 999
993 991 989 987
994 996 998 1001
994 992 990 988
995 997 999 1002
995 993 991 989
996 998 1001 1004
996 994 992 990
997 999 1002 1005
997 995 993 991
998 1001 1004 1007
998 996 994 992
999 1002 1005 1008
999 997 995 993
1000 1003 1006 1009
1001 1004 1007 1010
1001 998 996 994
1002 1005 1008 1011
1002 999 997 995
1003 1006 1009 1012
1004 1007 1010 1013
1004 1001 998 996
1005 1008 1011 1014
1005 1002 999 997
1006 1009 1012 1015
1006 1003 1000 -1
1007 1010 1013 1016
1007 1004 1001 998
1008 1011 1014 1017
1008 1005 1002 999
1009 1012 1015 1018
1009 1006 1003 1000
1010 1013 1016 1019
1010 1007 1004 1001
1011 1014 1017 1020
1011 1008 1005 1002
1012 1015 1018 1021
1012 1009 1006 1003
1013 1016 1019 1022
1013 1010 1007 1004
1014 1017 1020 1023
1014 1011 1008 1005
1015 1018 1021 1024
1015 1012 1009 1006
1016 1019 1022 1025
1016 1013 1010 1007
1017 1020 1023 1026
1017 1014 1011 1008
1018 1021 1024 1027
1018 1015 1012 1009
1019 1022 1025 1028
1019 1016 1013 1010
1020 1023 1026 1029
1020 1017 1014 1011
1021 1024 1027 -1
1021 1018 1015 1012
1022 1025 1028 1030
1022 1019 1016 1013
1023 1026 1029 1031
1023 1020 1017 1014
1024 1021 1018 1015
1025 1028 1030 1032
1025 1022 1019 1016
1026 1029 1031 1033
1026 1023 1020 1017
1027 1024 1021 1018
1028 1030 1032 1034
1028 1025 1022 1019
1029 1031 1033 1035
1029 1026 1023 1020
1030 1032 1034 1036
1030 1028 1025 1022
1031 1033 1035 1037
1031 1029 1026 1023
1032 1034 1036 1038
1032 1030 1028 1025
1033 1035 1037 1039
1033 1031 1029 1026
1034 1036 1038 1040
1034 1032 1030 1028
1035 1037 1039 1041
1035 1033 1031 1029
1036 1038 1040 1042
1036 1034 1032 1030
1037 1039 1041 1043
1037 1035 1033 1031
1038 1040 1042 1044
1038 1036 1034 1032
1039 1041 1043 1045
1039 1037 1035 1033
1040 1042 1044 1046
1040 1038 1036 1034
1041 1043 1045 1047
1041 1039 1037 1035
1042 1044 1046 1048
1042 1040 1038 1036
1043 1045 1047 1049
1043 1041 1039 1037
1044 1046 1048 1050
1044 1042 1040 1038
1045 1047 1049 1051
1045 1043 1041 1039
1046 1048 1050 1052
1046 1044 1042 1040
1047 1049 1051 1053
1047 1045 1043 1041
1048 1050 1052 1055
1048 1046 1044 1042
1049 1051 1053 1056
1049 1047 1045 1043
1050 1052 1055 1058
1050 1048 1046 1044
1051 1053 1056 1059
1051 1049 1047 1045
1052 1055 1058 1061
1052 1050 1048 1046
1053 1056 1059 1062
1053 1051 1049 1047
1054 1057 1060 1063
1055 1058 1061 1064
1055 1052 1050 1048
1056 1059 1062 1065
1056 1053 1051 1049
1057 1060 1063 1066
1058 1061 1064 1067
1058 1055 1052 1050
1059 1062 1065 1068
1059 1056 1053 1051
1060 1063 1066 1069
1060 1057 1054 -1
1061 1064 1067 1070
1061 1058 1055 1052
1062 1065 1068 1071
1062 1059 1056 1053
1063 1066 1069 1072
1063 1060 1057 1054
1064 1067 1070 1073
1064 1061 1058 1055
1065 1068 1071 1074
1065 1062 1059 1056
1066 1069 1072 -1
1066 1063 1060 1057
1067 1070 1073 1075
1067 1064 1061 1058
1068 1071 1074 1076
1068 1065 1062 1059
1069 1066 1063 1060
1070 1073 1075 1077
1070 1067 1064 1061
1071 1074 1076 1078
1071 1068 1065 1062
1072 1069 1066 1063
1073 1075 1077 1079
1073 1070 1067 1064
1074 1076 1078 1080
1074 1071 1068 1065
1075 1077 1079 1081
1075 1073 1070 1067
1076 1078 1080 1082
1076 1074 1071 1068
1077 1079 1081 1083
1077 1075 1073 1070
1078 1080 1082 1084
1078 1076 1074 1071
1079 1081 1083 1085
1079 1077 1075 1073
1080 1082 1084 1086
1080 1078 1076 1074
1081 1083 1085 1087
1081 1079 1077 1075
1082 1084 1086 1088
1082 1080 1078 1076
1083 1085 1087 1089
1083 1081 1079 1077
1084 1086 1088 1090
1084 1082 1080 1078
1085 1087 1089 1091
1085 1083 1081 1079
1086 1088 1090 1092
1086 1084 1082 1080
1087 1089 1091 1093
1087 1085 1083 1081
1088 1090 1092 1094
1088 1086 1084 1082
1089 1091 1093 1095
1089 1087 1085 1083
1090 1092 1094 1096
1090 1088 1086 1084
1091 1093 1095 1097
1091 1089 1087 1085
1092 1094 1096 1098
1092 1090 1088 1086
1093 1095 1097 1099
1093 1091 1089 1087
1094 1096 1098 1100
1094 1092 1090 1088
1095 1097 1099 1101
1095 1093 1091 1089
1096 1098 1100 1102
1096 1094 1092 1090
1097 1099 1101 1103
1097 1095 1093 1091
1098 1100 1102 1104
1098 1096 1094 1092
1099 1101 1103 1105
1099 1097 1095 1093
1100 1102 1104 1106
1100 1098 1096 1094
1101 1103 1105 1107
1101 1099 1097 1095
1102 1104 1106 1108
1102 1100 1098 1096
1103 1105 1107 1109
1103 1101 1099 1097
1104 1106 1108 1110
1104 1102 1100 1098
1105 1107 1109 1111
1105 1103 1101 1099
1106 1108 1110 1112
1106 1104 1102 1100
1107 1109 1111 1114
1107 1105 1103 1101
1108 1110 1112 1113
1108 1106 1104 1102
1109 1111 1114 1116
1109 1107 1105 1103
1110 1112 1113 1115
1110 1108 1106 1104
1111 1114 1116 1118
1111 1109 1107 1105
1112 1113 1115 1117
1112 1110 1108 1106
1113 1115 1117 1119
1113 1112 1110 1108
1114 1116 1118 1120
1114 1111 1109 1107
1115 1117 1119 1121
1115 1113 1112 1110
1116 1118 1120 1122
1116 1114 1111 1109
1117 1119 1121 1123
1117 1115 1113 1112
1118 1120 1122 1124
1118 1116 1114 1111
1119 1121 1123 1125
1119 1117 1115 1113
1120 1122 1124 1126
1120 1118 1116 1114
1121 1123 1125 1127
1121 1119 1117 1115
1122 1124 1126 1128
1122 1120 1118 1116
1123 1125 1127 1129
1123 1121 1119 1117
1124 1126 1128 1130
1124 1122 1120 1118
1125 1127 1129 1131
1125 1123 1121 1119
1126 1128 1130 1132
1126 1124 1122 1120
1127 1129 1131 1133
1127 1125 1123 1121
1128 1130 1132 1134
1128 1126 1124 1122
1129 1131 1133 1135
1129 1127 1125 1123
1130 1132 1134 1136
1130 1128 1126 1124
1131 1133 1135 1137
1131 1129 1127 1125
1132 1134 1136 1138
1132 1130 1128 1126
1133 1135 1137 1139
1133 1131 1129 1127
1134 1136 1138 1140
1134 1132 1130 1128
1135 1137 1139 1141
1135 1133 1131 1129
1136 1138 1140 1142
1136 1134 1132 1130
1137 1139 1141 1143
1137 1135 1133 1131
1138 1140 1142 1144
1138 1136 1134 1132
1139 1141 1143 1145
1139 1137 1135 1133
1140 1142 1144 1146
1140 1138 1136 1134
1141 1143 1145 1147
1141 1139 1137 1135
1142 1144 1146 1148
1142 1140 1138 1136
1143 1145 1147 1149
1143 1141 1139 1137
1144 1146 1148 1150
1144 1142 1140 1138
1145 1147 1149 1151
1145 1143 1141 1139
1146 1148 1150 1152
1146 1144 1142 1140
1147 1149 1151 1153
1147 1145 1143 1141
1148 1150 1152 1154
1148 1146 1144 1142
1149 1151 1153 1155
1149 1147 1145 1143
1150 1152 1154 1156
1150 1148 1146 1144
1151 1153 1155 1157
1151 1149 1147 1145
1152 1154 1156 1158
1152 1150 1148 1146
1153 1155 1157 1159
1153 1151 1149 1147
1154 1156 1158 1160
1154 1152 1150 1148
1155 1157 1159 1161
1155 1153 1151 1149
1156 1158 1160 1163
1156 1154 1152 1150
1157 1159 1161 1164
1157 1155 1153 1151
1158 1160 1163 1162
1158 1156 1154 1152
1159 1161 1164 1165
1159 1157 1155 1153
1160 1163 1162 1166
1160 1158 1156 1154
1161 1164 1165 1167
1161 1159 1157 1155
1162 1166 1168 1170
1162 1163 1160 1158
1163 1162 1166 1168
1163 1160 1158 1156
1164 1165 1167 1169
1164 1161 1159 1157
1165 1167 1169 1171
1165 1164 1161 1159
1166 1168 1170 1172
1166 1162 1163 1160
1167 1169 1171 1173
1167 1165 1164 1161
1168 1170 1172 1174
1168 1166 1162 1163
1169 1171 1173 1175
1169 1167 1165 1164
1170 1172 1174 1176
1170 1168 1166 1162
1171 1173 1175 1177
1171 1169 1167 1165
1172 1174 1176 1178
1172 1170 1168 1166
1173 1175 1177 1179
1173 1171 1169 1167
1174 1176 1178 1180
1174 1172 1170 1168
1175 1177 1179 1181
1175 1173 1171 1169
1176 1178 1180 1183
1176 1174 1172 1170
1177 1179 1181 1184
1177 1175 1173 1171
1178 1180 1183 1182
1178 1176 1174 1172
1179 1181 1184 1186
1179 1177 1175 1173
1180 1183 1182 1185
1180 1178 1176 1174
1181 1184 1186 1188
1181 1179 1177 1175
1182 1185 1187 1189
1182 1183 1180 1178
1183 1182 1185 1187
1183 1180 1178 1176
1184 1186 1188 1190
1184 1181 1179 1177
1185 1187 1189 1191
1185 1182 1183 1180
1186 1188 1190 1192
1186 1184 1181 1179
1187 1189 1191 1193
1187 1185 1182 1183
1188 1190 1192 1194
1188 1186 1184 1181
1189 1191 1193 1195
1189 1187 1185 1182
1190 1192 1194 1196
1190 1188 1186 1184
1191 1193 1195 1197
1191 1189 1187 1185
1192 1194 1196 1198
1192 1190 1188 1186
1193 1195 1197 1199
1193 1191 1189 1187
1194 1196 1198 1200
1194 1192 1190 1188
1195 1197 1199 1201
1195 1193 1191 1189
1196 1198 1200 1202
1196 1194 1192 1190
1197 1199 1201 1203
1197 1195 1193 1191
1198 1200 1202 1204
1198 1196 1194 1192
1199 1201 1203 1205
1199 1197 1195 1193
1200 1202 1204 1206
1200 1198 1196 1194
1201 1203 1205 1207
1201 1199 1197 1195
1202 1204 1206 1208
1202 1200 1198 1196
1203 1205 1207 1209
1203 1201 1199 1197
1204 1206 1208 1210
1204 1202 1200 1198
1205 1207 1209 1211
1205 1203 1201 1199
1206 1208 1210 1212
1206 1204 1202 1200
1207 1209 1211 1213
1207 1205 1203 1201
1208 1210 1212 1214
1208 1206 1204 1202
1209 1211 1213 1215
1209 1207 1205 1203
1210 1212 1214 1216
1210 1208 1206 1204
1211 1213 1215 1217
1211 1209 1207 1205
1212 1214 1216 1218
1212 1210 1208 1206
1213 1215 1217 1219
1213 1211 1209 1207
1214 1216 1218 1220
1214 1212 1210 1208
1215 1217 1219 1221
1215 1213 1211 1209
1216 1218 1220 1222
1216 1214 1212 1210
1217 1219 1221 1223
1217 1215 1213 1211
1218 1220 1222 1224
1218 1216 1214 1212
1219 1221 1223 1225
1219 1217 1215 1213
1220 1222 1224 1226
1220 1218 1216 1214
1221 1223 1225 1227
1221 1219 1217 1215
1222 1224 1226 1228
1222 1220 1218 1216
1223 1225 1227 1229
1223 1221 1219 1217
1224 1226 1228 1230
1224 1222 1220 1218
1225 1227 1229 1231
1225 1223 1221 1219
1226 1228 1230 1232
1226 1224 1222 1220
1227 1229 1231 1233
1227 1225 1223 1221
1228 1230 1232 1234
1228 1226 1224 1222
1229 1231 1233 1236
1229 1227 1225 1223
1230 1232 1234 1237
1230 1228 1226 1224
1231 1233 1236 1235
1231 1229 1227 1225
1232 1234 1237 1239
1232 1230 1228 1226
1233 1236 1235 1238
1233 1231 1229 1227
1234 1237 1239 1241
1234 1232 1230 1228
1235 1238 1240 1242
1235 1236 1233 1231
1236 1235 1238 1240
1236 1233 1231 1229
1237 1239 1241 1243
1237 1234 1232 1230
1238 1240 1242 1246
1238 1235 1236 1233
1239 1241 1243 1244
1239 1237 1234 1232
1240 1242 1246 1245
1240 1238 1235 1236
1241 1243 1244 1247
1241 1239 1237 1234
1242 1246 1245 1248
1242 1240 1238 1235
1243 1244 1247 1249
1243 1241 1239 1237
1244 1247 1249 1251
1244 1243 1241 1239
1245 1248 1250 1252
1245 1246 1242 1240
1246 1245 1248 1250
1246 1242 1240 1238
1247 1249 1251 1253
1247 1244 1243 1241
1248 1250 1252 1254
1248 1245 1246 1242
1249 1251 1253 1255
1249 1247 1244 1243
1250 1252 1254 1257
1250 1248 1245 1246
1251 1253 1255 1256
1251 1249 1247 1244
1252 1254 1257 1259
1252 1250 1248 1245
1253 1255 1256 1258
1253 1251 1249 1247
1254 1257 1259 1261
1254 1252 1250 1248
1255 1256 1258 1260
1255 1253 1251 1249
1256 1258 1260 1262
1256 1255 1253 1251
1257 1259 1261 1263
1257 1254 1252 1250
1258 1260 1262 1264
1258 1256 1255 1253
1259 1261 1263 1266
1259 1257 1254 1252
1260 1262 1264 1265
1260 1258 1256 1255
1261 1263 1266 1268
1261 1259 1257 1254
1262 1264 1265 1267
1262 1260 1258 1256
1263 1266 1268 1270
1263 1261 1259 1257
1264 1265 1267 1269
1264 1262 1260 1258
1265 1267 1269 1271
1265 1264 1262 1260
1266 1268 1270 1272
1266 1263 1261 1259
1267 1269 1271 1273
1267 1265 1264 1262
1268 1270 1272 1274
1268 1266 1263 1261
1269 1271 1273 1275
1269 1267 1265 1264
1270 1272 1274 1276
1270 1268 1266 1263
1271 1273 1275 1277
1271 1269 1267 1265
1272 1274 1276 1278
1272 1270 1268 1266
1273 1275 1277 1279
1273 1271 1269 1267
1274 1276 1278 1280
1274 1272 1270 1268
1275 1277 1279 1281
1275 1273 1271 1269
1276 1278 1280 1282
1276 1274 1272 1270
1277 1279 1281 1283
1277 1275 1273 1271
1278 1280 1282 1284
1278 1276 1274 1272
1279 1281 1283 1285
1279 1277 1275 1273
1280 1282 1284 1286
1280 1278 1276 1274
1281 1283 1285 1287
1281 1279 1277 1275
1282 1284 1286 1288
1282 1280 1278 1276
1283 1285 1287 1289
1283 1281 1279 1277
1284 1286 1288 1290
1284 1282 1280 1278
1285 1287 1289 1291
1285 1283 1281 1279
1286 1288 1290 1292
1286 1284 1282 1280
1287 1289 1291 1293
1287 1285 1283 1281
1288 1290 1292 1294
1288 1286 1284 1282
1289 1291 1293 1295
1289 1287 1285 1283
1290 1292 1294 1296
1290 1288 1286 1284
1291 1293 1295 1297
1291 1289 1287 1285
1292 1294 1296 1298
1292 1290 1288 1286
1293 1295 1297 1299
1293 1291 1289 1287
1294 1296 1298 1300
1294 1292 1290 1288
1295 1297 1299 1301
1295 1293 1291 1289
1296 1298 1300 1302
1296 1294 1292 1290
1297 1299 1301 1303
1297 1295 1293 1291
1298 1300 1302 1304
1298 1296 1294 1292
1299 1301 1303 1305
1299 1297 1295 1293
1300 1302 1304 1306
1300 1298 1296 1294
1301 1303 1305 1307
1301 1299 1297 1295
1302 1304 1306 1308
1302 1300 1298 1296
1303 1305 1307 1309
1303 1301 1299 1297
1304 1306 1308 1311
1304 1302 1300 1298
1305 1307 1309 1312
1305 1303 1301 1299
1306 1308 1311 1310
1306 1304 1302 1300
1307 1309 1312 1314
1307 1305 1303 1301
1308 1311 1310 1313
1308 1306 1304 1302
1309 1312 1314 1316
1309 1307 1305 1303
1310 1313 1315 1317
1310 1311 1308 1306
1311 1310 1313 1315
1311 1308 1306 1304
1312 1314 1316 1318
1312 1309 1307 1305
1313 1315 1317 1321
1313 1310 1311 1308
1314 1316 1318 1319
1314 1312 1309 1307
1315 1317 1321 1320
1315 1313 1310 1311
1316 1318 1319 1322
1316 1314 1312 1309
1317 1321 1320 1323
1317 1315 1313 1310
1318 1319 1322 1324
1318 1316 1314 1312
1319 1322 1324 1326
1319 1318 1316 1314
1320 1323 1325 1328
1320 1321 1317 1315
1321 1320 1323 1325
1321 1317 1315 1313
1322 1324 1326 1327
1322 1319 1318 1316
1323 1325 1328 1330
1323 1320 1321 1317
1324 1326 1327 1329
1324 1322 1319 1318
1325 1328 1330 1332
1325 1323 1320 1321
1326 1327 1329 1331
1326 1324 1322 1319
1327 1329 1331 1333
1327 1326 1324 1322
1328 1330 1332 1334
1328 1325 1323 1320
1329 1331 1333 1335
1329 1327 1326 1324
1330 1332 1334 1336
1330 1328 1325 1323
1331 1333 1335 1337
1331 1329 1327 1326
1332 1334 1336 1338
1332 1330 1328 1325
1333 1335 1337 1339
1333 1331 1329 1327
1334 1336 1338 1341
1334 1332 1330 1328
1335 1337 1339 1340
1335 1333 1331 1329
1336 1338 1341 1343
1336 1334 1332 1330
1337 1339 1340 1342
1337 1335 1333 1331
1338 1341 1343 1345
1338 1336 1334 1332
1339 1340 1342 1344
1339 1337 1335 1333
1340 1342 1344 1346
1340 1339 1337 1335
1341 1343 1345 1348
1341 1338 1336 1334
1342 1344 1346 1347
1342 1340 1339 1337
1343 1345 1348 1350
1343 1341 1338 1336
1344 1346 1347 1349
1344 1342 1340 1339
1345 1348 1350 1352
1345 1343 1341 1338
1346 1347 1349 1351
1346 1344 1342 1340
1347 1349 1351 1353
1347 1346 1344 1342
1348 1350 1352 1354
1348 1345 1343 1341
1349 1351 1353 1355
1349 1347 1346 1344
1350 1352 1354 1356
1350 1348 1345 1343
1351 1353 1355 1357
1351 1349 1347 1346
1352 1354 1356 1358
1352 1350 1348 1345
1353 1355 1357 1359
1353 1351 1349 1347
1354 1356 1358 1360
1354 1352 1350 1348
1355 1357 1359 1361
1355 1353 1351 1349
1356 1358 1360 1362
1356 1354 1352 1350
1357 1359 1361 1363
1357 1355 1353 1351
1358 1360 1362 1365
1358 1356 1354 1352
1359 1361 1363 1364
1359 1357 1355 1353
1360 1362 1365 1367
1360 1358 1356 1354
1361 1363 1364 1366
1361 1359 1357 1355
1362 1365 1367 1370
1362 1360 1358 1356
1363 1364 1366 1368
1363 1361 1359 1357
1364 1366 1368 1371
1364 1363 1361 1359
1365 1367 1370 1369
1365 1362 1360 1358
1366 1368 1371 1373
1366 1364 1363 1361
1367 1370 1369 1372
1367 1365 1362 1360
1368 1371 1373 1375
1368 1366 1364 1363
1369 1372 1374 1377
1369 1370 1367 1365
1370 1369 1372 1374
1370 1367 1365 1362
1371 1373 1375 1376
1371 1368 1366 1364
1372 1374 1377 1380
1372 1369 1370 1367
1373 1375 1376 1378
1373 1371 1368 1366
1374 1377 1380 1379
1374 1372 1369 1370
1375 1376 1378 1381
1375 1373 1371 1368
1376 1378 1381 1382
1376 1375 1373 1371
1377 1380 1379 1383
1377 1374 1372 1369
1378 1381 1382 1384
1378 1376 1375 1373
1379 1383 1385 1387
1379 1380 1377 1374
1380 1379 1383 1385
1380 1377 1374 1372
1381 1382 1384 1386
1381 1378 1376 1375
1382 1384 1386 1388
1382 1381 1378 1376
1383 1385 1387 1389
1383 1379 1380 1377
1384 1386 1388 1390
1384 1382 1381 1378
1385 1387 1389 1391
1385 1383 1379 1380
1386 1388 1390 1392
1386 1384 1382 1381
1387 1389 1391 1393
1387 1385 1383 1379
1388 1390 1392 1394
1388 1386 1384 1382
1389 1391 1393 1395
1389 1387 1385 1383
1390 1392 1394 1396
1390 1388 1386 1384
1391 1393 1395 1398
1391 1389 1387 1385
1392 1394 1396 1397
1392 1390 1388 1386
1393 1395 1398 1400
1393 1391 1389 1387
1394 1396 1397 1399
1394 1392 1390 1388
1395 1398 1400 1403
1395 1393 1391 1389
1396 1397 1399 1401
1396 1394 1392 1390
1397 1399 1401 1402
1397 1396 1394 1392
1398 1400 1403 1405
1398 1395 1393 1391
1399 1401 1402 1404
1399 1397 1396 1394
1400 1403 1405 1408
1400 1398 1395 1393
1401 1402 1404 1406
1401 1399 1397 1396
1402 1404 1406 1407
1402 1401 1399 1397
1403 1405 1408 1410
1403 1400 1398 1395
1404 1406 1407 1409
1404 1402 1401 1399
1405 1408 1410 1412
1405 1403 1400 1398
1406 1407 1409 1411
1406 1404 1402 1401
1407 1409 1411 1413
1407 1406 1404 1402
1408 1410 1412 1414
1408 1405 1403 1400
1409 1411 1413 1415
1409 1407 1406 1404
1410 1412 1414 1416
1410 1408 1405 1403
1411 1413 1415 1417
1411 1409 1407 1406
1412 1414 1416 1419
1412 1410 1408 1405
1413 1415 1417 1418
1413 1411 1409 1407
1414 1416 1419 1421
1414 1412 1410 1408
1415 1417 1418 1420
1415 1413 1411 1409
1416 1419 1421 1424
1416 1414 1412 1410
1417 1418 1420 1422
1417 1415 1413 1411
1418 1420 1422 1423
1418 1417 1415 1413
1419 1421 1424 1426
1419 1416 1414 1412
1420 1422 1423 1425
1420 1418 1417 1415
1421 1424 1426 1429
1421 1419 1416 1414
1422 1423 1425 1427
1422 1420 1418 1417
1423 1425 1427 1428
1423 1422 1420 1418
1424 1426 1429 1431
1424 1421 1419 1416
1425 1427 1428 1430
1425 1423 1422 1420
1426 1429 1431 1433
1426 1424 1421 1419
1427 1428 1430 1432
1427 1425 1423 1422
1428 1430 1432 1434
1428 1427 1425 1423
1429 1431 1433 1436
1429 1426 1424 1421
1430 1432 1434 1435
1430 1428 1427 1425
1431 1433 1436 1438
1431 1429 1426 1424
1432 1434 1435 1437
1432 1430 1428 1427
1433 1436 1438 1441
1433 1431 1429 1426
1434 1435 1437 1439
1434 1432 1430 1428
1435 1437 1439 1440
1435 1434 1432 1430
1436 1438 1441 1444
1436 1433 1431 1429
1437 1439 1440 1442
1437 1435 1434 1432
1438 1441 1444 1447
1438 1436 1433 1431
1439 1440 1442 1443
1439 1437 1435 1434
1440 1442 1443 1445
1440 1439 1437 1435
1441 1444 1447 1449
1441 1438 1436 1433
1442 1443 1445 1446
1442 1440 1439 1437
1443 1445 1446 1448
1443 1442 1440 1439
1444 1447 1449 1452
1444 1441 1438 1436
1445 1446 1448 1450
1445 1443 1442 1440
1446 1448 1450 1451
1446 1445 1443 1442
1447 1449 1452 1456
1447 1444 1441 1438
1448 1450 1451 1453
1448 1446 1445 1443
1449 1452 1456 1455
1449 1447 1444 1441
1450 1451 1453 1454
1450 1448 1446 1445
1451 1453 1454 1457
1451 1450 1448 1446
1452 1456 1455 1459
1452 1449 1447 1444
1453 1454 1457 1458
1453 1451 1450 1448
1454 1457 1458 1460
1454 1453 1451 1450
1455 1459 1462 1465
1455 1456 1452 1449
1456 1455 1459 1462
1456 1452 1449 1447
1457 1458 1460 1461
1457 1454 1453 1451
1458 1460 1461 1463
1458 1457 1454 1453
1459 1462 1465 1469
1459 1455 1456 1452
1460 1461 1463 1464
1460 1458 1457 1454
1461 1463 1464 1466
1461 1460 1458 1457
1462 1465 1469 1468
1462 1459 1455 1456
1463 1464 1466 1467
1463 1461 1460 1458
1464 1466 1467 1470
1464 1463 1461 1460
1465 1469 1468 1471
1465 1462 1459 1455
1466 1467 1470 1472
1466 1464 1463 1461
1467 1470 1472 1473
1467 1466 1464 1463
1468 1471 1475 1478
1468 1469 1465 1462
1469 1468 1471 1475
1469 1465 1462 1459
1470 1472 1473 1474
1470 1467 1466 1464
1471 1475 1478 1481
1471 1468 1469 1465
1472 1473 1474 1476
1472 1470 1467 1466
1473 1474 1476 1477
1473 1472 1470 1467
1474 1476 1477 1479
1474 1473 1472 1470
1475 1478 1481 1484
1475 1471 1468 1469
1476 1477 1479 1480
1476 1474 1473 1472
1477 1479 1480 1482
1477 1476 1474 1473
1478 1481 1484 1487
1478 1475 1471 1468
1479 1480 1482 1483
1479 1477 1476 1474
1480 1482 1483 1485
1480 1479 1477 1476
1481 1484 1487 1491
1481 1478 1475 1471
1482 1483 1485 1486
1482 1480 1479 1477
1483 1485 1486 1488
1483 1482 1480 1479
1484 1487 1491 1494
1484 1481 1478 1475
1485 1486 1488 1489
1485 1483 1482 1480
1486 1488 1489 1490
1486 1485 1483 1482
1487 1491 1494 1498
1487 1484 1481 1478
1488 1489 1490 1492
1488 1486 1485 1483
1489 1490 1492 1493
1489 1488 1486 1485
1490 1492 1493 1495
1490 1489 1488 1486
1491 1494 1498 1501
1491 1487 1484 1481
1492 1493 1495 1496
1492 1490 1489 1488
1493 1495 1496 1497
1493 1492 1490 1489
1494 1498 1501 1505
1494 1491 1487 1484
1495 1496 1497 1499
1495 1493 1492 1490
1496 1497 1499 1500
1496 1495 1493 1492
1497 1499 1500 1502
1497 1496 1495 1493
1498 1501 1505 1508
1498 1494 1491 1487
1499 1500 1502 1503
1499 1497 1496 1495
1500 1502 1503 1504
1500 1499 1497 1496
1501 1505 1508 1511
1501 1498 1494 1491
1502 1503 1504 1506
1502 1500 1499 1497
1503 1504 1506 1507
1503 1502 1500 1499
1504 1506 1507 1509
1504 1503 1502 1500
1505 1508 1511 1514
1505 1501 1498 1494
1506 1507 1509 1510
1506 1504 1503 1502
1507 1509 1510 1512
1507 1506 1504 1503
1508 1511 1514 1518
1508 1505 1501 1498
1509 1510 1512 1513
1509 1507 1506 1504
1510 1512 1513 1515
1510 1509 1507 1506
1511 1514 1518 1522
1511 1508 1505 1501
1512 1513 1515 1516
1512 1510 1509 1507
1513 1515 1516 1517
1513 1512 1510 1509
1514 1518 1522 1526
1514 1511 1508 1505
1515 1516 1517 1519
1515 1513 1512 1510
1516 1517 1519 1520
1516 1515 1513 1512
1517 1519 1520 1521
1517 1516 1515 1513
1518 1522 1526 1529
1518 1514 1511 1508
1519 1520 1521 1523
1519 1517 1516 1515
1520 1521 1523 1524
1520 1519 1517 1516
1521 1523 1524 1525
1521 1520 1519 1517
1522 1526 1529 1532
1522 1518 1514 1511
1523 1524 1525 1527
1523 1521 1520 1519
1524 1525 1527 1528
1524 1523 1521 1520
1525 1527 1528 1530
1525 1524 1523 1521
1526 1529 1532 1536
1526 1522 1518 1514
1527 1528 1530 1531
1527 1525 1524 1523
1528 1530 1531 1533
1528 1527 1525 1524
1529 1532 1536 1540
1529 1526 1522 1518
1530 1531 1533 1534
1530 1528 1527 1525
1531 1533 1534 1535
1531 1530 1528 1527
1532 1536 1540 1544
1532 1529 1526 1522
1533 1534 1535 1537
1533 1531 1530 1528
1534 1535 1537 1538
1534 1533 1531 1530
1535 1537 1538 1539
1535 1534 1533 1531
1536 1540 1544 1548
1536 1532 1529 1526
1537 1538 1539 1541
1537 1535 1534 1533
1538 1539 1541 1542
1538 1537 1535 1534
1539 1541 1542 1543
1539 1538 1537 1535
1540 1544 1548 1552
1540 1536 1532 1529
1541 1542 1543 1545
1541 1539 1538 1537
1542 1543 1545 1546
1542 1541 1539 1538
1543 1545 1546 1547
1543 1542 1541 1539
1544 1548 1552 1556
1544 1540 1536 1532
1545 1546 1547 1549
1545 1543 1542 1541
1546 1547 1549 1550
1546 1545 1543 1542
1547 1549 1550 1551
1547 1546 1545 1543
1548 1552 1556 1560
1548 1544 1540 1536
1549 1550 1551 1553
1549 1547 1546 1545
1550 1551 1553 1554
1550 1549 1547 1546
1551 1553 1554 1555
1551 1550 1549 1547
1552 1556 1560 1564
1552 1548 1544 1540
1553 1554 1555 1557
1553 1551 1550 1549
1554 1555 1557 1558
1554 1553 1551 1550
1555 1557 1558 1559
1555 1554 1553 1551
1556 1560 1564 1568
1556 1552 1548 1544
1557 1558 1559 1561
1557 1555 1554 1553
1558 1559 1561 1562
1558 1557 1555 1554
1559 1561 1562 1563
1559 1558 1557 1555
1560 1564 1568 1573
1560 1556 1552 1548
1561 1562 1563 1565
1561 1559 1558 1557
1562 1563 1565 1566
1562 1561 1559 1558
1563 1565 1566 1567
1563 1562 1561 1559
1564 1568 1573 1577
1564 1560 1556 1552
1565 1566 1567 1569
1565 1563 1562 1561
1566 1567 1569 1570
1566 1565 1563 1562
1567 1569 1570 1571
1567 1566 1565 1563
1568 1573 1577 1582
1568 1564 1560 1556
1569 1570 1571 1572
1569 1567 1566 1565
1570 1571 1572 1574
1570 1569 1567 1566
1571 1572 1574 1575
1571 1570 1569 1567
1572 1574 1575 1576
1572 1571 1570 1569
1573 1577 1582 1581
1573 1568 1564 1560
1574 1575 1576 1578
1574 1572 1571 1570
1575 1576 1578 1579
1575 1574 1572 1571
1576 1578 1579 1580
1576 1575 1574 1572
1577 1582 1581 1586
1577 1573 1568 1564
1578 1579 1580 1583
1578 1576 1575 1574
1579 1580 1583 1584
1579 1578 1576 1575
1580 1583 1584 1585
1580 1579 1578 1576
1581 1586 1590 1594
1581 1582 1577 1573
1582 1581 1586 1590
1582 1577 1573 1568
1583 1584 1585 1587
1583 1580 1579 1578
1584 1585 1587 1588
1584 1583 1580 1579
1585 1587 1588 1589
1585 1584 1583 1580
1586 1590 1594 1599
1586 1581 1582 1577
1587 1588 1589 1591
1587 1585 1584 1583
1588 1589 1591 1592
1588 1587 1585 1584
1589 1591 1592 1593
1589 1588 1587 1585
1590 1594 1599 1598
1590 1586 1581 1582
1591 1592 1593 1595
1591 1589 1588 1587
1592 1593 1595 1596
1592 1591 1589 1588
1593 1595 1596 1597
1593 1592 1591 1589
1594 1599 1598 1603
1594 1590 1586 1581
1595 1596 1597 1600
1595 1593 1592 1591
1596 1597 1600 1601
1596 1595 1593 1592
1597 1600 1601 1602
1597 1596 1595 1593
1598 1603 1608 1613
1598 1599 1594 1590
1599 1598 1603 1608
1599 1594 1590 1586
1600 1601 1602 1604
1600 1597 1596 1595
1601 1602 1604 1605
1601 1600 1597 1596
1602 1604 1605 1606
1602 1601 1600 1597
1603 1608 1613 1619
1603 1598 1599 1594
1604 1605 1606 1607
1604 1602 1601 1600
1605 1606 1607 1609
1605 1604 1602 1601
1606 1607 1609 1610
1606 1605 1604 1602
1607 1609 1610 1611
1607 1606 1605 1604
1608 1613 1619 1640
1608 1603 1598 1599
1609 1610 1611 1612
1609 1607 1606 1605
1610 1611 1612 1614
1610 1609 1607 1606
1611 1612 1614 1615
1611 1610 1609 1607
1612 1614 1615 1616
1612 1611 1610 1609
1613 1619 1640 1673
1613 1608 1603 1598
1614 1615 1616 1617
1614 1612 1611 1610
1615 1616 1617 1618
1615 1614 1612 1611
1616 1617 1618 1620
1616 1615 1614 1612
1617 1618 1620 1621
1617 1616 1615 1614
1618 1620 1621 1622
1618 1617 1616 1615
1619 1640 1673 1698
1619 1613 1608 1603
1620 1621 1622 1623
1620 1618 1617 1616
1621 1622 1623 1624
1621 1620 1618 1617
1622 1623 1624 1625
1622 1621 1620 1618
1623 1624 1625 1626
1623 1622 1621 1620
1624 1625 1626 1627
1624 1623 1622 1621
1625 1626 1627 1628
1625 1624 1623 1622
1626 1627 1628 1629
1626 1625 1624 1623
1627 1628 1629 1630
1627 1626 1625 1624
1628 1629 1630 1631
1628 1627 1626 1625
1629 1630 1631 1632
1629 1628 1627 1626
1630 1631 1632 1633
1630 1629 1628 1627
1631 1632 1633 1634
1631 1630 1629 1628
1632 1633 1634 1635
1632 1631 1630 1629
1633 1634 1635 1636
1633 1632 1631 1630
1634 1635 1636 1637
1634 1633 1632 1631
1635 1636 1637 1638
1635 1634 1633 1632
1636 1637 1638 1639
1636 1635 1634 1633
1637 1638 1639 1641
1637 1636 1635 1634
1638 1639 1641 1642
1638 1637 1636 1635
1639 1641 1642 1643
1639 1638 1637 1636
1640 1673 1698 1697
1640 1619 1613 1608
1641 1642 1643 1644
1641 1639 1638 1637
1642 1643 1644 1645
1642 1641 1639 1638
1643 1644 1645 1646
1643 1642 1641 1639
1644 1645 1646 1647
1644 1643 1642 1641
1645 1646 1647 1648
1645 1644 1643 1642
1646 1647 1648 1649
1646 1645 1644 1643
1647 1648 1649 1650
1647 1646 1645 1644
1648 1649 1650 1651
1648 1647 1646 1645
1649 1650 1651 1652
1649 1648 1647 1646
1650 1651 1652 1653
1650 1649 1648 1647
1651 1652 1653 1654
1651 1650 1649 1648
1652 1653 1654 1655
1652 1651 1650 1649
1653 1654 1655 1656
1653 1652 1651 1650
1654 1655 1656 1657
1654 1653 1652 1651
1655 1656 1657 1658
1655 1654 1653 1652
1656 1657 1658 1659
1656 1655 1654 1653
1657 1658 1659 1660
1657 1656 1655 1654
1658 1659 1660 1661
1658 1657 1656 1655
1659 1660 1661 1662
1659 1658 1657 1656
1660 1661 1662 1663
1660 1659 1658 1657
1661 1662 1663 1664
1661 1660 1659 1658
1662 1663 1664 1665
1662 1661 1660 1659
1663 1664 1665 1666
1663 1662 1661 1660
1664 1665 1666 1667
1664 1663 1662 1661
1665 1666 1667 1668
1665 1664 1663 1662
1666 1667 1668 1669
1666 1665 1664 1663
1667 1668 1669 1670
1667 1666 1665 1664
1668 1669 1670 1671
1668 1667 1666 1665
1669 1670 1671 1672
1669 1668 1667 1666
1670 1671 1672 1674
1670 1669 1668 1667
1671 1672 1674 1675
1671 1670 1669 1668
1672 1674 1675 1676
1672 1671 1670 1669
1673 1698 1697 1733
1673 1640 1619 1613
1674 1675 1676 1677
1674 1672 1671 1670
1675 1676 1677 1678
1675 1674 1672 1671
1676 1677 1678 1679
1676 1675 1674 1672
1677 1678 1679 1680
1677 1676 1675 1674
1678 1679 1680 1681
1678 1677 1676 1675
1679 1680 1681 1682
1679 1678 1677 1676
1680 1681 1682 1683
1680 1679 1678 1677
1681 1682 1683 1684
1681 1680 1679 1678
1682 1683 1684 1685
1682 1681 1680 1679
1683 1684 1685 1686
1683 1682 1681 1680
1684 1685 1686 1687
1684 1683 1682 1681
1685 1686 1687 1688
1685 1684 1683 1682
1686 1687 1688 1689
1686 1685 1684 1683
1687 1688 1689 1690
1687 1686 1685 1684
1688 1689 1690 1691
1688 1687 1686 1685
1689 1690 1691 1692
1689 1688 1687 1686
1690 1691 1692 1693
1690 1689 1688 1687
1691 1692 1693 1694
1691 1690 1689 1688
1692 1693 1694 1695
1692 1691 1690 1689
1693 1694 1695 1696
1693 1692 1691 1690
1694 1695 1696 1699
1694 1693 1692 1691
1695 1696 1699 1700
1695 1694 1693 1692
1696 1699 1700 1701
1696 1695 1694 1693
1697 1733 1732 1747
1697 1698 1673 1640
1698 1697 1733 1732
1698 1673 1640 1619
1699 1700 1701 1702
1699 1696 1695 1694
1700 1701 1702 1703
1700 1699 1696 1695
1701 1702 1703 1704
1701 1700 1699 1696
1702 1703 1704 1705
1702 1701 1700 1699
1703 1704 1705 1706
1703 1702 1701 1700
1704 1705 1706 1707
1704 1703 1702 1701
1705 1706 1707 1708
1705 1704 1703 1702
1706 1707 1708 1709
1706 1705 1704 1703
1707 1708 1709 1710
1707 1706 1705 1704
1708 1709 1710 1711
1708 1707 1706 1705
1709 1710 1711 1712
1709 1708 1707 1706
1710 1711 1712 1713
1710 1709 1708 1707
1711 1712 1713 1714
1711 1710 1709 1708
1712 1713 1714 1715
1712 1711 1710 1709
1713 1714 1715 1716
1713 1712 1711 1710
1714 1715 1716 1717
1714 1713 1712 1711
1715 1716 1717 1718
1715 1714 1713 1712
1716 1717 1718 1719
1716 1715 1714 1713
1717 1718 1719 1720
1717 1716 1715 1714
1718 1719 1720 1721
1718 1717 1716 1715
1719 1720 1721 1722
1719 1718 1717 1716
1720 1721 1722 1723
1720 1719 1718 1717
1721 1722 1723 1724
1721 1720 1719 1718
1722 1723 1724 1725
1722 1721 1720 1719
1723 1724 1725 1726
1723 1722 1721 1720
1724 1725 1726 1727
1724 1723 1722 1721
1725 1726 1727 1728
1725 1724 1723 1722
1726 1727 1728 1729
1726 1725 1724 1723
1727 1728 1729 1730
1727 1726 1725 1724
1728 1729 1730 1731
1728 1727 1726 1725
1729 1730 1731 1734
1729 1728 1727 1726
1730 1731 1734 1735
1730 1729 1728 1727
1731 1734 1735 1736
1731 1730 1729 1728
1732 1747 1746 1745
1732 1733 1697 1698
1733 1732 1747 1746
1733 1697 1698 1673
1734 1735 1736 1737
1734 1731 1730 1729
1735 1736 1737 1738
1735 1734 1731 1730
1736 1737 1738 1739
1736 1735 1734 1731
1737 1738 1739 1740
1737 1736 1735 1734
1738 1739 1740 1741
1738 1737 1736 1735
1739 1740 1741 1742
1739 1738 1737 1736
1740 1741 1742 1743
1740 1739 1738 1737
1741 1742 1743 1744
1741 1740 1739 1738
1742 1743 1744 1745
1742 1741 1740 1739
1743 1744 1745 1746
1743 1742 1741 1740
1744 1745 1746 1747
1744 1743 1742 1741
1745 1746 1747 1732
1745 1744 1743 1742
1746 1745 1744 1743
1746 1747 1732 1733
1747 1746 1745 1744
1747 1732 1733 1697
