0 66 65 64
0 1 2 3
1 0 66 65
1 2 3 4
2 1 0 66
2 3 4 67
3 4 67 68
3 2 1 0
4 67 68 69
4 3 2 1
5 112 111 110
5 6 7 8
6 5 112 111
6 7 8 9
7 6 5 112
7 8 9 10
8 7 6 5
8 9 10 11
9 8 7 6
9 10 11 12
10 9 8 7
10 11 12 13
11 10 9 8
11 12 13 14
12 11 10 9
12 13 14 15
13 12 11 10
13 14 15 16
14 13 12 11
14 15 16 17
15 14 13 12
15 16 17 18
16 15 14 13
16 17 18 19
17 16 15 14
17 18 19 20
18 17 16 15
18 19 20 21
19 18 17 16
19 20 21 22
20 19 18 17
20 21 22 23
21 20 19 18
21 22 23 24
22 21 20 19
22 23 24 25
23 22 21 20
23 24 25 26
24 23 22 21
24 25 26 27
25 24 23 22
25 26 27 28
26 25 24 23
26 27 28 29
27 26 25 24
27 28 29 30
28 27 26 25
28 29 30 31
29 28 27 26
29 30 31 32
30 29 28 27
30 31 32 33
31 30 29 28
31 32 33 34
32 31 30 29
32 33 34 35
33 32 31 30
33 34 35 36
34 33 32 31
34 35 36 37
35 34 33 32
35 36 37 38
36 35 34 33
36 37 38 39
37 36 35 34
37 38 39 40
38 37 36 35
38 39 40 41
39 38 37 36
39 40 41 42
40 39 38 37
40 41 42 43
41 40 39 38
41 42 43 44
42 41 40 39
42 43 44 45
43 42 41 40
43 44 45 46
44 43 42 41
44 45 46 47
45 44 43 42
45 46 47 48
46 45 44 43
46 47 48 49
47 46 45 44
47 48 49 50
48 47 46 45
48 49 50 51
49 48 47 46
49 50 51 52
50 49 48 47
50 51 52 53
51 50 49 48
51 52 53 54
52 51 50 49
52 53 54 55
53 52 51 50
53 54 55 56
54 53 52 51
54 55 56 57
55 54 53 52
55 56 57 58
56 55 54 53
56 57 58 59
57 56 55 54
57 58 59 60
58 57 56 55
58 59 60 61
59 58 57 56
59 60 61 62
60 59 58 57
60 61 62 63
61 60 59 58
61 62 63 64
62 61 60 59
62 63 64 65
63 62 61 60
63 64 65 66
64 63 62 61
64 65 66 0
65 64 63 62
65 66 0 1
66 65 64 63
66 0 1 2
67 68 69 70
67 4 3 2
68 69 70 113
68 67 4 3
69 70 113 114
69 68 67 4
70 113 114 120
70 69 68 67
71 119 118 117
71 72 73 74
72 71 119 118
72 73 74 75
73 72 71 119
73 74 75 76
74 73 72 71
74 75 76 77
75 74 73 72
75 76 77 78
76 75 74 73
76 77 78 79
77 76 75 74
77 78 79 80
78 77 76 75
78 79 80 81
79 78 77 76
79 80 81 82
80 79 78 77
80 81 82 83
81 80 79 78
81 82 83 84
82 81 80 79
82 83 84 85
83 82 81 80
83 84 85 86
84 83 82 81
84 85 86 87
85 84 83 82
85 86 87 88
86 85 84 83
86 87 88 89
87 86 85 84
87 88 89 90
88 87 86 85
88 89 90 91
89 88 87 86
89 90 91 92
90 89 88 87
90 91 92 93
91 90 89 88
91 92 93 94
92 91 90 89
92 93 94 95
93 92 91 90
93 94 95 96
94 93 92 91
94 95 96 97
95 94 93 92
95 96 97 98
96 95 94 93
96 97 98 99
97 96 95 94
97 98 99 100
98 97 96 95
98 99 100 101
99 98 97 96
99 100 101 102
100 99 98 97
100 101 102 103
101 100 99 98
101 102 103 104
102 101 100 99
102 103 104 105
103 102 101 100
103 104 105 106
104 103 102 101
104 105 106 107
105 104 103 102
105 106 107 108
106 105 104 103
106 107 108 109
107 106 105 104
107 108 109 110
108 107 106 105
108 109 110 111
109 108 107 106
109 110 111 112
110 109 108 107
110 111 112 5
111 110 109 108
111 112 5 6
112 111 110 109
112 5 6 7
113 114 120 121
113 70 69 68
114 120 121 125
114 113 70 69
115 124 123 122
115 116 117 118
116 115 124 123
116 117 118 119
117 116 115 124
117 118 119 71
118 117 116 115
118 119 71 72
119 118 117 116
119 71 72 73
120 121 125 126
120 114 113 70
121 125 126 127
121 120 114 113
122 129 128 134
122 123 124 115
123 122 129 128
123 124 115 116
124 123 122 129
124 115 116 117
125 126 127 130
125 121 120 114
126 127 130 131
126 125 121 120
127 130 131 132
127 126 125 121
128 134 133 139
128 129 122 123
129 128 134 133
129 122 123 124
130 131 132 135
130 127 126 125
131 132 135 136
131 130 127 126
132 135 136 137
132 131 130 127
133 139 138 144
133 134 128 129
134 133 139 138
134 128 129 122
135 136 137 141
135 132 131 130
136 137 141 142
136 135 132 131
137 141 142 147
137 136 135 132
138 144 143 150
138 139 133 134
139 138 144 143
139 133 134 128
140 146 145 151
141 142 147 148
141 137 136 135
142 147 148 152
142 141 137 136
143 150 149 156
143 144 138 139
144 143 150 149
144 138 139 133
145 151 157 164
145 146 140 -1
146 145 151 157
147 148 152 153
147 142 141 137
148 152 153 154
148 147 142 141
149 156 155 162
149 150 143 144
150 149 156 155
150 143 144 138
151 157 164 170
151 145 146 140
152 153 154 158
152 148 147 142
153 154 158 159
153 152 148 147
154 158 159 160
154 153 152 148
155 162 161 168
155 156 149 150
156 155 162 161
156 149 150 143
157 164 170 177
157 151 145 146
158 159 160 165
158 154 153 152
159 160 165 166
159 158 154 153
160 165 166 171
160 159 158 154
161 168 167 174
161 162 155 156
162 161 168 167
162 155 156 149
163 169 176 175
164 170 177 184
164 157 151 145
165 166 171 172
165 160 159 158
166 171 172 178
166 165 160 159
167 174 173 181
167 168 161 162
168 167 174 173
168 161 162 155
169 176 175 183
170 177 184 192
170 164 157 151
171 172 178 179
171 166 165 160
172 178 179 185
172 171 166 165
173 181 180 189
173 174 167 168
174 173 181 180
174 167 168 161
175 183 182 191
175 176 169 163
176 175 183 182
176 169 163 -1
177 184 192 199
177 170 164 157
178 179 185 186
178 172 171 166
179 185 186 187
179 178 172 171
180 189 188 197
180 181 173 174
181 180 189 188
181 173 174 167
182 191 190 198
182 183 175 176
183 182 191 190
183 175 176 169
184 192 199 205
184 177 170 164
185 186 187 193
185 179 178 172
186 187 193 194
186 185 179 178
187 193 194 195
187 186 185 179
188 197 196 203
188 189 180 181
189 188 197 196
189 180 181 173
190 198 204 210
190 191 182 183
191 190 198 204
191 182 183 175
192 199 205 211
192 184 177 170
193 194 195 200
193 187 186 185
194 195 200 201
194 193 187 186
195 200 201 206
195 194 193 187
196 203 202 208
196 197 188 189
197 196 203 202
197 188 189 180
198 204 210 209
198 190 191 182
199 205 211 216
199 192 184 177
200 201 206 207
200 195 194 193
201 206 207 212
201 200 195 194
202 208 214 221
202 203 196 197
203 202 208 214
203 196 197 188
204 210 209 215
204 198 190 191
205 211 216 223
205 199 192 184
206 207 212 213
206 201 200 195
207 212 213 217
207 206 201 200
208 214 221 220
208 202 203 196
209 215 222 229
209 210 204 198
210 209 215 222
210 204 198 190
211 216 223 230
211 205 199 192
212 213 217 218
212 207 206 201
213 217 218 219
213 212 207 206
214 221 220 227
214 208 202 203
215 222 229 228
215 209 210 204
216 223 230 236
216 211 205 199
217 218 219 224
217 213 212 207
218 219 224 225
218 217 213 212
219 224 225 231
219 218 217 213
220 227 226 234
220 221 214 208
221 220 227 226
221 214 208 202
222 229 228 235
222 215 209 210
223 230 236 240
223 216 211 205
224 225 231 232
224 219 218 217
225 231 232 237
225 224 219 218
226 234 233 238
226 227 220 221
227 226 234 233
227 220 221 214
228 235 239 245
228 229 222 215
229 228 235 239
229 222 215 209
230 236 240 246
230 223 216 211
231 232 237 241
231 225 224 219
232 237 241 247
232 231 225 224
233 238 243 242
233 234 226 227
234 233 238 243
234 226 227 220
235 239 245 244
235 228 229 222
236 240 246 251
236 230 223 216
237 241 247 252
237 232 231 225
238 243 242 249
238 233 234 226
239 245 244 250
239 235 228 229
240 246 251 255
240 236 230 223
241 247 252 256
241 237 232 231
242 249 248 253
242 243 238 233
243 242 249 248
243 238 233 234
244 250 254 260
244 245 239 235
245 244 250 254
245 239 235 228
246 251 255 261
246 240 236 230
247 252 256 262
247 241 237 232
248 253 258 257
248 249 242 243
249 248 253 258
249 242 243 238
250 254 260 259
250 244 245 239
251 255 261 265
251 246 240 236
252 256 262 266
252 247 241 237
253 258 257 263
253 248 249 242
254 260 259 264
254 250 244 245
255 261 265 270
255 251 246 240
256 262 266 271
256 252 247 241
257 263 268 267
257 258 253 248
258 257 263 268
258 253 248 249
259 264 269 274
259 260 254 250
260 259 264 269
260 254 250 244
261 265 270 275
261 255 251 246
262 266 271 276
262 256 252 247
263 268 267 272
263 257 258 253
264 269 274 273
264 259 260 254
265 270 275 279
265 261 255 251
266 271 276 280
266 262 256 252
267 272 277 281
267 268 263 257
268 267 272 277
268 263 257 258
269 274 273 278
269 264 259 260
270 275 279 284
270 265 261 255
271 276 280 285
271 266 262 256
272 277 281 287
272 267 268 263
273 278 283 282
273 274 269 264
274 273 278 283
274 269 264 259
275 279 284 289
275 270 265 261
276 280 285 290
276 271 266 262
277 281 287 286
277 272 267 268
278 283 282 288
278 273 274 269
279 284 289 294
279 275 270 265
280 285 290 295
280 276 271 266
281 287 286 291
281 277 272 267
282 288 293 292
282 283 278 273
283 282 288 293
283 278 273 274
284 289 294 299
284 279 275 270
285 290 295 300
285 280 276 271
286 291 297 296
286 287 281 277
287 286 291 297
287 281 277 272
288 293 292 298
288 282 283 278
289 294 299 303
289 284 279 275
290 295 300 304
290 285 280 276
291 297 296 301
291 286 287 281
292 298 302 306
292 293 288 282
293 292 298 302
293 288 282 283
294 299 303 307
294 289 284 279
295 300 304 308
295 290 285 280
296 301 305 309
296 297 291 286
297 296 301 305
297 291 286 287
298 302 306 310
298 292 293 288
299 303 307 311
299 294 289 284
300 304 308 312
300 295 290 285
301 305 309 313
301 296 297 291
302 306 310 315
302 298 292 293
303 307 311 316
303 299 294 289
304 308 312 317
304 300 295 290
305 309 313 318
305 301 296 297
306 310 315 314
306 302 298 292
307 311 316 320
307 303 299 294
308 312 317 321
308 304 300 295
309 313 318 322
309 305 301 296
310 315 314 319
310 306 302 298
311 316 320 325
311 307 303 299
312 317 321 326
312 308 304 300
313 318 322 327
313 309 305 301
314 319 324 323
314 315 310 306
315 314 319 324
315 310 306 302
316 320 325 329
316 311 307 303
317 321 326 330
317 312 308 304
318 322 327 331
318 313 309 305
319 324 323 328
319 314 315 310
320 325 329 334
320 316 311 307
321 326 330 335
321 317 312 308
322 327 331 336
322 318 313 309
323 328 333 332
323 324 319 314
324 323 328 333
324 319 314 315
325 329 334 338
325 320 316 311
326 330 335 339
326 321 317 312
327 331 336 341
327 322 318 313
328 333 332 337
328 323 324 319
329 334 338 344
329 325 320 316
330 335 339 345
330 326 321 317
331 336 341 340
331 327 322 318
332 337 343 342
332 333 328 323
333 332 337 343
333 328 323 324
334 338 344 348
334 329 325 320
335 339 345 349
335 330 326 321
336 341 340 346
336 331 327 322
337 343 342 347
337 332 333 328
338 344 348 353
338 334 329 325
339 345 349 354
339 335 330 326
340 346 350 356
340 341 336 331
341 340 346 350
341 336 331 327
342 347 352 351
342 343 337 332
343 342 347 352
343 337 332 333
344 348 353 358
344 338 334 329
345 349 354 359
345 339 335 330
346 350 356 355
346 340 341 336
347 352 351 357
347 342 343 337
348 353 358 363
348 344 338 334
349 354 359 364
349 345 339 335
350 356 355 360
350 346 340 341
351 357 362 361
351 352 347 342
352 351 357 362
352 347 342 343
353 358 363 367
353 348 344 338
354 359 364 368
354 349 345 339
355 360 365 370
355 356 350 346
356 355 360 365
356 350 346 340
357 362 361 366
357 351 352 347
358 363 367 372
358 353 348 344
359 364 368 373
359 354 349 345
360 365 370 369
360 355 356 350
361 366 371 375
361 362 357 351
362 361 366 371
362 357 351 352
363 367 372 376
363 358 353 348
364 368 373 377
364 359 354 349
365 370 369 374
365 360 355 356
366 371 375 379
366 361 362 357
367 372 376 380
367 363 358 353
368 373 377 381
368 364 359 354
369 374 378 382
369 370 365 360
370 369 374 378
370 365 360 355
371 375 379 384
371 366 361 362
372 376 380 385
372 367 363 358
373 377 381 386
373 368 364 359
374 378 382 387
374 369 370 365
375 379 384 383
375 371 366 361
376 380 385 389
376 372 367 363
377 381 386 390
377 373 368 364
378 382 387 391
378 374 369 370
379 384 383 388
379 375 371 366
380 385 389 393
380 376 372 367
381 386 390 394
381 377 373 368
382 387 391 395
382 378 374 369
383 388 392 -1
383 384 379 375
384 383 388 392
384 379 375 371
385 389 393 396
385 380 376 372
386 390 394 397
386 381 377 373
387 391 395 398
387 382 378 374
388 383 384 379
389 393 396 399
389 385 380 376
390 394 397 400
390 386 381 377
391 395 398 401
391 387 382 378
392 388 383 384
393 396 399 402
393 389 385 380
394 397 400 403
394 390 386 381
395 398 401 404
395 391 387 382
396 399 402 405
396 393 389 385
397 400 403 406
397 394 390 386
398 401 404 407
398 395 391 387
399 402 405 408
399 396 393 389
400 403 406 409
400 397 394 390
401 404 407 410
401 398 395 391
402 405 408 411
402 399 396 393
403 406 409 412
403 400 397 394
404 407 410 413
404 401 398 395
405 408 411 414
405 402 399 396
406 409 412 415
406 403 400 397
407 410 413 416
407 404 401 398
408 411 414 417
408 405 402 399
409 412 415 418
409 406 403 400
410 413 416 419
410 407 404 401
411 414 417 420
411 408 405 402
412 415 418 421
412 409 406 403
413 416 419 422
413 410 407 404
414 417 420 423
414 411 408 405
415 418 421 424
415 412 409 406
416 419 422 425
416 413 410 407
417 420 423 426
417 414 411 408
418 421 424 427
418 415 412 409
419 422 425 428
419 416 413 410
420 423 426 429
420 417 414 411
421 424 427 430
421 418 415 412
422 425 428 431
422 419 416 413
423 426 429 432
423 420 417 414
424 427 430 433
424 421 418 415
425 428 431 434
425 422 419 416
426 429 432 435
426 423 420 417
427 430 433 436
427 424 421 418
428 431 434 437
428 425 422 419
429 432 435 438
429 426 423 420
430 433 436 439
430 427 424 421
431 434 437 440
431 428 425 422
432 435 438 441
432 429 426 423
433 436 439 442
433 430 427 424
434 437 440 443
434 431 428 425
435 438 441 444
435 432 429 426
436 439 442 445
436 433 430 427
437 440 443 446
437 434 431 428
438 441 444 447
438 435 432 429
439 442 445 448
439 436 433 430
440 443 446 449
440 437 434 431
441 444 447 450
441 438 435 432
442 445 448 451
442 439 436 433
443 446 449 452
443 440 437 434
444 447 450 453
444 441 438 435
445 448 451 454
445 442 439 436
446 449 452 455
446 443 440 437
447 450 453 456
447 444 441 438
448 451 454 457
448 445 442 439
449 452 455 458
449 446 443 440
450 453 456 459
450 447 444 441
451 454 457 460
451 448 445 442
452 455 458 461
452 449 446 443
453 456 459 462
453 450 447 444
454 457 460 463
454 451 448 445
455 458 461 464
455 452 449 446
456 459 462 465
456 453 450 447
457 460 463 466
457 454 451 448
458 461 464 467
458 455 452 449
459 462 465 469
459 456 453 450
460 463 466 470
460 457 454 451
461 464 467 471
461 458 455 452
462 465 469 468
462 459 456 453
463 466 470 473
463 460 457 454
464 467 471 475
464 461 458 455
465 469 468 472
465 462 459 456
466 470 473 477
466 463 460 457
467 471 475 474
467 464 461 458
468 472 476 479
468 469 465 462
469 468 472 476
469 465 462 459
470 473 477 480
470 466 463 460
471 475 474 478
471 467 464 461
472 476 479 482
472 468 469 465
473 477 480 483
473 470 466 463
474 478 481 484
474 475 471 467
475 474 478 481
475 471 467 464
476 479 482 485
476 472 468 469
477 480 483 486
477 473 470 466
478 481 484 487
478 474 475 471
479 482 485 488
479 476 472 468
480 483 486 489
480 477 473 470
481 484 487 490
481 478 474 475
482 485 488 491
482 479 476 472
483 486 489 492
483 480 477 473
484 487 490 494
484 481 478 474
485 488 491 495
485 482 479 476
486 489 492 496
486 483 480 477
487 490 494 493
487 484 481 478
488 491 495 498
488 485 482 479
489 492 496 499
489 486 483 480
490 494 493 497
490 487 484 481
491 495 498 501
491 488 485 482
492 496 499 502
492 489 486 483
493 497 500 503
493 494 490 487
494 493 497 500
494 490 487 484
495 498 501 504
495 491 488 485
496 499 502 505
496 492 489 486
497 500 503 506
497 493 494 490
498 501 504 507
498 495 491 488
499 502 505 508
499 496 492 489
500 503 506 509
500 497 493 494
501 504 507 510
501 498 495 491
502 505 508 511
502 499 496 492
503 506 509 512
503 500 497 493
504 507 510 513
504 501 498 495
505 508 511 514
505 502 499 496
506 509 512 515
506 503 500 497
507 510 513 516
507 504 501 498
508 511 514 517
508 505 502 499
509 512 515 518
509 506 503 500
510 513 516 519
510 507 504 501
511 514 517 520
511 508 505 502
512 515 518 521
512 509 506 503
513 516 519 522
513 510 507 504
514 517 520 523
514 511 508 505
515 518 521 524
515 512 509 506
516 519 522 525
516 513 510 507
517 520 523 526
517 514 511 508
518 521 524 527
518 515 512 509
519 522 525 528
519 516 513 510
520 523 526 529
520 517 514 511
521 524 527 530
521 518 515 512
522 525 528 531
522 519 516 513
523 526 529 532
523 520 517 514
524 527 530 533
524 521 518 515
525 528 531 535
525 522 519 516
526 529 532 536
526 523 520 517
527 530 533 537
527 524 521 518
528 531 535 534
528 525 522 519
529 532 536 539
529 526 523 520
530 533 537 540
530 527 524 521
531 535 534 538
531 528 525 522
532 536 539 542
532 529 526 523
533 537 540 543
533 530 527 524
534 538 541 544
534 535 531 528
535 534 538 541
535 531 528 525
536 539 542 545
536 532 529 526
537 540 543 546
537 533 530 527
538 541 544 547
538 534 535 531
539 542 545 548
539 536 532 529
540 543 546 549
540 537 533 530
541 544 547 550
541 538 534 535
542 545 548 551
542 539 536 532
543 546 549 553
543 540 537 533
544 547 550 554
544 541 538 534
545 548 551 552
545 542 539 536
546 549 553 556
546 543 540 537
547 550 554 557
547 544 541 538
548 551 552 555
548 545 542 539
549 553 556 559
549 546 543 540
550 554 557 560
550 547 544 541
551 552 555 558
551 548 545 542
552 555 558 561
552 551 548 545
553 556 559 562
553 549 546 543
554 557 560 563
554 550 547 544
555 558 561 564
555 552 551 548
556 559 562 565
556 553 549 546
557 560 563 566
557 554 550 547
558 561 564 570
558 555 552 551
559 562 565 571
559 556 553 549
560 563 566 572
560 557 554 550
561 564 570 577
561 558 555 552
562 565 571 578
562 559 556 553
563 566 572 579
563 560 557 554
564 570 577 584
564 561 558 555
565 571 578 585
565 562 559 556
566 572 579 586
566 563 560 557
567 574 573 581
567 568 569 575
568 567 574 573
568 569 575 576
569 575 576 582
569 568 567 574
570 577 584 591
570 564 561 558
571 578 585 592
571 565 562 559
572 579 586 593
572 566 563 560
573 581 580 588
573 574 567 568
574 573 581 580
574 567 568 569
575 576 582 583
575 569 568 567
576 582 583 589
576 575 569 568
577 584 591 596
577 570 564 561
578 585 592 597
578 571 565 562
579 586 593 598
579 572 566 563
580 588 587 594
580 581 573 574
581 580 588 587
581 573 574 567
582 583 589 590
582 576 575 569
583 589 590 595
583 582 576 575
584 591 596 603
584 577 570 564
585 592 597 604
585 578 571 565
586 593 598 605
586 579 572 566
587 594 600 599
587 588 580 581
588 587 594 600
588 580 581 573
589 590 595 601
589 583 582 576
590 595 601 602
590 589 583 582
591 596 603 608
591 584 577 570
592 597 604 609
592 585 578 571
593 598 605 610
593 586 579 572
594 600 599 606
594 587 588 580
595 601 602 607
595 590 589 583
596 603 608 615
596 591 584 577
597 604 609 616
597 592 585 578
598 605 610 617
598 593 586 579
599 606 612 611
599 600 594 587
600 599 606 612
600 594 587 588
601 602 607 613
601 595 590 589
602 607 613 614
602 601 595 590
603 608 615 620
603 596 591 584
604 609 616 621
604 597 592 585
605 610 617 622
605 598 593 586
606 612 611 618
606 599 600 594
607 613 614 619
607 602 601 595
608 615 620 625
608 603 596 591
609 616 621 626
609 604 597 592
610 617 622 627
610 605 598 593
611 618 623 628
611 612 606 599
612 611 618 623
612 606 599 600
613 614 619 624
613 607 602 601
614 619 624 629
614 613 607 602
615 620 625 630
615 608 603 596
616 621 626 631
616 609 604 597
617 622 627 632
617 610 605 598
618 623 628 633
618 611 612 606
619 624 629 634
619 614 613 607
620 625 630 635
620 615 608 603
621 626 631 636
621 616 609 604
622 627 632 637
622 617 610 605
623 628 633 638
623 618 611 612
624 629 634 639
624 619 614 613
625 630 635 640
625 620 615 608
626 631 636 641
626 621 616 609
627 632 637 642
627 622 617 610
628 633 638 643
628 623 618 611
629 634 639 644
629 624 619 614
630 635 640 645
630 625 620 615
631 636 641 646
631 626 621 616
632 637 642 647
632 627 622 617
633 638 643 648
633 628 623 618
634 639 644 649
634 629 624 619
635 640 645 650
635 630 625 620
636 641 646 651
636 631 626 621
637 642 647 652
637 632 627 622
638 643 648 653
638 633 628 623
639 644 649 654
639 634 629 624
640 645 650 655
640 635 630 625
641 646 651 656
641 636 631 626
642 647 652 657
642 637 632 627
643 648 653 658
643 638 633 628
644 649 654 659
644 639 634 629
645 650 655 660
645 640 635 630
646 651 656 661
646 641 636 631
647 652 657 662
647 642 637 632
648 653 658 663
648 643 638 633
649 654 659 664
649 644 639 634
650 655 660 665
650 645 640 635
651 656 661 666
651 646 641 636
652 657 662 667
652 647 642 637
653 658 663 668
653 648 643 638
654 659 664 669
654 649 644 639
655 660 665 670
655 650 645 640
656 661 666 671
656 651 646 641
657 662 667 672
657 652 647 642
658 663 668 673
658 653 648 643
659 664 669 674
659 654 649 644
660 665 670 675
660 655 650 645
661 666 671 676
661 656 651 646
662 667 672 677
662 657 652 647
663 668 673 678
663 658 653 648
664 669 674 679
664 659 654 649
665 670 675 680
665 660 655 650
666 671 676 681
666 661 656 651
667 672 677 682
667 662 657 652
668 673 678 683
668 663 658 653
669 674 679 684
669 664 659 654
670 675 680 685
670 665 660 655
671 676 681 686
671 666 661 656
672 677 682 687
672 667 662 657
673 678 683 688
673 668 663 658
674 679 684 689
674 669 664 659
675 680 685 690
675 670 665 660
676 681 686 691
676 671 666 661
677 682 687 692
677 672 667 662
678 683 688 693
678 673 668 663
679 684 689 694
679 674 669 664
680 685 690 695
680 675 670 665
681 686 691 696
681 676 671 666
682 687 692 697
682 677 672 667
683 688 693 698
683 678 673 668
684 689 694 699
684 679 674 669
685 690 695 700
685 680 675 670
686 691 696 701
686 681 676 671
687 692 697 702
687 682 677 672
688 693 698 703
688 683 678 673
689 694 699 704
689 684 679 674
690 695 700 705
690 685 680 675
691 696 701 706
691 686 681 676
692 697 702 707
692 687 682 677
693 698 703 708
693 688 683 678
694 699 704 709
694 689 684 679
695 700 705 711
695 690 685 680
696 701 706 712
696 691 686 681
697 702 707 713
697 692 687 682
698 703 708 714
698 693 688 683
699 704 709 710
699 694 689 684
700 705 711 716
700 695 690 685
701 706 712 718
701 696 691 686
702 707 713 719
702 697 692 687
703 708 714 720
703 698 693 688
704 709 710 715
704 699 694 689
705 711 716 722
705 700 695 690
706 712 718 717
706 701 696 691
707 713 719 724
707 702 697 692
708 714 720 725
708 703 698 693
709 710 715 721
709 704 699 694
710 715 721 726
710 709 704 699
711 716 722 727
711 705 700 695
712 718 717 723
712 706 701 696
713 719 724 729
713 707 702 697
714 720 725 730
714 708 703 698
715 721 726 731
715 710 709 704
716 722 727 732
716 711 705 700
717 723 728 733
717 718 712 706
718 717 723 728
718 712 706 701
719 724 729 734
719 713 707 702
720 725 730 735
720 714 708 703
721 726 731 736
721 715 710 709
722 727 732 738
722 716 711 705
723 728 733 739
723 717 718 712
724 729 734 740
724 719 713 707
725 730 735 741
725 720 714 708
726 731 736 737
726 721 715 710
727 732 738 743
727 722 716 711
728 733 739 744
728 723 717 718
729 734 740 745
729 724 719 713
730 735 741 746
730 725 720 714
731 736 737 742
731 726 721 715
732 738 743 748
732 727 722 716
733 739 744 749
733 728 723 717
734 740 745 750
734 729 724 719
735 741 746 751
735 730 725 720
736 737 742 747
736 731 726 721
737 742 747 752
737 736 731 726
738 743 748 753
738 732 727 722
739 744 749 754
739 733 728 723
740 745 750 755
740 734 729 724
741 746 751 756
741 735 730 725
742 747 752 757
742 737 736 731
743 748 753 758
743 738 732 727
744 749 754 759
744 739 733 728
745 750 755 760
745 740 734 729
746 751 756 761
746 741 735 730
747 752 757 762
747 742 737 736
748 753 758 763
748 743 738 732
749 754 759 764
749 744 739 733
750 755 760 765
750 745 740 734
751 756 761 766
751 746 741 735
752 757 762 767
752 747 742 737
753 758 763 768
753 748 743 738
754 759 764 769
754 749 744 739
755 760 765 770
755 750 745 740
756 761 766 771
756 751 746 741
757 762 767 772
757 752 747 742
758 763 768 773
758 753 748 743
759 764 769 774
759 754 749 744
760 765 770 775
760 755 750 745
761 766 771 776
761 756 751 746
762 767 772 777
762 757 752 747
763 768 773 778
763 758 753 748
764 769 774 779
764 759 754 749
765 770 775 780
765 760 755 750
766 771 776 781
766 761 756 751
767 772 777 782
767 762 757 752
768 773 778 783
768 763 758 753
769 774 779 784
769 764 759 754
770 775 780 785
770 765 760 755
771 776 781 786
771 766 761 756
772 777 782 787
772 767 762 757
773 778 783 788
773 768 763 758
774 779 784 789
774 769 764 759
775 780 785 790
775 770 765 760
776 781 786 791
776 771 766 761
777 782 787 792
777 772 767 762
778 783 788 793
778 773 768 763
779 784 789 794
779 774 769 764
780 785 790 795
780 775 770 765
781 786 791 796
781 776 771 766
782 787 792 797
782 777 772 767
783 788 793 798
783 778 773 768
784 789 794 799
784 779 774 769
785 790 795 800
785 780 775 770
786 791 796 801
786 781 776 771
787 792 797 802
787 782 777 772
788 793 798 803
788 783 778 773
789 794 799 805
789 784 779 774
790 795 800 806
790 785 780 775
791 796 801 807
791 786 781 776
792 797 802 808
792 787 782 777
793 798 803 804
793 788 783 778
794 799 805 810
794 789 784 779
795 800 806 811
795 790 785 780
796 801 807 812
796 791 786 781
797 802 808 813
797 792 787 782
798 803 804 809
798 793 788 783
799 805 810 815
799 794 789 784
800 806 811 816
800 795 790 785
801 807 812 817
801 796 791 786
802 808 813 818
802 797 792 787
803 804 809 814
803 798 793 788
804 809 814 819
804 803 798 793
805 810 815 820
805 799 794 789
806 811 816 821
806 800 795 790
807 812 817 822
807 801 796 791
808 813 818 823
808 802 797 792
809 814 819 824
809 804 803 798
810 815 820 825
810 805 799 794
811 816 821 826
811 806 800 795
812 817 822 827
812 807 801 796
813 818 823 828
813 808 802 797
814 819 824 829
814 809 804 803
815 820 825 830
815 810 805 799
816 821 826 831
816 811 806 800
817 822 827 832
817 812 807 801
818 823 828 833
818 813 808 802
819 824 829 834
819 814 809 804
820 825 830 835
820 815 810 805
821 826 831 837
821 816 811 806
822 827 832 838
822 817 812 807
823 828 833 839
823 818 813 808
824 829 834 840
824 819 814 809
825 830 835 841
825 820 815 810
826 831 837 843
826 821 816 811
827 832 838 844
827 822 817 812
828 833 839 845
828 823 818 813
829 834 840 846
829 824 819 814
830 835 841 847
830 825 820 815
831 837 843 849
831 826 821 816
832 838 844 850
832 827 822 817
833 839 845 851
833 828 823 818
834 840 846 852
834 829 824 819
835 841 847 853
835 830 825 820
836 842 848 854
837 843 849 855
837 831 826 821
838 844 850 856
838 832 827 822
839 845 851 857
839 833 828 823
840 846 852 858
840 834 829 824
841 847 853 859
841 835 830 825
842 848 854 860
843 849 855 861
843 837 831 826
844 850 856 862
844 838 832 827
845 851 857 863
845 839 833 828
846 852 858 864
846 840 834 829
847 853 859 865
847 841 835 830
848 854 860 866
848 842 836 -1
849 855 861 867
849 843 837 831
850 856 862 868
850 844 838 832
851 857 863 869
851 845 839 833
852 858 864 870
852 846 840 834
853 859 865 871
853 847 841 835
854 860 866 872
854 848 842 836
855 861 867 873
855 849 843 837
856 862 868 874
856 850 844 838
857 863 869 875
857 851 845 839
858 864 870 876
858 852 846 840
859 865 871 877
859 853 847 841
860 866 872 878
860 854 848 842
861 867 873 879
861 855 849 843
862 868 874 880
862 856 850 844
863 869 875 881
863 857 851 845
864 870 876 882
864 858 852 846
865 871 877 883
865 859 853 847
866 872 878 884
866 860 854 848
867 873 879 885
867 861 855 849
868 874 880 886
868 862 856 850
869 875 881 887
869 863 857 851
870 876 882 888
870 864 858 852
871 877 883 889
871 865 859 853
872 878 884 890
872 866 860 854
873 879 885 891
873 867 861 855
874 880 886 892
874 868 862 856
875 881 887 893
875 869 863 857
876 882 888 894
876 870 864 858
877 883 889 895
877 871 865 859
878 884 890 896
878 872 866 860
879 885 891 897
879 873 867 861
880 886 892 898
880 874 868 862
881 887 893 899
881 875 869 863
882 888 894 900
882 876 870 864
883 889 895 901
883 877 871 865
884 890 896 902
884 878 872 866
885 891 897 903
885 879 873 867
886 892 898 904
886 880 874 868
887 893 899 905
887 881 875 869
888 894 900 906
888 882 876 870
889 895 901 907
889 883 877 871
890 896 902 908
890 884 878 872
891 897 903 909
891 885 879 873
892 898 904 910
892 886 880 874
893 899 905 911
893 887 881 875
894 900 906 912
894 888 882 876
895 901 907 913
895 889 883 877
896 902 908 914
896 890 884 878
897 903 909 915
897 891 885 879
898 904 910 916
898 892 886 880
899 905 911 917
899 893 887 881
900 906 912 918
900 894 888 882
901 907 913 919
901 895 889 883
902 908 914 920
902 896 890 884
903 909 915 921
903 897 891 885
904 910 916 922
904 898 892 886
905 911 917 923
905 899 893 887
906 912 918 924
906 900 894 888
907 913 919 925
907 901 895 889
908 914 920 926
908 902 896 890
909 915 921 927
909 903 897 891
910 916 922 928
910 904 898 892
911 917 923 929
911 905 899 893
912 918 924 930
912 906 900 894
913 919 925 931
913 907 901 895
914 920 926 932
914 908 902 896
915 921 927 933
915 909 903 897
916 922 928 934
916 910 904 898
917 923 929 935
917 911 905 899
918 924 930 936
918 912 906 900
919 925 931 937
919 913 907 901
920 926 932 938
920 914 908 902
921 927 933 939
921 915 909 903
922 928 934 940
922 916 910 904
923 929 935 941
923 917 911 905
924 930 936 942
924 918 912 906
925 931 937 943
925 919 913 907
926 932 938 944
926 920 914 908
927 933 939 945
927 921 915 909
928 934 940 946
928 922 916 910
929 935 941 947
929 923 917 911
930 936 942 948
930 924 918 912
931 937 943 949
931 925 919 913
932 938 944 950
932 926 920 914
933 939 945 952
933 927 921 915
934 940 946 953
934 928 922 916
935 941 947 954
935 929 923 917
936 942 948 955
936 930 924 918
937 943 949 956
937 931 925 919
938 944 950 951
938 932 926 920
939 945 952 958
939 933 927 921
940 946 953 959
940 934 928 922
941 947 954 960
941 935 929 923
942 948 955 961
942 936 930 924
943 949 956 962
943 937 931 925
944 950 951 957
944 938 932 926
945 952 958 964
945 939 933 927
946 953 959 965
946 940 934 928
947 954 960 966
947 941 935 929
948 955 961 967
948 942 936 930
949 956 962 968
949 943 937 931
950 951 957 963
950 944 938 932
951 957 963 969
951 950 944 938
952 958 964 970
952 945 939 933
953 959 965 971
953 946 940 934
954 960 966 972
954 947 941 935
955 961 967 973
955 948 942 936
956 962 968 974
956 949 943 937
957 963 969 975
957 951 950 944
958 964 970 976
958 952 945 939
959 965 971 977
959 953 946 940
960 966 972 978
960 954 947 941
961 967 973 979
961 955 948 942
962 968 974 980
962 956 949 943
963 969 975 981
963 957 951 950
964 970 976 982
964 958 952 945
965 971 977 983
965 959 953 946
966 972 978 984
966 960 954 947
967 973 979 985
967 961 955 948
968 974 980 986
968 962 956 949
969 975 981 987
969 963 957 951
970 976 982 988
970 964 958 952
971 977 983 989
971 965 959 953
972 978 984 990
972 966 960 954
973 979 985 991
973 967 961 955
974 980 986 992
974 968 962 956
975 981 987 993
975 969 963 957
976 982 988 994
976 970 964 958
977 983 989 995
977 971 965 959
978 984 990 996
978 972 966 960
979 985 991 997
979 973 967 961
980 986 992 998
980 974 968 962
981 987 993 999
981 975 969 963
982 988 994 1000
982 976 970 964
983 989 995 1001
983 977 971 965
984 990 996 1002
984 978 972 966
985 991 997 1003
985 979 973 967
986 992 998 1004
986 980 974 968
987 993 999 1005
987 981 975 969
988 994 1000 1006
988 982 976 970
989 995 1001 1007
989 983 977 971
990 996 1002 1008
990 984 978 972
991 997 1003 1009
991 985 979 973
992 998 1004 1011
992 986 980 974
993 999 1005 1012
993 987 981 975
994 1000 1006 1013
994 988 982 976
995 1001 1007 1014
995 989 983 977
996 1002 1008 1015
996 990 984 978
997 1003 1009 1010
997 991 985 979
998 1004 1011 1017
998 992 986 980
999 1005 1012 1018
999 993 987 981
1000 1006 1013 1020
1000 994 988 982
1001 1007 1014 1021
1001 995 989 983
1002 1008 1015 1022
1002 996 990 984
1003 1009 1010 1016
1003 997 991 985
1004 1011 1017 1024
1004 998 992 986
1005 1012 1018 1019
1005 999 993 987
1006 1013 1020 1026
1006 1000 994 988
1007 1014 1021 1027
1007 1001 995 989
1008 1015 1022 1028
1008 1002 996 990
1009 1010 1016 1023
1009 1003 997 991
1010 1016 1023 1029
1010 1009 1003 997
1011 1017 1024 1030
1011 1004 998 992
1012 1018 1019 1025
1012 1005 999 993
1013 1020 1026 1032
1013 1006 1000 994
1014 1021 1027 1033
1014 1007 1001 995
1015 1022 1028 1034
1015 1008 1002 996
1016 1023 1029 1035
1016 1010 1009 1003
1017 1024 1030 1036
1017 1011 1004 998
1018 1019 1025 1031
1018 1012 1005 999
1019 1025 1031 1037
1019 1018 1012 1005
1020 1026 1032 1038
1020 1013 1006 1000
1021 1027 1033 1039
1021 1014 1007 1001
1022 1028 1034 1040
1022 1015 1008 1002
1023 1029 1035 1041
1023 1016 1010 1009
1024 1030 1036 1042
1024 1017 1011 1004
1025 1031 1037 1043
1025 1019 1018 1012
1026 1032 1038 1044
1026 1020 1013 1006
1027 1033 1039 1045
1027 1021 1014 1007
1028 1034 1040 1046
1028 1022 1015 1008
1029 1035 1041 1047
1029 1023 1016 1010
1030 1036 1042 1048
1030 1024 1017 1011
1031 1037 1043 1049
1031 1025 1019 1018
1032 1038 1044 1050
1032 1026 1020 1013
1033 1039 1045 1051
1033 1027 1021 1014
1034 1040 1046 1052
1034 1028 1022 1015
1035 1041 1047 1053
1035 1029 1023 1016
1036 1042 1048 1054
1036 1030 1024 1017
1037 1043 1049 1055
1037 1031 1025 1019
1038 1044 1050 1056
1038 1032 1026 1020
1039 1045 1051 1057
1039 1033 1027 1021
1040 1046 1052 1058
1040 1034 1028 1022
1041 1047 1053 1059
1041 1035 1029 1023
1042 1048 1054 1060
1042 1036 1030 1024
1043 1049 1055 1061
1043 1037 1031 1025
1044 1050 1056 1062
1044 1038 1032 1026
1045 1051 1057 1063
1045 1039 1033 1027
1046 1052 1058 1064
1046 1040 1034 1028
1047 1053 1059 1065
1047 1041 1035 1029
1048 1054 1060 1066
1048 1042 1036 1030
1049 1055 1061 1067
1049 1043 1037 1031
1050 1056 1062 1068
1050 1044 1038 1032
1051 1057 1063 1069
1051 1045 1039 1033
1052 1058 1064 1070
1052 1046 1040 1034
1053 1059 1065 1071
1053 1047 1041 1035
1054 1060 1066 1072
1054 1048 1042 1036
1055 1061 1067 1073
1055 1049 1043 1037
1056 1062 1068 1074
1056 1050 1044 1038
1057 1063 1069 1075
1057 1051 1045 1039
1058 1064 1070 1076
1058 1052 1046 1040
1059 1065 1071 1077
1059 1053 1047 1041
1060 1066 1072 1078
1060 1054 1048 1042
1061 1067 1073 1079
1061 1055 1049 1043
1062 1068 1074 1080
1062 1056 1050 1044
1063 1069 1075 1081
1063 1057 1051 1045
1064 1070 1076 1082
1064 1058 1052 1046
1065 1071 1077 1083
1065 1059 1053 1047
1066 1072 1078 1084
1066 1060 1054 1048
1067 1073 1079 1085
1067 1061 1055 1049
1068 1074 1080 1086
1068 1062 1056 1050
1069 1075 1081 1087
1069 1063 1057 1051
1070 1076 1082 1088
1070 1064 1058 1052
1071 1077 1083 1089
1071 1065 1059 1053
1072 1078 1084 1090
1072 1066 1060 1054
1073 1079 1085 1091
1073 1067 1061 1055
1074 1080 1086 1092
1074 1068 1062 1056
1075 1081 1087 1093
1075 1069 1063 1057
1076 1082 1088 1094
1076 1070 1064 1058
1077 1083 1089 1095
1077 1071 1065 1059
1078 1084 1090 1096
1078 1072 1066 1060
1079 1085 1091 1097
1079 1073 1067 1061
1080 1086 1092 1098
1080 1074 1068 1062
1081 1087 1093 1099
1081 1075 1069 1063
1082 1088 1094 1100
1082 1076 1070 1064
1083 1089 1095 1101
1083 1077 1071 1065
1084 1090 1096 1102
1084 1078 1072 1066
1085 1091 1097 1103
1085 1079 1073 1067
1086 1092 1098 1104
1086 1080 1074 1068
1087 1093 1099 1105
1087 1081 1075 1069
1088 1094 1100 1106
1088 1082 1076 1070
1089 1095 1101 1107
1089 1083 1077 1071
1090 1096 1102 1108
1090 1084 1078 1072
1091 1097 1103 1109
1091 1085 1079 1073
1092 1098 1104 1111
1092 1086 1080 1074
1093 1099 1105 1112
1093 1087 1081 1075
1094 1100 1106 1113
1094 1088 1082 1076
1095 1101 1107 1114
1095 1089 1083 1077
1096 1102 1108 1115
1096 1090 1084 1078
1097 1103 1109 1110
1097 1091 1085 1079
1098 1104 1111 1117
1098 1092 1086 1080
1099 1105 1112 1118
1099 1093 1087 1081
1100 1106 1113 1119
1100 1094 1088 1082
1101 1107 1114 1120
1101 1095 1089 1083
1102 1108 1115 1121
1102 1096 1090 1084
1103 1109 1110 1116
1103 1097 1091 1085
1104 1111 1117 1123
1104 1098 1092 1086
1105 1112 1118 1124
1105 1099 1093 1087
1106 1113 1119 1125
1106 1100 1094 1088
1107 1114 1120 1126
1107 1101 1095 1089
1108 1115 1121 1127
1108 1102 1096 1090
1109 1110 1116 1122
1109 1103 1097 1091
1110 1116 1122 1128
1110 1109 1103 1097
1111 1117 1123 1130
1111 1104 1098 1092
1112 1118 1124 1131
1112 1105 1099 1093
1113 1119 1125 1132
1113 1106 1100 1094
1114 1120 1126 1133
1114 1107 1101 1095
1115 1121 1127 1134
1115 1108 1102 1096
1116 1122 1128 1129
1116 1110 1109 1103
1117 1123 1130 1136
1117 1111 1104 1098
1118 1124 1131 1137
1118 1112 1105 1099
1119 1125 1132 1138
1119 1113 1106 1100
1120 1126 1133 1139
1120 1114 1107 1101
1121 1127 1134 1140
1121 1115 1108 1102
1122 1128 1129 1135
1122 1116 1110 1109
1123 1130 1136 1142
1123 1117 1111 1104
1124 1131 1137 1143
1124 1118 1112 1105
1125 1132 1138 1144
1125 1119 1113 1106
1126 1133 1139 1145
1126 1120 1114 1107
1127 1134 1140 1146
1127 1121 1115 1108
1128 1129 1135 1141
1128 1122 1116 1110
1129 1135 1141 1147
1129 1128 1122 1116
1130 1136 1142 1148
1130 1123 1117 1111
1131 1137 1143 1149
1131 1124 1118 1112
1132 1138 1144 1150
1132 1125 1119 1113
1133 1139 1145 1151
1133 1126 1120 1114
1134 1140 1146 1152
1134 1127 1121 1115
1135 1141 1147 1153
1135 1129 1128 1122
1136 1142 1148 1154
1136 1130 1123 1117
1137 1143 1149 1155
1137 1131 1124 1118
1138 1144 1150 1156
1138 1132 1125 1119
1139 1145 1151 1157
1139 1133 1126 1120
1140 1146 1152 1158
1140 1134 1127 1121
1141 1147 1153 1159
1141 1135 1129 1128
1142 1148 1154 1161
1142 1136 1130 1123
1143 1149 1155 1162
1143 1137 1131 1124
1144 1150 1156 1163
1144 1138 1132 1125
1145 1151 1157 1164
1145 1139 1133 1126
1146 1152 1158 1165
1146 1140 1134 1127
1147 1153 1159 1160
1147 1141 1135 1129
1148 1154 1161 1167
1148 1142 1136 1130
1149 1155 1162 1168
1149 1143 1137 1131
1150 1156 1163 1169
1150 1144 1138 1132
1151 1157 1164 1170
1151 1145 1139 1133
1152 1158 1165 1171
1152 1146 1140 1134
1153 1159 1160 1166
1153 1147 1141 1135
1154 1161 1167 1173
1154 1148 1142 1136
1155 1162 1168 1174
1155 1149 1143 1137
1156 1163 1169 1175
1156 1150 1144 1138
1157 1164 1170 1176
1157 1151 1145 1139
1158 1165 1171 1177
1158 1152 1146 1140
1159 1160 1166 1172
1159 1153 1147 1141
1160 1166 1172 1178
1160 1159 1153 1147
1161 1167 1173 1179
1161 1154 1148 1142
1162 1168 1174 1180
1162 1155 1149 1143
1163 1169 1175 1181
1163 1156 1150 1144
1164 1170 1176 1182
1164 1157 1151 1145
1165 1171 1177 1183
1165 1158 1152 1146
1166 1172 1178 1184
1166 1160 1159 1153
1167 1173 1179 1185
1167 1161 1154 1148
1168 1174 1180 1186
1168 1162 1155 1149
1169 1175 1181 1187
1169 1163 1156 1150
1170 1176 1182 1188
1170 1164 1157 1151
1171 1177 1183 1189
1171 1165 1158 1152
1172 1178 1184 1190
1172 1166 1160 1159
1173 1179 1185 1192
1173 1167 1161 1154
1174 1180 1186 1193
1174 1168 1162 1155
1175 1181 1187 1194
1175 1169 1163 1156
1176 1182 1188 1195
1176 1170 1164 1157
1177 1183 1189 1196
1177 1171 1165 1158
1178 1184 1190 1191
1178 1172 1166 1160
1179 1185 1192 1198
1179 1173 1167 1161
1180 1186 1193 1199
1180 1174 1168 1162
1181 1187 1194 1200
1181 1175 1169 1163
1182 1188 1195 1201
1182 1176 1170 1164
1183 1189 1196 1202
1183 1177 1171 1165
1184 1190 1191 1197
1184 1178 1172 1166
1185 1192 1198 1204
1185 1179 1173 1167
1186 1193 1199 1205
1186 1180 1174 1168
1187 1194 1200 1206
1187 1181 1175 1169
1188 1195 1201 1207
1188 1182 1176 1170
1189 1196 1202 1208
1189 1183 1177 1171
1190 1191 1197 1203
1190 1184 1178 1172
1191 1197 1203 1209
1191 1190 1184 1178
1192 1198 1204 1210
1192 1185 1179 1173
1193 1199 1205 1211
1193 1186 1180 1174
1194 1200 1206 1212
1194 1187 1181 1175
1195 1201 1207 1213
1195 1188 1182 1176
1196 1202 1208 1214
1196 1189 1183 1177
1197 1203 1209 1215
1197 1191 1190 1184
1198 1204 1210 1216
1198 1192 1185 1179
1199 1205 1211 1217
1199 1193 1186 1180
1200 1206 1212 1218
1200 1194 1187 1181
1201 1207 1213 1219
1201 1195 1188 1182
1202 1208 1214 1220
1202 1196 1189 1183
1203 1209 1215 1221
1203 1197 1191 1190
1204 1210 1216 1222
1204 1198 1192 1185
1205 1211 1217 1223
1205 1199 1193 1186
1206 1212 1218 1224
1206 1200 1194 1187
1207 1213 1219 1225
1207 1201 1195 1188
1208 1214 1220 1226
1208 1202 1196 1189
1209 1215 1221 1227
1209 1203 1197 1191
1210 1216 1222 1228
1210 1204 1198 1192
1211 1217 1223 1229
1211 1205 1199 1193
1212 1218 1224 1230
1212 1206 1200 1194
1213 1219 1225 1231
1213 1207 1201 1195
1214 1220 1226 1232
1214 1208 1202 1196
1215 1221 1227 1233
1215 1209 1203 1197
1216 1222 1228 1234
1216 1210 1204 1198
1217 1223 1229 1235
1217 1211 1205 1199
1218 1224 1230 1236
1218 1212 1206 1200
1219 1225 1231 1237
1219 1213 1207 1201
1220 1226 1232 1238
1220 1214 1208 1202
1221 1227 1233 1239
1221 1215 1209 1203
1222 1228 1234 1240
1222 1216 1210 1204
1223 1229 1235 1241
1223 1217 1211 1205
1224 1230 1236 1242
1224 1218 1212 1206
1225 1231 1237 1243
1225 1219 1213 1207
1226 1232 1238 1244
1226 1220 1214 1208
1227 1233 1239 1245
1227 1221 1215 1209
1228 1234 1240 1246
1228 1222 1216 1210
1229 1235 1241 1247
1229 1223 1217 1211
1230 1236 1242 1248
1230 1224 1218 1212
1231 1237 1243 1249
1231 1225 1219 1213
1232 1238 1244 1250
1232 1226 1220 1214
1233 1239 1245 1252
1233 1227 1221 1215
1234 1240 1246 1253
1234 1228 1222 1216
1235 1241 1247 1254
1235 1229 1223 1217
1236 1242 1248 1255
1236 1230 1224 1218
1237 1243 1249 1256
1237 1231 1225 1219
1238 1244 1250 1257
1238 1232 1226 1220
1239 1245 1252 1251
1239 1233 1227 1221
1240 1246 1253 1259
1240 1234 1228 1222
1241 1247 1254 1260
1241 1235 1229 1223
1242 1248 1255 1261
1242 1236 1230 1224
1243 1249 1256 1262
1243 1237 1231 1225
1244 1250 1257 1263
1244 1238 1232 1226
1245 1252 1251 1258
1245 1239 1233 1227
1246 1253 1259 1265
1246 1240 1234 1228
1247 1254 1260 1266
1247 1241 1235 1229
1248 1255 1261 1267
1248 1242 1236 1230
1249 1256 1262 1268
1249 1243 1237 1231
1250 1257 1263 1269
1250 1244 1238 1232
1251 1258 1264 1270
1251 1252 1245 1239
1252 1251 1258 1264
1252 1245 1239 1233
1253 1259 1265 1271
1253 1246 1240 1234
1254 1260 1266 1272
1254 1247 1241 1235
1255 1261 1267 1273
1255 1248 1242 1236
1256 1262 1268 1274
1256 1249 1243 1237
1257 1263 1269 1275
1257 1250 1244 1238
1258 1264 1270 1276
1258 1251 1252 1245
1259 1265 1271 1277
1259 1253 1246 1240
1260 1266 1272 1278
1260 1254 1247 1241
1261 1267 1273 1279
1261 1255 1248 1242
1262 1268 1274 1280
1262 1256 1249 1243
1263 1269 1275 1281
1263 1257 1250 1244
1264 1270 1276 1283
1264 1258 1251 1252
1265 1271 1277 1284
1265 1259 1253 1246
1266 1272 1278 1285
1266 1260 1254 1247
1267 1273 1279 1286
1267 1261 1255 1248
1268 1274 1280 1287
1268 1262 1256 1249
1269 1275 1281 1288
1269 1263 1257 1250
1270 1276 1283 1282
1270 1264 1258 1251
1271 1277 1284 1290
1271 1265 1259 1253
1272 1278 1285 1291
1272 1266 1260 1254
1273 1279 1286 1292
1273 1267 1261 1255
1274 1280 1287 1293
1274 1268 1262 1256
1275 1281 1288 1294
1275 1269 1263 1257
1276 1283 1282 1289
1276 1270 1264 1258
1277 1284 1290 1296
1277 1271 1265 1259
1278 1285 1291 1297
1278 1272 1266 1260
1279 1286 1292 1298
1279 1273 1267 1261
1280 1287 1293 1299
1280 1274 1268 1262
1281 1288 1294 1300
1281 1275 1269 1263
1282 1289 1295 1301
1282 1283 1276 1270
1283 1282 1289 1295
1283 1276 1270 1264
1284 1290 1296 1302
1284 1277 1271 1265
1285 1291 1297 1303
1285 1278 1272 1266
1286 1292 1298 1304
1286 1279 1273 1267
1287 1293 1299 1305
1287 1280 1274 1268
1288 1294 1300 1306
1288 1281 1275 1269
1289 1295 1301 1307
1289 1282 1283 1276
1290 1296 1302 1308
1290 1284 1277 1271
1291 1297 1303 1309
1291 1285 1278 1272
1292 1298 1304 1310
1292 1286 1279 1273
1293 1299 1305 1311
1293 1287 1280 1274
1294 1300 1306 1312
1294 1288 1281 1275
1295 1301 1307 1314
1295 1289 1282 1283
1296 1302 1308 1315
1296 1290 1284 1277
1297 1303 1309 1316
1297 1291 1285 1278
1298 1304 1310 1317
1298 1292 1286 1279
1299 1305 1311 1318
1299 1293 1287 1280
1300 1306 1312 1319
1300 1294 1288 1281
1301 1307 1314 1313
1301 1295 1289 1282
1302 1308 1315 1321
1302 1296 1290 1284
1303 1309 1316 1322
1303 1297 1291 1285
1304 1310 1317 1323
1304 1298 1292 1286
1305 1311 1318 1324
1305 1299 1293 1287
1306 1312 1319 1325
1306 1300 1294 1288
1307 1314 1313 1320
1307 1301 1295 1289
1308 1315 1321 1327
1308 1302 1296 1290
1309 1316 1322 1328
1309 1303 1297 1291
1310 1317 1323 1329
1310 1304 1298 1292
1311 1318 1324 1330
1311 1305 1299 1293
1312 1319 1325 1331
1312 1306 1300 1294
1313 1320 1326 1332
1313 1314 1307 1301
1314 1313 1320 1326
1314 1307 1301 1295
1315 1321 1327 1333
1315 1308 1302 1296
1316 1322 1328 1334
1316 1309 1303 1297
1317 1323 1329 1335
1317 1310 1304 1298
1318 1324 1330 1336
1318 1311 1305 1299
1319 1325 1331 1337
1319 1312 1306 1300
1320 1326 1332 1338
1320 1313 1314 1307
1321 1327 1333 1339
1321 1315 1308 1302
1322 1328 1334 1340
1322 1316 1309 1303
1323 1329 1335 1341
1323 1317 1310 1304
1324 1330 1336 1342
1324 1318 1311 1305
1325 1331 1337 1343
1325 1319 1312 1306
1326 1332 1338 1344
1326 1320 1313 1314
1327 1333 1339 1345
1327 1321 1315 1308
1328 1334 1340 1346
1328 1322 1316 1309
1329 1335 1341 1347
1329 1323 1317 1310
1330 1336 1342 1348
1330 1324 1318 1311
1331 1337 1343 1349
1331 1325 1319 1312
1332 1338 1344 1350
1332 1326 1320 1313
1333 1339 1345 1351
1333 1327 1321 1315
1334 1340 1346 1352
1334 1328 1322 1316
1335 1341 1347 1353
1335 1329 1323 1317
1336 1342 1348 1354
1336 1330 1324 1318
1337 1343 1349 1355
1337 1331 1325 1319
1338 1344 1350 1356
1338 1332 1326 1320
1339 1345 1351 1357
1339 1333 1327 1321
1340 1346 1352 1358
1340 1334 1328 1322
1341 1347 1353 1359
1341 1335 1329 1323
1342 1348 1354 1360
1342 1336 1330 1324
1343 1349 1355 1361
1343 1337 1331 1325
1344 1350 1356 1362
1344 1338 1332 1326
1345 1351 1357 1363
1345 1339 1333 1327
1346 1352 1358 1364
1346 1340 1334 1328
1347 1353 1359 1365
1347 1341 1335 1329
1348 1354 1360 1366
1348 1342 1336 1330
1349 1355 1361 1367
1349 1343 1337 1331
1350 1356 1362 1368
1350 1344 1338 1332
1351 1357 1363 1369
1351 1345 1339 1333
1352 1358 1364 1370
1352 1346 1340 1334
1353 1359 1365 1371
1353 1347 1341 1335
1354 1360 1366 1372
1354 1348 1342 1336
1355 1361 1367 1373
1355 1349 1343 1337
1356 1362 1368 1374
1356 1350 1344 1338
1357 1363 1369 1375
1357 1351 1345 1339
1358 1364 1370 1376
1358 1352 1346 1340
1359 1365 1371 1377
1359 1353 1347 1341
1360 1366 1372 1378
1360 1354 1348 1342
1361 1367 1373 1379
1361 1355 1349 1343
1362 1368 1374 1381
1362 1356 1350 1344
1363 1369 1375 1382
1363 1357 1351 1345
1364 1370 1376 1383
1364 1358 1352 1346
1365 1371 1377 1384
1365 1359 1353 1347
1366 1372 1378 1385
1366 1360 1354 1348
1367 1373 1379 1386
1367 1361 1355 1349
1368 1374 1381 1380
1368 1362 1356 1350
1369 1375 1382 1388
1369 1363 1357 1351
1370 1376 1383 1389
1370 1364 1358 1352
1371 1377 1384 1390
1371 1365 1359 1353
1372 1378 1385 1391
1372 1366 1360 1354
1373 1379 1386 1392
1373 1367 1361 1355
1374 1381 1380 1387
1374 1368 1362 1356
1375 1382 1388 1394
1375 1369 1363 1357
1376 1383 1389 1395
1376 1370 1364 1358
1377 1384 1390 1396
1377 1371 1365 1359
1378 1385 1391 1397
1378 1372 1366 1360
1379 1386 1392 1398
1379 1373 1367 1361
1380 1387 1393 1399
1380 1381 1374 1368
1381 1380 1387 1393
1381 1374 1368 1362
1382 1388 1394 1400
1382 1375 1369 1363
1383 1389 1395 1401
1383 1376 1370 1364
1384 1390 1396 1402
1384 1377 1371 1365
1385 1391 1397 1403
1385 1378 1372 1366
1386 1392 1398 1404
1386 1379 1373 1367
1387 1393 1399 1405
1387 1380 1381 1374
1388 1394 1400 1406
1388 1382 1375 1369
1389 1395 1401 1407
1389 1383 1376 1370
1390 1396 1402 1408
1390 1384 1377 1371
1391 1397 1403 1409
1391 1385 1378 1372
1392 1398 1404 1410
1392 1386 1379 1373
1393 1399 1405 1411
1393 1387 1380 1381
1394 1400 1406 1412
1394 1388 1382 1375
1395 1401 1407 1413
1395 1389 1383 1376
1396 1402 1408 1414
1396 1390 1384 1377
1397 1403 1409 1415
1397 1391 1385 1378
1398 1404 1410 1416
1398 1392 1386 1379
1399 1405 1411 1417
1399 1393 1387 1380
1400 1406 1412 1418
1400 1394 1388 1382
1401 1407 1413 1419
1401 1395 1389 1383
1402 1408 1414 1420
1402 1396 1390 1384
1403 1409 1415 1421
1403 1397 1391 1385
1404 1410 1416 1422
1404 1398 1392 1386
1405 1411 1417 1423
1405 1399 1393 1387
1406 1412 1418 1424
1406 1400 1394 1388
1407 1413 1419 1425
1407 1401 1395 1389
1408 1414 1420 1426
1408 1402 1396 1390
1409 1415 1421 1427
1409 1403 1397 1391
1410 1416 1422 1428
1410 1404 1398 1392
1411 1417 1423 1429
1411 1405 1399 1393
1412 1418 1424 1430
1412 1406 1400 1394
1413 1419 1425 1431
1413 1407 1401 1395
1414 1420 1426 1432
1414 1408 1402 1396
1415 1421 1427 1433
1415 1409 1403 1397
1416 1422 1428 1434
1416 1410 1404 1398
1417 1423 1429 1435
1417 1411 1405 1399
1418 1424 1430 1436
1418 1412 1406 1400
1419 1425 1431 1437
1419 1413 1407 1401
1420 1426 1432 1438
1420 1414 1408 1402
1421 1427 1433 1439
1421 1415 1409 1403
1422 1428 1434 1440
1422 1416 1410 1404
1423 1429 1435 1442
1423 1417 1411 1405
1424 1430 1436 1443
1424 1418 1412 1406
1425 1431 1437 1445
1425 1419 1413 1407
1426 1432 1438 1446
1426 1420 1414 1408
1427 1433 1439 1447
1427 1421 1415 1409
1428 1434 1440 1448
1428 1422 1416 1410
1429 1435 1442 1441
1429 1423 1417 1411
1430 1436 1443 1444
1430 1424 1418 1412
1431 1437 1445 1451
1431 1425 1419 1413
1432 1438 1446 1452
1432 1426 1420 1414
1433 1439 1447 1453
1433 1427 1421 1415
1434 1440 1448 1454
1434 1428 1422 1416
1435 1442 1441 1449
1435 1429 1423 1417
1436 1443 1444 1450
1436 1430 1424 1418
1437 1445 1451 1457
1437 1431 1425 1419
1438 1446 1452 1458
1438 1432 1426 1420
1439 1447 1453 1459
1439 1433 1427 1421
1440 1448 1454 1460
1440 1434 1428 1422
1441 1449 1455 1461
1441 1442 1435 1429
1442 1441 1449 1455
1442 1435 1429 1423
1443 1444 1450 1456
1443 1436 1430 1424
1444 1450 1456 1462
1444 1443 1436 1430
1445 1451 1457 1463
1445 1437 1431 1425
1446 1452 1458 1464
1446 1438 1432 1426
1447 1453 1459 1465
1447 1439 1433 1427
1448 1454 1460 1466
1448 1440 1434 1428
1449 1455 1461 1467
1449 1441 1442 1435
1450 1456 1462 1468
1450 1444 1443 1436
1451 1457 1463 1469
1451 1445 1437 1431
1452 1458 1464 1470
1452 1446 1438 1432
1453 1459 1465 1471
1453 1447 1439 1433
1454 1460 1466 1472
1454 1448 1440 1434
1455 1461 1467 1473
1455 1449 1441 1442
1456 1462 1468 1474
1456 1450 1444 1443
1457 1463 1469 1475
1457 1451 1445 1437
1458 1464 1470 1476
1458 1452 1446 1438
1459 1465 1471 1477
1459 1453 1447 1439
1460 1466 1472 1478
1460 1454 1448 1440
1461 1467 1473 1479
1461 1455 1449 1441
1462 1468 1474 1480
1462 1456 1450 1444
1463 1469 1475 1481
1463 1457 1451 1445
1464 1470 1476 1482
1464 1458 1452 1446
1465 1471 1477 1483
1465 1459 1453 1447
1466 1472 1478 1484
1466 1460 1454 1448
1467 1473 1479 1486
1467 1461 1455 1449
1468 1474 1480 1487
1468 1462 1456 1450
1469 1475 1481 1488
1469 1463 1457 1451
1470 1476 1482 1489
1470 1464 1458 1452
1471 1477 1483 1490
1471 1465 1459 1453
1472 1478 1484 1491
1472 1466 1460 1454
1473 1479 1486 1485
1473 1467 1461 1455
1474 1480 1487 1493
1474 1468 1462 1456
1475 1481 1488 1494
1475 1469 1463 1457
1476 1482 1489 1495
1476 1470 1464 1458
1477 1483 1490 1496
1477 1471 1465 1459
1478 1484 1491 1497
1478 1472 1466 1460
1479 1486 1485 1492
1479 1473 1467 1461
1480 1487 1493 1499
1480 1474 1468 1462
1481 1488 1494 1500
1481 1475 1469 1463
1482 1489 1495 1501
1482 1476 1470 1464
1483 1490 1496 1502
1483 1477 1471 1465
1484 1491 1497 1503
1484 1478 1472 1466
1485 1492 1498 1504
1485 1486 1479 1473
1486 1485 1492 1498
1486 1479 1473 1467
1487 1493 1499 1505
1487 1480 1474 1468
1488 1494 1500 1506
1488 1481 1475 1469
1489 1495 1501 1507
1489 1482 1476 1470
1490 1496 1502 1508
1490 1483 1477 1471
1491 1497 1503 1509
1491 1484 1478 1472
1492 1498 1504 1510
1492 1485 1486 1479
1493 1499 1505 1511
1493 1487 1480 1474
1494 1500 1506 1512
1494 1488 1481 1475
1495 1501 1507 1513
1495 1489 1482 1476
1496 1502 1508 1514
1496 1490 1483 1477
1497 1503 1509 1515
1497 1491 1484 1478
1498 1504 1510 1516
1498 1492 1485 1486
1499 1505 1511 1517
1499 1493 1487 1480
1500 1506 1512 1518
1500 1494 1488 1481
1501 1507 1513 1519
1501 1495 1489 1482
1502 1508 1514 1520
1502 1496 1490 1483
1503 1509 1515 1521
1503 1497 1491 1484
1504 1510 1516 1522
1504 1498 1492 1485
1505 1511 1517 1523
1505 1499 1493 1487
1506 1512 1518 1524
1506 1500 1494 1488
1507 1513 1519 1525
1507 1501 1495 1489
1508 1514 1520 1526
1508 1502 1496 1490
1509 1515 1521 1527
1509 1503 1497 1491
1510 1516 1522 1528
1510 1504 1498 1492
1511 1517 1523 1529
1511 1505 1499 1493
1512 1518 1524 1530
1512 1506 1500 1494
1513 1519 1525 1531
1513 1507 1501 1495
1514 1520 1526 1532
1514 1508 1502 1496
1515 1521 1527 1533
1515 1509 1503 1497
1516 1522 1528 1534
1516 1510 1504 1498
1517 1523 1529 1535
1517 1511 1505 1499
1518 1524 1530 1536
1518 1512 1506 1500
1519 1525 1531 1537
1519 1513 1507 1501
1520 1526 1532 1538
1520 1514 1508 1502
1521 1527 1533 1539
1521 1515 1509 1503
1522 1528 1534 1540
1522 1516 1510 1504
1523 1529 1535 1541
1523 1517 1511 1505
1524 1530 1536 1542
1524 1518 1512 1506
1525 1531 1537 1543
1525 1519 1513 1507
1526 1532 1538 1544
1526 1520 1514 1508
1527 1533 1539 1545
1527 1521 1515 1509
1528 1534 1540 1546
1528 1522 1516 1510
1529 1535 1541 1547
1529 1523 1517 1511
1530 1536 1542 1548
1530 1524 1518 1512
1531 1537 1543 1549
1531 1525 1519 1513
1532 1538 1544 1550
1532 1526 1520 1514
1533 1539 1545 1551
1533 1527 1521 1515
1534 1540 1546 1552
1534 1528 1522 1516
1535 1541 1547 1553
1535 1529 1523 1517
1536 1542 1548 1555
1536 1530 1524 1518
1537 1543 1549 1556
1537 1531 1525 1519
1538 1544 1550 1557
1538 1532 1526 1520
1539 1545 1551 1558
1539 1533 1527 1521
1540 1546 1552 1559
1540 1534 1528 1522
1541 1547 1553 1554
1541 1535 1529 1523
1542 1548 1555 1561
1542 1536 1530 1524
1543 1549 1556 1562
1543 1537 1531 1525
1544 1550 1557 1563
1544 1538 1532 1526
1545 1551 1558 1564
1545 1539 1533 1527
1546 1552 1559 1565
1546 1540 1534 1528
1547 1553 1554 1560
1547 1541 1535 1529
1548 1555 1561 1567
1548 1542 1536 1530
1549 1556 1562 1568
1549 1543 1537 1531
1550 1557 1563 1569
1550 1544 1538 1532
1551 1558 1564 1570
1551 1545 1539 1533
1552 1559 1565 1571
1552 1546 1540 1534
1553 1554 1560 1566
1553 1547 1541 1535
1554 1560 1566 1572
1554 1553 1547 1541
1555 1561 1567 1573
1555 1548 1542 1536
1556 1562 1568 1574
1556 1549 1543 1537
1557 1563 1569 1575
1557 1550 1544 1538
1558 1564 1570 1576
1558 1551 1545 1539
1559 1565 1571 1577
1559 1552 1546 1540
1560 1566 1572 1578
1560 1554 1553 1547
1561 1567 1573 1579
1561 1555 1548 1542
1562 1568 1574 1580
1562 1556 1549 1543
1563 1569 1575 1581
1563 1557 1550 1544
1564 1570 1576 1582
1564 1558 1551 1545
1565 1571 1577 1583
1565 1559 1552 1546
1566 1572 1578 1584
1566 1560 1554 1553
1567 1573 1579 1585
1567 1561 1555 1548
1568 1574 1580 1586
1568 1562 1556 1549
1569 1575 1581 1587
1569 1563 1557 1550
1570 1576 1582 1588
1570 1564 1558 1551
1571 1577 1583 1589
1571 1565 1559 1552
1572 1578 1584 1590
1572 1566 1560 1554
1573 1579 1585 1591
1573 1567 1561 1555
1574 1580 1586 1592
1574 1568 1562 1556
1575 1581 1587 1593
1575 1569 1563 1557
1576 1582 1588 1594
1576 1570 1564 1558
1577 1583 1589 1595
1577 1571 1565 1559
1578 1584 1590 1596
1578 1572 1566 1560
1579 1585 1591 1597
1579 1573 1567 1561
1580 1586 1592 1598
1580 1574 1568 1562
1581 1587 1593 1599
1581 1575 1569 1563
1582 1588 1594 1600
1582 1576 1570 1564
1583 1589 1595 1601
1583 1577 1571 1565
1584 1590 1596 1602
1584 1578 1572 1566
1585 1591 1597 1603
1585 1579 1573 1567
1586 1592 1598 1604
1586 1580 1574 1568
1587 1593 1599 1605
1587 1581 1575 1569
1588 1594 1600 1606
1588 1582 1576 1570
1589 1595 1601 1607
1589 1583 1577 1571
1590 1596 1602 1608
1590 1584 1578 1572
1591 1597 1603 1609
1591 1585 1579 1573
1592 1598 1604 1610
1592 1586 1580 1574
1593 1599 1605 1611
1593 1587 1581 1575
1594 1600 1606 1612
1594 1588 1582 1576
1595 1601 1607 1613
1595 1589 1583 1577
1596 1602 1608 1614
1596 1590 1584 1578
1597 1603 1609 1615
1597 1591 1585 1579
1598 1604 1610 1616
1598 1592 1586 1580
1599 1605 1611 1617
1599 1593 1587 1581
1600 1606 1612 1618
1600 1594 1588 1582
1601 1607 1613 1619
1601 1595 1589 1583
1602 1608 1614 1620
1602 1596 1590 1584
1603 1609 1615 1621
1603 1597 1591 1585
1604 1610 1616 1622
1604 1598 1592 1586
1605 1611 1617 1623
1605 1599 1593 1587
1606 1612 1618 1624
1606 1600 1594 1588
1607 1613 1619 1625
1607 1601 1595 1589
1608 1614 1620 1626
1608 1602 1596 1590
1609 1615 1621 1627
1609 1603 1597 1591
1610 1616 1622 1628
1610 1604 1598 1592
1611 1617 1623 1629
1611 1605 1599 1593
1612 1618 1624 1630
1612 1606 1600 1594
1613 1619 1625 1631
1613 1607 1601 1595
1614 1620 1626 1632
1614 1608 1602 1596
1615 1621 1627 1633
1615 1609 1603 1597
1616 1622 1628 1634
1616 1610 1604 1598
1617 1623 1629 1635
1617 1611 1605 1599
1618 1624 1630 1636
1618 1612 1606 1600
1619 1625 1631 1637
1619 1613 1607 1601
1620 1626 1632 1638
1620 1614 1608 1602
1621 1627 1633 1639
1621 1615 1609 1603
1622 1628 1634 1640
1622 1616 1610 1604
1623 1629 1635 1641
1623 1617 1611 1605
1624 1630 1636 1642
1624 1618 1612 1606
1625 1631 1637 1643
1625 1619 1613 1607
1626 1632 1638 1644
1626 1620 1614 1608
1627 1633 1639 1645
1627 1621 1615 1609
1628 1634 1640 1646
1628 1622 1616 1610
1629 1635 1641 1647
1629 1623 1617 1611
1630 1636 1642 1648
1630 1624 1618 1612
1631 1637 1643 1649
1631 1625 1619 1613
1632 1638 1644 1650
1632 1626 1620 1614
1633 1639 1645 1651
1633 1627 1621 1615
1634 1640 1646 1652
1634 1628 1622 1616
1635 1641 1647 1653
1635 1629 1623 1617
1636 1642 1648 1654
1636 1630 1624 1618
1637 1643 1649 1655
1637 1631 1625 1619
1638 1644 1650 1656
1638 1632 1626 1620
1639 1645 1651 1657
1639 1633 1627 1621
1640 1646 1652 1658
1640 1634 1628 1622
1641 1647 1653 1659
1641 1635 1629 1623
1642 1648 1654 1660
1642 1636 1630 1624
1643 1649 1655 -1
1643 1637 1631 1625
1644 1650 1656 1661
1644 1638 1632 1626
1645 1651 1657 1662
1645 1639 1633 1627
1646 1652 1658 1663
1646 1640 1634 1628
1647 1653 1659 1664
1647 1641 1635 1629
1648 1654 1660 1665
1648 1642 1636 1630
1649 1643 1637 1631
1650 1656 1661 1666
1650 1644 1638 1632
1651 1657 1662 1667
1651 1645 1639 1633
1652 1658 1663 1668
1652 1646 1640 1634
1653 1659 1664 1669
1653 1647 1641 1635
1654 1660 1665 1670
1654 1648 1642 1636
1655 1649 1643 1637
1656 1661 1666 1671
1656 1650 1644 1638
1657 1662 1667 1672
1657 1651 1645 1639
1658 1663 1668 1673
1658 1652 1646 1640
1659 1664 1669 1674
1659 1653 1647 1641
1660 1665 1670 1675
1660 1654 1648 1642
1661 1666 1671 1676
1661 1656 1650 1644
1662 1667 1672 1677
1662 1657 1651 1645
1663 1668 1673 1678
1663 1658 1652 1646
1664 1669 1674 1679
1664 1659 1653 1647
1665 1670 1675 1680
1665 1660 1654 1648
1666 1671 1676 1681
1666 1661 1656 1650
1667 1672 1677 1682
1667 1662 1657 1651
1668 1673 1678 1683
1668 1663 1658 1652
1669 1674 1679 1684
1669 1664 1659 1653
1670 1675 1680 1685
1670 1665 1660 1654
1671 1676 1681 1686
1671 1666 1661 1656
1672 1677 1682 1687
1672 1667 1662 1657
1673 1678 1683 1688
1673 1668 1663 1658
1674 1679 1684 1689
1674 1669 1664 1659
1675 1680 1685 1690
1675 1670 1665 1660
1676 1681 1686 1691
1676 1671 1666 1661
1677 1682 1687 1692
1677 1672 1667 1662
1678 1683 1688 1693
1678 1673 1668 1663
1679 1684 1689 1694
1679 1674 1669 1664
1680 1685 1690 1695
1680 1675 1670 1665
1681 1686 1691 1696
1681 1676 1671 1666
1682 1687 1692 1697
1682 1677 1672 1667
1683 1688 1693 1698
1683 1678 1673 1668
1684 1689 1694 1699
1684 1679 1674 1669
1685 1690 1695 1700
1685 1680 1675 1670
1686 1691 1696 1701
1686 1681 1676 1671
1687 1692 1697 1702
1687 1682 1677 1672
1688 1693 1698 1703
1688 1683 1678 1673
1689 1694 1699 1704
1689 1684 1679 1674
1690 1695 1700 1705
1690 1685 1680 1675
1691 1696 1701 1706
1691 1686 1681 1676
1692 1697 1702 1707
1692 1687 1682 1677
1693 1698 1703 1708
1693 1688 1683 1678
1694 1699 1704 1709
1694 1689 1684 1679
1695 1700 1705 1710
1695 1690 1685 1680
1696 1701 1706 1711
1696 1691 1686 1681
1697 1702 1707 1712
1697 1692 1687 1682
1698 1703 1708 1713
1698 1693 1688 1683
1699 1704 1709 1714
1699 1694 1689 1684
1700 1705 1710 1715
1700 1695 1690 1685
1701 1706 1711 1716
1701 1696 1691 1686
1702 1707 1712 1717
1702 1697 1692 1687
1703 1708 1713 1718
1703 1698 1693 1688
1704 1709 1714 1719
1704 1699 1694 1689
1705 1710 1715 1720
1705 1700 1695 1690
1706 1711 1716 1721
1706 1701 1696 1691
1707 1712 1717 1722
1707 1702 1697 1692
1708 1713 1718 1723
1708 1703 1698 1693
1709 1714 1719 1724
1709 1704 1699 1694
1710 1715 1720 1725
1710 1705 1700 1695
1711 1716 1721 1726
1711 1706 1701 1696
1712 1717 1722 1727
1712 1707 1702 1697
1713 1718 1723 1728
1713 1708 1703 1698
1714 1719 1724 1729
1714 1709 1704 1699
1715 1720 1725 1730
1715 1710 1705 1700
1716 1721 1726 1731
1716 1711 1706 1701
1717 1722 1727 1732
1717 1712 1707 1702
1718 1723 1728 1733
1718 1713 1708 1703
1719 1724 1729 1734
1719 1714 1709 1704
1720 1725 1730 1735
1720 1715 1710 1705
1721 1726 1731 1736
1721 1716 1711 1706
1722 1727 1732 1737
1722 1717 1712 1707
1723 1728 1733 1738
1723 1718 1713 1708
1724 1729 1734 1739
1724 1719 1714 1709
1725 1730 1735 1740
1725 1720 1715 1710
1726 1731 1736 1741
1726 1721 1716 1711
1727 1732 1737 1742
1727 1722 1717 1712
1728 1733 1738 1743
1728 1723 1718 1713
1729 1734 1739 1744
1729 1724 1719 1714
1730 1735 1740 1745
1730 1725 1720 1715
1731 1736 1741 1746
1731 1726 1721 1716
1732 1737 1742 1747
1732 1727 1722 1717
1733 1738 1743 1748
1733 1728 1723 1718
1734 1739 1744 1749
1734 1729 1724 1719
1735 1740 1745 1750
1735 1730 1725 1720
1736 1741 1746 1751
1736 1731 1726 1721
1737 1742 1747 1752
1737 1732 1727 1722
1738 1743 1748 1753
1738 1733 1728 1723
1739 1744 1749 1754
1739 1734 1729 1724
1740 1745 1750 1755
1740 1735 1730 1725
1741 1746 1751 1756
1741 1736 1731 1726
1742 1747 1752 1757
1742 1737 1732 1727
1743 1748 1753 1758
1743 1738 1733 1728
1744 1749 1754 1759
1744 1739 1734 1729
1745 1750 1755 1760
1745 1740 1735 1730
1746 1751 1756 1761
1746 1741 1736 1731
1747 1752 1757 1762
1747 1742 1737 1732
1748 1753 1758 1763
1748 1743 1738 1733
1749 1754 1759 1764
1749 1744 1739 1734
1750 1755 1760 1765
1750 1745 1740 1735
1751 1756 1761 1766
1751 1746 1741 1736
1752 1757 1762 1767
1752 1747 1742 1737
1753 1758 1763 1768
1753 1748 1743 1738
1754 1759 1764 1769
1754 1749 1744 1739
1755 1760 1765 1770
1755 1750 1745 1740
1756 1761 1766 1771
1756 1751 1746 1741
1757 1762 1767 1772
1757 1752 1747 1742
1758 1763 1768 1773
1758 1753 1748 1743
1759 1764 1769 1774
1759 1754 1749 1744
1760 1765 1770 1775
1760 1755 1750 1745
1761 1766 1771 1776
1761 1756 1751 1746
1762 1767 1772 1777
1762 1757 1752 1747
1763 1768 1773 1778
1763 1758 1753 1748
1764 1769 1774 1779
1764 1759 1754 1749
1765 1770 1775 1780
1765 1760 1755 1750
1766 1771 1776 1781
1766 1761 1756 1751
1767 1772 1777 1782
1767 1762 1757 1752
1768 1773 1778 1783
1768 1763 1758 1753
1769 1774 1779 1784
1769 1764 1759 1754
1770 1775 1780 1785
1770 1765 1760 1755
1771 1776 1781 1786
1771 1766 1761 1756
1772 1777 1782 1787
1772 1767 1762 1757
1773 1778 1783 1788
1773 1768 1763 1758
1774 1779 1784 1789
1774 1769 1764 1759
1775 1780 1785 1790
1775 1770 1765 1760
1776 1781 1786 1791
1776 1771 1766 1761
1777 1782 1787 1792
1777 1772 1767 1762
1778 1783 1788 1793
1778 1773 1768 1763
1779 1784 1789 1794
1779 1774 1769 1764
1780 1785 1790 1795
1780 1775 1770 1765
1781 1786 1791 1796
1781 1776 1771 1766
1782 1787 1792 1797
1782 1777 1772 1767
1783 1788 1793 1798
1783 1778 1773 1768
1784 1789 1794 1799
1784 1779 1774 1769
1785 1790 1795 1800
1785 1780 1775 1770
1786 1791 1796 1801
1786 1781 1776 1771
1787 1792 1797 1802
1787 1782 1777 1772
1788 1793 1798 1803
1788 1783 1778 1773
1789 1794 1799 1804
1789 1784 1779 1774
1790 1795 1800 1805
1790 1785 1780 1775
1791 1796 1801 1806
1791 1786 1781 1776
1792 1797 1802 1807
1792 1787 1782 1777
1793 1798 1803 1808
1793 1788 1783 1778
1794 1799 1804 1809
1794 1789 1784 1779
1795 1800 1805 1810
1795 1790 1785 1780
1796 1801 1806 1811
1796 1791 1786 1781
1797 1802 1807 1812
1797 1792 1787 1782
1798 1803 1808 1813
1798 1793 1788 1783
1799 1804 1809 1814
1799 1794 1789 1784
1800 1805 1810 1815
1800 1795 1790 1785
1801 1806 1811 1816
1801 1796 1791 1786
1802 1807 1812 1817
1802 1797 1792 1787
1803 1808 1813 1818
1803 1798 1793 1788
1804 1809 1814 1819
1804 1799 1794 1789
1805 1810 1815 1820
1805 1800 1795 1790
1806 1811 1816 1821
1806 1801 1796 1791
1807 1812 1817 1822
1807 1802 1797 1792
1808 1813 1818 1823
1808 1803 1798 1793
1809 1814 1819 1824
1809 1804 1799 1794
1810 1815 1820 1825
1810 1805 1800 1795
1811 1816 1821 1826
1811 1806 1801 1796
1812 1817 1822 1827
1812 1807 1802 1797
1813 1818 1823 1830
1813 1808 1803 1798
1814 1819 1824 1831
1814 1809 1804 1799
1815 1820 1825 1832
1815 1810 1805 1800
1816 1821 1826 1833
1816 1811 1806 1801
1817 1822 1827 1828
1817 1812 1807 1802
1818 1823 1830 1829
1818 1813 1808 1803
1819 1824 1831 1836
1819 1814 1809 1804
1820 1825 1832 1837
1820 1815 1810 1805
1821 1826 1833 1838
1821 1816 1811 1806
1822 1827 1828 1834
1822 1817 1812 1807
1823 1830 1829 1835
1823 1818 1813 1808
1824 1831 1836 1844
1824 1819 1814 1809
1825 1832 1837 1845
1825 1820 1815 1810
1826 1833 1838 1846
1826 1821 1816 1811
1827 1828 1834 1839
1827 1822 1817 1812
1828 1834 1839 1840
1828 1827 1822 1817
1829 1835 1842 1841
1829 1830 1823 1818
1830 1829 1835 1842
1830 1823 1818 1813
1831 1836 1844 1843
1831 1824 1819 1814
1832 1837 1845 1850
1832 1825 1820 1815
1833 1838 1846 1851
1833 1826 1821 1816
1834 1839 1840 1847
1834 1828 1827 1822
1835 1842 1841 1848
1835 1829 1830 1823
1836 1844 1843 1849
1836 1831 1824 1819
1837 1845 1850 1857
1837 1832 1825 1820
1838 1846 1851 1858
1838 1833 1826 1821
1839 1840 1847 1852
1839 1834 1828 1827
1840 1847 1852 1853
1840 1839 1834 1828
1841 1848 1855 1854
1841 1842 1835 1829
1842 1841 1848 1855
1842 1835 1829 1830
1843 1849 1856 1863
1843 1844 1836 1831
1844 1843 1849 1856
1844 1836 1831 1824
1845 1850 1857 1864
1845 1837 1832 1825
1846 1851 1858 1865
1846 1838 1833 1826
1847 1852 1853 1859
1847 1840 1839 1834
1848 1855 1854 1862
1848 1841 1842 1835
1849 1856 1863 1871
1849 1843 1844 1836
1850 1857 1864 1872
1850 1845 1837 1832
1851 1858 1865 1873
1851 1846 1838 1833
1852 1853 1859 1860
1852 1847 1840 1839
1853 1859 1860 1866
1853 1852 1847 1840
1854 1862 1861 1870
1854 1855 1848 1841
1855 1854 1862 1861
1855 1848 1841 1842
1856 1863 1871 1877
1856 1849 1843 1844
1857 1864 1872 1878
1857 1850 1845 1837
1858 1865 1873 1879
1858 1851 1846 1838
1859 1860 1866 1867
1859 1853 1852 1847
1860 1866 1867 1868
1860 1859 1853 1852
1861 1870 1869 1876
1861 1862 1854 1855
1862 1861 1870 1869
1862 1854 1855 1848
1863 1871 1877 1880
1863 1856 1849 1843
1864 1872 1878 1881
1864 1857 1850 1845
1865 1873 1879 1882
1865 1858 1851 1846
1866 1867 1868 1874
1866 1860 1859 1853
1867 1868 1874 1875
1867 1866 1860 1859
1868 1874 1875 1876
1868 1867 1866 1860
1869 1876 1875 1874
1869 1870 1861 1862
1870 1869 1876 1875
1870 1861 1862 1854
1871 1877 1880 1883
1871 1863 1856 1849
1872 1878 1881 1884
1872 1864 1857 1850
1873 1879 1882 1885
1873 1865 1858 1851
1874 1875 1876 1869
1874 1868 1867 1866
1875 1876 1869 1870
1875 1874 1868 1867
1876 1875 1874 1868
1876 1869 1870 1861
1877 1880 1883 1886
1877 1871 1863 1856
1878 1881 1884 1887
1878 1872 1864 1857
1879 1882 1885 1888
1879 1873 1865 1858
1880 1883 1886 1889
1880 1877 1871 1863
1881 1884 1887 1890
1881 1878 1872 1864
1882 1885 1888 1891
1882 1879 1873 1865
1883 1886 1889 1892
1883 1880 1877 1871
1884 1887 1890 1893
1884 1881 1878 1872
1885 1888 1891 1894
1885 1882 1879 1873
1886 1889 1892 1895
1886 1883 1880 1877
1887 1890 1893 1896
1887 1884 1881 1878
1888 1891 1894 1897
1888 1885 1882 1879
1889 1892 1895 1898
1889 1886 1883 1880
1890 1893 1896 1899
1890 1887 1884 1881
1891 1894 1897 1900
1891 1888 1885 1882
1892 1895 1898 1901
1892 1889 1886 1883
1893 1896 1899 1902
1893 1890 1887 1884
1894 1897 1900 1903
1894 1891 1888 1885
1895 1898 1901 1904
1895 1892 1889 1886
1896 1899 1902 1905
1896 1893 1890 1887
1897 1900 1903 1906
1897 1894 1891 1888
1898 1901 1904 1907
1898 1895 1892 1889
1899 1902 1905 1908
1899 1896 1893 1890
1900 1903 1906 1909
1900 1897 1894 1891
1901 1904 1907 1910
1901 1898 1895 1892
1902 1905 1908 1911
1902 1899 1896 1893
1903 1906 1909 1912
1903 1900 1897 1894
1904 1907 1910 1913
1904 1901 1898 1895
1905 1908 1911 1914
1905 1902 1899 1896
1906 1909 1912 1915
1906 1903 1900 1897
1907 1910 1913 1916
1907 1904 1901 1898
1908 1911 1914 1917
1908 1905 1902 1899
1909 1912 1915 1918
1909 1906 1903 1900
1910 1913 1916 1919
1910 1907 1904 1901
1911 1914 1917 1920
1911 1908 1905 1902
1912 1915 1918 1921
1912 1909 1906 1903
1913 1916 1919 1922
1913 1910 1907 1904
1914 1917 1920 1923
1914 1911 1908 1905
1915 1918 1921 1924
1915 1912 1909 1906
1916 1919 1922 1925
1916 1913 1910 1907
1917 1920 1923 1926
1917 1914 1911 1908
1918 1921 1924 1927
1918 1915 1912 1909
1919 1922 1925 1928
1919 1916 1913 1910
1920 1923 1926 1929
1920 1917 1914 1911
1921 1924 1927 1931
1921 1918 1915 1912
1922 1925 1928 1932
1922 1919 1916 1913
1923 1926 1929 1930
1923 1920 1917 1914
1924 1927 1931 1934
1924 1921 1918 1915
1925 1928 1932 1935
1925 1922 1919 1916
1926 1929 1930 1933
1926 1923 1920 1917
1927 1931 1934 1937
1927 1924 1921 1918
1928 1932 1935 1938
1928 1925 1922 1919
1929 1930 1933 1936
1929 1926 1923 1920
1930 1933 1936 1939
1930 1929 1926 1923
1931 1934 1937 1940
1931 1927 1924 1921
1932 1935 1938 1942
1932 1928 1925 1922
1933 1936 1939 1943
1933 1930 1929 1926
1934 1937 1940 1941
1934 1931 1927 1924
1935 1938 1942 1945
1935 1932 1928 1925
1936 1939 1943 1946
1936 1933 1930 1929
1937 1940 1941 1944
1937 1934 1931 1927
1938 1942 1945 1948
1938 1935 1932 1928
1939 1943 1946 1949
1939 1936 1933 1930
1940 1941 1944 1947
1940 1937 1934 1931
1941 1944 1947 1950
1941 1940 1937 1934
1942 1945 1948 1951
1942 1938 1935 1932
1943 1946 1949 1952
1943 1939 1936 1933
1944 1947 1950 1953
1944 1941 1940 1937
1945 1948 1951 1954
1945 1942 1938 1935
1946 1949 1952 1955
1946 1943 1939 1936
1947 1950 1953 1956
1947 1944 1941 1940
1948 1951 1954 1957
1948 1945 1942 1938
1949 1952 1955 1958
1949 1946 1943 1939
1950 1953 1956 1959
1950 1947 1944 1941
1951 1954 1957 1960
1951 1948 1945 1942
1952 1955 1958 1961
1952 1949 1946 1943
1953 1956 1959 1962
1953 1950 1947 1944
1954 1957 1960 1963
1954 1951 1948 1945
1955 1958 1961 1964
1955 1952 1949 1946
1956 1959 1962 1965
1956 1953 1950 1947
1957 1960 1963 1966
1957 1954 1951 1948
1958 1961 1964 1967
1958 1955 1952 1949
1959 1962 1965 1968
1959 1956 1953 1950
1960 1963 1966 1969
1960 1957 1954 1951
1961 1964 1967 1970
1961 1958 1955 1952
1962 1965 1968 1971
1962 1959 1956 1953
1963 1966 1969 1972
1963 1960 1957 1954
1964 1967 1970 1973
1964 1961 1958 1955
1965 1968 1971 1974
1965 1962 1959 1956
1966 1969 1972 1975
1966 1963 1960 1957
1967 1970 1973 1976
1967 1964 1961 1958
1968 1971 1974 1977
1968 1965 1962 1959
1969 1972 1975 1978
1969 1966 1963 1960
1970 1973 1976 1979
1970 1967 1964 1961
1971 1974 1977 1980
1971 1968 1965 1962
1972 1975 1978 1981
1972 1969 1966 1963
1973 1976 1979 1982
1973 1970 1967 1964
1974 1977 1980 1983
1974 1971 1968 1965
1975 1978 1981 1984
1975 1972 1969 1966
1976 1979 1982 1985
1976 1973 1970 1967
1977 1980 1983 1986
1977 1974 1971 1968
1978 1981 1984 1987
1978 1975 1972 1969
1979 1982 1985 1988
1979 1976 1973 1970
1980 1983 1986 1989
1980 1977 1974 1971
1981 1984 1987 1990
1981 1978 1975 1972
1982 1985 1988 1991
1982 1979 1976 1973
1983 1986 1989 1992
1983 1980 1977 1974
1984 1987 1990 1993
1984 1981 1978 1975
1985 1988 1991 1994
1985 1982 1979 1976
1986 1989 1992 1995
1986 1983 1980 1977
1987 1990 1993 1996
1987 1984 1981 1978
1988 1991 1994 1997
1988 1985 1982 1979
1989 1992 1995 1998
1989 1986 1983 1980
1990 1993 1996 1999
1990 1987 1984 1981
1991 1994 1997 2000
1991 1988 1985 1982
1992 1995 1998 2001
1992 1989 1986 1983
1993 1996 1999 2002
1993 1990 1987 1984
1994 1997 2000 2003
1994 1991 1988 1985
1995 1998 2001 2004
1995 1992 1989 1986
1996 1999 2002 2005
1996 1993 1990 1987
1997 2000 2003 2006
1997 1994 1991 1988
1998 2001 2004 2007
1998 1995 1992 1989
1999 2002 2005 2008
1999 1996 1993 1990
2000 2003 2006 2009
2000 1997 1994 1991
2001 2004 2007 2010
2001 1998 1995 1992
2002 2005 2008 2011
2002 1999 1996 1993
2003 2006 2009 2012
2003 2000 1997 1994
2004 2007 2010 2013
2004 2001 1998 1995
2005 2008 2011 2014
2005 2002 1999 1996
2006 2009 2012 2015
2006 2003 2000 1997
2007 2010 2013 2016
2007 2004 2001 1998
2008 2011 2014 2017
2008 2005 2002 1999
2009 2012 2015 2018
2009 2006 2003 2000
2010 2013 2016 2020
2010 2007 2004 2001
2011 2014 2017 2021
2011 2008 2005 2002
2012 2015 2018 2019
2012 2009 2006 2003
2013 2016 2020 2023
2013 2010 2007 2004
2014 2017 2021 2024
2014 2011 2008 2005
2015 2018 2019 2022
2015 2012 2009 2006
2016 2020 2023 2026
2016 2013 2010 2007
2017 2021 2024 2027
2017 2014 2011 2008
2018 2019 2022 2025
2018 2015 2012 2009
2019 2022 2025 2028
2019 2018 2015 2012
2020 2023 2026 2029
2020 2016 2013 2010
2021 2024 2027 2030
2021 2017 2014 2011
2022 2025 2028 2031
2022 2019 2018 2015
2023 2026 2029 2032
2023 2020 2016 2013
2024 2027 2030 2033
2024 2021 2017 2014
2025 2028 2031 2034
2025 2022 2019 2018
2026 2029 2032 2036
2026 2023 2020 2016
2027 2030 2033 2037
2027 2024 2021 2017
2028 2031 2034 2038
2028 2025 2022 2019
2029 2032 2036 2040
2029 2026 2023 2020
2030 2033 2037 2041
2030 2027 2024 2021
2031 2034 2038 2042
2031 2028 2025 2022
2032 2036 2040 2044
2032 2029 2026 2023
2033 2037 2041 2045
2033 2030 2027 2024
2034 2038 2042 2046
2034 2031 2028 2025
2035 2039 2043 2047
2036 2040 2044 2048
2036 2032 2029 2026
2037 2041 2045 2049
2037 2033 2030 2027
2038 2042 2046 2050
2038 2034 2031 2028
2039 2043 2047 2051
2040 2044 2048 2053
2040 2036 2032 2029
2041 2045 2049 2054
2041 2037 2033 2030
2042 2046 2050 2055
2042 2038 2034 2031
2043 2047 2051 2052
2043 2039 2035 -1
2044 2048 2053 2057
2044 2040 2036 2032
2045 2049 2054 2058
2045 2041 2037 2033
2046 2050 2055 2059
2046 2042 2038 2034
2047 2051 2052 2056
2047 2043 2039 2035
2048 2053 2057 2061
2048 2044 2040 2036
2049 2054 2058 2062
2049 2045 2041 2037
2050 2055 2059 2063
2050 2046 2042 2038
2051 2052 2056 2060
2051 2047 2043 2039
2052 2056 2060 2064
2052 2051 2047 2043
2053 2057 2061 2065
2053 2048 2044 2040
2054 2058 2062 2066
2054 2049 2045 2041
2055 2059 2063 2067
2055 2050 2046 2042
2056 2060 2064 2068
2056 2052 2051 2047
2057 2061 2065 2069
2057 2053 2048 2044
2058 2062 2066 2070
2058 2054 2049 2045
2059 2063 2067 2071
2059 2055 2050 2046
2060 2064 2068 2073
2060 2056 2052 2051
2061 2065 2069 2075
2061 2057 2053 2048
2062 2066 2070 2076
2062 2058 2054 2049
2063 2067 2071 2072
2063 2059 2055 2050
2064 2068 2073 2074
2064 2060 2056 2052
2065 2069 2075 2079
2065 2061 2057 2053
2066 2070 2076 2080
2066 2062 2058 2054
2067 2071 2072 2077
2067 2063 2059 2055
2068 2073 2074 2078
2068 2064 2060 2056
2069 2075 2079 2083
2069 2065 2061 2057
2070 2076 2080 2084
2070 2066 2062 2058
2071 2072 2077 2081
2071 2067 2063 2059
2072 2077 2081 2085
2072 2071 2067 2063
2073 2074 2078 2082
2073 2068 2064 2060
2074 2078 2082 2087
2074 2073 2068 2064
2075 2079 2083 2088
2075 2069 2065 2061
2076 2080 2084 2089
2076 2070 2066 2062
2077 2081 2085 2086
2077 2072 2071 2067
2078 2082 2087 2091
2078 2074 2073 2068
2079 2083 2088 2092
2079 2075 2069 2065
2080 2084 2089 2093
2080 2076 2070 2066
2081 2085 2086 2090
2081 2077 2072 2071
2082 2087 2091 2095
2082 2078 2074 2073
2083 2088 2092 2096
2083 2079 2075 2069
2084 2089 2093 2097
2084 2080 2076 2070
2085 2086 2090 2094
2085 2081 2077 2072
2086 2090 2094 2098
2086 2085 2081 2077
2087 2091 2095 2100
2087 2082 2078 2074
2088 2092 2096 2101
2088 2083 2079 2075
2089 2093 2097 2102
2089 2084 2080 2076
2090 2094 2098 2099
2090 2086 2085 2081
2091 2095 2100 2104
2091 2087 2082 2078
2092 2096 2101 2106
2092 2088 2083 2079
2093 2097 2102 2107
2093 2089 2084 2080
2094 2098 2099 2103
2094 2090 2086 2085
2095 2100 2104 2105
2095 2091 2087 2082
2096 2101 2106 2110
2096 2092 2088 2083
2097 2102 2107 2111
2097 2093 2089 2084
2098 2099 2103 2108
2098 2094 2090 2086
2099 2103 2108 2112
2099 2098 2094 2090
2100 2104 2105 2109
2100 2095 2091 2087
2101 2106 2110 2115
2101 2096 2092 2088
2102 2107 2111 2116
2102 2097 2093 2089
2103 2108 2112 2117
2103 2099 2098 2094
2104 2105 2109 2113
2104 2100 2095 2091
2105 2109 2113 2114
2105 2104 2100 2095
2106 2110 2115 2119
2106 2101 2096 2092
2107 2111 2116 2120
2107 2102 2097 2093
2108 2112 2117 2121
2108 2103 2099 2098
2109 2113 2114 2118
2109 2105 2104 2100
2110 2115 2119 2124
2110 2106 2101 2096
2111 2116 2120 2125
2111 2107 2102 2097
2112 2117 2121 2126
2112 2108 2103 2099
2113 2114 2118 2122
2113 2109 2105 2104
2114 2118 2122 2123
2114 2113 2109 2105
2115 2119 2124 2128
2115 2110 2106 2101
2116 2120 2125 2129
2116 2111 2107 2102
2117 2121 2126 2130
2117 2112 2108 2103
2118 2122 2123 2127
2118 2114 2113 2109
2119 2124 2128 2132
2119 2115 2110 2106
2120 2125 2129 2133
2120 2116 2111 2107
2121 2126 2130 2134
2121 2117 2112 2108
2122 2123 2127 2131
2122 2118 2114 2113
2123 2127 2131 2135
2123 2122 2118 2114
2124 2128 2132 2136
2124 2119 2115 2110
2125 2129 2133 2137
2125 2120 2116 2111
2126 2130 2134 2138
2126 2121 2117 2112
2127 2131 2135 2139
2127 2123 2122 2118
2128 2132 2136 2140
2128 2124 2119 2115
2129 2133 2137 2141
2129 2125 2120 2116
2130 2134 2138 2142
2130 2126 2121 2117
2131 2135 2139 2144
2131 2127 2123 2122
2132 2136 2140 2146
2132 2128 2124 2119
2133 2137 2141 2147
2133 2129 2125 2120
2134 2138 2142 2143
2134 2130 2126 2121
2135 2139 2144 2145
2135 2131 2127 2123
2136 2140 2146 2150
2136 2132 2128 2124
2137 2141 2147 2151
2137 2133 2129 2125
2138 2142 2143 2148
2138 2134 2130 2126
2139 2144 2145 2149
2139 2135 2131 2127
2140 2146 2150 2156
2140 2136 2132 2128
2141 2147 2151 2157
2141 2137 2133 2129
2142 2143 2148 2152
2142 2138 2134 2130
2143 2148 2152 2153
2143 2142 2138 2134
2144 2145 2149 2154
2144 2139 2135 2131
2145 2149 2154 2155
2145 2144 2139 2135
2146 2150 2156 2160
2146 2140 2136 2132
2147 2151 2157 2161
2147 2141 2137 2133
2148 2152 2153 2158
2148 2143 2142 2138
2149 2154 2155 2159
2149 2145 2144 2139
2150 2156 2160 2164
2150 2146 2140 2136
2151 2157 2161 2165
2151 2147 2141 2137
2152 2153 2158 2162
2152 2148 2143 2142
2153 2158 2162 2166
2153 2152 2148 2143
2154 2155 2159 2163
2154 2149 2145 2144
2155 2159 2163 2167
2155 2154 2149 2145
2156 2160 2164 2169
2156 2150 2146 2140
2157 2161 2165 2170
2157 2151 2147 2141
2158 2162 2166 2171
2158 2153 2152 2148
2159 2163 2167 2168
2159 2155 2154 2149
2160 2164 2169 2174
2160 2156 2150 2146
2161 2165 2170 2175
2161 2157 2151 2147
2162 2166 2171 2172
2162 2158 2153 2152
2163 2167 2168 2173
2163 2159 2155 2154
2164 2169 2174 2179
2164 2160 2156 2150
2165 2170 2175 2180
2165 2161 2157 2151
2166 2171 2172 2176
2166 2162 2158 2153
2167 2168 2173 2177
2167 2163 2159 2155
2168 2173 2177 2178
2168 2167 2163 2159
2169 2174 2179 2184
2169 2164 2160 2156
2170 2175 2180 2185
2170 2165 2161 2157
2171 2172 2176 2181
2171 2166 2162 2158
2172 2176 2181 2182
2172 2171 2166 2162
2173 2177 2178 2183
2173 2168 2167 2163
2174 2179 2184 2188
2174 2169 2164 2160
2175 2180 2185 2189
2175 2170 2165 2161
2176 2181 2182 2186
2176 2172 2171 2166
2177 2178 2183 2187
2177 2173 2168 2167
2178 2183 2187 2192
2178 2177 2173 2168
2179 2184 2188 2194
2179 2174 2169 2164
2180 2185 2189 2195
2180 2175 2170 2165
2181 2182 2186 2190
2181 2176 2172 2171
2182 2186 2190 2191
2182 2181 2176 2172
2183 2187 2192 2193
2183 2178 2177 2173
2184 2188 2194 2199
2184 2179 2174 2169
2185 2189 2195 2200
2185 2180 2175 2170
2186 2190 2191 2196
2186 2182 2181 2176
2187 2192 2193 2198
2187 2183 2178 2177
2188 2194 2199 2204
2188 2184 2179 2174
2189 2195 2200 2206
2189 2185 2180 2175
2190 2191 2196 2197
2190 2186 2182 2181
2191 2196 2197 2201
2191 2190 2186 2182
2192 2193 2198 2202
2192 2187 2183 2178
2193 2198 2202 2203
2193 2192 2187 2183
2194 2199 2204 2211
2194 2188 2184 2179
2195 2200 2206 2205
2195 2189 2185 2180
2196 2197 2201 2207
2196 2191 2190 2186
2197 2201 2207 2208
2197 2196 2191 2190
2198 2202 2203 2209
2198 2193 2192 2187
2199 2204 2211 2217
2199 2194 2188 2184
2200 2206 2205 2213
2200 2195 2189 2185
2201 2207 2208 2214
2201 2197 2196 2191
2202 2203 2209 2210
2202 2198 2193 2192
2203 2209 2210 2216
2203 2202 2198 2193
2204 2211 2217 2225
2204 2199 2194 2188
2205 2213 2212 2220
2205 2206 2200 2195
2206 2205 2213 2212
2206 2200 2195 2189
2207 2208 2214 2215
2207 2201 2197 2196
2208 2214 2215 2221
2208 2207 2201 2197
2209 2210 2216 2223
2209 2203 2202 2198
2210 2216 2223 2224
2210 2209 2203 2202
2211 2217 2225 2231
2211 2204 2199 2194
2212 2220 2219 2218
2212 2213 2205 2206
2213 2212 2220 2219
2213 2205 2206 2200
2214 2215 2221 2222
2214 2208 2207 2201
2215 2221 2222 2228
2215 2214 2208 2207
2216 2223 2224 2229
2216 2210 2209 2203
2217 2225 2231 2237
2217 2211 2204 2199
2218 2227 2226 2234
2218 2219 2220 2212
2219 2218 2227 2226
2219 2220 2212 2213
2220 2219 2218 2227
2220 2212 2213 2205
2221 2222 2228 2235
2221 2215 2214 2208
2222 2228 2235 2240
2222 2221 2215 2214
2223 2224 2229 2230
2223 2216 2210 2209
2224 2229 2230 2236
2224 2223 2216 2210
2225 2231 2237 2243
2225 2217 2211 2204
2226 2234 2233 2232
2226 2227 2218 2219
2227 2226 2234 2233
2227 2218 2219 2220
2228 2235 2240 2241
2228 2222 2221 2215
2229 2230 2236 2242
2229 2224 2223 2216
2230 2236 2242 2249
2230 2229 2224 2223
2231 2237 2243 2251
2231 2225 2217 2211
2232 2239 2238 2246
2232 2233 2234 2226
2233 2232 2239 2238
2233 2234 2226 2227
2234 2233 2232 2239
2234 2226 2227 2218
2235 2240 2241 2247
2235 2228 2222 2221
2236 2242 2249 2250
2236 2230 2229 2224
2237 2243 2251 2258
2237 2231 2225 2217
2238 2246 2245 2244
2238 2239 2232 2233
2239 2238 2246 2245
2239 2232 2233 2234
2240 2241 2247 2248
2240 2235 2228 2222
2241 2247 2248 2254
2241 2240 2235 2228
2242 2249 2250 2256
2242 2236 2230 2229
2243 2251 2258 2265
2243 2237 2231 2225
2244 2253 2252 2261
2244 2245 2246 2238
2245 2244 2253 2252
2245 2246 2238 2239
2246 2245 2244 2253
2246 2238 2239 2232
2247 2248 2254 2255
2247 2241 2240 2235
2248 2254 2255 2262
2248 2247 2241 2240
2249 2250 2256 2257
2249 2242 2236 2230
2250 2256 2257 2264
2250 2249 2242 2236
2251 2258 2265 2271
2251 2243 2237 2231
2252 2261 2260 2259
2252 2253 2244 2245
2253 2252 2261 2260
2253 2244 2245 2246
2254 2255 2262 2263
2254 2248 2247 2241
2255 2262 2263 2268
2255 2254 2248 2247
2256 2257 2264 2270
2256 2250 2249 2242
2257 2264 2270 2277
2257 2256 2250 2249
2258 2265 2271 2279
2258 2251 2243 2237
2259 2267 2266 2274
2259 2260 2261 2252
2260 2259 2267 2266
2260 2261 2252 2253
2261 2260 2259 2267
2261 2252 2253 2244
2262 2263 2268 2269
2262 2255 2254 2248
2263 2268 2269 2275
2263 2262 2255 2254
2264 2270 2277 2278
2264 2257 2256 2250
2265 2271 2279 2286
2265 2258 2251 2243
2266 2274 2273 2272
2266 2267 2259 2260
2267 2266 2274 2273
2267 2259 2260 2261
2268 2269 2275 2276
2268 2263 2262 2255
2269 2275 2276 2282
2269 2268 2263 2262
2270 2277 2278 2284
2270 2264 2257 2256
2271 2279 2286 2292
2271 2265 2258 2251
2272 2281 2280 2289
2272 2273 2274 2266
2273 2272 2281 2280
2273 2274 2266 2267
2274 2273 2272 2281
2274 2266 2267 2259
2275 2276 2282 2283
2275 2269 2268 2263
2276 2282 2283 2290
2276 2275 2269 2268
2277 2278 2284 2285
2277 2270 2264 2257
2278 2284 2285 -1
2278 2277 2270 2264
2279 2286 2292 2297
2279 2271 2265 2258
2280 2289 2288 2287
2280 2281 2272 2273
2281 2280 2289 2288
2281 2272 2273 2274
2282 2283 2290 2291
2282 2276 2275 2269
2283 2290 2291 2295
2283 2282 2276 2275
2284 2278 2277 2270
2285 2284 2278 2277
2286 2292 2297 2302
2286 2279 2271 2265
2287 2294 2293 2300
2287 2288 2289 2280
2288 2287 2294 2293
2288 2289 2280 2281
2289 2288 2287 2294
2289 2280 2281 2272
2290 2291 2295 2296
2290 2283 2282 2276
2291 2295 2296 2301
2291 2290 2283 2282
2292 2297 2302 2307
2292 2286 2279 2271
2293 2300 2299 2298
2293 2294 2287 2288
2294 2293 2300 2299
2294 2287 2288 2289
2295 2296 2301 2305
2295 2291 2290 2283
2296 2301 2305 2306
2296 2295 2291 2290
2297 2302 2307 2314
2297 2292 2286 2279
2298 2304 2303 2310
2298 2299 2300 2293
2299 2298 2304 2303
2299 2300 2293 2294
2300 2299 2298 2304
2300 2293 2294 2287
2301 2305 2306 2311
2301 2296 2295 2291
2302 2307 2314 2319
2302 2297 2292 2286
2303 2310 2309 2308
2303 2304 2298 2299
2304 2303 2310 2309
2304 2298 2299 2300
2305 2306 2311 2312
2305 2301 2296 2295
2306 2311 2312 2313
2306 2305 2301 2296
2307 2314 2319 -1
2307 2302 2297 2292
2308 2316 2315 2322
2308 2309 2310 2303
2309 2308 2316 2315
2309 2310 2303 2304
2310 2309 2308 2316
2310 2303 2304 2298
2311 2312 2313 2317
2311 2306 2305 2301
2312 2313 2317 2318
2312 2311 2306 2305
2313 2317 2318 2323
2313 2312 2311 2306
2314 2307 2302 2297
2315 2322 2321 2320
2315 2316 2308 2309
2316 2315 2322 2321
2316 2308 2309 2310
2317 2318 2323 2324
2317 2313 2312 2311
2318 2323 2324 2327
2318 2317 2313 2312
2319 2314 2307 2302
2320 2326 2325 2331
2320 2321 2322 2315
2321 2320 2326 2325
2321 2322 2315 2316
2322 2321 2320 2326
2322 2315 2316 2308
2323 2324 2327 2328
2323 2318 2317 2313
2324 2327 2328 2332
2324 2323 2318 2317
2325 2331 2330 2329
2325 2326 2320 2321
2326 2325 2331 2330
2326 2320 2321 2322
2327 2328 2332 2333
2327 2324 2323 2318
2328 2332 2333 2334
2328 2327 2324 2323
2329 2336 2335 2352
2329 2330 2331 2325
2330 2329 2336 2335
2330 2331 2325 2326
2331 2330 2329 2336
2331 2325 2326 2320
2332 2333 2334 2337
2332 2328 2327 2324
2333 2334 2337 2338
2333 2332 2328 2327
2334 2337 2338 2339
2334 2333 2332 2328
2335 2352 2351 2350
2335 2336 2329 2330
2336 2335 2352 2351
2336 2329 2330 2331
2337 2338 2339 2340
2337 2334 2333 2332
2338 2339 2340 2341
2338 2337 2334 2333
2339 2340 2341 2342
2339 2338 2337 2334
2340 2341 2342 2343
2340 2339 2338 2337
2341 2342 2343 2344
2341 2340 2339 2338
2342 2343 2344 2345
2342 2341 2340 2339
2343 2344 2345 2346
2343 2342 2341 2340
2344 2345 2346 2347
2344 2343 2342 2341
2345 2346 2347 2348
2345 2344 2343 2342
2346 2347 2348 2349
2346 2345 2344 2343
2347 2348 2349 2353
2347 2346 2345 2344
2348 2349 2353 2354
2348 2347 2346 2345
2349 2353 2354 2355
2349 2348 2347 2346
2350 2398 2397 2457
2350 2351 2352 2335
2351 2350 2398 2397
2351 2352 2335 2336
2352 2351 2350 2398
2352 2335 2336 2329
2353 2354 2355 2356
2353 2349 2348 2347
2354 2355 2356 2357
2354 2353 2349 2348
2355 2356 2357 2358
2355 2354 2353 2349
2356 2357 2358 2359
2356 2355 2354 2353
2357 2358 2359 2360
2357 2356 2355 2354
2358 2359 2360 2361
2358 2357 2356 2355
2359 2360 2361 2362
2359 2358 2357 2356
2360 2361 2362 2363
2360 2359 2358 2357
2361 2362 2363 2364
2361 2360 2359 2358
2362 2363 2364 2365
2362 2361 2360 2359
2363 2364 2365 2366
2363 2362 2361 2360
2364 2365 2366 2367
2364 2363 2362 2361
2365 2366 2367 2368
2365 2364 2363 2362
2366 2367 2368 2369
2366 2365 2364 2363
2367 2368 2369 2370
2367 2366 2365 2364
2368 2369 2370 2371
2368 2367 2366 2365
2369 2370 2371 2372
2369 2368 2367 2366
2370 2371 2372 2373
2370 2369 2368 2367
2371 2372 2373 2374
2371 2370 2369 2368
2372 2373 2374 2375
2372 2371 2370 2369
2373 2374 2375 2376
2373 2372 2371 2370
2374 2375 2376 2377
2374 2373 2372 2371
2375 2376 2377 2378
2375 2374 2373 2372
2376 2377 2378 2379
2376 2375 2374 2373
2377 2378 2379 2380
2377 2376 2375 2374
2378 2379 2380 2381
2378 2377 2376 2375
2379 2380 2381 2382
2379 2378 2377 2376
2380 2381 2382 2383
2380 2379 2378 2377
2381 2382 2383 2384
2381 2380 2379 2378
2382 2383 2384 2385
2382 2381 2380 2379
2383 2384 2385 2386
2383 2382 2381 2380
2384 2385 2386 2387
2384 2383 2382 2381
2385 2386 2387 2388
2385 2384 2383 2382
2386 2387 2388 2389
2386 2385 2384 2383
2387 2388 2389 2390
2387 2386 2385 2384
2388 2389 2390 2391
2388 2387 2386 2385
2389 2390 2391 2392
2389 2388 2387 2386
2390 2391 2392 2393
2390 2389 2388 2387
2391 2392 2393 2394
2391 2390 2389 2388
2392 2393 2394 2395
2392 2391 2390 2389
2393 2394 2395 2396
2393 2392 2391 2390
2394 2395 2396 2399
2394 2393 2392 2391
2395 2396 2399 2400
2395 2394 2393 2392
2396 2399 2400 2401
2396 2395 2394 2393
2397 2457 2456 2455
2397 2398 2350 2351
2398 2397 2457 2456
2398 2350 2351 2352
2399 2400 2401 2402
2399 2396 2395 2394
2400 2401 2402 2403
2400 2399 2396 2395
2401 2402 2403 2404
2401 2400 2399 2396
2402 2403 2404 2405
2402 2401 2400 2399
2403 2404 2405 2406
2403 2402 2401 2400
2404 2405 2406 2407
2404 2403 2402 2401
2405 2406 2407 2408
2405 2404 2403 2402
2406 2407 2408 2409
2406 2405 2404 2403
2407 2408 2409 2410
2407 2406 2405 2404
2408 2409 2410 2411
2408 2407 2406 2405
2409 2410 2411 2412
2409 2408 2407 2406
2410 2411 2412 2413
2410 2409 2408 2407
2411 2412 2413 2414
2411 2410 2409 2408
2412 2413 2414 2415
2412 2411 2410 2409
2413 2414 2415 2416
2413 2412 2411 2410
2414 2415 2416 2417
2414 2413 2412 2411
2415 2416 2417 2418
2415 2414 2413 2412
2416 2417 2418 2419
2416 2415 2414 2413
2417 2418 2419 2420
2417 2416 2415 2414
2418 2419 2420 2421
2418 2417 2416 2415
2419 2420 2421 2422
2419 2418 2417 2416
2420 2421 2422 2423
2420 2419 2418 2417
2421 2422 2423 2424
2421 2420 2419 2418
2422 2423 2424 2425
2422 2421 2420 2419
2423 2424 2425 2426
2423 2422 2421 2420
2424 2425 2426 2427
2424 2423 2422 2421
2425 2426 2427 2428
2425 2424 2423 2422
2426 2427 2428 2429
2426 2425 2424 2423
2427 2428 2429 2430
2427 2426 2425 2424
2428 2429 2430 2431
2428 2427 2426 2425
2429 2430 2431 2432
2429 2428 2427 2426
2430 2431 2432 2433
2430 2429 2428 2427
2431 2432 2433 2434
2431 2430 2429 2428
2432 2433 2434 2435
2432 2431 2430 2429
2433 2434 2435 2436
2433 2432 2431 2430
2434 2435 2436 2437
2434 2433 2432 2431
2435 2436 2437 2438
2435 2434 2433 2432
2436 2437 2438 2439
2436 2435 2434 2433
2437 2438 2439 2440
2437 2436 2435 2434
2438 2439 2440 2441
2438 2437 2436 2435
2439 2440 2441 2442
2439 2438 2437 2436
2440 2441 2442 2443
2440 2439 2438 2437
2441 2442 2443 2444
2441 2440 2439 2438
2442 2443 2444 2445
2442 2441 2440 2439
2443 2444 2445 2446
2443 2442 2441 2440
2444 2445 2446 2447
2444 2443 2442 2441
2445 2446 2447 2448
2445 2444 2443 2442
2446 2447 2448 2449
2446 2445 2444 2443
2447 2448 2449 2450
2447 2446 2445 2444
2448 2449 2450 2451
2448 2447 2446 2445
2449 2450 2451 2452
2449 2448 2447 2446
2450 2451 2452 2453
2450 2449 2448 2447
2451 2452 2453 2454
2451 2450 2449 2448
2452 2451 2450 2449
2452 2453 2454 2455
2453 2452 2451 2450
2453 2454 2455 2456
2454 2453 2452 2451
2454 2455 2456 2457
2455 2454 2453 2452
2455 2456 2457 2397
2456 2455 2454 2453
2456 2457 2397 2398
2457 2456 2455 2454
2457 2397 2398 2350
