0 102 101 100
0 1 2 3
1 0 102 101
1 2 3 4
2 1 0 102
2 3 4 5
3 2 1 0
3 4 5 6
4 3 2 1
4 5 6 7
5 4 3 2
5 6 7 8
6 5 4 3
6 7 8 9
7 6 5 4
7 8 9 10
8 7 6 5
8 9 10 11
9 8 7 6
9 10 11 12
10 9 8 7
10 11 12 13
11 10 9 8
11 12 13 14
12 11 10 9
12 13 14 15
13 12 11 10
13 14 15 16
14 13 12 11
14 15 16 17
15 14 13 12
15 16 17 18
16 15 14 13
16 17 18 19
17 16 15 14
17 18 19 20
18 17 16 15
18 19 20 21
19 18 17 16
19 20 21 22
20 19 18 17
20 21 22 23
21 20 19 18
21 22 23 24
22 21 20 19
22 23 24 25
23 22 21 20
23 24 25 26
24 23 22 21
24 25 26 27
25 24 23 22
25 26 27 28
26 25 24 23
26 27 28 29
27 26 25 24
27 28 29 30
28 27 26 25
28 29 30 31
29 28 27 26
29 30 31 32
30 29 28 27
30 31 32 33
31 30 29 28
31 32 33 34
32 31 30 29
32 33 34 35
33 32 31 30
33 34 35 36
34 33 32 31
34 35 36 37
35 34 33 32
35 36 37 38
36 35 34 33
36 37 38 39
37 36 35 34
37 38 39 40
38 37 36 35
38 39 40 41
39 38 37 36
39 40 41 42
40 39 38 37
40 41 42 43
41 40 39 38
41 42 43 44
42 41 40 39
42 43 44 45
43 42 41 40
43 44 45 46
44 43 42 41
44 45 46 47
45 44 43 42
45 46 47 48
46 45 44 43
46 47 48 49
47 46 45 44
47 48 49 50
48 47 46 45
48 49 50 51
49 48 47 46
49 50 51 52
50 49 48 47
50 51 52 53
51 50 49 48
51 52 53 54
52 51 50 49
52 53 54 55
53 52 51 50
53 54 55 56
54 53 52 51
54 55 56 57
55 54 53 52
55 56 57 58
56 55 54 53
56 57 58 59
57 56 55 54
57 58 59 60
58 57 56 55
58 59 60 61
59 58 57 56
59 60 61 62
60 61 62 63
60 59 58 57
61 62 63 64
61 60 59 58
62 63 64 65
62 61 60 59
63 64 65 66
63 62 61 60
64 65 66 103
64 63 62 61
65 66 103 104
65 64 63 62
66 103 104 114
66 65 64 63
67 113 112 111
67 68 69 70
68 67 113 112
68 69 70 71
69 68 67 113
69 70 71 72
70 69 68 67
70 71 72 73
71 70 69 68
71 72 73 74
72 71 70 69
72 73 74 75
73 72 71 70
73 74 75 76
74 73 72 71
74 75 76 77
75 74 73 72
75 76 77 78
76 75 74 73
76 77 78 79
77 76 75 74
77 78 79 80
78 77 76 75
78 79 80 81
79 78 77 76
79 80 81 82
80 79 78 77
80 81 82 83
81 80 79 78
81 82 83 84
82 81 80 79
82 83 84 85
83 82 81 80
83 84 85 86
84 83 82 81
84 85 86 87
85 84 83 82
85 86 87 88
86 85 84 83
86 87 88 89
87 86 85 84
87 88 89 90
88 87 86 85
88 89 90 91
89 88 87 86
89 90 91 92
90 89 88 87
90 91 92 93
91 90 89 88
91 92 93 94
92 91 90 89
92 93 94 95
93 92 91 90
93 94 95 96
94 93 92 91
94 95 96 97
95 94 93 92
95 96 97 98
96 95 94 93
96 97 98 99
97 96 95 94
97 98 99 100
98 97 96 95
98 99 100 101
99 98 97 96
99 100 101 102
100 99 98 97
100 101 102 0
101 100 99 98
101 102 0 1
102 101 100 99
102 0 1 2
103 104 114 121
103 66 65 64
104 114 121 122
104 103 66 65
105 120 119 118
105 106 107 108
106 105 120 119
106 107 108 109
107 106 105 120
107 108 109 110
108 107 106 105
108 109 110 111
109 108 107 106
109 110 111 112
110 109 108 107
110 111 112 113
111 110 109 108
111 112 113 67
112 111 110 109
112 113 67 68
113 112 111 110
113 67 68 69
114 121 122 131
114 104 103 66
115 130 129 128
115 116 117 118
116 115 130 129
116 117 118 119
117 116 115 130
117 118 119 120
118 117 116 115
118 119 120 105
119 118 117 116
119 120 105 106
120 119 118 117
120 105 106 107
121 122 131 138
121 114 104 103
122 131 138 144
122 121 114 104
123 137 136 135
123 124 125 126
124 123 137 136
124 125 126 127
125 124 123 137
125 126 127 128
126 125 124 123
126 127 128 129
127 126 125 124
127 128 129 130
128 127 126 125
128 129 130 115
129 128 127 126
129 130 115 116
130 129 128 127
130 115 116 117
131 138 144 150
131 122 121 114
132 143 142 141
132 133 134 135
133 132 143 142
133 134 135 136
134 133 132 143
134 135 136 137
135 134 133 132
135 136 137 123
136 135 134 133
136 137 123 124
137 136 135 134
137 123 124 125
138 144 150 157
138 131 122 121
138 131 114 104
139 148 147 146
139 140 141 142
140 139 148 147
140 141 142 143
141 140 139 148
141 142 143 132
142 141 140 139
142 143 132 133
143 142 141 140
143 132 133 134
144 150 157 163
144 138 131 122
145 154 153 152
145 146 147 148
146 145 154 153
146 147 148 139
147 146 145 154
147 148 139 140
148 147 146 145
148 139 140 141
149 156 155 162
150 157 163 169
150 144 138 131
151 160 159 158
151 152 153 154
152 151 160 159
152 153 154 145
153 152 151 160
153 154 145 146
154 153 152 151
154 145 146 147
155 162 161 168
155 156 149 -1
156 155 162 161
157 163 169 175
157 150 144 138
158 166 165 164
158 159 160 151
159 158 166 165
159 160 151 152
160 159 158 166
160 151 152 153
161 168 167 174
161 162 155 156
162 161 168 167
162 155 156 149
163 169 175 180
163 157 150 144
164 172 171 170
164 165 166 158
165 164 172 171
165 166 158 159
166 165 164 172
166 158 159 160
167 174 173 179
167 168 161 162
168 167 174 173
168 161 162 155
169 175 180 185
169 163 157 150
170 177 176 182
170 171 172 164
171 170 177 176
171 172 164 165
172 171 170 177
172 164 165 166
173 179 178 184
173 174 167 168
174 173 179 178
174 167 168 161
175 180 185 190
175 169 163 157
176 182 181 187
176 177 170 171
177 176 182 181
177 170 171 172
178 184 183 189
178 179 173 174
179 178 184 183
179 173 174 167
180 185 190 194
180 175 169 163
181 187 186 191
181 182 176 177
182 181 187 186
182 176 177 170
183 189 188 193
183 184 178 179
184 183 189 188
184 178 179 173
185 190 194 198
185 180 175 169
186 191 195 200
186 187 181 182
187 186 191 195
187 181 182 176
188 193 192 197
188 189 183 184
189 188 193 192
189 183 184 178
190 194 198 205
190 185 180 175
191 195 200 199
191 186 187 181
192 197 196 204
192 193 188 189
193 192 197 196
193 188 189 183
194 198 205 212
194 190 185 180
195 200 199 206
195 191 186 187
196 204 203 211
196 197 192 193
197 196 204 203
197 192 193 188
198 205 212 244
198 194 190 185
199 206 214 213
199 200 195 191
200 199 206 214
200 195 191 186
201 202 207 208
202 207 208 209
203 211 210 243
203 204 196 197
204 203 211 210
204 196 197 192
205 212 244 333
205 198 194 190
206 214 213 245
206 199 200 195
207 208 209 215
207 202 201 -1
208 209 215 216
208 207 202 201
209 215 216 217
209 208 207 202
210 243 242 332
210 243 242 241
210 211 203 204
211 210 243 242
211 210 243 241
211 203 204 196
212 244 333 338
212 205 198 194
213 245 334 339
213 214 206 199
214 213 245 334
214 206 199 200
215 216 217 218
215 209 208 207
216 217 218 246
216 217 248 -1
216 215 209 208
217 218 246 247
217 218 246 248
217 216 215 209
218 246 247 335
218 217 216 215
219 325 324 323
219 220 221 222
220 219 325 324
220 221 222 223
221 220 219 325
221 222 223 224
222 223 224 225
222 221 220 219
223 222 221 220
223 224 225 226
224 223 222 221
224 225 226 227
225 224 223 222
225 226 227 228
226 227 228 229
226 225 224 223
227 228 229 230
227 226 225 224
228 229 230 231
228 227 226 225
229 230 231 232
229 228 227 226
230 231 232 326
230 229 228 227
231 232 326 327
231 230 229 228
232 326 327 328
232 231 230 229
233 331 330 329
233 234 235 236
234 233 331 330
234 235 236 237
235 234 233 331
235 236 237 238
236 235 234 233
236 237 238 239
237 236 235 234
237 238 239 240
238 237 236 235
238 239 240 241
239 238 237 236
239 240 241 243
240 241 243 210
240 241 347 352
240 239 238 237
241 240 239 238
241 243 210 211
242 332 337 342
242 243 210 211
243 242 332 337
243 242 332 241
243 210 211 203
244 333 338 343
244 212 205 198
245 334 339 345
245 213 214 206
246 247 335 336
246 218 217 216
247 335 336 249
247 246 218 217
248 336 251 252
249 336 335 247
249 336 346 351
249 250 251 252
250 249 336 335
250 249 346 -1
250 251 252 253
251 250 249 336
251 250 336 248
251 252 253 254
252 253 254 255
252 251 250 249
252 251 336 248
253 254 255 256
253 252 251 250
253 252 251 336
254 253 252 251
254 255 256 257
255 254 253 252
255 256 257 258
256 255 254 253
256 257 258 259
257 256 255 254
257 258 259 260
258 257 256 255
258 259 260 261
259 260 261 262
259 258 257 256
260 261 262 263
260 259 258 257
261 262 263 264
261 260 259 258
262 261 260 259
262 263 264 265
263 262 261 260
263 264 265 266
264 263 262 261
264 265 266 267
265 264 263 262
265 266 267 268
266 265 264 263
266 267 268 269
267 266 265 264
267 268 269 270
268 267 266 265
268 269 270 271
269 270 271 272
269 268 267 266
270 271 272 273
270 269 268 267
271 272 273 274
271 270 269 268
272 273 274 275
272 271 270 269
273 274 275 276
273 272 271 270
274 273 272 271
274 275 276 277
275 274 273 272
275 276 277 278
276 275 274 273
276 277 278 279
277 276 275 274
277 278 279 280
278 277 276 275
278 279 280 281
279 280 281 282
279 278 277 276
280 281 282 283
280 279 278 277
281 282 283 284
281 280 279 278
282 283 284 285
282 281 280 279
283 282 281 280
283 284 285 286
284 283 282 281
284 285 286 287
285 284 283 282
285 286 287 288
286 285 284 283
286 287 288 289
287 286 285 284
287 288 289 290
288 287 286 285
288 289 290 291
289 288 287 286
289 290 291 292
290 289 288 287
290 291 292 293
291 292 293 294
291 290 289 288
292 293 294 295
292 291 290 289
293 294 295 296
293 292 291 290
294 295 296 297
294 293 292 291
295 296 297 298
295 294 293 292
296 297 298 299
296 295 294 293
297 298 299 300
297 296 295 294
298 299 300 301
298 297 296 295
299 300 301 302
299 298 297 296
300 301 302 303
300 299 298 297
301 300 299 298
301 302 303 304
302 301 300 299
302 303 304 305
303 302 301 300
303 304 305 306
304 303 302 301
304 305 306 307
305 304 303 302
305 306 307 308
306 305 304 303
306 307 308 309
307 308 309 310
307 306 305 304
308 309 310 311
308 307 306 305
309 308 307 306
309 310 311 312
310 309 308 307
310 311 312 313
311 310 309 308
311 312 313 314
312 311 310 309
312 313 314 315
313 312 311 310
313 314 315 316
314 315 316 317
314 313 312 311
315 316 317 318
315 314 313 312
316 317 318 319
316 315 314 313
317 318 319 320
317 316 315 314
318 317 316 315
318 319 320 321
319 318 317 316
319 320 321 322
320 319 318 317
320 321 322 323
321 320 319 318
321 322 323 324
322 323 324 325
322 321 320 319
323 322 321 320
323 324 325 219
324 323 322 321
324 325 219 220
325 324 323 322
325 219 220 221
326 327 328 329
326 232 231 230
327 328 329 330
327 326 232 231
328 329 330 331
328 327 326 232
329 328 327 326
329 330 331 233
330 329 328 327
330 331 233 234
331 330 329 328
331 233 234 235
332 337 342 347
332 242 243 210
333 338 343 348
333 244 212 205
334 339 345 344
334 245 213 214
335 341 340 336
335 247 246 218
336 249 250 251
336 248 335 247
337 342 347 352
337 332 242 243
338 343 348 353
338 333 244 212
339 345 344 349
339 334 245 213
340 346 351 350
340 341 335 -1
341 340 346 351
342 347 352 357
342 337 332 242
343 348 353 358
343 338 333 244
344 349 355 354
344 345 339 334
345 344 349 355
345 339 334 245
346 351 350 356
346 340 341 249
347 352 357 362
347 342 337 332
348 353 358 363
348 343 338 333
349 355 354 359
349 344 345 339
350 356 361 360
350 351 346 340
350 351 346 249
351 350 356 361
351 346 340 341
351 346 249 -1
352 357 362 366
352 347 342 337
352 347 240 -1
353 358 363 367
353 348 343 338
354 359 364 369
354 355 349 344
355 354 359 364
355 349 344 345
356 361 360 365
356 350 351 346
357 362 366 372
357 352 347 342
358 363 367 373
358 353 348 343
359 364 369 368
359 354 355 349
360 365 371 370
360 361 356 350
361 360 365 371
361 356 350 351
362 366 372 376
362 357 352 347
363 367 373 377
363 358 353 348
364 369 368 374
364 359 354 355
365 371 370 375
365 360 361 356
366 372 376 380
366 362 357 352
367 373 377 381
367 363 358 353
368 374 378 382
368 369 364 359
369 368 374 378
369 364 359 354
370 375 379 383
370 371 365 360
371 370 375 379
371 365 360 361
372 376 380 384
372 366 362 357
373 377 381 385
373 367 363 358
374 378 382 386
374 368 369 364
375 379 383 387
375 370 371 365
376 380 384 388
376 372 366 362
377 381 385 389
377 373 367 363
378 382 386 390
378 374 368 369
379 383 387 392
379 375 370 371
380 384 388 393
380 376 372 366
381 385 389 394
381 377 373 367
382 386 390 396
382 378 374 368
383 387 392 391
383 379 375 370
384 388 393 398
384 380 376 372
385 389 394 399
385 381 377 373
386 390 396 395
386 382 378 374
387 392 391 397
387 383 379 375
388 393 398 403
388 384 380 376
389 394 399 404
389 385 381 377
390 396 395 400
390 386 382 378
391 397 402 401
391 392 387 383
392 391 397 402
392 387 383 379
393 398 403 407
393 388 384 380
394 399 404 408
394 389 385 381
395 400 405 410
395 396 390 386
396 395 400 405
396 390 386 382
397 402 401 406
397 391 392 387
398 403 407 412
398 393 388 384
399 404 408 413
399 394 389 385
400 405 410 409
400 395 396 390
401 406 411 415
401 402 397 391
402 401 406 411
402 397 391 392
403 407 412 416
403 398 393 388
404 408 413 417
404 399 394 389
405 410 409 414
405 400 395 396
406 411 415 419
406 401 402 397
407 412 416 420
407 403 398 393
408 413 417 421
408 404 399 394
409 414 418 422
409 410 405 400
410 409 414 418
410 405 400 395
411 415 419 423
411 406 401 402
412 416 420 424
412 407 403 398
413 417 421 425
413 408 404 399
414 418 422 427
414 409 410 405
415 419 423 428
415 411 406 401
416 420 424 429
416 412 407 403
417 421 425 430
417 413 408 404
418 422 427 426
418 414 409 410
419 423 428 432
419 415 411 406
420 424 429 433
420 416 412 407
421 425 430 434
421 417 413 408
422 427 426 431
422 418 414 409
423 428 432 436
423 419 415 411
424 429 433 437
424 420 416 412
425 430 434 438
425 421 417 413
426 431 435 439
426 427 422 418
427 426 431 435
427 422 418 414
428 432 436 440
428 423 419 415
429 433 437 441
429 424 420 416
430 434 438 442
430 425 421 417
431 435 439 443
431 426 427 422
432 436 440 444
432 428 423 419
433 437 441 445
433 429 424 420
434 438 442 446
434 430 425 421
435 439 443 447
435 431 426 427
436 440 444 449
436 432 428 423
437 441 445 450
437 433 429 424
438 442 446 451
438 434 430 425
439 443 447 452
439 435 431 426
440 444 449 448
440 436 432 428
441 445 450 454
441 437 433 429
442 446 451 455
442 438 434 430
443 447 452 456
443 439 435 431
444 449 448 453
444 440 436 432
445 450 454 459
445 441 437 433
446 451 455 460
446 442 438 434
447 452 456 461
447 443 439 435
448 453 458 457
448 449 444 440
449 448 453 458
449 444 440 436
450 454 459 463
450 445 441 437
451 455 460 464
451 446 442 438
452 456 461 465
452 447 443 439
453 458 457 462
453 448 449 444
454 459 463 468
454 450 445 441
455 460 464 469
455 451 446 442
456 461 465 470
456 452 447 443
457 462 467 466
457 458 453 448
458 457 462 467
458 453 448 449
459 463 468 472
459 454 450 445
460 464 469 473
460 455 451 446
461 465 470 474
461 456 452 447
462 467 466 471
462 457 458 453
463 468 472 476
463 459 454 450
464 469 473 477
464 460 455 451
465 470 474 478
465 461 456 452
466 471 475 479
466 467 462 457
467 466 471 475
467 462 457 458
468 472 476 480
468 463 459 454
469 473 477 481
469 464 460 455
470 474 478 482
470 465 461 456
471 475 479 483
471 466 467 462
472 476 480 484
472 468 463 459
473 477 481 485
473 469 464 460
474 478 482 486
474 470 465 461
475 479 483 487
475 471 466 467
476 480 484 488
476 472 468 463
477 481 485 489
477 473 469 464
478 482 486 490
478 474 470 465
479 483 487 491
479 475 471 466
480 484 488 492
480 476 472 468
481 485 489 493
481 477 473 469
482 486 490 494
482 478 474 470
483 487 491 495
483 479 475 471
484 488 492 496
484 480 476 472
485 489 493 497
485 481 477 473
486 490 494 498
486 482 478 474
487 491 495 499
487 483 479 475
488 492 496 500
488 484 480 476
489 493 497 501
489 485 481 477
490 494 498 502
490 486 482 478
491 495 499 504
491 487 483 479
492 496 500 505
492 488 484 480
493 497 501 506
493 489 485 481
494 498 502 507
494 490 486 482
495 499 504 503
495 491 487 483
496 500 505 509
496 492 488 484
497 501 506 510
497 493 489 485
498 502 507 511
498 494 490 486
499 504 503 508
499 495 491 487
500 505 509 514
500 496 492 488
501 506 510 515
501 497 493 489
502 507 511 516
502 498 494 490
503 508 513 512
503 504 499 495
504 503 508 513
504 499 495 491
505 509 514 518
505 500 496 492
506 510 515 519
506 501 497 493
507 511 516 520
507 502 498 494
508 513 512 517
508 503 504 499
509 514 518 522
509 505 500 496
510 515 519 523
510 506 501 497
511 516 520 524
511 507 502 498
512 517 521 525
512 513 508 503
513 512 517 521
513 508 503 504
514 518 522 526
514 509 505 500
515 519 523 527
515 510 506 501
516 520 524 528
516 511 507 502
517 521 525 529
517 512 513 508
518 522 526 530
518 514 509 505
519 523 527 531
519 515 510 506
520 524 528 532
520 516 511 507
521 525 529 533
521 517 512 513
522 526 530 534
522 518 514 509
523 527 531 535
523 519 515 510
524 528 532 536
524 520 516 511
525 529 533 537
525 521 517 512
526 530 534 538
526 522 518 514
527 531 535 539
527 523 519 515
528 532 536 540
528 524 520 516
529 533 537 542
529 525 521 517
530 534 538 543
530 526 522 518
531 535 539 544
531 527 523 519
532 536 540 545
532 528 524 520
533 537 542 541
533 529 525 521
534 538 543 547
534 530 526 522
535 539 544 548
535 531 527 523
536 540 545 549
536 532 528 524
537 542 541 546
537 533 529 525
538 543 547 551
538 534 530 526
539 544 548 552
539 535 531 527
540 545 549 553
540 536 532 528
541 546 550 554
541 542 537 533
542 541 546 550
542 537 533 529
543 547 551 555
543 538 534 530
544 548 552 556
544 539 535 531
545 549 553 557
545 540 536 532
546 550 554 558
546 541 542 537
547 551 555 559
547 543 538 534
548 552 556 560
548 544 539 535
549 553 557 561
549 545 540 536
550 554 558 563
550 546 541 542
551 555 559 564
551 547 543 538
552 556 560 565
552 548 544 539
553 557 561 566
553 549 545 540
554 558 563 562
554 550 546 541
555 559 564 568
555 551 547 543
556 560 565 569
556 552 548 544
557 561 566 570
557 553 549 545
558 563 562 567
558 554 550 546
559 564 568 572
559 555 551 547
560 565 569 573
560 556 552 548
561 566 570 574
561 557 553 549
562 567 571 575
562 563 558 554
563 562 567 571
563 558 554 550
564 568 572 576
564 559 555 551
565 569 573 577
565 560 556 552
566 570 574 578
566 561 557 553
567 571 575 579
567 562 563 558
568 572 576 580
568 564 559 555
569 573 577 581
569 565 560 556
570 574 578 582
570 566 561 557
571 575 579 583
571 567 562 563
572 576 580 584
572 568 564 559
573 577 581 585
573 569 565 560
574 578 582 586
574 570 566 561
575 579 583 588
575 571 567 562
576 580 584 589
576 572 568 564
577 581 585 590
577 573 569 565
578 582 586 591
578 574 570 566
579 583 588 587
579 575 571 567
580 584 589 593
580 576 572 568
581 585 590 594
581 577 573 569
582 586 591 595
582 578 574 570
583 588 587 592
583 579 575 571
584 589 593 597
584 580 576 572
585 590 594 598
585 581 577 573
586 591 595 599
586 582 578 574
587 592 596 600
587 588 583 579
588 587 592 596
588 583 579 575
589 593 597 601
589 584 580 576
590 594 598 602
590 585 581 577
591 595 599 603
591 586 582 578
592 596 600 604
592 587 588 583
593 597 601 605
593 589 584 580
594 598 602 606
594 590 585 581
595 599 603 607
595 591 586 582
596 600 604 608
596 592 587 588
597 601 605 609
597 593 589 584
598 602 606 610
598 594 590 585
599 603 607 611
599 595 591 586
600 604 608 612
600 596 592 587
601 605 609 613
601 597 593 589
602 606 610 614
602 598 594 590
603 607 611 615
603 599 595 591
604 608 612 617
604 600 596 592
605 609 613 618
605 601 597 593
606 610 614 619
606 602 598 594
607 611 615 620
607 603 599 595
608 612 617 616
608 604 600 596
609 613 618 622
609 605 601 597
610 614 619 623
610 606 602 598
611 615 620 624
611 607 603 599
612 617 616 621
612 608 604 600
613 618 622 626
613 609 605 601
614 619 623 627
614 610 606 602
615 620 624 628
615 611 607 603
616 621 625 629
616 617 612 608
617 616 621 625
617 612 608 604
618 622 626 630
618 613 609 605
619 623 627 631
619 614 610 606
620 624 628 632
620 615 611 607
621 625 629 633
621 616 617 612
622 626 630 634
622 618 613 609
623 627 631 635
623 619 614 610
624 628 632 636
624 620 615 611
625 629 633 638
625 621 616 617
626 630 634 639
626 622 618 613
627 631 635 640
627 623 619 614
628 632 636 641
628 624 620 615
629 633 638 637
629 625 621 616
630 634 639 643
630 626 622 618
631 635 640 644
631 627 623 619
632 636 641 645
632 628 624 620
633 638 637 642
633 629 625 621
634 639 643 647
634 630 626 622
635 640 644 648
635 631 627 623
636 641 645 649
636 632 628 624
637 642 646 650
637 638 633 629
638 637 642 646
638 633 629 625
639 643 647 651
639 634 630 626
640 644 648 652
640 635 631 627
641 645 649 653
641 636 632 628
642 646 650 654
642 637 638 633
643 647 651 655
643 639 634 630
644 648 652 656
644 640 635 631
645 649 653 657
645 641 636 632
646 650 654 658
646 642 637 638
647 651 655 659
647 643 639 634
648 652 656 660
648 644 640 635
649 653 657 661
649 645 641 636
650 654 658 662
650 646 642 637
651 655 659 663
651 647 643 639
652 656 660 664
652 648 644 640
653 657 661 665
653 649 645 641
654 658 662 666
654 650 646 642
655 659 663 667
655 651 647 643
656 660 664 668
656 652 648 644
657 661 665 669
657 653 649 645
658 662 666 670
658 654 650 646
659 663 667 671
659 655 651 647
660 664 668 672
660 656 652 648
661 665 669 673
661 657 653 649
662 666 670 674
662 658 654 650
663 667 671 675
663 659 655 651
664 668 672 676
664 660 656 652
665 669 673 677
665 661 657 653
666 670 674 678
666 662 658 654
667 671 675 679
667 663 659 655
668 672 676 680
668 664 660 656
669 673 677 681
669 665 661 657
670 674 678 682
670 666 662 658
671 675 679 683
671 667 663 659
672 676 680 684
672 668 664 660
673 677 681 685
673 669 665 661
674 678 682 686
674 670 666 662
675 679 683 687
675 671 667 663
676 680 684 688
676 672 668 664
677 681 685 689
677 673 669 665
678 682 686 690
678 674 670 666
679 683 687 691
679 675 671 667
680 684 688 692
680 676 672 668
681 685 689 693
681 677 673 669
682 686 690 -1
682 678 674 670
683 687 691 694
683 679 675 671
684 688 692 695
684 680 676 672
685 689 693 696
685 681 677 673
686 682 678 674
687 691 694 697
687 683 679 675
688 692 695 698
688 684 680 676
689 693 696 699
689 685 681 677
690 686 682 678
691 694 697 700
691 687 683 679
692 695 698 705
692 688 684 680
693 696 699 706
693 689 685 681
694 697 700 707
694 691 687 683
695 698 705 711
695 692 688 684
696 699 706 712
696 693 689 685
697 700 707 713
697 694 691 687
698 705 711 717
698 695 692 688
699 706 712 718
699 696 693 689
700 707 713 719
700 697 694 691
701 709 708 714
701 702 703 -1
702 701 709 708
702 703 704 -1
703 704 710 715
703 702 701 -1
704 710 715 716
704 703 702 -1
705 711 717 722
705 698 695 692
706 712 718 723
706 699 696 693
707 713 719 724
707 700 697 694
708 714 720 725
708 709 701 702
709 708 714 720
709 701 702 703
710 715 716 721
710 704 703 -1
711 717 722 728
711 705 698 695
712 718 723 729
712 706 699 696
713 719 724 730
713 707 700 697
714 720 725 731
714 708 709 701
715 716 721 726
715 710 704 703
716 721 726 727
716 715 710 704
717 722 728 733
717 711 705 698
718 723 729 734
718 712 706 699
719 724 730 735
719 713 707 700
720 725 731 736
720 714 708 709
721 726 727 732
721 716 715 710
722 728 733 738
722 717 711 705
723 729 734 739
723 718 712 706
724 730 735 740
724 719 713 707
725 731 736 741
725 720 714 708
725 720 701 702
726 727 732 737
726 721 716 715
727 732 737 742
727 726 721 716
728 733 738 743
728 722 717 711
729 734 739 744
729 723 718 712
730 735 740 745
730 724 719 713
731 736 741 746
731 725 720 714
732 737 742 747
732 727 726 721
733 738 743 748
733 728 722 717
734 739 744 749
734 729 723 718
735 740 745 750
735 730 724 719
736 741 746 751
736 731 725 720
737 742 747 752
737 732 727 726
738 743 748 753
738 733 728 722
739 744 749 754
739 734 729 723
740 745 750 755
740 735 730 724
741 746 751 756
741 736 731 725
742 747 752 757
742 737 732 727
743 748 753 758
743 738 733 728
744 749 754 759
744 739 734 729
745 750 755 760
745 740 735 730
746 751 756 761
746 741 736 731
747 752 757 762
747 742 737 732
748 753 758 763
748 743 738 733
749 754 759 764
749 744 739 734
750 755 760 765
750 745 740 735
751 756 761 766
751 746 741 736
752 757 762 767
752 747 742 737
753 758 763 768
753 748 743 738
754 759 764 769
754 749 744 739
755 760 765 770
755 750 745 740
756 761 766 771
756 751 746 741
757 762 767 772
757 752 747 742
758 763 768 773
758 753 748 743
759 764 769 774
759 754 749 744
760 765 770 775
760 755 750 745
761 766 771 776
761 756 751 746
762 767 772 777
762 757 752 747
763 768 773 778
763 758 753 748
764 769 774 779
764 759 754 749
765 770 775 780
765 760 755 750
766 771 776 781
766 761 756 751
767 772 777 782
767 762 757 752
768 773 778 783
768 763 758 753
769 774 779 784
769 764 759 754
770 775 780 785
770 765 760 755
771 776 781 786
771 766 761 756
772 777 782 787
772 767 762 757
773 778 783 788
773 768 763 758
774 779 784 789
774 769 764 759
775 780 785 790
775 770 765 760
776 781 786 791
776 771 766 761
777 782 787 792
777 772 767 762
778 783 788 793
778 773 768 763
779 784 789 794
779 774 769 764
780 785 790 795
780 775 770 765
781 786 791 796
781 776 771 766
782 787 792 797
782 777 772 767
783 788 793 798
783 778 773 768
784 789 794 799
784 779 774 769
785 790 795 800
785 780 775 770
786 791 796 801
786 781 776 771
787 792 797 802
787 782 777 772
788 793 798 803
788 783 778 773
789 794 799 804
789 784 779 774
790 795 800 805
790 785 780 775
791 796 801 806
791 786 781 776
792 797 802 807
792 787 782 777
793 798 803 808
793 788 783 778
794 799 804 809
794 789 784 779
795 800 805 810
795 790 785 780
796 801 806 811
796 791 786 781
797 802 807 812
797 792 787 782
798 803 808 813
798 793 788 783
799 804 809 814
799 794 789 784
800 805 810 815
800 795 790 785
801 806 811 816
801 796 791 786
802 807 812 817
802 797 792 787
803 808 813 818
803 798 793 788
804 809 814 819
804 799 794 789
805 810 815 820
805 800 795 790
806 811 816 821
806 801 796 791
807 812 817 822
807 802 797 792
808 813 818 823
808 803 798 793
809 814 819 824
809 804 799 794
810 815 820 825
810 805 800 795
811 816 821 826
811 806 801 796
812 817 822 827
812 807 802 797
813 818 823 828
813 808 803 798
814 819 824 829
814 809 804 799
815 820 825 830
815 810 805 800
816 821 826 831
816 811 806 801
817 822 827 832
817 812 807 802
818 823 828 833
818 813 808 803
819 824 829 834
819 814 809 804
820 825 830 835
820 815 810 805
821 826 831 836
821 816 811 806
822 827 832 837
822 817 812 807
823 828 833 838
823 818 813 808
824 829 834 839
824 819 814 809
825 830 835 840
825 820 815 810
826 831 836 841
826 821 816 811
827 832 837 842
827 822 817 812
828 833 838 843
828 823 818 813
829 834 839 844
829 824 819 814
830 835 840 845
830 825 820 815
831 836 841 846
831 826 821 816
832 837 842 847
832 827 822 817
833 838 843 848
833 828 823 818
834 839 844 849
834 829 824 819
835 840 845 850
835 830 825 820
836 841 846 851
836 831 826 821
837 842 847 852
837 832 827 822
838 843 848 853
838 833 828 823
839 844 849 854
839 834 829 824
840 845 850 855
840 835 830 825
841 846 851 856
841 836 831 826
842 847 852 857
842 837 832 827
843 848 853 858
843 838 833 828
844 849 854 859
844 839 834 829
845 850 855 860
845 840 835 830
846 851 856 861
846 841 836 831
847 852 857 862
847 842 837 832
848 853 858 863
848 843 838 833
849 854 859 864
849 844 839 834
850 855 860 865
850 845 840 835
851 856 861 866
851 846 841 836
852 857 862 867
852 847 842 837
853 858 863 868
853 848 843 838
854 859 864 869
854 849 844 839
855 860 865 870
855 850 845 840
856 861 866 871
856 851 846 841
857 862 867 872
857 852 847 842
858 863 868 873
858 853 848 843
859 864 869 874
859 854 849 844
860 865 870 875
860 855 850 845
861 866 871 876
861 856 851 846
862 867 872 877
862 857 852 847
863 868 873 878
863 858 853 848
864 869 874 879
864 859 854 849
865 870 875 880
865 860 855 850
866 871 876 881
866 861 856 851
867 872 877 882
867 862 857 852
868 873 878 883
868 863 858 853
869 874 879 884
869 864 859 854
870 875 880 885
870 865 860 855
871 876 881 886
871 866 861 856
872 877 882 887
872 867 862 857
873 878 883 888
873 868 863 858
874 879 884 889
874 869 864 859
875 880 885 890
875 870 865 860
876 881 886 891
876 871 866 861
877 882 887 892
877 872 867 862
878 883 888 893
878 873 868 863
879 884 889 894
879 874 869 864
880 885 890 895
880 875 870 865
881 886 891 896
881 876 871 866
882 887 892 897
882 877 872 867
883 888 893 898
883 878 873 868
884 889 894 899
884 879 874 869
885 890 895 900
885 880 875 870
886 891 896 901
886 881 876 871
887 892 897 902
887 882 877 872
888 893 898 903
888 883 878 873
889 894 899 905
889 884 879 874
890 895 900 906
890 885 880 875
891 896 901 907
891 886 881 876
892 897 902 908
892 887 882 877
893 898 903 904
893 888 883 878
894 899 905 910
894 889 884 879
895 900 906 911
895 890 885 880
896 901 907 912
896 891 886 881
897 902 908 913
897 892 887 882
898 903 904 909
898 893 888 883
899 905 910 915
899 894 889 884
900 906 911 916
900 895 890 885
901 907 912 917
901 896 891 886
902 908 913 918
902 897 892 887
903 904 909 914
903 898 893 888
904 909 914 919
904 903 898 893
905 910 915 920
905 899 894 889
906 911 916 921
906 900 895 890
907 912 917 922
907 901 896 891
908 913 918 923
908 902 897 892
909 914 919 924
909 904 903 898
910 915 920 925
910 905 899 894
911 916 921 926
911 906 900 895
912 917 922 927
912 907 901 896
913 918 923 928
913 908 902 897
914 919 924 929
914 909 904 903
915 920 925 930
915 910 905 899
916 921 926 931
916 911 906 900
917 922 927 932
917 912 907 901
918 923 928 933
918 913 908 902
919 924 929 934
919 914 909 904
920 925 930 935
920 915 910 905
921 926 931 936
921 916 911 906
922 927 932 937
922 917 912 907
923 928 933 938
923 918 913 908
924 929 934 939
924 919 914 909
925 930 935 940
925 920 915 910
926 931 936 941
926 921 916 911
927 932 937 942
927 922 917 912
928 933 938 943
928 923 918 913
929 934 939 944
929 924 919 914
930 935 940 945
930 925 920 915
931 936 941 946
931 926 921 916
932 937 942 947
932 927 922 917
933 938 943 948
933 928 923 918
934 939 944 949
934 929 924 919
935 940 945 950
935 930 925 920
936 941 946 951
936 931 926 921
937 942 947 952
937 932 927 922
938 943 948 953
938 933 928 923
939 944 949 954
939 934 929 924
940 945 950 955
940 935 930 925
941 946 951 956
941 936 931 926
942 947 952 957
942 937 932 927
943 948 953 958
943 938 933 928
944 949 954 959
944 939 934 929
945 950 955 960
945 940 935 930
946 951 956 961
946 941 936 931
947 952 957 962
947 942 937 932
948 953 958 963
948 943 938 933
949 954 959 964
949 944 939 934
950 955 960 965
950 945 940 935
951 956 961 966
951 946 941 936
952 957 962 967
952 947 942 937
953 958 963 968
953 948 943 938
954 959 964 969
954 949 944 939
955 960 965 970
955 950 945 940
956 961 966 971
956 951 946 941
957 962 967 972
957 952 947 942
958 963 968 973
958 953 948 943
959 964 969 974
959 954 949 944
960 965 970 975
960 955 950 945
961 966 971 976
961 956 951 946
962 967 972 977
962 957 952 947
963 968 973 978
963 958 953 948
964 969 974 979
964 959 954 949
965 970 975 980
965 960 955 950
966 971 976 981
966 961 956 951
967 972 977 982
967 962 957 952
968 973 978 983
968 963 958 953
969 974 979 984
969 964 959 954
970 975 980 985
970 965 960 955
971 976 981 986
971 966 961 956
972 977 982 987
972 967 962 957
973 978 983 988
973 968 963 958
974 979 984 989
974 969 964 959
975 980 985 990
975 970 965 960
976 981 986 991
976 971 966 961
977 982 987 992
977 972 967 962
978 983 988 993
978 973 968 963
979 984 989 994
979 974 969 964
980 985 990 995
980 975 970 965
981 986 991 996
981 976 971 966
982 987 992 997
982 977 972 967
983 988 993 998
983 978 973 968
984 989 994 999
984 979 974 969
985 990 995 1000
985 980 975 970
986 991 996 1001
986 981 976 971
987 992 997 1002
987 982 977 972
988 993 998 1003
988 983 978 973
989 994 999 1004
989 984 979 974
990 995 1000 1005
990 985 980 975
991 996 1001 1006
991 986 981 976
992 997 1002 1007
992 987 982 977
993 998 1003 1008
993 988 983 978
994 999 1004 1009
994 989 984 979
995 1000 1005 1010
995 990 985 980
996 1001 1006 1011
996 991 986 981
997 1002 1007 1012
997 992 987 982
998 1003 1008 1013
998 993 988 983
999 1004 1009 1014
999 994 989 984
1000 1005 1010 1015
1000 995 990 985
1001 1006 1011 1016
1001 996 991 986
1002 1007 1012 1017
1002 997 992 987
1003 1008 1013 1018
1003 998 993 988
1004 1009 1014 1019
1004 999 994 989
1005 1010 1015 1020
1005 1000 995 990
1006 1011 1016 1021
1006 1001 996 991
1007 1012 1017 1022
1007 1002 997 992
1008 1013 1018 1023
1008 1003 998 993
1009 1014 1019 1024
1009 1004 999 994
1010 1015 1020 1025
1010 1005 1000 995
1011 1016 1021 1026
1011 1006 1001 996
1012 1017 1022 1027
1012 1007 1002 997
1013 1018 1023 1028
1013 1008 1003 998
1014 1019 1024 1029
1014 1009 1004 999
1015 1020 1025 1030
1015 1010 1005 1000
1016 1021 1026 1031
1016 1011 1006 1001
1017 1022 1027 1032
1017 1012 1007 1002
1018 1023 1028 1033
1018 1013 1008 1003
1019 1024 1029 1034
1019 1014 1009 1004
1020 1025 1030 1035
1020 1015 1010 1005
1021 1026 1031 1037
1021 1016 1011 1006
1022 1027 1032 1038
1022 1017 1012 1007
1023 1028 1033 1039
1023 1018 1013 1008
1024 1029 1034 1040
1024 1019 1014 1009
1025 1030 1035 1041
1025 1020 1015 1010
1026 1031 1037 1043
1026 1021 1016 1011
1027 1032 1038 1044
1027 1022 1017 1012
1028 1033 1039 1045
1028 1023 1018 1013
1029 1034 1040 1046
1029 1024 1019 1014
1030 1035 1041 1047
1030 1025 1020 1015
1031 1037 1043 1049
1031 1026 1021 1016
1032 1038 1044 1050
1032 1027 1022 1017
1033 1039 1045 1051
1033 1028 1023 1018
1034 1040 1046 1052
1034 1029 1024 1019
1035 1041 1047 1053
1035 1030 1025 1020
1036 1042 1048 1054
1037 1043 1049 1055
1037 1031 1026 1021
1038 1044 1050 1056
1038 1032 1027 1022
1039 1045 1051 1057
1039 1033 1028 1023
1040 1046 1052 1058
1040 1034 1029 1024
1041 1047 1053 1059
1041 1035 1030 1025
1042 1048 1054 1060
1043 1049 1055 1061
1043 1037 1031 1026
1044 1050 1056 1062
1044 1038 1032 1027
1045 1051 1057 1063
1045 1039 1033 1028
1046 1052 1058 1064
1046 1040 1034 1029
1047 1053 1059 1065
1047 1041 1035 1030
1048 1054 1060 1066
1048 1042 1036 -1
1049 1055 1061 1067
1049 1043 1037 1031
1050 1056 1062 1068
1050 1044 1038 1032
1051 1057 1063 1069
1051 1045 1039 1033
1052 1058 1064 1070
1052 1046 1040 1034
1053 1059 1065 1071
1053 1047 1041 1035
1054 1060 1066 1072
1054 1048 1042 1036
1055 1061 1067 1073
1055 1049 1043 1037
1056 1062 1068 1074
1056 1050 1044 1038
1057 1063 1069 1075
1057 1051 1045 1039
1058 1064 1070 1076
1058 1052 1046 1040
1059 1065 1071 1077
1059 1053 1047 1041
1060 1066 1072 1078
1060 1054 1048 1042
1061 1067 1073 1079
1061 1055 1049 1043
1062 1068 1074 1080
1062 1056 1050 1044
1063 1069 1075 1081
1063 1057 1051 1045
1064 1070 1076 1082
1064 1058 1052 1046
1065 1071 1077 1083
1065 1059 1053 1047
1066 1072 1078 1084
1066 1060 1054 1048
1067 1073 1079 1085
1067 1061 1055 1049
1068 1074 1080 1086
1068 1062 1056 1050
1069 1075 1081 1087
1069 1063 1057 1051
1070 1076 1082 1088
1070 1064 1058 1052
1071 1077 1083 1089
1071 1065 1059 1053
1072 1078 1084 1090
1072 1066 1060 1054
1073 1079 1085 1091
1073 1067 1061 1055
1074 1080 1086 1092
1074 1068 1062 1056
1075 1081 1087 1093
1075 1069 1063 1057
1076 1082 1088 1094
1076 1070 1064 1058
1077 1083 1089 1095
1077 1071 1065 1059
1078 1084 1090 1096
1078 1072 1066 1060
1079 1085 1091 1097
1079 1073 1067 1061
1080 1086 1092 1098
1080 1074 1068 1062
1081 1087 1093 1099
1081 1075 1069 1063
1082 1088 1094 1100
1082 1076 1070 1064
1083 1089 1095 1101
1083 1077 1071 1065
1084 1090 1096 1102
1084 1078 1072 1066
1085 1091 1097 1103
1085 1079 1073 1067
1086 1092 1098 1104
1086 1080 1074 1068
1087 1093 1099 1105
1087 1081 1075 1069
1088 1094 1100 1106
1088 1082 1076 1070
1089 1095 1101 1107
1089 1083 1077 1071
1090 1096 1102 1108
1090 1084 1078 1072
1091 1097 1103 1109
1091 1085 1079 1073
1092 1098 1104 1110
1092 1086 1080 1074
1093 1099 1105 1111
1093 1087 1081 1075
1094 1100 1106 1112
1094 1088 1082 1076
1095 1101 1107 1113
1095 1089 1083 1077
1096 1102 1108 1114
1096 1090 1084 1078
1097 1103 1109 1115
1097 1091 1085 1079
1098 1104 1110 1116
1098 1092 1086 1080
1099 1105 1111 1117
1099 1093 1087 1081
1100 1106 1112 1118
1100 1094 1088 1082
1101 1107 1113 1119
1101 1095 1089 1083
1102 1108 1114 1120
1102 1096 1090 1084
1103 1109 1115 1121
1103 1097 1091 1085
1104 1110 1116 1122
1104 1098 1092 1086
1105 1111 1117 1123
1105 1099 1093 1087
1106 1112 1118 1124
1106 1100 1094 1088
1107 1113 1119 1125
1107 1101 1095 1089
1108 1114 1120 1126
1108 1102 1096 1090
1109 1115 1121 1127
1109 1103 1097 1091
1110 1116 1122 1128
1110 1104 1098 1092
1111 1117 1123 1129
1111 1105 1099 1093
1112 1118 1124 1130
1112 1106 1100 1094
1113 1119 1125 1131
1113 1107 1101 1095
1114 1120 1126 1132
1114 1108 1102 1096
1115 1121 1127 1133
1115 1109 1103 1097
1116 1122 1128 1134
1116 1110 1104 1098
1117 1123 1129 1135
1117 1111 1105 1099
1118 1124 1130 1136
1118 1112 1106 1100
1119 1125 1131 1137
1119 1113 1107 1101
1120 1126 1132 1138
1120 1114 1108 1102
1121 1127 1133 1139
1121 1115 1109 1103
1122 1128 1134 1140
1122 1116 1110 1104
1123 1129 1135 1141
1123 1117 1111 1105
1124 1130 1136 1142
1124 1118 1112 1106
1125 1131 1137 1143
1125 1119 1113 1107
1126 1132 1138 1144
1126 1120 1114 1108
1127 1133 1139 1145
1127 1121 1115 1109
1128 1134 1140 1146
1128 1122 1116 1110
1129 1135 1141 1147
1129 1123 1117 1111
1130 1136 1142 1148
1130 1124 1118 1112
1131 1137 1143 1149
1131 1125 1119 1113
1132 1138 1144 1150
1132 1126 1120 1114
1133 1139 1145 1151
1133 1127 1121 1115
1134 1140 1146 1152
1134 1128 1122 1116
1135 1141 1147 1153
1135 1129 1123 1117
1136 1142 1148 1154
1136 1130 1124 1118
1137 1143 1149 1155
1137 1131 1125 1119
1138 1144 1150 1156
1138 1132 1126 1120
1139 1145 1151 1158
1139 1133 1127 1121
1140 1146 1152 1159
1140 1134 1128 1122
1141 1147 1153 1160
1141 1135 1129 1123
1142 1148 1154 1161
1142 1136 1130 1124
1143 1149 1155 1162
1143 1137 1131 1125
1144 1150 1156 1157
1144 1138 1132 1126
1145 1151 1158 1164
1145 1139 1133 1127
1146 1152 1159 1165
1146 1140 1134 1128
1147 1153 1160 1166
1147 1141 1135 1129
1148 1154 1161 1167
1148 1142 1136 1130
1149 1155 1162 1168
1149 1143 1137 1131
1150 1156 1157 1163
1150 1144 1138 1132
1151 1158 1164 1170
1151 1145 1139 1133
1152 1159 1165 1171
1152 1146 1140 1134
1153 1160 1166 1172
1153 1147 1141 1135
1154 1161 1167 1173
1154 1148 1142 1136
1155 1162 1168 1174
1155 1149 1143 1137
1156 1157 1163 1169
1156 1150 1144 1138
1157 1163 1169 1175
1157 1156 1150 1144
1158 1164 1170 1176
1158 1151 1145 1139
1159 1165 1171 1177
1159 1152 1146 1140
1160 1166 1172 1178
1160 1153 1147 1141
1161 1167 1173 1179
1161 1154 1148 1142
1162 1168 1174 1180
1162 1155 1149 1143
1163 1169 1175 1181
1163 1157 1156 1150
1164 1170 1176 1182
1164 1158 1151 1145
1165 1171 1177 1183
1165 1159 1152 1146
1166 1172 1178 1184
1166 1160 1153 1147
1167 1173 1179 1185
1167 1161 1154 1148
1168 1174 1180 1186
1168 1162 1155 1149
1169 1175 1181 1187
1169 1163 1157 1156
1170 1176 1182 1188
1170 1164 1158 1151
1171 1177 1183 1189
1171 1165 1159 1152
1172 1178 1184 1190
1172 1166 1160 1153
1173 1179 1185 1191
1173 1167 1161 1154
1174 1180 1186 1192
1174 1168 1162 1155
1175 1181 1187 1193
1175 1169 1163 1157
1176 1182 1188 1194
1176 1170 1164 1158
1177 1183 1189 1195
1177 1171 1165 1159
1178 1184 1190 1196
1178 1172 1166 1160
1179 1185 1191 1197
1179 1173 1167 1161
1180 1186 1192 1198
1180 1174 1168 1162
1181 1187 1193 1199
1181 1175 1169 1163
1182 1188 1194 1200
1182 1176 1170 1164
1183 1189 1195 1201
1183 1177 1171 1165
1184 1190 1196 1202
1184 1178 1172 1166
1185 1191 1197 1203
1185 1179 1173 1167
1186 1192 1198 1204
1186 1180 1174 1168
1187 1193 1199 1205
1187 1181 1175 1169
1188 1194 1200 1206
1188 1182 1176 1170
1189 1195 1201 1207
1189 1183 1177 1171
1190 1196 1202 1208
1190 1184 1178 1172
1191 1197 1203 1209
1191 1185 1179 1173
1192 1198 1204 1210
1192 1186 1180 1174
1193 1199 1205 1211
1193 1187 1181 1175
1194 1200 1206 1212
1194 1188 1182 1176
1195 1201 1207 1213
1195 1189 1183 1177
1196 1202 1208 1214
1196 1190 1184 1178
1197 1203 1209 1215
1197 1191 1185 1179
1198 1204 1210 1216
1198 1192 1186 1180
1199 1205 1211 1217
1199 1193 1187 1181
1200 1206 1212 1218
1200 1194 1188 1182
1201 1207 1213 1219
1201 1195 1189 1183
1202 1208 1214 1220
1202 1196 1190 1184
1203 1209 1215 1221
1203 1197 1191 1185
1204 1210 1216 1222
1204 1198 1192 1186
1205 1211 1217 1223
1205 1199 1193 1187
1206 1212 1218 1225
1206 1200 1194 1188
1207 1213 1219 1226
1207 1201 1195 1189
1208 1214 1220 1227
1208 1202 1196 1190
1209 1215 1221 1228
1209 1203 1197 1191
1210 1216 1222 1229
1210 1204 1198 1192
1211 1217 1223 1224
1211 1205 1199 1193
1212 1218 1225 1231
1212 1206 1200 1194
1213 1219 1226 1232
1213 1207 1201 1195
1214 1220 1227 1233
1214 1208 1202 1196
1215 1221 1228 1234
1215 1209 1203 1197
1216 1222 1229 1235
1216 1210 1204 1198
1217 1223 1224 1230
1217 1211 1205 1199
1218 1225 1231 1237
1218 1212 1206 1200
1219 1226 1232 1238
1219 1213 1207 1201
1220 1227 1233 1239
1220 1214 1208 1202
1221 1228 1234 1240
1221 1215 1209 1203
1222 1229 1235 1241
1222 1216 1210 1204
1223 1224 1230 1236
1223 1217 1211 1205
1224 1230 1236 1242
1224 1223 1217 1211
1225 1231 1237 1243
1225 1218 1212 1206
1226 1232 1238 1244
1226 1219 1213 1207
1227 1233 1239 1245
1227 1220 1214 1208
1228 1234 1240 1246
1228 1221 1215 1209
1229 1235 1241 1247
1229 1222 1216 1210
1230 1236 1242 1248
1230 1224 1223 1217
1231 1237 1243 1249
1231 1225 1218 1212
1232 1238 1244 1250
1232 1226 1219 1213
1233 1239 1245 1251
1233 1227 1220 1214
1234 1240 1246 1252
1234 1228 1221 1215
1235 1241 1247 1253
1235 1229 1222 1216
1236 1242 1248 1254
1236 1230 1224 1223
1237 1243 1249 1255
1237 1231 1225 1218
1238 1244 1250 1256
1238 1232 1226 1219
1239 1245 1251 1257
1239 1233 1227 1220
1240 1246 1252 1258
1240 1234 1228 1221
1241 1247 1253 1259
1241 1235 1229 1222
1242 1248 1254 1260
1242 1236 1230 1224
1243 1249 1255 1261
1243 1237 1231 1225
1244 1250 1256 1262
1244 1238 1232 1226
1245 1251 1257 1263
1245 1239 1233 1227
1246 1252 1258 1264
1246 1240 1234 1228
1247 1253 1259 1265
1247 1241 1235 1229
1248 1254 1260 1266
1248 1242 1236 1230
1249 1255 1261 1267
1249 1243 1237 1231
1250 1256 1262 1268
1250 1244 1238 1232
1251 1257 1263 1269
1251 1245 1239 1233
1252 1258 1264 1270
1252 1246 1240 1234
1253 1259 1265 1271
1253 1247 1241 1235
1254 1260 1266 1272
1254 1248 1242 1236
1255 1261 1267 1273
1255 1249 1243 1237
1256 1262 1268 1274
1256 1250 1244 1238
1257 1263 1269 1275
1257 1251 1245 1239
1258 1264 1270 1276
1258 1252 1246 1240
1259 1265 1271 1277
1259 1253 1247 1241
1260 1266 1272 1278
1260 1254 1248 1242
1261 1267 1273 1279
1261 1255 1249 1243
1262 1268 1274 1280
1262 1256 1250 1244
1263 1269 1275 1281
1263 1257 1251 1245
1264 1270 1276 1282
1264 1258 1252 1246
1265 1271 1277 1283
1265 1259 1253 1247
1266 1272 1278 1284
1266 1260 1254 1248
1267 1273 1279 1285
1267 1261 1255 1249
1268 1274 1280 1286
1268 1262 1256 1250
1269 1275 1281 1287
1269 1263 1257 1251
1270 1276 1282 1288
1270 1264 1258 1252
1271 1277 1283 1289
1271 1265 1259 1253
1272 1278 1284 1290
1272 1266 1260 1254
1273 1279 1285 1291
1273 1267 1261 1255
1274 1280 1286 1292
1274 1268 1262 1256
1275 1281 1287 1293
1275 1269 1263 1257
1276 1282 1288 1294
1276 1270 1264 1258
1277 1283 1289 1295
1277 1271 1265 1259
1278 1284 1290 1296
1278 1272 1266 1260
1279 1285 1291 1297
1279 1273 1267 1261
1280 1286 1292 1298
1280 1274 1268 1262
1281 1287 1293 1299
1281 1275 1269 1263
1282 1288 1294 1300
1282 1276 1270 1264
1283 1289 1295 1301
1283 1277 1271 1265
1284 1290 1296 1302
1284 1278 1272 1266
1285 1291 1297 1303
1285 1279 1273 1267
1286 1292 1298 1304
1286 1280 1274 1268
1287 1293 1299 1305
1287 1281 1275 1269
1288 1294 1300 1306
1288 1282 1276 1270
1289 1295 1301 1307
1289 1283 1277 1271
1290 1296 1302 1308
1290 1284 1278 1272
1291 1297 1303 1310
1291 1285 1279 1273
1292 1298 1304 1311
1292 1286 1280 1274
1293 1299 1305 1312
1293 1287 1281 1275
1294 1300 1306 1313
1294 1288 1282 1276
1295 1301 1307 1314
1295 1289 1283 1277
1296 1302 1308 1309
1296 1290 1284 1278
1297 1303 1310 1316
1297 1291 1285 1279
1298 1304 1311 1317
1298 1292 1286 1280
1299 1305 1312 1318
1299 1293 1287 1281
1300 1306 1313 1319
1300 1294 1288 1282
1301 1307 1314 1320
1301 1295 1289 1283
1302 1308 1309 1315
1302 1296 1290 1284
1303 1310 1316 1322
1303 1297 1291 1285
1304 1311 1317 1323
1304 1298 1292 1286
1305 1312 1318 1324
1305 1299 1293 1287
1306 1313 1319 1325
1306 1300 1294 1288
1307 1314 1320 1326
1307 1301 1295 1289
1308 1309 1315 1321
1308 1302 1296 1290
1309 1315 1321 1327
1309 1308 1302 1296
1310 1316 1322 1329
1310 1303 1297 1291
1311 1317 1323 1330
1311 1304 1298 1292
1312 1318 1324 1331
1312 1305 1299 1293
1313 1319 1325 1332
1313 1306 1300 1294
1314 1320 1326 1333
1314 1307 1301 1295
1315 1321 1327 1328
1315 1309 1308 1302
1316 1322 1329 1335
1316 1310 1303 1297
1317 1323 1330 1336
1317 1311 1304 1298
1318 1324 1331 1337
1318 1312 1305 1299
1319 1325 1332 1338
1319 1313 1306 1300
1320 1326 1333 1339
1320 1314 1307 1301
1321 1327 1328 1334
1321 1315 1309 1308
1322 1329 1335 1341
1322 1316 1310 1303
1323 1330 1336 1342
1323 1317 1311 1304
1324 1331 1337 1343
1324 1318 1312 1305
1325 1332 1338 1344
1325 1319 1313 1306
1326 1333 1339 1345
1326 1320 1314 1307
1327 1328 1334 1340
1327 1321 1315 1309
1328 1334 1340 1346
1328 1327 1321 1315
1329 1335 1341 1348
1329 1322 1316 1310
1330 1336 1342 1349
1330 1323 1317 1311
1331 1337 1343 1350
1331 1324 1318 1312
1332 1338 1344 1351
1332 1325 1319 1313
1333 1339 1345 1352
1333 1326 1320 1314
1334 1340 1346 1347
1334 1328 1327 1321
1335 1341 1348 1354
1335 1329 1322 1316
1336 1342 1349 1355
1336 1330 1323 1317
1337 1343 1350 1356
1337 1331 1324 1318
1338 1344 1351 1357
1338 1332 1325 1319
1339 1345 1352 1358
1339 1333 1326 1320
1340 1346 1347 1353
1340 1334 1328 1327
1341 1348 1354 1360
1341 1335 1329 1322
1342 1349 1355 1361
1342 1336 1330 1323
1343 1350 1356 1362
1343 1337 1331 1324
1344 1351 1357 1363
1344 1338 1332 1325
1345 1352 1358 1364
1345 1339 1333 1326
1346 1347 1353 1359
1346 1340 1334 1328
1347 1353 1359 1365
1347 1346 1340 1334
1348 1354 1360 1367
1348 1341 1335 1329
1349 1355 1361 1368
1349 1342 1336 1330
1350 1356 1362 1369
1350 1343 1337 1331
1351 1357 1363 1370
1351 1344 1338 1332
1352 1358 1364 1371
1352 1345 1339 1333
1353 1359 1365 1366
1353 1347 1346 1340
1354 1360 1367 1373
1354 1348 1341 1335
1355 1361 1368 1374
1355 1349 1342 1336
1356 1362 1369 1375
1356 1350 1343 1337
1357 1363 1370 1376
1357 1351 1344 1338
1358 1364 1371 1377
1358 1352 1345 1339
1359 1365 1366 1372
1359 1353 1347 1346
1360 1367 1373 1379
1360 1354 1348 1341
1361 1368 1374 1380
1361 1355 1349 1342
1362 1369 1375 1381
1362 1356 1350 1343
1363 1370 1376 1382
1363 1357 1351 1344
1364 1371 1377 1383
1364 1358 1352 1345
1365 1366 1372 1378
1365 1359 1353 1347
1366 1372 1378 1384
1366 1365 1359 1353
1367 1373 1379 1385
1367 1360 1354 1348
1368 1374 1380 1386
1368 1361 1355 1349
1369 1375 1381 1387
1369 1362 1356 1350
1370 1376 1382 1388
1370 1363 1357 1351
1371 1377 1383 1389
1371 1364 1358 1352
1372 1378 1384 1390
1372 1366 1365 1359
1373 1379 1385 1391
1373 1367 1360 1354
1374 1380 1386 1392
1374 1368 1361 1355
1375 1381 1387 1393
1375 1369 1362 1356
1376 1382 1388 1394
1376 1370 1363 1357
1377 1383 1389 1395
1377 1371 1364 1358
1378 1384 1390 1396
1378 1372 1366 1365
1379 1385 1391 1397
1379 1373 1367 1360
1380 1386 1392 1398
1380 1374 1368 1361
1381 1387 1393 1399
1381 1375 1369 1362
1382 1388 1394 1400
1382 1376 1370 1363
1383 1389 1395 1401
1383 1377 1371 1364
1384 1390 1396 1402
1384 1378 1372 1366
1385 1391 1397 1404
1385 1379 1373 1367
1386 1392 1398 1405
1386 1380 1374 1368
1387 1393 1399 1406
1387 1381 1375 1369
1388 1394 1400 1407
1388 1382 1376 1370
1389 1395 1401 1408
1389 1383 1377 1371
1390 1396 1402 1403
1390 1384 1378 1372
1391 1397 1404 1410
1391 1385 1379 1373
1392 1398 1405 1411
1392 1386 1380 1374
1393 1399 1406 1412
1393 1387 1381 1375
1394 1400 1407 1413
1394 1388 1382 1376
1395 1401 1408 1414
1395 1389 1383 1377
1396 1402 1403 1409
1396 1390 1384 1378
1397 1404 1410 1416
1397 1391 1385 1379
1398 1405 1411 1417
1398 1392 1386 1380
1399 1406 1412 1418
1399 1393 1387 1381
1400 1407 1413 1419
1400 1394 1388 1382
1401 1408 1414 1420
1401 1395 1389 1383
1402 1403 1409 1415
1402 1396 1390 1384
1403 1409 1415 1421
1403 1402 1396 1390
1404 1410 1416 1423
1404 1397 1391 1385
1405 1411 1417 1424
1405 1398 1392 1386
1406 1412 1418 1425
1406 1399 1393 1387
1407 1413 1419 1426
1407 1400 1394 1388
1408 1414 1420 1427
1408 1401 1395 1389
1409 1415 1421 1422
1409 1403 1402 1396
1410 1416 1423 1429
1410 1404 1397 1391
1411 1417 1424 1430
1411 1405 1398 1392
1412 1418 1425 1431
1412 1406 1399 1393
1413 1419 1426 1432
1413 1407 1400 1394
1414 1420 1427 1433
1414 1408 1401 1395
1415 1421 1422 1428
1415 1409 1403 1402
1416 1423 1429 1435
1416 1410 1404 1397
1417 1424 1430 1436
1417 1411 1405 1398
1418 1425 1431 1437
1418 1412 1406 1399
1419 1426 1432 1438
1419 1413 1407 1400
1420 1427 1433 1439
1420 1414 1408 1401
1421 1422 1428 1434
1421 1415 1409 1403
1422 1428 1434 1440
1422 1421 1415 1409
1423 1429 1435 1441
1423 1416 1410 1404
1424 1430 1436 1442
1424 1417 1411 1405
1425 1431 1437 1443
1425 1418 1412 1406
1426 1432 1438 1444
1426 1419 1413 1407
1427 1433 1439 1445
1427 1420 1414 1408
1428 1434 1440 1446
1428 1422 1421 1415
1429 1435 1441 1447
1429 1423 1416 1410
1430 1436 1442 1448
1430 1424 1417 1411
1431 1437 1443 1449
1431 1425 1418 1412
1432 1438 1444 1450
1432 1426 1419 1413
1433 1439 1445 1451
1433 1427 1420 1414
1434 1440 1446 1452
1434 1428 1422 1421
1435 1441 1447 1454
1435 1429 1423 1416
1436 1442 1448 1455
1436 1430 1424 1417
1437 1443 1449 1456
1437 1431 1425 1418
1438 1444 1450 1457
1438 1432 1426 1419
1439 1445 1451 1458
1439 1433 1427 1420
1440 1446 1452 1453
1440 1434 1428 1422
1441 1447 1454 1460
1441 1435 1429 1423
1442 1448 1455 1461
1442 1436 1430 1424
1443 1449 1456 1462
1443 1437 1431 1425
1444 1450 1457 1463
1444 1438 1432 1426
1445 1451 1458 1464
1445 1439 1433 1427
1446 1452 1453 1459
1446 1440 1434 1428
1447 1454 1460 1466
1447 1441 1435 1429
1448 1455 1461 1467
1448 1442 1436 1430
1449 1456 1462 1468
1449 1443 1437 1431
1450 1457 1463 1469
1450 1444 1438 1432
1451 1458 1464 1470
1451 1445 1439 1433
1452 1453 1459 1465
1452 1446 1440 1434
1453 1459 1465 1471
1453 1452 1446 1440
1454 1460 1466 1472
1454 1447 1441 1435
1455 1461 1467 1473
1455 1448 1442 1436
1456 1462 1468 1474
1456 1449 1443 1437
1457 1463 1469 1475
1457 1450 1444 1438
1458 1464 1470 1476
1458 1451 1445 1439
1459 1465 1471 1477
1459 1453 1452 1446
1460 1466 1472 1478
1460 1454 1447 1441
1461 1467 1473 1479
1461 1455 1448 1442
1462 1468 1474 1480
1462 1456 1449 1443
1463 1469 1475 1481
1463 1457 1450 1444
1464 1470 1476 1482
1464 1458 1451 1445
1465 1471 1477 1483
1465 1459 1453 1452
1466 1472 1478 1485
1466 1460 1454 1447
1467 1473 1479 1486
1467 1461 1455 1448
1468 1474 1480 1487
1468 1462 1456 1449
1469 1475 1481 1488
1469 1463 1457 1450
1470 1476 1482 1489
1470 1464 1458 1451
1471 1477 1483 1484
1471 1465 1459 1453
1472 1478 1485 1491
1472 1466 1460 1454
1473 1479 1486 1492
1473 1467 1461 1455
1474 1480 1487 1493
1474 1468 1462 1456
1475 1481 1488 1494
1475 1469 1463 1457
1476 1482 1489 1495
1476 1470 1464 1458
1477 1483 1484 1490
1477 1471 1465 1459
1478 1485 1491 1498
1478 1472 1466 1460
1479 1486 1492 1499
1479 1473 1467 1461
1480 1487 1493 1500
1480 1474 1468 1462
1481 1488 1494 1501
1481 1475 1469 1463
1482 1489 1495 1502
1482 1476 1470 1464
1483 1484 1490 1496
1483 1477 1471 1465
1484 1490 1496 1497
1484 1483 1477 1471
1485 1491 1498 1504
1485 1478 1472 1466
1486 1492 1499 1505
1486 1479 1473 1467
1487 1493 1500 1506
1487 1480 1474 1468
1488 1494 1501 1507
1488 1481 1475 1469
1489 1495 1502 1508
1489 1482 1476 1470
1490 1496 1497 1503
1490 1484 1483 1477
1491 1498 1504 1510
1491 1485 1478 1472
1492 1499 1505 1511
1492 1486 1479 1473
1493 1500 1506 1512
1493 1487 1480 1474
1494 1501 1507 1513
1494 1488 1481 1475
1495 1502 1508 1514
1495 1489 1482 1476
1496 1497 1503 1509
1496 1490 1484 1483
1497 1503 1509 1515
1497 1496 1490 1484
1498 1504 1510 1516
1498 1491 1485 1478
1499 1505 1511 1517
1499 1492 1486 1479
1500 1506 1512 1518
1500 1493 1487 1480
1501 1507 1513 1519
1501 1494 1488 1481
1502 1508 1514 1520
1502 1495 1489 1482
1503 1509 1515 1521
1503 1497 1496 1490
1504 1510 1516 1522
1504 1498 1491 1485
1505 1511 1517 1523
1505 1499 1492 1486
1506 1512 1518 1524
1506 1500 1493 1487
1507 1513 1519 1525
1507 1501 1494 1488
1508 1514 1520 1526
1508 1502 1495 1489
1509 1515 1521 1527
1509 1503 1497 1496
1510 1516 1522 1529
1510 1504 1498 1491
1511 1517 1523 1530
1511 1505 1499 1492
1512 1518 1524 1531
1512 1506 1500 1493
1513 1519 1525 1532
1513 1507 1501 1494
1514 1520 1526 1533
1514 1508 1502 1495
1515 1521 1527 1528
1515 1509 1503 1497
1516 1522 1529 1535
1516 1510 1504 1498
1517 1523 1530 1536
1517 1511 1505 1499
1518 1524 1531 1537
1518 1512 1506 1500
1519 1525 1532 1538
1519 1513 1507 1501
1520 1526 1533 1539
1520 1514 1508 1502
1521 1527 1528 1534
1521 1515 1509 1503
1522 1529 1535 1541
1522 1516 1510 1504
1523 1530 1536 1542
1523 1517 1511 1505
1524 1531 1537 1543
1524 1518 1512 1506
1525 1532 1538 1544
1525 1519 1513 1507
1526 1533 1539 1545
1526 1520 1514 1508
1527 1528 1534 1540
1527 1521 1515 1509
1528 1534 1540 1546
1528 1527 1521 1515
1529 1535 1541 1547
1529 1522 1516 1510
1530 1536 1542 1548
1530 1523 1517 1511
1531 1537 1543 1549
1531 1524 1518 1512
1532 1538 1544 1550
1532 1525 1519 1513
1533 1539 1545 1551
1533 1526 1520 1514
1534 1540 1546 1552
1534 1528 1527 1521
1535 1541 1547 1553
1535 1529 1522 1516
1536 1542 1548 1554
1536 1530 1523 1517
1537 1543 1549 1555
1537 1531 1524 1518
1538 1544 1550 1556
1538 1532 1525 1519
1539 1545 1551 1557
1539 1533 1526 1520
1540 1546 1552 1558
1540 1534 1528 1527
1541 1547 1553 1559
1541 1535 1529 1522
1542 1548 1554 1560
1542 1536 1530 1523
1543 1549 1555 1561
1543 1537 1531 1524
1544 1550 1556 1562
1544 1538 1532 1525
1545 1551 1557 1563
1545 1539 1533 1526
1546 1552 1558 1564
1546 1540 1534 1528
1547 1553 1559 1565
1547 1541 1535 1529
1548 1554 1560 1566
1548 1542 1536 1530
1549 1555 1561 1567
1549 1543 1537 1531
1550 1556 1562 1568
1550 1544 1538 1532
1551 1557 1563 1569
1551 1545 1539 1533
1552 1558 1564 1570
1552 1546 1540 1534
1553 1559 1565 1571
1553 1547 1541 1535
1554 1560 1566 1572
1554 1548 1542 1536
1555 1561 1567 1573
1555 1549 1543 1537
1556 1562 1568 1574
1556 1550 1544 1538
1557 1563 1569 1575
1557 1551 1545 1539
1558 1564 1570 1576
1558 1552 1546 1540
1559 1565 1571 1577
1559 1553 1547 1541
1560 1566 1572 1578
1560 1554 1548 1542
1561 1567 1573 1579
1561 1555 1549 1543
1562 1568 1574 1580
1562 1556 1550 1544
1563 1569 1575 1581
1563 1557 1551 1545
1564 1570 1576 1582
1564 1558 1552 1546
1565 1571 1577 1583
1565 1559 1553 1547
1566 1572 1578 1584
1566 1560 1554 1548
1567 1573 1579 1585
1567 1561 1555 1549
1568 1574 1580 1586
1568 1562 1556 1550
1569 1575 1581 1587
1569 1563 1557 1551
1570 1576 1582 1588
1570 1564 1558 1552
1571 1577 1583 1589
1571 1565 1559 1553
1572 1578 1584 1590
1572 1566 1560 1554
1573 1579 1585 1591
1573 1567 1561 1555
1574 1580 1586 1592
1574 1568 1562 1556
1575 1581 1587 1593
1575 1569 1563 1557
1576 1582 1588 1594
1576 1570 1564 1558
1577 1583 1589 1595
1577 1571 1565 1559
1578 1584 1590 1596
1578 1572 1566 1560
1579 1585 1591 1597
1579 1573 1567 1561
1580 1586 1592 1598
1580 1574 1568 1562
1581 1587 1593 1599
1581 1575 1569 1563
1582 1588 1594 1600
1582 1576 1570 1564
1583 1589 1595 1601
1583 1577 1571 1565
1584 1590 1596 1602
1584 1578 1572 1566
1585 1591 1597 1603
1585 1579 1573 1567
1586 1592 1598 1604
1586 1580 1574 1568
1587 1593 1599 1605
1587 1581 1575 1569
1588 1594 1600 1606
1588 1582 1576 1570
1589 1595 1601 1607
1589 1583 1577 1571
1590 1596 1602 1608
1590 1584 1578 1572
1591 1597 1603 1609
1591 1585 1579 1573
1592 1598 1604 1610
1592 1586 1580 1574
1593 1599 1605 1611
1593 1587 1581 1575
1594 1600 1606 1612
1594 1588 1582 1576
1595 1601 1607 1613
1595 1589 1583 1577
1596 1602 1608 1614
1596 1590 1584 1578
1597 1603 1609 1615
1597 1591 1585 1579
1598 1604 1610 1616
1598 1592 1586 1580
1599 1605 1611 1617
1599 1593 1587 1581
1600 1606 1612 1618
1600 1594 1588 1582
1601 1607 1613 1619
1601 1595 1589 1583
1602 1608 1614 1620
1602 1596 1590 1584
1603 1609 1615 1621
1603 1597 1591 1585
1604 1610 1616 1622
1604 1598 1592 1586
1605 1611 1617 1623
1605 1599 1593 1587
1606 1612 1618 1624
1606 1600 1594 1588
1607 1613 1619 1625
1607 1601 1595 1589
1608 1614 1620 1626
1608 1602 1596 1590
1609 1615 1621 1627
1609 1603 1597 1591
1610 1616 1622 1628
1610 1604 1598 1592
1611 1617 1623 1629
1611 1605 1599 1593
1612 1618 1624 1630
1612 1606 1600 1594
1613 1619 1625 1631
1613 1607 1601 1595
1614 1620 1626 1632
1614 1608 1602 1596
1615 1621 1627 1633
1615 1609 1603 1597
1616 1622 1628 1634
1616 1610 1604 1598
1617 1623 1629 1635
1617 1611 1605 1599
1618 1624 1630 1636
1618 1612 1606 1600
1619 1625 1631 1637
1619 1613 1607 1601
1620 1626 1632 1638
1620 1614 1608 1602
1621 1627 1633 1639
1621 1615 1609 1603
1622 1628 1634 1640
1622 1616 1610 1604
1623 1629 1635 1641
1623 1617 1611 1605
1624 1630 1636 1642
1624 1618 1612 1606
1625 1631 1637 1643
1625 1619 1613 1607
1626 1632 1638 1644
1626 1620 1614 1608
1627 1633 1639 1645
1627 1621 1615 1609
1628 1634 1640 1646
1628 1622 1616 1610
1629 1635 1641 1647
1629 1623 1617 1611
1630 1636 1642 1649
1630 1624 1618 1612
1631 1637 1643 1650
1631 1625 1619 1613
1632 1638 1644 1651
1632 1626 1620 1614
1633 1639 1645 1652
1633 1627 1621 1615
1634 1640 1646 1653
1634 1628 1622 1616
1635 1641 1647 1654
1635 1629 1623 1617
1636 1642 1649 1648
1636 1630 1624 1618
1637 1643 1650 1656
1637 1631 1625 1619
1638 1644 1651 1657
1638 1632 1626 1620
1639 1645 1652 1658
1639 1633 1627 1621
1640 1646 1653 1659
1640 1634 1628 1622
1641 1647 1654 1660
1641 1635 1629 1623
1642 1649 1648 1655
1642 1636 1630 1624
1643 1650 1656 1663
1643 1637 1631 1625
1644 1651 1657 1664
1644 1638 1632 1626
1645 1652 1658 1665
1645 1639 1633 1627
1646 1653 1659 1666
1646 1640 1634 1628
1647 1654 1660 1667
1647 1641 1635 1629
1648 1655 1662 1661
1648 1649 1642 1636
1649 1648 1655 1662
1649 1642 1636 1630
1650 1656 1663 1669
1650 1643 1637 1631
1651 1657 1664 1670
1651 1644 1638 1632
1652 1658 1665 1671
1652 1645 1639 1633
1653 1659 1666 1672
1653 1646 1640 1634
1654 1660 1667 1673
1654 1647 1641 1635
1655 1662 1661 1668
1655 1648 1649 1642
1656 1663 1669 1675
1656 1650 1643 1637
1657 1664 1670 1676
1657 1651 1644 1638
1658 1665 1671 1677
1658 1652 1645 1639
1659 1666 1672 1678
1659 1653 1646 1640
1660 1667 1673 1679
1660 1654 1647 1641
1661 1668 1674 1680
1661 1662 1655 1648
1662 1661 1668 1674
1662 1655 1648 1649
1663 1669 1675 1681
1663 1656 1650 1643
1664 1670 1676 1682
1664 1657 1651 1644
1665 1671 1677 1683
1665 1658 1652 1645
1666 1672 1678 1684
1666 1659 1653 1646
1667 1673 1679 1685
1667 1660 1654 1647
1668 1674 1680 1686
1668 1661 1662 1655
1669 1675 1681 1687
1669 1663 1656 1650
1670 1676 1682 1688
1670 1664 1657 1651
1671 1677 1683 1689
1671 1665 1658 1652
1672 1678 1684 1690
1672 1666 1659 1653
1673 1679 1685 1691
1673 1667 1660 1654
1674 1680 1686 1693
1674 1668 1661 1662
1675 1681 1687 1694
1675 1669 1663 1656
1676 1682 1688 1696
1676 1670 1664 1657
1677 1683 1689 1697
1677 1671 1665 1658
1678 1684 1690 1698
1678 1672 1666 1659
1679 1685 1691 1699
1679 1673 1667 1660
1680 1686 1693 1692
1680 1674 1668 1661
1681 1687 1694 1695
1681 1675 1669 1663
1682 1688 1696 1702
1682 1676 1670 1664
1683 1689 1697 1703
1683 1677 1671 1665
1684 1690 1698 1704
1684 1678 1672 1666
1685 1691 1699 1705
1685 1679 1673 1667
1686 1693 1692 1700
1686 1680 1674 1668
1687 1694 1695 1701
1687 1681 1675 1669
1688 1696 1702 1708
1688 1682 1676 1670
1689 1697 1703 1709
1689 1683 1677 1671
1690 1698 1704 1710
1690 1684 1678 1672
1691 1699 1705 1711
1691 1685 1679 1673
1692 1700 1706 1712
1692 1693 1686 1680
1693 1692 1700 1706
1693 1686 1680 1674
1694 1695 1701 1707
1694 1687 1681 1675
1695 1701 1707 1713
1695 1694 1687 1681
1696 1702 1708 1714
1696 1688 1682 1676
1697 1703 1709 1715
1697 1689 1683 1677
1698 1704 1710 1716
1698 1690 1684 1678
1699 1705 1711 1717
1699 1691 1685 1679
1700 1706 1712 1718
1700 1692 1693 1686
1701 1707 1713 1719
1701 1695 1694 1687
1702 1708 1714 1720
1702 1696 1688 1682
1703 1709 1715 1721
1703 1697 1689 1683
1704 1710 1716 1722
1704 1698 1690 1684
1705 1711 1717 1723
1705 1699 1691 1685
1706 1712 1718 1725
1706 1700 1692 1693
1707 1713 1719 1726
1707 1701 1695 1694
1708 1714 1720 1727
1708 1702 1696 1688
1709 1715 1721 1728
1709 1703 1697 1689
1710 1716 1722 1729
1710 1704 1698 1690
1711 1717 1723 1730
1711 1705 1699 1691
1712 1718 1725 1724
1712 1706 1700 1692
1713 1719 1726 1732
1713 1707 1701 1695
1714 1720 1727 1733
1714 1708 1702 1696
1715 1721 1728 1734
1715 1709 1703 1697
1716 1722 1729 1735
1716 1710 1704 1698
1717 1723 1730 1736
1717 1711 1705 1699
1718 1725 1724 1731
1718 1712 1706 1700
1719 1726 1732 1738
1719 1713 1707 1701
1720 1727 1733 1739
1720 1714 1708 1702
1721 1728 1734 1740
1721 1715 1709 1703
1722 1729 1735 1741
1722 1716 1710 1704
1723 1730 1736 1742
1723 1717 1711 1705
1724 1731 1737 1743
1724 1725 1718 1712
1725 1724 1731 1737
1725 1718 1712 1706
1726 1732 1738 1744
1726 1719 1713 1707
1727 1733 1739 1745
1727 1720 1714 1708
1728 1734 1740 1746
1728 1721 1715 1709
1729 1735 1741 1747
1729 1722 1716 1710
1730 1736 1742 1748
1730 1723 1717 1711
1731 1737 1743 1749
1731 1724 1725 1718
1732 1738 1744 1750
1732 1726 1719 1713
1733 1739 1745 1751
1733 1727 1720 1714
1734 1740 1746 1752
1734 1728 1721 1715
1735 1741 1747 1753
1735 1729 1722 1716
1736 1742 1748 1754
1736 1730 1723 1717
1737 1743 1749 1755
1737 1731 1724 1725
1738 1744 1750 1756
1738 1732 1726 1719
1739 1745 1751 1757
1739 1733 1727 1720
1740 1746 1752 1758
1740 1734 1728 1721
1741 1747 1753 1759
1741 1735 1729 1722
1742 1748 1754 1760
1742 1736 1730 1723
1743 1749 1755 1761
1743 1737 1731 1724
1744 1750 1756 1762
1744 1738 1732 1726
1745 1751 1757 1763
1745 1739 1733 1727
1746 1752 1758 1764
1746 1740 1734 1728
1747 1753 1759 1765
1747 1741 1735 1729
1748 1754 1760 1766
1748 1742 1736 1730
1749 1755 1761 1767
1749 1743 1737 1731
1750 1756 1762 1768
1750 1744 1738 1732
1751 1757 1763 1769
1751 1745 1739 1733
1752 1758 1764 1770
1752 1746 1740 1734
1753 1759 1765 1771
1753 1747 1741 1735
1754 1760 1766 1772
1754 1748 1742 1736
1755 1761 1767 1773
1755 1749 1743 1737
1756 1762 1768 1774
1756 1750 1744 1738
1757 1763 1769 1775
1757 1751 1745 1739
1758 1764 1770 1776
1758 1752 1746 1740
1759 1765 1771 1777
1759 1753 1747 1741
1760 1766 1772 1778
1760 1754 1748 1742
1761 1767 1773 1779
1761 1755 1749 1743
1762 1768 1774 1780
1762 1756 1750 1744
1763 1769 1775 1781
1763 1757 1751 1745
1764 1770 1776 1782
1764 1758 1752 1746
1765 1771 1777 1783
1765 1759 1753 1747
1766 1772 1778 1784
1766 1760 1754 1748
1767 1773 1779 1785
1767 1761 1755 1749
1768 1774 1780 1786
1768 1762 1756 1750
1769 1775 1781 1787
1769 1763 1757 1751
1770 1776 1782 1788
1770 1764 1758 1752
1771 1777 1783 1789
1771 1765 1759 1753
1772 1778 1784 1790
1772 1766 1760 1754
1773 1779 1785 1791
1773 1767 1761 1755
1774 1780 1786 1792
1774 1768 1762 1756
1775 1781 1787 1793
1775 1769 1763 1757
1776 1782 1788 1794
1776 1770 1764 1758
1777 1783 1789 1795
1777 1771 1765 1759
1778 1784 1790 1796
1778 1772 1766 1760
1779 1785 1791 1797
1779 1773 1767 1761
1780 1786 1792 1798
1780 1774 1768 1762
1781 1787 1793 1799
1781 1775 1769 1763
1782 1788 1794 1800
1782 1776 1770 1764
1783 1789 1795 1801
1783 1777 1771 1765
1784 1790 1796 1802
1784 1778 1772 1766
1785 1791 1797 1803
1785 1779 1773 1767
1786 1792 1798 1804
1786 1780 1774 1768
1787 1793 1799 1805
1787 1781 1775 1769
1788 1794 1800 1806
1788 1782 1776 1770
1789 1795 1801 1807
1789 1783 1777 1771
1790 1796 1802 1808
1790 1784 1778 1772
1791 1797 1803 1809
1791 1785 1779 1773
1792 1798 1804 1810
1792 1786 1780 1774
1793 1799 1805 1811
1793 1787 1781 1775
1794 1800 1806 1812
1794 1788 1782 1776
1795 1801 1807 1813
1795 1789 1783 1777
1796 1802 1808 1814
1796 1790 1784 1778
1797 1803 1809 1816
1797 1791 1785 1779
1798 1804 1810 1817
1798 1792 1786 1780
1799 1805 1811 1818
1799 1793 1787 1781
1800 1806 1812 1819
1800 1794 1788 1782
1801 1807 1813 1820
1801 1795 1789 1783
1802 1808 1814 1821
1802 1796 1790 1784
1803 1809 1816 1815
1803 1797 1791 1785
1804 1810 1817 1823
1804 1798 1792 1786
1805 1811 1818 1824
1805 1799 1793 1787
1806 1812 1819 1825
1806 1800 1794 1788
1807 1813 1820 1826
1807 1801 1795 1789
1808 1814 1821 1827
1808 1802 1796 1790
1809 1816 1815 1822
1809 1803 1797 1791
1810 1817 1823 1829
1810 1804 1798 1792
1811 1818 1824 1830
1811 1805 1799 1793
1812 1819 1825 1831
1812 1806 1800 1794
1813 1820 1826 1832
1813 1807 1801 1795
1814 1821 1827 1833
1814 1808 1802 1796
1815 1822 1828 1834
1815 1816 1809 1803
1816 1815 1822 1828
1816 1809 1803 1797
1817 1823 1829 1835
1817 1810 1804 1798
1818 1824 1830 1836
1818 1811 1805 1799
1819 1825 1831 1837
1819 1812 1806 1800
1820 1826 1832 1838
1820 1813 1807 1801
1821 1827 1833 1839
1821 1814 1808 1802
1822 1828 1834 1840
1822 1815 1816 1809
1823 1829 1835 1841
1823 1817 1810 1804
1824 1830 1836 1842
1824 1818 1811 1805
1825 1831 1837 1843
1825 1819 1812 1806
1826 1832 1838 1844
1826 1820 1813 1807
1827 1833 1839 1845
1827 1821 1814 1808
1828 1834 1840 1846
1828 1822 1815 1816
1829 1835 1841 1847
1829 1823 1817 1810
1830 1836 1842 1848
1830 1824 1818 1811
1831 1837 1843 1849
1831 1825 1819 1812
1832 1838 1844 1850
1832 1826 1820 1813
1833 1839 1845 1851
1833 1827 1821 1814
1834 1840 1846 1852
1834 1828 1822 1815
1835 1841 1847 1853
1835 1829 1823 1817
1836 1842 1848 1854
1836 1830 1824 1818
1837 1843 1849 1855
1837 1831 1825 1819
1838 1844 1850 1856
1838 1832 1826 1820
1839 1845 1851 1857
1839 1833 1827 1821
1840 1846 1852 1858
1840 1834 1828 1822
1841 1847 1853 1859
1841 1835 1829 1823
1842 1848 1854 1860
1842 1836 1830 1824
1843 1849 1855 1861
1843 1837 1831 1825
1844 1850 1856 1862
1844 1838 1832 1826
1845 1851 1857 1863
1845 1839 1833 1827
1846 1852 1858 1864
1846 1840 1834 1828
1847 1853 1859 1865
1847 1841 1835 1829
1848 1854 1860 1866
1848 1842 1836 1830
1849 1855 1861 1867
1849 1843 1837 1831
1850 1856 1862 1868
1850 1844 1838 1832
1851 1857 1863 1869
1851 1845 1839 1833
1852 1858 1864 1870
1852 1846 1840 1834
1853 1859 1865 1871
1853 1847 1841 1835
1854 1860 1866 1872
1854 1848 1842 1836
1855 1861 1867 1874
1855 1849 1843 1837
1856 1862 1868 1875
1856 1850 1844 1838
1857 1863 1869 1876
1857 1851 1845 1839
1858 1864 1870 1877
1858 1852 1846 1840
1859 1865 1871 1878
1859 1853 1847 1841
1860 1866 1872 1873
1860 1854 1848 1842
1861 1867 1874 1880
1861 1855 1849 1843
1862 1868 1875 1881
1862 1856 1850 1844
1863 1869 1876 1882
1863 1857 1851 1845
1864 1870 1877 1883
1864 1858 1852 1846
1865 1871 1878 1884
1865 1859 1853 1847
1866 1872 1873 1879
1866 1860 1854 1848
1867 1874 1880 1886
1867 1861 1855 1849
1868 1875 1881 1887
1868 1862 1856 1850
1869 1876 1882 1888
1869 1863 1857 1851
1870 1877 1883 1889
1870 1864 1858 1852
1871 1878 1884 1890
1871 1865 1859 1853
1872 1873 1879 1885
1872 1866 1860 1854
1873 1879 1885 1891
1873 1872 1866 1860
1874 1880 1886 1892
1874 1867 1861 1855
1875 1881 1887 1893
1875 1868 1862 1856
1876 1882 1888 1894
1876 1869 1863 1857
1877 1883 1889 1896
1877 1870 1864 1858
1878 1884 1890 1897
1878 1871 1865 1859
1879 1885 1891 1898
1879 1873 1872 1866
1880 1886 1892 1900
1880 1874 1867 1861
1881 1887 1893 1901
1881 1875 1868 1862
1882 1888 1894 1902
1882 1876 1869 1863
1883 1889 1896 1895
1883 1877 1870 1864
1884 1890 1897 1904
1884 1878 1871 1865
1885 1891 1898 1905
1885 1879 1873 1872
1886 1892 1900 1899
1886 1880 1874 1867
1887 1893 1901 1907
1887 1881 1875 1868
1888 1894 1902 1908
1888 1882 1876 1869
1889 1896 1895 1903
1889 1883 1877 1870
1890 1897 1904 1910
1890 1884 1878 1871
1891 1898 1905 1911
1891 1885 1879 1873
1892 1900 1899 1906
1892 1886 1880 1874
1893 1901 1907 1913
1893 1887 1881 1875
1894 1902 1908 1914
1894 1888 1882 1876
1895 1903 1909 1915
1895 1896 1889 1883
1896 1895 1903 1909
1896 1889 1883 1877
1897 1904 1910 1916
1897 1890 1884 1878
1898 1905 1911 1917
1898 1891 1885 1879
1899 1906 1912 1918
1899 1900 1892 1886
1900 1899 1906 1912
1900 1892 1886 1880
1901 1907 1913 1919
1901 1893 1887 1881
1902 1908 1914 1920
1902 1894 1888 1882
1903 1909 1915 1921
1903 1895 1896 1889
1904 1910 1916 1922
1904 1897 1890 1884
1905 1911 1917 1923
1905 1898 1891 1885
1906 1912 1918 1925
1906 1899 1900 1892
1907 1913 1919 1926
1907 1901 1893 1887
1908 1914 1920 1927
1908 1902 1894 1888
1909 1915 1921 1928
1909 1903 1895 1896
1910 1916 1922 1929
1910 1904 1897 1890
1911 1917 1923 1930
1911 1905 1898 1891
1912 1918 1925 1924
1912 1906 1899 1900
1913 1919 1926 1932
1913 1907 1901 1893
1914 1920 1927 1933
1914 1908 1902 1894
1915 1921 1928 1934
1915 1909 1903 1895
1916 1922 1929 1935
1916 1910 1904 1897
1917 1923 1930 1936
1917 1911 1905 1898
1918 1925 1924 1931
1918 1912 1906 1899
1919 1926 1932 1938
1919 1913 1907 1901
1920 1927 1933 1939
1920 1914 1908 1902
1921 1928 1934 1940
1921 1915 1909 1903
1922 1929 1935 1941
1922 1916 1910 1904
1923 1930 1936 1942
1923 1917 1911 1905
1924 1931 1937 1943
1924 1925 1918 1912
1925 1924 1931 1937
1925 1918 1912 1906
1926 1932 1938 1944
1926 1919 1913 1907
1927 1933 1939 1945
1927 1920 1914 1908
1928 1934 1940 1946
1928 1921 1915 1909
1929 1935 1941 1947
1929 1922 1916 1910
1930 1936 1942 1948
1930 1923 1917 1911
1931 1937 1943 1950
1931 1924 1925 1918
1932 1938 1944 1951
1932 1926 1919 1913
1933 1939 1945 1952
1933 1927 1920 1914
1934 1940 1946 1953
1934 1928 1921 1915
1935 1941 1947 1954
1935 1929 1922 1916
1936 1942 1948 1955
1936 1930 1923 1917
1937 1943 1950 1949
1937 1931 1924 1925
1938 1944 1951 1957
1938 1932 1926 1919
1939 1945 1952 1958
1939 1933 1927 1920
1940 1946 1953 1959
1940 1934 1928 1921
1941 1947 1954 1960
1941 1935 1929 1922
1942 1948 1955 1961
1942 1936 1930 1923
1943 1950 1949 1956
1943 1937 1931 1924
1944 1951 1957 1964
1944 1938 1932 1926
1945 1952 1958 1965
1945 1939 1933 1927
1946 1953 1959 1966
1946 1940 1934 1928
1947 1954 1960 1967
1947 1941 1935 1929
1948 1955 1961 1968
1948 1942 1936 1930
1949 1956 1963 1962
1949 1950 1943 1937
1950 1949 1956 1963
1950 1943 1937 1931
1951 1957 1964 1972
1951 1944 1938 1932
1952 1958 1965 1973
1952 1945 1939 1933
1953 1959 1966 1975
1953 1946 1940 1934
1954 1960 1967 1976
1954 1947 1941 1935
1955 1961 1968 1969
1955 1948 1942 1936
1956 1963 1962 1971
1956 1949 1950 1943
1957 1964 1972 1981
1957 1951 1944 1938
1958 1965 1973 1982
1958 1952 1945 1939
1959 1966 1975 1974
1959 1953 1946 1940
1960 1967 1976 1984
1960 1954 1947 1941
1961 1968 1969 1977
1961 1955 1948 1942
1962 1971 1970 1980
1962 1963 1956 1949
1963 1962 1971 1970
1963 1956 1949 1950
1964 1972 1981 1985
1964 1957 1951 1944
1965 1973 1982 1986
1965 1958 1952 1945
1966 1975 1974 1983
1966 1959 1953 1946
1967 1976 1984 1988
1967 1960 1954 1947
1968 1969 1977 1978
1968 1961 1955 1948
1969 1977 1978 -1
1969 1968 1961 1955
1970 1980 1979 1978
1970 1971 1962 1963
1971 1970 1980 1979
1971 1962 1963 1956
1972 1981 1985 1989
1972 1964 1957 1951
1973 1982 1986 1990
1973 1965 1958 1952
1974 1983 1987 -1
1974 1975 1966 1959
1975 1974 1983 1987
1975 1966 1959 1953
1976 1984 1988 1991
1976 1967 1960 1954
1977 1978 1979 -1
1977 1969 1968 1961
1978 1979 1980 -1
1978 1977 1969 1968
1979 1978 1977 -1
1979 1980 1970 1971
1980 1979 1978 -1
1980 1970 1971 1962
1981 1985 1989 1992
1981 1972 1964 1957
1982 1986 1990 1993
1982 1973 1965 1958
1983 1974 1975 1966
1984 1988 1991 1994
1984 1976 1967 1960
1985 1989 1992 1995
1985 1981 1972 1964
1986 1990 1993 1996
1986 1982 1973 1965
1987 1983 1974 1975
1988 1991 1994 1997
1988 1984 1976 1967
1989 1992 1995 1998
1989 1985 1981 1972
1990 1993 1996 1999
1990 1986 1982 1973
1991 1994 1997 2000
1991 1988 1984 1976
1992 1995 1998 2001
1992 1989 1985 1981
1993 1996 1999 2002
1993 1990 1986 1982
1994 1997 2000 2003
1994 1991 1988 1984
1995 1998 2001 2004
1995 1992 1989 1985
1996 1999 2002 2005
1996 1993 1990 1986
1997 2000 2003 2006
1997 1994 1991 1988
1998 2001 2004 2007
1998 1995 1992 1989
1999 2002 2005 2008
1999 1996 1993 1990
2000 2003 2006 2009
2000 1997 1994 1991
2001 2004 2007 2011
2001 1998 1995 1992
2002 2005 2008 2012
2002 1999 1996 1993
2003 2006 2009 2010
2003 2000 1997 1994
2004 2007 2011 2014
2004 2001 1998 1995
2005 2008 2012 2015
2005 2002 1999 1996
2006 2009 2010 2013
2006 2003 2000 1997
2007 2011 2014 2017
2007 2004 2001 1998
2008 2012 2015 2018
2008 2005 2002 1999
2009 2010 2013 2016
2009 2006 2003 2000
2010 2013 2016 2019
2010 2009 2006 2003
2011 2014 2017 2020
2011 2007 2004 2001
2012 2015 2018 2021
2012 2008 2005 2002
2013 2016 2019 2022
2013 2010 2009 2006
2014 2017 2020 2023
2014 2011 2007 2004
2015 2018 2021 2024
2015 2012 2008 2005
2016 2019 2022 2025
2016 2013 2010 2009
2017 2020 2023 2026
2017 2014 2011 2007
2018 2021 2024 2027
2018 2015 2012 2008
2019 2022 2025 2028
2019 2016 2013 2010
2020 2023 2026 2029
2020 2017 2014 2011
2021 2024 2027 2030
2021 2018 2015 2012
2022 2025 2028 2031
2022 2019 2016 2013
2023 2026 2029 2032
2023 2020 2017 2014
2024 2027 2030 2033
2024 2021 2018 2015
2025 2028 2031 2034
2025 2022 2019 2016
2026 2029 2032 2035
2026 2023 2020 2017
2027 2030 2033 2036
2027 2024 2021 2018
2028 2031 2034 2037
2028 2025 2022 2019
2029 2032 2035 2038
2029 2026 2023 2020
2030 2033 2036 2039
2030 2027 2024 2021
2031 2034 2037 2040
2031 2028 2025 2022
2032 2035 2038 2041
2032 2029 2026 2023
2033 2036 2039 2042
2033 2030 2027 2024
2034 2037 2040 2043
2034 2031 2028 2025
2035 2038 2041 2044
2035 2032 2029 2026
2036 2039 2042 2045
2036 2033 2030 2027
2037 2040 2043 2046
2037 2034 2031 2028
2038 2041 2044 2047
2038 2035 2032 2029
2039 2042 2045 2048
2039 2036 2033 2030
2040 2043 2046 2049
2040 2037 2034 2031
2041 2044 2047 2050
2041 2038 2035 2032
2042 2045 2048 2051
2042 2039 2036 2033
2043 2046 2049 2052
2043 2040 2037 2034
2044 2047 2050 2053
2044 2041 2038 2035
2045 2048 2051 2054
2045 2042 2039 2036
2046 2049 2052 2055
2046 2043 2040 2037
2047 2050 2053 2056
2047 2044 2041 2038
2048 2051 2054 2057
2048 2045 2042 2039
2049 2052 2055 2058
2049 2046 2043 2040
2050 2053 2056 2059
2050 2047 2044 2041
2051 2054 2057 2060
2051 2048 2045 2042
2052 2055 2058 2061
2052 2049 2046 2043
2053 2056 2059 2062
2053 2050 2047 2044
2054 2057 2060 2063
2054 2051 2048 2045
2055 2058 2061 2064
2055 2052 2049 2046
2056 2059 2062 2065
2056 2053 2050 2047
2057 2060 2063 2066
2057 2054 2051 2048
2058 2061 2064 2067
2058 2055 2052 2049
2059 2062 2065 2068
2059 2056 2053 2050
2060 2063 2066 2069
2060 2057 2054 2051
2061 2064 2067 2070
2061 2058 2055 2052
2062 2065 2068 2071
2062 2059 2056 2053
2063 2066 2069 2072
2063 2060 2057 2054
2064 2067 2070 2073
2064 2061 2058 2055
2065 2068 2071 2074
2065 2062 2059 2056
2066 2069 2072 2075
2066 2063 2060 2057
2067 2070 2073 2076
2067 2064 2061 2058
2068 2071 2074 2077
2068 2065 2062 2059
2069 2072 2075 2078
2069 2066 2063 2060
2070 2073 2076 2079
2070 2067 2064 2061
2071 2074 2077 2080
2071 2068 2065 2062
2072 2075 2078 2081
2072 2069 2066 2063
2073 2076 2079 2082
2073 2070 2067 2064
2074 2077 2080 2083
2074 2071 2068 2065
2075 2078 2081 2084
2075 2072 2069 2066
2076 2079 2082 2085
2076 2073 2070 2067
2077 2080 2083 2086
2077 2074 2071 2068
2078 2081 2084 2087
2078 2075 2072 2069
2079 2082 2085 2088
2079 2076 2073 2070
2080 2083 2086 2089
2080 2077 2074 2071
2081 2084 2087 2090
2081 2078 2075 2072
2082 2085 2088 2091
2082 2079 2076 2073
2083 2086 2089 2092
2083 2080 2077 2074
2084 2087 2090 2093
2084 2081 2078 2075
2085 2088 2091 2094
2085 2082 2079 2076
2086 2089 2092 2095
2086 2083 2080 2077
2087 2090 2093 2096
2087 2084 2081 2078
2088 2091 2094 2097
2088 2085 2082 2079
2089 2092 2095 2098
2089 2086 2083 2080
2090 2093 2096 2099
2090 2087 2084 2081
2091 2094 2097 2100
2091 2088 2085 2082
2092 2095 2098 2101
2092 2089 2086 2083
2093 2096 2099 2102
2093 2090 2087 2084
2094 2097 2100 2103
2094 2091 2088 2085
2095 2098 2101 2104
2095 2092 2089 2086
2096 2099 2102 2105
2096 2093 2090 2087
2097 2100 2103 2106
2097 2094 2091 2088
2098 2101 2104 2107
2098 2095 2092 2089
2099 2102 2105 2108
2099 2096 2093 2090
2100 2103 2106 2109
2100 2097 2094 2091
2101 2104 2107 2110
2101 2098 2095 2092
2102 2105 2108 2111
2102 2099 2096 2093
2103 2106 2109 2112
2103 2100 2097 2094
2104 2107 2110 2113
2104 2101 2098 2095
2105 2108 2111 2114
2105 2102 2099 2096
2106 2109 2112 2115
2106 2103 2100 2097
2107 2110 2113 2116
2107 2104 2101 2098
2108 2111 2114 2117
2108 2105 2102 2099
2109 2112 2115 2118
2109 2106 2103 2100
2110 2113 2116 2119
2110 2107 2104 2101
2111 2114 2117 2120
2111 2108 2105 2102
2112 2115 2118 2121
2112 2109 2106 2103
2113 2116 2119 2122
2113 2110 2107 2104
2114 2117 2120 2123
2114 2111 2108 2105
2115 2118 2121 2124
2115 2112 2109 2106
2116 2119 2122 2125
2116 2113 2110 2107
2117 2120 2123 2126
2117 2114 2111 2108
2118 2121 2124 2127
2118 2115 2112 2109
2119 2122 2125 2128
2119 2116 2113 2110
2120 2123 2126 2129
2120 2117 2114 2111
2121 2124 2127 2130
2121 2118 2115 2112
2122 2125 2128 2131
2122 2119 2116 2113
2123 2126 2129 2132
2123 2120 2117 2114
2124 2127 2130 2133
2124 2121 2118 2115
2125 2128 2131 2134
2125 2122 2119 2116
2126 2129 2132 2135
2126 2123 2120 2117
2127 2130 2133 2136
2127 2124 2121 2118
2128 2131 2134 2137
2128 2125 2122 2119
2129 2132 2135 2138
2129 2126 2123 2120
2130 2133 2136 2139
2130 2127 2124 2121
2131 2134 2137 2140
2131 2128 2125 2122
2132 2135 2138 2141
2132 2129 2126 2123
2133 2136 2139 2142
2133 2130 2127 2124
2134 2137 2140 2143
2134 2131 2128 2125
2135 2138 2141 2144
2135 2132 2129 2126
2136 2139 2142 2145
2136 2133 2130 2127
2137 2140 2143 2146
2137 2134 2131 2128
2138 2141 2144 2147
2138 2135 2132 2129
2139 2142 2145 2148
2139 2136 2133 2130
2140 2143 2146 2149
2140 2137 2134 2131
2141 2144 2147 2150
2141 2138 2135 2132
2142 2145 2148 2151
2142 2139 2136 2133
2143 2146 2149 2152
2143 2140 2137 2134
2144 2147 2150 2153
2144 2141 2138 2135
2145 2148 2151 2154
2145 2142 2139 2136
2146 2149 2152 2155
2146 2143 2140 2137
2147 2150 2153 2156
2147 2144 2141 2138
2148 2151 2154 2157
2148 2145 2142 2139
2149 2152 2155 2158
2149 2146 2143 2140
2150 2153 2156 2159
2150 2147 2144 2141
2151 2154 2157 2160
2151 2148 2145 2142
2152 2155 2158 2161
2152 2149 2146 2143
2153 2156 2159 2162
2153 2150 2147 2144
2154 2157 2160 2163
2154 2151 2148 2145
2155 2158 2161 2164
2155 2152 2149 2146
2156 2159 2162 2165
2156 2153 2150 2147
2157 2160 2163 2166
2157 2154 2151 2148
2158 2161 2164 2167
2158 2155 2152 2149
2159 2162 2165 2168
2159 2156 2153 2150
2160 2163 2166 2169
2160 2157 2154 2151
2161 2164 2167 2170
2161 2158 2155 2152
2162 2165 2168 2171
2162 2159 2156 2153
2163 2166 2169 2174
2163 2160 2157 2154
2164 2167 2170 2175
2164 2161 2158 2155
2165 2168 2171 2172
2165 2162 2159 2156
2166 2169 2174 2178
2166 2163 2160 2157
2167 2170 2175 2179
2167 2164 2161 2158
2168 2171 2172 2176
2168 2165 2162 2159
2169 2174 2178 2182
2169 2166 2163 2160
2170 2175 2179 2183
2170 2167 2164 2161
2171 2172 2176 2180
2171 2168 2165 2162
2172 2176 2180 2184
2172 2171 2168 2165
2173 2177 2181 2185
2174 2178 2182 2186
2174 2169 2166 2163
2175 2179 2183 2187
2175 2170 2167 2164
2176 2180 2184 2188
2176 2172 2171 2168
2177 2181 2185 2189
2178 2182 2186 2190
2178 2174 2169 2166
2179 2183 2187 2191
2179 2175 2170 2167
2180 2184 2188 2192
2180 2176 2172 2171
2181 2185 2189 2193
2181 2177 2173 -1
2182 2186 2190 2194
2182 2178 2174 2169
2183 2187 2191 2195
2183 2179 2175 2170
2184 2188 2192 2196
2184 2180 2176 2172
2185 2189 2193 2197
2185 2181 2177 2173
2186 2190 2194 2198
2186 2182 2178 2174
2187 2191 2195 2200
2187 2183 2179 2175
2188 2192 2196 2201
2188 2184 2180 2176
2189 2193 2197 2202
2189 2185 2181 2177
2190 2194 2198 2204
2190 2186 2182 2178
2191 2195 2200 2199
2191 2187 2183 2179
2192 2196 2201 2206
2192 2188 2184 2180
2193 2197 2202 2203
2193 2189 2185 2181
2194 2198 2204 2208
2194 2190 2186 2182
2195 2200 2199 2205
2195 2191 2187 2183
2196 2201 2206 2210
2196 2192 2188 2184
2197 2202 2203 2207
2197 2193 2189 2185
2198 2204 2208 2212
2198 2194 2190 2186
2199 2205 2209 2213
2199 2200 2195 2191
2200 2199 2205 2209
2200 2195 2191 2187
2201 2206 2210 2214
2201 2196 2192 2188
2202 2203 2207 2211
2202 2197 2193 2189
2203 2207 2211 2215
2203 2202 2197 2193
2204 2208 2212 2216
2204 2198 2194 2190
2205 2209 2213 2217
2205 2199 2200 2195
2206 2210 2214 2218
2206 2201 2196 2192
2207 2211 2215 2219
2207 2203 2202 2197
2208 2212 2216 2220
2208 2204 2198 2194
2209 2213 2217 2222
2209 2205 2199 2200
2210 2214 2218 2223
2210 2206 2201 2196
2211 2215 2219 2224
2211 2207 2203 2202
2212 2216 2220 2226
2212 2208 2204 2198
2213 2217 2222 2221
2213 2209 2205 2199
2214 2218 2223 2228
2214 2210 2206 2201
2215 2219 2224 2225
2215 2211 2207 2203
2216 2220 2226 2230
2216 2212 2208 2204
2217 2222 2221 2227
2217 2213 2209 2205
2218 2223 2228 2232
2218 2214 2210 2206
2219 2224 2225 2229
2219 2215 2211 2207
2220 2226 2230 2234
2220 2216 2212 2208
2221 2227 2231 2236
2221 2222 2217 2213
2222 2221 2227 2231
2222 2217 2213 2209
2223 2228 2232 2237
2223 2218 2214 2210
2224 2225 2229 2233
2224 2219 2215 2211
2225 2229 2233 2238
2225 2224 2219 2215
2226 2230 2234 2239
2226 2220 2216 2212
2227 2231 2236 2235
2227 2221 2222 2217
2228 2232 2237 2241
2228 2223 2218 2214
2229 2233 2238 2242
2229 2225 2224 2219
2230 2234 2239 2243
2230 2226 2220 2216
2231 2236 2235 2240
2231 2227 2221 2222
2232 2237 2241 2245
2232 2228 2223 2218
2233 2238 2242 2246
2233 2229 2225 2224
2234 2239 2243 2248
2234 2230 2226 2220
2235 2240 2244 2249
2235 2236 2231 2227
2236 2235 2240 2244
2236 2231 2227 2221
2237 2241 2245 2250
2237 2232 2228 2223
2238 2242 2246 2247
2238 2233 2229 2225
2239 2243 2248 2252
2239 2234 2230 2226
2240 2244 2249 2253
2240 2235 2236 2231
2241 2245 2250 2254
2241 2237 2232 2228
2242 2246 2247 2251
2242 2238 2233 2229
2243 2248 2252 2258
2243 2239 2234 2230
2244 2249 2253 2260
2244 2240 2235 2236
2245 2250 2254 2255
2245 2241 2237 2232
2246 2247 2251 2256
2246 2242 2238 2233
2247 2251 2256 2257
2247 2246 2242 2238
2248 2252 2258 2263
2248 2243 2239 2234
2249 2253 2260 2259
2249 2244 2240 2235
2250 2254 2255 2261
2250 2245 2241 2237
2251 2256 2257 2262
2251 2247 2246 2242
2252 2258 2263 2269
2252 2248 2243 2239
2253 2260 2259 2264
2253 2249 2244 2240
2254 2255 2261 2265
2254 2250 2245 2241
2255 2261 2265 2266
2255 2254 2250 2245
2256 2257 2262 2267
2256 2251 2247 2246
2257 2262 2267 2268
2257 2256 2251 2247
2258 2263 2269 2273
2258 2252 2248 2243
2259 2264 2270 2274
2259 2260 2253 2249
2260 2259 2264 2270
2260 2253 2249 2244
2261 2265 2266 2271
2261 2255 2254 2250
2262 2267 2268 2272
2262 2257 2256 2251
2263 2269 2273 2277
2263 2258 2252 2248
2264 2270 2274 2278
2264 2259 2260 2253
2265 2266 2271 2275
2265 2261 2255 2254
2266 2271 2275 2279
2266 2265 2261 2255
2267 2268 2272 2276
2267 2262 2257 2256
2268 2272 2276 2280
2268 2267 2262 2257
2269 2273 2277 2282
2269 2263 2258 2252
2270 2274 2278 2283
2270 2264 2259 2260
2271 2275 2279 2284
2271 2266 2265 2261
2272 2276 2280 2281
2272 2268 2267 2262
2273 2277 2282 2286
2273 2269 2263 2258
2274 2278 2283 2287
2274 2270 2264 2259
2275 2279 2284 2288
2275 2271 2266 2265
2276 2280 2281 2285
2276 2272 2268 2267
2277 2282 2286 2291
2277 2273 2269 2263
2278 2283 2287 2292
2278 2274 2270 2264
2279 2284 2288 2293
2279 2275 2271 2266
2280 2281 2285 2289
2280 2276 2272 2268
2281 2285 2289 2290
2281 2280 2276 2272
2282 2286 2291 2297
2282 2277 2273 2269
2283 2287 2292 2299
2283 2278 2274 2270
2284 2288 2293 2294
2284 2279 2275 2271
2285 2289 2290 2295
2285 2281 2280 2276
2286 2291 2297 2302
2286 2282 2277 2273
2287 2292 2299 2298
2287 2283 2278 2274
2288 2293 2294 2300
2288 2284 2279 2275
2289 2290 2295 2296
2289 2285 2281 2280
2290 2295 2296 2301
2290 2289 2285 2281
2291 2297 2302 2306
2291 2286 2282 2277
2292 2299 2298 2303
2292 2287 2283 2278
2293 2294 2300 2304
2293 2288 2284 2279
2294 2300 2304 2308
2294 2293 2288 2284
2295 2296 2301 2305
2295 2290 2289 2285
2296 2301 2305 2310
2296 2295 2290 2289
2297 2302 2306 2312
2297 2291 2286 2282
2298 2303 2307 2313
2298 2299 2292 2287
2299 2298 2303 2307
2299 2292 2287 2283
2300 2304 2308 2309
2300 2294 2293 2288
2301 2305 2310 2311
2301 2296 2295 2290
2302 2306 2312 2318
2302 2297 2291 2286
2303 2307 2313 2319
2303 2298 2299 2292
2304 2308 2309 2314
2304 2300 2294 2293
2305 2310 2311 2316
2305 2301 2296 2295
2306 2312 2318 2324
2306 2302 2297 2291
2307 2313 2319 2325
2307 2303 2298 2299
2308 2309 2314 2315
2308 2304 2300 2294
2309 2314 2315 2320
2309 2308 2304 2300
2310 2311 2316 2317
2310 2305 2301 2296
2311 2316 2317 2322
2311 2310 2305 2301
2312 2318 2324 2330
2312 2306 2302 2297
2313 2319 2325 2331
2313 2307 2303 2298
2314 2315 2320 2321
2314 2309 2308 2304
2315 2320 2321 2326
2315 2314 2309 2308
2316 2317 2322 2323
2316 2311 2310 2305
2317 2322 2323 2328
2317 2316 2311 2310
2318 2324 2330 2335
2318 2312 2306 2302
2319 2325 2331 2336
2319 2313 2307 2303
2320 2321 2326 2327
2320 2315 2314 2309
2321 2326 2327 2332
2321 2320 2315 2314
2322 2323 2328 2329
2322 2317 2316 2311
2323 2328 2329 2334
2323 2322 2317 2316
2324 2330 2335 2339
2324 2318 2312 2306
2325 2331 2336 2341
2325 2319 2313 2307
2326 2327 2332 2333
2326 2321 2320 2315
2327 2332 2333 2337
2327 2326 2321 2320
2328 2329 2334 2338
2328 2323 2322 2317
2329 2334 2338 2343
2329 2328 2323 2322
2330 2335 2339 2344
2330 2324 2318 2312
2331 2336 2341 2340
2331 2325 2319 2313
2332 2333 2337 2342
2332 2327 2326 2321
2333 2337 2342 2346
2333 2332 2327 2326
2334 2338 2343 2348
2334 2329 2328 2323
2335 2339 2344 2349
2335 2330 2324 2318
2336 2341 2340 2345
2336 2331 2325 2319
2337 2342 2346 2347
2337 2333 2332 2327
2338 2343 2348 2353
2338 2334 2329 2328
2339 2344 2349 2354
2339 2335 2330 2324
2340 2345 2350 2355
2340 2341 2336 2331
2341 2340 2345 2350
2341 2336 2331 2325
2342 2346 2347 2351
2342 2337 2333 2332
2343 2348 2353 2358
2343 2338 2334 2329
2344 2349 2354 2359
2344 2339 2335 2330
2345 2350 2355 2360
2345 2340 2341 2336
2346 2347 2351 2352
2346 2342 2337 2333
2347 2351 2352 2356
2347 2346 2342 2337
2348 2353 2358 2363
2348 2343 2338 2334
2349 2354 2359 2364
2349 2344 2339 2335
2350 2355 2360 2365
2350 2345 2340 2341
2351 2352 2356 2357
2351 2347 2346 2342
2352 2356 2357 2361
2352 2351 2347 2346
2353 2358 2363 2368
2353 2348 2343 2338
2354 2359 2364 2369
2354 2349 2344 2339
2355 2360 2365 2370
2355 2350 2345 2340
2356 2357 2361 2362
2356 2352 2351 2347
2357 2361 2362 2366
2357 2356 2352 2351
2358 2363 2368 2373
2358 2353 2348 2343
2359 2364 2369 2374
2359 2354 2349 2344
2360 2365 2370 2375
2360 2355 2350 2345
2361 2362 2366 2367
2361 2357 2356 2352
2362 2366 2367 2371
2362 2361 2357 2356
2363 2368 2373 -1
2363 2358 2353 2348
2364 2369 2374 2378
2364 2359 2354 2349
2365 2370 2375 2380
2365 2360 2355 2350
2366 2367 2371 2372
2366 2362 2361 2357
2367 2371 2372 2376
2367 2366 2362 2361
2368 2363 2358 2353
2369 2374 2378 2383
2369 2364 2359 2354
2370 2375 2380 2379
2370 2365 2360 2355
2371 2372 2376 2377
2371 2367 2366 2362
2372 2376 2377 2381
2372 2371 2367 2366
2373 2368 2363 2358
2374 2378 2383 2387
2374 2369 2364 2359
2375 2380 2379 2384
2375 2370 2365 2360
2376 2377 2381 2382
2376 2372 2371 2367
2377 2381 2382 2385
2377 2376 2372 2371
2378 2383 2387 2391
2378 2374 2369 2364
2379 2384 2388 2392
2379 2380 2375 2370
2380 2379 2384 2388
2380 2375 2370 2365
2381 2382 2385 2386
2381 2377 2376 2372
2382 2385 2386 2389
2382 2381 2377 2376
2383 2387 2391 2395
2383 2378 2374 2369
2384 2388 2392 2396
2384 2379 2380 2375
2385 2386 2389 2390
2385 2382 2381 2377
2386 2389 2390 2393
2386 2385 2382 2381
2387 2391 2395 2399
2387 2383 2378 2374
2388 2392 2396 2401
2388 2384 2379 2380
2389 2390 2393 2394
2389 2386 2385 2382
2390 2393 2394 2397
2390 2389 2386 2385
2391 2395 2399 2404
2391 2387 2383 2378
2392 2396 2401 2400
2392 2388 2384 2379
2393 2394 2397 2398
2393 2390 2389 2386
2394 2397 2398 2402
2394 2393 2390 2389
2395 2399 2404 2407
2395 2391 2387 2383
2396 2401 2400 2405
2396 2392 2388 2384
2397 2398 2402 2403
2397 2394 2393 2390
2398 2402 2403 2406
2398 2397 2394 2393
2399 2404 2407 2411
2399 2395 2391 2387
2400 2405 2408 2414
2400 2401 2396 2392
2401 2400 2405 2408
2401 2396 2392 2388
2402 2403 2406 2409
2402 2398 2397 2394
2403 2406 2409 2410
2403 2402 2398 2397
2404 2407 2411 2412
2404 2399 2395 2391
2405 2408 2414 2413
2405 2400 2401 2396
2406 2409 2410 2415
2406 2403 2402 2398
2407 2411 2412 2417
2407 2404 2399 2395
2408 2414 2413 2419
2408 2405 2400 2401
2409 2410 2415 2416
2409 2406 2403 2402
2410 2415 2416 2420
2410 2409 2406 2403
2411 2412 2417 2418
2411 2407 2404 2399
2412 2417 2418 2422
2412 2411 2407 2404
2413 2419 2423 2427
2413 2414 2408 2405
2414 2413 2419 2423
2414 2408 2405 2400
2415 2416 2420 2421
2415 2410 2409 2406
2416 2420 2421 2424
2416 2415 2410 2409
2417 2418 2422 -1
2417 2412 2411 2407
2418 2417 2412 2411
2419 2423 2427 2426
2419 2413 2414 2408
2420 2421 2424 2425
2420 2416 2415 2410
2421 2424 2425 2428
2421 2420 2416 2415
2422 2418 2417 2412
2423 2427 2426 2430
2423 2419 2413 2414
2424 2425 2428 2429
2424 2421 2420 2416
2425 2428 2429 2431
2425 2424 2421 2420
2426 2430 2433 2436
2426 2427 2423 2419
2427 2426 2430 2433
2427 2423 2419 2413
2428 2429 2431 2432
2428 2425 2424 2421
2429 2431 2432 2434
2429 2428 2425 2424
2430 2433 2436 2439
2430 2426 2427 2423
2431 2432 2434 2435
2431 2429 2428 2425
2432 2434 2435 2437
2432 2431 2429 2428
2433 2436 2439 2449
2433 2430 2426 2427
2434 2435 2437 2438
2434 2432 2431 2429
2435 2437 2438 2440
2435 2434 2432 2431
2436 2439 2449 2537
2436 2433 2430 2426
2437 2438 2440 2441
2437 2435 2434 2432
2438 2440 2441 2442
2438 2437 2435 2434
2439 2449 2537 2536
2439 2436 2433 2430
2440 2441 2442 2443
2440 2438 2437 2435
2441 2442 2443 2444
2441 2440 2438 2437
2442 2443 2444 2445
2442 2441 2440 2438
2443 2444 2445 2446
2443 2442 2441 2440
2444 2445 2446 2447
2444 2443 2442 2441
2445 2446 2447 2448
2445 2444 2443 2442
2446 2447 2448 2450
2446 2445 2444 2443
2447 2448 2450 2451
2447 2446 2445 2444
2448 2450 2451 2452
2448 2447 2446 2445
2449 2537 2536 2535
2449 2439 2436 2433
2450 2451 2452 2453
2450 2448 2447 2446
2451 2452 2453 2454
2451 2450 2448 2447
2452 2453 2454 2455
2452 2451 2450 2448
2453 2454 2455 2456
2453 2452 2451 2450
2454 2455 2456 2457
2454 2453 2452 2451
2455 2456 2457 2458
2455 2454 2453 2452
2456 2457 2458 2459
2456 2455 2454 2453
2457 2458 2459 2460
2457 2456 2455 2454
2458 2459 2460 2461
2458 2457 2456 2455
2459 2460 2461 2462
2459 2458 2457 2456
2460 2461 2462 2463
2460 2459 2458 2457
2461 2462 2463 2464
2461 2460 2459 2458
2462 2463 2464 2465
2462 2461 2460 2459
2463 2464 2465 2466
2463 2462 2461 2460
2464 2465 2466 2467
2464 2463 2462 2461
2465 2466 2467 2468
2465 2464 2463 2462
2466 2467 2468 2469
2466 2465 2464 2463
2467 2468 2469 2470
2467 2466 2465 2464
2468 2469 2470 2471
2468 2467 2466 2465
2469 2470 2471 2472
2469 2468 2467 2466
2470 2471 2472 2473
2470 2469 2468 2467
2471 2472 2473 2474
2471 2470 2469 2468
2472 2473 2474 2475
2472 2471 2470 2469
2473 2474 2475 2476
2473 2472 2471 2470
2474 2475 2476 2477
2474 2473 2472 2471
2475 2476 2477 2478
2475 2474 2473 2472
2476 2477 2478 2479
2476 2475 2474 2473
2477 2478 2479 2480
2477 2476 2475 2474
2478 2479 2480 2481
2478 2477 2476 2475
2479 2480 2481 2482
2479 2478 2477 2476
2480 2481 2482 2483
2480 2479 2478 2477
2481 2482 2483 2484
2481 2480 2479 2478
2482 2483 2484 2485
2482 2481 2480 2479
2483 2484 2485 2486
2483 2482 2481 2480
2484 2485 2486 2487
2484 2483 2482 2481
2485 2486 2487 2488
2485 2484 2483 2482
2486 2487 2488 2489
2486 2485 2484 2483
2487 2488 2489 2490
2487 2486 2485 2484
2488 2489 2490 2491
2488 2487 2486 2485
2489 2490 2491 2492
2489 2488 2487 2486
2490 2491 2492 2493
2490 2489 2488 2487
2491 2492 2493 2494
2491 2490 2489 2488
2492 2493 2494 2495
2492 2491 2490 2489
2493 2494 2495 2496
2493 2492 2491 2490
2494 2495 2496 2497
2494 2493 2492 2491
2495 2496 2497 2498
2495 2494 2493 2492
2496 2497 2498 2499
2496 2495 2494 2493
2497 2498 2499 2500
2497 2496 2495 2494
2498 2499 2500 2501
2498 2497 2496 2495
2499 2500 2501 2502
2499 2498 2497 2496
2500 2501 2502 2503
2500 2499 2498 2497
2501 2502 2503 2504
2501 2500 2499 2498
2502 2503 2504 2505
2502 2501 2500 2499
2503 2504 2505 2506
2503 2502 2501 2500
2504 2505 2506 2507
2504 2503 2502 2501
2505 2506 2507 2508
2505 2504 2503 2502
2506 2507 2508 2509
2506 2505 2504 2503
2507 2508 2509 2510
2507 2506 2505 2504
2508 2509 2510 2511
2508 2507 2506 2505
2509 2510 2511 2512
2509 2508 2507 2506
2510 2511 2512 2513
2510 2509 2508 2507
2511 2512 2513 2514
2511 2510 2509 2508
2512 2513 2514 2515
2512 2511 2510 2509
2513 2514 2515 2516
2513 2512 2511 2510
2514 2515 2516 2517
2514 2513 2512 2511
2515 2516 2517 2518
2515 2514 2513 2512
2516 2517 2518 2519
2516 2515 2514 2513
2517 2518 2519 2520
2517 2516 2515 2514
2518 2519 2520 2521
2518 2517 2516 2515
2519 2520 2521 2522
2519 2518 2517 2516
2520 2521 2522 2523
2520 2519 2518 2517
2521 2522 2523 2524
2521 2520 2519 2518
2522 2523 2524 2525
2522 2521 2520 2519
2523 2524 2525 2526
2523 2522 2521 2520
2524 2525 2526 2527
2524 2523 2522 2521
2525 2526 2527 2528
2525 2524 2523 2522
2526 2527 2528 2529
2526 2525 2524 2523
2527 2528 2529 2530
2527 2526 2525 2524
2528 2529 2530 2531
2528 2527 2526 2525
2529 2530 2531 2532
2529 2528 2527 2526
2530 2531 2532 2533
2530 2529 2528 2527
2531 2532 2533 2534
2531 2530 2529 2528
2532 2533 2534 2538
2532 2531 2530 2529
2533 2534 2538 2539
2533 2532 2531 2530
2534 2538 2539 2540
2534 2533 2532 2531
2535 2550 2549 2548
2535 2536 2537 2449
2536 2535 2550 2549
2536 2537 2449 2439
2537 2536 2535 2550
2537 2449 2439 2436
2538 2539 2540 2541
2538 2534 2533 2532
2539 2540 2541 2542
2539 2538 2534 2533
2540 2541 2542 2543
2540 2539 2538 2534
2541 2542 2543 2544
2541 2540 2539 2538
2542 2543 2544 2545
2542 2541 2540 2539
2543 2544 2545 2546
2543 2542 2541 2540
2544 2545 2546 2547
2544 2543 2542 2541
2545 2546 2547 2548
2545 2544 2543 2542
2546 2547 2548 2549
2546 2545 2544 2543
2547 2548 2549 2550
2547 2546 2545 2544
2548 2547 2546 2545
2548 2549 2550 2535
2549 2548 2547 2546
2549 2550 2535 2536
2550 2549 2548 2547
2550 2535 2536 2537
