0 111 110 109
0 1 2 3
1 0 111 110
1 2 3 4
2 1 0 111
2 3 4 5
3 2 1 0
3 4 5 6
4 3 2 1
4 5 6 7
5 4 3 2
5 6 7 8
6 5 4 3
6 7 8 9
7 6 5 4
7 8 9 10
8 7 6 5
8 9 10 11
9 8 7 6
9 10 11 12
10 9 8 7
10 11 12 13
11 10 9 8
11 12 13 14
12 11 10 9
12 13 14 15
13 12 11 10
13 14 15 16
14 13 12 11
14 15 16 17
15 14 13 12
15 16 17 18
16 15 14 13
16 17 18 19
17 16 15 14
17 18 19 20
18 17 16 15
18 19 20 21
19 18 17 16
19 20 21 22
20 19 18 17
20 21 22 23
21 20 19 18
21 22 23 24
22 21 20 19
22 23 24 25
23 22 21 20
23 24 25 26
24 23 22 21
24 25 26 27
25 24 23 22
25 26 27 28
26 25 24 23
26 27 28 29
27 26 25 24
27 28 29 30
28 27 26 25
28 29 30 31
29 28 27 26
29 30 31 32
30 29 28 27
30 31 32 33
31 30 29 28
31 32 33 34
32 31 30 29
32 33 34 35
33 32 31 30
33 34 35 36
34 33 32 31
34 35 36 37
35 34 33 32
35 36 37 38
36 35 34 33
36 37 38 39
37 36 35 34
37 38 39 40
38 37 36 35
38 39 40 41
39 38 37 36
39 40 41 42
40 39 38 37
40 41 42 43
41 40 39 38
41 42 43 44
42 41 40 39
42 43 44 45
43 42 41 40
43 44 45 46
44 43 42 41
44 45 46 47
45 44 43 42
45 46 47 48
46 45 44 43
46 47 48 49
47 46 45 44
47 48 49 50
48 47 46 45
48 49 50 51
49 48 47 46
49 50 51 52
50 49 48 47
50 51 52 53
51 50 49 48
51 52 53 54
52 51 50 49
52 53 54 55
53 52 51 50
53 54 55 56
54 53 52 51
54 55 56 57
55 54 53 52
55 56 57 58
56 55 54 53
56 57 58 59
57 56 55 54
57 58 59 60
58 57 56 55
58 59 60 61
59 58 57 56
59 60 61 62
60 61 62 63
60 59 58 57
61 62 63 64
61 60 59 58
62 63 64 112
62 61 60 59
63 64 112 113
63 62 61 60
64 112 113 118
64 63 62 61
65 117 116 115
65 66 67 68
66 65 117 116
66 67 68 69
67 66 65 117
67 68 69 70
68 67 66 65
68 69 70 71
69 68 67 66
69 70 71 72
70 69 68 67
70 71 72 73
71 70 69 68
71 72 73 74
72 71 70 69
72 73 74 75
73 72 71 70
73 74 75 76
74 73 72 71
74 75 76 77
75 74 73 72
75 76 77 78
76 75 74 73
76 77 78 79
77 76 75 74
77 78 79 80
78 77 76 75
78 79 80 81
79 78 77 76
79 80 81 82
80 79 78 77
80 81 82 83
81 80 79 78
81 82 83 84
82 81 80 79
82 83 84 85
83 82 81 80
83 84 85 86
84 83 82 81
84 85 86 87
85 84 83 82
85 86 87 88
86 85 84 83
86 87 88 89
87 86 85 84
87 88 89 90
88 87 86 85
88 89 90 91
89 88 87 86
89 90 91 92
90 89 88 87
90 91 92 93
91 90 89 88
91 92 93 94
92 91 90 89
92 93 94 95
93 92 91 90
93 94 95 96
94 93 92 91
94 95 96 97
95 94 93 92
95 96 97 98
96 95 94 93
96 97 98 99
97 96 95 94
97 98 99 100
98 97 96 95
98 99 100 101
99 98 97 96
99 100 101 102
100 99 98 97
100 101 102 103
101 100 99 98
101 102 103 104
102 101 100 99
102 103 104 105
103 102 101 100
103 104 105 106
104 103 102 101
104 105 106 107
105 104 103 102
105 106 107 108
106 105 104 103
106 107 108 109
107 106 105 104
107 108 109 110
108 107 106 105
108 109 110 111
109 108 107 106
109 110 111 0
110 109 108 107
110 111 0 1
111 110 109 108
111 0 1 2
112 113 118 122
112 64 63 62
113 118 122 123
113 112 64 63
114 121 120 119
114 115 116 117
115 114 121 120
115 116 117 65
116 115 114 121
116 117 65 66
117 116 115 114
117 65 66 67
118 122 123 126
118 113 112 64
119 125 124 128
119 120 121 114
120 119 125 124
120 121 114 115
121 120 119 125
121 114 115 116
122 123 126 129
122 118 113 112
123 126 129 132
123 122 118 113
124 128 127 131
124 125 119 120
125 124 128 127
125 119 120 121
126 129 132 136
126 123 122 118
127 131 130 134
127 128 124 125
128 127 131 130
128 124 125 119
129 132 136 140
129 126 123 122
130 134 133 138
130 131 127 128
131 130 134 133
131 127 128 124
132 136 140 141
132 129 126 123
133 138 137 143
133 134 130 131
134 133 138 137
134 130 131 127
135 139 144 148
136 140 141 145
136 132 129 126
137 143 142 147
137 138 133 134
138 137 143 142
138 133 134 130
139 144 148 152
140 141 145 149
140 136 132 129
141 145 149 153
141 140 136 132
142 147 146 151
142 143 137 138
143 142 147 146
143 137 138 133
144 148 152 156
144 139 135 -1
145 149 153 157
145 141 140 136
146 151 150 155
146 147 142 143
147 146 151 150
147 142 143 137
148 152 156 160
148 144 139 -1
148 144 135 -1
149 153 157 161
149 145 141 140
150 155 154 159
150 151 146 147
151 150 155 154
151 146 147 142
152 156 160 165
152 148 144 139
152 148 144 135
153 157 161 162
153 149 145 141
154 159 158 164
154 155 150 151
155 154 159 158
155 150 151 146
156 160 165 168
156 152 148 144
157 161 162 166
157 153 149 145
158 164 163 167
158 159 154 155
159 158 164 163
159 154 155 150
160 165 168 173
160 156 152 148
161 162 166 169
161 157 153 149
162 166 169 170
162 161 157 153
163 167 172 171
163 164 158 159
164 163 167 172
164 158 159 154
165 168 173 177
165 160 156 152
166 169 170 174
166 162 161 157
167 172 171 176
167 163 164 158
168 173 177 181
168 165 160 156
169 170 174 178
169 166 162 161
170 174 178 182
170 169 166 162
171 176 175 180
171 172 167 163
172 171 176 175
172 167 163 164
173 177 181 185
173 168 165 160
174 178 182 186
174 170 169 166
175 180 179 184
175 176 171 172
176 175 180 179
176 171 172 167
177 181 185 190
177 173 168 165
178 182 186 191
178 174 170 169
179 184 183 188
179 180 175 176
180 179 184 183
180 175 176 171
181 185 190 196
181 177 173 168
182 186 191 192
182 178 174 170
183 188 187 194
183 184 179 180
184 183 188 187
184 179 180 175
185 190 196 201
185 181 177 173
186 191 192 197
186 182 178 174
187 194 193 199
187 188 183 184
188 187 194 193
188 183 184 179
189 195 200 206
190 196 201 207
190 185 181 177
191 192 197 202
191 186 182 178
192 197 202 203
192 191 186 182
193 199 198 205
193 194 187 188
194 193 199 198
194 187 188 183
195 200 206 211
196 201 207 212
196 190 185 181
197 202 203 208
197 192 191 186
198 205 204 210
198 199 193 194
199 198 205 204
199 193 194 187
200 206 211 216
200 195 189 -1
201 207 212 217
201 196 190 185
202 203 208 213
202 197 192 191
203 208 213 218
203 202 197 192
204 210 209 215
204 205 198 199
205 204 210 209
205 198 199 193
206 211 216 221
206 200 195 189
207 212 217 222
207 201 196 190
208 213 218 223
208 203 202 197
209 215 214 220
209 210 204 205
210 209 215 214
210 204 205 198
211 216 221 225
211 206 200 195
212 217 222 226
212 207 201 196
213 218 223 227
213 208 203 202
214 220 219 224
214 215 209 210
215 214 220 219
215 209 210 204
216 221 225 230
216 211 206 200
217 222 226 231
217 212 207 201
218 223 227 228
218 213 208 203
219 224 229 234
219 220 214 215
220 219 224 229
220 214 215 209
221 225 230 235
221 216 211 206
222 226 231 236
222 217 212 207
223 227 228 232
223 218 213 208
224 229 234 233
224 219 220 214
225 230 235 241
225 221 216 211
226 231 236 242
226 222 217 212
227 228 232 237
227 223 218 213
228 232 237 243
228 227 223 218
229 234 233 239
229 224 219 220
230 235 241 240
230 225 221 216
231 236 242 248
231 226 222 217
232 237 243 249
232 228 227 223
233 239 238 245
233 234 229 224
234 233 239 238
234 229 224 219
235 241 240 247
235 230 225 221
236 242 248 254
236 231 226 222
237 243 249 255
237 232 228 227
238 245 244 251
238 239 233 234
239 238 245 244
239 233 234 229
240 247 246 253
240 241 235 230
241 240 247 246
241 235 230 225
242 248 254 260
242 236 231 226
243 249 255 261
243 237 232 228
244 251 250 257
244 245 238 239
245 244 251 250
245 238 239 233
246 253 252 259
246 247 240 241
247 246 253 252
247 240 241 235
248 254 260 264
248 242 236 231
249 255 261 265
249 243 237 232
250 257 256 262
250 251 244 245
251 250 257 256
251 244 245 238
252 259 258 263
252 253 246 247
253 252 259 258
253 246 247 240
254 260 264 269
254 248 242 236
255 261 265 266
255 249 243 237
256 262 267 272
256 257 250 251
257 256 262 267
257 250 251 244
258 263 268 274
258 259 252 253
259 258 263 268
259 252 253 246
260 264 269 275
260 254 248 242
261 265 266 270
261 255 249 243
262 267 272 271
262 256 257 250
263 268 274 273
263 258 259 252
264 269 275 280
264 260 254 248
265 266 270 276
265 261 255 249
266 270 276 281
266 265 261 255
267 272 271 277
267 262 256 257
268 274 273 279
268 263 258 259
269 275 280 284
269 264 260 254
270 276 281 285
270 266 265 261
271 277 282 286
271 272 267 262
272 271 277 282
272 267 262 256
273 279 278 283
273 274 268 263
274 273 279 278
274 268 263 258
275 280 284 289
275 269 264 260
276 281 285 290
276 270 266 265
277 282 286 292
277 271 272 267
278 283 288 287
278 279 273 274
279 278 283 288
279 273 274 268
280 284 289 295
280 275 269 264
281 285 290 291
281 276 270 266
282 286 292 297
282 277 271 272
283 288 287 294
283 278 279 273
284 289 295 299
284 280 275 269
285 290 291 296
285 281 276 270
286 292 297 302
286 282 277 271
287 294 293 298
287 288 283 278
288 287 294 293
288 283 278 279
289 295 299 305
289 284 280 275
290 291 296 300
290 285 281 276
291 296 300 301
291 290 285 281
292 297 302 307
292 286 282 277
293 298 304 303
293 294 287 288
294 293 298 304
294 287 288 283
295 299 305 309
295 289 284 280
296 300 301 306
296 291 290 285
297 302 307 311
297 292 286 282
298 304 303 308
298 293 294 287
299 305 309 314
299 295 289 284
300 301 306 310
300 296 291 290
301 306 310 315
301 300 296 291
302 307 311 316
302 297 292 286
303 308 313 312
303 304 298 293
304 303 308 313
304 298 293 294
305 309 314 318
305 299 295 289
306 310 315 319
306 301 300 296
307 311 316 321
307 302 297 292
308 313 312 317
308 303 304 298
309 314 318 324
309 305 299 295
310 315 319 325
310 306 301 300
311 316 321 320
311 307 302 297
312 317 323 322
312 313 308 303
313 312 317 323
313 308 303 304
314 318 324 329
314 309 305 299
315 319 325 326
315 310 306 301
316 321 320 327
316 311 307 302
317 323 322 328
317 312 313 308
318 324 329 334
318 314 309 305
319 325 326 330
319 315 310 306
320 327 331 337
320 321 316 311
321 320 327 331
321 316 311 307
322 328 333 332
322 323 317 312
323 322 328 333
323 317 312 313
324 329 334 339
324 318 314 309
325 326 330 335
325 319 315 310
326 330 335 336
326 325 319 315
327 331 337 341
327 320 321 316
328 333 332 338
328 322 323 317
329 334 339 344
329 324 318 314
330 335 336 340
330 326 325 319
331 337 341 347
331 327 320 321
332 338 343 342
332 333 328 322
333 332 338 343
333 328 322 323
334 339 344 349
334 329 324 318
335 336 340 345
335 330 326 325
336 340 345 350
336 335 330 326
337 341 347 346
337 331 327 320
338 343 342 348
338 332 333 328
339 344 349 354
339 334 329 324
340 345 350 355
340 336 335 330
341 347 346 351
341 337 331 327
342 348 353 352
342 343 338 332
343 342 348 353
343 338 332 333
344 349 354 358
344 339 334 329
345 350 355 359
345 340 336 335
346 351 356 362
346 347 341 337
347 346 351 356
347 341 337 331
348 353 352 357
348 342 343 338
349 354 358 364
349 344 339 334
350 355 359 360
350 345 340 336
351 356 362 361
351 346 347 341
352 357 363 368
352 353 348 342
353 352 357 363
353 348 342 343
354 358 364 369
354 349 344 339
355 359 360 365
355 350 345 340
356 362 361 366
356 351 346 347
357 363 368 367
357 352 353 348
358 364 369 373
358 354 349 344
359 360 365 370
359 355 350 345
360 365 370 374
360 359 355 350
361 366 371 376
361 362 356 351
362 361 366 371
362 356 351 346
363 368 367 372
363 357 352 353
364 369 373 378
364 358 354 349
365 370 374 379
365 360 359 355
366 371 376 375
366 361 362 356
367 372 377 381
367 368 363 357
368 367 372 377
368 363 357 352
369 373 378 382
369 364 358 354
370 374 379 383
370 365 360 359
371 376 375 380
371 366 361 362
372 377 381 386
372 367 368 363
373 378 382 387
373 369 364 358
374 379 383 384
374 370 365 360
375 380 385 390
375 376 371 366
376 375 380 385
376 371 366 361
377 381 386 391
377 372 367 368
378 382 387 392
378 373 369 364
379 383 384 388
379 374 370 365
380 385 390 389
380 375 376 371
381 386 391 397
381 377 372 367
382 387 392 398
382 378 373 369
383 384 388 393
383 379 374 370
384 388 393 394
384 383 379 374
385 390 389 395
385 380 375 376
386 391 397 396
386 381 377 372
387 392 398 402
387 382 378 373
388 393 394 399
388 384 383 379
389 395 400 404
389 390 385 380
390 389 395 400
390 385 380 375
391 397 396 401
391 386 381 377
392 398 402 406
392 387 382 378
393 394 399 403
393 388 384 383
394 399 403 407
394 393 388 384
395 400 404 408
395 389 390 385
396 401 405 409
396 397 391 386
397 396 401 405
397 391 386 381
398 402 406 410
398 392 387 382
399 403 407 411
399 394 393 388
400 404 408 412
400 395 389 390
401 405 409 416
401 405 409 420
401 396 397 391
402 406 410 413
402 398 392 387
403 407 411 414
403 399 394 393
404 408 412 415
404 400 395 389
405 409 416 420
405 409 420 424
405 401 396 397
406 410 413 417
406 402 398 392
407 411 414 418
407 403 399 394
408 412 415 419
408 404 400 395
409 416 420 424
409 405 401 396
410 413 417 421
410 406 402 398
411 414 418 422
411 407 403 399
412 415 419 423
412 408 404 400
413 417 421 425
413 410 406 402
414 418 422 426
414 411 407 403
415 419 423 427
415 412 408 404
416 420 424 -1
416 409 405 401
417 421 425 428
417 413 410 406
418 422 426 429
418 414 411 407
419 423 427 430
419 415 412 408
420 416 409 405
421 425 428 431
421 417 413 410
422 426 429 432
422 418 414 411
423 427 430 433
423 419 415 412
424 420 416 409
424 420 409 405
425 428 431 434
425 421 417 413
426 429 432 435
426 422 418 414
427 430 433 436
427 423 419 415
428 431 434 437
428 425 421 417
429 432 435 438
429 426 422 418
430 433 436 439
430 427 423 419
431 434 437 440
431 428 425 421
432 435 438 441
432 429 426 422
433 436 439 442
433 430 427 423
434 437 440 443
434 431 428 425
435 438 441 444
435 432 429 426
436 439 442 445
436 433 430 427
437 440 443 446
437 434 431 428
438 441 444 447
438 435 432 429
439 442 445 449
439 436 433 430
440 443 446 450
440 437 434 431
441 444 447 451
441 438 435 432
442 445 449 448
442 439 436 433
443 446 450 453
443 440 437 434
444 447 451 454
444 441 438 435
445 449 448 452
445 442 439 436
446 450 453 457
446 443 440 437
447 451 454 458
447 444 441 438
448 452 455 459
448 449 445 442
449 448 452 455
449 445 442 439
450 453 457 456
450 446 443 440
451 454 458 461
451 447 444 441
452 455 459 462
452 448 449 445
453 457 456 460
453 450 446 443
454 458 461 464
454 451 447 444
455 459 462 465
455 452 448 449
456 460 463 466
456 457 453 450
457 456 460 463
457 453 450 446
458 461 464 467
458 454 451 447
459 462 465 468
459 455 452 448
460 463 466 469
460 456 457 453
461 464 467 470
461 458 454 451
462 465 468 471
462 459 455 452
463 466 469 472
463 460 456 457
464 467 470 473
464 461 458 454
465 468 471 474
465 462 459 455
466 469 472 475
466 463 460 456
467 470 473 476
467 464 461 458
468 471 474 477
468 465 462 459
469 472 475 478
469 466 463 460
470 473 476 479
470 467 464 461
471 474 477 481
471 468 465 462
472 475 478 482
472 469 466 463
473 476 479 483
473 470 467 464
474 477 481 480
474 471 468 465
475 478 482 485
475 472 469 466
476 479 483 486
476 473 470 467
477 481 480 484
477 474 471 468
478 482 485 488
478 475 472 469
479 483 486 489
479 476 473 470
480 484 487 490
480 481 477 474
481 480 484 487
481 477 474 471
482 485 488 491
482 478 475 472
483 486 489 492
483 479 476 473
484 487 490 493
484 480 481 477
485 488 491 494
485 482 478 475
486 489 492 495
486 483 479 476
487 490 493 496
487 484 480 481
488 491 494 497
488 485 482 478
489 492 495 498
489 486 483 479
490 493 496 499
490 487 484 480
491 494 497 500
491 488 485 482
492 495 498 501
492 489 486 483
493 496 499 502
493 490 487 484
494 497 500 503
494 491 488 485
495 498 501 504
495 492 489 486
496 499 502 505
496 493 490 487
497 500 503 506
497 494 491 488
498 501 504 507
498 495 492 489
499 502 505 508
499 496 493 490
500 503 506 509
500 497 494 491
501 504 507 510
501 498 495 492
502 505 508 511
502 499 496 493
503 506 509 512
503 500 497 494
504 507 510 513
504 501 498 495
505 508 511 514
505 502 499 496
506 509 512 515
506 503 500 497
507 510 513 516
507 504 501 498
508 511 514 517
508 505 502 499
509 512 515 518
509 506 503 500
510 513 516 519
510 507 504 501
511 514 517 520
511 508 505 502
512 515 518 521
512 509 506 503
513 516 519 522
513 510 507 504
514 517 520 523
514 511 508 505
515 518 521 524
515 512 509 506
516 519 522 525
516 513 510 507
517 520 523 526
517 514 511 508
518 521 524 527
518 515 512 509
519 522 525 528
519 516 513 510
520 523 526 529
520 517 514 511
521 524 527 530
521 518 515 512
522 525 528 531
522 519 516 513
523 526 529 532
523 520 517 514
524 527 530 533
524 521 518 515
525 528 531 534
525 522 519 516
526 529 532 535
526 523 520 517
527 530 533 536
527 524 521 518
528 531 534 537
528 525 522 519
529 532 535 538
529 526 523 520
530 533 536 539
530 527 524 521
531 534 537 540
531 528 525 522
532 535 538 541
532 529 526 523
533 536 539 542
533 530 527 524
534 537 540 543
534 531 528 525
535 538 541 544
535 532 529 526
536 539 542 545
536 533 530 527
537 540 543 546
537 534 531 528
538 541 544 547
538 535 532 529
539 542 545 548
539 536 533 530
540 543 546 549
540 537 534 531
541 544 547 550
541 538 535 532
542 545 548 551
542 539 536 533
543 546 549 552
543 540 537 534
544 547 550 553
544 541 538 535
545 548 551 554
545 542 539 536
546 549 552 555
546 543 540 537
547 550 553 556
547 544 541 538
548 551 554 557
548 545 542 539
549 552 555 558
549 546 543 540
550 553 556 559
550 547 544 541
551 554 557 560
551 548 545 542
552 555 558 561
552 549 546 543
553 556 559 562
553 550 547 544
554 557 560 563
554 551 548 545
555 558 561 564
555 552 549 546
556 559 562 565
556 553 550 547
557 560 563 566
557 554 551 548
558 561 564 567
558 555 552 549
559 562 565 568
559 556 553 550
560 563 566 569
560 557 554 551
561 564 567 570
561 558 555 552
562 565 568 571
562 559 556 553
563 566 569 572
563 560 557 554
564 567 570 573
564 561 558 555
565 568 571 574
565 562 559 556
566 569 572 575
566 563 560 557
567 570 573 576
567 564 561 558
568 571 574 577
568 565 562 559
569 572 575 578
569 566 563 560
570 573 576 579
570 567 564 561
571 574 577 580
571 568 565 562
572 575 578 581
572 569 566 563
573 576 579 582
573 570 567 564
574 577 580 583
574 571 568 565
575 578 581 584
575 572 569 566
576 579 582 585
576 573 570 567
577 580 583 586
577 574 571 568
578 581 584 587
578 575 572 569
579 582 585 588
579 576 573 570
580 583 586 589
580 577 574 571
581 584 587 590
581 578 575 572
582 585 588 591
582 579 576 573
583 586 589 592
583 580 577 574
584 587 590 593
584 581 578 575
585 588 591 594
585 582 579 576
586 589 592 595
586 583 580 577
587 590 593 596
587 584 581 578
588 591 594 597
588 585 582 579
589 592 595 598
589 586 583 580
590 593 596 600
590 587 584 581
591 594 597 601
591 588 585 582
592 595 598 602
592 589 586 583
593 596 600 604
593 590 587 584
594 597 601 605
594 591 588 585
595 598 602 606
595 592 589 586
596 600 604 607
596 593 590 587
597 601 605 608
597 594 591 588
598 602 606 609
598 595 592 589
599 603 610 614
600 604 607 611
600 596 593 590
601 605 608 612
601 597 594 591
602 606 609 613
602 598 595 592
603 610 614 618
604 607 611 615
604 600 596 593
605 608 612 616
605 601 597 594
606 609 613 617
606 602 598 595
607 611 615 619
607 604 600 596
608 612 616 620
608 605 601 597
609 613 617 621
609 606 602 598
610 614 618 622
610 603 599 -1
611 615 619 623
611 607 604 600
612 616 620 630
612 608 605 601
613 617 621 631
613 609 606 602
614 618 622 632
614 610 603 599
615 619 623 633
615 611 607 604
616 620 630 636
616 612 608 605
617 621 631 637
617 613 609 606
618 622 632 638
618 614 610 603
619 623 633 639
619 615 611 607
620 630 636 643
620 616 612 608
621 631 637 644
621 617 613 609
622 632 638 645
622 618 614 610
623 633 639 646
623 619 615 611
624 634 641 640
624 625 626 627
625 624 634 641
625 626 627 -1
626 625 624 634
626 627 628 -1
627 628 629 635
627 626 625 624
627 626 625 647
627 626 625 654
628 629 635 642
628 627 626 -1
629 635 642 648
629 628 627 -1
630 636 643 649
630 620 616 612
631 637 644 650
631 621 617 613
632 638 645 651
632 622 618 614
633 639 646 652
633 623 619 615
634 641 640 647
634 624 625 626
635 642 648 655
635 629 628 627
636 643 649 656
636 630 620 616
637 644 650 657
637 631 621 617
638 645 651 658
638 632 622 618
639 646 652 659
639 633 623 619
640 647 654 653
640 641 634 624
641 640 647 654
641 634 624 625
642 648 655 661
642 635 629 628
643 649 656 662
643 636 630 620
644 650 657 663
644 637 631 621
645 651 658 664
645 638 632 622
646 652 659 665
646 639 633 623
647 654 653 660
647 640 641 634
647 640 641 625
648 655 661 667
648 642 635 629
649 656 662 669
649 643 636 630
650 657 663 670
650 644 637 631
651 658 664 671
651 645 638 632
652 659 665 672
652 646 639 633
653 660 666 673
653 654 647 640
653 654 647 625
654 653 660 666
654 647 640 641
654 647 625 626
655 661 667 668
655 648 642 635
656 662 669 675
656 649 643 636
657 663 670 676
657 650 644 637
658 664 671 677
658 651 645 638
659 665 672 678
659 652 646 639
660 666 673 679
660 653 654 647
661 667 668 674
661 655 648 642
662 669 675 681
662 656 649 643
663 670 676 682
663 657 650 644
664 671 677 683
664 658 651 645
665 672 678 684
665 659 652 646
666 673 679 685
666 660 653 654
667 668 674 680
667 661 655 648
668 674 680 686
668 667 661 655
669 675 681 687
669 662 656 649
670 676 682 688
670 663 657 650
671 677 683 689
671 664 658 651
672 678 684 690
672 665 659 652
673 679 685 691
673 666 660 653
674 680 686 692
674 668 667 661
675 681 687 693
675 669 662 656
676 682 688 694
676 670 663 657
677 683 689 695
677 671 664 658
678 684 690 696
678 672 665 659
679 685 691 697
679 673 666 660
680 686 692 698
680 674 668 667
681 687 693 699
681 675 669 662
682 688 694 700
682 676 670 663
683 689 695 701
683 677 671 664
684 690 696 702
684 678 672 665
685 691 697 703
685 679 673 666
686 692 698 704
686 680 674 668
687 693 699 705
687 681 675 669
688 694 700 706
688 682 676 670
689 695 701 707
689 683 677 671
690 696 702 708
690 684 678 672
691 697 703 709
691 685 679 673
692 698 704 710
692 686 680 674
693 699 705 711
693 687 681 675
694 700 706 712
694 688 682 676
695 701 707 713
695 689 683 677
696 702 708 714
696 690 684 678
697 703 709 715
697 691 685 679
698 704 710 716
698 692 686 680
699 705 711 717
699 693 687 681
700 706 712 718
700 694 688 682
701 707 713 719
701 695 689 683
702 708 714 720
702 696 690 684
703 709 715 721
703 697 691 685
704 710 716 722
704 698 692 686
705 711 717 723
705 699 693 687
706 712 718 724
706 700 694 688
707 713 719 725
707 701 695 689
708 714 720 726
708 702 696 690
709 715 721 727
709 703 697 691
710 716 722 728
710 704 698 692
711 717 723 729
711 705 699 693
712 718 724 730
712 706 700 694
713 719 725 731
713 707 701 695
714 720 726 732
714 708 702 696
715 721 727 733
715 709 703 697
716 722 728 734
716 710 704 698
717 723 729 735
717 711 705 699
718 724 730 736
718 712 706 700
719 725 731 737
719 713 707 701
720 726 732 738
720 714 708 702
721 727 733 739
721 715 709 703
722 728 734 740
722 716 710 704
723 729 735 741
723 717 711 705
724 730 736 742
724 718 712 706
725 731 737 743
725 719 713 707
726 732 738 744
726 720 714 708
727 733 739 745
727 721 715 709
728 734 740 746
728 722 716 710
729 735 741 747
729 723 717 711
730 736 742 748
730 724 718 712
731 737 743 749
731 725 719 713
732 738 744 750
732 726 720 714
733 739 745 751
733 727 721 715
734 740 746 752
734 728 722 716
735 741 747 753
735 729 723 717
736 742 748 754
736 730 724 718
737 743 749 755
737 731 725 719
738 744 750 756
738 732 726 720
739 745 751 757
739 733 727 721
740 746 752 758
740 734 728 722
741 747 753 759
741 735 729 723
742 748 754 760
742 736 730 724
743 749 755 761
743 737 731 725
744 750 756 762
744 738 732 726
745 751 757 763
745 739 733 727
746 752 758 764
746 740 734 728
747 753 759 765
747 741 735 729
748 754 760 766
748 742 736 730
749 755 761 767
749 743 737 731
750 756 762 768
750 744 738 732
751 757 763 769
751 745 739 733
752 758 764 770
752 746 740 734
753 759 765 771
753 747 741 735
754 760 766 772
754 748 742 736
755 761 767 773
755 749 743 737
756 762 768 774
756 750 744 738
757 763 769 775
757 751 745 739
758 764 770 776
758 752 746 740
759 765 771 777
759 753 747 741
760 766 772 778
760 754 748 742
761 767 773 779
761 755 749 743
762 768 774 780
762 756 750 744
763 769 775 781
763 757 751 745
764 770 776 782
764 758 752 746
765 771 777 783
765 759 753 747
766 772 778 784
766 760 754 748
767 773 779 785
767 761 755 749
768 774 780 786
768 762 756 750
769 775 781 787
769 763 757 751
770 776 782 788
770 764 758 752
771 777 783 789
771 765 759 753
772 778 784 790
772 766 760 754
773 779 785 791
773 767 761 755
774 780 786 792
774 768 762 756
775 781 787 793
775 769 763 757
776 782 788 794
776 770 764 758
777 783 789 795
777 771 765 759
778 784 790 796
778 772 766 760
779 785 791 797
779 773 767 761
780 786 792 798
780 774 768 762
781 787 793 799
781 775 769 763
782 788 794 800
782 776 770 764
783 789 795 801
783 777 771 765
784 790 796 802
784 778 772 766
785 791 797 803
785 779 773 767
786 792 798 804
786 780 774 768
787 793 799 805
787 781 775 769
788 794 800 806
788 782 776 770
789 795 801 807
789 783 777 771
790 796 802 808
790 784 778 772
791 797 803 809
791 785 779 773
792 798 804 811
792 786 780 774
793 799 805 812
793 787 781 775
794 800 806 813
794 788 782 776
795 801 807 814
795 789 783 777
796 802 808 815
796 790 784 778
797 803 809 810
797 791 785 779
798 804 811 817
798 792 786 780
799 805 812 818
799 793 787 781
800 806 813 819
800 794 788 782
801 807 814 820
801 795 789 783
802 808 815 821
802 796 790 784
803 809 810 816
803 797 791 785
804 811 817 823
804 798 792 786
805 812 818 824
805 799 793 787
806 813 819 825
806 800 794 788
807 814 820 826
807 801 795 789
808 815 821 827
808 802 796 790
809 810 816 822
809 803 797 791
810 816 822 828
810 809 803 797
811 817 823 829
811 804 798 792
812 818 824 830
812 805 799 793
813 819 825 831
813 806 800 794
814 820 826 832
814 807 801 795
815 821 827 833
815 808 802 796
816 822 828 834
816 810 809 803
817 823 829 835
817 811 804 798
818 824 830 836
818 812 805 799
819 825 831 837
819 813 806 800
820 826 832 838
820 814 807 801
821 827 833 839
821 815 808 802
822 828 834 840
822 816 810 809
823 829 835 841
823 817 811 804
824 830 836 842
824 818 812 805
825 831 837 843
825 819 813 806
826 832 838 844
826 820 814 807
827 833 839 845
827 821 815 808
828 834 840 846
828 822 816 810
829 835 841 847
829 823 817 811
830 836 842 848
830 824 818 812
831 837 843 849
831 825 819 813
832 838 844 850
832 826 820 814
833 839 845 851
833 827 821 815
834 840 846 852
834 828 822 816
835 841 847 853
835 829 823 817
836 842 848 854
836 830 824 818
837 843 849 855
837 831 825 819
838 844 850 856
838 832 826 820
839 845 851 857
839 833 827 821
840 846 852 858
840 834 828 822
841 847 853 859
841 835 829 823
842 848 854 860
842 836 830 824
843 849 855 861
843 837 831 825
844 850 856 862
844 838 832 826
845 851 857 863
845 839 833 827
846 852 858 864
846 840 834 828
847 853 859 865
847 841 835 829
848 854 860 866
848 842 836 830
849 855 861 867
849 843 837 831
850 856 862 868
850 844 838 832
851 857 863 869
851 845 839 833
852 858 864 870
852 846 840 834
853 859 865 871
853 847 841 835
854 860 866 872
854 848 842 836
855 861 867 873
855 849 843 837
856 862 868 874
856 850 844 838
857 863 869 875
857 851 845 839
858 864 870 876
858 852 846 840
859 865 871 877
859 853 847 841
860 866 872 878
860 854 848 842
861 867 873 879
861 855 849 843
862 868 874 880
862 856 850 844
863 869 875 881
863 857 851 845
864 870 876 882
864 858 852 846
865 871 877 883
865 859 853 847
866 872 878 884
866 860 854 848
867 873 879 885
867 861 855 849
868 874 880 886
868 862 856 850
869 875 881 887
869 863 857 851
870 876 882 888
870 864 858 852
871 877 883 889
871 865 859 853
872 878 884 890
872 866 860 854
873 879 885 891
873 867 861 855
874 880 886 892
874 868 862 856
875 881 887 893
875 869 863 857
876 882 888 894
876 870 864 858
877 883 889 895
877 871 865 859
878 884 890 896
878 872 866 860
879 885 891 897
879 873 867 861
880 886 892 898
880 874 868 862
881 887 893 899
881 875 869 863
882 888 894 900
882 876 870 864
883 889 895 902
883 877 871 865
884 890 896 903
884 878 872 866
885 891 897 904
885 879 873 867
886 892 898 905
886 880 874 868
887 893 899 906
887 881 875 869
888 894 900 901
888 882 876 870
889 895 902 908
889 883 877 871
890 896 903 909
890 884 878 872
891 897 904 910
891 885 879 873
892 898 905 911
892 886 880 874
893 899 906 912
893 887 881 875
894 900 901 907
894 888 882 876
895 902 908 914
895 889 883 877
896 903 909 915
896 890 884 878
897 904 910 916
897 891 885 879
898 905 911 917
898 892 886 880
899 906 912 918
899 893 887 881
900 901 907 913
900 894 888 882
901 907 913 919
901 900 894 888
902 908 914 920
902 895 889 883
903 909 915 921
903 896 890 884
904 910 916 922
904 897 891 885
905 911 917 923
905 898 892 886
906 912 918 924
906 899 893 887
907 913 919 925
907 901 900 894
908 914 920 926
908 902 895 889
909 915 921 927
909 903 896 890
910 916 922 928
910 904 897 891
911 917 923 929
911 905 898 892
912 918 924 930
912 906 899 893
913 919 925 931
913 907 901 900
914 920 926 932
914 908 902 895
915 921 927 933
915 909 903 896
916 922 928 934
916 910 904 897
917 923 929 935
917 911 905 898
918 924 930 936
918 912 906 899
919 925 931 937
919 913 907 901
920 926 932 938
920 914 908 902
921 927 933 939
921 915 909 903
922 928 934 940
922 916 910 904
923 929 935 941
923 917 911 905
924 930 936 942
924 918 912 906
925 931 937 943
925 919 913 907
926 932 938 944
926 920 914 908
927 933 939 945
927 921 915 909
928 934 940 946
928 922 916 910
929 935 941 947
929 923 917 911
930 936 942 948
930 924 918 912
931 937 943 949
931 925 919 913
932 938 944 950
932 926 920 914
933 939 945 951
933 927 921 915
934 940 946 952
934 928 922 916
935 941 947 953
935 929 923 917
936 942 948 954
936 930 924 918
937 943 949 955
937 931 925 919
938 944 950 956
938 932 926 920
939 945 951 957
939 933 927 921
940 946 952 958
940 934 928 922
941 947 953 959
941 935 929 923
942 948 954 960
942 936 930 924
943 949 955 961
943 937 931 925
944 950 956 963
944 938 932 926
945 951 957 964
945 939 933 927
946 952 958 965
946 940 934 928
947 953 959 966
947 941 935 929
948 954 960 967
948 942 936 930
949 955 961 962
949 943 937 931
950 956 963 969
950 944 938 932
951 957 964 970
951 945 939 933
952 958 965 971
952 946 940 934
953 959 966 972
953 947 941 935
954 960 967 973
954 948 942 936
955 961 962 968
955 949 943 937
956 963 969 976
956 950 944 938
957 964 970 977
957 951 945 939
958 965 971 978
958 952 946 940
959 966 972 979
959 953 947 941
960 967 973 980
960 954 948 942
961 962 968 974
961 955 949 943
962 968 974 975
962 961 955 949
963 969 976 982
963 956 950 944
964 970 977 983
964 957 951 945
965 971 978 984
965 958 952 946
966 972 979 985
966 959 953 947
967 973 980 986
967 960 954 948
968 974 975 981
968 962 961 955
969 976 982 988
969 963 956 950
970 977 983 989
970 964 957 951
971 978 984 990
971 965 958 952
972 979 985 991
972 966 959 953
973 980 986 992
973 967 960 954
974 975 981 987
974 968 962 961
975 981 987 993
975 974 968 962
976 982 988 994
976 969 963 956
977 983 989 995
977 970 964 957
978 984 990 996
978 971 965 958
979 985 991 997
979 972 966 959
980 986 992 998
980 973 967 960
981 987 993 999
981 975 974 968
982 988 994 1000
982 976 969 963
983 989 995 1001
983 977 970 964
984 990 996 1002
984 978 971 965
985 991 997 1003
985 979 972 966
986 992 998 1004
986 980 973 967
987 993 999 1005
987 981 975 974
988 994 1000 1006
988 982 976 969
989 995 1001 1007
989 983 977 970
990 996 1002 1008
990 984 978 971
991 997 1003 1009
991 985 979 972
992 998 1004 1010
992 986 980 973
993 999 1005 1011
993 987 981 975
994 1000 1006 1012
994 988 982 976
995 1001 1007 1013
995 989 983 977
996 1002 1008 1014
996 990 984 978
997 1003 1009 1015
997 991 985 979
998 1004 1010 1016
998 992 986 980
999 1005 1011 1017
999 993 987 981
1000 1006 1012 1019
1000 994 988 982
1001 1007 1013 1020
1001 995 989 983
1002 1008 1014 1021
1002 996 990 984
1003 1009 1015 1022
1003 997 991 985
1004 1010 1016 1023
1004 998 992 986
1005 1011 1017 1018
1005 999 993 987
1006 1012 1019 1025
1006 1000 994 988
1007 1013 1020 1026
1007 1001 995 989
1008 1014 1021 1027
1008 1002 996 990
1009 1015 1022 1028
1009 1003 997 991
1010 1016 1023 1029
1010 1004 998 992
1011 1017 1018 1024
1011 1005 999 993
1012 1019 1025 1032
1012 1006 1000 994
1013 1020 1026 1033
1013 1007 1001 995
1014 1021 1027 1034
1014 1008 1002 996
1015 1022 1028 1035
1015 1009 1003 997
1016 1023 1029 1036
1016 1010 1004 998
1017 1018 1024 1030
1017 1011 1005 999
1018 1024 1030 1031
1018 1017 1011 1005
1019 1025 1032 1038
1019 1012 1006 1000
1020 1026 1033 1039
1020 1013 1007 1001
1021 1027 1034 1040
1021 1014 1008 1002
1022 1028 1035 1041
1022 1015 1009 1003
1023 1029 1036 1042
1023 1016 1010 1004
1024 1030 1031 1037
1024 1018 1017 1011
1025 1032 1038 1044
1025 1019 1012 1006
1026 1033 1039 1045
1026 1020 1013 1007
1027 1034 1040 1046
1027 1021 1014 1008
1028 1035 1041 1047
1028 1022 1015 1009
1029 1036 1042 1048
1029 1023 1016 1010
1030 1031 1037 1043
1030 1024 1018 1017
1031 1037 1043 1049
1031 1030 1024 1018
1032 1038 1044 1050
1032 1025 1019 1012
1033 1039 1045 1051
1033 1026 1020 1013
1034 1040 1046 1052
1034 1027 1021 1014
1035 1041 1047 1053
1035 1028 1022 1015
1036 1042 1048 1054
1036 1029 1023 1016
1037 1043 1049 1055
1037 1031 1030 1024
1038 1044 1050 1056
1038 1032 1025 1019
1039 1045 1051 1057
1039 1033 1026 1020
1040 1046 1052 1058
1040 1034 1027 1021
1041 1047 1053 1059
1041 1035 1028 1022
1042 1048 1054 1060
1042 1036 1029 1023
1043 1049 1055 1061
1043 1037 1031 1030
1044 1050 1056 1062
1044 1038 1032 1025
1045 1051 1057 1063
1045 1039 1033 1026
1046 1052 1058 1064
1046 1040 1034 1027
1047 1053 1059 1065
1047 1041 1035 1028
1048 1054 1060 1066
1048 1042 1036 1029
1049 1055 1061 1067
1049 1043 1037 1031
1050 1056 1062 1068
1050 1044 1038 1032
1051 1057 1063 1069
1051 1045 1039 1033
1052 1058 1064 1070
1052 1046 1040 1034
1053 1059 1065 1071
1053 1047 1041 1035
1054 1060 1066 1072
1054 1048 1042 1036
1055 1061 1067 1073
1055 1049 1043 1037
1056 1062 1068 1074
1056 1050 1044 1038
1057 1063 1069 1075
1057 1051 1045 1039
1058 1064 1070 1076
1058 1052 1046 1040
1059 1065 1071 1077
1059 1053 1047 1041
1060 1066 1072 1078
1060 1054 1048 1042
1061 1067 1073 1079
1061 1055 1049 1043
1062 1068 1074 1080
1062 1056 1050 1044
1063 1069 1075 1081
1063 1057 1051 1045
1064 1070 1076 1082
1064 1058 1052 1046
1065 1071 1077 1083
1065 1059 1053 1047
1066 1072 1078 1084
1066 1060 1054 1048
1067 1073 1079 1086
1067 1061 1055 1049
1068 1074 1080 1087
1068 1062 1056 1050
1069 1075 1081 1088
1069 1063 1057 1051
1070 1076 1082 1089
1070 1064 1058 1052
1071 1077 1083 1090
1071 1065 1059 1053
1072 1078 1084 1091
1072 1066 1060 1054
1073 1079 1086 1085
1073 1067 1061 1055
1074 1080 1087 1093
1074 1068 1062 1056
1075 1081 1088 1094
1075 1069 1063 1057
1076 1082 1089 1095
1076 1070 1064 1058
1077 1083 1090 1096
1077 1071 1065 1059
1078 1084 1091 1097
1078 1072 1066 1060
1079 1086 1085 1092
1079 1073 1067 1061
1080 1087 1093 1100
1080 1074 1068 1062
1081 1088 1094 1101
1081 1075 1069 1063
1082 1089 1095 1102
1082 1076 1070 1064
1083 1090 1096 1103
1083 1077 1071 1065
1084 1091 1097 1104
1084 1078 1072 1066
1085 1092 1099 1098
1085 1086 1079 1073
1086 1085 1092 1099
1086 1079 1073 1067
1087 1093 1100 1106
1087 1080 1074 1068
1088 1094 1101 1107
1088 1081 1075 1069
1089 1095 1102 1108
1089 1082 1076 1070
1090 1096 1103 1109
1090 1083 1077 1071
1091 1097 1104 1110
1091 1084 1078 1072
1092 1099 1098 1105
1092 1085 1086 1079
1093 1100 1106 1112
1093 1087 1080 1074
1094 1101 1107 1113
1094 1088 1081 1075
1095 1102 1108 1114
1095 1089 1082 1076
1096 1103 1109 1115
1096 1090 1083 1077
1097 1104 1110 1116
1097 1091 1084 1078
1098 1105 1111 1117
1098 1099 1092 1085
1099 1098 1105 1111
1099 1092 1085 1086
1100 1106 1112 1118
1100 1093 1087 1080
1101 1107 1113 1119
1101 1094 1088 1081
1102 1108 1114 1120
1102 1095 1089 1082
1103 1109 1115 1121
1103 1096 1090 1083
1104 1110 1116 1122
1104 1097 1091 1084
1105 1111 1117 1123
1105 1098 1099 1092
1106 1112 1118 1124
1106 1100 1093 1087
1107 1113 1119 1125
1107 1101 1094 1088
1108 1114 1120 1126
1108 1102 1095 1089
1109 1115 1121 1127
1109 1103 1096 1090
1110 1116 1122 1128
1110 1104 1097 1091
1111 1117 1123 1130
1111 1105 1098 1099
1112 1118 1124 1131
1112 1106 1100 1093
1113 1119 1125 1132
1113 1107 1101 1094
1114 1120 1126 1133
1114 1108 1102 1095
1115 1121 1127 1134
1115 1109 1103 1096
1116 1122 1128 1135
1116 1110 1104 1097
1117 1123 1130 1129
1117 1111 1105 1098
1118 1124 1131 1137
1118 1112 1106 1100
1119 1125 1132 1139
1119 1113 1107 1101
1120 1126 1133 1140
1120 1114 1108 1102
1121 1127 1134 1141
1121 1115 1109 1103
1122 1128 1135 1142
1122 1116 1110 1104
1123 1130 1129 1136
1123 1117 1111 1105
1124 1131 1137 1138
1124 1118 1112 1106
1125 1132 1139 1145
1125 1119 1113 1107
1126 1133 1140 1146
1126 1120 1114 1108
1127 1134 1141 1147
1127 1121 1115 1109
1128 1135 1142 1148
1128 1122 1116 1110
1129 1136 1143 1149
1129 1130 1123 1117
1130 1129 1136 1143
1130 1123 1117 1111
1131 1137 1138 1144
1131 1124 1118 1112
1132 1139 1145 1151
1132 1125 1119 1113
1133 1140 1146 1152
1133 1126 1120 1114
1134 1141 1147 1153
1134 1127 1121 1115
1135 1142 1148 1154
1135 1128 1122 1116
1136 1143 1149 1155
1136 1129 1130 1123
1137 1138 1144 1150
1137 1131 1124 1118
1138 1144 1150 1156
1138 1137 1131 1124
1139 1145 1151 1157
1139 1132 1125 1119
1140 1146 1152 1158
1140 1133 1126 1120
1141 1147 1153 1159
1141 1134 1127 1121
1142 1148 1154 1160
1142 1135 1128 1122
1143 1149 1155 1162
1143 1136 1129 1130
1144 1150 1156 1163
1144 1138 1137 1131
1145 1151 1157 1164
1145 1139 1132 1125
1146 1152 1158 1165
1146 1140 1133 1126
1147 1153 1159 1166
1147 1141 1134 1127
1148 1154 1160 1167
1148 1142 1135 1128
1149 1155 1162 1161
1149 1143 1136 1129
1150 1156 1163 1169
1150 1144 1138 1137
1151 1157 1164 1170
1151 1145 1139 1132
1152 1158 1165 1171
1152 1146 1140 1133
1153 1159 1166 1172
1153 1147 1141 1134
1154 1160 1167 1173
1154 1148 1142 1135
1155 1162 1161 1168
1155 1149 1143 1136
1156 1163 1169 1175
1156 1150 1144 1138
1157 1164 1170 1176
1157 1151 1145 1139
1158 1165 1171 1177
1158 1152 1146 1140
1159 1166 1172 1178
1159 1153 1147 1141
1160 1167 1173 1179
1160 1154 1148 1142
1161 1168 1174 1180
1161 1162 1155 1149
1162 1161 1168 1174
1162 1155 1149 1143
1163 1169 1175 1181
1163 1156 1150 1144
1164 1170 1176 1182
1164 1157 1151 1145
1165 1171 1177 1183
1165 1158 1152 1146
1166 1172 1178 1184
1166 1159 1153 1147
1167 1173 1179 1185
1167 1160 1154 1148
1168 1174 1180 1186
1168 1161 1162 1155
1169 1175 1181 1187
1169 1163 1156 1150
1170 1176 1182 1188
1170 1164 1157 1151
1171 1177 1183 1189
1171 1165 1158 1152
1172 1178 1184 1190
1172 1166 1159 1153
1173 1179 1185 1191
1173 1167 1160 1154
1174 1180 1186 1193
1174 1168 1161 1162
1175 1181 1187 1194
1175 1169 1163 1156
1176 1182 1188 1195
1176 1170 1164 1157
1177 1183 1189 1196
1177 1171 1165 1158
1178 1184 1190 1197
1178 1172 1166 1159
1179 1185 1191 1198
1179 1173 1167 1160
1180 1186 1193 1192
1180 1174 1168 1161
1181 1187 1194 1200
1181 1175 1169 1163
1182 1188 1195 1201
1182 1176 1170 1164
1183 1189 1196 1202
1183 1177 1171 1165
1184 1190 1197 1203
1184 1178 1172 1166
1185 1191 1198 1204
1185 1179 1173 1167
1186 1193 1192 1199
1186 1180 1174 1168
1187 1194 1200 1206
1187 1181 1175 1169
1188 1195 1201 1207
1188 1182 1176 1170
1189 1196 1202 1208
1189 1183 1177 1171
1190 1197 1203 1209
1190 1184 1178 1172
1191 1198 1204 1210
1191 1185 1179 1173
1192 1199 1205 1211
1192 1193 1186 1180
1193 1192 1199 1205
1193 1186 1180 1174
1194 1200 1206 1212
1194 1187 1181 1175
1195 1201 1207 1213
1195 1188 1182 1176
1196 1202 1208 1214
1196 1189 1183 1177
1197 1203 1209 1215
1197 1190 1184 1178
1198 1204 1210 1216
1198 1191 1185 1179
1199 1205 1211 1217
1199 1192 1193 1186
1200 1206 1212 1218
1200 1194 1187 1181
1201 1207 1213 1219
1201 1195 1188 1182
1202 1208 1214 1220
1202 1196 1189 1183
1203 1209 1215 1221
1203 1197 1190 1184
1204 1210 1216 1222
1204 1198 1191 1185
1205 1211 1217 1223
1205 1199 1192 1193
1206 1212 1218 1224
1206 1200 1194 1187
1207 1213 1219 1225
1207 1201 1195 1188
1208 1214 1220 1226
1208 1202 1196 1189
1209 1215 1221 1227
1209 1203 1197 1190
1210 1216 1222 1228
1210 1204 1198 1191
1211 1217 1223 1229
1211 1205 1199 1192
1212 1218 1224 1230
1212 1206 1200 1194
1213 1219 1225 1231
1213 1207 1201 1195
1214 1220 1226 1232
1214 1208 1202 1196
1215 1221 1227 1233
1215 1209 1203 1197
1216 1222 1228 1234
1216 1210 1204 1198
1217 1223 1229 1235
1217 1211 1205 1199
1218 1224 1230 1236
1218 1212 1206 1200
1219 1225 1231 1237
1219 1213 1207 1201
1220 1226 1232 1238
1220 1214 1208 1202
1221 1227 1233 1239
1221 1215 1209 1203
1222 1228 1234 1240
1222 1216 1210 1204
1223 1229 1235 1242
1223 1217 1211 1205
1224 1230 1236 1243
1224 1218 1212 1206
1225 1231 1237 1244
1225 1219 1213 1207
1226 1232 1238 1245
1226 1220 1214 1208
1227 1233 1239 1246
1227 1221 1215 1209
1228 1234 1240 1247
1228 1222 1216 1210
1229 1235 1242 1241
1229 1223 1217 1211
1230 1236 1243 1249
1230 1224 1218 1212
1231 1237 1244 1250
1231 1225 1219 1213
1232 1238 1245 1251
1232 1226 1220 1214
1233 1239 1246 1252
1233 1227 1221 1215
1234 1240 1247 1253
1234 1228 1222 1216
1235 1242 1241 1248
1235 1229 1223 1217
1236 1243 1249 1255
1236 1230 1224 1218
1237 1244 1250 1256
1237 1231 1225 1219
1238 1245 1251 1257
1238 1232 1226 1220
1239 1246 1252 1258
1239 1233 1227 1221
1240 1247 1253 1259
1240 1234 1228 1222
1241 1248 1254 1261
1241 1242 1235 1229
1242 1241 1248 1254
1242 1235 1229 1223
1243 1249 1255 1262
1243 1236 1230 1224
1244 1250 1256 1263
1244 1237 1231 1225
1245 1251 1257 1264
1245 1238 1232 1226
1246 1252 1258 1265
1246 1239 1233 1227
1247 1253 1259 1266
1247 1240 1234 1228
1248 1254 1261 1260
1248 1241 1242 1235
1249 1255 1262 1268
1249 1243 1236 1230
1250 1256 1263 1269
1250 1244 1237 1231
1251 1257 1264 1270
1251 1245 1238 1232
1252 1258 1265 1271
1252 1246 1239 1233
1253 1259 1266 1272
1253 1247 1240 1234
1254 1261 1260 1267
1254 1248 1241 1242
1255 1262 1268 1274
1255 1249 1243 1236
1256 1263 1269 1275
1256 1250 1244 1237
1257 1264 1270 1276
1257 1251 1245 1238
1258 1265 1271 1277
1258 1252 1246 1239
1259 1266 1272 1278
1259 1253 1247 1240
1260 1267 1273 1280
1260 1261 1254 1248
1261 1260 1267 1273
1261 1254 1248 1241
1262 1268 1274 1281
1262 1255 1249 1243
1263 1269 1275 1282
1263 1256 1250 1244
1264 1270 1276 1283
1264 1257 1251 1245
1265 1271 1277 1284
1265 1258 1252 1246
1266 1272 1278 1285
1266 1259 1253 1247
1267 1273 1280 1279
1267 1260 1261 1254
1268 1274 1281 1287
1268 1262 1255 1249
1269 1275 1282 1288
1269 1263 1256 1250
1270 1276 1283 1289
1270 1264 1257 1251
1271 1277 1284 1290
1271 1265 1258 1252
1272 1278 1285 1291
1272 1266 1259 1253
1273 1280 1279 1286
1273 1267 1260 1261
1274 1281 1287 1293
1274 1268 1262 1255
1275 1282 1288 1294
1275 1269 1263 1256
1276 1283 1289 1295
1276 1270 1264 1257
1277 1284 1290 1296
1277 1271 1265 1258
1278 1285 1291 1297
1278 1272 1266 1259
1279 1286 1292 1299
1279 1280 1273 1267
1280 1279 1286 1292
1280 1273 1267 1260
1281 1287 1293 1300
1281 1274 1268 1262
1282 1288 1294 1301
1282 1275 1269 1263
1283 1289 1295 1302
1283 1276 1270 1264
1284 1290 1296 1303
1284 1277 1271 1265
1285 1291 1297 1304
1285 1278 1272 1266
1286 1292 1299 1298
1286 1279 1280 1273
1287 1293 1300 1306
1287 1281 1274 1268
1288 1294 1301 1307
1288 1282 1275 1269
1289 1295 1302 1308
1289 1283 1276 1270
1290 1296 1303 1309
1290 1284 1277 1271
1291 1297 1304 1310
1291 1285 1278 1272
1292 1299 1298 1305
1292 1286 1279 1280
1293 1300 1306 1312
1293 1287 1281 1274
1294 1301 1307 1313
1294 1288 1282 1275
1295 1302 1308 1314
1295 1289 1283 1276
1296 1303 1309 1315
1296 1290 1284 1277
1297 1304 1310 1316
1297 1291 1285 1278
1298 1305 1311 1317
1298 1299 1292 1286
1299 1298 1305 1311
1299 1292 1286 1279
1300 1306 1312 1318
1300 1293 1287 1281
1301 1307 1313 1319
1301 1294 1288 1282
1302 1308 1314 1320
1302 1295 1289 1283
1303 1309 1315 1321
1303 1296 1290 1284
1304 1310 1316 1322
1304 1297 1291 1285
1305 1311 1317 1323
1305 1298 1299 1292
1306 1312 1318 1324
1306 1300 1293 1287
1307 1313 1319 1325
1307 1301 1294 1288
1308 1314 1320 1326
1308 1302 1295 1289
1309 1315 1321 1327
1309 1303 1296 1290
1310 1316 1322 1328
1310 1304 1297 1291
1311 1317 1323 1329
1311 1305 1298 1299
1312 1318 1324 1330
1312 1306 1300 1293
1313 1319 1325 1331
1313 1307 1301 1294
1314 1320 1326 1332
1314 1308 1302 1295
1315 1321 1327 1333
1315 1309 1303 1296
1316 1322 1328 1334
1316 1310 1304 1297
1317 1323 1329 1335
1317 1311 1305 1298
1318 1324 1330 1336
1318 1312 1306 1300
1319 1325 1331 1337
1319 1313 1307 1301
1320 1326 1332 1338
1320 1314 1308 1302
1321 1327 1333 1339
1321 1315 1309 1303
1322 1328 1334 1340
1322 1316 1310 1304
1323 1329 1335 1341
1323 1317 1311 1305
1324 1330 1336 1342
1324 1318 1312 1306
1325 1331 1337 1343
1325 1319 1313 1307
1326 1332 1338 1344
1326 1320 1314 1308
1327 1333 1339 1345
1327 1321 1315 1309
1328 1334 1340 1346
1328 1322 1316 1310
1329 1335 1341 1347
1329 1323 1317 1311
1330 1336 1342 1348
1330 1324 1318 1312
1331 1337 1343 1349
1331 1325 1319 1313
1332 1338 1344 1350
1332 1326 1320 1314
1333 1339 1345 1351
1333 1327 1321 1315
1334 1340 1346 1352
1334 1328 1322 1316
1335 1341 1347 1353
1335 1329 1323 1317
1336 1342 1348 1354
1336 1330 1324 1318
1337 1343 1349 1355
1337 1331 1325 1319
1338 1344 1350 1356
1338 1332 1326 1320
1339 1345 1351 1357
1339 1333 1327 1321
1340 1346 1352 1358
1340 1334 1328 1322
1341 1347 1353 1360
1341 1335 1329 1323
1342 1348 1354 1361
1342 1336 1330 1324
1343 1349 1355 1362
1343 1337 1331 1325
1344 1350 1356 1363
1344 1338 1332 1326
1345 1351 1357 1364
1345 1339 1333 1327
1346 1352 1358 1365
1346 1340 1334 1328
1347 1353 1360 1359
1347 1341 1335 1329
1348 1354 1361 1367
1348 1342 1336 1330
1349 1355 1362 1368
1349 1343 1337 1331
1350 1356 1363 1369
1350 1344 1338 1332
1351 1357 1364 1370
1351 1345 1339 1333
1352 1358 1365 1371
1352 1346 1340 1334
1353 1360 1359 1366
1353 1347 1341 1335
1354 1361 1367 1373
1354 1348 1342 1336
1355 1362 1368 1374
1355 1349 1343 1337
1356 1363 1369 1375
1356 1350 1344 1338
1357 1364 1370 1376
1357 1351 1345 1339
1358 1365 1371 1377
1358 1352 1346 1340
1359 1366 1372 1378
1359 1360 1353 1347
1360 1359 1366 1372
1360 1353 1347 1341
1361 1367 1373 1379
1361 1354 1348 1342
1362 1368 1374 1380
1362 1355 1349 1343
1363 1369 1375 1381
1363 1356 1350 1344
1364 1370 1376 1382
1364 1357 1351 1345
1365 1371 1377 1383
1365 1358 1352 1346
1366 1372 1378 1384
1366 1359 1360 1353
1367 1373 1379 1385
1367 1361 1354 1348
1368 1374 1380 1386
1368 1362 1355 1349
1369 1375 1381 1387
1369 1363 1356 1350
1370 1376 1382 1388
1370 1364 1357 1351
1371 1377 1383 1389
1371 1365 1358 1352
1372 1378 1384 1390
1372 1366 1359 1360
1373 1379 1385 1391
1373 1367 1361 1354
1374 1380 1386 1392
1374 1368 1362 1355
1375 1381 1387 1393
1375 1369 1363 1356
1376 1382 1388 1394
1376 1370 1364 1357
1377 1383 1389 1395
1377 1371 1365 1358
1378 1384 1390 1396
1378 1372 1366 1359
1379 1385 1391 1397
1379 1373 1367 1361
1380 1386 1392 1398
1380 1374 1368 1362
1381 1387 1393 1399
1381 1375 1369 1363
1382 1388 1394 1400
1382 1376 1370 1364
1383 1389 1395 1401
1383 1377 1371 1365
1384 1390 1396 1402
1384 1378 1372 1366
1385 1391 1397 1403
1385 1379 1373 1367
1386 1392 1398 1404
1386 1380 1374 1368
1387 1393 1399 1405
1387 1381 1375 1369
1388 1394 1400 1406
1388 1382 1376 1370
1389 1395 1401 1407
1389 1383 1377 1371
1390 1396 1402 1408
1390 1384 1378 1372
1391 1397 1403 1409
1391 1385 1379 1373
1392 1398 1404 1410
1392 1386 1380 1374
1393 1399 1405 1411
1393 1387 1381 1375
1394 1400 1406 1412
1394 1388 1382 1376
1395 1401 1407 1413
1395 1389 1383 1377
1396 1402 1408 1414
1396 1390 1384 1378
1397 1403 1409 1415
1397 1391 1385 1379
1398 1404 1410 1416
1398 1392 1386 1380
1399 1405 1411 1417
1399 1393 1387 1381
1400 1406 1412 1418
1400 1394 1388 1382
1401 1407 1413 1419
1401 1395 1389 1383
1402 1408 1414 1420
1402 1396 1390 1384
1403 1409 1415 1421
1403 1397 1391 1385
1404 1410 1416 1422
1404 1398 1392 1386
1405 1411 1417 1423
1405 1399 1393 1387
1406 1412 1418 1424
1406 1400 1394 1388
1407 1413 1419 1425
1407 1401 1395 1389
1408 1414 1420 1426
1408 1402 1396 1390
1409 1415 1421 1427
1409 1403 1397 1391
1410 1416 1422 1428
1410 1404 1398 1392
1411 1417 1423 1429
1411 1405 1399 1393
1412 1418 1424 1430
1412 1406 1400 1394
1413 1419 1425 1431
1413 1407 1401 1395
1414 1420 1426 1433
1414 1408 1402 1396
1415 1421 1427 1434
1415 1409 1403 1397
1416 1422 1428 1435
1416 1410 1404 1398
1417 1423 1429 1436
1417 1411 1405 1399
1418 1424 1430 1437
1418 1412 1406 1400
1419 1425 1431 1438
1419 1413 1407 1401
1420 1426 1433 1432
1420 1414 1408 1402
1421 1427 1434 1440
1421 1415 1409 1403
1422 1428 1435 1441
1422 1416 1410 1404
1423 1429 1436 1442
1423 1417 1411 1405
1424 1430 1437 1443
1424 1418 1412 1406
1425 1431 1438 1444
1425 1419 1413 1407
1426 1433 1432 1439
1426 1420 1414 1408
1427 1434 1440 1446
1427 1421 1415 1409
1428 1435 1441 1447
1428 1422 1416 1410
1429 1436 1442 1448
1429 1423 1417 1411
1430 1437 1443 1449
1430 1424 1418 1412
1431 1438 1444 1450
1431 1425 1419 1413
1432 1439 1445 1451
1432 1433 1426 1420
1433 1432 1439 1445
1433 1426 1420 1414
1434 1440 1446 1452
1434 1427 1421 1415
1435 1441 1447 1453
1435 1428 1422 1416
1436 1442 1448 1454
1436 1429 1423 1417
1437 1443 1449 1455
1437 1430 1424 1418
1438 1444 1450 1456
1438 1431 1425 1419
1439 1445 1451 1458
1439 1432 1433 1426
1440 1446 1452 1459
1440 1434 1427 1421
1441 1447 1453 1460
1441 1435 1428 1422
1442 1448 1454 1461
1442 1436 1429 1423
1443 1449 1455 1462
1443 1437 1430 1424
1444 1450 1456 1463
1444 1438 1431 1425
1445 1451 1458 1457
1445 1439 1432 1433
1446 1452 1459 1465
1446 1440 1434 1427
1447 1453 1460 1466
1447 1441 1435 1428
1448 1454 1461 1467
1448 1442 1436 1429
1449 1455 1462 1468
1449 1443 1437 1430
1450 1456 1463 1469
1450 1444 1438 1431
1451 1458 1457 1464
1451 1445 1439 1432
1452 1459 1465 1471
1452 1446 1440 1434
1453 1460 1466 1472
1453 1447 1441 1435
1454 1461 1467 1473
1454 1448 1442 1436
1455 1462 1468 1474
1455 1449 1443 1437
1456 1463 1469 1475
1456 1450 1444 1438
1457 1464 1470 1476
1457 1458 1451 1445
1458 1457 1464 1470
1458 1451 1445 1439
1459 1465 1471 1477
1459 1452 1446 1440
1460 1466 1472 1478
1460 1453 1447 1441
1461 1467 1473 1479
1461 1454 1448 1442
1462 1468 1474 1480
1462 1455 1449 1443
1463 1469 1475 1481
1463 1456 1450 1444
1464 1470 1476 1482
1464 1457 1458 1451
1465 1471 1477 1483
1465 1459 1452 1446
1466 1472 1478 1484
1466 1460 1453 1447
1467 1473 1479 1485
1467 1461 1454 1448
1468 1474 1480 1486
1468 1462 1455 1449
1469 1475 1481 1487
1469 1463 1456 1450
1470 1476 1482 1488
1470 1464 1457 1458
1471 1477 1483 1489
1471 1465 1459 1452
1472 1478 1484 1490
1472 1466 1460 1453
1473 1479 1485 1491
1473 1467 1461 1454
1474 1480 1486 1492
1474 1468 1462 1455
1475 1481 1487 1493
1475 1469 1463 1456
1476 1482 1488 1494
1476 1470 1464 1457
1477 1483 1489 1495
1477 1471 1465 1459
1478 1484 1490 1496
1478 1472 1466 1460
1479 1485 1491 1497
1479 1473 1467 1461
1480 1486 1492 1498
1480 1474 1468 1462
1481 1487 1493 1499
1481 1475 1469 1463
1482 1488 1494 1500
1482 1476 1470 1464
1483 1489 1495 1501
1483 1477 1471 1465
1484 1490 1496 1502
1484 1478 1472 1466
1485 1491 1497 1503
1485 1479 1473 1467
1486 1492 1498 1504
1486 1480 1474 1468
1487 1493 1499 1505
1487 1481 1475 1469
1488 1494 1500 1506
1488 1482 1476 1470
1489 1495 1501 1507
1489 1483 1477 1471
1490 1496 1502 1508
1490 1484 1478 1472
1491 1497 1503 1509
1491 1485 1479 1473
1492 1498 1504 1510
1492 1486 1480 1474
1493 1499 1505 1511
1493 1487 1481 1475
1494 1500 1506 1512
1494 1488 1482 1476
1495 1501 1507 1513
1495 1489 1483 1477
1496 1502 1508 1514
1496 1490 1484 1478
1497 1503 1509 1515
1497 1491 1485 1479
1498 1504 1510 1516
1498 1492 1486 1480
1499 1505 1511 1517
1499 1493 1487 1481
1500 1506 1512 1518
1500 1494 1488 1482
1501 1507 1513 1519
1501 1495 1489 1483
1502 1508 1514 1520
1502 1496 1490 1484
1503 1509 1515 1521
1503 1497 1491 1485
1504 1510 1516 1522
1504 1498 1492 1486
1505 1511 1517 1523
1505 1499 1493 1487
1506 1512 1518 1524
1506 1500 1494 1488
1507 1513 1519 1525
1507 1501 1495 1489
1508 1514 1520 1526
1508 1502 1496 1490
1509 1515 1521 1527
1509 1503 1497 1491
1510 1516 1522 1528
1510 1504 1498 1492
1511 1517 1523 1529
1511 1505 1499 1493
1512 1518 1524 1530
1512 1506 1500 1494
1513 1519 1525 1531
1513 1507 1501 1495
1514 1520 1526 1532
1514 1508 1502 1496
1515 1521 1527 1533
1515 1509 1503 1497
1516 1522 1528 1534
1516 1510 1504 1498
1517 1523 1529 1535
1517 1511 1505 1499
1518 1524 1530 1536
1518 1512 1506 1500
1519 1525 1531 1537
1519 1513 1507 1501
1520 1526 1532 1538
1520 1514 1508 1502
1521 1527 1533 1539
1521 1515 1509 1503
1522 1528 1534 1540
1522 1516 1510 1504
1523 1529 1535 1541
1523 1517 1511 1505
1524 1530 1536 1542
1524 1518 1512 1506
1525 1531 1537 1543
1525 1519 1513 1507
1526 1532 1538 1544
1526 1520 1514 1508
1527 1533 1539 1545
1527 1521 1515 1509
1528 1534 1540 1546
1528 1522 1516 1510
1529 1535 1541 1547
1529 1523 1517 1511
1530 1536 1542 1548
1530 1524 1518 1512
1531 1537 1543 1549
1531 1525 1519 1513
1532 1538 1544 1550
1532 1526 1520 1514
1533 1539 1545 1551
1533 1527 1521 1515
1534 1540 1546 1552
1534 1528 1522 1516
1535 1541 1547 1553
1535 1529 1523 1517
1536 1542 1548 1554
1536 1530 1524 1518
1537 1543 1549 1555
1537 1531 1525 1519
1538 1544 1550 1556
1538 1532 1526 1520
1539 1545 1551 1557
1539 1533 1527 1521
1540 1546 1552 1558
1540 1534 1528 1522
1541 1547 1553 1559
1541 1535 1529 1523
1542 1548 1554 1560
1542 1536 1530 1524
1543 1549 1555 1561
1543 1537 1531 1525
1544 1550 1556 1562
1544 1538 1532 1526
1545 1551 1557 1563
1545 1539 1533 1527
1546 1552 1558 1564
1546 1540 1534 1528
1547 1553 1559 1565
1547 1541 1535 1529
1548 1554 1560 1566
1548 1542 1536 1530
1549 1555 1561 1567
1549 1543 1537 1531
1550 1556 1562 1568
1550 1544 1538 1532
1551 1557 1563 1569
1551 1545 1539 1533
1552 1558 1564 1570
1552 1546 1540 1534
1553 1559 1565 1571
1553 1547 1541 1535
1554 1560 1566 1572
1554 1548 1542 1536
1555 1561 1567 1573
1555 1549 1543 1537
1556 1562 1568 1574
1556 1550 1544 1538
1557 1563 1569 1575
1557 1551 1545 1539
1558 1564 1570 1576
1558 1552 1546 1540
1559 1565 1571 1577
1559 1553 1547 1541
1560 1566 1572 1578
1560 1554 1548 1542
1561 1567 1573 1579
1561 1555 1549 1543
1562 1568 1574 1580
1562 1556 1550 1544
1563 1569 1575 1581
1563 1557 1551 1545
1564 1570 1576 1582
1564 1558 1552 1546
1565 1571 1577 1583
1565 1559 1553 1547
1566 1572 1578 1584
1566 1560 1554 1548
1567 1573 1579 1585
1567 1561 1555 1549
1568 1574 1580 1586
1568 1562 1556 1550
1569 1575 1581 1587
1569 1563 1557 1551
1570 1576 1582 1588
1570 1564 1558 1552
1571 1577 1583 1589
1571 1565 1559 1553
1572 1578 1584 1590
1572 1566 1560 1554
1573 1579 1585 1591
1573 1567 1561 1555
1574 1580 1586 1592
1574 1568 1562 1556
1575 1581 1587 1593
1575 1569 1563 1557
1576 1582 1588 1594
1576 1570 1564 1558
1577 1583 1589 1595
1577 1571 1565 1559
1578 1584 1590 1596
1578 1572 1566 1560
1579 1585 1591 1597
1579 1573 1567 1561
1580 1586 1592 1598
1580 1574 1568 1562
1581 1587 1593 1599
1581 1575 1569 1563
1582 1588 1594 1600
1582 1576 1570 1564
1583 1589 1595 1601
1583 1577 1571 1565
1584 1590 1596 1602
1584 1578 1572 1566
1585 1591 1597 1603
1585 1579 1573 1567
1586 1592 1598 1604
1586 1580 1574 1568
1587 1593 1599 1605
1587 1581 1575 1569
1588 1594 1600 1606
1588 1582 1576 1570
1589 1595 1601 1607
1589 1583 1577 1571
1590 1596 1602 1608
1590 1584 1578 1572
1591 1597 1603 1609
1591 1585 1579 1573
1592 1598 1604 1610
1592 1586 1580 1574
1593 1599 1605 1611
1593 1587 1581 1575
1594 1600 1606 1612
1594 1588 1582 1576
1595 1601 1607 1613
1595 1589 1583 1577
1596 1602 1608 1614
1596 1590 1584 1578
1597 1603 1609 1615
1597 1591 1585 1579
1598 1604 1610 1616
1598 1592 1586 1580
1599 1605 1611 1617
1599 1593 1587 1581
1600 1606 1612 1618
1600 1594 1588 1582
1601 1607 1613 1619
1601 1595 1589 1583
1602 1608 1614 1620
1602 1596 1590 1584
1603 1609 1615 1621
1603 1597 1591 1585
1604 1610 1616 1622
1604 1598 1592 1586
1605 1611 1617 1623
1605 1599 1593 1587
1606 1612 1618 1624
1606 1600 1594 1588
1607 1613 1619 1625
1607 1601 1595 1589
1608 1614 1620 1626
1608 1602 1596 1590
1609 1615 1621 1627
1609 1603 1597 1591
1610 1616 1622 1628
1610 1604 1598 1592
1611 1617 1623 1629
1611 1605 1599 1593
1612 1618 1624 1630
1612 1606 1600 1594
1613 1619 1625 1631
1613 1607 1601 1595
1614 1620 1626 1632
1614 1608 1602 1596
1615 1621 1627 1633
1615 1609 1603 1597
1616 1622 1628 1634
1616 1610 1604 1598
1617 1623 1629 1635
1617 1611 1605 1599
1618 1624 1630 1636
1618 1612 1606 1600
1619 1625 1631 1637
1619 1613 1607 1601
1620 1626 1632 1638
1620 1614 1608 1602
1621 1627 1633 1639
1621 1615 1609 1603
1622 1628 1634 1640
1622 1616 1610 1604
1623 1629 1635 1641
1623 1617 1611 1605
1624 1630 1636 1642
1624 1618 1612 1606
1625 1631 1637 1643
1625 1619 1613 1607
1626 1632 1638 1644
1626 1620 1614 1608
1627 1633 1639 1645
1627 1621 1615 1609
1628 1634 1640 1646
1628 1622 1616 1610
1629 1635 1641 1647
1629 1623 1617 1611
1630 1636 1642 1648
1630 1624 1618 1612
1631 1637 1643 1649
1631 1625 1619 1613
1632 1638 1644 1650
1632 1626 1620 1614
1633 1639 1645 1651
1633 1627 1621 1615
1634 1640 1646 1652
1634 1628 1622 1616
1635 1641 1647 1653
1635 1629 1623 1617
1636 1642 1648 1654
1636 1630 1624 1618
1637 1643 1649 1655
1637 1631 1625 1619
1638 1644 1650 -1
1638 1632 1626 1620
1639 1645 1651 1656
1639 1633 1627 1621
1640 1646 1652 1657
1640 1634 1628 1622
1641 1647 1653 1658
1641 1635 1629 1623
1642 1648 1654 1659
1642 1636 1630 1624
1643 1649 1655 1660
1643 1637 1631 1625
1644 1638 1632 1626
1645 1651 1656 1661
1645 1639 1633 1627
1646 1652 1657 1662
1646 1640 1634 1628
1647 1653 1658 1663
1647 1641 1635 1629
1648 1654 1659 1664
1648 1642 1636 1630
1649 1655 1660 1665
1649 1643 1637 1631
1650 1644 1638 1632
1651 1656 1661 1666
1651 1645 1639 1633
1652 1657 1662 1667
1652 1646 1640 1634
1653 1658 1663 1668
1653 1647 1641 1635
1654 1659 1664 1669
1654 1648 1642 1636
1655 1660 1665 1670
1655 1649 1643 1637
1656 1661 1666 1671
1656 1651 1645 1639
1657 1662 1667 1672
1657 1652 1646 1640
1658 1663 1668 1673
1658 1653 1647 1641
1659 1664 1669 1674
1659 1654 1648 1642
1660 1665 1670 1675
1660 1655 1649 1643
1661 1666 1671 1676
1661 1656 1651 1645
1662 1667 1672 1677
1662 1657 1652 1646
1663 1668 1673 1678
1663 1658 1653 1647
1664 1669 1674 1679
1664 1659 1654 1648
1665 1670 1675 1680
1665 1660 1655 1649
1666 1671 1676 1681
1666 1661 1656 1651
1667 1672 1677 1682
1667 1662 1657 1652
1668 1673 1678 1683
1668 1663 1658 1653
1669 1674 1679 1684
1669 1664 1659 1654
1670 1675 1680 1685
1670 1665 1660 1655
1671 1676 1681 1686
1671 1666 1661 1656
1672 1677 1682 1687
1672 1667 1662 1657
1673 1678 1683 1688
1673 1668 1663 1658
1674 1679 1684 1689
1674 1669 1664 1659
1675 1680 1685 1690
1675 1670 1665 1660
1676 1681 1686 1691
1676 1671 1666 1661
1677 1682 1687 1692
1677 1672 1667 1662
1678 1683 1688 1693
1678 1673 1668 1663
1679 1684 1689 1694
1679 1674 1669 1664
1680 1685 1690 1695
1680 1675 1670 1665
1681 1686 1691 1696
1681 1676 1671 1666
1682 1687 1692 1697
1682 1677 1672 1667
1683 1688 1693 1698
1683 1678 1673 1668
1684 1689 1694 1699
1684 1679 1674 1669
1685 1690 1695 1700
1685 1680 1675 1670
1686 1691 1696 1701
1686 1681 1676 1671
1687 1692 1697 1702
1687 1682 1677 1672
1688 1693 1698 1703
1688 1683 1678 1673
1689 1694 1699 1704
1689 1684 1679 1674
1690 1695 1700 1705
1690 1685 1680 1675
1691 1696 1701 1706
1691 1686 1681 1676
1692 1697 1702 1707
1692 1687 1682 1677
1693 1698 1703 1708
1693 1688 1683 1678
1694 1699 1704 1709
1694 1689 1684 1679
1695 1700 1705 1710
1695 1690 1685 1680
1696 1701 1706 1711
1696 1691 1686 1681
1697 1702 1707 1712
1697 1692 1687 1682
1698 1703 1708 1713
1698 1693 1688 1683
1699 1704 1709 1714
1699 1694 1689 1684
1700 1705 1710 1715
1700 1695 1690 1685
1701 1706 1711 1716
1701 1696 1691 1686
1702 1707 1712 1717
1702 1697 1692 1687
1703 1708 1713 1718
1703 1698 1693 1688
1704 1709 1714 1719
1704 1699 1694 1689
1705 1710 1715 1720
1705 1700 1695 1690
1706 1711 1716 1721
1706 1701 1696 1691
1707 1712 1717 1722
1707 1702 1697 1692
1708 1713 1718 1723
1708 1703 1698 1693
1709 1714 1719 1724
1709 1704 1699 1694
1710 1715 1720 1725
1710 1705 1700 1695
1711 1716 1721 1726
1711 1706 1701 1696
1712 1717 1722 1727
1712 1707 1702 1697
1713 1718 1723 1728
1713 1708 1703 1698
1714 1719 1724 1729
1714 1709 1704 1699
1715 1720 1725 1730
1715 1710 1705 1700
1716 1721 1726 1731
1716 1711 1706 1701
1717 1722 1727 1732
1717 1712 1707 1702
1718 1723 1728 1733
1718 1713 1708 1703
1719 1724 1729 1734
1719 1714 1709 1704
1720 1725 1730 1735
1720 1715 1710 1705
1721 1726 1731 1736
1721 1716 1711 1706
1722 1727 1732 1737
1722 1717 1712 1707
1723 1728 1733 1738
1723 1718 1713 1708
1724 1729 1734 1739
1724 1719 1714 1709
1725 1730 1735 1740
1725 1720 1715 1710
1726 1731 1736 1741
1726 1721 1716 1711
1727 1732 1737 1742
1727 1722 1717 1712
1728 1733 1738 1743
1728 1723 1718 1713
1729 1734 1739 1744
1729 1724 1719 1714
1730 1735 1740 1745
1730 1725 1720 1715
1731 1736 1741 1746
1731 1726 1721 1716
1732 1737 1742 1747
1732 1727 1722 1717
1733 1738 1743 1748
1733 1728 1723 1718
1734 1739 1744 1749
1734 1729 1724 1719
1735 1740 1745 1750
1735 1730 1725 1720
1736 1741 1746 1751
1736 1731 1726 1721
1737 1742 1747 1752
1737 1732 1727 1722
1738 1743 1748 1753
1738 1733 1728 1723
1739 1744 1749 1754
1739 1734 1729 1724
1740 1745 1750 1755
1740 1735 1730 1725
1741 1746 1751 1756
1741 1736 1731 1726
1742 1747 1752 1757
1742 1737 1732 1727
1743 1748 1753 1758
1743 1738 1733 1728
1744 1749 1754 1759
1744 1739 1734 1729
1745 1750 1755 1760
1745 1740 1735 1730
1746 1751 1756 1761
1746 1741 1736 1731
1747 1752 1757 1762
1747 1742 1737 1732
1748 1753 1758 1763
1748 1743 1738 1733
1749 1754 1759 1764
1749 1744 1739 1734
1750 1755 1760 1765
1750 1745 1740 1735
1751 1756 1761 1766
1751 1746 1741 1736
1752 1757 1762 1767
1752 1747 1742 1737
1753 1758 1763 1768
1753 1748 1743 1738
1754 1759 1764 1769
1754 1749 1744 1739
1755 1760 1765 1770
1755 1750 1745 1740
1756 1761 1766 1771
1756 1751 1746 1741
1757 1762 1767 1772
1757 1752 1747 1742
1758 1763 1768 1773
1758 1753 1748 1743
1759 1764 1769 1774
1759 1754 1749 1744
1760 1765 1770 1775
1760 1755 1750 1745
1761 1766 1771 1776
1761 1756 1751 1746
1762 1767 1772 1777
1762 1757 1752 1747
1763 1768 1773 1778
1763 1758 1753 1748
1764 1769 1774 1779
1764 1759 1754 1749
1765 1770 1775 1780
1765 1760 1755 1750
1766 1771 1776 1781
1766 1761 1756 1751
1767 1772 1777 1782
1767 1762 1757 1752
1768 1773 1778 1784
1768 1763 1758 1753
1769 1774 1779 1785
1769 1764 1759 1754
1770 1775 1780 1786
1770 1765 1760 1755
1771 1776 1781 1787
1771 1766 1761 1756
1772 1777 1782 1783
1772 1767 1762 1757
1773 1778 1784 1789
1773 1768 1763 1758
1774 1779 1785 1790
1774 1769 1764 1759
1775 1780 1786 1791
1775 1770 1765 1760
1776 1781 1787 1792
1776 1771 1766 1761
1777 1782 1783 1788
1777 1772 1767 1762
1778 1784 1789 1794
1778 1773 1768 1763
1779 1785 1790 1795
1779 1774 1769 1764
1780 1786 1791 1796
1780 1775 1770 1765
1781 1787 1792 1797
1781 1776 1771 1766
1782 1783 1788 1793
1782 1777 1772 1767
1783 1788 1793 1798
1783 1782 1777 1772
1784 1789 1794 1799
1784 1778 1773 1768
1785 1790 1795 1800
1785 1779 1774 1769
1786 1791 1796 1801
1786 1780 1775 1770
1787 1792 1797 1802
1787 1781 1776 1771
1788 1793 1798 1803
1788 1783 1782 1777
1789 1794 1799 1804
1789 1784 1778 1773
1790 1795 1800 1805
1790 1785 1779 1774
1791 1796 1801 1806
1791 1786 1780 1775
1792 1797 1802 1807
1792 1787 1781 1776
1793 1798 1803 1808
1793 1788 1783 1782
1794 1799 1804 1809
1794 1789 1784 1778
1795 1800 1805 1810
1795 1790 1785 1779
1796 1801 1806 1811
1796 1791 1786 1780
1797 1802 1807 1812
1797 1792 1787 1781
1798 1803 1808 1813
1798 1793 1788 1783
1799 1804 1809 1814
1799 1794 1789 1784
1800 1805 1810 1815
1800 1795 1790 1785
1801 1806 1811 1816
1801 1796 1791 1786
1802 1807 1812 1817
1802 1797 1792 1787
1803 1808 1813 1818
1803 1798 1793 1788
1804 1809 1814 1819
1804 1799 1794 1789
1805 1810 1815 1820
1805 1800 1795 1790
1806 1811 1816 1821
1806 1801 1796 1791
1807 1812 1817 1822
1807 1802 1797 1792
1808 1813 1818 1823
1808 1803 1798 1793
1809 1814 1819 1824
1809 1804 1799 1794
1810 1815 1820 1825
1810 1805 1800 1795
1811 1816 1821 1826
1811 1806 1801 1796
1812 1817 1822 1827
1812 1807 1802 1797
1813 1818 1823 1828
1813 1808 1803 1798
1814 1819 1824 1829
1814 1809 1804 1799
1815 1820 1825 1830
1815 1810 1805 1800
1816 1821 1826 1831
1816 1811 1806 1801
1817 1822 1827 1832
1817 1812 1807 1802
1818 1823 1828 1833
1818 1813 1808 1803
1819 1824 1829 1834
1819 1814 1809 1804
1820 1825 1830 1835
1820 1815 1810 1805
1821 1826 1831 1836
1821 1816 1811 1806
1822 1827 1832 1837
1822 1817 1812 1807
1823 1828 1833 1838
1823 1818 1813 1808
1824 1829 1834 1839
1824 1819 1814 1809
1825 1830 1835 1840
1825 1820 1815 1810
1826 1831 1836 1841
1826 1821 1816 1811
1827 1832 1837 1842
1827 1822 1817 1812
1828 1833 1838 1843
1828 1823 1818 1813
1829 1834 1839 1844
1829 1824 1819 1814
1830 1835 1840 1845
1830 1825 1820 1815
1831 1836 1841 1846
1831 1826 1821 1816
1832 1837 1842 1847
1832 1827 1822 1817
1833 1838 1843 1848
1833 1828 1823 1818
1834 1839 1844 1849
1834 1829 1824 1819
1835 1840 1845 1850
1835 1830 1825 1820
1836 1841 1846 1851
1836 1831 1826 1821
1837 1842 1847 1852
1837 1832 1827 1822
1838 1843 1848 1853
1838 1833 1828 1823
1839 1844 1849 1854
1839 1834 1829 1824
1840 1845 1850 1855
1840 1835 1830 1825
1841 1846 1851 1856
1841 1836 1831 1826
1842 1847 1852 1857
1842 1837 1832 1827
1843 1848 1853 1858
1843 1838 1833 1828
1844 1849 1854 1859
1844 1839 1834 1829
1845 1850 1855 1860
1845 1840 1835 1830
1846 1851 1856 1861
1846 1841 1836 1831
1847 1852 1857 1862
1847 1842 1837 1832
1848 1853 1858 1863
1848 1843 1838 1833
1849 1854 1859 1864
1849 1844 1839 1834
1850 1855 1860 1865
1850 1845 1840 1835
1851 1856 1861 1866
1851 1846 1841 1836
1852 1857 1862 1867
1852 1847 1842 1837
1853 1858 1863 1868
1853 1848 1843 1838
1854 1859 1864 1869
1854 1849 1844 1839
1855 1860 1865 1871
1855 1850 1845 1840
1856 1861 1866 1872
1856 1851 1846 1841
1857 1862 1867 1873
1857 1852 1847 1842
1858 1863 1868 1874
1858 1853 1848 1843
1859 1864 1869 1876
1859 1854 1849 1844
1860 1865 1871 1870
1860 1855 1850 1845
1861 1866 1872 1878
1861 1856 1851 1846
1862 1867 1873 1879
1862 1857 1852 1847
1863 1868 1874 1880
1863 1858 1853 1848
1864 1869 1876 1875
1864 1859 1854 1849
1865 1871 1870 1877
1865 1860 1855 1850
1866 1872 1878 1883
1866 1861 1856 1851
1867 1873 1879 1884
1867 1862 1857 1852
1868 1874 1880 1885
1868 1863 1858 1853
1869 1876 1875 1881
1869 1864 1859 1854
1870 1877 1882 1887
1870 1871 1865 1860
1871 1870 1877 1882
1871 1865 1860 1855
1872 1878 1883 1888
1872 1866 1861 1856
1873 1879 1884 1889
1873 1867 1862 1857
1874 1880 1885 1890
1874 1868 1863 1858
1875 1881 1886 1891
1875 1876 1869 1864
1876 1875 1881 1886
1876 1869 1864 1859
1877 1882 1887 1892
1877 1870 1871 1865
1878 1883 1888 1893
1878 1872 1866 1861
1879 1884 1889 1894
1879 1873 1867 1862
1880 1885 1890 1895
1880 1874 1868 1863
1881 1886 1891 1896
1881 1875 1876 1869
1882 1887 1892 1897
1882 1877 1870 1871
1883 1888 1893 1898
1883 1878 1872 1866
1884 1889 1894 1899
1884 1879 1873 1867
1885 1890 1895 1900
1885 1880 1874 1868
1886 1891 1896 1901
1886 1881 1875 1876
1887 1892 1897 1902
1887 1882 1877 1870
1888 1893 1898 1903
1888 1883 1878 1872
1889 1894 1899 1904
1889 1884 1879 1873
1890 1895 1900 1905
1890 1885 1880 1874
1891 1896 1901 1906
1891 1886 1881 1875
1892 1897 1902 1907
1892 1887 1882 1877
1893 1898 1903 1908
1893 1888 1883 1878
1894 1899 1904 1909
1894 1889 1884 1879
1895 1900 1905 1910
1895 1890 1885 1880
1896 1901 1906 1911
1896 1891 1886 1881
1897 1902 1907 1912
1897 1892 1887 1882
1898 1903 1908 1913
1898 1893 1888 1883
1899 1904 1909 1914
1899 1894 1889 1884
1900 1905 1910 1915
1900 1895 1890 1885
1901 1906 1911 1916
1901 1896 1891 1886
1902 1907 1912 1917
1902 1897 1892 1887
1903 1908 1913 1918
1903 1898 1893 1888
1904 1909 1914 1919
1904 1899 1894 1889
1905 1910 1915 1920
1905 1900 1895 1890
1906 1911 1916 1921
1906 1901 1896 1891
1907 1912 1917 1922
1907 1902 1897 1892
1908 1913 1918 1923
1908 1903 1898 1893
1909 1914 1919 1924
1909 1904 1899 1894
1910 1915 1920 1925
1910 1905 1900 1895
1911 1916 1921 1926
1911 1906 1901 1896
1912 1917 1922 1927
1912 1907 1902 1897
1913 1918 1923 1928
1913 1908 1903 1898
1914 1919 1924 1929
1914 1909 1904 1899
1915 1920 1925 1930
1915 1910 1905 1900
1916 1921 1926 1931
1916 1911 1906 1901
1917 1922 1927 1932
1917 1912 1907 1902
1918 1923 1928 1933
1918 1913 1908 1903
1919 1924 1929 1934
1919 1914 1909 1904
1920 1925 1930 1935
1920 1915 1910 1905
1921 1926 1931 1936
1921 1916 1911 1906
1922 1927 1932 1937
1922 1917 1912 1907
1923 1928 1933 1938
1923 1918 1913 1908
1924 1929 1934 1939
1924 1919 1914 1909
1925 1930 1935 1940
1925 1920 1915 1910
1926 1931 1936 1942
1926 1921 1916 1911
1927 1932 1937 1943
1927 1922 1917 1912
1928 1933 1938 1944
1928 1923 1918 1913
1929 1934 1939 1945
1929 1924 1919 1914
1930 1935 1940 1946
1930 1925 1920 1915
1931 1936 1942 1941
1931 1926 1921 1916
1932 1937 1943 1948
1932 1927 1922 1917
1933 1938 1944 1949
1933 1928 1923 1918
1934 1939 1945 1950
1934 1929 1924 1919
1935 1940 1946 1951
1935 1930 1925 1920
1936 1942 1941 1947
1936 1931 1926 1921
1937 1943 1948 1954
1937 1932 1927 1922
1938 1944 1949 1955
1938 1933 1928 1923
1939 1945 1950 1956
1939 1934 1929 1924
1940 1946 1951 1952
1940 1935 1930 1925
1941 1947 1953 1958
1941 1942 1936 1931
1942 1941 1947 1953
1942 1936 1931 1926
1943 1948 1954 1959
1943 1937 1932 1927
1944 1949 1955 1960
1944 1938 1933 1928
1945 1950 1956 1961
1945 1939 1934 1929
1946 1951 1952 1957
1946 1940 1935 1930
1947 1953 1958 1964
1947 1941 1942 1936
1948 1954 1959 1965
1948 1943 1937 1932
1949 1955 1960 1966
1949 1944 1938 1933
1950 1956 1961 1967
1950 1945 1939 1934
1951 1952 1957 1962
1951 1952 1957 1975
1951 1946 1940 1935
1952 1957 1962 1963
1952 1957 1975 1976
1952 1951 1946 1940
1953 1958 1964 1970
1953 1947 1941 1942
1954 1959 1965 1971
1954 1948 1943 1937
1955 1960 1966 1972
1955 1949 1944 1938
1956 1961 1967 1973
1956 1950 1945 1939
1957 1962 1963 1968
1957 1962 1963 1975
1957 1952 1951 1946
1958 1964 1970 1969
1958 1953 1947 1941
1959 1965 1971 1980
1959 1954 1948 1943
1960 1966 1972 1981
1960 1955 1949 1944
1961 1967 1973 1982
1961 1956 1950 1945
1962 1963 1968 1974
1962 1957 1952 1951
1963 1968 1974 1975
1963 1962 1957 1952
1964 1970 1969 1979
1964 1958 1953 1947
1965 1971 1980 1983
1965 1959 1954 1948
1966 1972 1981 1984
1966 1960 1955 1949
1967 1973 1982 1985
1967 1961 1956 1950
1968 1974 1975 1976
1968 1963 1962 1957
1969 1979 1978 1977
1969 1970 1964 1958
1970 1969 1979 1978
1970 1964 1958 1953
1971 1980 1983 1986
1971 1965 1959 1954
1972 1981 1984 1987
1972 1966 1960 1955
1973 1982 1985 1989
1973 1967 1961 1956
1974 1975 1976 1977
1974 1968 1963 1962
1975 1976 1977 -1
1975 1974 1968 1963
1976 1977 1978 1979
1976 1975 1974 1968
1977 1976 1975 1974
1977 1976 1975 1957
1977 1976 1975 1952
1977 1978 1979 1969
1978 1977 1976 -1
1978 1979 1969 1970
1979 1978 1977 -1
1979 1969 1970 1964
1980 1983 1986 1990
1980 1971 1965 1959
1981 1984 1987 1991
1981 1972 1966 1960
1982 1985 1989 1993
1982 1973 1967 1961
1983 1986 1990 1994
1983 1980 1971 1965
1984 1987 1991 1995
1984 1981 1972 1966
1985 1989 1993 1997
1985 1982 1973 1967
1986 1990 1994 1998
1986 1983 1980 1971
1987 1991 1995 1999
1987 1984 1981 1972
1988 1992 1996 2004
1989 1993 1997 2001
1989 1985 1982 1973
1990 1994 1998 2002
1990 1986 1983 1980
1991 1995 1999 2000
1991 1987 1984 1981
1992 1996 2011 -1
1993 1997 2001 2005
1993 1989 1985 1982
1994 1998 2002 2006
1994 1990 1986 1983
1995 1999 2000 2003
1995 1991 1987 1984
1996 2004 2008 2012
1996 1992 1988 -1
1997 2001 2005 2009
1997 1993 1989 1985
1998 2002 2006 2010
1998 1994 1990 1986
1999 2000 2003 2007
1999 1995 1991 1987
2000 2003 2007 2011
2000 1999 1995 1991
2001 2005 2009 2013
2001 1997 1993 1989
2002 2006 2010 2014
2002 1998 1994 1990
2003 2007 2011 2015
2003 2000 1999 1995
2004 2008 2012 2016
2004 1996 1988 -1
2005 2009 2013 2017
2005 2001 1997 1993
2006 2010 2014 2018
2006 2002 1998 1994
2007 2011 2015 2019
2007 2003 2000 1999
2008 2012 2016 2020
2008 2004 1996 1988
2009 2013 2017 2021
2009 2005 2001 1997
2010 2014 2018 2022
2010 2006 2002 1998
2011 2015 2019 2023
2011 2007 2003 2000
2011 2007 1992 -1
2012 2016 2020 2024
2012 2008 2004 1996
2013 2017 2021 2025
2013 2009 2005 2001
2014 2018 2022 2026
2014 2010 2006 2002
2015 2019 2023 2027
2015 2011 2007 2003
2016 2020 2024 2028
2016 2012 2008 2004
2017 2021 2025 2029
2017 2013 2009 2005
2018 2022 2026 2030
2018 2014 2010 2006
2019 2023 2027 2031
2019 2015 2011 2007
2020 2024 2028 2032
2020 2016 2012 2008
2021 2025 2029 2033
2021 2017 2013 2009
2022 2026 2030 2034
2022 2018 2014 2010
2023 2027 2031 2035
2023 2019 2015 2011
2024 2028 2032 2036
2024 2020 2016 2012
2025 2029 2033 2037
2025 2021 2017 2013
2026 2030 2034 2038
2026 2022 2018 2014
2027 2031 2035 2039
2027 2023 2019 2015
2028 2032 2036 2040
2028 2024 2020 2016
2029 2033 2037 2041
2029 2025 2021 2017
2030 2034 2038 2042
2030 2026 2022 2018
2031 2035 2039 2043
2031 2027 2023 2019
2032 2036 2040 2044
2032 2028 2024 2020
2033 2037 2041 2045
2033 2029 2025 2021
2034 2038 2042 2046
2034 2030 2026 2022
2035 2039 2043 2047
2035 2031 2027 2023
2036 2040 2044 2048
2036 2032 2028 2024
2037 2041 2045 2049
2037 2033 2029 2025
2038 2042 2046 2050
2038 2034 2030 2026
2039 2043 2047 2051
2039 2035 2031 2027
2040 2044 2048 2052
2040 2036 2032 2028
2041 2045 2049 2053
2041 2037 2033 2029
2042 2046 2050 2054
2042 2038 2034 2030
2043 2047 2051 2055
2043 2039 2035 2031
2044 2048 2052 2056
2044 2040 2036 2032
2045 2049 2053 2057
2045 2041 2037 2033
2046 2050 2054 2058
2046 2042 2038 2034
2047 2051 2055 2059
2047 2043 2039 2035
2048 2052 2056 2060
2048 2044 2040 2036
2049 2053 2057 2061
2049 2045 2041 2037
2050 2054 2058 2062
2050 2046 2042 2038
2051 2055 2059 2063
2051 2047 2043 2039
2052 2056 2060 2064
2052 2048 2044 2040
2053 2057 2061 2065
2053 2049 2045 2041
2054 2058 2062 2066
2054 2050 2046 2042
2055 2059 2063 2067
2055 2051 2047 2043
2056 2060 2064 2068
2056 2052 2048 2044
2057 2061 2065 2069
2057 2053 2049 2045
2058 2062 2066 2070
2058 2054 2050 2046
2059 2063 2067 2071
2059 2055 2051 2047
2060 2064 2068 2072
2060 2056 2052 2048
2061 2065 2069 2074
2061 2057 2053 2049
2062 2066 2070 2075
2062 2058 2054 2050
2063 2067 2071 2076
2063 2059 2055 2051
2064 2068 2072 2073
2064 2060 2056 2052
2065 2069 2074 2078
2065 2061 2057 2053
2066 2070 2075 2079
2066 2062 2058 2054
2067 2071 2076 2080
2067 2063 2059 2055
2068 2072 2073 2077
2068 2064 2060 2056
2069 2074 2078 2082
2069 2065 2061 2057
2070 2075 2079 2083
2070 2066 2062 2058
2071 2076 2080 2084
2071 2067 2063 2059
2072 2073 2077 2081
2072 2068 2064 2060
2073 2077 2081 2085
2073 2072 2068 2064
2074 2078 2082 2086
2074 2069 2065 2061
2075 2079 2083 2087
2075 2070 2066 2062
2076 2080 2084 2088
2076 2071 2067 2063
2077 2081 2085 2089
2077 2073 2072 2068
2078 2082 2086 2091
2078 2074 2069 2065
2079 2083 2087 2092
2079 2075 2070 2066
2080 2084 2088 2093
2080 2076 2071 2067
2081 2085 2089 2090
2081 2077 2073 2072
2082 2086 2091 2095
2082 2078 2074 2069
2083 2087 2092 2096
2083 2079 2075 2070
2084 2088 2093 2097
2084 2080 2076 2071
2085 2089 2090 2094
2085 2081 2077 2073
2086 2091 2095 2099
2086 2082 2078 2074
2087 2092 2096 2100
2087 2083 2079 2075
2088 2093 2097 2101
2088 2084 2080 2076
2089 2090 2094 2098
2089 2085 2081 2077
2090 2094 2098 2102
2090 2089 2085 2081
2091 2095 2099 2104
2091 2086 2082 2078
2092 2096 2100 2105
2092 2087 2083 2079
2093 2097 2101 2106
2093 2088 2084 2080
2094 2098 2102 2103
2094 2090 2089 2085
2095 2099 2104 2108
2095 2091 2086 2082
2096 2100 2105 2109
2096 2092 2087 2083
2097 2101 2106 2110
2097 2093 2088 2084
2098 2102 2103 2107
2098 2094 2090 2089
2099 2104 2108 2112
2099 2095 2091 2086
2100 2105 2109 2113
2100 2096 2092 2087
2101 2106 2110 2114
2101 2097 2093 2088
2102 2103 2107 2111
2102 2098 2094 2090
2103 2107 2111 2115
2103 2102 2098 2094
2104 2108 2112 2117
2104 2099 2095 2091
2105 2109 2113 2118
2105 2100 2096 2092
2106 2110 2114 2119
2106 2101 2097 2093
2107 2111 2115 2116
2107 2103 2102 2098
2108 2112 2117 2121
2108 2104 2099 2095
2109 2113 2118 2122
2109 2105 2100 2096
2110 2114 2119 2123
2110 2106 2101 2097
2111 2115 2116 2120
2111 2107 2103 2102
2112 2117 2121 2125
2112 2108 2104 2099
2113 2118 2122 2126
2113 2109 2105 2100
2114 2119 2123 2127
2114 2110 2106 2101
2115 2116 2120 2124
2115 2111 2107 2103
2116 2120 2124 2128
2116 2115 2111 2107
2117 2121 2125 2129
2117 2112 2108 2104
2118 2122 2126 2130
2118 2113 2109 2105
2119 2123 2127 2131
2119 2114 2110 2106
2120 2124 2128 2132
2120 2116 2115 2111
2121 2125 2129 2133
2121 2117 2112 2108
2122 2126 2130 2134
2122 2118 2113 2109
2123 2127 2131 2135
2123 2119 2114 2110
2124 2128 2132 2136
2124 2120 2116 2115
2125 2129 2133 2137
2125 2121 2117 2112
2126 2130 2134 2138
2126 2122 2118 2113
2127 2131 2135 2139
2127 2123 2119 2114
2128 2132 2136 2140
2128 2124 2120 2116
2129 2133 2137 2141
2129 2125 2121 2117
2130 2134 2138 2142
2130 2126 2122 2118
2131 2135 2139 2143
2131 2127 2123 2119
2132 2136 2140 2144
2132 2128 2124 2120
2133 2137 2141 2145
2133 2129 2125 2121
2134 2138 2142 2146
2134 2130 2126 2122
2135 2139 2143 2147
2135 2131 2127 2123
2136 2140 2144 2148
2136 2132 2128 2124
2137 2141 2145 2150
2137 2133 2129 2125
2138 2142 2146 2151
2138 2134 2130 2126
2139 2143 2147 2152
2139 2135 2131 2127
2140 2144 2148 2149
2140 2136 2132 2128
2141 2145 2150 2154
2141 2137 2133 2129
2142 2146 2151 2155
2142 2138 2134 2130
2143 2147 2152 2156
2143 2139 2135 2131
2144 2148 2149 2153
2144 2140 2136 2132
2145 2150 2154 2159
2145 2141 2137 2133
2146 2151 2155 2160
2146 2142 2138 2134
2147 2152 2156 2161
2147 2143 2139 2135
2148 2149 2153 2157
2148 2144 2140 2136
2149 2153 2157 2158
2149 2148 2144 2140
2150 2154 2159 2163
2150 2145 2141 2137
2151 2155 2160 2164
2151 2146 2142 2138
2152 2156 2161 2165
2152 2147 2143 2139
2153 2157 2158 2162
2153 2149 2148 2144
2154 2159 2163 2167
2154 2150 2145 2141
2155 2160 2164 2168
2155 2151 2146 2142
2156 2161 2165 2169
2156 2152 2147 2143
2157 2158 2162 2166
2157 2153 2149 2148
2158 2162 2166 2170
2158 2157 2153 2149
2159 2163 2167 2171
2159 2154 2150 2145
2160 2164 2168 2172
2160 2155 2151 2146
2161 2165 2169 2173
2161 2156 2152 2147
2162 2166 2170 2174
2162 2158 2157 2153
2163 2167 2171 2175
2163 2159 2154 2150
2164 2168 2172 2176
2164 2160 2155 2151
2165 2169 2173 2177
2165 2161 2156 2152
2166 2170 2174 2178
2166 2162 2158 2157
2167 2171 2175 2180
2167 2163 2159 2154
2168 2172 2176 2181
2168 2164 2160 2155
2169 2173 2177 2182
2169 2165 2161 2156
2170 2174 2178 2179
2170 2166 2162 2158
2171 2175 2180 2184
2171 2167 2163 2159
2172 2176 2181 2185
2172 2168 2164 2160
2173 2177 2182 2186
2173 2169 2165 2161
2174 2178 2179 2183
2174 2170 2166 2162
2175 2180 2184 2189
2175 2171 2167 2163
2176 2181 2185 2190
2176 2172 2168 2164
2177 2182 2186 2191
2177 2173 2169 2165
2178 2179 2183 2187
2178 2174 2170 2166
2179 2183 2187 2188
2179 2178 2174 2170
2180 2184 2189 2193
2180 2175 2171 2167
2181 2185 2190 2194
2181 2176 2172 2168
2182 2186 2191 2195
2182 2177 2173 2169
2183 2187 2188 2192
2183 2179 2178 2174
2184 2189 2193 2198
2184 2180 2175 2171
2185 2190 2194 2199
2185 2181 2176 2172
2186 2191 2195 2200
2186 2182 2177 2173
2187 2188 2192 2196
2187 2183 2179 2178
2188 2192 2196 2197
2188 2187 2183 2179
2189 2193 2198 2202
2189 2184 2180 2175
2190 2194 2199 2203
2190 2185 2181 2176
2191 2195 2200 2204
2191 2186 2182 2177
2192 2196 2197 2201
2192 2188 2187 2183
2193 2198 2202 2207
2193 2189 2184 2180
2194 2199 2203 2208
2194 2190 2185 2181
2195 2200 2204 2209
2195 2191 2186 2182
2196 2197 2201 2205
2196 2192 2188 2187
2197 2201 2205 2206
2197 2196 2192 2188
2198 2202 2207 2211
2198 2193 2189 2184
2199 2203 2208 2212
2199 2194 2190 2185
2200 2204 2209 2213
2200 2195 2191 2186
2201 2205 2206 2210
2201 2197 2196 2192
2202 2207 2211 2215
2202 2198 2193 2189
2203 2208 2212 2216
2203 2199 2194 2190
2204 2209 2213 2217
2204 2200 2195 2191
2205 2206 2210 2214
2205 2201 2197 2196
2206 2210 2214 2218
2206 2205 2201 2197
2207 2211 2215 2219
2207 2202 2198 2193
2208 2212 2216 2220
2208 2203 2199 2194
2209 2213 2217 2221
2209 2204 2200 2195
2210 2214 2218 2222
2210 2206 2205 2201
2211 2215 2219 2223
2211 2207 2202 2198
2212 2216 2220 2224
2212 2208 2203 2199
2213 2217 2221 2225
2213 2209 2204 2200
2214 2218 2222 2226
2214 2210 2206 2205
2215 2219 2223 2227
2215 2211 2207 2202
2216 2220 2224 2228
2216 2212 2208 2203
2217 2221 2225 2229
2217 2213 2209 2204
2218 2222 2226 2230
2218 2214 2210 2206
2219 2223 2227 2231
2219 2215 2211 2207
2220 2224 2228 2232
2220 2216 2212 2208
2221 2225 2229 2233
2221 2217 2213 2209
2222 2226 2230 2234
2222 2218 2214 2210
2223 2227 2231 2235
2223 2219 2215 2211
2224 2228 2232 2236
2224 2220 2216 2212
2225 2229 2233 2237
2225 2221 2217 2213
2226 2230 2234 2239
2226 2222 2218 2214
2227 2231 2235 2240
2227 2223 2219 2215
2228 2232 2236 2241
2228 2224 2220 2216
2229 2233 2237 2238
2229 2225 2221 2217
2230 2234 2239 2243
2230 2226 2222 2218
2231 2235 2240 2245
2231 2227 2223 2219
2232 2236 2241 2246
2232 2228 2224 2220
2233 2237 2238 2242
2233 2229 2225 2221
2234 2239 2243 2244
2234 2230 2226 2222
2235 2240 2245 2249
2235 2231 2227 2223
2236 2241 2246 2250
2236 2232 2228 2224
2237 2238 2242 2247
2237 2233 2229 2225
2238 2242 2247 2251
2238 2237 2233 2229
2239 2243 2244 2248
2239 2234 2230 2226
2240 2245 2249 2254
2240 2235 2231 2227
2241 2246 2250 2256
2241 2236 2232 2228
2242 2247 2251 2257
2242 2238 2237 2233
2243 2244 2248 2252
2243 2239 2234 2230
2244 2248 2252 2253
2244 2243 2239 2234
2245 2249 2254 2255
2245 2240 2235 2231
2246 2250 2256 2260
2246 2241 2236 2232
2247 2251 2257 2261
2247 2242 2238 2237
2248 2252 2253 2258
2248 2244 2243 2239
2249 2254 2255 2259
2249 2245 2240 2235
2250 2256 2260 2265
2250 2246 2241 2236
2251 2257 2261 2266
2251 2247 2242 2238
2252 2253 2258 2262
2252 2248 2244 2243
2253 2258 2262 2267
2253 2252 2248 2244
2254 2255 2259 2263
2254 2249 2245 2240
2255 2259 2263 2268
2255 2254 2249 2245
2256 2260 2265 2264
2256 2250 2246 2241
2257 2261 2266 2270
2257 2251 2247 2242
2258 2262 2267 2271
2258 2253 2252 2248
2259 2263 2268 2272
2259 2255 2254 2249
2260 2265 2264 2269
2260 2256 2250 2246
2261 2266 2270 2274
2261 2257 2251 2247
2262 2267 2271 2275
2262 2258 2253 2252
2263 2268 2272 2276
2263 2259 2255 2254
2264 2269 2273 2277
2264 2265 2260 2256
2265 2264 2269 2273
2265 2260 2256 2250
2266 2270 2274 2278
2266 2261 2257 2251
2267 2271 2275 2279
2267 2262 2258 2253
2268 2272 2276 2280
2268 2263 2259 2255
2269 2273 2277 2281
2269 2264 2265 2260
2270 2274 2278 2282
2270 2266 2261 2257
2271 2275 2279 2283
2271 2267 2262 2258
2272 2276 2280 2284
2272 2268 2263 2259
2273 2277 2281 2285
2273 2269 2264 2265
2274 2278 2282 2286
2274 2270 2266 2261
2275 2279 2283 2287
2275 2271 2267 2262
2276 2280 2284 2288
2276 2272 2268 2263
2277 2281 2285 2289
2277 2273 2269 2264
2278 2282 2286 2290
2278 2274 2270 2266
2279 2283 2287 2291
2279 2275 2271 2267
2280 2284 2288 2293
2280 2276 2272 2268
2281 2285 2289 2294
2281 2277 2273 2269
2282 2286 2290 2295
2282 2278 2274 2270
2283 2287 2291 2292
2283 2279 2275 2271
2284 2288 2293 2297
2284 2280 2276 2272
2285 2289 2294 2298
2285 2281 2277 2273
2286 2290 2295 2299
2286 2282 2278 2274
2287 2291 2292 2296
2287 2283 2279 2275
2288 2293 2297 2303
2288 2284 2280 2276
2289 2294 2298 2304
2289 2285 2281 2277
2290 2295 2299 2300
2290 2286 2282 2278
2291 2292 2296 2301
2291 2287 2283 2279
2292 2296 2301 2302
2292 2291 2287 2283
2293 2297 2303 2307
2293 2288 2284 2280
2294 2298 2304 2308
2294 2289 2285 2281
2295 2299 2300 2305
2295 2290 2286 2282
2296 2301 2302 2306
2296 2292 2291 2287
2297 2303 2307 2312
2297 2293 2288 2284
2298 2304 2308 2313
2298 2294 2289 2285
2299 2300 2305 2309
2299 2295 2290 2286
2300 2305 2309 2314
2300 2299 2295 2290
2301 2302 2306 2310
2301 2296 2292 2291
2302 2306 2310 2311
2302 2301 2296 2292
2303 2307 2312 2316
2303 2297 2293 2288
2304 2308 2313 2317
2304 2298 2294 2289
2305 2309 2314 2318
2305 2300 2299 2295
2306 2310 2311 2315
2306 2302 2301 2296
2307 2312 2316 2320
2307 2303 2297 2293
2308 2313 2317 2321
2308 2304 2298 2294
2309 2314 2318 2322
2309 2305 2300 2299
2310 2311 2315 2319
2310 2306 2302 2301
2311 2315 2319 2323
2311 2310 2306 2302
2312 2316 2320 2324
2312 2307 2303 2297
2313 2317 2321 2325
2313 2308 2304 2298
2314 2318 2322 2326
2314 2309 2305 2300
2315 2319 2323 2327
2315 2311 2310 2306
2316 2320 2324 2328
2316 2312 2307 2303
2317 2321 2325 2329
2317 2313 2308 2304
2318 2322 2326 2330
2318 2314 2309 2305
2319 2323 2327 2331
2319 2315 2311 2310
2320 2324 2328 2333
2320 2316 2312 2307
2321 2325 2329 2334
2321 2317 2313 2308
2322 2326 2330 2335
2322 2318 2314 2309
2323 2327 2331 2332
2323 2319 2315 2311
2324 2328 2333 2338
2324 2320 2316 2312
2325 2329 2334 2339
2325 2321 2317 2313
2326 2330 2335 2336
2326 2322 2318 2314
2327 2331 2332 2337
2327 2323 2319 2315
2328 2333 2338 2342
2328 2324 2320 2316
2329 2334 2339 2343
2329 2325 2321 2317
2330 2335 2336 2340
2330 2326 2322 2318
2331 2332 2337 2341
2331 2327 2323 2319
2332 2337 2341 2345
2332 2331 2327 2323
2333 2338 2342 2346
2333 2328 2324 2320
2334 2339 2343 2347
2334 2329 2325 2321
2335 2336 2340 2344
2335 2330 2326 2322
2336 2340 2344 2348
2336 2335 2330 2326
2337 2341 2345 2349
2337 2332 2331 2327
2338 2342 2346 2350
2338 2333 2328 2324
2339 2343 2347 2351
2339 2334 2329 2325
2340 2344 2348 2352
2340 2336 2335 2330
2341 2345 2349 2353
2341 2337 2332 2331
2342 2346 2350 2355
2342 2338 2333 2328
2343 2347 2351 2356
2343 2339 2334 2329
2344 2348 2352 2357
2344 2340 2336 2335
2345 2349 2353 2354
2345 2341 2337 2332
2346 2350 2355 2359
2346 2342 2338 2333
2347 2351 2356 2360
2347 2343 2339 2334
2348 2352 2357 2361
2348 2344 2340 2336
2349 2353 2354 2358
2349 2353 2354 2430
2349 2345 2341 2337
2350 2355 2359 2364
2350 2346 2342 2338
2351 2356 2360 2365
2351 2347 2343 2339
2352 2357 2361 2366
2352 2348 2344 2340
2353 2354 2358 2362
2353 2354 2358 2430
2353 2349 2345 2341
2354 2358 2362 2363
2354 2353 2349 2345
2355 2359 2364 2369
2355 2359 2364 2375
2355 2359 2375 2424
2355 2350 2346 2342
2356 2360 2365 2370
2356 2351 2347 2343
2357 2361 2366 2371
2357 2352 2348 2344
2358 2362 2363 2367
2358 2354 2353 2349
2359 2364 2369 2375
2359 2364 2375 2424
2359 2355 2350 2346
2360 2365 2370 2376
2360 2356 2351 2347
2361 2366 2371 2377
2361 2357 2352 2348
2362 2363 2367 2368
2362 2358 2354 2353
2363 2367 2368 2372
2363 2362 2358 2354
2364 2369 2375 2424
2364 2359 2355 2350
2365 2370 2376 2425
2365 2360 2356 2351
2366 2371 2377 2426
2366 2361 2357 2352
2367 2368 2372 2373
2367 2363 2362 2358
2368 2372 2373 2374
2368 2367 2363 2362
2369 2375 2424 2423
2369 2364 2359 2355
2370 2376 2425 2501
2370 2365 2360 2356
2371 2377 2426 2427
2371 2366 2361 2357
2372 2373 2374 2378
2372 2368 2367 2363
2373 2374 2378 2379
2373 2372 2368 2367
2373 2372 2368 2430
2374 2378 2379 2380
2374 2373 2372 2368
2374 2373 2430 -1
2375 2424 2423 2500
2375 2369 2364 2359
2376 2425 2501 2505
2376 2370 2365 2360
2377 2426 2427 2502
2377 2371 2366 2361
2378 2379 2380 2381
2378 2374 2373 2372
2379 2380 2381 2382
2379 2378 2374 2373
2380 2381 2382 2383
2380 2379 2378 2374
2381 2382 2383 2384
2381 2380 2379 2378
2382 2383 2384 2385
2382 2381 2380 2379
2383 2384 2385 2386
2383 2382 2381 2380
2384 2385 2386 2387
2384 2383 2382 2381
2385 2386 2387 2388
2385 2384 2383 2382
2386 2387 2388 2389
2386 2385 2384 2383
2387 2388 2389 2390
2387 2386 2385 2384
2388 2389 2390 2391
2388 2387 2386 2385
2389 2390 2391 2392
2389 2388 2387 2386
2390 2391 2392 2393
2390 2389 2388 2387
2391 2392 2393 2394
2391 2390 2389 2388
2392 2393 2394 2395
2392 2391 2390 2389
2393 2394 2395 2396
2393 2392 2391 2390
2394 2395 2396 2397
2394 2393 2392 2391
2395 2396 2397 2398
2395 2394 2393 2392
2396 2397 2398 2399
2396 2395 2394 2393
2397 2398 2399 2400
2397 2396 2395 2394
2398 2397 2396 2395
2398 2399 2400 2401
2399 2400 2401 2402
2399 2398 2397 2396
2400 2401 2402 2403
2400 2399 2398 2397
2401 2402 2403 2404
2401 2400 2399 2398
2402 2403 2404 2405
2402 2401 2400 2399
2403 2402 2401 2400
2403 2404 2405 2406
2404 2403 2402 2401
2404 2405 2406 2407
2405 2404 2403 2402
2405 2406 2407 2408
2406 2407 2408 2409
2406 2405 2404 2403
2407 2408 2409 2410
2407 2406 2405 2404
2408 2409 2410 2411
2408 2407 2406 2405
2409 2410 2411 2412
2409 2408 2407 2406
2410 2411 2412 2413
2410 2409 2408 2407
2411 2412 2413 2414
2411 2410 2409 2408
2412 2413 2414 2415
2412 2411 2410 2409
2413 2414 2415 2416
2413 2412 2411 2410
2414 2415 2416 2417
2414 2413 2412 2411
2415 2416 2417 2418
2415 2414 2413 2412
2416 2417 2418 2419
2416 2415 2414 2413
2417 2418 2419 2420
2417 2416 2415 2414
2418 2417 2416 2415
2418 2419 2420 2421
2419 2420 2421 2422
2419 2418 2417 2416
2420 2421 2422 2431
2420 2419 2418 2417
2421 2422 2431 2432
2421 2420 2419 2418
2422 2431 2432 2433
2422 2421 2420 2419
2423 2500 2499 2498
2423 2424 2375 2369
2423 2424 2375 2364
2424 2423 2500 2499
2424 2375 2369 2364
2425 2501 2505 2507
2425 2376 2370 2365
2426 2427 2502 2506
2426 2377 2371 2366
2427 2502 2506 2508
2427 2426 2377 2371
2428 2504 2503 -1
2428 2429 2430 -1
2429 2428 2504 2503
2429 2430 2373 -1
2430 2429 2428 2504
2430 2373 2374 -1
2430 2353 2349 -1
2431 2432 2433 2434
2431 2422 2421 2420
2432 2433 2434 2435
2432 2431 2422 2421
2433 2434 2435 2436
2433 2432 2431 2422
2434 2433 2432 2431
2434 2435 2436 2437
2435 2434 2433 2432
2435 2436 2437 2438
2436 2435 2434 2433
2436 2437 2438 2439
2437 2438 2439 2440
2437 2436 2435 2434
2438 2439 2440 2441
2438 2437 2436 2435
2439 2440 2441 2442
2439 2438 2437 2436
2440 2441 2442 2443
2440 2439 2438 2437
2441 2442 2443 2444
2441 2440 2439 2438
2442 2443 2444 2445
2442 2441 2440 2439
2443 2444 2445 2446
2443 2442 2441 2440
2444 2445 2446 2447
2444 2443 2442 2441
2445 2446 2447 2448
2445 2444 2443 2442
2446 2447 2448 2449
2446 2445 2444 2443
2447 2448 2449 2450
2447 2446 2445 2444
2448 2449 2450 2451
2448 2447 2446 2445
2449 2450 2451 2452
2449 2448 2447 2446
2450 2451 2452 2453
2450 2449 2448 2447
2451 2452 2453 2454
2451 2450 2449 2448
2452 2453 2454 2455
2452 2451 2450 2449
2453 2454 2455 2456
2453 2452 2451 2450
2454 2455 2456 2457
2454 2453 2452 2451
2455 2454 2453 2452
2455 2456 2457 2458
2456 2455 2454 2453
2456 2457 2458 2459
2457 2456 2455 2454
2457 2458 2459 2460
2458 2457 2456 2455
2458 2459 2460 2461
2459 2458 2457 2456
2459 2460 2461 2462
2460 2461 2462 2463
2460 2459 2458 2457
2461 2462 2463 2464
2461 2460 2459 2458
2462 2463 2464 2465
2462 2461 2460 2459
2463 2464 2465 2466
2463 2462 2461 2460
2464 2465 2466 2467
2464 2463 2462 2461
2465 2466 2467 2468
2465 2464 2463 2462
2466 2467 2468 2469
2466 2465 2464 2463
2467 2468 2469 2470
2467 2466 2465 2464
2468 2469 2470 2471
2468 2467 2466 2465
2469 2470 2471 2472
2469 2468 2467 2466
2470 2471 2472 2473
2470 2469 2468 2467
2471 2472 2473 2474
2471 2470 2469 2468
2472 2473 2474 2475
2472 2471 2470 2469
2473 2474 2475 2476
2473 2472 2471 2470
2474 2475 2476 2477
2474 2473 2472 2471
2475 2474 2473 2472
2475 2476 2477 2478
2476 2475 2474 2473
2476 2477 2478 2479
2477 2476 2475 2474
2477 2478 2479 2480
2478 2477 2476 2475
2478 2479 2480 2481
2479 2478 2477 2476
2479 2480 2481 2482
2480 2479 2478 2477
2480 2481 2482 2483
2481 2482 2483 2484
2481 2480 2479 2478
2482 2483 2484 2485
2482 2481 2480 2479
2483 2484 2485 2486
2483 2482 2481 2480
2484 2485 2486 2487
2484 2483 2482 2481
2485 2486 2487 2488
2485 2484 2483 2482
2486 2487 2488 2489
2486 2485 2484 2483
2487 2486 2485 2484
2487 2488 2489 2490
2488 2487 2486 2485
2488 2489 2490 2491
2489 2488 2487 2486
2489 2490 2491 2492
2490 2489 2488 2487
2490 2491 2492 2493
2491 2490 2489 2488
2491 2492 2493 2494
2492 2491 2490 2489
2492 2493 2494 2495
2493 2494 2495 2496
2493 2492 2491 2490
2494 2495 2496 2497
2494 2493 2492 2491
2495 2496 2497 2498
2495 2496 2497 2499
2495 2494 2493 2492
2496 2497 2498 2499
2496 2497 2499 2500
2496 2495 2494 2493
2497 2498 2499 2500
2497 2496 2495 2494
2498 2497 2496 2495
2498 2499 2500 2423
2499 2498 2497 2496
2499 2500 2423 2424
2499 2500 2423 2510
2500 2499 2498 2497
2500 2423 2424 2375
2501 2505 2507 2512
2501 2425 2376 2370
2502 2506 2508 2509
2502 2427 2426 2377
2503 2504 2428 2429
2504 2428 2429 2430
2505 2507 2512 2518
2505 2501 2425 2376
2506 2508 2509 2513
2506 2502 2427 2426
2507 2512 2518 2524
2507 2505 2501 2425
2508 2509 2513 2514
2508 2506 2502 2427
2509 2513 2514 2519
2509 2508 2506 2502
2510 2511 2515 2516
2511 2515 2516 2517
2511 2515 2516 2522
2512 2518 2524 2529
2512 2507 2505 2501
2513 2514 2519 2520
2513 2509 2508 2506
2514 2519 2520 2525
2514 2513 2509 2508
2515 2516 2517 2521
2515 2511 2510 -1
2516 2517 2521 2522
2516 2515 2511 2510
2517 2521 2522 2523
2517 2516 2515 2511
2517 2516 2515 2510
2518 2524 2529 2534
2518 2512 2507 2505
2519 2520 2525 2526
2519 2514 2513 2509
2520 2525 2526 2530
2520 2519 2514 2513
2521 2522 2523 2527
2521 2517 2516 2515
2522 2523 2527 2528
2522 2521 2517 2516
2523 2527 2528 2532
2523 2522 2521 2517
2524 2529 2534 2540
2524 2518 2512 2507
2525 2526 2530 2531
2525 2520 2519 2514
2526 2530 2531 2535
2526 2525 2520 2519
2527 2528 2532 2533
2527 2523 2522 2521
2528 2532 2533 2538
2528 2527 2523 2522
2529 2534 2540 2546
2529 2524 2518 2512
2530 2531 2535 2536
2530 2526 2525 2520
2531 2535 2536 2537
2531 2530 2526 2525
2532 2533 2538 2539
2532 2528 2527 2523
2533 2538 2539 2545
2533 2532 2528 2527
2534 2540 2546 2552
2534 2529 2524 2518
2535 2536 2537 2541
2535 2531 2530 2526
2536 2537 2541 2542
2536 2535 2531 2530
2537 2541 2542 2543
2537 2536 2535 2531
2538 2539 2545 -1
2538 2533 2532 2528
2539 2538 2533 2532
2540 2546 2552 2558
2540 2534 2529 2524
2541 2542 2543 2544
2541 2537 2536 2535
2542 2543 2544 2547
2542 2541 2537 2536
2543 2544 2547 2548
2543 2542 2541 2537
2544 2547 2548 2549
2544 2543 2542 2541
2545 2539 2538 2533
2546 2552 2558 2567
2546 2540 2534 2529
2547 2548 2549 2550
2547 2544 2543 2542
2548 2549 2550 2551
2548 2547 2544 2543
2549 2550 2551 2553
2549 2548 2547 2544
2550 2551 2553 2554
2550 2549 2548 2547
2551 2553 2554 2555
2551 2550 2549 2548
2552 2558 2567 2575
2552 2546 2540 2534
2553 2554 2555 2556
2553 2551 2550 2549
2554 2555 2556 2557
2554 2553 2551 2550
2555 2556 2557 2559
2555 2554 2553 2551
2556 2557 2559 2560
2556 2555 2554 2553
2557 2559 2560 2561
2557 2556 2555 2554
2558 2567 2575 2585
2558 2552 2546 2540
2559 2560 2561 2562
2559 2557 2556 2555
2560 2561 2562 2563
2560 2559 2557 2556
2561 2562 2563 2564
2561 2560 2559 2557
2562 2563 2564 2565
2562 2561 2560 2559
2563 2564 2565 2566
2563 2562 2561 2560
2564 2565 2566 2568
2564 2563 2562 2561
2565 2566 2568 2569
2565 2564 2563 2562
2566 2568 2569 2570
2566 2565 2564 2563
2567 2575 2585 2593
2567 2575 2637 2636
2567 2558 2552 2546
2568 2569 2570 2571
2568 2566 2565 2564
2569 2570 2571 2572
2569 2568 2566 2565
2570 2571 2572 2573
2570 2569 2568 2566
2571 2572 2573 2574
2571 2570 2569 2568
2572 2573 2574 2576
2572 2571 2570 2569
2573 2574 2576 2577
2573 2572 2571 2570
2574 2576 2577 2578
2574 2573 2572 2571
2575 2585 2593 2637
2575 2585 2637 2636
2575 2567 2558 2552
2576 2577 2578 2579
2576 2574 2573 2572
2577 2578 2579 2580
2577 2576 2574 2573
2578 2579 2580 2581
2578 2577 2576 2574
2579 2580 2581 2582
2579 2578 2577 2576
2580 2581 2582 2583
2580 2579 2578 2577
2581 2582 2583 2584
2581 2580 2579 2578
2582 2583 2584 2586
2582 2581 2580 2579
2583 2584 2586 2587
2583 2582 2581 2580
2584 2586 2587 2588
2584 2583 2582 2581
2585 2593 2637 2636
2585 2575 2567 2558
2586 2587 2588 2589
2586 2584 2583 2582
2587 2588 2589 2590
2587 2586 2584 2583
2588 2589 2590 2591
2588 2587 2586 2584
2589 2590 2591 2592
2589 2588 2587 2586
2590 2591 2592 2594
2590 2589 2588 2587
2591 2592 2594 2595
2591 2590 2589 2588
2592 2594 2595 2596
2592 2591 2590 2589
2593 2637 2636 2695
2593 2585 2575 2567
2594 2595 2596 2597
2594 2592 2591 2590
2595 2596 2597 2598
2595 2594 2592 2591
2596 2597 2598 2599
2596 2595 2594 2592
2597 2598 2599 2600
2597 2596 2595 2594
2598 2599 2600 2601
2598 2597 2596 2595
2599 2600 2601 2602
2599 2598 2597 2596
2600 2601 2602 2603
2600 2599 2598 2597
2601 2602 2603 2604
2601 2600 2599 2598
2602 2603 2604 2605
2602 2601 2600 2599
2603 2604 2605 2606
2603 2602 2601 2600
2604 2605 2606 2607
2604 2603 2602 2601
2605 2606 2607 2608
2605 2604 2603 2602
2606 2607 2608 2609
2606 2605 2604 2603
2607 2608 2609 2610
2607 2606 2605 2604
2608 2609 2610 2611
2608 2607 2606 2605
2609 2610 2611 2612
2609 2608 2607 2606
2610 2611 2612 2613
2610 2609 2608 2607
2611 2612 2613 2614
2611 2610 2609 2608
2612 2613 2614 2615
2612 2611 2610 2609
2613 2614 2615 2616
2613 2612 2611 2610
2614 2615 2616 2617
2614 2613 2612 2611
2615 2616 2617 2618
2615 2614 2613 2612
2616 2617 2618 2619
2616 2615 2614 2613
2617 2618 2619 2620
2617 2616 2615 2614
2618 2619 2620 2621
2618 2617 2616 2615
2619 2620 2621 2622
2619 2618 2617 2616
2620 2621 2622 2623
2620 2619 2618 2617
2621 2622 2623 2624
2621 2620 2619 2618
2622 2623 2624 2625
2622 2621 2620 2619
2623 2624 2625 2626
2623 2622 2621 2620
2624 2625 2626 2627
2624 2623 2622 2621
2625 2626 2627 2628
2625 2624 2623 2622
2626 2627 2628 2629
2626 2625 2624 2623
2627 2628 2629 2630
2627 2626 2625 2624
2628 2629 2630 2631
2628 2627 2626 2625
2629 2630 2631 2632
2629 2628 2627 2626
2630 2631 2632 2633
2630 2629 2628 2627
2631 2632 2633 2634
2631 2630 2629 2628
2632 2633 2634 2635
2632 2631 2630 2629
2633 2634 2635 2638
2633 2632 2631 2630
2634 2635 2638 2639
2634 2633 2632 2631
2635 2638 2639 2640
2635 2634 2633 2632
2636 2695 2694 2693
2636 2637 2593 2585
2637 2636 2695 2694
2637 2593 2585 2575
2638 2639 2640 2641
2638 2635 2634 2633
2639 2640 2641 2642
2639 2638 2635 2634
2640 2641 2642 2643
2640 2639 2638 2635
2641 2642 2643 2644
2641 2640 2639 2638
2642 2643 2644 2645
2642 2641 2640 2639
2643 2644 2645 2646
2643 2642 2641 2640
2644 2645 2646 2647
2644 2643 2642 2641
2645 2646 2647 2648
2645 2644 2643 2642
2646 2647 2648 2649
2646 2645 2644 2643
2647 2648 2649 2650
2647 2646 2645 2644
2648 2649 2650 2651
2648 2647 2646 2645
2649 2650 2651 2652
2649 2648 2647 2646
2650 2651 2652 2653
2650 2649 2648 2647
2651 2652 2653 2654
2651 2650 2649 2648
2652 2653 2654 2655
2652 2651 2650 2649
2653 2654 2655 2656
2653 2652 2651 2650
2654 2655 2656 2657
2654 2653 2652 2651
2655 2656 2657 2658
2655 2654 2653 2652
2656 2657 2658 2659
2656 2655 2654 2653
2657 2658 2659 2660
2657 2656 2655 2654
2658 2659 2660 2661
2658 2657 2656 2655
2659 2660 2661 2662
2659 2658 2657 2656
2660 2661 2662 2663
2660 2659 2658 2657
2661 2662 2663 2664
2661 2660 2659 2658
2662 2663 2664 2665
2662 2661 2660 2659
2663 2664 2665 2666
2663 2662 2661 2660
2664 2665 2666 2667
2664 2663 2662 2661
2665 2666 2667 2668
2665 2664 2663 2662
2666 2667 2668 2669
2666 2665 2664 2663
2667 2668 2669 2670
2667 2666 2665 2664
2668 2669 2670 2671
2668 2667 2666 2665
2669 2670 2671 2672
2669 2668 2667 2666
2670 2671 2672 2673
2670 2669 2668 2667
2671 2672 2673 2674
2671 2670 2669 2668
2672 2673 2674 2675
2672 2671 2670 2669
2673 2674 2675 2676
2673 2672 2671 2670
2674 2675 2676 2677
2674 2673 2672 2671
2675 2676 2677 2678
2675 2674 2673 2672
2676 2677 2678 2679
2676 2675 2674 2673
2677 2678 2679 2680
2677 2676 2675 2674
2678 2679 2680 2681
2678 2677 2676 2675
2679 2680 2681 2682
2679 2678 2677 2676
2680 2681 2682 2683
2680 2679 2678 2677
2681 2682 2683 2684
2681 2680 2679 2678
2682 2683 2684 2685
2682 2681 2680 2679
2683 2684 2685 2686
2683 2682 2681 2680
2684 2685 2686 2687
2684 2683 2682 2681
2685 2686 2687 2688
2685 2684 2683 2682
2686 2687 2688 2689
2686 2685 2684 2683
2687 2688 2689 2690
2687 2686 2685 2684
2688 2689 2690 2691
2688 2687 2686 2685
2689 2690 2691 2692
2689 2688 2687 2686
2690 2691 2692 2696
2690 2689 2688 2687
2691 2692 2696 2697
2691 2690 2689 2688
2692 2696 2697 2698
2692 2691 2690 2689
2693 2708 2707 2706
2693 2694 2695 2636
2694 2693 2708 2707
2694 2695 2636 2637
2695 2694 2693 2708
2695 2636 2637 2593
2696 2697 2698 2699
2696 2692 2691 2690
2697 2698 2699 2700
2697 2696 2692 2691
2698 2699 2700 2701
2698 2697 2696 2692
2699 2700 2701 2702
2699 2698 2697 2696
2700 2701 2702 2703
2700 2699 2698 2697
2701 2702 2703 2704
2701 2700 2699 2698
2702 2703 2704 2705
2702 2701 2700 2699
2703 2704 2705 2706
2703 2702 2701 2700
2704 2705 2706 2707
2704 2703 2702 2701
2705 2706 2707 2708
2705 2706 2694 2695
2705 2704 2703 2702
2706 2707 2708 2693
2706 2707 2694 2695
2706 2705 2704 2703
2707 2706 2705 2704
2707 2708 2693 2694
2708 2707 2706 2705
2708 2693 2694 2695
