0 15 14 13
0 1 2 3
1 0 15 14
1 2 3 4
2 1 0 15
2 3 4 5
3 2 1 0
3 4 5 6
4 3 2 1
4 5 6 7
5 4 3 2
5 6 7 8
6 7 8 16
6 5 4 3
7 8 16 17
7 6 5 4
8 16 17 27
8 7 6 5
9 26 25 24
9 10 11 12
10 9 26 25
10 11 12 13
11 10 9 26
11 12 13 14
12 11 10 9
12 13 14 15
13 12 11 10
13 14 15 0
14 13 12 11
14 15 0 1
15 14 13 12
15 0 1 2
16 17 27 34
16 8 7 6
17 27 34 44
17 16 8 7
18 33 32 31
18 19 20 21
19 18 33 32
19 20 21 22
20 19 18 33
20 21 22 23
21 20 19 18
21 22 23 24
22 21 20 19
22 23 24 25
23 22 21 20
23 24 25 26
24 23 22 21
24 25 26 9
25 24 23 22
25 26 9 10
26 25 24 23
26 9 10 11
27 34 44 45
27 17 16 8
28 43 42 41
28 29 30 31
29 28 43 42
29 30 31 32
30 29 28 43
30 31 32 33
31 30 29 28
31 32 33 18
32 31 30 29
32 33 18 19
33 32 31 30
33 18 19 20
34 44 45 53
34 27 17 16
35 52 51 50
35 36 37 38
36 35 52 51
36 37 38 39
37 36 35 52
37 38 39 40
38 37 36 35
38 39 40 41
39 38 37 36
39 40 41 42
40 39 38 37
40 41 42 43
41 40 39 38
41 42 43 28
42 41 40 39
42 43 28 29
43 42 41 40
43 28 29 30
44 45 53 63
44 34 27 17
45 53 63 70
45 44 34 27
46 62 61 60
46 47 48 49
47 46 62 61
47 48 49 50
48 47 46 62
48 49 50 51
49 48 47 46
49 50 51 52
50 49 48 47
50 51 52 35
51 50 49 48
51 52 35 36
52 51 50 49
52 35 36 37
53 63 70 71
53 45 44 34
54 69 68 67
54 55 56 57
55 54 69 68
55 56 57 58
56 55 54 69
56 57 58 59
57 56 55 54
57 58 59 60
58 57 56 55
58 59 60 61
59 58 57 56
59 60 61 62
60 59 58 57
60 61 62 46
61 60 59 58
61 62 46 47
62 61 60 59
62 46 47 48
63 70 71 80
63 53 45 44
64 79 78 77
64 65 66 67
65 64 79 78
65 66 67 68
66 65 64 79
66 67 68 69
67 66 65 64
67 68 69 54
68 67 66 65
68 69 54 55
69 68 67 66
69 54 55 56
70 71 80 87
70 63 53 45
71 80 87 95
71 70 63 53
72 86 85 84
72 73 74 75
73 72 86 85
73 74 75 76
74 73 72 86
74 75 76 77
75 74 73 72
75 76 77 78
76 75 74 73
76 77 78 79
77 76 75 74
77 78 79 64
78 77 76 75
78 79 64 65
79 78 77 76
79 64 65 66
80 87 95 96
80 71 70 63
81 94 93 92
81 82 83 84
82 81 94 93
82 83 84 85
83 82 81 94
83 84 85 86
84 83 82 81
84 85 86 72
85 84 83 82
85 86 72 73
86 85 84 83
86 72 73 74
87 95 96 103
87 80 71 70
88 102 101 100
88 89 90 91
89 88 102 101
89 90 91 92
90 89 88 102
90 91 92 93
91 90 89 88
91 92 93 94
92 91 90 89
92 93 94 81
93 92 91 90
93 94 81 82
94 93 92 91
94 81 82 83
95 96 103 112
95 87 80 71
96 103 112 113
96 95 87 80
97 111 110 109
97 98 99 100
98 97 111 110
98 99 100 101
99 98 97 111
99 100 101 102
100 99 98 97
100 101 102 88
101 100 99 98
101 102 88 89
102 101 100 99
102 88 89 90
103 112 113 120
103 96 95 87
104 119 118 117
104 105 106 107
105 104 119 118
105 106 107 108
106 105 104 119
106 107 108 109
107 106 105 104
107 108 109 110
108 107 106 105
108 109 110 111
109 108 107 106
109 110 111 97
110 109 108 107
110 111 97 98
111 110 109 108
111 97 98 99
112 113 120 121
112 103 96 95
113 120 121 130
113 112 103 96
114 129 128 127
114 115 116 117
115 114 129 128
115 116 117 118
116 115 114 129
116 117 118 119
117 116 115 114
117 118 119 104
118 117 116 115
118 119 104 105
119 118 117 116
119 104 105 106
120 121 130 136
120 113 112 103
121 130 136 137
121 120 113 112
122 135 134 133
122 123 124 125
123 122 135 134
123 124 125 126
124 123 122 135
124 125 126 127
125 124 123 122
125 126 127 128
126 125 124 123
126 127 128 129
127 126 125 124
127 128 129 114
128 127 126 125
128 129 114 115
129 128 127 126
129 114 115 116
130 136 137 146
130 121 120 113
131 145 144 143
131 132 133 134
132 131 145 144
132 133 134 135
133 132 131 145
133 134 135 122
134 133 132 131
134 135 122 123
135 134 133 132
135 122 123 124
136 137 146 153
136 130 121 120
137 146 153 162
137 136 130 121
138 152 151 150
138 139 140 141
139 138 152 151
139 140 141 142
140 139 138 152
140 141 142 143
141 140 139 138
141 142 143 144
142 141 140 139
142 143 144 145
143 142 141 140
143 144 145 131
144 143 142 141
144 145 131 132
145 144 143 142
145 131 132 133
146 153 162 163
146 137 136 130
147 161 160 159
147 148 149 150
148 147 161 160
148 149 150 151
149 148 147 161
149 150 151 152
150 149 148 147
150 151 152 138
151 150 149 148
151 152 138 139
152 151 150 149
152 138 139 140
153 162 163 169
153 146 137 136
154 168 167 166
154 155 156 157
155 154 168 167
155 156 157 158
156 155 154 168
156 157 158 159
157 156 155 154
157 158 159 160
158 157 156 155
158 159 160 161
159 158 157 156
159 160 161 147
160 159 158 157
160 161 147 148
161 160 159 158
161 147 148 149
162 163 169 178
162 153 146 137
163 169 178 185
163 162 153 146
164 177 176 175
164 165 166 167
165 164 177 176
165 166 167 168
166 165 164 177
166 167 168 154
167 166 165 164
167 168 154 155
168 167 166 165
168 154 155 156
169 178 185 186
169 163 162 153
170 184 183 182
170 171 172 173
171 170 184 183
171 172 173 174
172 171 170 184
172 173 174 175
173 172 171 170
173 174 175 176
174 173 172 171
174 175 176 177
175 174 173 172
175 176 177 164
176 175 174 173
176 177 164 165
177 176 175 174
177 164 165 166
178 185 186 195
178 169 163 162
179 194 193 192
179 180 181 182
180 179 194 193
180 181 182 183
181 180 179 194
181 182 183 184
182 181 180 179
182 183 184 170
183 182 181 180
183 184 170 171
184 183 182 181
184 170 171 172
185 186 195 202
185 178 169 163
186 195 202 203
186 185 178 169
187 201 200 199
187 188 189 190
188 187 201 200
188 189 190 191
189 188 187 201
189 190 191 192
190 189 188 187
190 191 192 193
191 190 189 188
191 192 193 194
192 191 190 189
192 193 194 179
193 192 191 190
193 194 179 180
194 193 192 191
194 179 180 181
195 202 203 211
195 186 185 178
196 210 209 208
196 197 198 199
197 196 210 209
197 198 199 200
198 197 196 210
198 199 200 201
199 198 197 196
199 200 201 187
200 199 198 197
200 201 187 188
201 200 199 198
201 187 188 189
202 203 211 212
202 195 186 185
203 211 212 219
203 202 195 186
204 218 217 216
204 205 206 207
205 204 218 217
205 206 207 208
206 205 204 218
206 207 208 209
207 206 205 204
207 208 209 210
208 207 206 205
208 209 210 196
209 208 207 206
209 210 196 197
210 209 208 207
210 196 197 198
211 212 219 227
211 203 202 195
212 219 227 228
212 211 203 202
213 226 225 224
213 214 215 216
214 213 226 225
214 215 216 217
215 214 213 226
215 216 217 218
216 215 214 213
216 217 218 204
217 216 215 214
217 218 204 205
218 217 216 215
218 204 205 206
219 227 228 235
219 212 211 203
220 234 233 232
220 221 222 223
221 220 234 233
221 222 223 224
222 221 220 234
222 223 224 225
223 222 221 220
223 224 225 226
224 223 222 221
224 225 226 213
225 224 223 222
225 226 213 214
226 225 224 223
226 213 214 215
227 228 235 244
227 219 212 211
228 235 244 251
228 227 219 212
229 243 242 241
229 230 231 232
230 229 243 242
230 231 232 233
231 230 229 243
231 232 233 234
232 231 230 229
232 233 234 220
233 232 231 230
233 234 220 221
234 233 232 231
234 220 221 222
235 244 251 252
235 228 227 219
236 250 249 248
236 237 238 239
237 236 250 249
237 238 239 240
238 237 236 250
238 239 240 241
239 238 237 236
239 240 241 242
240 239 238 237
240 241 242 243
241 240 239 238
241 242 243 229
242 241 240 239
242 243 229 230
243 242 241 240
243 229 230 231
244 251 252 260
244 235 228 227
245 259 258 257
245 246 247 248
246 245 259 258
246 247 248 249
247 246 245 259
247 248 249 250
248 247 246 245
248 249 250 236
249 248 247 246
249 250 236 237
250 249 248 247
250 236 237 238
251 252 260 266
251 244 235 228
252 260 266 274
252 251 244 235
253 265 264 263
253 254 255 256
254 253 265 264
254 255 256 257
255 254 253 265
255 256 257 258
256 255 254 253
256 257 258 259
257 256 255 254
257 258 259 245
258 257 256 255
258 259 245 246
259 258 257 256
259 245 246 247
260 266 274 275
260 252 251 244
261 273 272 271
261 262 263 264
262 261 273 272
262 263 264 265
263 262 261 273
263 264 265 253
264 263 262 261
264 265 253 254
265 264 263 262
265 253 254 255
266 274 275 281
266 260 252 251
267 280 279 278
267 268 269 270
268 267 280 279
268 269 270 271
269 268 267 280
269 270 271 272
270 269 268 267
270 271 272 273
271 270 269 268
271 272 273 261
272 271 270 269
272 273 261 262
273 272 271 270
273 261 262 263
274 275 281 289
274 266 260 252
275 281 289 290
275 274 266 260
276 288 287 286
276 277 278 279
277 276 288 287
277 278 279 280
278 277 276 288
278 279 280 267
279 278 277 276
279 280 267 268
280 279 278 277
280 267 268 269
281 289 290 296
281 275 274 266
282 295 294 293
282 283 284 285
283 282 295 294
283 284 285 286
284 283 282 295
284 285 286 287
285 284 283 282
285 286 287 288
286 285 284 283
286 287 288 276
287 286 285 284
287 288 276 277
288 287 286 285
288 276 277 278
289 290 296 297
289 281 275 274
290 296 297 304
290 289 281 275
291 303 302 301
291 292 293 294
292 291 303 302
292 293 294 295
293 292 291 303
293 294 295 282
294 293 292 291
294 295 282 283
295 294 293 292
295 282 283 284
296 297 304 308
296 290 289 281
297 304 308 309
297 296 290 289
298 307 306 305
298 299 300 301
299 298 307 306
299 300 301 302
300 299 298 307
300 301 302 303
301 300 299 298
301 302 303 291
302 301 300 299
302 303 291 292
303 302 301 300
303 291 292 293
304 308 309 312
304 297 296 290
305 311 310 314
305 306 307 298
306 305 311 310
306 307 298 299
307 306 305 311
307 298 299 300
308 309 312 315
308 304 297 296
309 312 315 318
309 308 304 297
310 314 313 317
310 311 305 306
311 310 314 313
311 305 306 307
312 315 318 319
312 309 308 304
313 317 316 320
313 314 310 311
314 313 317 316
314 310 311 305
315 318 319 321
315 312 309 308
316 320 323 322
316 317 313 314
317 316 320 323
317 313 314 310
318 319 321 324
318 315 312 309
319 321 324 326
319 318 315 312
320 323 322 325
320 316 317 313
321 324 326 327
321 319 318 315
322 325 329 328
322 323 320 316
323 322 325 329
323 320 316 317
324 326 327 330
324 321 319 318
325 329 328 331
325 322 323 320
326 327 330 332
326 324 321 319
327 330 332 333
327 326 324 321
328 331 334 338
328 329 325 322
329 328 331 334
329 325 322 323
330 332 333 335
330 327 326 324
331 334 338 337
331 328 329 325
332 333 335 336
332 330 327 326
333 335 336 339
333 332 330 327
334 338 337 340
334 331 328 329
335 336 339 341
335 333 332 330
336 339 341 342
336 335 333 332
337 340 344 343
337 338 334 331
338 337 340 344
338 334 331 328
339 341 342 345
339 336 335 333
340 344 343 346
340 337 338 334
341 342 345 347
341 339 336 335
342 345 347 350
342 341 339 336
343 346 349 348
343 344 340 337
344 343 346 349
344 340 337 338
345 347 350 351
345 342 341 339
346 349 348 352
346 343 344 340
347 350 351 353
347 345 342 341
348 352 355 354
348 349 346 343
349 348 352 355
349 346 343 344
350 351 353 356
350 347 345 342
351 353 356 358
351 350 347 345
352 355 354 357
352 348 349 346
353 356 358 359
353 351 350 347
354 357 360 362
354 355 352 348
355 354 357 360
355 352 348 349
356 358 359 361
356 353 351 350
357 360 362 365
357 354 355 352
358 359 361 363
358 356 353 351
359 361 363 364
359 358 356 353
360 362 365 369
360 357 354 355
361 363 364 366
361 359 358 356
362 365 369 368
362 360 357 354
363 364 366 367
363 361 359 358
364 366 367 370
364 363 361 359
365 369 368 371
365 362 360 357
366 367 370 372
366 364 363 361
367 370 372 373
367 366 364 363
368 371 375 374
368 369 365 362
369 368 371 375
369 365 362 360
370 372 373 376
370 367 366 364
371 375 374 377
371 368 369 365
372 373 376 378
372 370 367 366
373 376 378 381
373 372 370 367
374 377 380 379
374 375 371 368
375 374 377 380
375 371 368 369
376 378 381 382
376 373 372 370
377 380 379 383
377 374 375 371
378 381 382 384
378 376 373 372
379 383 386 385
379 380 377 374
380 379 383 386
380 377 374 375
381 382 384 387
381 378 376 373
382 384 387 389
382 381 378 376
383 386 385 388
383 379 380 377
384 387 389 390
384 382 381 378
385 388 392 391
385 386 383 379
386 385 388 392
386 383 379 380
387 389 390 393
387 384 382 381
388 392 391 394
388 385 386 383
389 390 393 395
389 387 384 382
390 393 395 396
390 389 387 384
391 394 398 397
391 392 388 385
392 391 394 398
392 388 385 386
393 395 396 399
393 390 389 387
394 398 397 401
394 391 392 388
395 396 399 400
395 393 390 389
396 399 400 402
396 395 393 390
397 401 404 403
397 398 394 391
398 397 401 404
398 394 391 392
399 400 402 405
399 396 395 393
400 402 405 406
400 399 396 395
401 404 403 407
401 397 398 394
402 405 406 408
402 400 399 396
403 407 410 409
403 404 401 397
404 403 407 410
404 401 397 398
405 406 408 411
405 402 400 399
406 408 411 413
406 405 402 400
407 410 409 412
407 403 404 401
408 411 413 414
408 406 405 402
409 412 415 417
409 410 407 403
410 409 412 415
410 407 403 404
411 413 414 416
411 408 406 405
412 415 417 419
412 409 410 407
413 414 416 418
413 411 408 406
414 416 418 420
414 413 411 408
415 417 419 422
415 412 409 410
416 418 420 421
416 414 413 411
417 419 422 424
417 415 412 409
418 420 421 423
418 416 414 413
419 422 424 427
419 417 415 412
420 421 423 425
420 418 416 414
421 423 425 426
421 420 418 416
422 424 427 430
422 419 417 415
423 425 426 428
423 421 420 418
424 427 430 432
424 422 419 417
425 426 428 429
425 423 421 420
426 428 429 431
426 425 423 421
427 430 432 436
427 424 422 419
428 429 431 433
428 426 425 423
429 431 433 434
429 428 426 425
430 432 436 435
430 427 424 422
431 433 434 437
431 429 428 426
432 436 435 438
432 430 427 424
433 434 437 439
433 431 429 428
434 437 439 442
434 433 431 429
435 438 441 440
435 436 432 430
436 435 438 441
436 432 430 427
437 439 442 443
437 434 433 431
438 441 440 444
438 435 436 432
439 442 443 445
439 437 434 433
440 444 447 446
440 441 438 435
441 440 444 447
441 438 435 436
442 443 445 448
442 439 437 434
443 445 448 450
443 442 439 437
444 447 446 449
444 440 441 438
445 448 450 451
445 443 442 439
446 449 453 452
446 447 444 440
447 446 449 453
447 444 440 441
448 450 451 454
448 445 443 442
449 453 452 455
449 446 447 444
450 451 454 456
450 448 445 443
451 454 456 457
451 450 448 445
452 455 459 458
452 453 449 446
453 452 455 459
453 449 446 447
454 456 457 460
454 451 450 448
455 459 458 462
455 452 453 449
456 457 460 461
456 454 451 450
457 460 461 463
457 456 454 451
458 462 465 464
458 459 455 452
459 458 462 465
459 455 452 453
460 461 463 466
460 457 456 454
461 463 466 467
461 460 457 456
462 465 464 468
462 458 459 455
463 466 467 469
463 461 460 457
464 468 470 472
464 465 462 458
465 464 468 470
465 462 458 459
466 467 469 471
466 463 461 460
467 469 471 473
467 466 463 461
468 470 472 475
468 464 465 462
469 471 473 474
469 467 466 463
470 472 475 477
470 468 464 465
471 473 474 476
471 469 467 466
472 475 477 479
472 470 468 464
473 474 476 478
473 471 469 467
474 476 478 480
474 473 471 469
475 477 479 483
475 472 470 468
476 478 480 481
476 474 473 471
477 479 483 482
477 475 472 470
478 480 481 484
478 476 474 473
479 483 482 485
479 477 475 472
480 481 484 486
480 478 476 474
481 484 486 487
481 480 478 476
482 485 489 488
482 483 479 477
483 482 485 489
483 479 477 475
484 486 487 490
484 481 480 478
485 489 488 492
485 482 483 479
486 487 490 491
486 484 481 480
487 490 491 493
487 486 484 481
488 492 494 497
488 489 485 482
489 488 492 494
489 485 482 483
490 491 493 495
490 487 486 484
491 493 495 496
491 490 487 486
492 494 497 499
492 488 489 485
493 495 496 498
493 491 490 487
494 497 499 501
494 492 488 489
495 496 498 500
495 493 491 490
496 498 500 502
496 495 493 491
497 499 501 504
497 494 492 488
498 500 502 503
498 496 495 493
499 501 504 507
499 497 494 492
500 502 503 505
500 498 496 495
501 504 507 506
501 499 497 494
502 503 505 508
502 500 498 496
503 505 508 510
503 502 500 498
504 507 506 509
504 501 499 497
505 508 510 511
505 503 502 500
506 509 512 514
506 507 504 501
507 506 509 512
507 504 501 499
508 510 511 513
508 505 503 502
509 512 514 517
509 506 507 504
510 511 513 515
510 508 505 503
511 513 515 516
511 510 508 505
512 514 517 521
512 509 506 507
513 515 516 518
513 511 510 508
514 517 521 520
514 512 509 506
515 516 518 519
515 513 511 510
516 518 519 522
516 515 513 511
517 521 520 523
517 514 512 509
518 519 522 524
518 516 515 513
519 522 524 525
519 518 516 515
520 523 526 528
520 521 517 514
521 520 523 526
521 517 514 512
522 524 525 527
522 519 518 516
523 526 528 530
523 520 521 517
524 525 527 529
524 522 519 518
525 527 529 531
525 524 522 519
526 528 530 533
526 523 520 521
527 529 531 532
527 525 524 522
528 530 533 535
528 526 523 520
529 531 532 534
529 527 525 524
530 533 535 537
530 528 526 523
531 532 534 536
531 529 527 525
532 534 536 538
532 531 529 527
533 535 537 540
533 530 528 526
534 536 538 539
534 532 531 529
535 537 540 542
535 533 530 528
536 538 539 541
536 534 532 531
537 540 542 546
537 535 533 530
538 539 541 543
538 536 534 532
539 541 543 544
539 538 536 534
540 542 546 545
540 537 535 533
541 543 544 547
541 539 538 536
542 546 545 549
542 540 537 535
543 544 547 548
543 541 539 538
544 547 548 550
544 543 541 539
545 549 551 554
545 546 542 540
546 545 549 551
546 542 540 537
547 548 550 552
547 544 543 541
548 550 552 553
548 547 544 543
549 551 554 561
549 545 546 542
550 552 553 560
550 548 547 544
551 554 561 569
551 549 545 546
552 553 560 567
552 550 548 547
553 560 567 575
553 552 550 548
554 561 569 568
554 551 549 545
555 563 562 572
555 556 557 558
556 555 563 562
556 557 558 559
557 558 559 564
557 556 555 563
558 559 564 565
558 557 556 555
559 564 565 566
559 558 557 556
560 567 575 576
560 553 552 550
561 569 568 577
561 554 551 549
562 572 571 570
562 563 555 556
563 562 572 571
563 555 556 557
564 565 566 573
564 559 558 557
565 566 573 574
565 564 559 558
566 573 574 580
566 565 564 559
567 575 576 582
567 560 553 552
568 577 583 590
568 569 561 554
569 568 577 583
569 561 554 551
570 579 578 585
570 571 572 562
571 570 579 578
571 572 562 563
572 571 570 579
572 562 563 555
573 574 580 581
573 566 565 564
574 580 581 586
574 573 566 565
575 576 582 588
575 567 560 553
576 582 588 596
576 575 567 560
577 583 590 589
577 568 569 561
578 585 584 592
578 579 570 571
579 578 585 584
579 570 571 572
580 581 586 587
580 574 573 566
581 586 587 593
581 580 574 573
582 588 596 597
582 576 575 567
583 590 589 598
583 577 568 569
584 592 591 600
584 585 578 579
585 584 592 591
585 578 579 570
586 587 593 594
586 581 580 574
587 593 594 595
587 586 581 580
588 596 597 603
588 582 576 575
589 598 604 611
589 590 583 577
590 589 598 604
590 583 577 568
591 600 599 606
591 592 584 585
592 591 600 599
592 584 585 578
593 594 595 601
593 587 586 581
594 595 601 602
594 593 587 586
595 601 602 607
595 594 593 587
596 597 603 609
596 588 582 576
597 603 609 610
597 596 588 582
598 604 611 618
598 589 590 583
599 606 605 613
599 600 591 592
600 599 606 605
600 591 592 584
601 602 607 608
601 595 594 593
602 607 608 614
602 601 595 594
603 609 610 616
603 597 596 588
604 611 618 624
604 598 589 590
605 613 612 620
605 606 599 600
606 605 613 612
606 599 600 591
607 608 614 615
607 602 601 595
608 614 615 621
608 607 602 601
609 610 616 617
609 603 597 596
610 616 617 623
610 609 603 597
611 618 624 631
611 604 598 589
612 620 619 626
612 613 605 606
613 612 620 619
613 605 606 599
614 615 621 622
614 608 607 602
615 621 622 627
615 614 608 607
616 617 623 629
616 610 609 603
617 623 629 630
617 616 610 609
618 624 631 637
618 611 604 598
619 626 625 633
619 620 612 613
620 619 626 625
620 612 613 605
621 622 627 628
621 615 614 608
622 627 628 634
622 621 615 614
623 629 630 636
623 617 616 610
624 631 637 643
624 618 611 604
625 633 632 639
625 626 619 620
626 625 633 632
626 619 620 612
627 628 634 635
627 622 621 615
628 634 635 640
628 627 622 621
629 630 636 642
629 623 617 616
630 636 642 648
630 629 623 617
631 637 643 650
631 624 618 611
632 639 638 645
632 633 625 626
633 632 639 638
633 625 626 619
634 635 640 641
634 628 627 622
635 640 641 646
635 634 628 627
636 642 648 649
636 630 629 623
637 643 650 656
637 631 624 618
638 645 644 652
638 639 632 633
639 638 645 644
639 632 633 625
640 641 646 647
640 635 634 628
641 646 647 653
641 640 635 634
642 648 649 655
642 636 630 629
643 650 656 662
643 637 631 624
644 652 651 658
644 645 638 639
645 644 652 651
645 638 639 632
646 647 653 654
646 641 640 635
647 653 654 659
647 646 641 640
648 649 655 661
648 642 636 630
649 655 661 666
649 648 642 636
650 656 662 668
650 643 637 631
651 658 657 663
651 652 644 645
652 651 658 657
652 644 645 638
653 654 659 660
653 647 646 641
654 659 660 664
654 653 647 646
655 661 666 667
655 649 648 642
656 662 668 673
656 650 643 637
657 663 669 675
657 658 651 652
658 657 663 669
658 651 652 644
659 660 664 665
659 654 653 647
660 664 665 670
660 659 654 653
661 666 667 672
661 655 649 648
662 668 673 680
662 656 650 643
663 669 675 674
663 657 658 651
664 665 670 671
664 660 659 654
665 670 671 676
665 664 660 659
666 667 672 678
666 661 655 649
667 672 678 679
667 666 661 655
668 673 680 686
668 662 656 650
669 675 674 682
669 663 657 658
670 671 676 677
670 665 664 660
671 676 677 683
671 670 665 664
672 678 679 684
672 667 666 661
673 680 686 690
673 668 662 656
674 682 681 687
674 675 669 663
675 674 682 681
675 669 663 657
676 677 683 688
676 671 670 665
677 683 688 692
677 676 671 670
678 679 684 685
678 672 667 666
679 684 685 689
679 678 672 667
680 686 690 696
680 673 668 662
681 687 691 698
681 682 674 675
682 681 687 691
682 674 675 669
683 688 692 693
683 677 676 671
684 685 689 694
684 679 678 672
685 689 694 695
685 684 679 678
686 690 696 702
686 680 673 668
687 691 698 697
687 681 682 674
688 692 693 699
688 683 677 676
689 694 695 701
689 685 684 679
690 696 702 708
690 686 680 673
691 698 697 704
691 687 681 682
692 693 699 700
692 688 683 677
693 699 700 705
693 692 688 683
694 695 701 707
694 689 685 684
695 701 707 711
695 694 689 685
696 702 708 713
696 690 686 680
697 704 703 709
697 698 691 687
698 697 704 703
698 691 687 681
699 700 705 706
699 693 692 688
700 705 706 710
700 699 693 692
701 707 711 712
701 695 694 689
702 708 713 719
702 696 690 686
703 709 715 714
703 704 697 698
704 703 709 715
704 697 698 691
705 706 710 716
705 700 699 693
706 710 716 717
706 705 700 699
707 711 712 718
707 701 695 694
708 713 719 725
708 702 696 690
709 715 714 721
709 703 704 697
710 716 717 722
710 706 705 700
711 712 718 724
711 707 701 695
712 718 724 728
712 711 707 701
713 719 725 730
713 708 702 696
714 721 720 726
714 715 709 703
715 714 721 720
715 709 703 704
716 717 722 723
716 710 706 705
717 722 723 727
717 716 710 706
718 724 728 729
718 712 711 707
719 725 730 736
719 713 708 702
720 726 732 731
720 721 714 715
721 720 726 732
721 714 715 709
722 723 727 733
722 717 716 710
723 727 733 738
723 722 717 716
724 728 729 734
724 718 712 711
725 730 736 735
725 719 713 708
726 732 731 737
726 720 721 714
727 733 738 739
727 723 722 717
728 729 734 740
728 724 718 712
729 734 740 741
729 728 724 718
730 736 735 742
730 725 719 713
731 737 743 748
731 732 726 720
732 731 737 743
732 726 720 721
733 738 739 744
733 727 723 722
734 740 741 745
734 729 728 724
735 742 747 751
735 736 730 725
736 735 742 747
736 730 725 719
737 743 748 752
737 731 732 726
738 739 744 749
738 733 727 723
739 744 749 753
739 738 733 727
740 741 745 746
740 734 729 728
741 745 746 750
741 740 734 729
742 747 751 757
742 735 736 730
743 748 752 759
743 737 731 732
744 749 753 754
744 739 738 733
745 746 750 755
745 741 740 734
746 750 755 756
746 745 741 740
747 751 757 762
747 742 735 736
748 752 759 758
748 743 737 731
749 753 754 760
749 744 739 738
750 755 756 761
750 746 745 741
751 757 762 767
751 747 742 735
752 759 758 763
752 748 743 737
753 754 760 764
753 749 744 739
754 760 764 765
754 753 749 744
755 756 761 766
755 750 746 745
756 761 766 771
756 755 750 746
757 762 767 774
757 751 747 742
758 763 769 768
758 759 752 748
759 758 763 769
759 752 748 743
760 764 765 770
760 754 753 749
761 766 771 772
761 756 755 750
762 767 774 773
762 757 751 747
763 769 768 775
763 758 759 752
764 765 770 776
764 760 754 753
765 770 776 781
765 764 760 754
766 771 772 777
766 761 756 755
767 774 773 778
767 762 757 751
768 775 780 779
768 769 763 758
769 768 775 780
769 763 758 759
770 776 781 785
770 765 764 760
771 772 777 782
771 766 761 756
772 777 782 786
772 771 766 761
773 778 783 788
773 774 767 762
774 773 778 783
774 767 762 757
775 780 779 784
775 768 769 763
776 781 785 791
776 770 765 764
777 782 786 787
777 772 771 766
778 783 788 794
778 773 774 767
779 784 790 789
779 780 775 768
780 779 784 790
780 775 768 769
781 785 791 792
781 776 770 765
782 786 787 793
782 777 772 771
783 788 794 799
783 778 773 774
784 790 789 795
784 779 780 775
785 791 792 796
785 781 776 770
786 787 793 797
786 782 777 772
787 793 797 798
787 786 782 777
788 794 799 805
788 783 778 773
789 795 800 806
789 790 784 779
790 789 795 800
790 784 779 780
791 792 796 801
791 785 781 776
792 796 801 802
792 791 785 781
793 797 798 803
793 787 786 782
794 799 805 809
794 788 783 778
795 800 806 810
795 789 790 784
796 801 802 807
796 792 791 785
797 798 803 804
797 793 787 786
798 803 804 808
798 797 793 787
799 805 809 814
799 794 788 783
800 806 810 815
800 795 789 790
801 802 807 811
801 796 792 791
802 807 811 816
802 801 796 792
803 804 808 812
803 798 797 793
804 808 812 813
804 803 798 797
805 809 814 818
805 799 794 788
806 810 815 819
806 800 795 789
807 811 816 820
807 802 801 796
808 812 813 817
808 804 803 798
809 814 818 822
809 805 799 794
810 815 819 824
810 806 800 795
811 816 820 825
811 807 802 801
812 813 817 821
812 808 804 803
813 817 821 826
813 812 808 804
814 818 822 829
814 809 805 799
815 819 824 823
815 810 806 800
816 820 825 831
816 811 807 802
817 821 826 827
817 813 812 808
818 822 829 828
818 814 809 805
819 824 823 830
819 815 810 806
820 825 831 835
820 816 811 807
821 826 827 832
821 817 813 812
822 829 828 833
822 818 814 809
823 830 834 840
823 824 819 815
824 823 830 834
824 819 815 810
825 831 835 836
825 820 816 811
826 827 832 837
826 821 817 813
827 832 837 842
827 826 821 817
828 833 838 844
828 829 822 818
829 828 833 838
829 822 818 814
830 834 840 839
830 823 824 819
831 835 836 841
831 825 820 816
832 837 842 843
832 827 826 821
833 838 844 848
833 828 829 822
834 840 839 845
834 830 823 824
835 836 841 846
835 831 825 820
836 841 846 850
836 835 831 825
837 842 843 847
837 832 827 826
838 844 848 853
838 833 828 829
839 845 849 854
839 840 834 830
840 839 845 849
840 834 830 823
841 846 850 855
841 836 835 831
842 843 847 851
842 837 832 827
843 847 851 852
843 842 837 832
844 848 853 857
844 838 833 828
845 849 854 858
845 839 840 834
846 850 855 859
846 841 836 835
847 851 852 856
847 843 842 837
848 853 857 862
848 844 838 833
849 854 858 863
849 845 839 840
850 855 859 864
850 846 841 836
851 852 856 860
851 847 843 842
852 856 860 861
852 851 847 843
853 857 862 866
853 848 844 838
854 858 863 868
854 849 845 839
855 859 864 869
855 850 846 841
856 860 861 865
856 852 851 847
857 862 866 871
857 853 848 844
858 863 868 867
858 854 849 845
859 864 869 873
859 855 850 846
860 861 865 870
860 856 852 851
861 865 870 874
861 860 856 852
862 866 871 875
862 857 853 848
863 868 867 872
863 858 854 849
864 869 873 877
864 859 855 850
865 870 874 878
865 861 860 856
866 871 875 879
866 862 857 853
867 872 876 881
867 868 863 858
868 867 872 876
868 863 858 854
869 873 877 882
869 864 859 855
870 874 878 883
870 865 861 860
871 875 879 884
871 866 862 857
872 876 881 880
872 867 868 863
873 877 882 886
873 869 864 859
874 878 883 887
874 870 865 861
875 879 884 888
875 871 866 862
876 881 880 885
876 872 867 868
877 882 886 890
877 873 869 864
878 883 887 891
878 874 870 865
879 884 888 892
879 875 871 866
880 885 889 893
880 881 876 872
881 880 885 889
881 876 872 867
882 886 890 894
882 877 873 869
883 887 891 895
883 878 874 870
884 888 892 896
884 879 875 871
885 889 893 897
885 880 881 876
886 890 894 898
886 882 877 873
887 891 895 899
887 883 878 874
888 892 896 900
888 884 879 875
889 893 897 901
889 885 880 881
890 894 898 902
890 886 882 877
891 895 899 904
891 887 883 878
892 896 900 905
892 888 884 879
893 897 901 906
893 889 885 880
894 898 902 903
894 890 886 882
895 899 904 908
895 891 887 883
896 900 905 909
896 892 888 884
897 901 906 910
897 893 889 885
898 902 903 907
898 894 890 886
899 904 908 912
899 895 891 887
900 905 909 913
900 896 892 888
901 906 910 914
901 897 893 889
902 903 907 911
902 898 894 890
903 907 911 915
903 902 898 894
904 908 912 916
904 899 895 891
905 909 913 917
905 900 896 892
906 910 914 918
906 901 897 893
907 911 915 919
907 903 902 898
908 912 916 920
908 904 899 895
909 913 917 921
909 905 900 896
910 914 918 922
910 906 901 897
911 915 919 923
911 907 903 902
912 916 920 924
912 908 904 899
913 917 921 925
913 909 905 900
914 918 922 926
914 910 906 901
915 919 923 927
915 911 907 903
916 920 924 928
916 912 908 904
917 921 925 929
917 913 909 905
918 922 926 930
918 914 910 906
919 923 927 931
919 915 911 907
920 924 928 932
920 916 912 908
921 925 929 933
921 917 913 909
922 926 930 934
922 918 914 910
923 927 931 935
923 919 915 911
924 928 932 936
924 920 916 912
925 929 933 937
925 921 917 913
926 930 934 939
926 922 918 914
927 931 935 940
927 923 919 915
928 932 936 941
928 924 920 916
929 933 937 942
929 925 921 917
930 934 939 938
930 926 922 918
931 935 940 944
931 927 923 919
932 936 941 945
932 928 924 920
933 937 942 946
933 929 925 921
934 939 938 943
934 930 926 922
935 940 944 948
935 931 927 923
936 941 945 949
936 932 928 924
937 942 946 950
937 933 929 925
938 943 947 951
938 939 934 930
939 938 943 947
939 934 930 926
940 944 948 952
940 935 931 927
941 945 949 954
941 936 932 928
942 946 950 955
942 937 933 929
943 947 951 956
943 938 939 934
944 948 952 957
944 940 935 931
945 949 954 953
945 941 936 932
946 950 955 959
946 942 937 933
947 951 956 960
947 943 938 939
948 952 957 961
948 944 940 935
949 954 953 958
949 945 941 936
950 955 959 963
950 946 942 937
951 956 960 964
951 947 943 938
952 957 961 965
952 948 944 940
953 958 962 966
953 954 949 945
954 953 958 962
954 949 945 941
955 959 963 967
955 950 946 942
956 960 964 968
956 951 947 943
957 961 965 969
957 952 948 944
958 962 966 971
958 953 954 949
959 963 967 972
959 955 950 946
960 964 968 973
960 956 951 947
961 965 969 974
961 957 952 948
962 966 971 970
962 958 953 954
963 967 972 976
963 959 955 950
964 968 973 977
964 960 956 951
965 969 974 978
965 961 957 952
966 971 970 975
966 962 958 953
967 972 976 980
967 963 959 955
968 973 977 981
968 964 960 956
969 974 978 982
969 965 961 957
970 975 979 983
970 971 966 962
971 970 975 979
971 966 962 958
972 976 980 984
972 967 963 959
973 977 981 985
973 968 964 960
974 978 982 986
974 969 965 961
975 979 983 987
975 970 971 966
976 980 984 988
976 972 967 963
977 981 985 989
977 973 968 964
978 982 986 990
978 974 969 965
979 983 987 991
979 975 970 971
980 984 988 992
980 976 972 967
981 985 989 993
981 977 973 968
982 986 990 994
982 978 974 969
983 987 991 995
983 979 975 970
984 988 992 996
984 980 976 972
985 989 993 997
985 981 977 973
986 990 994 998
986 982 978 974
987 991 995 999
987 983 979 975
988 992 996 1000
988 984 980 976
989 993 997 1001
989 985 981 977
990 994 998 1002
990 986 982 978
991 995 999 1003
991 987 983 979
992 996 1000 1004
992 988 984 980
993 997 1001 1005
993 989 985 981
994 998 1002 1006
994 990 986 982
995 999 1003 1007
995 991 987 983
996 1000 1004 1008
996 992 988 984
997 1001 1005 1009
997 993 989 985
998 1002 1006 1010
998 994 990 986
999 1003 1007 1011
999 995 991 987
1000 1004 1008 1012
1000 996 992 988
1001 1005 1009 1013
1001 997 993 989
1002 1006 1010 1014
1002 998 994 990
1003 1007 1011 1015
1003 999 995 991
1004 1008 1012 1016
1004 1000 996 992
1005 1009 1013 1017
1005 1001 997 993
1006 1010 1014 1018
1006 1002 998 994
1007 1011 1015 1019
1007 1003 999 995
1008 1012 1016 1020
1008 1004 1000 996
1009 1013 1017 1021
1009 1005 1001 997
1010 1014 1018 1022
1010 1006 1002 998
1011 1015 1019 1023
1011 1007 1003 999
1012 1016 1020 1024
1012 1008 1004 1000
1013 1017 1021 1025
1013 1009 1005 1001
1014 1018 1022 1026
1014 1010 1006 1002
1015 1019 1023 1027
1015 1011 1007 1003
1016 1020 1024 1028
1016 1012 1008 1004
1017 1021 1025 1029
1017 1013 1009 1005
1018 1022 1026 1030
1018 1014 1010 1006
1019 1023 1027 1031
1019 1015 1011 1007
1020 1024 1028 1032
1020 1016 1012 1008
1021 1025 1029 1033
1021 1017 1013 1009
1022 1026 1030 1034
1022 1018 1014 1010
1023 1027 1031 1035
1023 1019 1015 1011
1024 1028 1032 1036
1024 1020 1016 1012
1025 1029 1033 1037
1025 1021 1017 1013
1026 1030 1034 1038
1026 1022 1018 1014
1027 1031 1035 1039
1027 1023 1019 1015
1028 1032 1036 1040
1028 1024 1020 1016
1029 1033 1037 1041
1029 1025 1021 1017
1030 1034 1038 1042
1030 1026 1022 1018
1031 1035 1039 1043
1031 1027 1023 1019
1032 1036 1040 1044
1032 1028 1024 1020
1033 1037 1041 1045
1033 1029 1025 1021
1034 1038 1042 1046
1034 1030 1026 1022
1035 1039 1043 1047
1035 1031 1027 1023
1036 1040 1044 1048
1036 1032 1028 1024
1037 1041 1045 1049
1037 1033 1029 1025
1038 1042 1046 1050
1038 1034 1030 1026
1039 1043 1047 1051
1039 1035 1031 1027
1040 1044 1048 1052
1040 1036 1032 1028
1041 1045 1049 1053
1041 1037 1033 1029
1042 1046 1050 1054
1042 1038 1034 1030
1043 1047 1051 1055
1043 1039 1035 1031
1044 1048 1052 1056
1044 1040 1036 1032
1045 1049 1053 1057
1045 1041 1037 1033
1046 1050 1054 1058
1046 1042 1038 1034
1047 1051 1055 1060
1047 1043 1039 1035
1048 1052 1056 1061
1048 1044 1040 1036
1049 1053 1057 1062
1049 1045 1041 1037
1050 1054 1058 1063
1050 1046 1042 1038
1051 1055 1060 1059
1051 1047 1043 1039
1052 1056 1061 1065
1052 1048 1044 1040
1053 1057 1062 1066
1053 1049 1045 1041
1054 1058 1063 1067
1054 1050 1046 1042
1055 1060 1059 1064
1055 1051 1047 1043
1056 1061 1065 1069
1056 1052 1048 1044
1057 1062 1066 1070
1057 1053 1049 1045
1058 1063 1067 1071
1058 1054 1050 1046
1059 1064 1068 1072
1059 1060 1055 1051
1060 1059 1064 1068
1060 1055 1051 1047
1061 1065 1069 1073
1061 1056 1052 1048
1062 1066 1070 1074
1062 1057 1053 1049
1063 1067 1071 1075
1063 1058 1054 1050
1064 1068 1072 1076
1064 1059 1060 1055
1065 1069 1073 1077
1065 1061 1056 1052
1066 1070 1074 1078
1066 1062 1057 1053
1067 1071 1075 1079
1067 1063 1058 1054
1068 1072 1076 1080
1068 1064 1059 1060
1069 1073 1077 1081
1069 1065 1061 1056
1070 1074 1078 1082
1070 1066 1062 1057
1071 1075 1079 1083
1071 1067 1063 1058
1072 1076 1080 1084
1072 1068 1064 1059
1073 1077 1081 1085
1073 1069 1065 1061
1074 1078 1082 1086
1074 1070 1066 1062
1075 1079 1083 1087
1075 1071 1067 1063
1076 1080 1084 1088
1076 1072 1068 1064
1077 1081 1085 1089
1077 1073 1069 1065
1078 1082 1086 1090
1078 1074 1070 1066
1079 1083 1087 1091
1079 1075 1071 1067
1080 1084 1088 1092
1080 1076 1072 1068
1081 1085 1089 1093
1081 1077 1073 1069
1082 1086 1090 1094
1082 1078 1074 1070
1083 1087 1091 1095
1083 1079 1075 1071
1084 1088 1092 1096
1084 1080 1076 1072
1085 1089 1093 1097
1085 1081 1077 1073
1086 1090 1094 1098
1086 1082 1078 1074
1087 1091 1095 1099
1087 1083 1079 1075
1088 1092 1096 1100
1088 1084 1080 1076
1089 1093 1097 1101
1089 1085 1081 1077
1090 1094 1098 1102
1090 1086 1082 1078
1091 1095 1099 1103
1091 1087 1083 1079
1092 1096 1100 1105
1092 1088 1084 1080
1093 1097 1101 1106
1093 1089 1085 1081
1094 1098 1102 1107
1094 1090 1086 1082
1095 1099 1103 1108
1095 1091 1087 1083
1096 1100 1105 1104
1096 1092 1088 1084
1097 1101 1106 1110
1097 1093 1089 1085
1098 1102 1107 1111
1098 1094 1090 1086
1099 1103 1108 1112
1099 1095 1091 1087
1100 1105 1104 1109
1100 1096 1092 1088
1101 1106 1110 1114
1101 1097 1093 1089
1102 1107 1111 1115
1102 1098 1094 1090
1103 1108 1112 1116
1103 1099 1095 1091
1104 1109 1113 1117
1104 1105 1100 1096
1105 1104 1109 1113
1105 1100 1096 1092
1106 1110 1114 1118
1106 1101 1097 1093
1107 1111 1115 1119
1107 1102 1098 1094
1108 1112 1116 1121
1108 1103 1099 1095
1109 1113 1117 1122
1109 1104 1105 1100
1110 1114 1118 1123
1110 1106 1101 1097
1111 1115 1119 1120
1111 1107 1102 1098
1112 1116 1121 1125
1112 1108 1103 1099
1113 1117 1122 1126
1113 1109 1104 1105
1114 1118 1123 1127
1114 1110 1106 1101
1115 1119 1120 1124
1115 1111 1107 1102
1116 1121 1125 1129
1116 1112 1108 1103
1117 1122 1126 1130
1117 1113 1109 1104
1118 1123 1127 1131
1118 1114 1110 1106
1119 1120 1124 1128
1119 1115 1111 1107
1120 1124 1128 1132
1120 1119 1115 1111
1121 1125 1129 1133
1121 1116 1112 1108
1122 1126 1130 1134
1122 1117 1113 1109
1123 1127 1131 1135
1123 1118 1114 1110
1124 1128 1132 1136
1124 1120 1119 1115
1125 1129 1133 1137
1125 1121 1116 1112
1126 1130 1134 1138
1126 1122 1117 1113
1127 1131 1135 1139
1127 1123 1118 1114
1128 1132 1136 1140
1128 1124 1120 1119
1129 1133 1137 1141
1129 1125 1121 1116
1130 1134 1138 1142
1130 1126 1122 1117
1131 1135 1139 1143
1131 1127 1123 1118
1132 1136 1140 1144
1132 1128 1124 1120
1133 1137 1141 1145
1133 1129 1125 1121
1134 1138 1142 1146
1134 1130 1126 1122
1135 1139 1143 1147
1135 1131 1127 1123
1136 1140 1144 1148
1136 1132 1128 1124
1137 1141 1145 1149
1137 1133 1129 1125
1138 1142 1146 1151
1138 1134 1130 1126
1139 1143 1147 1152
1139 1135 1131 1127
1140 1144 1148 1153
1140 1136 1132 1128
1141 1145 1149 1154
1141 1137 1133 1129
1142 1146 1151 1150
1142 1138 1134 1130
1143 1147 1152 1156
1143 1139 1135 1131
1144 1148 1153 1157
1144 1140 1136 1132
1145 1149 1154 1159
1145 1141 1137 1133
1146 1151 1150 1155
1146 1142 1138 1134
1147 1152 1156 1161
1147 1143 1139 1135
1148 1153 1157 1162
1148 1144 1140 1136
1149 1154 1159 1158
1149 1145 1141 1137
1150 1155 1160 1165
1150 1151 1146 1142
1151 1150 1155 1160
1151 1146 1142 1138
1152 1156 1161 1166
1152 1147 1143 1139
1153 1157 1162 1163
1153 1148 1144 1140
1154 1159 1158 1164
1154 1149 1145 1141
1155 1160 1165 1169
1155 1150 1151 1146
1156 1161 1166 1170
1156 1152 1147 1143
1157 1162 1163 1167
1157 1153 1148 1144
1158 1164 1168 1172
1158 1159 1154 1149
1159 1158 1164 1168
1159 1154 1149 1145
1160 1165 1169 1173
1160 1155 1150 1151
1161 1166 1170 1174
1161 1156 1152 1147
1162 1163 1167 1171
1162 1157 1153 1148
1163 1167 1171 1175
1163 1162 1157 1153
1164 1168 1172 1176
1164 1158 1159 1154
1165 1169 1173 1177
1165 1160 1155 1150
1166 1170 1174 1178
1166 1161 1156 1152
1167 1171 1175 1179
1167 1163 1162 1157
1168 1172 1176 1181
1168 1164 1158 1159
1169 1173 1177 1182
1169 1165 1160 1155
1170 1174 1178 1183
1170 1166 1161 1156
1171 1175 1179 1180
1171 1167 1163 1162
1172 1176 1181 1185
1172 1168 1164 1158
1173 1177 1182 1186
1173 1169 1165 1160
1174 1178 1183 1187
1174 1170 1166 1161
1175 1179 1180 1184
1175 1171 1167 1163
1176 1181 1185 1189
1176 1172 1168 1164
1177 1182 1186 1190
1177 1173 1169 1165
1178 1183 1187 1191
1178 1174 1170 1166
1179 1180 1184 1188
1179 1175 1171 1167
1180 1184 1188 1192
1180 1179 1175 1171
1181 1185 1189 1193
1181 1176 1172 1168
1182 1186 1190 1194
1182 1177 1173 1169
1183 1187 1191 1195
1183 1178 1174 1170
1184 1188 1192 1196
1184 1180 1179 1175
1185 1189 1193 1197
1185 1181 1176 1172
1186 1190 1194 1199
1186 1182 1177 1173
1187 1191 1195 1200
1187 1183 1178 1174
1188 1192 1196 1201
1188 1184 1180 1179
1189 1193 1197 1202
1189 1185 1181 1176
1190 1194 1199 1198
1190 1186 1182 1177
1191 1195 1200 1204
1191 1187 1183 1178
1192 1196 1201 1205
1192 1188 1184 1180
1193 1197 1202 1206
1193 1189 1185 1181
1194 1199 1198 1203
1194 1190 1186 1182
1195 1200 1204 1208
1195 1191 1187 1183
1196 1201 1205 1209
1196 1192 1188 1184
1197 1202 1206 1210
1197 1193 1189 1185
1198 1203 1207 1211
1198 1199 1194 1190
1199 1198 1203 1207
1199 1194 1190 1186
1200 1204 1208 1212
1200 1195 1191 1187
1201 1205 1209 1213
1201 1196 1192 1188
1202 1206 1210 1214
1202 1197 1193 1189
1203 1207 1211 1216
1203 1198 1199 1194
1204 1208 1212 1217
1204 1200 1195 1191
1205 1209 1213 1219
1205 1201 1196 1192
1206 1210 1214 1221
1206 1202 1197 1193
1207 1211 1216 1215
1207 1203 1198 1199
1208 1212 1217 1218
1208 1204 1200 1195
1209 1213 1219 1220
1209 1205 1201 1196
1210 1214 1221 1226
1210 1206 1202 1197
1211 1216 1215 1222
1211 1207 1203 1198
1212 1217 1218 1223
1212 1208 1204 1200
1213 1219 1220 1224
1213 1209 1205 1201
1214 1221 1226 1225
1214 1210 1206 1202
1215 1222 1227 1231
1215 1216 1211 1207
1216 1215 1222 1227
1216 1211 1207 1203
1217 1218 1223 1228
1217 1212 1208 1204
1218 1223 1228 1232
1218 1217 1212 1208
1219 1220 1224 1229
1219 1213 1209 1205
1220 1224 1229 1233
1220 1219 1213 1209
1221 1226 1225 1230
1221 1214 1210 1206
1222 1227 1231 1236
1222 1215 1216 1211
1223 1228 1232 1237
1223 1218 1217 1212
1224 1229 1233 1234
1224 1220 1219 1213
1225 1230 1235 1239
1225 1226 1221 1214
1226 1225 1230 1235
1226 1221 1214 1210
1227 1231 1236 1240
1227 1222 1215 1216
1228 1232 1237 1241
1228 1223 1218 1217
1229 1233 1234 1238
1229 1224 1220 1219
1230 1235 1239 1244
1230 1225 1226 1221
1231 1236 1240 1245
1231 1227 1222 1215
1232 1237 1241 1242
1232 1228 1223 1218
1233 1234 1238 1243
1233 1229 1224 1220
1234 1238 1243 1247
1234 1233 1229 1224
1235 1239 1244 1248
1235 1230 1225 1226
1236 1240 1245 1250
1236 1231 1227 1222
1237 1241 1242 1246
1237 1232 1228 1223
1238 1243 1247 1253
1238 1234 1233 1229
1239 1244 1248 1254
1239 1235 1230 1225
1240 1245 1250 1249
1240 1236 1231 1227
1241 1242 1246 1251
1241 1237 1232 1228
1242 1246 1251 1252
1242 1241 1237 1232
1243 1247 1253 1257
1243 1238 1234 1233
1244 1248 1254 1259
1244 1239 1235 1230
1245 1250 1249 1255
1245 1240 1236 1231
1246 1251 1252 1256
1246 1242 1241 1237
1247 1253 1257 1262
1247 1243 1238 1234
1248 1254 1259 1258
1248 1244 1239 1235
1249 1255 1260 1264
1249 1250 1245 1240
1250 1249 1255 1260
1250 1245 1240 1236
1251 1252 1256 1261
1251 1246 1242 1241
1252 1256 1261 1265
1252 1251 1246 1242
1253 1257 1262 1266
1253 1247 1243 1238
1254 1259 1258 1263
1254 1248 1244 1239
1255 1260 1264 1270
1255 1249 1250 1245
1256 1261 1265 1271
1256 1252 1251 1246
1257 1262 1266 1267
1257 1253 1247 1243
1258 1263 1269 1268
1258 1259 1254 1248
1259 1258 1263 1269
1259 1254 1248 1244
1260 1264 1270 1274
1260 1255 1249 1250
1261 1265 1271 1275
1261 1256 1252 1251
1262 1266 1267 1272
1262 1257 1253 1247
1263 1269 1268 1273
1263 1258 1259 1254
1264 1270 1274 1279
1264 1260 1255 1249
1265 1271 1275 1280
1265 1261 1256 1252
1266 1267 1272 1276
1266 1262 1257 1253
1267 1272 1276 1277
1267 1266 1262 1257
1268 1273 1278 1282
1268 1269 1263 1258
1269 1268 1273 1278
1269 1263 1258 1259
1270 1274 1279 1283
1270 1264 1260 1255
1271 1275 1280 1284
1271 1265 1261 1256
1272 1276 1277 1281
1272 1267 1266 1262
1273 1278 1282 1288
1273 1268 1269 1263
1274 1279 1283 1289
1274 1270 1264 1260
1275 1280 1284 1285
1275 1271 1265 1261
1276 1277 1281 1286
1276 1272 1267 1266
1277 1281 1286 1287
1277 1276 1272 1267
1278 1282 1288 1293
1278 1273 1268 1269
1279 1283 1289 1294
1279 1274 1270 1264
1280 1284 1285 1290
1280 1275 1271 1265
1281 1286 1287 1291
1281 1277 1276 1272
1282 1288 1293 1292
1282 1278 1273 1268
1283 1289 1294 1300
1283 1279 1274 1270
1284 1285 1290 1295
1284 1280 1275 1271
1285 1290 1295 1296
1285 1284 1280 1275
1286 1287 1291 1297
1286 1281 1277 1276
1287 1291 1297 1298
1287 1286 1281 1277
1288 1293 1292 1299
1288 1282 1278 1273
1289 1294 1300 1306
1289 1283 1279 1274
1290 1295 1296 1301
1290 1285 1284 1280
1291 1297 1298 1302
1291 1287 1286 1281
1292 1299 1304 1303
1292 1293 1288 1282
1293 1292 1299 1304
1293 1288 1282 1278
1294 1300 1306 1305
1294 1289 1283 1279
1295 1296 1301 1307
1295 1290 1285 1284
1296 1301 1307 1308
1296 1295 1290 1285
1297 1298 1302 1309
1297 1291 1287 1286
1298 1302 1309 1313
1298 1297 1291 1287
1299 1304 1303 1310
1299 1292 1293 1288
1300 1306 1305 1311
1300 1294 1289 1283
1301 1307 1308 1312
1301 1296 1295 1290
1302 1309 1313 1318
1302 1298 1297 1291
1303 1310 1314 1320
1303 1304 1299 1292
1304 1303 1310 1314
1304 1299 1292 1293
1305 1311 1315 1321
1305 1306 1300 1294
1306 1305 1311 1315
1306 1300 1294 1289
1307 1308 1312 1316
1307 1301 1296 1295
1308 1312 1316 1317
1308 1307 1301 1296
1309 1313 1318 1323
1309 1302 1298 1297
1310 1314 1320 1319
1310 1303 1304 1299
1311 1315 1321 1327
1311 1305 1306 1300
1312 1316 1317 1322
1312 1308 1307 1301
1313 1318 1323 1324
1313 1309 1302 1298
1314 1320 1319 1325
1314 1310 1303 1304
1315 1321 1327 1326
1315 1311 1305 1306
1316 1317 1322 1328
1316 1312 1308 1307
1317 1322 1328 1329
1317 1316 1312 1308
1318 1323 1324 1330
1318 1313 1309 1302
1319 1325 1331 1337
1319 1320 1314 1310
1320 1319 1325 1331
1320 1314 1310 1303
1321 1327 1326 1332
1321 1315 1311 1305
1322 1328 1329 1333
1322 1317 1316 1312
1323 1324 1330 1334
1323 1318 1313 1309
1324 1330 1334 1335
1324 1323 1318 1313
1325 1331 1337 1336
1325 1319 1320 1314
1326 1332 1338 1345
1326 1327 1321 1315
1327 1326 1332 1338
1327 1321 1315 1311
1328 1329 1333 1339
1328 1322 1317 1316
1329 1333 1339 1340
1329 1328 1322 1317
1330 1334 1335 1341
1330 1324 1323 1318
1331 1337 1336 1344
1331 1325 1319 1320
1332 1338 1345 1349
1332 1326 1327 1321
1333 1339 1340 1346
1333 1329 1328 1322
1334 1335 1341 1342
1334 1330 1324 1323
1335 1341 1342 1347
1335 1334 1330 1324
1336 1344 1343 1348
1336 1337 1331 1325
1337 1336 1344 1343
1337 1331 1325 1319
1338 1345 1349 1356
1338 1332 1326 1327
1339 1340 1346 1350
1339 1333 1329 1328
1340 1346 1350 1351
1340 1339 1333 1329
1341 1342 1347 1352
1341 1335 1334 1330
1342 1347 1352 1353
1342 1341 1335 1334
1343 1348 1355 1354
1343 1344 1336 1337
1344 1343 1348 1355
1344 1336 1337 1331
1345 1349 1356 1362
1345 1338 1332 1326
1346 1350 1351 1357
1346 1340 1339 1333
1347 1352 1353 1358
1347 1342 1341 1335
1348 1355 1354 1361
1348 1343 1344 1336
1349 1356 1362 1368
1349 1345 1338 1332
1350 1351 1357 1363
1350 1346 1340 1339
1351 1357 1363 1364
1351 1350 1346 1340
1352 1353 1358 1359
1352 1347 1342 1341
1353 1358 1359 1365
1353 1352 1347 1342
1354 1361 1360 1367
1354 1355 1348 1343
1355 1354 1361 1360
1355 1348 1343 1344
1356 1362 1368 1373
1356 1349 1345 1338
1357 1363 1364 1369
1357 1351 1350 1346
1358 1359 1365 1370
1358 1353 1352 1347
1359 1365 1370 1376
1359 1358 1353 1352
1360 1367 1366 1372
1360 1361 1354 1355
1361 1360 1367 1366
1361 1354 1355 1348
1362 1368 1373 1379
1362 1356 1349 1345
1363 1364 1369 1374
1363 1357 1351 1350
1364 1369 1374 1375
1364 1363 1357 1351
1365 1370 1376 1377
1365 1359 1358 1353
1366 1372 1371 1378
1366 1367 1360 1361
1367 1366 1372 1371
1367 1360 1361 1354
1368 1373 1379 1385
1368 1362 1356 1349
1369 1374 1375 1380
1369 1364 1363 1357
1370 1376 1377 1381
1370 1365 1359 1358
1371 1378 1384 1383
1371 1372 1366 1367
1372 1371 1378 1384
1372 1366 1367 1360
1373 1379 1385 1391
1373 1368 1362 1356
1374 1375 1380 1386
1374 1369 1364 1363
1375 1380 1386 1387
1375 1374 1369 1364
1376 1377 1381 1382
1376 1370 1365 1359
1377 1381 1382 1388
1377 1376 1370 1365
1378 1384 1383 1390
1378 1371 1372 1366
1379 1385 1391 1396
1379 1373 1368 1362
1380 1386 1387 1392
1380 1375 1374 1369
1381 1382 1388 1393
1381 1377 1376 1370
1382 1388 1393 1399
1382 1381 1377 1376
1383 1390 1389 1395
1383 1384 1378 1371
1384 1383 1390 1389
1384 1378 1371 1372
1385 1391 1396 1403
1385 1379 1373 1368
1386 1387 1392 1397
1386 1380 1375 1374
1387 1392 1397 1398
1387 1386 1380 1375
1388 1393 1399 1400
1388 1382 1381 1377
1389 1395 1394 1402
1389 1390 1383 1384
1390 1389 1395 1394
1390 1383 1384 1378
1391 1396 1403 1409
1391 1385 1379 1373
1392 1397 1398 1404
1392 1387 1386 1380
1393 1399 1400 1405
1393 1388 1382 1381
1394 1402 1401 1408
1394 1395 1389 1390
1395 1394 1402 1401
1395 1389 1390 1383
1396 1403 1409 1416
1396 1391 1385 1379
1397 1398 1404 1410
1397 1392 1387 1386
1398 1404 1410 1411
1398 1397 1392 1387
1399 1400 1405 1406
1399 1393 1388 1382
1400 1405 1406 1412
1400 1399 1393 1388
1401 1408 1407 1415
1401 1402 1394 1395
1402 1401 1408 1407
1402 1394 1395 1389
1403 1409 1416 1422
1403 1396 1391 1385
1404 1410 1411 1417
1404 1398 1397 1392
1405 1406 1412 1413
1405 1400 1399 1393
1406 1412 1413 1418
1406 1405 1400 1399
1407 1415 1414 1421
1407 1408 1401 1402
1408 1407 1415 1414
1408 1401 1402 1394
1409 1416 1422 1429
1409 1403 1396 1391
1410 1411 1417 1423
1410 1404 1398 1397
1411 1417 1423 1424
1411 1410 1404 1398
1412 1413 1418 1419
1412 1406 1405 1400
1413 1418 1419 1425
1413 1412 1406 1405
1414 1421 1420 1428
1414 1415 1407 1408
1415 1414 1421 1420
1415 1407 1408 1401
1416 1422 1429 1436
1416 1409 1403 1396
1417 1423 1424 1430
1417 1411 1410 1404
1418 1419 1425 1426
1418 1413 1412 1406
1419 1425 1426 1431
1419 1418 1413 1412
1420 1428 1427 1434
1420 1421 1414 1415
1421 1420 1428 1427
1421 1414 1415 1407
1422 1429 1436 1435
1422 1416 1409 1403
1423 1424 1430 1437
1423 1417 1411 1410
1424 1430 1437 1443
1424 1423 1417 1411
1425 1426 1431 1432
1425 1419 1418 1413
1426 1431 1432 1438
1426 1425 1419 1418
1427 1434 1433 1441
1427 1428 1420 1421
1428 1427 1434 1433
1428 1420 1421 1414
1429 1436 1435 1442
1429 1422 1416 1409
1430 1437 1443 1449
1430 1424 1423 1417
1431 1432 1438 1439
1431 1426 1425 1419
1432 1438 1439 1444
1432 1431 1426 1425
1433 1441 1440 1447
1433 1434 1427 1428
1434 1433 1441 1440
1434 1427 1428 1420
1435 1442 1448 1454
1435 1436 1429 1422
1436 1435 1442 1448
1436 1429 1422 1416
1437 1443 1449 1455
1437 1430 1424 1423
1438 1439 1444 1445
1438 1432 1431 1426
1439 1444 1445 1450
1439 1438 1432 1431
1440 1447 1446 1453
1440 1441 1433 1434
1441 1440 1447 1446
1441 1433 1434 1427
1442 1448 1454 1462
1442 1435 1436 1429
1443 1449 1455 1456
1443 1437 1430 1424
1444 1445 1450 1451
1444 1439 1438 1432
1445 1450 1451 1457
1445 1444 1439 1438
1446 1453 1452 1460
1446 1447 1440 1441
1447 1446 1453 1452
1447 1440 1441 1433
1448 1454 1462 1461
1448 1442 1435 1436
1449 1455 1456 1463
1449 1443 1437 1430
1450 1451 1457 1458
1450 1445 1444 1439
1451 1457 1458 1464
1451 1450 1445 1444
1452 1460 1459 1468
1452 1453 1446 1447
1453 1452 1460 1459
1453 1446 1447 1440
1454 1462 1461 1469
1454 1448 1442 1435
1455 1456 1463 1470
1455 1449 1443 1437
1456 1463 1470 1471
1456 1455 1449 1443
1457 1458 1464 1465
1457 1451 1450 1445
1458 1464 1465 1472
1458 1457 1451 1450
1459 1468 1467 1466
1459 1460 1452 1453
1460 1459 1468 1467
1460 1452 1453 1446
1461 1469 1476 1482
1461 1462 1454 1448
1462 1461 1469 1476
1462 1454 1448 1442
1463 1470 1471 1477
1463 1456 1455 1449
1464 1465 1472 1473
1464 1458 1457 1451
1465 1472 1473 1478
1465 1464 1458 1457
1466 1475 1474 1481
1466 1467 1468 1459
1467 1466 1475 1474
1467 1468 1459 1460
1468 1467 1466 1475
1468 1459 1460 1452
1469 1476 1482 1490
1469 1461 1462 1454
1470 1471 1477 1483
1470 1463 1456 1455
1471 1477 1483 1484
1471 1470 1463 1456
1472 1473 1478 1479
1472 1465 1464 1458
1473 1478 1479 1485
1473 1472 1465 1464
1474 1481 1480 1489
1474 1475 1466 1467
1475 1474 1481 1480
1475 1466 1467 1468
1476 1482 1490 1497
1476 1469 1461 1462
1477 1483 1484 1491
1477 1471 1470 1463
1478 1479 1485 1486
1478 1473 1472 1465
1479 1485 1486 1487
1479 1478 1473 1472
1480 1489 1488 1496
1480 1481 1474 1475
1481 1480 1489 1488
1481 1474 1475 1466
1482 1490 1497 1504
1482 1476 1469 1461
1483 1484 1491 1498
1483 1477 1471 1470
1484 1491 1498 1505
1484 1483 1477 1471
1485 1486 1487 1492
1485 1479 1478 1473
1486 1487 1492 1493
1486 1485 1479 1478
1487 1492 1493 1499
1487 1486 1485 1479
1488 1496 1495 1494
1488 1489 1480 1481
1489 1488 1496 1495
1489 1480 1481 1474
1490 1497 1504 1507
1490 1482 1476 1469
1491 1498 1505 1506
1491 1484 1483 1477
1492 1493 1499 1500
1492 1487 1486 1485
1493 1499 1500 1501
1493 1492 1487 1486
1494 1503 1502 1501
1494 1495 1496 1488
1495 1494 1503 1502
1495 1496 1488 1489
1496 1495 1494 1503
1496 1488 1489 1480
1497 1504 1507 1509
1497 1490 1482 1476
1498 1505 1506 1508
1498 1491 1484 1483
1499 1500 1501 1502
1499 1493 1492 1487
1500 1501 1502 1503
1500 1499 1493 1492
1501 1500 1499 1493
1501 1502 1503 1494
1502 1501 1500 1499
1502 1503 1494 1495
1503 1502 1501 1500
1503 1494 1495 1496
1504 1507 1509 1512
1504 1497 1490 1482
1505 1506 1508 1510
1505 1498 1491 1484
1506 1508 1510 1511
1506 1505 1498 1491
1507 1509 1512 1514
1507 1504 1497 1490
1508 1510 1511 1513
1508 1506 1505 1498
1509 1512 1514 1516
1509 1507 1504 1497
1510 1511 1513 1515
1510 1508 1506 1505
1511 1513 1515 1517
1511 1510 1508 1506
1512 1514 1516 1519
1512 1509 1507 1504
1513 1515 1517 1518
1513 1511 1510 1508
1514 1516 1519 1521
1514 1512 1509 1507
1515 1517 1518 1520
1515 1513 1511 1510
1516 1519 1521 1524
1516 1514 1512 1509
1517 1518 1520 1522
1517 1515 1513 1511
1518 1520 1522 1523
1518 1517 1515 1513
1519 1521 1524 1527
1519 1516 1514 1512
1520 1522 1523 1525
1520 1518 1517 1515
1521 1524 1527 1529
1521 1519 1516 1514
1522 1523 1525 1526
1522 1520 1518 1517
1523 1525 1526 1528
1523 1522 1520 1518
1524 1527 1529 1532
1524 1521 1519 1516
1525 1526 1528 1530
1525 1523 1522 1520
1526 1528 1530 1531
1526 1525 1523 1522
1527 1529 1532 1535
1527 1524 1521 1519
1528 1530 1531 1533
1528 1526 1525 1523
1529 1532 1535 1534
1529 1527 1524 1521
1530 1531 1533 1536
1530 1528 1526 1525
1531 1533 1536 1538
1531 1530 1528 1526
1532 1535 1534 1537
1532 1529 1527 1524
1533 1536 1538 1539
1533 1531 1530 1528
1534 1537 1540 1542
1534 1535 1532 1529
1535 1534 1537 1540
1535 1532 1529 1527
1536 1538 1539 1541
1536 1533 1531 1530
1537 1540 1542 1545
1537 1534 1535 1532
1538 1539 1541 1543
1538 1536 1533 1531
1539 1541 1543 1546
1539 1538 1536 1533
1540 1542 1545 1544
1540 1537 1534 1535
1541 1543 1546 1547
1541 1539 1538 1536
1542 1545 1544 1548
1542 1540 1537 1534
1543 1546 1547 1549
1543 1541 1539 1538
1544 1548 1550 1552
1544 1545 1542 1540
1545 1544 1548 1550
1545 1542 1540 1537
1546 1547 1549 1551
1546 1543 1541 1539
1547 1549 1551 1553
1547 1546 1543 1541
1548 1550 1552 1555
1548 1544 1545 1542
1549 1551 1553 1554
1549 1547 1546 1543
1550 1552 1555 1557
1550 1548 1544 1545
1551 1553 1554 1556
1551 1549 1547 1546
1552 1555 1557 1559
1552 1550 1548 1544
1553 1554 1556 1558
1553 1551 1549 1547
1554 1556 1558 1560
1554 1553 1551 1549
1555 1557 1559 1562
1555 1552 1550 1548
1556 1558 1560 1561
1556 1554 1553 1551
1557 1559 1562 1564
1557 1555 1552 1550
1558 1560 1561 1563
1558 1556 1554 1553
1559 1562 1564 1566
1559 1557 1555 1552
1560 1561 1563 1565
1560 1558 1556 1554
1561 1563 1565 1567
1561 1560 1558 1556
1562 1564 1566 1569
1562 1559 1557 1555
1563 1565 1567 1568
1563 1561 1560 1558
1564 1566 1569 1572
1564 1562 1559 1557
1565 1567 1568 1570
1565 1563 1561 1560
1566 1569 1572 1571
1566 1564 1562 1559
1567 1568 1570 1573
1567 1565 1563 1561
1568 1570 1573 1575
1568 1567 1565 1563
1569 1572 1571 1574
1569 1566 1564 1562
1570 1573 1575 1576
1570 1568 1567 1565
1571 1574 1577 1580
1571 1572 1569 1566
1572 1571 1574 1577
1572 1569 1566 1564
1573 1575 1576 1578
1573 1570 1568 1567
1574 1577 1580 1582
1574 1571 1572 1569
1575 1576 1578 1579
1575 1573 1570 1568
1576 1578 1579 1581
1576 1575 1573 1570
1577 1580 1582 1585
1577 1574 1571 1572
1578 1579 1581 1583
1578 1576 1575 1573
1579 1581 1583 1584
1579 1578 1576 1575
1580 1582 1585 1588
1580 1577 1574 1571
1581 1583 1584 1586
1581 1579 1578 1576
1582 1585 1588 1591
1582 1580 1577 1574
1583 1584 1586 1587
1583 1581 1579 1578
1584 1586 1587 1589
1584 1583 1581 1579
1585 1588 1591 1593
1585 1582 1580 1577
1586 1587 1589 1590
1586 1584 1583 1581
1587 1589 1590 1592
1587 1586 1584 1583
1588 1591 1593 1596
1588 1585 1582 1580
1589 1590 1592 1594
1589 1587 1586 1584
1590 1592 1594 1595
1590 1589 1587 1586
1591 1593 1596 1599
1591 1588 1585 1582
1592 1594 1595 1597
1592 1590 1589 1587
1593 1596 1599 1602
1593 1591 1588 1585
1594 1595 1597 1598
1594 1592 1590 1589
1595 1597 1598 1600
1595 1594 1592 1590
1596 1599 1602 1601
1596 1593 1591 1588
1597 1598 1600 1603
1597 1595 1594 1592
1598 1600 1603 1605
1598 1597 1595 1594
1599 1602 1601 1604
1599 1596 1593 1591
1600 1603 1605 1606
1600 1598 1597 1595
1601 1604 1607 1610
1601 1602 1599 1596
1602 1601 1604 1607
1602 1599 1596 1593
1603 1605 1606 1608
1603 1600 1598 1597
1604 1607 1610 1612
1604 1601 1602 1599
1605 1606 1608 1609
1605 1603 1600 1598
1606 1608 1609 1611
1606 1605 1603 1600
1607 1610 1612 1614
1607 1604 1601 1602
1608 1609 1611 1613
1608 1606 1605 1603
1609 1611 1613 1615
1609 1608 1606 1605
1610 1612 1614 1617
1610 1607 1604 1601
1611 1613 1615 1616
1611 1609 1608 1606
1612 1614 1617 1620
1612 1610 1607 1604
1613 1615 1616 1618
1613 1611 1609 1608
1614 1617 1620 1623
1614 1612 1610 1607
1615 1616 1618 1619
1615 1613 1611 1609
1616 1618 1619 1621
1616 1615 1613 1611
1617 1620 1623 1625
1617 1614 1612 1610
1618 1619 1621 1622
1618 1616 1615 1613
1619 1621 1622 1624
1619 1618 1616 1615
1620 1623 1625 1628
1620 1617 1614 1612
1621 1622 1624 1626
1621 1619 1618 1616
1622 1624 1626 1627
1622 1621 1619 1618
1623 1625 1628 1632
1623 1620 1617 1614
1624 1626 1627 1629
1624 1622 1621 1619
1625 1628 1632 1631
1625 1623 1620 1617
1626 1627 1629 1630
1626 1624 1622 1621
1627 1629 1630 1633
1627 1626 1624 1622
1628 1632 1631 1635
1628 1625 1623 1620
1629 1630 1633 1634
1629 1627 1626 1624
1630 1633 1634 1636
1630 1629 1627 1626
1631 1635 1638 1640
1631 1632 1628 1625
1632 1631 1635 1638
1632 1628 1625 1623
1633 1634 1636 1637
1633 1630 1629 1627
1634 1636 1637 1639
1634 1633 1630 1629
1635 1638 1640 1644
1635 1631 1632 1628
1636 1637 1639 1641
1636 1634 1633 1630
1637 1639 1641 1642
1637 1636 1634 1633
1638 1640 1644 1643
1638 1635 1631 1632
1639 1641 1642 1645
1639 1637 1636 1634
1640 1644 1643 1647
1640 1638 1635 1631
1641 1642 1645 1646
1641 1639 1637 1636
1642 1645 1646 1648
1642 1641 1639 1637
1643 1647 1650 1653
1643 1644 1640 1638
1644 1643 1647 1650
1644 1640 1638 1635
1645 1646 1648 1649
1645 1642 1641 1639
1646 1648 1649 1651
1646 1645 1642 1641
1647 1650 1653 1655
1647 1643 1644 1640
1648 1649 1651 1652
1648 1646 1645 1642
1649 1651 1652 1654
1649 1648 1646 1645
1650 1653 1655 1657
1650 1647 1643 1644
1651 1652 1654 1656
1651 1649 1648 1646
1652 1654 1656 1658
1652 1651 1649 1648
1653 1655 1657 1660
1653 1650 1647 1643
1654 1656 1658 1659
1654 1652 1651 1649
1655 1657 1660 1663
1655 1653 1650 1647
1656 1658 1659 1661
1656 1654 1652 1651
1657 1660 1663 1666
1657 1655 1653 1650
1658 1659 1661 1662
1658 1656 1654 1652
1659 1661 1662 1664
1659 1658 1656 1654
1660 1663 1666 1669
1660 1657 1655 1653
1661 1662 1664 1665
1661 1659 1658 1656
1662 1664 1665 1667
1662 1661 1659 1658
1663 1666 1669 1671
1663 1660 1657 1655
1664 1665 1667 1668
1664 1662 1661 1659
1665 1667 1668 1670
1665 1664 1662 1661
1666 1669 1671 1673
1666 1663 1660 1657
1667 1668 1670 1672
1667 1665 1664 1662
1668 1670 1672 1674
1668 1667 1665 1664
1669 1671 1673 1676
1669 1666 1663 1660
1670 1672 1674 1675
1670 1668 1667 1665
1671 1673 1676 1679
1671 1669 1666 1663
1672 1674 1675 1677
1672 1670 1668 1667
1673 1676 1679 1682
1673 1671 1669 1666
1674 1675 1677 1678
1674 1672 1670 1668
1675 1677 1678 1680
1675 1674 1672 1670
1676 1679 1682 1685
1676 1673 1671 1669
1677 1678 1680 1681
1677 1675 1674 1672
1678 1680 1681 1683
1678 1677 1675 1674
1679 1682 1685 1688
1679 1676 1673 1671
1680 1681 1683 1684
1680 1678 1677 1675
1681 1683 1684 1686
1681 1680 1678 1677
1682 1685 1688 1691
1682 1679 1676 1673
1683 1684 1686 1687
1683 1681 1680 1678
1684 1686 1687 1689
1684 1683 1681 1680
1685 1688 1691 1694
1685 1682 1679 1676
1686 1687 1689 1690
1686 1684 1683 1681
1687 1689 1690 1692
1687 1686 1684 1683
1688 1691 1694 1693
1688 1685 1682 1679
1689 1690 1692 1695
1689 1687 1686 1684
1690 1692 1695 1697
1690 1689 1687 1686
1691 1694 1693 1696
1691 1688 1685 1682
1692 1695 1697 1698
1692 1690 1689 1687
1693 1696 1699 1702
1693 1694 1691 1688
1694 1693 1696 1699
1694 1691 1688 1685
1695 1697 1698 1700
1695 1692 1690 1689
1696 1699 1702 1706
1696 1693 1694 1691
1697 1698 1700 1701
1697 1695 1692 1690
1698 1700 1701 1703
1698 1697 1695 1692
1699 1702 1706 1705
1699 1696 1693 1694
1700 1701 1703 1704
1700 1698 1697 1695
1701 1703 1704 1707
1701 1700 1698 1697
1702 1706 1705 1709
1702 1699 1696 1693
1703 1704 1707 1708
1703 1701 1700 1698
1704 1707 1708 1710
1704 1703 1701 1700
1705 1709 1712 1716
1705 1706 1702 1699
1706 1705 1709 1712
1706 1702 1699 1696
1707 1708 1710 1711
1707 1704 1703 1701
1708 1710 1711 1713
1708 1707 1704 1703
1709 1712 1716 1715
1709 1705 1706 1702
1710 1711 1713 1714
1710 1708 1707 1704
1711 1713 1714 1717
1711 1710 1708 1707
1712 1716 1715 1719
1712 1709 1705 1706
1713 1714 1717 1718
1713 1711 1710 1708
1714 1717 1718 1720
1714 1713 1711 1710
1715 1719 1723 1722
1715 1716 1712 1709
1716 1715 1719 1723
1716 1712 1709 1705
1717 1718 1720 1721
1717 1714 1713 1711
1718 1720 1721 1724
1718 1717 1714 1713
1719 1723 1722 1727
1719 1715 1716 1712
1720 1721 1724 1725
1720 1718 1717 1714
1721 1724 1725 1728
1721 1720 1718 1717
1722 1727 1726 1731
1722 1723 1719 1715
1723 1722 1727 1726
1723 1719 1715 1716
1724 1725 1728 1732
1724 1721 1720 1718
1725 1728 1732 1733
1725 1724 1721 1720
1726 1731 1730 1729
1726 1727 1722 1723
1727 1726 1731 1730
1727 1722 1723 1719
1728 1732 1733 1737
1728 1725 1724 1721
1729 1736 1735 1734
1729 1730 1731 1726
1730 1729 1736 1735
1730 1731 1726 1727
1731 1730 1729 1736
1731 1726 1727 1722
1732 1733 1737 1738
1732 1728 1725 1724
1733 1737 1738 1743
1733 1732 1728 1725
1734 1742 1741 1740
1734 1735 1736 1729
1735 1734 1742 1741
1735 1736 1729 1730
1736 1735 1734 1742
1736 1729 1730 1731
1737 1738 1743 1744
1737 1733 1732 1728
1738 1743 1744 1749
1738 1737 1733 1732
1739 1748 1747 1746
1739 1740 1741 1742
1740 1739 1748 1747
1740 1741 1742 1734
1741 1740 1739 1748
1741 1742 1734 1735
1742 1741 1740 1739
1742 1734 1735 1736
1743 1744 1749 1750
1743 1738 1737 1733
1744 1749 1750 1754
1744 1743 1738 1737
1745 1753 1752 1751
1745 1746 1747 1748
1746 1745 1753 1752
1746 1747 1748 1739
1747 1746 1745 1753
1747 1748 1739 1740
1748 1747 1746 1745
1748 1739 1740 1741
1749 1750 1754 1755
1749 1744 1743 1738
1750 1754 1755 1760
1750 1749 1744 1743
1751 1759 1758 1757
1751 1752 1753 1745
1752 1751 1759 1758
1752 1753 1745 1746
1753 1752 1751 1759
1753 1745 1746 1747
1754 1755 1760 1761
1754 1750 1749 1744
1755 1760 1761 1766
1755 1754 1750 1749
1756 1765 1764 1763
1756 1757 1758 1759
1757 1756 1765 1764
1757 1758 1759 1751
1758 1757 1756 1765
1758 1759 1751 1752
1759 1758 1757 1756
1759 1751 1752 1753
1760 1761 1766 1767
1760 1755 1754 1750
1761 1766 1767 1771
1761 1760 1755 1754
1762 1770 1769 1768
1762 1763 1764 1765
1763 1762 1770 1769
1763 1764 1765 1756
1764 1763 1762 1770
1764 1765 1756 1757
1765 1764 1763 1762
1765 1756 1757 1758
1766 1767 1771 1772
1766 1761 1760 1755
1767 1771 1772 1777
1767 1766 1761 1760
1768 1776 1775 1774
1768 1769 1770 1762
1769 1768 1776 1775
1769 1770 1762 1763
1770 1769 1768 1776
1770 1762 1763 1764
1771 1772 1777 1778
1771 1767 1766 1761
1772 1777 1778 1782
1772 1771 1767 1766
1773 1781 1780 1779
1773 1774 1775 1776
1774 1773 1781 1780
1774 1775 1776 1768
1775 1774 1773 1781
1775 1776 1768 1769
1776 1775 1774 1773
1776 1768 1769 1770
1777 1778 1782 1783
1777 1772 1771 1767
1778 1782 1783 1788
1778 1777 1772 1771
1779 1787 1786 1785
1779 1780 1781 1773
1780 1779 1787 1786
1780 1781 1773 1774
1781 1780 1779 1787
1781 1773 1774 1775
1782 1783 1788 1789
1782 1778 1777 1772
1783 1788 1789 1794
1783 1782 1778 1777
1784 1793 1792 1791
1784 1785 1786 1787
1785 1784 1793 1792
1785 1786 1787 1779
1786 1785 1784 1793
1786 1787 1779 1780
1787 1786 1785 1784
1787 1779 1780 1781
1788 1789 1794 1795
1788 1783 1782 1778
1789 1794 1795 1799
1789 1788 1783 1782
1790 1798 1797 1796
1790 1791 1792 1793
1791 1790 1798 1797
1791 1792 1793 1784
1792 1791 1790 1798
1792 1793 1784 1785
1793 1792 1791 1790
1793 1784 1785 1786
1794 1795 1799 1800
1794 1789 1788 1783
1795 1799 1800 1805
1795 1794 1789 1788
1796 1804 1803 1802
1796 1797 1798 1790
1797 1796 1804 1803
1797 1798 1790 1791
1798 1797 1796 1804
1798 1790 1791 1792
1799 1800 1805 1806
1799 1795 1794 1789
1800 1805 1806 1811
1800 1799 1795 1794
1801 1810 1809 1808
1801 1802 1803 1804
1802 1801 1810 1809
1802 1803 1804 1796
1803 1802 1801 1810
1803 1804 1796 1797
1804 1803 1802 1801
1804 1796 1797 1798
1805 1806 1811 1812
1805 1800 1799 1795
1806 1811 1812 1816
1806 1805 1800 1799
1807 1815 1814 1813
1807 1808 1809 1810
1808 1807 1815 1814
1808 1809 1810 1801
1809 1808 1807 1815
1809 1810 1801 1802
1810 1809 1808 1807
1810 1801 1802 1803
1811 1812 1816 1817
1811 1806 1805 1800
1812 1816 1817 1822
1812 1811 1806 1805
1813 1821 1820 1819
1813 1814 1815 1807
1814 1813 1821 1820
1814 1815 1807 1808
1815 1814 1813 1821
1815 1807 1808 1809
1816 1817 1822 1823
1816 1812 1811 1806
1817 1822 1823 1827
1817 1816 1812 1811
1818 1826 1825 1824
1818 1819 1820 1821
1819 1818 1826 1825
1819 1820 1821 1813
1820 1819 1818 1826
1820 1821 1813 1814
1821 1820 1819 1818
1821 1813 1814 1815
1822 1823 1827 1828
1822 1817 1816 1812
1823 1827 1828 1833
1823 1822 1817 1816
1824 1832 1831 1830
1824 1825 1826 1818
1825 1824 1832 1831
1825 1826 1818 1819
1826 1825 1824 1832
1826 1818 1819 1820
1827 1828 1833 1834
1827 1823 1822 1817
1828 1833 1834 1839
1828 1827 1823 1822
1829 1838 1837 1836
1829 1830 1831 1832
1830 1829 1838 1837
1830 1831 1832 1824
1831 1830 1829 1838
1831 1832 1824 1825
1832 1831 1830 1829
1832 1824 1825 1826
1833 1834 1839 1840
1833 1828 1827 1823
1834 1839 1840 1845
1834 1833 1828 1827
1835 1844 1843 1842
1835 1836 1837 1838
1836 1835 1844 1843
1836 1837 1838 1829
1837 1836 1835 1844
1837 1838 1829 1830
1838 1837 1836 1835
1838 1829 1830 1831
1839 1840 1845 1846
1839 1834 1833 1828
1840 1845 1846 1851
1840 1839 1834 1833
1841 1850 1849 1848
1841 1842 1843 1844
1842 1841 1850 1849
1842 1843 1844 1835
1843 1842 1841 1850
1843 1844 1835 1836
1844 1843 1842 1841
1844 1835 1836 1837
1845 1846 1851 1852
1845 1840 1839 1834
1846 1851 1852 1856
1846 1845 1840 1839
1847 1855 1854 1853
1847 1848 1849 1850
1848 1847 1855 1854
1848 1849 1850 1841
1849 1848 1847 1855
1849 1850 1841 1842
1850 1849 1848 1847
1850 1841 1842 1843
1851 1852 1856 1857
1851 1846 1845 1840
1852 1856 1857 1862
1852 1851 1846 1845
1853 1861 1860 1859
1853 1854 1855 1847
1854 1853 1861 1860
1854 1855 1847 1848
1855 1854 1853 1861
1855 1847 1848 1849
1856 1857 1862 1863
1856 1852 1851 1846
1857 1862 1863 1868
1857 1856 1852 1851
1858 1867 1866 1865
1858 1859 1860 1861
1859 1858 1867 1866
1859 1860 1861 1853
1860 1859 1858 1867
1860 1861 1853 1854
1861 1860 1859 1858
1861 1853 1854 1855
1862 1863 1868 1869
1862 1857 1856 1852
1863 1868 1869 1873
1863 1862 1857 1856
1864 1872 1871 1870
1864 1865 1866 1867
1865 1864 1872 1871
1865 1866 1867 1858
1866 1865 1864 1872
1866 1867 1858 1859
1867 1866 1865 1864
1867 1858 1859 1860
1868 1869 1873 1874
1868 1863 1862 1857
1869 1873 1874 1879
1869 1868 1863 1862
1870 1878 1877 1876
1870 1871 1872 1864
1871 1870 1878 1877
1871 1872 1864 1865
1872 1871 1870 1878
1872 1864 1865 1866
1873 1874 1879 1880
1873 1869 1868 1863
1874 1879 1880 1884
1874 1873 1869 1868
1875 1883 1882 1881
1875 1876 1877 1878
1876 1875 1883 1882
1876 1877 1878 1870
1877 1876 1875 1883
1877 1878 1870 1871
1878 1877 1876 1875
1878 1870 1871 1872
1879 1880 1884 1885
1879 1874 1873 1869
1880 1884 1885 1890
1880 1879 1874 1873
1881 1889 1888 1887
1881 1882 1883 1875
1882 1881 1889 1888
1882 1883 1875 1876
1883 1882 1881 1889
1883 1875 1876 1877
1884 1885 1890 1891
1884 1880 1879 1874
1885 1890 1891 1896
1885 1884 1880 1879
1886 1895 1894 1893
1886 1887 1888 1889
1887 1886 1895 1894
1887 1888 1889 1881
1888 1887 1886 1895
1888 1889 1881 1882
1889 1888 1887 1886
1889 1881 1882 1883
1890 1891 1896 1897
1890 1885 1884 1880
1891 1896 1897 1902
1891 1890 1885 1884
1892 1901 1900 1899
1892 1893 1894 1895
1893 1892 1901 1900
1893 1894 1895 1886
1894 1893 1892 1901
1894 1895 1886 1887
1895 1894 1893 1892
1895 1886 1887 1888
1896 1897 1902 1903
1896 1891 1890 1885
1897 1902 1903 1908
1897 1896 1891 1890
1898 1907 1906 1905
1898 1899 1900 1901
1899 1898 1907 1906
1899 1900 1901 1892
1900 1899 1898 1907
1900 1901 1892 1893
1901 1900 1899 1898
1901 1892 1893 1894
1902 1903 1908 1909
1902 1897 1896 1891
1903 1908 1909 1914
1903 1902 1897 1896
1904 1913 1912 1911
1904 1905 1906 1907
1905 1904 1913 1912
1905 1906 1907 1898
1906 1905 1904 1913
1906 1907 1898 1899
1907 1906 1905 1904
1907 1898 1899 1900
1908 1909 1914 1915
1908 1903 1902 1897
1909 1914 1915 1920
1909 1908 1903 1902
1910 1919 1918 1917
1910 1911 1912 1913
1911 1910 1919 1918
1911 1912 1913 1904
1912 1911 1910 1919
1912 1913 1904 1905
1913 1912 1911 1910
1913 1904 1905 1906
1914 1915 1920 1921
1914 1909 1908 1903
1915 1920 1921 1926
1915 1914 1909 1908
1916 1925 1924 1923
1916 1917 1918 1919
1917 1916 1925 1924
1917 1918 1919 1910
1918 1917 1916 1925
1918 1919 1910 1911
1919 1918 1917 1916
1919 1910 1911 1912
1920 1921 1926 1927
1920 1915 1914 1909
1921 1926 1927 1931
1921 1920 1915 1914
1922 1930 1929 1928
1922 1923 1924 1925
1923 1922 1930 1929
1923 1924 1925 1916
1924 1923 1922 1930
1924 1925 1916 1917
1925 1924 1923 1922
1925 1916 1917 1918
1926 1927 1931 1932
1926 1921 1920 1915
1927 1931 1932 1937
1927 1926 1921 1920
1928 1936 1935 1934
1928 1929 1930 1922
1929 1928 1936 1935
1929 1930 1922 1923
1930 1929 1928 1936
1930 1922 1923 1924
1931 1932 1937 1938
1931 1927 1926 1921
1932 1937 1938 1942
1932 1931 1927 1926
1933 1941 1940 1939
1933 1934 1935 1936
1934 1933 1941 1940
1934 1935 1936 1928
1935 1934 1933 1941
1935 1936 1928 1929
1936 1935 1934 1933
1936 1928 1929 1930
1937 1938 1942 1943
1937 1932 1931 1927
1938 1942 1943 1948
1938 1937 1932 1931
1939 1947 1946 1945
1939 1940 1941 1933
1940 1939 1947 1946
1940 1941 1933 1934
1941 1940 1939 1947
1941 1933 1934 1935
1942 1943 1948 1949
1942 1938 1937 1932
1943 1948 1949 1954
1943 1942 1938 1937
1944 1953 1952 1951
1944 1945 1946 1947
1945 1944 1953 1952
1945 1946 1947 1939
1946 1945 1944 1953
1946 1947 1939 1940
1947 1946 1945 1944
1947 1939 1940 1941
1948 1949 1954 1955
1948 1943 1942 1938
1949 1954 1955 1959
1949 1948 1943 1942
1950 1958 1957 1956
1950 1951 1952 1953
1951 1950 1958 1957
1951 1952 1953 1944
1952 1951 1950 1958
1952 1953 1944 1945
1953 1952 1951 1950
1953 1944 1945 1946
1954 1955 1959 1960
1954 1949 1948 1943
1955 1959 1960 1965
1955 1954 1949 1948
1956 1964 1963 1962
1956 1957 1958 1950
1957 1956 1964 1963
1957 1958 1950 1951
1958 1957 1956 1964
1958 1950 1951 1952
1959 1960 1965 1966
1959 1955 1954 1949
1960 1965 1966 1971
1960 1959 1955 1954
1961 1970 1969 1968
1961 1962 1963 1964
1962 1961 1970 1969
1962 1963 1964 1956
1963 1962 1961 1970
1963 1964 1956 1957
1964 1963 1962 1961
1964 1956 1957 1958
1965 1966 1971 1972
1965 1960 1959 1955
1966 1971 1972 1976
1966 1965 1960 1959
1967 1975 1974 1973
1967 1968 1969 1970
1968 1967 1975 1974
1968 1969 1970 1961
1969 1968 1967 1975
1969 1970 1961 1962
1970 1969 1968 1967
1970 1961 1962 1963
1971 1972 1976 1977
1971 1966 1965 1960
1972 1976 1977 1982
1972 1971 1966 1965
1973 1981 1980 1979
1973 1974 1975 1967
1974 1973 1981 1980
1974 1975 1967 1968
1975 1974 1973 1981
1975 1967 1968 1969
1976 1977 1982 1983
1976 1972 1971 1966
1977 1982 1983 1984
1977 1976 1972 1971
1978 1987 1986 1985
1978 1979 1980 1981
1979 1978 1987 1986
1979 1980 1981 1973
1980 1979 1978 1987
1980 1981 1973 1974
1981 1980 1979 1978
1981 1973 1974 1975
1982 1983 1984 1988
1982 1977 1976 1972
1983 1984 1988 1989
1983 1982 1977 1976
1984 1988 1989 1990
1984 1983 1982 1977
1985 1998 1997 1996
1985 1986 1987 1978
1986 1985 1998 1997
1986 1987 1978 1979
1987 1986 1985 1998
1987 1978 1979 1980
1988 1989 1990 1991
1988 1984 1983 1982
1989 1990 1991 1992
1989 1988 1984 1983
1990 1991 1992 1993
1990 1989 1988 1984
1991 1992 1993 1994
1991 1990 1989 1988
1992 1993 1994 1999
1992 1991 1990 1989
1993 1994 1999 2000
1993 1992 1991 1990
1994 1999 2000 2001
1994 1993 1992 1991
1995 2008 2007 2006
1995 1996 1997 1998
1996 1995 2008 2007
1996 1997 1998 1985
1997 1996 1995 2008
1997 1998 1985 1986
1998 1997 1996 1995
1998 1985 1986 1987
1999 2000 2001 2002
1999 1994 1993 1992
2000 2001 2002 2003
2000 1999 1994 1993
2001 2002 2003 2004
2001 2000 1999 1994
2002 2003 2004 2009
2002 2001 2000 1999
2003 2004 2009 2010
2003 2002 2001 2000
2004 2009 2010 2011
2004 2003 2002 2001
2005 2020 2019 2018
2005 2006 2007 2008
2006 2005 2020 2019
2006 2007 2008 1995
2007 2006 2005 2020
2007 2008 1995 1996
2008 2007 2006 2005
2008 1995 1996 1997
2009 2010 2011 2012
2009 2004 2003 2002
2010 2011 2012 2013
2010 2009 2004 2003
2011 2012 2013 2014
2011 2010 2009 2004
2012 2013 2014 2015
2012 2011 2010 2009
2013 2014 2015 2016
2013 2012 2011 2010
2014 2015 2016 2021
2014 2013 2012 2011
2015 2016 2021 2022
2015 2014 2013 2012
2016 2021 2022 2023
2016 2015 2014 2013
2017 2030 2029 2028
2017 2018 2019 2020
2018 2017 2030 2029
2018 2019 2020 2005
2019 2018 2017 2030
2019 2020 2005 2006
2020 2019 2018 2017
2020 2005 2006 2007
2021 2022 2023 2024
2021 2016 2015 2014
2022 2023 2024 2025
2022 2021 2016 2015
2023 2024 2025 2026
2023 2022 2021 2016
2024 2025 2026 2031
2024 2023 2022 2021
2025 2026 2031 2032
2025 2024 2023 2022
2026 2031 2032 2033
2026 2025 2024 2023
2027 2042 2041 2040
2027 2028 2029 2030
2028 2027 2042 2041
2028 2029 2030 2017
2029 2028 2027 2042
2029 2030 2017 2018
2030 2029 2028 2027
2030 2017 2018 2019
2031 2032 2033 2034
2031 2026 2025 2024
2032 2033 2034 2035
2032 2031 2026 2025
2033 2034 2035 2036
2033 2032 2031 2026
2034 2035 2036 2037
2034 2033 2032 2031
2035 2036 2037 2038
2035 2034 2033 2032
2036 2037 2038 2043
2036 2035 2034 2033
2037 2038 2043 2044
2037 2036 2035 2034
2038 2043 2044 2045
2038 2037 2036 2035
2039 2052 2051 2050
2039 2040 2041 2042
2040 2039 2052 2051
2040 2041 2042 2027
2041 2040 2039 2052
2041 2042 2027 2028
2042 2041 2040 2039
2042 2027 2028 2029
2043 2044 2045 2046
2043 2038 2037 2036
2044 2045 2046 2047
2044 2043 2038 2037
2045 2046 2047 2048
2045 2044 2043 2038
2046 2047 2048 2053
2046 2045 2044 2043
2047 2048 2053 2054
2047 2046 2045 2044
2048 2053 2054 2055
2048 2047 2046 2045
2049 2064 2063 2062
2049 2050 2051 2052
2050 2049 2064 2063
2050 2051 2052 2039
2051 2050 2049 2064
2051 2052 2039 2040
2052 2051 2050 2049
2052 2039 2040 2041
2053 2054 2055 2056
2053 2048 2047 2046
2054 2055 2056 2057
2054 2053 2048 2047
2055 2056 2057 2058
2055 2054 2053 2048
2056 2057 2058 2059
2056 2055 2054 2053
2057 2058 2059 2060
2057 2056 2055 2054
2058 2059 2060 2065
2058 2057 2056 2055
2059 2060 2065 2066
2059 2058 2057 2056
2060 2065 2066 2067
2060 2059 2058 2057
2061 2076 2075 2074
2061 2062 2063 2064
2062 2061 2076 2075
2062 2063 2064 2049
2063 2062 2061 2076
2063 2064 2049 2050
2064 2063 2062 2061
2064 2049 2050 2051
2065 2066 2067 2068
2065 2060 2059 2058
2066 2067 2068 2069
2066 2065 2060 2059
2067 2068 2069 2070
2067 2066 2065 2060
2068 2069 2070 2071
2068 2067 2066 2065
2069 2070 2071 2072
2069 2068 2067 2066
2070 2071 2072 2077
2070 2069 2068 2067
2071 2072 2077 2078
2071 2070 2069 2068
2072 2077 2078 2079
2072 2071 2070 2069
2073 2083 2082 2081
2073 2074 2075 2076
2074 2073 2083 2082
2074 2075 2076 2061
2075 2074 2073 2083
2075 2076 2061 2062
2076 2075 2074 2073
2076 2061 2062 2063
2077 2078 2079 2080
2077 2072 2071 2070
2078 2079 2080 2081
2078 2077 2072 2071
2079 2080 2081 2082
2079 2078 2077 2072
2080 2081 2082 2083
2080 2079 2078 2077
2081 2080 2079 2078
2081 2082 2083 2073
2082 2081 2080 2079
2082 2083 2073 2074
2083 2082 2081 2080
2083 2073 2074 2075
