0 44 43 42
0 1 2 3
1 0 44 43
1 2 3 4
2 1 0 44
2 3 4 5
3 2 1 0
3 4 5 6
4 3 2 1
4 5 6 7
5 4 3 2
5 6 7 8
6 5 4 3
6 7 8 9
7 6 5 4
7 8 9 10
8 7 6 5
8 9 10 11
9 8 7 6
9 10 11 12
10 9 8 7
10 11 12 13
11 10 9 8
11 12 13 14
12 11 10 9
12 13 14 15
13 12 11 10
13 14 15 16
14 13 12 11
14 15 16 17
15 14 13 12
15 16 17 18
16 15 14 13
16 17 18 19
17 16 15 14
17 18 19 20
18 17 16 15
18 19 20 21
19 18 17 16
19 20 21 22
20 19 18 17
20 21 22 23
21 20 19 18
21 22 23 24
22 23 24 25
22 21 20 19
23 24 25 26
23 22 21 20
24 25 26 45
24 23 22 21
25 26 45 46
25 24 23 22
26 45 46 70
26 25 24 23
27 69 68 67
27 28 29 30
28 27 69 68
28 29 30 31
29 28 27 69
29 30 31 32
30 29 28 27
30 31 32 33
31 30 29 28
31 32 33 34
32 31 30 29
32 33 34 35
33 32 31 30
33 34 35 36
34 33 32 31
34 35 36 37
35 34 33 32
35 36 37 38
36 35 34 33
36 37 38 39
37 36 35 34
37 38 39 40
38 37 36 35
38 39 40 41
39 38 37 36
39 40 41 42
40 39 38 37
40 41 42 43
41 40 39 38
41 42 43 44
42 41 40 39
42 43 44 0
43 42 41 40
43 44 0 1
44 43 42 41
44 0 1 2
45 46 70 90
45 26 25 24
46 70 90 115
46 45 26 25
47 89 88 87
47 48 49 50
48 47 89 88
48 49 50 51
49 48 47 89
49 50 51 52
50 49 48 47
50 51 52 53
51 50 49 48
51 52 53 54
52 51 50 49
52 53 54 55
53 52 51 50
53 54 55 56
54 53 52 51
54 55 56 57
55 54 53 52
55 56 57 58
56 55 54 53
56 57 58 59
57 56 55 54
57 58 59 60
58 57 56 55
58 59 60 61
59 58 57 56
59 60 61 62
60 59 58 57
60 61 62 63
61 60 59 58
61 62 63 64
62 61 60 59
62 63 64 65
63 62 61 60
63 64 65 66
64 63 62 61
64 65 66 67
65 64 63 62
65 66 67 68
66 65 64 63
66 67 68 69
67 66 65 64
67 68 69 27
68 67 66 65
68 69 27 28
69 68 67 66
69 27 28 29
70 90 115 116
70 46 45 26
71 114 113 112
71 72 73 74
72 71 114 113
72 73 74 75
73 72 71 114
73 74 75 76
74 73 72 71
74 75 76 77
75 74 73 72
75 76 77 78
76 75 74 73
76 77 78 79
77 76 75 74
77 78 79 80
78 77 76 75
78 79 80 81
79 78 77 76
79 80 81 82
80 79 78 77
80 81 82 83
81 80 79 78
81 82 83 84
82 81 80 79
82 83 84 85
83 82 81 80
83 84 85 86
84 83 82 81
84 85 86 87
85 84 83 82
85 86 87 88
86 85 84 83
86 87 88 89
87 86 85 84
87 88 89 47
88 87 86 85
88 89 47 48
89 88 87 86
89 47 48 49
90 115 116 128
90 70 46 45
91 127 126 125
91 92 93 94
92 91 127 126
92 93 94 95
93 92 91 127
93 94 95 96
94 93 92 91
94 95 96 97
95 94 93 92
95 96 97 98
96 95 94 93
96 97 98 99
97 96 95 94
97 98 99 100
98 97 96 95
98 99 100 101
99 98 97 96
99 100 101 102
100 99 98 97
100 101 102 103
101 100 99 98
101 102 103 104
102 101 100 99
102 103 104 105
103 102 101 100
103 104 105 106
104 103 102 101
104 105 106 107
105 104 103 102
105 106 107 108
106 105 104 103
106 107 108 109
107 106 105 104
107 108 109 110
108 107 106 105
108 109 110 111
109 108 107 106
109 110 111 112
110 109 108 107
110 111 112 113
111 110 109 108
111 112 113 114
112 111 110 109
112 113 114 71
113 112 111 110
113 114 71 72
114 113 112 111
114 71 72 73
115 116 128 132
115 90 70 46
116 128 132 133
116 115 90 70
117 131 130 129
117 118 119 120
118 117 131 130
118 119 120 121
119 118 117 131
119 120 121 122
120 119 118 117
120 121 122 123
121 120 119 118
121 122 123 124
122 121 120 119
122 123 124 125
123 122 121 120
123 124 125 126
124 123 122 121
124 125 126 127
125 124 123 122
125 126 127 91
126 125 124 123
126 127 91 92
127 126 125 124
127 91 92 93
128 132 133 137
128 116 115 90
129 136 135 134
129 130 131 117
130 129 136 135
130 131 117 118
131 130 129 136
131 117 118 119
132 133 137 140
132 128 116 115
133 137 140 141
133 132 128 116
134 139 138 143
134 135 136 129
135 134 139 138
135 136 129 130
136 135 134 139
136 129 130 131
137 140 141 144
137 133 132 128
138 143 142 146
138 139 134 135
139 138 143 142
139 134 135 136
140 141 144 147
140 137 133 132
141 144 147 148
141 140 137 133
142 146 145 151
142 143 138 139
143 142 146 145
143 138 139 134
144 147 148 152
144 141 140 137
145 151 150 149
145 146 142 143
146 145 151 150
146 142 143 138
147 148 152 155
147 144 141 140
148 152 155 159
148 147 144 141
149 154 153 158
149 150 151 145
150 149 154 153
150 151 145 146
151 150 149 154
151 145 146 142
152 155 159 162
152 148 147 144
153 158 157 156
153 154 149 150
154 153 158 157
154 149 150 151
155 159 162 166
155 152 148 147
156 161 160 165
156 157 158 153
157 156 161 160
157 158 153 154
158 157 156 161
158 153 154 149
159 162 166 169
159 155 152 148
160 165 164 163
160 161 156 157
161 160 165 164
161 156 157 158
162 166 169 172
162 159 155 152
163 168 167 171
163 164 165 160
164 163 168 167
164 165 160 161
165 164 163 168
165 160 161 156
166 169 172 173
166 162 159 155
167 171 170 175
167 168 163 164
168 167 171 170
168 163 164 165
169 172 173 176
169 166 162 159
170 175 174 178
170 171 167 168
171 170 175 174
171 167 168 163
172 173 176 179
172 169 166 162
173 176 179 180
173 172 169 166
174 178 177 183
174 175 170 171
175 174 178 177
175 170 171 167
176 179 180 184
176 173 172 169
177 183 182 181
177 178 174 175
178 177 183 182
178 174 175 170
179 180 184 187
179 176 173 172
180 184 187 188
180 179 176 173
181 186 185 190
181 182 183 177
182 181 186 185
182 183 177 178
183 182 181 186
183 177 178 174
184 187 188 191
184 180 179 176
185 190 189 194
185 186 181 182
186 185 190 189
186 181 182 183
187 188 191 195
187 184 180 179
188 191 195 196
188 187 184 180
189 194 193 192
189 190 185 186
190 189 194 193
190 185 186 181
191 195 196 199
191 188 187 184
192 198 197 201
192 193 194 189
193 192 198 197
193 194 189 190
194 193 192 198
194 189 190 185
195 196 199 202
195 191 188 187
196 199 202 203
196 195 191 188
197 201 200 205
197 198 192 193
198 197 201 200
198 192 193 194
199 202 203 206
199 196 195 191
200 205 204 208
200 201 197 198
201 200 205 204
201 197 198 192
202 203 206 209
202 199 196 195
203 206 209 212
203 202 199 196
204 208 207 211
204 205 200 201
205 204 208 207
205 200 201 197
206 209 212 216
206 203 202 199
207 211 210 215
207 208 204 205
208 207 211 210
208 204 205 200
209 212 216 219
209 206 203 202
210 215 214 213
210 211 207 208
211 210 215 214
211 207 208 204
212 216 219 220
212 209 206 203
213 218 217 222
213 214 215 210
214 213 218 217
214 215 210 211
215 214 213 218
215 210 211 207
216 219 220 223
216 212 209 206
217 222 221 225
217 218 213 214
218 217 222 221
218 213 214 215
219 220 223 226
219 216 212 209
220 223 226 227
220 219 216 212
221 225 224 230
221 222 217 218
222 221 225 224
222 217 218 213
223 226 227 231
223 220 219 216
224 230 229 228
224 225 221 222
225 224 230 229
225 221 222 217
226 227 231 234
226 223 220 219
227 231 234 235
227 226 223 220
228 233 232 237
228 229 230 224
229 228 233 232
229 230 224 225
230 229 228 233
230 224 225 221
231 234 235 238
231 227 226 223
232 237 236 240
232 233 228 229
233 232 237 236
233 228 229 230
234 235 238 241
234 231 227 226
235 238 241 242
235 234 231 227
236 240 239 244
236 237 232 233
237 236 240 239
237 232 233 228
238 241 242 245
238 235 234 231
239 244 243 247
239 240 236 237
240 239 244 243
240 236 237 232
241 242 245 248
241 238 235 234
242 245 248 249
242 241 238 235
243 247 246 251
243 244 239 240
244 243 247 246
244 239 240 236
245 248 249 252
245 242 241 238
246 251 250 254
246 247 243 244
247 246 251 250
247 243 244 239
248 249 252 255
248 245 242 241
249 252 255 258
249 248 245 242
250 254 253 257
250 251 246 247
251 250 254 253
251 246 247 243
252 255 258 261
252 249 248 245
253 257 256 260
253 254 250 251
254 253 257 256
254 250 251 246
255 258 261 264
255 252 249 248
256 260 259 263
256 257 253 254
257 256 260 259
257 253 254 250
258 261 264 268
258 255 252 249
259 263 262 267
259 260 256 257
260 259 263 262
260 256 257 253
261 264 268 271
261 258 255 252
262 267 266 265
262 263 259 260
263 262 267 266
263 259 260 256
264 268 271 272
264 261 258 255
265 270 269 274
265 266 267 262
266 265 270 269
266 267 262 263
267 266 265 270
267 262 263 259
268 271 272 275
268 264 261 258
269 274 273 277
269 270 265 266
270 269 274 273
270 265 266 267
271 272 275 278
271 268 264 261
272 275 278 279
272 271 268 264
273 277 276 281
273 274 269 270
274 273 277 276
274 269 270 265
275 278 279 282
275 272 271 268
276 281 280 284
276 277 273 274
277 276 281 280
277 273 274 269
278 279 282 285
278 275 272 271
279 282 285 286
279 278 275 272
280 284 283 288
280 281 276 277
281 280 284 283
281 276 277 273
282 285 286 289
282 279 278 275
283 288 287 291
283 284 280 281
284 283 288 287
284 280 281 276
285 286 289 292
285 282 279 278
286 289 292 293
286 285 282 279
287 291 290 295
287 288 283 284
288 287 291 290
288 283 284 280
289 292 293 296
289 286 285 282
290 295 294 298
290 291 287 288
291 290 295 294
291 287 288 283
292 293 296 299
292 289 286 285
293 296 299 302
293 292 289 286
294 298 297 301
294 295 290 291
295 294 298 297
295 290 291 287
296 299 302 305
296 293 292 289
297 301 300 304
297 298 294 295
298 297 301 300
298 294 295 290
299 302 305 308
299 296 293 292
300 304 303 307
300 301 297 298
301 300 304 303
301 297 298 294
302 305 308 311
302 299 296 293
303 307 306 310
303 304 300 301
304 303 307 306
304 300 301 297
305 308 311 314
305 302 299 296
306 310 309 313
306 307 303 304
307 306 310 309
307 303 304 300
308 311 314 315
308 305 302 299
309 313 312 317
309 310 306 307
310 309 313 312
310 306 307 303
311 314 315 318
311 308 305 302
312 317 316 320
312 313 309 310
313 312 317 316
313 309 310 306
314 315 318 321
314 311 308 305
315 318 321 322
315 314 311 308
316 320 319 324
316 317 312 313
317 316 320 319
317 312 313 309
318 321 322 325
318 315 314 311
319 324 323 326
319 320 316 317
320 319 324 323
320 316 317 312
321 322 325 327
321 318 315 314
322 325 327 328
322 321 318 315
323 326 330 329
323 324 319 320
324 323 326 330
324 319 320 316
325 327 328 331
325 322 321 318
326 330 329 333
326 323 324 319
327 328 331 334
327 325 322 321
328 331 334 335
328 327 325 322
329 333 332 337
329 330 326 323
330 329 333 332
330 326 323 324
331 334 335 338
331 328 327 325
332 337 336 340
332 333 329 330
333 332 337 336
333 329 330 326
334 335 338 341
334 331 328 327
335 338 341 342
335 334 331 328
336 340 339 344
336 337 332 333
337 336 340 339
337 332 333 329
338 341 342 345
338 335 334 331
339 344 343 346
339 340 336 337
340 339 344 343
340 336 337 332
341 342 345 347
341 338 335 334
342 345 347 349
342 341 338 335
343 346 348 351
343 344 339 340
344 343 346 348
344 339 340 336
345 347 349 352
345 342 341 338
346 348 351 350
346 343 344 339
347 349 352 355
347 345 342 341
348 351 350 354
348 346 343 344
349 352 355 356
349 347 345 342
350 354 353 357
350 351 348 346
351 350 354 353
351 348 346 343
352 355 356 358
352 349 347 345
353 357 359 363
353 354 350 351
354 353 357 359
354 350 351 348
355 356 358 360
355 352 349 347
356 358 360 361
356 355 352 349
357 359 363 362
357 353 354 350
358 360 361 364
358 356 355 352
359 363 362 366
359 357 353 354
360 361 364 367
360 358 356 355
361 364 367 368
361 360 358 356
362 366 365 369
362 363 359 357
363 362 366 365
363 359 357 353
364 367 368 370
364 361 360 358
365 369 372 371
365 366 362 363
366 365 369 372
366 362 363 359
367 368 370 373
367 364 361 360
368 370 373 374
368 367 364 361
369 372 371 376
369 365 366 362
370 373 374 377
370 368 367 364
371 376 375 378
371 372 369 365
372 371 376 375
372 369 365 366
373 374 377 379
373 370 368 367
374 377 379 380
374 373 370 368
375 378 382 381
375 376 371 372
376 375 378 382
376 371 372 369
377 379 380 383
377 374 373 370
378 382 381 385
378 375 376 371
379 380 383 386
379 377 374 373
380 383 386 388
380 379 377 374
381 385 384 387
381 382 378 375
382 381 385 384
382 378 375 376
383 386 388 391
383 380 379 377
384 387 390 389
384 385 381 382
385 384 387 390
385 381 382 378
386 388 391 393
386 383 380 379
387 390 389 392
387 384 385 381
388 391 393 395
388 386 383 380
389 392 394 397
389 390 387 384
390 389 392 394
390 387 384 385
391 393 395 398
391 388 386 383
392 394 397 396
392 389 390 387
393 395 398 399
393 391 388 386
394 397 396 400
394 392 389 390
395 398 399 401
395 393 391 388
396 400 403 402
396 397 394 392
397 396 400 403
397 394 392 389
398 399 401 404
398 395 393 391
399 401 404 405
399 398 395 393
400 403 402 406
400 396 397 394
401 404 405 407
401 399 398 395
402 406 408 411
402 403 400 396
403 402 406 408
403 400 396 397
404 405 407 409
404 401 399 398
405 407 409 410
405 404 401 399
406 408 411 413
406 402 403 400
407 409 410 412
407 405 404 401
408 411 413 417
408 406 402 403
409 410 412 414
409 407 405 404
410 412 414 415
410 409 407 405
411 413 417 416
411 408 406 402
412 414 415 418
412 410 409 407
413 417 416 419
413 411 408 406
414 415 418 420
414 412 410 409
415 418 420 423
415 414 412 410
416 419 422 421
416 417 413 411
417 416 419 422
417 413 411 408
418 420 423 425
418 415 414 412
419 422 421 424
419 416 417 413
420 423 425 428
420 418 415 414
421 424 427 426
421 422 419 416
422 421 424 427
422 419 416 417
423 425 428 430
423 420 418 415
424 427 426 429
424 421 422 419
425 428 430 433
425 423 420 418
426 429 432 431
426 427 424 421
427 426 429 432
427 424 421 422
428 430 433 434
428 425 423 420
429 432 431 435
429 426 427 424
430 433 434 436
430 428 425 423
431 435 438 437
431 432 429 426
432 431 435 438
432 429 426 427
433 434 436 439
433 430 428 425
434 436 439 440
434 433 430 428
435 438 437 441
435 431 432 429
436 439 440 442
436 434 433 430
437 441 443 446
437 438 435 431
438 437 441 443
438 435 431 432
439 440 442 444
439 436 434 433
440 442 444 445
440 439 436 434
441 443 446 448
441 437 438 435
442 444 445 447
442 440 439 436
443 446 448 451
443 441 437 438
444 445 447 449
444 442 440 439
445 447 449 450
445 444 442 440
446 448 451 453
446 443 441 437
447 449 450 452
447 445 444 442
448 451 453 456
448 446 443 441
449 450 452 454
449 447 445 444
450 452 454 457
450 449 447 445
451 453 456 455
451 448 446 443
452 454 457 459
452 450 449 447
453 456 455 458
453 451 448 446
454 457 459 462
454 452 450 449
455 458 461 460
455 456 453 451
456 455 458 461
456 453 451 448
457 459 462 464
457 454 452 450
458 461 460 463
458 455 456 453
459 462 464 466
459 457 454 452
460 463 465 468
460 461 458 455
461 460 463 465
461 458 455 456
462 464 466 467
462 459 457 454
463 465 468 470
463 460 461 458
464 466 467 469
464 462 459 457
465 468 470 473
465 463 460 461
466 467 469 471
466 464 462 459
467 469 471 472
467 466 464 462
468 470 473 475
468 465 463 460
469 471 472 474
469 467 466 464
470 473 475 478
470 468 465 463
471 472 474 476
471 469 467 466
472 474 476 477
472 471 469 467
473 475 478 481
473 470 468 465
474 476 477 479
474 472 471 469
475 478 481 480
475 473 470 468
476 477 479 482
476 474 472 471
477 479 482 483
477 476 474 472
478 481 480 484
478 475 473 470
479 482 483 485
479 477 476 474
480 484 486 490
480 481 478 475
481 480 484 486
481 478 475 473
482 483 485 487
482 479 477 476
483 485 487 488
483 482 479 477
484 486 490 489
484 480 481 478
485 487 488 491
485 483 482 479
486 490 489 492
486 484 480 481
487 488 491 493
487 485 483 482
488 491 493 495
488 487 485 483
489 492 494 496
489 490 486 484
490 489 492 494
490 486 484 480
491 493 495 497
491 488 487 485
492 494 496 498
492 489 490 486
493 495 497 499
493 491 488 487
494 496 498 500
494 492 489 490
495 497 499 501
495 493 491 488
496 498 500 502
496 494 492 489
497 499 501 503
497 495 493 491
498 500 502 505
498 496 494 492
499 501 503 504
499 497 495 493
500 502 505 507
500 498 496 494
501 503 504 506
501 499 497 495
502 505 507 510
502 500 498 496
503 504 506 508
503 501 499 497
504 506 508 509
504 503 501 499
505 507 510 512
505 502 500 498
506 508 509 511
506 504 503 501
507 510 512 515
507 505 502 500
508 509 511 513
508 506 504 503
509 511 513 514
509 508 506 504
510 512 515 517
510 507 505 502
511 513 514 516
511 509 508 506
512 515 517 520
512 510 507 505
513 514 516 518
513 511 509 508
514 516 518 519
514 513 511 509
515 517 520 522
515 512 510 507
516 518 519 521
516 514 513 511
517 520 522 524
517 515 512 510
518 519 521 523
518 516 514 513
519 521 523 525
519 518 516 514
520 522 524 526
520 517 515 512
521 523 525 527
521 519 518 516
522 524 526 528
522 520 517 515
523 525 527 529
523 521 519 518
524 526 528 531
524 522 520 517
525 527 529 532
525 523 521 519
526 528 531 530
526 524 522 520
527 529 532 534
527 525 523 521
528 531 530 533
528 526 524 522
529 532 534 536
529 527 525 523
530 533 535 537
530 531 528 526
531 530 533 535
531 528 526 524
532 534 536 538
532 529 527 525
533 535 537 539
533 530 531 528
534 536 538 540
534 532 529 527
535 537 539 541
535 533 530 531
536 538 540 542
536 534 532 529
537 539 541 543
537 535 533 530
538 540 542 544
538 536 534 532
539 541 543 546
539 537 535 533
540 542 544 547
540 538 536 534
541 543 546 545
541 539 537 535
542 544 547 549
542 540 538 536
543 546 545 548
543 541 539 537
544 547 549 551
544 542 540 538
545 548 550 552
545 546 543 541
546 545 548 550
546 543 541 539
547 549 551 553
547 544 542 540
548 550 552 554
548 545 546 543
549 551 553 555
549 547 544 542
550 552 554 556
550 548 545 546
551 553 555 557
551 549 547 544
552 554 556 558
552 550 548 545
553 555 557 559
553 551 549 547
554 556 558 560
554 552 550 548
555 557 559 561
555 553 551 549
556 558 560 562
556 554 552 550
557 559 561 563
557 555 553 551
558 560 562 564
558 556 554 552
559 561 563 565
559 557 555 553
560 562 564 566
560 558 556 554
561 563 565 567
561 559 557 555
562 564 566 569
562 560 558 556
563 565 567 570
563 561 559 557
564 566 569 568
564 562 560 558
565 567 570 572
565 563 561 559
566 569 568 571
566 564 562 560
567 570 572 574
567 565 563 561
568 571 573 575
568 569 566 564
569 568 571 573
569 566 564 562
570 572 574 576
570 567 565 563
571 573 575 577
571 568 569 566
572 574 576 578
572 570 567 565
573 575 577 579
573 571 568 569
574 576 578 580
574 572 570 567
575 577 579 581
575 573 571 568
576 578 580 582
576 574 572 570
577 579 581 583
577 575 573 571
578 580 582 584
578 576 574 572
579 581 583 585
579 577 575 573
580 582 584 586
580 578 576 574
581 583 585 587
581 579 577 575
582 584 586 588
582 580 578 576
583 585 587 589
583 581 579 577
584 586 588 590
584 582 580 578
585 587 589 591
585 583 581 579
586 588 590 592
586 584 582 580
587 589 591 593
587 585 583 581
588 590 592 594
588 586 584 582
589 591 593 595
589 587 585 583
590 592 594 596
590 588 586 584
591 593 595 597
591 589 587 585
592 594 596 598
592 590 588 586
593 595 597 599
593 591 589 587
594 596 598 600
594 592 590 588
595 597 599 601
595 593 591 589
596 598 600 602
596 594 592 590
597 599 601 603
597 595 593 591
598 600 602 604
598 596 594 592
599 601 603 605
599 597 595 593
600 602 604 606
600 598 596 594
601 603 605 607
601 599 597 595
602 604 606 608
602 600 598 596
603 605 607 609
603 601 599 597
604 606 608 610
604 602 600 598
605 607 609 611
605 603 601 599
606 608 610 612
606 604 602 600
607 609 611 613
607 605 603 601
608 610 612 614
608 606 604 602
609 611 613 615
609 607 605 603
610 612 614 616
610 608 606 604
611 613 615 617
611 609 607 605
612 614 616 618
612 610 608 606
613 615 617 619
613 611 609 607
614 616 618 620
614 612 610 608
615 617 619 621
615 613 611 609
616 618 620 622
616 614 612 610
617 619 621 623
617 615 613 611
618 620 622 624
618 616 614 612
619 621 623 625
619 617 615 613
620 622 624 626
620 618 616 614
621 623 625 627
621 619 617 615
622 624 626 628
622 620 618 616
623 625 627 629
623 621 619 617
624 626 628 630
624 622 620 618
625 627 629 631
625 623 621 619
626 628 630 632
626 624 622 620
627 629 631 633
627 625 623 621
628 630 632 634
628 626 624 622
629 631 633 635
629 627 625 623
630 632 634 636
630 628 626 624
631 633 635 637
631 629 627 625
632 634 636 638
632 630 628 626
633 635 637 639
633 631 629 627
634 636 638 640
634 632 630 628
635 637 639 641
635 633 631 629
636 638 640 642
636 634 632 630
637 639 641 643
637 635 633 631
638 640 642 644
638 636 634 632
639 641 643 645
639 637 635 633
640 642 644 646
640 638 636 634
641 643 645 647
641 639 637 635
642 644 646 648
642 640 638 636
643 645 647 649
643 641 639 637
644 646 648 650
644 642 640 638
645 647 649 651
645 643 641 639
646 648 650 652
646 644 642 640
647 649 651 653
647 645 643 641
648 650 652 654
648 646 644 642
649 651 653 655
649 647 645 643
650 652 654 656
650 648 646 644
651 653 655 657
651 649 647 645
652 654 656 658
652 650 648 646
653 655 657 659
653 651 649 647
654 656 658 660
654 652 650 648
655 657 659 661
655 653 651 649
656 658 660 662
656 654 652 650
657 659 661 663
657 655 653 651
658 660 662 664
658 656 654 652
659 661 663 665
659 657 655 653
660 662 664 666
660 658 656 654
661 663 665 667
661 659 657 655
662 664 666 668
662 660 658 656
663 665 667 669
663 661 659 657
664 666 668 670
664 662 660 658
665 667 669 671
665 663 661 659
666 668 670 672
666 664 662 660
667 669 671 673
667 665 663 661
668 670 672 674
668 666 664 662
669 671 673 675
669 667 665 663
670 672 674 676
670 668 666 664
671 673 675 677
671 669 667 665
672 674 676 678
672 670 668 666
673 675 677 679
673 671 669 667
674 676 678 680
674 672 670 668
675 677 679 681
675 673 671 669
676 678 680 682
676 674 672 670
677 679 681 683
677 675 673 671
678 680 682 684
678 676 674 672
679 681 683 685
679 677 675 673
680 682 684 686
680 678 676 674
681 683 685 687
681 679 677 675
682 684 686 688
682 680 678 676
683 685 687 689
683 681 679 677
684 686 688 690
684 682 680 678
685 687 689 692
685 683 681 679
686 688 690 693
686 684 682 680
687 689 692 691
687 685 683 681
688 690 693 695
688 686 684 682
689 692 691 694
689 687 685 683
690 693 695 697
690 688 686 684
691 694 696 698
691 692 689 687
692 691 694 696
692 689 687 685
693 695 697 699
693 690 688 686
694 696 698 700
694 691 692 689
695 697 699 701
695 693 690 688
696 698 700 702
696 694 691 692
697 699 701 703
697 695 693 690
698 700 702 704
698 696 694 691
699 701 703 705
699 697 695 693
700 702 704 706
700 698 696 694
701 703 705 707
701 699 697 695
702 704 706 708
702 700 698 696
703 705 707 709
703 701 699 697
704 706 708 710
704 702 700 698
705 707 709 711
705 703 701 699
706 708 710 712
706 704 702 700
707 709 711 713
707 705 703 701
708 710 712 714
708 706 704 702
709 711 713 715
709 707 705 703
710 712 714 716
710 708 706 704
711 713 715 717
711 709 707 705
712 714 716 718
712 710 708 706
713 715 717 719
713 711 709 707
714 716 718 720
714 712 710 708
715 717 719 721
715 713 711 709
716 718 720 722
716 714 712 710
717 719 721 723
717 715 713 711
718 720 722 724
718 716 714 712
719 721 723 725
719 717 715 713
720 722 724 726
720 718 716 714
721 723 725 727
721 719 717 715
722 724 726 728
722 720 718 716
723 725 727 729
723 721 719 717
724 726 728 731
724 722 720 718
725 727 729 732
725 723 721 719
726 728 731 730
726 724 722 720
727 729 732 734
727 725 723 721
728 731 730 733
728 726 724 722
729 732 734 736
729 727 725 723
730 733 735 737
730 731 728 726
731 730 733 735
731 728 726 724
732 734 736 738
732 729 727 725
733 735 737 739
733 730 731 728
734 736 738 740
734 732 729 727
735 737 739 741
735 733 730 731
736 738 740 742
736 734 732 729
737 739 741 743
737 735 733 730
738 740 742 744
738 736 734 732
739 741 743 745
739 737 735 733
740 742 744 746
740 738 736 734
741 743 745 747
741 739 737 735
742 744 746 748
742 740 738 736
743 745 747 749
743 741 739 737
744 746 748 750
744 742 740 738
745 747 749 751
745 743 741 739
746 748 750 752
746 744 742 740
747 749 751 753
747 745 743 741
748 750 752 754
748 746 744 742
749 751 753 755
749 747 745 743
750 752 754 756
750 748 746 744
751 753 755 757
751 749 747 745
752 754 756 758
752 750 748 746
753 755 757 759
753 751 749 747
754 756 758 760
754 752 750 748
755 757 759 761
755 753 751 749
756 758 760 762
756 754 752 750
757 759 761 763
757 755 753 751
758 760 762 764
758 756 754 752
759 761 763 765
759 757 755 753
760 762 764 766
760 758 756 754
761 763 765 767
761 759 757 755
762 764 766 768
762 760 758 756
763 765 767 769
763 761 759 757
764 766 768 770
764 762 760 758
765 767 769 771
765 763 761 759
766 768 770 772
766 764 762 760
767 769 771 773
767 765 763 761
768 770 772 774
768 766 764 762
769 771 773 775
769 767 765 763
770 772 774 776
770 768 766 764
771 773 775 777
771 769 767 765
772 774 776 778
772 770 768 766
773 775 777 779
773 771 769 767
774 776 778 780
774 772 770 768
775 777 779 781
775 773 771 769
776 778 780 782
776 774 772 770
777 779 781 783
777 775 773 771
778 780 782 784
778 776 774 772
779 781 783 785
779 777 775 773
780 782 784 786
780 778 776 774
781 783 785 787
781 779 777 775
782 784 786 788
782 780 778 776
783 785 787 789
783 781 779 777
784 786 788 790
784 782 780 778
785 787 789 791
785 783 781 779
786 788 790 792
786 784 782 780
787 789 791 793
787 785 783 781
788 790 792 794
788 786 784 782
789 791 793 795
789 787 785 783
790 792 794 796
790 788 786 784
791 793 795 797
791 789 787 785
792 794 796 798
792 790 788 786
793 795 797 799
793 791 789 787
794 796 798 800
794 792 790 788
795 797 799 801
795 793 791 789
796 798 800 802
796 794 792 790
797 799 801 803
797 795 793 791
798 800 802 804
798 796 794 792
799 801 803 805
799 797 795 793
800 802 804 806
800 798 796 794
801 803 805 807
801 799 797 795
802 804 806 808
802 800 798 796
803 805 807 809
803 801 799 797
804 806 808 810
804 802 800 798
805 807 809 811
805 803 801 799
806 808 810 812
806 804 802 800
807 809 811 813
807 805 803 801
808 810 812 814
808 806 804 802
809 811 813 815
809 807 805 803
810 812 814 816
810 808 806 804
811 813 815 817
811 809 807 805
812 814 816 818
812 810 808 806
813 815 817 819
813 811 809 807
814 816 818 820
814 812 810 808
815 817 819 821
815 813 811 809
816 818 820 822
816 814 812 810
817 819 821 823
817 815 813 811
818 820 822 824
818 816 814 812
819 821 823 825
819 817 815 813
820 822 824 826
820 818 816 814
821 823 825 827
821 819 817 815
822 824 826 828
822 820 818 816
823 825 827 829
823 821 819 817
824 826 828 830
824 822 820 818
825 827 829 831
825 823 821 819
826 828 830 832
826 824 822 820
827 829 831 833
827 825 823 821
828 830 832 834
828 826 824 822
829 831 833 835
829 827 825 823
830 832 834 836
830 828 826 824
831 833 835 837
831 829 827 825
832 834 836 838
832 830 828 826
833 835 837 839
833 831 829 827
834 836 838 840
834 832 830 828
835 837 839 841
835 833 831 829
836 838 840 842
836 834 832 830
837 839 841 843
837 835 833 831
838 840 842 844
838 836 834 832
839 841 843 845
839 837 835 833
840 842 844 846
840 838 836 834
841 843 845 847
841 839 837 835
842 844 846 848
842 840 838 836
843 845 847 849
843 841 839 837
844 846 848 850
844 842 840 838
845 847 849 851
845 843 841 839
846 848 850 852
846 844 842 840
847 849 851 853
847 845 843 841
848 850 852 854
848 846 844 842
849 851 853 855
849 847 845 843
850 852 854 856
850 848 846 844
851 853 855 857
851 849 847 845
852 854 856 858
852 850 848 846
853 855 857 859
853 851 849 847
854 856 858 860
854 852 850 848
855 857 859 861
855 853 851 849
856 858 860 862
856 854 852 850
857 859 861 863
857 855 853 851
858 860 862 864
858 856 854 852
859 861 863 865
859 857 855 853
860 862 864 866
860 858 856 854
861 863 865 867
861 859 857 855
862 864 866 868
862 860 858 856
863 865 867 869
863 861 859 857
864 866 868 870
864 862 860 858
865 867 869 871
865 863 861 859
866 868 870 872
866 864 862 860
867 869 871 873
867 865 863 861
868 870 872 874
868 866 864 862
869 871 873 875
869 867 865 863
870 872 874 876
870 868 866 864
871 873 875 877
871 869 867 865
872 874 876 878
872 870 868 866
873 875 877 879
873 871 869 867
874 876 878 880
874 872 870 868
875 877 879 881
875 873 871 869
876 878 880 882
876 874 872 870
877 879 881 883
877 875 873 871
878 880 882 884
878 876 874 872
879 881 883 885
879 877 875 873
880 882 884 886
880 878 876 874
881 883 885 887
881 879 877 875
882 884 886 888
882 880 878 876
883 885 887 889
883 881 879 877
884 886 888 890
884 882 880 878
885 887 889 891
885 883 881 879
886 888 890 892
886 884 882 880
887 889 891 893
887 885 883 881
888 890 892 894
888 886 884 882
889 891 893 895
889 887 885 883
890 892 894 896
890 888 886 884
891 893 895 897
891 889 887 885
892 894 896 898
892 890 888 886
893 895 897 899
893 891 889 887
894 896 898 900
894 892 890 888
895 897 899 901
895 893 891 889
896 898 900 902
896 894 892 890
897 899 901 903
897 895 893 891
898 900 902 904
898 896 894 892
899 901 903 905
899 897 895 893
900 902 904 906
900 898 896 894
901 903 905 907
901 899 897 895
902 904 906 908
902 900 898 896
903 905 907 909
903 901 899 897
904 906 908 910
904 902 900 898
905 907 909 911
905 903 901 899
906 908 910 912
906 904 902 900
907 909 911 913
907 905 903 901
908 910 912 914
908 906 904 902
909 911 913 915
909 907 905 903
910 912 914 916
910 908 906 904
911 913 915 917
911 909 907 905
912 914 916 918
912 910 908 906
913 915 917 919
913 911 909 907
914 916 918 920
914 912 910 908
915 917 919 921
915 913 911 909
916 918 920 922
916 914 912 910
917 919 921 923
917 915 913 911
918 920 922 924
918 916 914 912
919 921 923 925
919 917 915 913
920 922 924 926
920 918 916 914
921 923 925 927
921 919 917 915
922 924 926 928
922 920 918 916
923 925 927 929
923 921 919 917
924 926 928 930
924 922 920 918
925 927 929 931
925 923 921 919
926 928 930 932
926 924 922 920
927 929 931 933
927 925 923 921
928 930 932 934
928 926 924 922
929 931 933 935
929 927 925 923
930 932 934 936
930 928 926 924
931 933 935 937
931 929 927 925
932 934 936 938
932 930 928 926
933 935 937 939
933 931 929 927
934 936 938 940
934 932 930 928
935 937 939 941
935 933 931 929
936 938 940 942
936 934 932 930
937 939 941 943
937 935 933 931
938 940 942 944
938 936 934 932
939 941 943 945
939 937 935 933
940 942 944 946
940 938 936 934
941 943 945 947
941 939 937 935
942 944 946 948
942 940 938 936
943 945 947 949
943 941 939 937
944 946 948 950
944 942 940 938
945 947 949 951
945 943 941 939
946 948 950 952
946 944 942 940
947 949 951 953
947 945 943 941
948 950 952 954
948 946 944 942
949 951 953 955
949 947 945 943
950 952 954 956
950 948 946 944
951 953 955 957
951 949 947 945
952 954 956 958
952 950 948 946
953 955 957 959
953 951 949 947
954 956 958 960
954 952 950 948
955 957 959 961
955 953 951 949
956 958 960 962
956 954 952 950
957 959 961 963
957 955 953 951
958 960 962 964
958 956 954 952
959 961 963 965
959 957 955 953
960 962 964 966
960 958 956 954
961 963 965 967
961 959 957 955
962 964 966 968
962 960 958 956
963 965 967 969
963 961 959 957
964 966 968 970
964 962 960 958
965 967 969 971
965 963 961 959
966 968 970 972
966 964 962 960
967 969 971 973
967 965 963 961
968 970 972 974
968 966 964 962
969 971 973 975
969 967 965 963
970 972 974 976
970 968 966 964
971 973 975 977
971 969 967 965
972 974 976 978
972 970 968 966
973 975 977 979
973 971 969 967
974 976 978 980
974 972 970 968
975 977 979 981
975 973 971 969
976 978 980 982
976 974 972 970
977 979 981 983
977 975 973 971
978 980 982 984
978 976 974 972
979 981 983 985
979 977 975 973
980 982 984 986
980 978 976 974
981 983 985 987
981 979 977 975
982 984 986 988
982 980 978 976
983 985 987 989
983 981 979 977
984 986 988 990
984 982 980 978
985 987 989 991
985 983 981 979
986 988 990 992
986 984 982 980
987 989 991 993
987 985 983 981
988 990 992 994
988 986 984 982
989 991 993 995
989 987 985 983
990 992 994 996
990 988 986 984
991 993 995 997
991 989 987 985
992 994 996 998
992 990 988 986
993 995 997 999
993 991 989 987
994 996 998 1001
994 992 990 988
995 997 999 1000
995 993 991 989
996 998 1001 1003
996 994 992 990
997 999 1000 1002
997 995 993 991
998 1001 1003 1005
998 996 994 992
999 1000 1002 1004
999 997 995 993
1000 1002 1004 1006
1000 999 997 995
1001 1003 1005 1007
1001 998 996 994
1002 1004 1006 1008
1002 1000 999 997
1003 1005 1007 1009
1003 1001 998 996
1004 1006 1008 1010
1004 1002 1000 999
1005 1007 1009 1011
1005 1003 1001 998
1006 1008 1010 1012
1006 1004 1002 1000
1007 1009 1011 1013
1007 1005 1003 1001
1008 1010 1012 1014
1008 1006 1004 1002
1009 1011 1013 1015
1009 1007 1005 1003
1010 1012 1014 1016
1010 1008 1006 1004
1011 1013 1015 1017
1011 1009 1007 1005
1012 1014 1016 1018
1012 1010 1008 1006
1013 1015 1017 1019
1013 1011 1009 1007
1014 1016 1018 1020
1014 1012 1010 1008
1015 1017 1019 1021
1015 1013 1011 1009
1016 1018 1020 1022
1016 1014 1012 1010
1017 1019 1021 1023
1017 1015 1013 1011
1018 1020 1022 1024
1018 1016 1014 1012
1019 1021 1023 1025
1019 1017 1015 1013
1020 1022 1024 1026
1020 1018 1016 1014
1021 1023 1025 1027
1021 1019 1017 1015
1022 1024 1026 1028
1022 1020 1018 1016
1023 1025 1027 1029
1023 1021 1019 1017
1024 1026 1028 1030
1024 1022 1020 1018
1025 1027 1029 1031
1025 1023 1021 1019
1026 1028 1030 1032
1026 1024 1022 1020
1027 1029 1031 1033
1027 1025 1023 1021
1028 1030 1032 1034
1028 1026 1024 1022
1029 1031 1033 1035
1029 1027 1025 1023
1030 1032 1034 1036
1030 1028 1026 1024
1031 1033 1035 1037
1031 1029 1027 1025
1032 1034 1036 1038
1032 1030 1028 1026
1033 1035 1037 1039
1033 1031 1029 1027
1034 1036 1038 1040
1034 1032 1030 1028
1035 1037 1039 1041
1035 1033 1031 1029
1036 1038 1040 1042
1036 1034 1032 1030
1037 1039 1041 1043
1037 1035 1033 1031
1038 1040 1042 1044
1038 1036 1034 1032
1039 1041 1043 1045
1039 1037 1035 1033
1040 1042 1044 1046
1040 1038 1036 1034
1041 1043 1045 1047
1041 1039 1037 1035
1042 1044 1046 1048
1042 1040 1038 1036
1043 1045 1047 1049
1043 1041 1039 1037
1044 1046 1048 1050
1044 1042 1040 1038
1045 1047 1049 1051
1045 1043 1041 1039
1046 1048 1050 1052
1046 1044 1042 1040
1047 1049 1051 1053
1047 1045 1043 1041
1048 1050 1052 1054
1048 1046 1044 1042
1049 1051 1053 1055
1049 1047 1045 1043
1050 1052 1054 1056
1050 1048 1046 1044
1051 1053 1055 1057
1051 1049 1047 1045
1052 1054 1056 1058
1052 1050 1048 1046
1053 1055 1057 1059
1053 1051 1049 1047
1054 1056 1058 1060
1054 1052 1050 1048
1055 1057 1059 1061
1055 1053 1051 1049
1056 1058 1060 1062
1056 1054 1052 1050
1057 1059 1061 1063
1057 1055 1053 1051
1058 1060 1062 1064
1058 1056 1054 1052
1059 1061 1063 1065
1059 1057 1055 1053
1060 1062 1064 1066
1060 1058 1056 1054
1061 1063 1065 1067
1061 1059 1057 1055
1062 1064 1066 1068
1062 1060 1058 1056
1063 1065 1067 1069
1063 1061 1059 1057
1064 1066 1068 1070
1064 1062 1060 1058
1065 1067 1069 1071
1065 1063 1061 1059
1066 1068 1070 1072
1066 1064 1062 1060
1067 1069 1071 1073
1067 1065 1063 1061
1068 1070 1072 1074
1068 1066 1064 1062
1069 1071 1073 1075
1069 1067 1065 1063
1070 1072 1074 1076
1070 1068 1066 1064
1071 1073 1075 1077
1071 1069 1067 1065
1072 1074 1076 1078
1072 1070 1068 1066
1073 1075 1077 1079
1073 1071 1069 1067
1074 1076 1078 1080
1074 1072 1070 1068
1075 1077 1079 1081
1075 1073 1071 1069
1076 1078 1080 1082
1076 1074 1072 1070
1077 1079 1081 1084
1077 1075 1073 1071
1078 1080 1082 1085
1078 1076 1074 1072
1079 1081 1084 1083
1079 1077 1075 1073
1080 1082 1085 1087
1080 1078 1076 1074
1081 1084 1083 1086
1081 1079 1077 1075
1082 1085 1087 1089
1082 1080 1078 1076
1083 1086 1088 1090
1083 1084 1081 1079
1084 1083 1086 1088
1084 1081 1079 1077
1085 1087 1089 1091
1085 1082 1080 1078
1086 1088 1090 1092
1086 1083 1084 1081
1087 1089 1091 1093
1087 1085 1082 1080
1088 1090 1092 1094
1088 1086 1083 1084
1089 1091 1093 1095
1089 1087 1085 1082
1090 1092 1094 1096
1090 1088 1086 1083
1091 1093 1095 1097
1091 1089 1087 1085
1092 1094 1096 1098
1092 1090 1088 1086
1093 1095 1097 1099
1093 1091 1089 1087
1094 1096 1098 1101
1094 1092 1090 1088
1095 1097 1099 1102
1095 1093 1091 1089
1096 1098 1101 1100
1096 1094 1092 1090
1097 1099 1102 1104
1097 1095 1093 1091
1098 1101 1100 1103
1098 1096 1094 1092
1099 1102 1104 1106
1099 1097 1095 1093
1100 1103 1105 1107
1100 1101 1098 1096
1101 1100 1103 1105
1101 1098 1096 1094
1102 1104 1106 1108
1102 1099 1097 1095
1103 1105 1107 1109
1103 1100 1101 1098
1104 1106 1108 1110
1104 1102 1099 1097
1105 1107 1109 1111
1105 1103 1100 1101
1106 1108 1110 1112
1106 1104 1102 1099
1107 1109 1111 1113
1107 1105 1103 1100
1108 1110 1112 1114
1108 1106 1104 1102
1109 1111 1113 1115
1109 1107 1105 1103
1110 1112 1114 1116
1110 1108 1106 1104
1111 1113 1115 1118
1111 1109 1107 1105
1112 1114 1116 1119
1112 1110 1108 1106
1113 1115 1118 1117
1113 1111 1109 1107
1114 1116 1119 1121
1114 1112 1110 1108
1115 1118 1117 1120
1115 1113 1111 1109
1116 1119 1121 1123
1116 1114 1112 1110
1117 1120 1122 1126
1117 1118 1115 1113
1118 1117 1120 1122
1118 1115 1113 1111
1119 1121 1123 1124
1119 1116 1114 1112
1120 1122 1126 1125
1120 1117 1118 1115
1121 1123 1124 1127
1121 1119 1116 1114
1122 1126 1125 1128
1122 1120 1117 1118
1123 1124 1127 1129
1123 1121 1119 1116
1124 1127 1129 1131
1124 1123 1121 1119
1125 1128 1130 1132
1125 1126 1122 1120
1126 1125 1128 1130
1126 1122 1120 1117
1127 1129 1131 1133
1127 1124 1123 1121
1128 1130 1132 1134
1128 1125 1126 1122
1129 1131 1133 1135
1129 1127 1124 1123
1130 1132 1134 1136
1130 1128 1125 1126
1131 1133 1135 1137
1131 1129 1127 1124
1132 1134 1136 1138
1132 1130 1128 1125
1133 1135 1137 1139
1133 1131 1129 1127
1134 1136 1138 1140
1134 1132 1130 1128
1135 1137 1139 1141
1135 1133 1131 1129
1136 1138 1140 1143
1136 1134 1132 1130
1137 1139 1141 1144
1137 1135 1133 1131
1138 1140 1143 1142
1138 1136 1134 1132
1139 1141 1144 1146
1139 1137 1135 1133
1140 1143 1142 1145
1140 1138 1136 1134
1141 1144 1146 1148
1141 1139 1137 1135
1142 1145 1147 1150
1142 1143 1140 1138
1143 1142 1145 1147
1143 1140 1138 1136
1144 1146 1148 1149
1144 1141 1139 1137
1145 1147 1150 1152
1145 1142 1143 1140
1146 1148 1149 1151
1146 1144 1141 1139
1147 1150 1152 1154
1147 1145 1142 1143
1148 1149 1151 1153
1148 1146 1144 1141
1149 1151 1153 1155
1149 1148 1146 1144
1150 1152 1154 1156
1150 1147 1145 1142
1151 1153 1155 1157
1151 1149 1148 1146
1152 1154 1156 1158
1152 1150 1147 1145
1153 1155 1157 1159
1153 1151 1149 1148
1154 1156 1158 1161
1154 1152 1150 1147
1155 1157 1159 1162
1155 1153 1151 1149
1156 1158 1161 1160
1156 1154 1152 1150
1157 1159 1162 1164
1157 1155 1153 1151
1158 1161 1160 1163
1158 1156 1154 1152
1159 1162 1164 1165
1159 1157 1155 1153
1160 1163 1166 1169
1160 1161 1158 1156
1161 1160 1163 1166
1161 1158 1156 1154
1162 1164 1165 1167
1162 1159 1157 1155
1163 1166 1169 1168
1163 1160 1161 1158
1164 1165 1167 1170
1164 1162 1159 1157
1165 1167 1170 1172
1165 1164 1162 1159
1166 1169 1168 1171
1166 1163 1160 1161
1167 1170 1172 1174
1167 1165 1164 1162
1168 1171 1173 1175
1168 1169 1166 1163
1169 1168 1171 1173
1169 1166 1163 1160
1170 1172 1174 1176
1170 1167 1165 1164
1171 1173 1175 1177
1171 1168 1169 1166
1172 1174 1176 1178
1172 1170 1167 1165
1173 1175 1177 1180
1173 1171 1168 1169
1174 1176 1178 1181
1174 1172 1170 1167
1175 1177 1180 1179
1175 1173 1171 1168
1176 1178 1181 1183
1176 1174 1172 1170
1177 1180 1179 1182
1177 1175 1173 1171
1178 1181 1183 1185
1178 1176 1174 1172
1179 1182 1184 1187
1179 1180 1177 1175
1180 1179 1182 1184
1180 1177 1175 1173
1181 1183 1185 1188
1181 1178 1176 1174
1182 1184 1187 1186
1182 1179 1180 1177
1183 1185 1188 1190
1183 1181 1178 1176
1184 1187 1186 1189
1184 1182 1179 1180
1185 1188 1190 1192
1185 1183 1181 1178
1186 1189 1191 1193
1186 1187 1184 1182
1187 1186 1189 1191
1187 1184 1182 1179
1188 1190 1192 1194
1188 1185 1183 1181
1189 1191 1193 1195
1189 1186 1187 1184
1190 1192 1194 1196
1190 1188 1185 1183
1191 1193 1195 1197
1191 1189 1186 1187
1192 1194 1196 1198
1192 1190 1188 1185
1193 1195 1197 1199
1193 1191 1189 1186
1194 1196 1198 1200
1194 1192 1190 1188
1195 1197 1199 1201
1195 1193 1191 1189
1196 1198 1200 1202
1196 1194 1192 1190
1197 1199 1201 1204
1197 1195 1193 1191
1198 1200 1202 1205
1198 1196 1194 1192
1199 1201 1204 1203
1199 1197 1195 1193
1200 1202 1205 1206
1200 1198 1196 1194
1201 1204 1203 1207
1201 1199 1197 1195
1202 1205 1206 1208
1202 1200 1198 1196
1203 1207 1209 1211
1203 1204 1201 1199
1204 1203 1207 1209
1204 1201 1199 1197
1205 1206 1208 1210
1205 1202 1200 1198
1206 1208 1210 1212
1206 1205 1202 1200
1207 1209 1211 1213
1207 1203 1204 1201
1208 1210 1212 1214
1208 1206 1205 1202
1209 1211 1213 1215
1209 1207 1203 1204
1210 1212 1214 1216
1210 1208 1206 1205
1211 1213 1215 1217
1211 1209 1207 1203
1212 1214 1216 1218
1212 1210 1208 1206
1213 1215 1217 1219
1213 1211 1209 1207
1214 1216 1218 1220
1214 1212 1210 1208
1215 1217 1219 1222
1215 1213 1211 1209
1216 1218 1220 1223
1216 1214 1212 1210
1217 1219 1222 1221
1217 1215 1213 1211
1218 1220 1223 1224
1218 1216 1214 1212
1219 1222 1221 1225
1219 1217 1215 1213
1220 1223 1224 1226
1220 1218 1216 1214
1221 1225 1227 1231
1221 1222 1219 1217
1222 1221 1225 1227
1222 1219 1217 1215
1223 1224 1226 1228
1223 1220 1218 1216
1224 1226 1228 1229
1224 1223 1220 1218
1225 1227 1231 1230
1225 1221 1222 1219
1226 1228 1229 1232
1226 1224 1223 1220
1227 1231 1230 1233
1227 1225 1221 1222
1228 1229 1232 1234
1228 1226 1224 1223
1229 1232 1234 1236
1229 1228 1226 1224
1230 1233 1235 1237
1230 1231 1227 1225
1231 1230 1233 1235
1231 1227 1225 1221
1232 1234 1236 1238
1232 1229 1228 1226
1233 1235 1237 1239
1233 1230 1231 1227
1234 1236 1238 1240
1234 1232 1229 1228
1235 1237 1239 1242
1235 1233 1230 1231
1236 1238 1240 1241
1236 1234 1232 1229
1237 1239 1242 1244
1237 1235 1233 1230
1238 1240 1241 1243
1238 1236 1234 1232
1239 1242 1244 1247
1239 1237 1235 1233
1240 1241 1243 1245
1240 1238 1236 1234
1241 1243 1245 1246
1241 1240 1238 1236
1242 1244 1247 1250
1242 1239 1237 1235
1243 1245 1246 1248
1243 1241 1240 1238
1244 1247 1250 1249
1244 1242 1239 1237
1245 1246 1248 1251
1245 1243 1241 1240
1246 1248 1251 1253
1246 1245 1243 1241
1247 1250 1249 1252
1247 1244 1242 1239
1248 1251 1253 1255
1248 1246 1245 1243
1249 1252 1254 1256
1249 1250 1247 1244
1250 1249 1252 1254
1250 1247 1244 1242
1251 1253 1255 1257
1251 1248 1246 1245
1252 1254 1256 1258
1252 1249 1250 1247
1253 1255 1257 1259
1253 1251 1248 1246
1254 1256 1258 1260
1254 1252 1249 1250
1255 1257 1259 1261
1255 1253 1251 1248
1256 1258 1260 1262
1256 1254 1252 1249
1257 1259 1261 1263
1257 1255 1253 1251
1258 1260 1262 1264
1258 1256 1254 1252
1259 1261 1263 1265
1259 1257 1255 1253
1260 1262 1264 1267
1260 1258 1256 1254
1261 1263 1265 1268
1261 1259 1257 1255
1262 1264 1267 1266
1262 1260 1258 1256
1263 1265 1268 1270
1263 1261 1259 1257
1264 1267 1266 1269
1264 1262 1260 1258
1265 1268 1270 1272
1265 1263 1261 1259
1266 1269 1271 1274
1266 1267 1264 1262
1267 1266 1269 1271
1267 1264 1262 1260
1268 1270 1272 1275
1268 1265 1263 1261
1269 1271 1274 1273
1269 1266 1267 1264
1270 1272 1275 1277
1270 1268 1265 1263
1271 1274 1273 1276
1271 1269 1266 1267
1272 1275 1277 1279
1272 1270 1268 1265
1273 1276 1278 1280
1273 1274 1271 1269
1274 1273 1276 1278
1274 1271 1269 1266
1275 1277 1279 1281
1275 1272 1270 1268
1276 1278 1280 1283
1276 1273 1274 1271
1277 1279 1281 1282
1277 1275 1272 1270
1278 1280 1283 1286
1278 1276 1273 1274
1279 1281 1282 1284
1279 1277 1275 1272
1280 1283 1286 1285
1280 1278 1276 1273
1281 1282 1284 1287
1281 1279 1277 1275
1282 1284 1287 1288
1282 1281 1279 1277
1283 1286 1285 1289
1283 1280 1278 1276
1284 1287 1288 1290
1284 1282 1281 1279
1285 1289 1291 1295
1285 1286 1283 1280
1286 1285 1289 1291
1286 1283 1280 1278
1287 1288 1290 1292
1287 1284 1282 1281
1288 1290 1292 1293
1288 1287 1284 1282
1289 1291 1295 1294
1289 1285 1286 1283
1290 1292 1293 1296
1290 1288 1287 1284
1291 1295 1294 1297
1291 1289 1285 1286
1292 1293 1296 1298
1292 1290 1288 1287
1293 1296 1298 1300
1293 1292 1290 1288
1294 1297 1299 1302
1294 1295 1291 1289
1295 1294 1297 1299
1295 1291 1289 1285
1296 1298 1300 1301
1296 1293 1292 1290
1297 1299 1302 1304
1297 1294 1295 1291
1298 1300 1301 1303
1298 1296 1293 1292
1299 1302 1304 1307
1299 1297 1294 1295
1300 1301 1303 1305
1300 1298 1296 1293
1301 1303 1305 1306
1301 1300 1298 1296
1302 1304 1307 1310
1302 1299 1297 1294
1303 1305 1306 1308
1303 1301 1300 1298
1304 1307 1310 1312
1304 1302 1299 1297
1305 1306 1308 1309
1305 1303 1301 1300
1306 1308 1309 1311
1306 1305 1303 1301
1307 1310 1312 1315
1307 1304 1302 1299
1308 1309 1311 1313
1308 1306 1305 1303
1309 1311 1313 1316
1309 1308 1306 1305
1310 1312 1315 1314
1310 1307 1304 1302
1311 1313 1316 1317
1311 1309 1308 1306
1312 1315 1314 1318
1312 1310 1307 1304
1313 1316 1317 1319
1313 1311 1309 1308
1314 1318 1321 1323
1314 1315 1312 1310
1315 1314 1318 1321
1315 1312 1310 1307
1316 1317 1319 1320
1316 1313 1311 1309
1317 1319 1320 1322
1317 1316 1313 1311
1318 1321 1323 1326
1318 1314 1315 1312
1319 1320 1322 1324
1319 1317 1316 1313
1320 1322 1324 1325
1320 1319 1317 1316
1321 1323 1326 1329
1321 1318 1314 1315
1322 1324 1325 1327
1322 1320 1319 1317
1323 1326 1329 1332
1323 1321 1318 1314
1324 1325 1327 1328
1324 1322 1320 1319
1325 1327 1328 1330
1325 1324 1322 1320
1326 1329 1332 1335
1326 1323 1321 1318
1327 1328 1330 1331
1327 1325 1324 1322
1328 1330 1331 1333
1328 1327 1325 1324
1329 1332 1335 1338
1329 1326 1323 1321
1330 1331 1333 1334
1330 1328 1327 1325
1331 1333 1334 1336
1331 1330 1328 1327
1332 1335 1338 1337
1332 1329 1326 1323
1333 1334 1336 1339
1333 1331 1330 1328
1334 1336 1339 1340
1334 1333 1331 1330
1335 1338 1337 1341
1335 1332 1329 1326
1336 1339 1340 1342
1336 1334 1333 1331
1337 1341 1344 1348
1337 1338 1335 1332
1338 1337 1341 1344
1338 1335 1332 1329
1339 1340 1342 1343
1339 1336 1334 1333
1340 1342 1343 1345
1340 1339 1336 1334
1341 1344 1348 1347
1341 1337 1338 1335
1342 1343 1345 1346
1342 1340 1339 1336
1343 1345 1346 1349
1343 1342 1340 1339
1344 1348 1347 1351
1344 1341 1337 1338
1345 1346 1349 1350
1345 1343 1342 1340
1346 1349 1350 1352
1346 1345 1343 1342
1347 1351 1354 1357
1347 1348 1344 1341
1348 1347 1351 1354
1348 1344 1341 1337
1349 1350 1352 1353
1349 1346 1345 1343
1350 1352 1353 1355
1350 1349 1346 1345
1351 1354 1357 1360
1351 1347 1348 1344
1352 1353 1355 1356
1352 1350 1349 1346
1353 1355 1356 1358
1353 1352 1350 1349
1354 1357 1360 1363
1354 1351 1347 1348
1355 1356 1358 1359
1355 1353 1352 1350
1356 1358 1359 1361
1356 1355 1353 1352
1357 1360 1363 1366
1357 1354 1351 1347
1358 1359 1361 1362
1358 1356 1355 1353
1359 1361 1362 1364
1359 1358 1356 1355
1360 1363 1366 1369
1360 1357 1354 1351
1361 1362 1364 1365
1361 1359 1358 1356
1362 1364 1365 1367
1362 1361 1359 1358
1363 1366 1369 1373
1363 1360 1357 1354
1364 1365 1367 1368
1364 1362 1361 1359
1365 1367 1368 1370
1365 1364 1362 1361
1366 1369 1373 1372
1366 1363 1360 1357
1367 1368 1370 1371
1367 1365 1364 1362
1368 1370 1371 1374
1368 1367 1365 1364
1369 1373 1372 1376
1369 1366 1363 1360
1370 1371 1374 1375
1370 1368 1367 1365
1371 1374 1375 1377
1371 1370 1368 1367
1372 1376 1379 1382
1372 1373 1369 1366
1373 1372 1376 1379
1373 1369 1366 1363
1374 1375 1377 1378
1374 1371 1370 1368
1375 1377 1378 1380
1375 1374 1371 1370
1376 1379 1382 1385
1376 1372 1373 1369
1377 1378 1380 1381
1377 1375 1374 1371
1378 1380 1381 1383
1378 1377 1375 1374
1379 1382 1385 1388
1379 1376 1372 1373
1380 1381 1383 1384
1380 1378 1377 1375
1381 1383 1384 1386
1381 1380 1378 1377
1382 1385 1388 1391
1382 1379 1376 1372
1383 1384 1386 1387
1383 1381 1380 1378
1384 1386 1387 1389
1384 1383 1381 1380
1385 1388 1391 1394
1385 1382 1379 1376
1386 1387 1389 1390
1386 1384 1383 1381
1387 1389 1390 1392
1387 1386 1384 1383
1388 1391 1394 1398
1388 1385 1382 1379
1389 1390 1392 1393
1389 1387 1386 1384
1390 1392 1393 1395
1390 1389 1387 1386
1391 1394 1398 1397
1391 1388 1385 1382
1392 1393 1395 1396
1392 1390 1389 1387
1393 1395 1396 1399
1393 1392 1390 1389
1394 1398 1397 1401
1394 1391 1388 1385
1395 1396 1399 1400
1395 1393 1392 1390
1396 1399 1400 1402
1396 1395 1393 1392
1397 1401 1404 1407
1397 1398 1394 1391
1398 1397 1401 1404
1398 1394 1391 1388
1399 1400 1402 1403
1399 1396 1395 1393
1400 1402 1403 1405
1400 1399 1396 1395
1401 1404 1407 1410
1401 1397 1398 1394
1402 1403 1405 1406
1402 1400 1399 1396
1403 1405 1406 1408
1403 1402 1400 1399
1404 1407 1410 1413
1404 1401 1397 1398
1405 1406 1408 1409
1405 1403 1402 1400
1406 1408 1409 1411
1406 1405 1403 1402
1407 1410 1413 1416
1407 1404 1401 1397
1408 1409 1411 1412
1408 1406 1405 1403
1409 1411 1412 1414
1409 1408 1406 1405
1410 1413 1416 1420
1410 1407 1404 1401
1411 1412 1414 1415
1411 1409 1408 1406
1412 1414 1415 1417
1412 1411 1409 1408
1413 1416 1420 1424
1413 1410 1407 1404
1414 1415 1417 1418
1414 1412 1411 1409
1415 1417 1418 1419
1415 1414 1412 1411
1416 1420 1424 1423
1416 1413 1410 1407
1417 1418 1419 1421
1417 1415 1414 1412
1418 1419 1421 1422
1418 1417 1415 1414
1419 1421 1422 1425
1419 1418 1417 1415
1420 1424 1423 1427
1420 1416 1413 1410
1421 1422 1425 1426
1421 1419 1418 1417
1422 1425 1426 1428
1422 1421 1419 1418
1423 1427 1431 1435
1423 1424 1420 1416
1424 1423 1427 1431
1424 1420 1416 1413
1425 1426 1428 1429
1425 1422 1421 1419
1426 1428 1429 1430
1426 1425 1422 1421
1427 1431 1435 1434
1427 1423 1424 1420
1428 1429 1430 1432
1428 1426 1425 1422
1429 1430 1432 1433
1429 1428 1426 1425
1430 1432 1433 1436
1430 1429 1428 1426
1431 1435 1434 1438
1431 1427 1423 1424
1432 1433 1436 1437
1432 1430 1429 1428
1433 1436 1437 1439
1433 1432 1430 1429
1434 1438 1442 1446
1434 1435 1431 1427
1435 1434 1438 1442
1435 1431 1427 1423
1436 1437 1439 1440
1436 1433 1432 1430
1437 1439 1440 1441
1437 1436 1433 1432
1438 1442 1446 1450
1438 1434 1435 1431
1439 1440 1441 1443
1439 1437 1436 1433
1440 1441 1443 1444
1440 1439 1437 1436
1441 1443 1444 1445
1441 1440 1439 1437
1442 1446 1450 1453
1442 1438 1434 1435
1443 1444 1445 1447
1443 1441 1440 1439
1444 1445 1447 1448
1444 1443 1441 1440
1445 1447 1448 1449
1445 1444 1443 1441
1446 1450 1453 1456
1446 1442 1438 1434
1447 1448 1449 1451
1447 1445 1444 1443
1448 1449 1451 1452
1448 1447 1445 1444
1449 1451 1452 1454
1449 1448 1447 1445
1450 1453 1456 1459
1450 1446 1442 1438
1451 1452 1454 1455
1451 1449 1448 1447
1452 1454 1455 1457
1452 1451 1449 1448
1453 1456 1459 1463
1453 1450 1446 1442
1454 1455 1457 1458
1454 1452 1451 1449
1455 1457 1458 1460
1455 1454 1452 1451
1456 1459 1463 1462
1456 1453 1450 1446
1457 1458 1460 1461
1457 1455 1454 1452
1458 1460 1461 1464
1458 1457 1455 1454
1459 1463 1462 1466
1459 1456 1453 1450
1460 1461 1464 1465
1460 1458 1457 1455
1461 1464 1465 1467
1461 1460 1458 1457
1462 1466 1469 1472
1462 1463 1459 1456
1463 1462 1466 1469
1463 1459 1456 1453
1464 1465 1467 1468
1464 1461 1460 1458
1465 1467 1468 1470
1465 1464 1461 1460
1466 1469 1472 1475
1466 1462 1463 1459
1467 1468 1470 1471
1467 1465 1464 1461
1468 1470 1471 1473
1468 1467 1465 1464
1469 1472 1475 1478
1469 1466 1462 1463
1470 1471 1473 1474
1470 1468 1467 1465
1471 1473 1474 1476
1471 1470 1468 1467
1472 1475 1478 1482
1472 1469 1466 1462
1473 1474 1476 1477
1473 1471 1470 1468
1474 1476 1477 1479
1474 1473 1471 1470
1475 1478 1482 1486
1475 1472 1469 1466
1476 1477 1479 1480
1476 1474 1473 1471
1477 1479 1480 1481
1477 1476 1474 1473
1478 1482 1486 1491
1478 1475 1472 1469
1479 1480 1481 1483
1479 1477 1476 1474
1480 1481 1483 1484
1480 1479 1477 1476
1481 1483 1484 1485
1481 1480 1479 1477
1482 1486 1491 1490
1482 1478 1475 1472
1483 1484 1485 1487
1483 1481 1480 1479
1484 1485 1487 1488
1484 1483 1481 1480
1485 1487 1488 1489
1485 1484 1483 1481
1486 1491 1490 1495
1486 1482 1478 1475
1487 1488 1489 1492
1487 1485 1484 1483
1488 1489 1492 1493
1488 1487 1485 1484
1489 1492 1493 1494
1489 1488 1487 1485
1490 1495 1499 1502
1490 1491 1486 1482
1491 1490 1495 1499
1491 1486 1482 1478
1492 1493 1494 1496
1492 1489 1488 1487
1493 1494 1496 1497
1493 1492 1489 1488
1494 1496 1497 1498
1494 1493 1492 1489
1495 1499 1502 1506
1495 1490 1491 1486
1496 1497 1498 1500
1496 1494 1493 1492
1497 1498 1500 1501
1497 1496 1494 1493
1498 1500 1501 1503
1498 1497 1496 1494
1499 1502 1506 1510
1499 1495 1490 1491
1500 1501 1503 1504
1500 1498 1497 1496
1501 1503 1504 1505
1501 1500 1498 1497
1502 1506 1510 1513
1502 1499 1495 1490
1503 1504 1505 1507
1503 1501 1500 1498
1504 1505 1507 1508
1504 1503 1501 1500
1505 1507 1508 1509
1505 1504 1503 1501
1506 1510 1513 1517
1506 1502 1499 1495
1507 1508 1509 1511
1507 1505 1504 1503
1508 1509 1511 1512
1508 1507 1505 1504
1509 1511 1512 1514
1509 1508 1507 1505
1510 1513 1517 1522
1510 1506 1502 1499
1511 1512 1514 1515
1511 1509 1508 1507
1512 1514 1515 1516
1512 1511 1509 1508
1513 1517 1522 1521
1513 1510 1506 1502
1514 1515 1516 1518
1514 1512 1511 1509
1515 1516 1518 1519
1515 1514 1512 1511
1516 1518 1519 1520
1516 1515 1514 1512
1517 1522 1521 1525
1517 1513 1510 1506
1518 1519 1520 1523
1518 1516 1515 1514
1519 1520 1523 1524
1519 1518 1516 1515
1520 1523 1524 1526
1520 1519 1518 1516
1521 1525 1532 1552
1521 1522 1517 1513
1522 1521 1525 1532
1522 1517 1513 1510
1523 1524 1526 1527
1523 1520 1519 1518
1524 1526 1527 1528
1524 1523 1520 1519
1525 1532 1552 1551
1525 1521 1522 1517
1526 1527 1528 1529
1526 1524 1523 1520
1527 1528 1529 1530
1527 1526 1524 1523
1528 1529 1530 1531
1528 1527 1526 1524
1529 1530 1531 1533
1529 1528 1527 1526
1530 1531 1533 1534
1530 1529 1528 1527
1531 1533 1534 1535
1531 1530 1529 1528
1532 1552 1551 1578
1532 1525 1521 1522
1533 1534 1535 1536
1533 1531 1530 1529
1534 1535 1536 1537
1534 1533 1531 1530
1535 1536 1537 1538
1535 1534 1533 1531
1536 1537 1538 1539
1536 1535 1534 1533
1537 1538 1539 1540
1537 1536 1535 1534
1538 1539 1540 1541
1538 1537 1536 1535
1539 1540 1541 1542
1539 1538 1537 1536
1540 1541 1542 1543
1540 1539 1538 1537
1541 1542 1543 1544
1541 1540 1539 1538
1542 1543 1544 1545
1542 1541 1540 1539
1543 1544 1545 1546
1543 1542 1541 1540
1544 1545 1546 1547
1544 1543 1542 1541
1545 1546 1547 1548
1545 1544 1543 1542
1546 1547 1548 1549
1546 1545 1544 1543
1547 1548 1549 1550
1547 1546 1545 1544
1548 1549 1550 1553
1548 1547 1546 1545
1549 1550 1553 1554
1549 1548 1547 1546
1550 1553 1554 1555
1550 1549 1548 1547
1551 1578 1598 1597
1551 1552 1532 1525
1552 1551 1578 1598
1552 1532 1525 1521
1553 1554 1555 1556
1553 1550 1549 1548
1554 1555 1556 1557
1554 1553 1550 1549
1555 1556 1557 1558
1555 1554 1553 1550
1556 1557 1558 1559
1556 1555 1554 1553
1557 1558 1559 1560
1557 1556 1555 1554
1558 1559 1560 1561
1558 1557 1556 1555
1559 1560 1561 1562
1559 1558 1557 1556
1560 1561 1562 1563
1560 1559 1558 1557
1561 1562 1563 1564
1561 1560 1559 1558
1562 1563 1564 1565
1562 1561 1560 1559
1563 1564 1565 1566
1563 1562 1561 1560
1564 1565 1566 1567
1564 1563 1562 1561
1565 1566 1567 1568
1565 1564 1563 1562
1566 1567 1568 1569
1566 1565 1564 1563
1567 1568 1569 1570
1567 1566 1565 1564
1568 1569 1570 1571
1568 1567 1566 1565
1569 1570 1571 1572
1569 1568 1567 1566
1570 1571 1572 1573
1570 1569 1568 1567
1571 1572 1573 1574
1571 1570 1569 1568
1572 1573 1574 1575
1572 1571 1570 1569
1573 1574 1575 1576
1573 1572 1571 1570
1574 1575 1576 1577
1574 1573 1572 1571
1575 1576 1577 1579
1575 1574 1573 1572
1576 1577 1579 1580
1576 1575 1574 1573
1577 1579 1580 1581
1577 1576 1575 1574
1578 1598 1597 1624
1578 1551 1552 1532
1579 1580 1581 1582
1579 1577 1576 1575
1580 1581 1582 1583
1580 1579 1577 1576
1581 1582 1583 1584
1581 1580 1579 1577
1582 1583 1584 1585
1582 1581 1580 1579
1583 1584 1585 1586
1583 1582 1581 1580
1584 1585 1586 1587
1584 1583 1582 1581
1585 1586 1587 1588
1585 1584 1583 1582
1586 1587 1588 1589
1586 1585 1584 1583
1587 1588 1589 1590
1587 1586 1585 1584
1588 1589 1590 1591
1588 1587 1586 1585
1589 1590 1591 1592
1589 1588 1587 1586
1590 1591 1592 1593
1590 1589 1588 1587
1591 1592 1593 1594
1591 1590 1589 1588
1592 1593 1594 1595
1592 1591 1590 1589
1593 1594 1595 1596
1593 1592 1591 1590
1594 1595 1596 1599
1594 1593 1592 1591
1595 1596 1599 1600
1595 1594 1593 1592
1596 1599 1600 1601
1596 1595 1594 1593
1597 1624 1645 1644
1597 1598 1578 1551
1598 1597 1624 1645
1598 1578 1551 1552
1599 1600 1601 1602
1599 1596 1595 1594
1600 1601 1602 1603
1600 1599 1596 1595
1601 1602 1603 1604
1601 1600 1599 1596
1602 1603 1604 1605
1602 1601 1600 1599
1603 1604 1605 1606
1603 1602 1601 1600
1604 1605 1606 1607
1604 1603 1602 1601
1605 1606 1607 1608
1605 1604 1603 1602
1606 1607 1608 1609
1606 1605 1604 1603
1607 1608 1609 1610
1607 1606 1605 1604
1608 1609 1610 1611
1608 1607 1606 1605
1609 1610 1611 1612
1609 1608 1607 1606
1610 1611 1612 1613
1610 1609 1608 1607
1611 1612 1613 1614
1611 1610 1609 1608
1612 1613 1614 1615
1612 1611 1610 1609
1613 1614 1615 1616
1613 1612 1611 1610
1614 1615 1616 1617
1614 1613 1612 1611
1615 1616 1617 1618
1615 1614 1613 1612
1616 1617 1618 1619
1616 1615 1614 1613
1617 1618 1619 1620
1617 1616 1615 1614
1618 1619 1620 1621
1618 1617 1616 1615
1619 1620 1621 1622
1619 1618 1617 1616
1620 1621 1622 1623
1620 1619 1618 1617
1621 1622 1623 1625
1621 1620 1619 1618
1622 1623 1625 1626
1622 1621 1620 1619
1623 1625 1626 1627
1623 1622 1621 1620
1624 1645 1644 1643
1624 1597 1598 1578
1625 1626 1627 1628
1625 1623 1622 1621
1626 1627 1628 1629
1626 1625 1623 1622
1627 1628 1629 1630
1627 1626 1625 1623
1628 1629 1630 1631
1628 1627 1626 1625
1629 1630 1631 1632
1629 1628 1627 1626
1630 1631 1632 1633
1630 1629 1628 1627
1631 1632 1633 1634
1631 1630 1629 1628
1632 1633 1634 1635
1632 1631 1630 1629
1633 1634 1635 1636
1633 1632 1631 1630
1634 1635 1636 1637
1634 1633 1632 1631
1635 1636 1637 1638
1635 1634 1633 1632
1636 1637 1638 1639
1636 1635 1634 1633
1637 1638 1639 1640
1637 1636 1635 1634
1638 1639 1640 1641
1638 1637 1636 1635
1639 1640 1641 1642
1639 1638 1637 1636
1640 1641 1642 1646
1640 1639 1638 1637
1641 1642 1646 1647
1641 1640 1639 1638
1642 1646 1647 1648
1642 1641 1640 1639
1643 1657 1656 1655
1643 1644 1645 1624
1644 1643 1657 1656
1644 1645 1624 1597
1645 1644 1643 1657
1645 1624 1597 1598
1646 1647 1648 1649
1646 1642 1641 1640
1647 1648 1649 1650
1647 1646 1642 1641
1648 1649 1650 1651
1648 1647 1646 1642
1649 1650 1651 1652
1649 1648 1647 1646
1650 1651 1652 1653
1650 1649 1648 1647
1651 1652 1653 1654
1651 1650 1649 1648
1652 1653 1654 1655
1652 1651 1650 1649
1653 1654 1655 1656
1653 1652 1651 1650
1654 1653 1652 1651
1654 1655 1656 1657
1655 1654 1653 1652
1655 1656 1657 1643
1656 1655 1654 1653
1656 1657 1643 1644
1657 1656 1655 1654
1657 1643 1644 1645
