0 102 101 100
0 1 2 3
1 0 102 101
1 2 3 4
2 1 0 102
2 3 4 5
3 2 1 0
3 4 5 6
4 3 2 1
4 5 6 7
5 4 3 2
5 6 7 8
6 5 4 3
6 7 8 9
7 6 5 4
7 8 9 10
8 7 6 5
8 9 10 11
9 8 7 6
9 10 11 12
10 9 8 7
10 11 12 13
11 10 9 8
11 12 13 14
12 11 10 9
12 13 14 15
13 12 11 10
13 14 15 16
14 13 12 11
14 15 16 17
15 14 13 12
15 16 17 18
16 15 14 13
16 17 18 19
17 16 15 14
17 18 19 20
18 17 16 15
18 19 20 21
19 18 17 16
19 20 21 22
20 21 22 103
20 19 18 17
21 22 103 104
21 20 19 18
22 103 104 105
22 21 20 19
23 110 109 108
23 24 25 26
24 23 110 109
24 25 26 27
25 24 23 110
25 26 27 28
26 25 24 23
26 27 28 29
27 26 25 24
27 28 29 30
28 27 26 25
28 29 30 31
29 28 27 26
29 30 31 32
30 29 28 27
30 31 32 33
31 30 29 28
31 32 33 34
32 31 30 29
32 33 34 35
33 32 31 30
33 34 35 36
34 33 32 31
34 35 36 37
35 34 33 32
35 36 37 38
36 35 34 33
36 37 38 39
37 36 35 34
37 38 39 40
38 37 36 35
38 39 40 41
39 38 37 36
39 40 41 42
40 39 38 37
40 41 42 43
41 40 39 38
41 42 43 44
42 41 40 39
42 43 44 45
43 42 41 40
43 44 45 46
44 43 42 41
44 45 46 47
45 44 43 42
45 46 47 48
46 45 44 43
46 47 48 49
47 46 45 44
47 48 49 50
48 47 46 45
48 49 50 51
49 48 47 46
49 50 51 52
50 49 48 47
50 51 52 53
51 50 49 48
51 52 53 54
52 51 50 49
52 53 54 55
53 52 51 50
53 54 55 56
54 53 52 51
54 55 56 57
55 54 53 52
55 56 57 58
56 55 54 53
56 57 58 59
57 56 55 54
57 58 59 60
58 57 56 55
58 59 60 61
59 58 57 56
59 60 61 62
60 59 58 57
60 61 62 63
61 60 59 58
61 62 63 64
62 61 60 59
62 63 64 65
63 62 61 60
63 64 65 66
64 63 62 61
64 65 66 67
65 64 63 62
65 66 67 68
66 65 64 63
66 67 68 69
67 66 65 64
67 68 69 70
68 67 66 65
68 69 70 71
69 68 67 66
69 70 71 72
70 69 68 67
70 71 72 73
71 70 69 68
71 72 73 74
72 71 70 69
72 73 74 75
73 72 71 70
73 74 75 76
74 73 72 71
74 75 76 77
75 74 73 72
75 76 77 78
76 75 74 73
76 77 78 79
77 76 75 74
77 78 79 80
78 77 76 75
78 79 80 81
79 78 77 76
79 80 81 82
80 79 78 77
80 81 82 83
81 80 79 78
81 82 83 84
82 81 80 79
82 83 84 85
83 82 81 80
83 84 85 86
84 83 82 81
84 85 86 87
85 84 83 82
85 86 87 88
86 85 84 83
86 87 88 89
87 86 85 84
87 88 89 90
88 87 86 85
88 89 90 91
89 88 87 86
89 90 91 92
90 89 88 87
90 91 92 93
91 90 89 88
91 92 93 94
92 91 90 89
92 93 94 95
93 92 91 90
93 94 95 96
94 93 92 91
94 95 96 97
95 94 93 92
95 96 97 98
96 95 94 93
96 97 98 99
97 96 95 94
97 98 99 100
98 97 96 95
98 99 100 101
99 98 97 96
99 100 101 102
100 99 98 97
100 101 102 0
101 100 99 98
101 102 0 1
102 101 100 99
102 0 1 2
103 104 105 111
103 22 21 20
104 105 111 114
104 103 22 21
105 111 114 117
105 104 103 22
106 113 112 116
106 107 108 109
107 106 113 112
107 108 109 110
108 107 106 113
108 109 110 23
109 108 107 106
109 110 23 24
110 109 108 107
110 23 24 25
111 114 117 120
111 105 104 103
112 116 115 119
112 113 106 107
113 112 116 115
113 106 107 108
114 117 120 123
114 111 105 104
115 119 118 122
115 116 112 113
116 115 119 118
116 112 113 106
117 120 123 126
117 114 111 105
118 122 121 125
118 119 115 116
119 118 122 121
119 115 116 112
120 123 126 130
120 117 114 111
121 125 124 128
121 122 118 119
122 121 125 124
122 118 119 115
123 126 130 134
123 120 117 114
124 128 127 132
124 125 121 122
125 124 128 127
125 121 122 118
126 130 134 135
126 123 120 117
127 132 131 137
127 128 124 125
128 127 132 131
128 124 125 121
129 133 138 142
130 134 135 139
130 126 123 120
131 137 136 141
131 132 127 128
132 131 137 136
132 127 128 124
133 138 142 147
134 135 139 143
134 130 126 123
135 139 143 144
135 134 130 126
136 141 140 146
136 137 131 132
137 136 141 140
137 131 132 127
138 142 147 152
138 133 129 -1
139 143 144 148
139 135 134 130
140 146 145 150
140 141 136 137
141 140 146 145
141 136 137 131
142 147 152 158
142 138 133 129
143 144 148 153
143 139 135 134
144 148 153 154
144 143 139 135
145 150 149 156
145 146 140 141
146 145 150 149
146 140 141 136
147 152 158 163
147 142 138 133
148 153 154 159
148 144 143 139
149 156 155 161
149 150 145 146
150 149 156 155
150 145 146 140
151 157 162 167
152 158 163 168
152 147 142 138
153 154 159 164
153 148 144 143
154 159 164 169
154 153 148 144
155 161 160 166
155 156 149 150
156 155 161 160
156 149 150 145
157 162 167 172
158 163 168 173
158 152 147 142
159 164 169 174
159 154 153 148
160 166 165 171
160 161 155 156
161 160 166 165
161 155 156 149
162 167 172 177
162 157 151 -1
163 168 173 178
163 158 152 147
164 169 174 179
164 159 154 153
165 171 170 176
165 166 160 161
166 165 171 170
166 160 161 155
167 172 177 181
167 162 157 151
168 173 178 182
168 163 158 152
169 174 179 183
169 164 159 154
170 176 175 180
170 171 165 166
171 170 176 175
171 165 166 160
172 177 181 185
172 167 162 157
173 178 182 186
173 168 163 158
174 179 183 187
174 169 164 159
175 180 184 189
175 176 170 171
176 175 180 184
176 170 171 165
177 181 185 190
177 172 167 162
178 182 186 191
178 173 168 163
179 183 187 192
179 174 169 164
180 184 189 188
180 175 176 170
181 185 190 195
181 177 172 167
182 186 191 196
182 178 173 168
183 187 192 197
183 179 174 169
184 189 188 194
184 180 175 176
185 190 195 202
185 181 177 172
186 191 196 203
186 182 178 173
187 192 197 198
187 183 179 174
188 194 193 200
188 189 184 180
189 188 194 193
189 184 180 175
190 195 202 201
190 185 181 177
191 196 203 209
191 186 182 178
192 197 198 204
192 187 183 179
193 200 199 206
193 194 188 189
194 193 200 199
194 188 189 184
195 202 201 208
195 190 185 181
196 203 209 216
196 191 186 182
197 198 204 210
197 192 187 183
198 204 210 211
198 197 192 187
199 206 205 213
199 200 193 194
200 199 206 205
200 193 194 188
201 208 207 215
201 202 195 190
202 201 208 207
202 195 190 185
203 209 216 222
203 196 191 186
204 210 211 217
204 198 197 192
205 213 212 219
205 206 199 200
206 205 213 212
206 199 200 193
207 215 214 221
207 208 201 202
208 207 215 214
208 201 202 195
209 216 222 228
209 203 196 191
210 211 217 223
210 204 198 197
211 217 223 224
211 210 204 198
212 219 218 226
212 213 205 206
213 212 219 218
213 205 206 199
214 221 220 227
214 215 207 208
215 214 221 220
215 207 208 201
216 222 228 233
216 209 203 196
217 223 224 229
217 211 210 204
218 226 225 231
218 219 212 213
219 218 226 225
219 212 213 205
220 227 232 238
220 221 214 215
221 220 227 232
221 214 215 207
222 228 233 239
222 216 209 203
223 224 229 234
223 217 211 210
224 229 234 235
224 223 217 211
225 231 230 236
225 226 218 219
226 225 231 230
226 218 219 212
227 232 238 237
227 220 221 214
228 233 239 245
228 222 216 209
229 234 235 240
229 224 223 217
230 236 242 241
230 231 225 226
231 230 236 242
231 225 226 218
232 238 237 244
232 227 220 221
233 239 245 250
233 228 222 216
234 235 240 246
234 229 224 223
235 240 246 251
235 234 229 224
236 242 241 248
236 230 231 225
237 244 243 249
237 238 232 227
238 237 244 243
238 232 227 220
239 245 250 254
239 233 228 222
240 246 251 255
240 235 234 229
241 248 247 252
241 242 236 230
242 241 248 247
242 236 230 231
243 249 253 259
243 244 237 238
244 243 249 253
244 237 238 232
245 250 254 260
245 239 233 228
246 251 255 261
246 240 235 234
247 252 257 256
247 248 241 242
248 247 252 257
248 241 242 236
249 253 259 258
249 243 244 237
250 254 260 264
250 245 239 233
251 255 261 265
251 246 240 235
252 257 256 262
252 247 248 241
253 259 258 263
253 249 243 244
254 260 264 268
254 250 245 239
255 261 265 269
255 251 246 240
256 262 266 270
256 257 252 247
257 256 262 266
257 252 247 248
258 263 267 272
258 259 253 249
259 258 263 267
259 253 249 243
260 264 268 273
260 254 250 245
261 265 269 274
261 255 251 246
262 266 270 275
262 256 257 252
263 267 272 271
263 258 259 253
264 268 273 277
264 260 254 250
265 269 274 278
265 261 255 251
266 270 275 280
266 262 256 257
267 272 271 276
267 263 258 259
268 273 277 283
268 264 260 254
269 274 278 279
269 265 261 255
270 275 280 286
270 266 262 256
271 276 282 281
271 272 267 263
272 271 276 282
272 267 263 258
273 277 283 288
273 268 264 260
274 278 279 284
274 269 265 261
275 280 286 285
275 270 266 262
276 282 281 287
276 271 272 267
277 283 288 294
277 273 268 264
278 279 284 289
278 274 269 265
279 284 289 290
279 278 274 269
280 286 285 291
280 275 270 266
281 287 293 292
281 282 276 271
282 281 287 293
282 276 271 272
283 288 294 298
283 277 273 268
284 289 290 295
284 279 278 274
285 291 296 301
285 286 280 275
286 285 291 296
286 280 275 270
287 293 292 297
287 281 282 276
288 294 298 304
288 283 277 273
289 290 295 299
289 284 279 278
290 295 299 300
290 289 284 279
291 296 301 306
291 285 286 280
292 297 303 302
292 293 287 281
293 292 297 303
293 287 281 282
294 298 304 308
294 288 283 277
295 299 300 305
295 290 289 284
296 301 306 311
296 291 285 286
297 303 302 307
297 292 293 287
298 304 308 314
298 294 288 283
299 300 305 309
299 295 290 289
300 305 309 315
300 299 295 290
301 306 311 310
301 296 291 285
302 307 313 312
302 303 297 292
303 302 307 313
303 297 292 293
304 308 314 318
304 298 294 288
305 309 315 319
305 300 299 295
306 311 310 316
306 301 296 291
307 313 312 317
307 302 303 297
308 314 318 323
308 304 298 294
309 315 319 324
309 305 300 299
310 316 320 326
310 311 306 301
311 310 316 320
311 306 301 296
312 317 322 321
312 313 307 302
313 312 317 322
313 307 302 303
314 318 323 328
314 308 304 298
315 319 324 329
315 309 305 300
316 320 326 325
316 310 311 306
317 322 321 327
317 312 313 307
318 323 328 332
318 314 308 304
319 324 329 333
319 315 309 305
320 326 325 330
320 316 310 311
321 327 331 335
321 322 317 312
322 321 327 331
322 317 312 313
323 328 332 336
323 318 314 308
324 329 333 337
324 319 315 309
325 330 334 338
325 326 320 316
326 325 330 334
326 320 316 310
327 331 335 339
327 321 322 317
328 332 336 340
328 323 318 314
329 333 337 341
329 324 319 315
330 334 338 343
330 325 326 320
331 335 339 345
331 327 321 322
332 336 340 346
332 328 323 318
333 337 341 342
333 329 324 319
334 338 343 348
334 330 325 326
335 339 345 344
335 331 327 321
336 340 346 350
336 332 328 323
337 341 342 347
337 333 329 324
338 343 348 352
338 334 330 325
339 345 344 349
339 335 331 327
340 346 350 354
340 336 332 328
341 342 347 351
341 337 333 329
342 347 351 355
342 341 337 333
343 348 352 356
343 338 334 330
344 349 353 358
344 345 339 335
345 344 349 353
345 339 335 331
346 350 354 359
346 340 336 332
347 351 355 360
347 342 341 337
348 352 356 361
348 343 338 334
349 353 358 357
349 344 345 339
350 354 359 363
350 346 340 336
351 355 360 364
351 347 342 341
352 356 361 365
352 348 343 338
353 358 357 362
353 349 344 345
354 359 363 367
354 350 346 340
355 360 364 368
355 351 347 342
356 361 365 369
356 352 348 343
357 362 366 371
357 358 353 349
358 357 362 366
358 353 349 344
359 363 367 372
359 354 350 346
360 364 368 373
360 355 351 347
361 365 369 374
361 356 352 348
362 366 371 370
362 357 358 353
363 367 372 376
363 359 354 350
364 368 373 377
364 360 355 351
365 369 374 378
365 361 356 352
366 371 370 375
366 362 357 358
367 372 376 380
367 363 359 354
368 373 377 381
368 364 360 355
369 374 378 382
369 365 361 356
370 375 379 383
370 371 366 362
371 370 375 379
371 366 362 357
372 376 380 384
372 367 363 359
373 377 381 385
373 368 364 360
374 378 382 387
374 369 365 361
375 379 383 388
375 370 371 366
376 380 384 389
376 372 367 363
377 381 385 390
377 373 368 364
378 382 387 386
378 374 369 365
379 383 388 392
379 383 388 396
379 375 370 371
380 384 389 393
380 376 372 367
381 385 390 394
381 377 373 368
382 387 386 391
382 378 374 369
383 388 392 400
383 388 396 400
383 379 375 370
384 389 393 397
384 380 376 372
385 390 394 398
385 381 377 373
386 391 395 399
386 387 382 378
387 386 391 395
387 382 378 374
388 392 396 400
388 383 379 375
389 393 397 401
389 384 380 376
390 394 398 402
390 385 381 377
391 395 399 403
391 386 387 382
392 396 400 404
392 388 383 379
393 397 401 405
393 389 384 380
394 398 402 406
394 390 385 381
395 399 403 407
395 391 386 387
396 400 404 408
396 392 388 383
397 401 405 409
397 393 389 384
398 402 406 410
398 394 390 385
399 403 407 411
399 395 391 386
400 404 408 -1
400 396 392 388
401 405 409 412
401 397 393 389
402 406 410 413
402 398 394 390
403 407 411 414
403 399 395 391
404 400 396 392
404 400 396 388
405 409 412 415
405 401 397 393
406 410 413 416
406 402 398 394
407 411 414 417
407 403 399 395
408 404 400 396
409 412 415 418
409 405 401 397
410 413 416 419
410 406 402 398
411 414 417 420
411 407 403 399
412 415 418 421
412 409 405 401
413 416 419 422
413 410 406 402
414 417 420 423
414 411 407 403
415 418 421 424
415 412 409 405
416 419 422 425
416 413 410 406
417 420 423 426
417 414 411 407
418 421 424 427
418 415 412 409
419 422 425 428
419 416 413 410
420 423 426 429
420 417 414 411
421 424 427 430
421 418 415 412
422 425 428 431
422 419 416 413
423 426 429 432
423 420 417 414
424 427 430 433
424 421 418 415
425 428 431 434
425 422 419 416
426 429 432 435
426 423 420 417
427 430 433 436
427 424 421 418
428 431 434 437
428 425 422 419
429 432 435 438
429 426 423 420
430 433 436 439
430 427 424 421
431 434 437 440
431 428 425 422
432 435 438 441
432 429 426 423
433 436 439 442
433 430 427 424
434 437 440 443
434 431 428 425
435 438 441 444
435 432 429 426
436 439 442 445
436 433 430 427
437 440 443 446
437 434 431 428
438 441 444 447
438 435 432 429
439 442 445 448
439 436 433 430
440 443 446 449
440 437 434 431
441 444 447 450
441 438 435 432
442 445 448 451
442 439 436 433
443 446 449 452
443 440 437 434
444 447 450 453
444 441 438 435
445 448 451 454
445 442 439 436
446 449 452 455
446 443 440 437
447 450 453 456
447 444 441 438
448 451 454 457
448 445 442 439
449 452 455 458
449 446 443 440
450 453 456 459
450 447 444 441
451 454 457 460
451 448 445 442
452 455 458 461
452 449 446 443
453 456 459 462
453 450 447 444
454 457 460 463
454 451 448 445
455 458 461 464
455 452 449 446
456 459 462 465
456 453 450 447
457 460 463 466
457 454 451 448
458 461 464 467
458 455 452 449
459 462 465 468
459 456 453 450
460 463 466 469
460 457 454 451
461 464 467 470
461 458 455 452
462 465 468 471
462 459 456 453
463 466 469 472
463 460 457 454
464 467 470 473
464 461 458 455
465 468 471 475
465 462 459 456
466 469 472 476
466 463 460 457
467 470 473 477
467 464 461 458
468 471 475 474
468 465 462 459
469 472 476 479
469 466 463 460
470 473 477 480
470 467 464 461
471 475 474 478
471 468 465 462
472 476 479 482
472 469 466 463
473 477 480 483
473 470 467 464
474 478 481 484
474 475 471 468
475 474 478 481
475 471 468 465
476 479 482 485
476 472 469 466
477 480 483 486
477 473 470 467
478 481 484 487
478 474 475 471
479 482 485 488
479 476 472 469
480 483 486 489
480 477 473 470
481 484 487 490
481 478 474 475
482 485 488 491
482 479 476 472
483 486 489 492
483 480 477 473
484 487 490 494
484 481 478 474
485 488 491 495
485 482 479 476
486 489 492 496
486 483 480 477
487 490 494 493
487 484 481 478
488 491 495 498
488 485 482 479
489 492 496 499
489 486 483 480
490 494 493 497
490 487 484 481
491 495 498 501
491 488 485 482
492 496 499 502
492 489 486 483
493 497 500 503
493 494 490 487
494 493 497 500
494 490 487 484
495 498 501 504
495 491 488 485
496 499 502 505
496 492 489 486
497 500 503 506
497 493 494 490
498 501 504 507
498 495 491 488
499 502 505 508
499 496 492 489
500 503 506 509
500 497 493 494
501 504 507 510
501 498 495 491
502 505 508 511
502 499 496 492
503 506 509 512
503 500 497 493
504 507 510 513
504 501 498 495
505 508 511 514
505 502 499 496
506 509 512 515
506 503 500 497
507 510 513 516
507 504 501 498
508 511 514 517
508 505 502 499
509 512 515 518
509 506 503 500
510 513 516 519
510 507 504 501
511 514 517 520
511 508 505 502
512 515 518 521
512 509 506 503
513 516 519 522
513 510 507 504
514 517 520 523
514 511 508 505
515 518 521 524
515 512 509 506
516 519 522 525
516 513 510 507
517 520 523 526
517 514 511 508
518 521 524 527
518 515 512 509
519 522 525 528
519 516 513 510
520 523 526 529
520 517 514 511
521 524 527 530
521 518 515 512
522 525 528 531
522 519 516 513
523 526 529 532
523 520 517 514
524 527 530 533
524 521 518 515
525 528 531 534
525 522 519 516
526 529 532 535
526 523 520 517
527 530 533 537
527 524 521 518
528 531 534 538
528 525 522 519
529 532 535 539
529 526 523 520
530 533 537 536
530 527 524 521
531 534 538 541
531 528 525 522
532 535 539 542
532 529 526 523
533 537 536 540
533 530 527 524
534 538 541 544
534 531 528 525
535 539 542 545
535 532 529 526
536 540 543 546
536 537 533 530
537 536 540 543
537 533 530 527
538 541 544 547
538 534 531 528
539 542 545 548
539 535 532 529
540 543 546 549
540 536 537 533
541 544 547 550
541 538 534 531
542 545 548 551
542 539 535 532
543 546 549 552
543 540 536 537
544 547 550 553
544 541 538 534
545 548 551 554
545 542 539 535
546 549 552 555
546 543 540 536
547 550 553 556
547 544 541 538
548 551 554 557
548 545 542 539
549 552 555 558
549 546 543 540
550 553 556 559
550 547 544 541
551 554 557 560
551 548 545 542
552 555 558 561
552 549 546 543
553 556 559 562
553 550 547 544
554 557 560 563
554 551 548 545
555 558 561 564
555 552 549 546
556 559 562 565
556 553 550 547
557 560 563 566
557 554 551 548
558 561 564 567
558 555 552 549
559 562 565 568
559 556 553 550
560 563 566 569
560 557 554 551
561 564 567 570
561 558 555 552
562 565 568 571
562 559 556 553
563 566 569 572
563 560 557 554
564 567 570 573
564 561 558 555
565 568 571 574
565 562 559 556
566 569 572 580
566 563 560 557
567 570 573 581
567 564 561 558
568 571 574 583
568 565 562 559
569 572 580 587
569 566 563 560
570 573 581 588
570 567 564 561
571 574 583 590
571 568 565 562
572 580 587 593
572 569 566 563
573 581 588 594
573 570 567 564
574 583 590 596
574 571 568 565
575 585 584 591
575 576 577 -1
576 575 585 584
576 577 578 -1
577 578 579 586
577 576 575 585
577 576 575 597
577 576 575 603
578 579 586 592
578 577 576 -1
579 586 592 598
579 578 577 -1
580 587 593 599
580 572 569 566
581 588 594 600
581 573 570 567
582 589 595 601
583 590 596 602
583 574 571 568
584 591 597 603
584 585 575 576
585 584 591 597
585 575 576 577
586 592 598 604
586 579 578 577
587 593 599 606
587 580 572 569
588 594 600 607
588 581 573 570
589 595 601 608
590 596 602 609
590 583 574 571
591 597 603 611
591 584 585 575
592 598 604 605
592 586 579 578
593 599 606 613
593 587 580 572
594 600 607 614
594 588 581 573
595 601 608 615
595 589 582 -1
596 602 609 616
596 590 583 574
597 603 611 610
597 591 584 585
597 591 575 576
598 604 605 612
598 592 586 579
599 606 613 619
599 593 587 580
600 607 614 620
600 594 588 581
601 608 615 621
601 595 589 582
602 609 616 622
602 596 590 583
603 611 610 617
603 597 591 584
603 597 575 576
604 605 612 618
604 598 592 586
605 612 618 624
605 604 598 592
606 613 619 626
606 599 593 587
607 614 620 627
607 600 594 588
608 615 621 628
608 601 595 589
609 616 622 629
609 602 596 590
610 617 623 630
610 611 603 597
611 610 617 623
611 603 597 591
611 603 575 577
612 618 624 625
612 605 604 598
613 619 626 632
613 606 599 593
614 620 627 633
614 607 600 594
615 621 628 634
615 608 601 595
616 622 629 635
616 609 602 596
617 623 630 637
617 610 611 603
618 624 625 631
618 612 605 604
619 626 632 639
619 613 606 599
620 627 633 640
620 614 607 600
621 628 634 641
621 615 608 601
622 629 635 642
622 616 609 602
623 630 637 636
623 617 610 611
624 625 631 638
624 618 612 605
625 631 638 644
625 624 618 612
626 632 639 645
626 619 613 606
627 633 640 646
627 620 614 607
628 634 641 647
628 621 615 608
629 635 642 648
629 622 616 609
630 637 636 643
630 623 617 610
631 638 644 650
631 625 624 618
632 639 645 651
632 626 619 613
633 640 646 652
633 627 620 614
634 641 647 653
634 628 621 615
635 642 648 654
635 629 622 616
636 643 649 655
636 637 630 623
637 636 643 649
637 630 623 617
638 644 650 656
638 631 625 624
639 645 651 657
639 632 626 619
640 646 652 658
640 633 627 620
641 647 653 659
641 634 628 621
642 648 654 660
642 635 629 622
643 649 655 662
643 636 637 630
644 650 656 663
644 638 631 625
645 651 657 664
645 639 632 626
646 652 658 665
646 640 633 627
647 653 659 666
647 641 634 628
648 654 660 667
648 642 635 629
649 655 662 661
649 643 636 637
650 656 663 669
650 644 638 631
651 657 664 670
651 645 639 632
652 658 665 671
652 646 640 633
653 659 666 672
653 647 641 634
654 660 667 673
654 648 642 635
655 662 661 668
655 649 643 636
656 663 669 675
656 650 644 638
657 664 670 676
657 651 645 639
658 665 671 677
658 652 646 640
659 666 672 678
659 653 647 641
660 667 673 679
660 654 648 642
661 668 674 680
661 662 655 649
662 661 668 674
662 655 649 643
663 669 675 681
663 656 650 644
664 670 676 682
664 657 651 645
665 671 677 683
665 658 652 646
666 672 678 684
666 659 653 647
667 673 679 685
667 660 654 648
668 674 680 686
668 661 662 655
669 675 681 687
669 663 656 650
670 676 682 688
670 664 657 651
671 677 683 689
671 665 658 652
672 678 684 690
672 666 659 653
673 679 685 691
673 667 660 654
674 680 686 692
674 668 661 662
675 681 687 693
675 669 663 656
676 682 688 694
676 670 664 657
677 683 689 695
677 671 665 658
678 684 690 696
678 672 666 659
679 685 691 697
679 673 667 660
680 686 692 698
680 674 668 661
681 687 693 699
681 675 669 663
682 688 694 700
682 676 670 664
683 689 695 701
683 677 671 665
684 690 696 702
684 678 672 666
685 691 697 703
685 679 673 667
686 692 698 704
686 680 674 668
687 693 699 705
687 681 675 669
688 694 700 706
688 682 676 670
689 695 701 707
689 683 677 671
690 696 702 708
690 684 678 672
691 697 703 709
691 685 679 673
692 698 704 710
692 686 680 674
693 699 705 711
693 687 681 675
694 700 706 712
694 688 682 676
695 701 707 713
695 689 683 677
696 702 708 714
696 690 684 678
697 703 709 715
697 691 685 679
698 704 710 716
698 692 686 680
699 705 711 717
699 693 687 681
700 706 712 718
700 694 688 682
701 707 713 719
701 695 689 683
702 708 714 720
702 696 690 684
703 709 715 721
703 697 691 685
704 710 716 722
704 698 692 686
705 711 717 723
705 699 693 687
706 712 718 724
706 700 694 688
707 713 719 725
707 701 695 689
708 714 720 726
708 702 696 690
709 715 721 727
709 703 697 691
710 716 722 728
710 704 698 692
711 717 723 729
711 705 699 693
712 718 724 730
712 706 700 694
713 719 725 731
713 707 701 695
714 720 726 732
714 708 702 696
715 721 727 733
715 709 703 697
716 722 728 734
716 710 704 698
717 723 729 735
717 711 705 699
718 724 730 736
718 712 706 700
719 725 731 737
719 713 707 701
720 726 732 738
720 714 708 702
721 727 733 739
721 715 709 703
722 728 734 740
722 716 710 704
723 729 735 741
723 717 711 705
724 730 736 742
724 718 712 706
725 731 737 743
725 719 713 707
726 732 738 744
726 720 714 708
727 733 739 745
727 721 715 709
728 734 740 746
728 722 716 710
729 735 741 747
729 723 717 711
730 736 742 748
730 724 718 712
731 737 743 749
731 725 719 713
732 738 744 750
732 726 720 714
733 739 745 751
733 727 721 715
734 740 746 752
734 728 722 716
735 741 747 753
735 729 723 717
736 742 748 754
736 730 724 718
737 743 749 755
737 731 725 719
738 744 750 756
738 732 726 720
739 745 751 758
739 733 727 721
740 746 752 759
740 734 728 722
741 747 753 760
741 735 729 723
742 748 754 761
742 736 730 724
743 749 755 762
743 737 731 725
744 750 756 757
744 738 732 726
745 751 758 764
745 739 733 727
746 752 759 765
746 740 734 728
747 753 760 766
747 741 735 729
748 754 761 767
748 742 736 730
749 755 762 768
749 743 737 731
750 756 757 763
750 744 738 732
751 758 764 770
751 745 739 733
752 759 765 771
752 746 740 734
753 760 766 772
753 747 741 735
754 761 767 773
754 748 742 736
755 762 768 774
755 749 743 737
756 757 763 769
756 750 744 738
757 763 769 775
757 756 750 744
758 764 770 776
758 751 745 739
759 765 771 777
759 752 746 740
760 766 772 778
760 753 747 741
761 767 773 779
761 754 748 742
762 768 774 780
762 755 749 743
763 769 775 781
763 757 756 750
764 770 776 782
764 758 751 745
765 771 777 783
765 759 752 746
766 772 778 784
766 760 753 747
767 773 779 785
767 761 754 748
768 774 780 786
768 762 755 749
769 775 781 787
769 763 757 756
770 776 782 789
770 764 758 751
771 777 783 790
771 765 759 752
772 778 784 791
772 766 760 753
773 779 785 792
773 767 761 754
774 780 786 793
774 768 762 755
775 781 787 794
775 769 763 757
776 782 789 788
776 770 764 758
777 783 790 796
777 771 765 759
778 784 791 797
778 772 766 760
779 785 792 798
779 773 767 761
780 786 793 799
780 774 768 762
781 787 794 800
781 775 769 763
782 789 788 795
782 776 770 764
783 790 796 803
783 777 771 765
784 791 797 804
784 778 772 766
785 792 798 805
785 779 773 767
786 793 799 806
786 780 774 768
787 794 800 801
787 781 775 769
788 795 802 808
788 789 782 776
789 788 795 802
789 782 776 770
790 796 803 809
790 783 777 771
791 797 804 810
791 784 778 772
792 798 805 811
792 785 779 773
793 799 806 812
793 786 780 774
794 800 801 807
794 787 781 775
795 802 808 814
795 788 789 782
796 803 809 815
796 790 783 777
797 804 810 816
797 791 784 778
798 805 811 817
798 792 785 779
799 806 812 818
799 793 786 780
800 801 807 813
800 794 787 781
801 807 813 819
801 800 794 787
802 808 814 821
802 795 788 789
803 809 815 822
803 796 790 783
804 810 816 823
804 797 791 784
805 811 817 824
805 798 792 785
806 812 818 825
806 799 793 786
807 813 819 820
807 801 800 794
808 814 821 827
808 802 795 788
809 815 822 828
809 803 796 790
810 816 823 829
810 804 797 791
811 817 824 830
811 805 798 792
812 818 825 831
812 806 799 793
813 819 820 826
813 807 801 800
814 821 827 833
814 808 802 795
815 822 828 834
815 809 803 796
816 823 829 835
816 810 804 797
817 824 830 836
817 811 805 798
818 825 831 837
818 812 806 799
819 820 826 832
819 813 807 801
820 826 832 838
820 819 813 807
821 827 833 840
821 814 808 802
822 828 834 841
822 815 809 803
823 829 835 842
823 816 810 804
824 830 836 843
824 817 811 805
825 831 837 844
825 818 812 806
826 832 838 839
826 820 819 813
827 833 840 846
827 821 814 808
828 834 841 847
828 822 815 809
829 835 842 848
829 823 816 810
830 836 843 849
830 824 817 811
831 837 844 850
831 825 818 812
832 838 839 845
832 826 820 819
833 840 846 852
833 827 821 814
834 841 847 853
834 828 822 815
835 842 848 854
835 829 823 816
836 843 849 855
836 830 824 817
837 844 850 856
837 831 825 818
838 839 845 851
838 832 826 820
839 845 851 857
839 838 832 826
840 846 852 858
840 833 827 821
841 847 853 859
841 834 828 822
842 848 854 860
842 835 829 823
843 849 855 861
843 836 830 824
844 850 856 862
844 837 831 825
845 851 857 863
845 839 838 832
846 852 858 864
846 840 833 827
847 853 859 865
847 841 834 828
848 854 860 866
848 842 835 829
849 855 861 867
849 843 836 830
850 856 862 868
850 844 837 831
851 857 863 869
851 845 839 838
852 858 864 870
852 846 840 833
853 859 865 871
853 847 841 834
854 860 866 872
854 848 842 835
855 861 867 873
855 849 843 836
856 862 868 874
856 850 844 837
857 863 869 875
857 851 845 839
858 864 870 876
858 852 846 840
859 865 871 877
859 853 847 841
860 866 872 878
860 854 848 842
861 867 873 879
861 855 849 843
862 868 874 880
862 856 850 844
863 869 875 881
863 857 851 845
864 870 876 882
864 858 852 846
865 871 877 883
865 859 853 847
866 872 878 884
866 860 854 848
867 873 879 885
867 861 855 849
868 874 880 886
868 862 856 850
869 875 881 887
869 863 857 851
870 876 882 889
870 864 858 852
871 877 883 890
871 865 859 853
872 878 884 891
872 866 860 854
873 879 885 892
873 867 861 855
874 880 886 893
874 868 862 856
875 881 887 888
875 869 863 857
876 882 889 895
876 870 864 858
877 883 890 896
877 871 865 859
878 884 891 897
878 872 866 860
879 885 892 898
879 873 867 861
880 886 893 899
880 874 868 862
881 887 888 894
881 875 869 863
882 889 895 901
882 876 870 864
883 890 896 902
883 877 871 865
884 891 897 903
884 878 872 866
885 892 898 904
885 879 873 867
886 893 899 905
886 880 874 868
887 888 894 900
887 881 875 869
888 894 900 906
888 887 881 875
889 895 901 907
889 882 876 870
890 896 902 908
890 883 877 871
891 897 903 909
891 884 878 872
892 898 904 910
892 885 879 873
893 899 905 911
893 886 880 874
894 900 906 912
894 888 887 881
895 901 907 913
895 889 882 876
896 902 908 914
896 890 883 877
897 903 909 915
897 891 884 878
898 904 910 916
898 892 885 879
899 905 911 917
899 893 886 880
900 906 912 918
900 894 888 887
901 907 913 920
901 895 889 882
902 908 914 921
902 896 890 883
903 909 915 922
903 897 891 884
904 910 916 923
904 898 892 885
905 911 917 924
905 899 893 886
906 912 918 919
906 900 894 888
907 913 920 926
907 901 895 889
908 914 921 927
908 902 896 890
909 915 922 928
909 903 897 891
910 916 923 929
910 904 898 892
911 917 924 930
911 905 899 893
912 918 919 925
912 906 900 894
913 920 926 932
913 907 901 895
914 921 927 933
914 908 902 896
915 922 928 934
915 909 903 897
916 923 929 935
916 910 904 898
917 924 930 936
917 911 905 899
918 919 925 931
918 912 906 900
919 925 931 937
919 918 912 906
920 926 932 938
920 913 907 901
921 927 933 939
921 914 908 902
922 928 934 940
922 915 909 903
923 929 935 941
923 916 910 904
924 930 936 942
924 917 911 905
925 931 937 943
925 919 918 912
926 932 938 944
926 920 913 907
927 933 939 945
927 921 914 908
928 934 940 946
928 922 915 909
929 935 941 947
929 923 916 910
930 936 942 948
930 924 917 911
931 937 943 949
931 925 919 918
932 938 944 950
932 926 920 913
933 939 945 951
933 927 921 914
934 940 946 952
934 928 922 915
935 941 947 953
935 929 923 916
936 942 948 954
936 930 924 917
937 943 949 955
937 931 925 919
938 944 950 956
938 932 926 920
939 945 951 957
939 933 927 921
940 946 952 958
940 934 928 922
941 947 953 959
941 935 929 923
942 948 954 960
942 936 930 924
943 949 955 961
943 937 931 925
944 950 956 963
944 938 932 926
945 951 957 964
945 939 933 927
946 952 958 965
946 940 934 928
947 953 959 966
947 941 935 929
948 954 960 967
948 942 936 930
949 955 961 962
949 943 937 931
950 956 963 969
950 944 938 932
951 957 964 970
951 945 939 933
952 958 965 971
952 946 940 934
953 959 966 972
953 947 941 935
954 960 967 973
954 948 942 936
955 961 962 968
955 949 943 937
956 963 969 976
956 950 944 938
957 964 970 977
957 951 945 939
958 965 971 978
958 952 946 940
959 966 972 979
959 953 947 941
960 967 973 980
960 954 948 942
961 962 968 974
961 955 949 943
962 968 974 975
962 961 955 949
963 969 976 982
963 956 950 944
964 970 977 983
964 957 951 945
965 971 978 984
965 958 952 946
966 972 979 985
966 959 953 947
967 973 980 986
967 960 954 948
968 974 975 981
968 962 961 955
969 976 982 989
969 963 956 950
970 977 983 990
970 964 957 951
971 978 984 991
971 965 958 952
972 979 985 992
972 966 959 953
973 980 986 993
973 967 960 954
974 975 981 987
974 968 962 961
975 981 987 988
975 974 968 962
976 982 989 995
976 969 963 956
977 983 990 996
977 970 964 957
978 984 991 997
978 971 965 958
979 985 992 998
979 972 966 959
980 986 993 999
980 973 967 960
981 987 988 994
981 975 974 968
982 989 995 1001
982 976 969 963
983 990 996 1002
983 977 970 964
984 991 997 1003
984 978 971 965
985 992 998 1004
985 979 972 966
986 993 999 1005
986 980 973 967
987 988 994 1000
987 981 975 974
988 994 1000 1006
988 987 981 975
989 995 1001 1007
989 982 976 969
990 996 1002 1008
990 983 977 970
991 997 1003 1009
991 984 978 971
992 998 1004 1010
992 985 979 972
993 999 1005 1011
993 986 980 973
994 1000 1006 1012
994 988 987 981
995 1001 1007 1013
995 989 982 976
996 1002 1008 1014
996 990 983 977
997 1003 1009 1015
997 991 984 978
998 1004 1010 1016
998 992 985 979
999 1005 1011 1017
999 993 986 980
1000 1006 1012 1018
1000 994 988 987
1001 1007 1013 1053
1001 995 989 982
1002 1008 1014 1054
1002 996 990 983
1003 1009 1015 1055
1003 997 991 984
1004 1010 1016 1056
1004 998 992 985
1005 1011 1017 1057
1005 999 993 986
1006 1012 1018 1058
1006 1000 994 988
1007 1013 1053 1059
1007 1001 995 989
1008 1014 1054 1060
1008 1002 996 990
1009 1015 1055 1061
1009 1003 997 991
1010 1016 1056 1062
1010 1004 998 992
1011 1017 1057 1063
1011 1005 999 993
1012 1018 1058 1064
1012 1006 1000 994
1013 1053 1059 1065
1013 1007 1001 995
1014 1054 1060 1066
1014 1008 1002 996
1015 1055 1061 1067
1015 1009 1003 997
1016 1056 1062 1068
1016 1010 1004 998
1017 1057 1063 1069
1017 1011 1005 999
1018 1058 1064 1071
1018 1012 1006 1000
1020 1021 1022 1023
1021 1022 1023 1024
1022 1023 1024 1025
1022 1021 1020 -1
1023 1024 1025 1026
1023 1022 1021 1020
1024 1025 1026 1027
1024 1023 1022 1021
1025 1024 1023 1022
1025 1026 1027 1028
1026 1025 1024 1023
1026 1027 1028 1029
1027 1026 1025 1024
1027 1028 1029 1030
1028 1029 1030 1031
1028 1027 1026 1025
1029 1030 1031 1032
1029 1028 1027 1026
1030 1031 1032 1033
1030 1029 1028 1027
1031 1032 1033 1034
1031 1030 1029 1028
1032 1031 1030 1029
1032 1033 1034 1035
1033 1032 1031 1030
1033 1034 1035 1036
1034 1033 1032 1031
1034 1035 1036 -1
1035 1034 1033 1032
1036 1035 1034 1033
1037 1038 1039 -1
1039 1038 1037 -1
1040 1041 1042 -1
1042 1041 1040 -1
1043 1044 1045 1046
1044 1045 1046 -1
1045 1044 1043 -1
1046 1045 1044 1043
1047 1048 1049 1050
1048 1049 1050 1051
1049 1048 1047 -1
1049 1050 1051 1052
1050 1049 1048 1047
1050 1051 1052 -1
1051 1050 1049 1048
1052 1051 1050 1049
1053 1059 1065 1072
1053 1013 1007 1001
1054 1060 1066 1073
1054 1014 1008 1002
1055 1061 1067 1074
1055 1015 1009 1003
1056 1062 1068 1075
1056 1016 1010 1004
1057 1063 1069 1076
1057 1017 1011 1005
1058 1064 1071 1070
1058 1018 1012 1006
1059 1065 1072 1078
1059 1053 1013 1007
1060 1066 1073 1079
1060 1054 1014 1008
1061 1067 1074 1080
1061 1055 1015 1009
1062 1068 1075 1081
1062 1056 1016 1010
1063 1069 1076 1082
1063 1057 1017 1011
1064 1071 1070 1077
1064 1058 1018 1012
1065 1072 1078 1084
1065 1059 1053 1013
1066 1073 1079 1085
1066 1060 1054 1014
1067 1074 1080 1086
1067 1061 1055 1015
1068 1075 1081 1087
1068 1062 1056 1016
1069 1076 1082 1088
1069 1063 1057 1017
1070 1077 1083 1089
1070 1071 1064 1058
1071 1070 1077 1083
1071 1064 1058 1018
1072 1078 1084 1090
1072 1065 1059 1053
1073 1079 1085 1091
1073 1066 1060 1054
1074 1080 1086 1092
1074 1067 1061 1055
1075 1081 1087 1093
1075 1068 1062 1056
1076 1082 1088 1094
1076 1069 1063 1057
1077 1083 1089 1095
1077 1070 1071 1064
1078 1084 1090 1096
1078 1072 1065 1059
1079 1085 1091 1097
1079 1073 1066 1060
1080 1086 1092 1098
1080 1074 1067 1061
1081 1087 1093 1099
1081 1075 1068 1062
1082 1088 1094 1100
1082 1076 1069 1063
1083 1089 1095 1101
1083 1077 1070 1071
1084 1090 1096 1102
1084 1078 1072 1065
1085 1091 1097 1103
1085 1079 1073 1066
1086 1092 1098 1104
1086 1080 1074 1067
1087 1093 1099 1105
1087 1081 1075 1068
1088 1094 1100 1106
1088 1082 1076 1069
1089 1095 1101 1107
1089 1083 1077 1070
1090 1096 1102 1108
1090 1084 1078 1072
1091 1097 1103 1109
1091 1085 1079 1073
1092 1098 1104 1110
1092 1086 1080 1074
1093 1099 1105 1111
1093 1087 1081 1075
1094 1100 1106 1112
1094 1088 1082 1076
1095 1101 1107 1114
1095 1089 1083 1077
1096 1102 1108 1115
1096 1090 1084 1078
1097 1103 1109 1116
1097 1091 1085 1079
1098 1104 1110 1117
1098 1092 1086 1080
1099 1105 1111 1118
1099 1093 1087 1081
1100 1106 1112 1119
1100 1094 1088 1082
1101 1107 1114 1113
1101 1095 1089 1083
1102 1108 1115 1121
1102 1096 1090 1084
1103 1109 1116 1122
1103 1097 1091 1085
1104 1110 1117 1123
1104 1098 1092 1086
1105 1111 1118 1124
1105 1099 1093 1087
1106 1112 1119 1125
1106 1100 1094 1088
1107 1114 1113 1120
1107 1101 1095 1089
1108 1115 1121 1127
1108 1102 1096 1090
1109 1116 1122 1128
1109 1103 1097 1091
1110 1117 1123 1129
1110 1104 1098 1092
1111 1118 1124 1130
1111 1105 1099 1093
1112 1119 1125 1131
1112 1106 1100 1094
1113 1120 1126 1132
1113 1114 1107 1101
1114 1113 1120 1126
1114 1107 1101 1095
1115 1121 1127 1133
1115 1108 1102 1096
1116 1122 1128 1134
1116 1109 1103 1097
1117 1123 1129 1135
1117 1110 1104 1098
1118 1124 1130 1136
1118 1111 1105 1099
1119 1125 1131 1137
1119 1112 1106 1100
1120 1126 1132 1138
1120 1113 1114 1107
1121 1127 1133 1139
1121 1115 1108 1102
1122 1128 1134 1140
1122 1116 1109 1103
1123 1129 1135 1141
1123 1117 1110 1104
1124 1130 1136 1142
1124 1118 1111 1105
1125 1131 1137 1143
1125 1119 1112 1106
1126 1132 1138 1144
1126 1120 1113 1114
1127 1133 1139 1145
1127 1121 1115 1108
1128 1134 1140 1146
1128 1122 1116 1109
1129 1135 1141 1147
1129 1123 1117 1110
1130 1136 1142 1148
1130 1124 1118 1111
1131 1137 1143 1149
1131 1125 1119 1112
1132 1138 1144 1150
1132 1126 1120 1113
1133 1139 1145 1151
1133 1127 1121 1115
1134 1140 1146 1152
1134 1128 1122 1116
1135 1141 1147 1153
1135 1129 1123 1117
1136 1142 1148 1154
1136 1130 1124 1118
1137 1143 1149 1155
1137 1131 1125 1119
1138 1144 1150 1157
1138 1132 1126 1120
1139 1145 1151 1158
1139 1133 1127 1121
1140 1146 1152 1159
1140 1134 1128 1122
1141 1147 1153 1160
1141 1135 1129 1123
1142 1148 1154 1161
1142 1136 1130 1124
1143 1149 1155 1162
1143 1137 1131 1125
1144 1150 1157 1156
1144 1138 1132 1126
1145 1151 1158 1164
1145 1139 1133 1127
1146 1152 1159 1165
1146 1140 1134 1128
1147 1153 1160 1166
1147 1141 1135 1129
1148 1154 1161 1167
1148 1142 1136 1130
1149 1155 1162 1168
1149 1143 1137 1131
1150 1157 1156 1163
1150 1144 1138 1132
1151 1158 1164 1170
1151 1145 1139 1133
1152 1159 1165 1171
1152 1146 1140 1134
1153 1160 1166 1172
1153 1147 1141 1135
1154 1161 1167 1173
1154 1148 1142 1136
1155 1162 1168 1174
1155 1149 1143 1137
1156 1163 1169 1175
1156 1157 1150 1144
1157 1156 1163 1169
1157 1150 1144 1138
1158 1164 1170 1176
1158 1151 1145 1139
1159 1165 1171 1177
1159 1152 1146 1140
1160 1166 1172 1178
1160 1153 1147 1141
1161 1167 1173 1179
1161 1154 1148 1142
1162 1168 1174 1180
1162 1155 1149 1143
1163 1169 1175 1181
1163 1156 1157 1150
1164 1170 1176 1182
1164 1158 1151 1145
1165 1171 1177 1183
1165 1159 1152 1146
1166 1172 1178 1184
1166 1160 1153 1147
1167 1173 1179 1185
1167 1161 1154 1148
1168 1174 1180 1186
1168 1162 1155 1149
1169 1175 1181 1187
1169 1163 1156 1157
1170 1176 1182 1188
1170 1164 1158 1151
1171 1177 1183 1189
1171 1165 1159 1152
1172 1178 1184 1190
1172 1166 1160 1153
1173 1179 1185 1191
1173 1167 1161 1154
1174 1180 1186 1192
1174 1168 1162 1155
1175 1181 1187 1193
1175 1169 1163 1156
1176 1182 1188 1194
1176 1170 1164 1158
1177 1183 1189 1195
1177 1171 1165 1159
1178 1184 1190 1196
1178 1172 1166 1160
1179 1185 1191 1197
1179 1173 1167 1161
1180 1186 1192 1198
1180 1174 1168 1162
1181 1187 1193 1199
1181 1175 1169 1163
1182 1188 1194 1200
1182 1176 1170 1164
1183 1189 1195 1201
1183 1177 1171 1165
1184 1190 1196 1202
1184 1178 1172 1166
1185 1191 1197 1203
1185 1179 1173 1167
1186 1192 1198 1204
1186 1180 1174 1168
1187 1193 1199 1206
1187 1181 1175 1169
1188 1194 1200 1207
1188 1182 1176 1170
1189 1195 1201 1208
1189 1183 1177 1171
1190 1196 1202 1209
1190 1184 1178 1172
1191 1197 1203 1210
1191 1185 1179 1173
1192 1198 1204 1211
1192 1186 1180 1174
1193 1199 1206 1205
1193 1187 1181 1175
1194 1200 1207 1213
1194 1188 1182 1176
1195 1201 1208 1214
1195 1189 1183 1177
1196 1202 1209 1215
1196 1190 1184 1178
1197 1203 1210 1216
1197 1191 1185 1179
1198 1204 1211 1217
1198 1192 1186 1180
1199 1206 1205 1212
1199 1193 1187 1181
1200 1207 1213 1219
1200 1194 1188 1182
1201 1208 1214 1220
1201 1195 1189 1183
1202 1209 1215 1221
1202 1196 1190 1184
1203 1210 1216 1222
1203 1197 1191 1185
1204 1211 1217 1223
1204 1198 1192 1186
1205 1212 1218 1225
1205 1206 1199 1193
1206 1205 1212 1218
1206 1199 1193 1187
1207 1213 1219 1226
1207 1200 1194 1188
1208 1214 1220 1227
1208 1201 1195 1189
1209 1215 1221 1228
1209 1202 1196 1190
1210 1216 1222 1229
1210 1203 1197 1191
1211 1217 1223 1230
1211 1204 1198 1192
1212 1218 1225 1224
1212 1205 1206 1199
1213 1219 1226 1232
1213 1207 1200 1194
1214 1220 1227 1233
1214 1208 1201 1195
1215 1221 1228 1234
1215 1209 1202 1196
1216 1222 1229 1235
1216 1210 1203 1197
1217 1223 1230 1236
1217 1211 1204 1198
1218 1225 1224 1231
1218 1212 1205 1206
1219 1226 1232 1238
1219 1213 1207 1200
1220 1227 1233 1239
1220 1214 1208 1201
1221 1228 1234 1240
1221 1215 1209 1202
1222 1229 1235 1241
1222 1216 1210 1203
1223 1230 1236 1242
1223 1217 1211 1204
1224 1231 1237 1243
1224 1225 1218 1212
1225 1224 1231 1237
1225 1218 1212 1205
1226 1232 1238 1244
1226 1219 1213 1207
1227 1233 1239 1245
1227 1220 1214 1208
1228 1234 1240 1246
1228 1221 1215 1209
1229 1235 1241 1247
1229 1222 1216 1210
1230 1236 1242 1248
1230 1223 1217 1211
1231 1237 1243 1249
1231 1224 1225 1218
1232 1238 1244 1250
1232 1226 1219 1213
1233 1239 1245 1251
1233 1227 1220 1214
1234 1240 1246 1252
1234 1228 1221 1215
1235 1241 1247 1253
1235 1229 1222 1216
1236 1242 1248 1254
1236 1230 1223 1217
1237 1243 1249 1255
1237 1231 1224 1225
1238 1244 1250 1256
1238 1232 1226 1219
1239 1245 1251 1257
1239 1233 1227 1220
1240 1246 1252 1258
1240 1234 1228 1221
1241 1247 1253 1259
1241 1235 1229 1222
1242 1248 1254 1260
1242 1236 1230 1223
1243 1249 1255 1261
1243 1237 1231 1224
1244 1250 1256 1262
1244 1238 1232 1226
1245 1251 1257 1263
1245 1239 1233 1227
1246 1252 1258 1264
1246 1240 1234 1228
1247 1253 1259 1265
1247 1241 1235 1229
1248 1254 1260 1266
1248 1242 1236 1230
1249 1255 1261 1267
1249 1243 1237 1231
1250 1256 1262 1268
1250 1244 1238 1232
1251 1257 1263 1269
1251 1245 1239 1233
1252 1258 1264 1270
1252 1246 1240 1234
1253 1259 1265 1271
1253 1247 1241 1235
1254 1260 1266 1272
1254 1248 1242 1236
1255 1261 1267 1273
1255 1249 1243 1237
1256 1262 1268 1274
1256 1250 1244 1238
1257 1263 1269 1275
1257 1251 1245 1239
1258 1264 1270 1276
1258 1252 1246 1240
1259 1265 1271 1277
1259 1253 1247 1241
1260 1266 1272 1278
1260 1254 1248 1242
1261 1267 1273 1279
1261 1255 1249 1243
1262 1268 1274 1280
1262 1256 1250 1244
1263 1269 1275 1281
1263 1257 1251 1245
1264 1270 1276 1282
1264 1258 1252 1246
1265 1271 1277 1283
1265 1259 1253 1247
1266 1272 1278 1284
1266 1260 1254 1248
1267 1273 1279 1285
1267 1261 1255 1249
1268 1274 1280 1286
1268 1262 1256 1250
1269 1275 1281 1287
1269 1263 1257 1251
1270 1276 1282 1288
1270 1264 1258 1252
1271 1277 1283 1289
1271 1265 1259 1253
1272 1278 1284 1290
1272 1266 1260 1254
1273 1279 1285 1291
1273 1267 1261 1255
1274 1280 1286 1292
1274 1268 1262 1256
1275 1281 1287 1293
1275 1269 1263 1257
1276 1282 1288 1294
1276 1270 1264 1258
1277 1283 1289 1295
1277 1271 1265 1259
1278 1284 1290 1296
1278 1272 1266 1260
1279 1285 1291 1298
1279 1273 1267 1261
1280 1286 1292 1299
1280 1274 1268 1262
1281 1287 1293 1300
1281 1275 1269 1263
1282 1288 1294 1301
1282 1276 1270 1264
1283 1289 1295 1302
1283 1277 1271 1265
1284 1290 1296 1303
1284 1278 1272 1266
1285 1291 1298 1297
1285 1279 1273 1267
1286 1292 1299 1305
1286 1280 1274 1268
1287 1293 1300 1306
1287 1281 1275 1269
1288 1294 1301 1307
1288 1282 1276 1270
1289 1295 1302 1308
1289 1283 1277 1271
1290 1296 1303 1309
1290 1284 1278 1272
1291 1298 1297 1304
1291 1285 1279 1273
1292 1299 1305 1311
1292 1286 1280 1274
1293 1300 1306 1312
1293 1287 1281 1275
1294 1301 1307 1313
1294 1288 1282 1276
1295 1302 1308 1314
1295 1289 1283 1277
1296 1303 1309 1315
1296 1290 1284 1278
1297 1304 1310 1317
1297 1298 1291 1285
1298 1297 1304 1310
1298 1291 1285 1279
1299 1305 1311 1318
1299 1292 1286 1280
1300 1306 1312 1319
1300 1293 1287 1281
1301 1307 1313 1320
1301 1294 1288 1282
1302 1308 1314 1321
1302 1295 1289 1283
1303 1309 1315 1322
1303 1296 1290 1284
1304 1310 1317 1316
1304 1297 1298 1291
1305 1311 1318 1324
1305 1299 1292 1286
1306 1312 1319 1325
1306 1300 1293 1287
1307 1313 1320 1326
1307 1301 1294 1288
1308 1314 1321 1327
1308 1302 1295 1289
1309 1315 1322 1328
1309 1303 1296 1290
1310 1317 1316 1323
1310 1304 1297 1298
1311 1318 1324 1330
1311 1305 1299 1292
1312 1319 1325 1331
1312 1306 1300 1293
1313 1320 1326 1332
1313 1307 1301 1294
1314 1321 1327 1333
1314 1308 1302 1295
1315 1322 1328 1334
1315 1309 1303 1296
1316 1323 1329 1335
1316 1317 1310 1304
1317 1316 1323 1329
1317 1310 1304 1297
1318 1324 1330 1336
1318 1311 1305 1299
1319 1325 1331 1337
1319 1312 1306 1300
1320 1326 1332 1338
1320 1313 1307 1301
1321 1327 1333 1339
1321 1314 1308 1302
1322 1328 1334 1340
1322 1315 1309 1303
1323 1329 1335 1341
1323 1316 1317 1310
1324 1330 1336 1342
1324 1318 1311 1305
1325 1331 1337 1343
1325 1319 1312 1306
1326 1332 1338 1344
1326 1320 1313 1307
1327 1333 1339 1345
1327 1321 1314 1308
1328 1334 1340 1346
1328 1322 1315 1309
1329 1335 1341 1347
1329 1323 1316 1317
1330 1336 1342 1348
1330 1324 1318 1311
1331 1337 1343 1349
1331 1325 1319 1312
1332 1338 1344 1350
1332 1326 1320 1313
1333 1339 1345 1351
1333 1327 1321 1314
1334 1340 1346 1352
1334 1328 1322 1315
1335 1341 1347 1353
1335 1329 1323 1316
1336 1342 1348 1354
1336 1330 1324 1318
1337 1343 1349 1355
1337 1331 1325 1319
1338 1344 1350 1356
1338 1332 1326 1320
1339 1345 1351 1357
1339 1333 1327 1321
1340 1346 1352 1358
1340 1334 1328 1322
1341 1347 1353 1359
1341 1335 1329 1323
1342 1348 1354 1360
1342 1336 1330 1324
1343 1349 1355 1361
1343 1337 1331 1325
1344 1350 1356 1362
1344 1338 1332 1326
1345 1351 1357 1363
1345 1339 1333 1327
1346 1352 1358 1364
1346 1340 1334 1328
1347 1353 1359 1365
1347 1341 1335 1329
1348 1354 1360 1366
1348 1342 1336 1330
1349 1355 1361 1367
1349 1343 1337 1331
1350 1356 1362 1368
1350 1344 1338 1332
1351 1357 1363 1369
1351 1345 1339 1333
1352 1358 1364 1370
1352 1346 1340 1334
1353 1359 1365 1371
1353 1347 1341 1335
1354 1360 1366 1372
1354 1348 1342 1336
1355 1361 1367 1373
1355 1349 1343 1337
1356 1362 1368 1374
1356 1350 1344 1338
1357 1363 1369 1375
1357 1351 1345 1339
1358 1364 1370 1376
1358 1352 1346 1340
1359 1365 1371 1377
1359 1353 1347 1341
1360 1366 1372 1378
1360 1354 1348 1342
1361 1367 1373 1379
1361 1355 1349 1343
1362 1368 1374 1380
1362 1356 1350 1344
1363 1369 1375 1381
1363 1357 1351 1345
1364 1370 1376 1382
1364 1358 1352 1346
1365 1371 1377 1384
1365 1359 1353 1347
1366 1372 1378 1385
1366 1360 1354 1348
1367 1373 1379 1386
1367 1361 1355 1349
1368 1374 1380 1387
1368 1362 1356 1350
1369 1375 1381 1388
1369 1363 1357 1351
1370 1376 1382 1389
1370 1364 1358 1352
1371 1377 1384 1383
1371 1365 1359 1353
1372 1378 1385 1391
1372 1366 1360 1354
1373 1379 1386 1392
1373 1367 1361 1355
1374 1380 1387 1393
1374 1368 1362 1356
1375 1381 1388 1394
1375 1369 1363 1357
1376 1382 1389 1395
1376 1370 1364 1358
1377 1384 1383 1390
1377 1371 1365 1359
1378 1385 1391 1397
1378 1372 1366 1360
1379 1386 1392 1398
1379 1373 1367 1361
1380 1387 1393 1399
1380 1374 1368 1362
1381 1388 1394 1400
1381 1375 1369 1363
1382 1389 1395 1401
1382 1376 1370 1364
1383 1390 1396 1402
1383 1384 1377 1371
1384 1383 1390 1396
1384 1377 1371 1365
1385 1391 1397 1403
1385 1378 1372 1366
1386 1392 1398 1404
1386 1379 1373 1367
1387 1393 1399 1405
1387 1380 1374 1368
1388 1394 1400 1406
1388 1381 1375 1369
1389 1395 1401 1407
1389 1382 1376 1370
1390 1396 1402 1409
1390 1383 1384 1377
1391 1397 1403 1410
1391 1385 1378 1372
1392 1398 1404 1411
1392 1386 1379 1373
1393 1399 1405 1412
1393 1387 1380 1374
1394 1400 1406 1413
1394 1388 1381 1375
1395 1401 1407 1414
1395 1389 1382 1376
1396 1402 1409 1408
1396 1390 1383 1384
1397 1403 1410 1416
1397 1391 1385 1378
1398 1404 1411 1417
1398 1392 1386 1379
1399 1405 1412 1418
1399 1393 1387 1380
1400 1406 1413 1419
1400 1394 1388 1381
1401 1407 1414 1420
1401 1395 1389 1382
1402 1409 1408 1415
1402 1396 1390 1383
1403 1410 1416 1422
1403 1397 1391 1385
1404 1411 1417 1423
1404 1398 1392 1386
1405 1412 1418 1424
1405 1399 1393 1387
1406 1413 1419 1425
1406 1400 1394 1388
1407 1414 1420 1426
1407 1401 1395 1389
1408 1415 1421 1427
1408 1409 1402 1396
1409 1408 1415 1421
1409 1402 1396 1390
1410 1416 1422 1428
1410 1403 1397 1391
1411 1417 1423 1429
1411 1404 1398 1392
1412 1418 1424 1430
1412 1405 1399 1393
1413 1419 1425 1431
1413 1406 1400 1394
1414 1420 1426 1432
1414 1407 1401 1395
1415 1421 1427 1433
1415 1408 1409 1402
1416 1422 1428 1434
1416 1410 1403 1397
1417 1423 1429 1435
1417 1411 1404 1398
1418 1424 1430 1436
1418 1412 1405 1399
1419 1425 1431 1437
1419 1413 1406 1400
1420 1426 1432 1438
1420 1414 1407 1401
1421 1427 1433 1439
1421 1415 1408 1409
1422 1428 1434 1440
1422 1416 1410 1403
1423 1429 1435 1441
1423 1417 1411 1404
1424 1430 1436 1442
1424 1418 1412 1405
1425 1431 1437 1443
1425 1419 1413 1406
1426 1432 1438 1444
1426 1420 1414 1407
1427 1433 1439 1445
1427 1421 1415 1408
1428 1434 1440 1446
1428 1422 1416 1410
1429 1435 1441 1447
1429 1423 1417 1411
1430 1436 1442 1448
1430 1424 1418 1412
1431 1437 1443 1449
1431 1425 1419 1413
1432 1438 1444 1450
1432 1426 1420 1414
1433 1439 1445 1451
1433 1427 1421 1415
1434 1440 1446 1452
1434 1428 1422 1416
1435 1441 1447 1453
1435 1429 1423 1417
1436 1442 1448 1454
1436 1430 1424 1418
1437 1443 1449 1455
1437 1431 1425 1419
1438 1444 1450 1456
1438 1432 1426 1420
1439 1445 1451 1457
1439 1433 1427 1421
1440 1446 1452 1458
1440 1434 1428 1422
1441 1447 1453 1459
1441 1435 1429 1423
1442 1448 1454 1460
1442 1436 1430 1424
1443 1449 1455 1461
1443 1437 1431 1425
1444 1450 1456 1462
1444 1438 1432 1426
1445 1451 1457 1463
1445 1439 1433 1427
1446 1452 1458 1464
1446 1440 1434 1428
1447 1453 1459 1465
1447 1441 1435 1429
1448 1454 1460 1466
1448 1442 1436 1430
1449 1455 1461 1467
1449 1443 1437 1431
1450 1456 1462 1468
1450 1444 1438 1432
1451 1457 1463 1469
1451 1445 1439 1433
1452 1458 1464 1470
1452 1446 1440 1434
1453 1459 1465 1471
1453 1447 1441 1435
1454 1460 1466 1472
1454 1448 1442 1436
1455 1461 1467 1473
1455 1449 1443 1437
1456 1462 1468 1474
1456 1450 1444 1438
1457 1463 1469 1475
1457 1451 1445 1439
1458 1464 1470 1476
1458 1452 1446 1440
1459 1465 1471 1477
1459 1453 1447 1441
1460 1466 1472 1478
1460 1454 1448 1442
1461 1467 1473 1479
1461 1455 1449 1443
1462 1468 1474 1480
1462 1456 1450 1444
1463 1469 1475 1481
1463 1457 1451 1445
1464 1470 1476 1482
1464 1458 1452 1446
1465 1471 1477 1483
1465 1459 1453 1447
1466 1472 1478 1484
1466 1460 1454 1448
1467 1473 1479 1485
1467 1461 1455 1449
1468 1474 1480 1486
1468 1462 1456 1450
1469 1475 1481 1487
1469 1463 1457 1451
1470 1476 1482 1488
1470 1464 1458 1452
1471 1477 1483 1489
1471 1465 1459 1453
1472 1478 1484 1490
1472 1466 1460 1454
1473 1479 1485 1491
1473 1467 1461 1455
1474 1480 1486 1492
1474 1468 1462 1456
1475 1481 1487 1493
1475 1469 1463 1457
1476 1482 1488 1494
1476 1470 1464 1458
1477 1483 1489 1496
1477 1471 1465 1459
1478 1484 1490 1497
1478 1472 1466 1460
1479 1485 1491 1498
1479 1473 1467 1461
1480 1486 1492 1499
1480 1474 1468 1462
1481 1487 1493 1500
1481 1475 1469 1463
1482 1488 1494 1495
1482 1476 1470 1464
1483 1489 1496 1502
1483 1477 1471 1465
1484 1490 1497 1503
1484 1478 1472 1466
1485 1491 1498 1504
1485 1479 1473 1467
1486 1492 1499 1505
1486 1480 1474 1468
1487 1493 1500 1506
1487 1481 1475 1469
1488 1494 1495 1501
1488 1482 1476 1470
1489 1496 1502 1508
1489 1483 1477 1471
1490 1497 1503 1509
1490 1484 1478 1472
1491 1498 1504 1510
1491 1485 1479 1473
1492 1499 1505 1511
1492 1486 1480 1474
1493 1500 1506 1512
1493 1487 1481 1475
1494 1495 1501 1507
1494 1488 1482 1476
1495 1501 1507 1513
1495 1494 1488 1482
1496 1502 1508 1514
1496 1489 1483 1477
1497 1503 1509 1515
1497 1490 1484 1478
1498 1504 1510 1516
1498 1491 1485 1479
1499 1505 1511 1517
1499 1492 1486 1480
1500 1506 1512 1518
1500 1493 1487 1481
1501 1507 1513 1519
1501 1495 1494 1488
1502 1508 1514 1520
1502 1496 1489 1483
1503 1509 1515 1521
1503 1497 1490 1484
1504 1510 1516 1522
1504 1498 1491 1485
1505 1511 1517 1523
1505 1499 1492 1486
1506 1512 1518 1524
1506 1500 1493 1487
1507 1513 1519 1525
1507 1501 1495 1494
1508 1514 1520 1526
1508 1502 1496 1489
1509 1515 1521 1527
1509 1503 1497 1490
1510 1516 1522 1528
1510 1504 1498 1491
1511 1517 1523 1529
1511 1505 1499 1492
1512 1518 1524 1530
1512 1506 1500 1493
1513 1519 1525 1531
1513 1507 1501 1495
1514 1520 1526 1532
1514 1508 1502 1496
1515 1521 1527 1533
1515 1509 1503 1497
1516 1522 1528 1534
1516 1510 1504 1498
1517 1523 1529 1535
1517 1511 1505 1499
1518 1524 1530 1536
1518 1512 1506 1500
1519 1525 1531 1537
1519 1513 1507 1501
1520 1526 1532 1538
1520 1514 1508 1502
1521 1527 1533 1539
1521 1515 1509 1503
1522 1528 1534 1540
1522 1516 1510 1504
1523 1529 1535 1541
1523 1517 1511 1505
1524 1530 1536 1542
1524 1518 1512 1506
1525 1531 1537 1543
1525 1519 1513 1507
1526 1532 1538 1544
1526 1520 1514 1508
1527 1533 1539 1545
1527 1521 1515 1509
1528 1534 1540 1546
1528 1522 1516 1510
1529 1535 1541 1547
1529 1523 1517 1511
1530 1536 1542 1548
1530 1524 1518 1512
1531 1537 1543 1549
1531 1525 1519 1513
1532 1538 1544 1550
1532 1526 1520 1514
1533 1539 1545 1551
1533 1527 1521 1515
1534 1540 1546 1552
1534 1528 1522 1516
1535 1541 1547 1553
1535 1529 1523 1517
1536 1542 1548 1554
1536 1530 1524 1518
1537 1543 1549 1555
1537 1531 1525 1519
1538 1544 1550 1556
1538 1532 1526 1520
1539 1545 1551 1557
1539 1533 1527 1521
1540 1546 1552 1558
1540 1534 1528 1522
1541 1547 1553 1559
1541 1535 1529 1523
1542 1548 1554 1560
1542 1536 1530 1524
1543 1549 1555 1561
1543 1537 1531 1525
1544 1550 1556 1562
1544 1538 1532 1526
1545 1551 1557 1563
1545 1539 1533 1527
1546 1552 1558 1565
1546 1540 1534 1528
1547 1553 1559 1566
1547 1541 1535 1529
1548 1554 1560 1567
1548 1542 1536 1530
1549 1555 1561 1568
1549 1543 1537 1531
1550 1556 1562 1569
1550 1544 1538 1532
1551 1557 1563 1570
1551 1545 1539 1533
1552 1558 1565 1564
1552 1546 1540 1534
1553 1559 1566 1572
1553 1547 1541 1535
1554 1560 1567 1573
1554 1548 1542 1536
1555 1561 1568 1574
1555 1549 1543 1537
1556 1562 1569 1575
1556 1550 1544 1538
1557 1563 1570 1576
1557 1551 1545 1539
1558 1565 1564 1571
1558 1552 1546 1540
1559 1566 1572 1578
1559 1553 1547 1541
1560 1567 1573 -1
1560 1554 1548 1542
1561 1568 1574 1579
1561 1555 1549 1543
1562 1569 1575 1580
1562 1556 1550 1544
1563 1570 1576 1581
1563 1557 1551 1545
1564 1571 1577 1582
1564 1565 1558 1552
1565 1564 1571 1577
1565 1558 1552 1546
1566 1572 1578 1583
1566 1559 1553 1547
1567 1560 1554 1548
1568 1574 1579 1584
1568 1561 1555 1549
1569 1575 1580 1585
1569 1562 1556 1550
1570 1576 1581 1586
1570 1563 1557 1551
1571 1577 1582 1587
1571 1564 1565 1558
1572 1578 1583 1588
1572 1566 1559 1553
1573 1567 1560 1554
1574 1579 1584 1589
1574 1568 1561 1555
1575 1580 1585 1590
1575 1569 1562 1556
1576 1581 1586 1591
1576 1570 1563 1557
1577 1582 1587 1592
1577 1571 1564 1565
1578 1583 1588 1593
1578 1572 1566 1559
1579 1584 1589 1594
1579 1574 1568 1561
1580 1585 1590 1595
1580 1575 1569 1562
1581 1586 1591 1596
1581 1576 1570 1563
1582 1587 1592 1597
1582 1577 1571 1564
1583 1588 1593 1598
1583 1578 1572 1566
1584 1589 1594 1599
1584 1579 1574 1568
1585 1590 1595 1600
1585 1580 1575 1569
1586 1591 1596 1601
1586 1581 1576 1570
1587 1592 1597 1602
1587 1582 1577 1571
1588 1593 1598 1603
1588 1583 1578 1572
1589 1594 1599 1604
1589 1584 1579 1574
1590 1595 1600 1605
1590 1585 1580 1575
1591 1596 1601 1606
1591 1586 1581 1576
1592 1597 1602 1607
1592 1587 1582 1577
1593 1598 1603 1608
1593 1588 1583 1578
1594 1599 1604 1609
1594 1589 1584 1579
1595 1600 1605 1610
1595 1590 1585 1580
1596 1601 1606 1611
1596 1591 1586 1581
1597 1602 1607 1612
1597 1592 1587 1582
1598 1603 1608 1613
1598 1593 1588 1583
1599 1604 1609 1614
1599 1594 1589 1584
1600 1605 1610 1615
1600 1595 1590 1585
1601 1606 1611 1616
1601 1596 1591 1586
1602 1607 1612 1617
1602 1597 1592 1587
1603 1608 1613 1618
1603 1598 1593 1588
1604 1609 1614 1619
1604 1599 1594 1589
1605 1610 1615 1620
1605 1600 1595 1590
1606 1611 1616 1621
1606 1601 1596 1591
1607 1612 1617 1622
1607 1602 1597 1592
1608 1613 1618 1623
1608 1603 1598 1593
1609 1614 1619 1624
1609 1604 1599 1594
1610 1615 1620 1625
1610 1605 1600 1595
1611 1616 1621 1626
1611 1606 1601 1596
1612 1617 1622 1627
1612 1607 1602 1597
1613 1618 1623 1628
1613 1608 1603 1598
1614 1619 1624 1629
1614 1609 1604 1599
1615 1620 1625 1630
1615 1610 1605 1600
1616 1621 1626 1631
1616 1611 1606 1601
1617 1622 1627 1632
1617 1612 1607 1602
1618 1623 1628 1633
1618 1613 1608 1603
1619 1624 1629 1634
1619 1614 1609 1604
1620 1625 1630 1635
1620 1615 1610 1605
1621 1626 1631 1636
1621 1616 1611 1606
1622 1627 1632 1637
1622 1617 1612 1607
1623 1628 1633 1638
1623 1618 1613 1608
1624 1629 1634 1639
1624 1619 1614 1609
1625 1630 1635 1640
1625 1620 1615 1610
1626 1631 1636 1641
1626 1621 1616 1611
1627 1632 1637 1642
1627 1622 1617 1612
1628 1633 1638 1643
1628 1623 1618 1613
1629 1634 1639 1644
1629 1624 1619 1614
1630 1635 1640 1645
1630 1625 1620 1615
1631 1636 1641 1646
1631 1626 1621 1616
1632 1637 1642 1647
1632 1627 1622 1617
1633 1638 1643 1648
1633 1628 1623 1618
1634 1639 1644 1649
1634 1629 1624 1619
1635 1640 1645 1650
1635 1630 1625 1620
1636 1641 1646 1651
1636 1631 1626 1621
1637 1642 1647 1652
1637 1632 1627 1622
1638 1643 1648 1653
1638 1633 1628 1623
1639 1644 1649 1654
1639 1634 1629 1624
1640 1645 1650 1655
1640 1635 1630 1625
1641 1646 1651 1656
1641 1636 1631 1626
1642 1647 1652 1657
1642 1637 1632 1627
1643 1648 1653 1658
1643 1638 1633 1628
1644 1649 1654 1659
1644 1639 1634 1629
1645 1650 1655 1660
1645 1640 1635 1630
1646 1651 1656 1661
1646 1641 1636 1631
1647 1652 1657 1662
1647 1642 1637 1632
1648 1653 1658 1663
1648 1643 1638 1633
1649 1654 1659 1664
1649 1644 1639 1634
1650 1655 1660 1665
1650 1645 1640 1635
1651 1656 1661 1666
1651 1646 1641 1636
1652 1657 1662 1667
1652 1647 1642 1637
1653 1658 1663 1668
1653 1648 1643 1638
1654 1659 1664 1669
1654 1649 1644 1639
1655 1660 1665 1670
1655 1650 1645 1640
1656 1661 1666 1671
1656 1651 1646 1641
1657 1662 1667 1672
1657 1652 1647 1642
1658 1663 1668 1673
1658 1653 1648 1643
1659 1664 1669 1674
1659 1654 1649 1644
1660 1665 1670 1675
1660 1655 1650 1645
1661 1666 1671 1676
1661 1656 1651 1646
1662 1667 1672 1677
1662 1657 1652 1647
1663 1668 1673 1678
1663 1658 1653 1648
1664 1669 1674 1679
1664 1659 1654 1649
1665 1670 1675 1680
1665 1660 1655 1650
1666 1671 1676 1681
1666 1661 1656 1651
1667 1672 1677 1682
1667 1662 1657 1652
1668 1673 1678 1683
1668 1663 1658 1653
1669 1674 1679 1684
1669 1664 1659 1654
1670 1675 1680 1685
1670 1665 1660 1655
1671 1676 1681 1686
1671 1666 1661 1656
1672 1677 1682 1687
1672 1667 1662 1657
1673 1678 1683 1688
1673 1668 1663 1658
1674 1679 1684 1689
1674 1669 1664 1659
1675 1680 1685 1690
1675 1670 1665 1660
1676 1681 1686 1691
1676 1671 1666 1661
1677 1682 1687 1692
1677 1672 1667 1662
1678 1683 1688 1693
1678 1673 1668 1663
1679 1684 1689 1694
1679 1674 1669 1664
1680 1685 1690 1695
1680 1675 1670 1665
1681 1686 1691 1696
1681 1676 1671 1666
1682 1687 1692 1697
1682 1677 1672 1667
1683 1688 1693 1698
1683 1678 1673 1668
1684 1689 1694 1699
1684 1679 1674 1669
1685 1690 1695 1700
1685 1680 1675 1670
1686 1691 1696 1701
1686 1681 1676 1671
1687 1692 1697 1702
1687 1682 1677 1672
1688 1693 1698 1703
1688 1683 1678 1673
1689 1694 1699 1704
1689 1684 1679 1674
1690 1695 1700 1705
1690 1685 1680 1675
1691 1696 1701 1706
1691 1686 1681 1676
1692 1697 1702 1707
1692 1687 1682 1677
1693 1698 1703 1708
1693 1688 1683 1678
1694 1699 1704 1709
1694 1689 1684 1679
1695 1700 1705 1710
1695 1690 1685 1680
1696 1701 1706 1711
1696 1691 1686 1681
1697 1702 1707 1712
1697 1692 1687 1682
1698 1703 1708 1713
1698 1693 1688 1683
1699 1704 1709 1714
1699 1694 1689 1684
1700 1705 1710 1715
1700 1695 1690 1685
1701 1706 1711 1716
1701 1696 1691 1686
1702 1707 1712 1717
1702 1697 1692 1687
1703 1708 1713 1718
1703 1698 1693 1688
1704 1709 1714 1719
1704 1699 1694 1689
1705 1710 1715 1720
1705 1700 1695 1690
1706 1711 1716 1721
1706 1701 1696 1691
1707 1712 1717 1722
1707 1702 1697 1692
1708 1713 1718 1723
1708 1703 1698 1693
1709 1714 1719 1724
1709 1704 1699 1694
1710 1715 1720 1725
1710 1705 1700 1695
1711 1716 1721 1726
1711 1706 1701 1696
1712 1717 1722 1727
1712 1707 1702 1697
1713 1718 1723 1728
1713 1708 1703 1698
1714 1719 1724 1729
1714 1709 1704 1699
1715 1720 1725 1730
1715 1710 1705 1700
1716 1721 1726 1731
1716 1711 1706 1701
1717 1722 1727 1732
1717 1712 1707 1702
1718 1723 1728 1733
1718 1713 1708 1703
1719 1724 1729 1734
1719 1714 1709 1704
1720 1725 1730 1735
1720 1715 1710 1705
1721 1726 1731 1736
1721 1716 1711 1706
1722 1727 1732 1737
1722 1717 1712 1707
1723 1728 1733 1738
1723 1718 1713 1708
1724 1729 1734 1739
1724 1719 1714 1709
1725 1730 1735 1740
1725 1720 1715 1710
1726 1731 1736 1741
1726 1721 1716 1711
1727 1732 1737 1742
1727 1722 1717 1712
1728 1733 1738 1743
1728 1723 1718 1713
1729 1734 1739 1744
1729 1724 1719 1714
1730 1735 1740 1745
1730 1725 1720 1715
1731 1736 1741 1746
1731 1726 1721 1716
1732 1737 1742 1747
1732 1727 1722 1717
1733 1738 1743 1748
1733 1728 1723 1718
1734 1739 1744 1749
1734 1729 1724 1719
1735 1740 1745 1750
1735 1730 1725 1720
1736 1741 1746 1751
1736 1731 1726 1721
1737 1742 1747 1752
1737 1732 1727 1722
1738 1743 1748 1753
1738 1733 1728 1723
1739 1744 1749 1754
1739 1734 1729 1724
1740 1745 1750 1755
1740 1735 1730 1725
1741 1746 1751 1756
1741 1736 1731 1726
1742 1747 1752 1757
1742 1737 1732 1727
1743 1748 1753 1758
1743 1738 1733 1728
1744 1749 1754 1759
1744 1739 1734 1729
1745 1750 1755 1760
1745 1740 1735 1730
1746 1751 1756 1761
1746 1741 1736 1731
1747 1752 1757 1762
1747 1742 1737 1732
1748 1753 1758 1763
1748 1743 1738 1733
1749 1754 1759 1764
1749 1744 1739 1734
1750 1755 1760 1765
1750 1745 1740 1735
1751 1756 1761 1766
1751 1746 1741 1736
1752 1757 1762 1767
1752 1747 1742 1737
1753 1758 1763 1768
1753 1748 1743 1738
1754 1759 1764 1769
1754 1749 1744 1739
1755 1760 1765 1770
1755 1750 1745 1740
1756 1761 1766 1771
1756 1751 1746 1741
1757 1762 1767 1772
1757 1752 1747 1742
1758 1763 1768 1773
1758 1753 1748 1743
1759 1764 1769 1774
1759 1754 1749 1744
1760 1765 1770 1775
1760 1755 1750 1745
1761 1766 1771 1776
1761 1756 1751 1746
1762 1767 1772 1777
1762 1757 1752 1747
1763 1768 1773 1778
1763 1758 1753 1748
1764 1769 1774 1779
1764 1759 1754 1749
1765 1770 1775 1780
1765 1760 1755 1750
1766 1771 1776 1781
1766 1761 1756 1751
1767 1772 1777 1782
1767 1762 1757 1752
1768 1773 1778 1783
1768 1763 1758 1753
1769 1774 1779 1784
1769 1764 1759 1754
1770 1775 1780 1785
1770 1765 1760 1755
1771 1776 1781 1786
1771 1766 1761 1756
1772 1777 1782 1787
1772 1767 1762 1757
1773 1778 1783 1788
1773 1768 1763 1758
1774 1779 1784 1789
1774 1769 1764 1759
1775 1780 1785 1790
1775 1770 1765 1760
1776 1781 1786 1791
1776 1771 1766 1761
1777 1782 1787 1792
1777 1772 1767 1762
1778 1783 1788 1793
1778 1773 1768 1763
1779 1784 1789 1794
1779 1774 1769 1764
1780 1785 1790 1795
1780 1775 1770 1765
1781 1786 1791 1796
1781 1776 1771 1766
1782 1787 1792 1797
1782 1777 1772 1767
1783 1788 1793 1798
1783 1778 1773 1768
1784 1789 1794 1799
1784 1779 1774 1769
1785 1790 1795 1800
1785 1780 1775 1770
1786 1791 1796 1802
1786 1781 1776 1771
1787 1792 1797 1803
1787 1782 1777 1772
1788 1793 1798 1804
1788 1783 1778 1773
1789 1794 1799 1805
1789 1784 1779 1774
1790 1795 1800 1801
1790 1785 1780 1775
1791 1796 1802 1807
1791 1786 1781 1776
1792 1797 1803 1808
1792 1787 1782 1777
1793 1798 1804 1809
1793 1788 1783 1778
1794 1799 1805 1810
1794 1789 1784 1779
1795 1800 1801 1806
1795 1790 1785 1780
1796 1802 1807 1812
1796 1791 1786 1781
1797 1803 1808 1813
1797 1792 1787 1782
1798 1804 1809 1814
1798 1793 1788 1783
1799 1805 1810 1815
1799 1794 1789 1784
1800 1801 1806 1811
1800 1795 1790 1785
1801 1806 1811 1816
1801 1800 1795 1790
1802 1807 1812 1817
1802 1796 1791 1786
1803 1808 1813 1818
1803 1797 1792 1787
1804 1809 1814 1819
1804 1798 1793 1788
1805 1810 1815 1820
1805 1799 1794 1789
1806 1811 1816 1821
1806 1801 1800 1795
1807 1812 1817 1822
1807 1802 1796 1791
1808 1813 1818 1823
1808 1803 1797 1792
1809 1814 1819 1824
1809 1804 1798 1793
1810 1815 1820 1825
1810 1805 1799 1794
1811 1816 1821 1826
1811 1806 1801 1800
1812 1817 1822 1827
1812 1807 1802 1796
1813 1818 1823 1828
1813 1808 1803 1797
1814 1819 1824 1829
1814 1809 1804 1798
1815 1820 1825 1830
1815 1810 1805 1799
1816 1821 1826 1831
1816 1811 1806 1801
1817 1822 1827 1832
1817 1812 1807 1802
1818 1823 1828 1833
1818 1813 1808 1803
1819 1824 1829 1834
1819 1814 1809 1804
1820 1825 1830 1835
1820 1815 1810 1805
1821 1826 1831 1836
1821 1816 1811 1806
1822 1827 1832 1837
1822 1817 1812 1807
1823 1828 1833 1838
1823 1818 1813 1808
1824 1829 1834 1839
1824 1819 1814 1809
1825 1830 1835 1840
1825 1820 1815 1810
1826 1831 1836 1841
1826 1821 1816 1811
1827 1832 1837 1843
1827 1822 1817 1812
1828 1833 1838 1844
1828 1823 1818 1813
1829 1834 1839 1845
1829 1824 1819 1814
1830 1835 1840 1846
1830 1825 1820 1815
1831 1836 1841 1842
1831 1826 1821 1816
1832 1837 1843 1848
1832 1827 1822 1817
1833 1838 1844 1849
1833 1828 1823 1818
1834 1839 1845 1850
1834 1829 1824 1819
1835 1840 1846 1851
1835 1830 1825 1820
1836 1841 1842 1847
1836 1831 1826 1821
1837 1843 1848 1853
1837 1832 1827 1822
1838 1844 1849 1854
1838 1833 1828 1823
1839 1845 1850 1855
1839 1834 1829 1824
1840 1846 1851 1856
1840 1835 1830 1825
1841 1842 1847 1852
1841 1836 1831 1826
1842 1847 1852 1857
1842 1847 1869 1871
1842 1841 1836 1831
1843 1848 1853 1859
1843 1837 1832 1827
1844 1849 1854 1860
1844 1838 1833 1828
1845 1850 1855 1861
1845 1839 1834 1829
1846 1851 1856 1862
1846 1840 1835 1830
1847 1852 1857 1863
1847 1852 1869 1870
1847 1842 1841 1836
1848 1853 1859 1858
1848 1843 1837 1832
1849 1854 1860 1866
1849 1844 1838 1833
1850 1855 1861 1867
1850 1845 1839 1834
1851 1856 1862 1868
1851 1846 1840 1835
1852 1857 1863 1864
1852 1857 1869 1870
1852 1847 1842 1841
1853 1859 1858 1865
1853 1848 1843 1837
1854 1860 1866 1874
1854 1849 1844 1838
1855 1861 1867 1875
1855 1850 1845 1839
1856 1862 1868 1876
1856 1851 1846 1840
1857 1863 1864 1869
1857 1852 1847 1842
1858 1865 1873 1872
1858 1859 1853 1848
1859 1858 1865 1873
1859 1853 1848 1843
1860 1866 1874 1877
1860 1854 1849 1844
1861 1867 1875 1878
1861 1855 1850 1845
1862 1868 1876 1879
1862 1856 1851 1846
1863 1864 1869 1870
1863 1857 1852 1847
1864 1869 1870 1871
1864 1863 1857 1852
1865 1873 1872 1871
1865 1858 1859 1853
1866 1874 1877 1880
1866 1860 1854 1849
1867 1875 1878 1881
1867 1861 1855 1850
1868 1876 1879 1882
1868 1862 1856 1851
1869 1870 1871 -1
1869 1864 1863 1857
1870 1871 1872 -1
1870 1869 1864 1863
1871 1870 1869 1864
1871 1870 1869 1852
1871 1870 1869 1847
1871 1870 1847 1842
1871 1872 1873 1865
1872 1871 1870 -1
1872 1873 1865 1858
1873 1872 1871 -1
1873 1865 1858 1859
1874 1877 1880 1883
1874 1866 1860 1854
1875 1878 1881 1884
1875 1867 1861 1855
1876 1879 1882 1885
1876 1868 1862 1856
1877 1880 1883 1886
1877 1874 1866 1860
1878 1881 1884 1887
1878 1875 1867 1861
1879 1882 1885 1888
1879 1876 1868 1862
1880 1883 1886 1889
1880 1877 1874 1866
1881 1884 1887 1890
1881 1878 1875 1867
1882 1885 1888 1891
1882 1879 1876 1868
1883 1886 1889 1892
1883 1880 1877 1874
1884 1887 1890 1893
1884 1881 1878 1875
1885 1888 1891 1894
1885 1882 1879 1876
1886 1889 1892 1895
1886 1883 1880 1877
1887 1890 1893 1896
1887 1884 1881 1878
1888 1891 1894 1898
1888 1885 1882 1879
1889 1892 1895 1899
1889 1886 1883 1880
1890 1893 1896 1900
1890 1887 1884 1881
1891 1894 1898 1902
1891 1888 1885 1882
1892 1895 1899 1903
1892 1889 1886 1883
1893 1896 1900 1904
1893 1890 1887 1884
1894 1898 1902 1906
1894 1891 1888 1885
1895 1899 1903 1907
1895 1892 1889 1886
1896 1900 1904 1908
1896 1893 1890 1887
1897 1901 1905 1909
1898 1902 1906 1910
1898 1894 1891 1888
1899 1903 1907 1911
1899 1895 1892 1889
1900 1904 1908 1912
1900 1896 1893 1890
1901 1905 1909 1913
1902 1906 1910 1914
1902 1898 1894 1891
1903 1907 1911 1915
1903 1899 1895 1892
1904 1908 1912 1916
1904 1900 1896 1893
1905 1909 1913 1917
1905 1901 1897 -1
1906 1910 1914 1918
1906 1902 1898 1894
1907 1911 1915 1919
1907 1903 1899 1895
1908 1912 1916 1920
1908 1904 1900 1896
1909 1913 1917 1921
1909 1905 1901 1897
1910 1914 1918 1922
1910 1906 1902 1898
1911 1915 1919 1923
1911 1907 1903 1899
1912 1916 1920 1924
1912 1908 1904 1900
1913 1917 1921 1925
1913 1909 1905 1901
1914 1918 1922 1926
1914 1910 1906 1902
1915 1919 1923 1927
1915 1911 1907 1903
1916 1920 1924 1928
1916 1912 1908 1904
1917 1921 1925 1929
1917 1913 1909 1905
1918 1922 1926 1930
1918 1914 1910 1906
1919 1923 1927 1931
1919 1915 1911 1907
1920 1924 1928 1932
1920 1916 1912 1908
1921 1925 1929 1933
1921 1917 1913 1909
1922 1926 1930 1934
1922 1918 1914 1910
1923 1927 1931 1935
1923 1919 1915 1911
1924 1928 1932 1936
1924 1920 1916 1912
1925 1929 1933 1937
1925 1921 1917 1913
1926 1930 1934 1938
1926 1922 1918 1914
1927 1931 1935 1939
1927 1923 1919 1915
1928 1932 1936 1940
1928 1924 1920 1916
1929 1933 1937 1941
1929 1925 1921 1917
1930 1934 1938 1942
1930 1926 1922 1918
1931 1935 1939 1943
1931 1927 1923 1919
1932 1936 1940 1944
1932 1928 1924 1920
1933 1937 1941 1945
1933 1929 1925 1921
1934 1938 1942 1946
1934 1930 1926 1922
1935 1939 1943 1948
1935 1931 1927 1923
1936 1940 1944 1949
1936 1932 1928 1924
1937 1941 1945 1950
1937 1933 1929 1925
1938 1942 1946 1951
1938 1934 1930 1926
1939 1943 1948 1947
1939 1935 1931 1927
1940 1944 1949 1953
1940 1936 1932 1928
1941 1945 1950 1954
1941 1937 1933 1929
1942 1946 1951 1955
1942 1938 1934 1930
1943 1948 1947 1952
1943 1939 1935 1931
1944 1949 1953 1957
1944 1940 1936 1932
1945 1950 1954 1958
1945 1941 1937 1933
1946 1951 1955 1959
1946 1942 1938 1934
1947 1952 1956 1960
1947 1948 1943 1939
1948 1947 1952 1956
1948 1943 1939 1935
1949 1953 1957 1961
1949 1944 1940 1936
1950 1954 1958 1962
1950 1945 1941 1937
1951 1955 1959 1963
1951 1946 1942 1938
1952 1956 1960 1964
1952 1947 1948 1943
1953 1957 1961 1965
1953 1949 1944 1940
1954 1958 1962 1966
1954 1950 1945 1941
1955 1959 1963 1967
1955 1951 1946 1942
1956 1960 1964 1968
1956 1952 1947 1948
1957 1961 1965 1969
1957 1953 1949 1944
1958 1962 1966 1970
1958 1954 1950 1945
1959 1963 1967 1971
1959 1955 1951 1946
1960 1964 1968 1972
1960 1956 1952 1947
1961 1965 1969 1973
1961 1957 1953 1949
1962 1966 1970 1974
1962 1958 1954 1950
1963 1967 1971 1975
1963 1959 1955 1951
1964 1968 1972 1976
1964 1960 1956 1952
1965 1969 1973 1977
1965 1961 1957 1953
1966 1970 1974 1978
1966 1962 1958 1954
1967 1971 1975 1979
1967 1963 1959 1955
1968 1972 1976 1980
1968 1964 1960 1956
1969 1973 1977 1981
1969 1965 1961 1957
1970 1974 1978 1982
1970 1966 1962 1958
1971 1975 1979 1984
1971 1967 1963 1959
1972 1976 1980 1985
1972 1968 1964 1960
1973 1977 1981 1986
1973 1969 1965 1961
1974 1978 1982 1983
1974 1970 1966 1962
1975 1979 1984 1988
1975 1971 1967 1963
1976 1980 1985 1989
1976 1972 1968 1964
1977 1981 1986 1990
1977 1973 1969 1965
1978 1982 1983 1987
1978 1974 1970 1966
1979 1984 1988 1992
1979 1975 1971 1967
1980 1985 1989 1993
1980 1976 1972 1968
1981 1986 1990 1994
1981 1977 1973 1969
1982 1983 1987 1991
1982 1978 1974 1970
1983 1987 1991 1995
1983 1982 1978 1974
1984 1988 1992 1996
1984 1979 1975 1971
1985 1989 1993 1997
1985 1980 1976 1972
1986 1990 1994 1998
1986 1981 1977 1973
1987 1991 1995 1999
1987 1983 1982 1978
1988 1992 1996 2000
1988 1984 1979 1975
1989 1993 1997 2001
1989 1985 1980 1976
1990 1994 1998 2002
1990 1986 1981 1977
1991 1995 1999 2003
1991 1987 1983 1982
1992 1996 2000 2004
1992 1988 1984 1979
1993 1997 2001 2005
1993 1989 1985 1980
1994 1998 2002 2006
1994 1990 1986 1981
1995 1999 2003 2007
1995 1991 1987 1983
1996 2000 2004 2008
1996 1992 1988 1984
1997 2001 2005 2009
1997 1993 1989 1985
1998 2002 2006 2010
1998 1994 1990 1986
1999 2003 2007 2011
1999 1995 1991 1987
2000 2004 2008 2012
2000 1996 1992 1988
2001 2005 2009 2013
2001 1997 1993 1989
2002 2006 2010 2014
2002 1998 1994 1990
2003 2007 2011 2015
2003 1999 1995 1991
2004 2008 2012 2016
2004 2000 1996 1992
2005 2009 2013 2017
2005 2001 1997 1993
2006 2010 2014 2018
2006 2002 1998 1994
2007 2011 2015 2019
2007 2003 1999 1995
2008 2012 2016 2020
2008 2004 2000 1996
2009 2013 2017 2021
2009 2005 2001 1997
2010 2014 2018 2022
2010 2006 2002 1998
2011 2015 2019 2023
2011 2007 2003 1999
2012 2016 2020 2024
2012 2008 2004 2000
2013 2017 2021 2025
2013 2009 2005 2001
2014 2018 2022 2026
2014 2010 2006 2002
2015 2019 2023 2027
2015 2011 2007 2003
2016 2020 2024 2028
2016 2012 2008 2004
2017 2021 2025 2029
2017 2013 2009 2005
2018 2022 2026 2030
2018 2014 2010 2006
2019 2023 2027 2031
2019 2015 2011 2007
2020 2024 2028 2033
2020 2016 2012 2008
2021 2025 2029 2034
2021 2017 2013 2009
2022 2026 2030 2035
2022 2018 2014 2010
2023 2027 2031 2032
2023 2019 2015 2011
2024 2028 2033 2037
2024 2020 2016 2012
2025 2029 2034 2038
2025 2021 2017 2013
2026 2030 2035 2039
2026 2022 2018 2014
2027 2031 2032 2036
2027 2023 2019 2015
2028 2033 2037 2041
2028 2024 2020 2016
2029 2034 2038 2042
2029 2025 2021 2017
2030 2035 2039 2043
2030 2026 2022 2018
2031 2032 2036 2040
2031 2027 2023 2019
2032 2036 2040 2044
2032 2031 2027 2023
2033 2037 2041 2045
2033 2028 2024 2020
2034 2038 2042 2046
2034 2029 2025 2021
2035 2039 2043 2047
2035 2030 2026 2022
2036 2040 2044 2048
2036 2032 2031 2027
2037 2041 2045 2049
2037 2033 2028 2024
2038 2042 2046 2050
2038 2034 2029 2025
2039 2043 2047 2051
2039 2035 2030 2026
2040 2044 2048 2052
2040 2036 2032 2031
2041 2045 2049 2054
2041 2037 2033 2028
2042 2046 2050 2055
2042 2038 2034 2029
2043 2047 2051 2056
2043 2039 2035 2030
2044 2048 2052 2053
2044 2040 2036 2032
2045 2049 2054 2058
2045 2041 2037 2033
2046 2050 2055 2059
2046 2042 2038 2034
2047 2051 2056 2060
2047 2043 2039 2035
2048 2052 2053 2057
2048 2044 2040 2036
2049 2054 2058 2063
2049 2045 2041 2037
2050 2055 2059 2064
2050 2046 2042 2038
2051 2056 2060 2065
2051 2047 2043 2039
2052 2053 2057 2061
2052 2048 2044 2040
2053 2057 2061 2062
2053 2052 2048 2044
2054 2058 2063 2067
2054 2049 2045 2041
2055 2059 2064 2068
2055 2050 2046 2042
2056 2060 2065 2069
2056 2051 2047 2043
2057 2061 2062 2066
2057 2053 2052 2048
2058 2063 2067 2072
2058 2054 2049 2045
2059 2064 2068 2073
2059 2055 2050 2046
2060 2065 2069 2074
2060 2056 2051 2047
2061 2062 2066 2070
2061 2057 2053 2052
2062 2066 2070 2071
2062 2061 2057 2053
2063 2067 2072 2076
2063 2058 2054 2049
2064 2068 2073 2077
2064 2059 2055 2050
2065 2069 2074 2078
2065 2060 2056 2051
2066 2070 2071 2075
2066 2062 2061 2057
2067 2072 2076 2080
2067 2063 2058 2054
2068 2073 2077 2081
2068 2064 2059 2055
2069 2074 2078 2082
2069 2065 2060 2056
2070 2071 2075 2079
2070 2066 2062 2061
2071 2075 2079 2083
2071 2070 2066 2062
2072 2076 2080 2084
2072 2067 2063 2058
2073 2077 2081 2085
2073 2068 2064 2059
2074 2078 2082 2086
2074 2069 2065 2060
2075 2079 2083 2087
2075 2071 2070 2066
2076 2080 2084 2088
2076 2072 2067 2063
2077 2081 2085 2089
2077 2073 2068 2064
2078 2082 2086 2090
2078 2074 2069 2065
2079 2083 2087 2091
2079 2075 2071 2070
2080 2084 2088 2092
2080 2076 2072 2067
2081 2085 2089 2093
2081 2077 2073 2068
2082 2086 2090 2094
2082 2078 2074 2069
2083 2087 2091 2095
2083 2079 2075 2071
2084 2088 2092 2096
2084 2080 2076 2072
2085 2089 2093 2097
2085 2081 2077 2073
2086 2090 2094 2098
2086 2082 2078 2074
2087 2091 2095 2099
2087 2083 2079 2075
2088 2092 2096 2100
2088 2084 2080 2076
2089 2093 2097 2101
2089 2085 2081 2077
2090 2094 2098 2102
2090 2086 2082 2078
2091 2095 2099 2103
2091 2087 2083 2079
2092 2096 2100 2104
2092 2088 2084 2080
2093 2097 2101 2105
2093 2089 2085 2081
2094 2098 2102 2106
2094 2090 2086 2082
2095 2099 2103 2107
2095 2091 2087 2083
2096 2100 2104 2109
2096 2092 2088 2084
2097 2101 2105 2110
2097 2093 2089 2085
2098 2102 2106 2111
2098 2094 2090 2086
2099 2103 2107 2108
2099 2095 2091 2087
2100 2104 2109 2113
2100 2096 2092 2088
2101 2105 2110 2114
2101 2097 2093 2089
2102 2106 2111 2115
2102 2098 2094 2090
2103 2107 2108 2112
2103 2099 2095 2091
2104 2109 2113 2118
2104 2100 2096 2092
2105 2110 2114 2119
2105 2101 2097 2093
2106 2111 2115 2120
2106 2102 2098 2094
2107 2108 2112 2116
2107 2103 2099 2095
2108 2112 2116 2117
2108 2107 2103 2099
2109 2113 2118 2122
2109 2104 2100 2096
2110 2114 2119 2123
2110 2105 2101 2097
2111 2115 2120 2124
2111 2106 2102 2098
2112 2116 2117 2121
2112 2108 2107 2103
2113 2118 2122 2127
2113 2109 2104 2100
2114 2119 2123 2128
2114 2110 2105 2101
2115 2120 2124 2129
2115 2111 2106 2102
2116 2117 2121 2125
2116 2112 2108 2107
2117 2121 2125 2126
2117 2116 2112 2108
2118 2122 2127 2131
2118 2113 2109 2104
2119 2123 2128 2132
2119 2114 2110 2105
2120 2124 2129 2133
2120 2115 2111 2106
2121 2125 2126 2130
2121 2117 2116 2112
2122 2127 2131 2136
2122 2118 2113 2109
2123 2128 2132 2137
2123 2119 2114 2110
2124 2129 2133 2138
2124 2120 2115 2111
2125 2126 2130 2134
2125 2121 2117 2116
2126 2130 2134 2135
2126 2125 2121 2117
2127 2131 2136 2141
2127 2122 2118 2113
2128 2132 2137 2142
2128 2123 2119 2114
2129 2133 2138 2139
2129 2124 2120 2115
2130 2134 2135 2140
2130 2126 2125 2121
2131 2136 2141 2145
2131 2127 2122 2118
2132 2137 2142 2146
2132 2128 2123 2119
2133 2138 2139 2143
2133 2129 2124 2120
2134 2135 2140 2144
2134 2130 2126 2125
2135 2140 2144 2148
2135 2134 2130 2126
2136 2141 2145 2149
2136 2131 2127 2122
2137 2142 2146 2150
2137 2132 2128 2123
2138 2139 2143 2147
2138 2133 2129 2124
2139 2143 2147 2151
2139 2138 2133 2129
2140 2144 2148 2152
2140 2135 2134 2130
2141 2145 2149 2153
2141 2136 2131 2127
2142 2146 2150 2154
2142 2137 2132 2128
2143 2147 2151 2155
2143 2139 2138 2133
2144 2148 2152 2156
2144 2140 2135 2134
2145 2149 2153 2158
2145 2141 2136 2131
2146 2150 2154 2159
2146 2142 2137 2132
2147 2151 2155 2160
2147 2143 2139 2138
2148 2152 2156 2157
2148 2144 2140 2135
2149 2153 2158 2162
2149 2145 2141 2136
2150 2154 2159 2163
2150 2146 2142 2137
2151 2155 2160 2164
2151 2147 2143 2139
2152 2156 2157 2161
2152 2148 2144 2140
2153 2158 2162 2167
2153 2149 2145 2141
2154 2159 2163 2168
2154 2150 2146 2142
2155 2160 2164 2169
2155 2151 2147 2143
2156 2157 2161 2165
2156 2152 2148 2144
2157 2161 2165 2166
2157 2156 2152 2148
2158 2162 2167 2172
2158 2153 2149 2145
2159 2163 2168 2173
2159 2154 2150 2146
2160 2164 2169 2170
2160 2155 2151 2147
2161 2165 2166 2171
2161 2157 2156 2152
2162 2167 2172 2177
2162 2158 2153 2149
2163 2168 2173 2178
2163 2159 2154 2150
2164 2169 2170 2174
2164 2160 2155 2151
2165 2166 2171 2175
2165 2161 2157 2156
2166 2171 2175 2176
2166 2165 2161 2157
2167 2172 2177 2181
2167 2162 2158 2153
2168 2173 2178 2182
2168 2163 2159 2154
2169 2170 2174 2179
2169 2164 2160 2155
2170 2174 2179 2183
2170 2169 2164 2160
2171 2175 2176 2180
2171 2166 2165 2161
2172 2177 2181 2186
2172 2167 2162 2158
2173 2178 2182 2187
2173 2168 2163 2159
2174 2179 2183 2188
2174 2170 2169 2164
2175 2176 2180 2184
2175 2171 2166 2165
2176 2180 2184 2185
2176 2175 2171 2166
2177 2181 2186 2190
2177 2172 2167 2162
2178 2182 2187 2191
2178 2173 2168 2163
2179 2183 2188 2192
2179 2174 2170 2169
2180 2184 2185 2189
2180 2176 2175 2171
2181 2186 2190 2194
2181 2177 2172 2167
2182 2187 2191 2195
2182 2178 2173 2168
2183 2188 2192 2196
2183 2179 2174 2170
2184 2185 2189 2193
2184 2180 2176 2175
2185 2189 2193 2197
2185 2184 2180 2176
2186 2190 2194 2199
2186 2181 2177 2172
2187 2191 2195 2200
2187 2182 2178 2173
2188 2192 2196 2201
2188 2183 2179 2174
2189 2193 2197 2198
2189 2185 2184 2180
2190 2194 2199 2203
2190 2186 2181 2177
2191 2195 2200 2204
2191 2187 2182 2178
2192 2196 2201 2205
2192 2188 2183 2179
2193 2197 2198 2202
2193 2189 2185 2184
2194 2199 2203 2209
2194 2190 2186 2181
2195 2200 2204 2210
2195 2191 2187 2182
2196 2201 2205 2206
2196 2192 2188 2183
2197 2198 2202 2207
2197 2193 2189 2185
2198 2202 2207 2208
2198 2197 2193 2189
2199 2203 2209 2213
2199 2194 2190 2186
2200 2204 2210 2214
2200 2195 2191 2187
2201 2205 2206 2211
2201 2196 2192 2188
2202 2207 2208 2212
2202 2198 2197 2193
2203 2209 2213 2217
2203 2199 2194 2190
2204 2210 2214 2218
2204 2200 2195 2191
2205 2206 2211 2215
2205 2201 2196 2192
2206 2211 2215 2219
2206 2205 2201 2196
2207 2208 2212 2216
2207 2202 2198 2197
2208 2212 2216 2220
2208 2207 2202 2198
2209 2213 2217 2221
2209 2203 2199 2194
2210 2214 2218 2222
2210 2204 2200 2195
2211 2215 2219 2223
2211 2206 2205 2201
2212 2216 2220 2224
2212 2208 2207 2202
2213 2217 2221 2225
2213 2209 2203 2199
2214 2218 2222 2226
2214 2210 2204 2200
2215 2219 2223 2227
2215 2211 2206 2205
2216 2220 2224 2228
2216 2212 2208 2207
2217 2221 2225 2230
2217 2213 2209 2203
2218 2222 2226 2231
2218 2214 2210 2204
2219 2223 2227 2232
2219 2215 2211 2206
2220 2224 2228 2229
2220 2216 2212 2208
2221 2225 2230 2235
2221 2217 2213 2209
2222 2226 2231 2236
2222 2218 2214 2210
2223 2227 2232 2233
2223 2219 2215 2211
2224 2228 2229 2234
2224 2228 2229 2238
2224 2220 2216 2212
2225 2230 2235 2239
2225 2221 2217 2213
2226 2231 2236 2240
2226 2222 2218 2214
2227 2232 2233 2237
2227 2223 2219 2215
2228 2229 2234 2238
2228 2224 2220 2216
2229 2234 2238 2251
2229 2228 2224 2220
2230 2235 2239 2244
2230 2225 2221 2217
2231 2236 2240 2247
2231 2226 2222 2218
2232 2233 2237 2241
2232 2227 2223 2219
2233 2237 2241 2242
2233 2232 2227 2223
2234 2238 2251 2255
2234 2229 2228 2224
2235 2239 2244 2245
2235 2230 2225 2221
2236 2240 2247 2246
2236 2231 2226 2222
2237 2241 2242 2248
2237 2233 2232 2227
2238 2243 2251 2250
2238 2234 2229 2228
2239 2244 2245 2252
2239 2235 2230 2225
2240 2247 2246 2253
2240 2236 2231 2226
2241 2242 2248 2249
2241 2237 2233 2232
2242 2248 2249 2254
2242 2241 2237 2233
2243 2251 2250 2255
2244 2245 2252 2256
2244 2239 2235 2230
2245 2252 2256 2257
2245 2244 2239 2235
2246 2253 2258 2271
2246 2247 2240 2236
2247 2246 2253 2258
2247 2240 2236 2231
2248 2249 2254 2259
2248 2242 2241 2237
2249 2254 2259 2260
2249 2248 2242 2241
2250 2251 2243 2238
2251 2250 2255 -1
2251 2243 2238 2234
2251 2243 2238 2228
2252 2256 2257 2269
2252 2245 2244 2239
2253 2258 2271 2288
2253 2246 2247 2240
2254 2259 2260 2272
2254 2249 2248 2242
2255 2250 2251 2243
2255 2250 2251 2238
2256 2257 2269 2270
2256 2252 2245 2244
2257 2269 2270 2285
2257 2256 2252 2245
2258 2271 2288 2371
2258 2253 2246 2247
2259 2260 2272 2273
2259 2254 2249 2248
2260 2272 2273 2289
2260 2259 2254 2249
2261 2262 2263 2264
2262 2263 2264 2265
2263 2264 2265 2266
2263 2262 2261 -1
2264 2265 2266 2267
2264 2263 2262 2261
2265 2266 2267 2268
2265 2264 2263 2262
2266 2267 2268 2274
2266 2265 2264 2263
2267 2268 2274 2275
2267 2266 2265 2264
2268 2274 2275 2276
2268 2267 2266 2265
2269 2270 2285 2286
2269 2257 2256 2252
2270 2285 2286 2287
2270 2269 2257 2256
2271 2288 2371 2377
2271 2258 2253 2246
2272 2273 2289 2290
2272 2260 2259 2254
2273 2289 2290 2291
2273 2272 2260 2259
2274 2275 2276 2277
2274 2268 2267 2266
2275 2276 2277 2278
2275 2274 2268 2267
2276 2277 2278 2279
2276 2275 2274 2268
2277 2278 2279 2280
2277 2276 2275 2274
2278 2279 2280 2281
2278 2277 2276 2275
2279 2280 2281 2282
2279 2278 2277 2276
2280 2281 2282 2283
2280 2279 2278 2277
2281 2282 2283 2292
2281 2280 2279 2278
2282 2283 2292 2293
2282 2281 2280 2279
2283 2292 2293 2294
2283 2282 2281 2280
2284 2367 2366 -1
2285 2286 2287 2368
2285 2270 2269 2257
2286 2287 2368 2369
2286 2285 2270 2269
2287 2368 2369 2370
2287 2286 2285 2270
2288 2371 2377 2382
2288 2271 2258 2253
2289 2290 2291 2372
2289 2273 2272 2260
2290 2291 2372 2373
2290 2289 2273 2272
2291 2372 2373 2374
2291 2290 2289 2273
2292 2293 2294 2295
2292 2283 2282 2281
2293 2294 2295 2296
2293 2292 2283 2282
2294 2295 2296 2297
2294 2293 2292 2283
2295 2296 2297 2298
2295 2294 2293 2292
2296 2297 2298 2299
2296 2295 2294 2293
2297 2298 2299 2300
2297 2296 2295 2294
2298 2299 2300 2301
2298 2297 2296 2295
2299 2298 2297 2296
2299 2300 2301 2302
2300 2299 2298 2297
2300 2301 2302 2303
2301 2300 2299 2298
2301 2302 2303 2304
2302 2301 2300 2299
2302 2303 2304 2305
2303 2302 2301 2300
2303 2304 2305 2306
2304 2303 2302 2301
2304 2305 2306 2307
2305 2304 2303 2302
2305 2306 2307 2308
2306 2305 2304 2303
2306 2307 2308 2309
2307 2308 2309 2310
2307 2306 2305 2304
2308 2309 2310 2311
2308 2307 2306 2305
2309 2310 2311 2312
2309 2308 2307 2306
2310 2311 2312 2313
2310 2309 2308 2307
2311 2310 2309 2308
2311 2312 2313 2314
2312 2311 2310 2309
2312 2313 2314 2315
2313 2312 2311 2310
2313 2314 2315 2316
2314 2313 2312 2311
2314 2315 2316 2317
2315 2314 2313 2312
2315 2316 2317 2318
2316 2315 2314 2313
2316 2317 2318 2319
2317 2316 2315 2314
2317 2318 2319 2320
2318 2319 2320 2321
2318 2317 2316 2315
2319 2320 2321 2322
2319 2318 2317 2316
2320 2321 2322 2323
2320 2319 2318 2317
2321 2322 2323 2324
2321 2320 2319 2318
2322 2323 2324 2325
2322 2321 2320 2319
2323 2324 2325 2326
2323 2322 2321 2320
2324 2325 2326 2327
2324 2323 2322 2321
2325 2326 2327 2328
2325 2324 2323 2322
2326 2325 2324 2323
2326 2327 2328 2329
2327 2326 2325 2324
2327 2328 2329 2330
2328 2327 2326 2325
2328 2329 2330 2331
2329 2330 2331 2332
2329 2328 2327 2326
2330 2331 2332 2333
2330 2329 2328 2327
2331 2332 2333 2334
2331 2330 2329 2328
2332 2333 2334 2335
2332 2331 2330 2329
2333 2334 2335 2336
2333 2332 2331 2330
2334 2335 2336 2337
2334 2333 2332 2331
2335 2336 2337 2338
2335 2334 2333 2332
2336 2337 2338 2339
2336 2335 2334 2333
2337 2336 2335 2334
2337 2338 2339 2340
2338 2337 2336 2335
2338 2339 2340 2341
2339 2338 2337 2336
2339 2340 2341 2342
2340 2339 2338 2337
2340 2341 2342 2343
2341 2340 2339 2338
2341 2342 2343 2344
2342 2341 2340 2339
2342 2343 2344 2345
2343 2342 2341 2340
2343 2344 2345 2346
2344 2343 2342 2341
2344 2345 2346 2347
2345 2344 2343 2342
2345 2346 2347 2348
2346 2345 2344 2343
2346 2347 2348 2349
2347 2348 2349 2350
2347 2346 2345 2344
2348 2349 2350 2351
2348 2347 2346 2345
2349 2350 2351 2352
2349 2348 2347 2346
2350 2351 2352 2353
2350 2349 2348 2347
2351 2352 2353 2354
2351 2350 2349 2348
2352 2353 2354 2355
2352 2351 2350 2349
2353 2354 2355 2356
2353 2352 2351 2350
2354 2355 2356 2357
2354 2353 2352 2351
2355 2356 2357 2358
2355 2354 2353 2352
2356 2357 2358 2359
2356 2355 2354 2353
2357 2358 2359 2360
2357 2356 2355 2354
2358 2357 2356 2355
2358 2359 2360 2361
2359 2358 2357 2356
2359 2360 2361 2362
2360 2359 2358 2357
2360 2361 2362 2363
2361 2360 2359 2358
2361 2362 2363 2364
2362 2361 2360 2359
2362 2363 2364 2365
2363 2362 2361 2360
2363 2364 2365 2366
2364 2363 2362 2361
2364 2365 2366 -1
2365 2364 2363 2362
2366 2367 2284 -1
2366 2365 2364 2363
2367 2284 2366 -1
2368 2369 2370 2375
2368 2287 2286 2285
2369 2370 2375 2376
2369 2368 2287 2286
2370 2375 2376 2381
2370 2369 2368 2287
2371 2377 2382 2390
2371 2288 2271 2258
2372 2373 2374 2378
2372 2291 2290 2289
2373 2374 2378 2379
2373 2372 2291 2290
2374 2378 2379 2380
2374 2373 2372 2291
2375 2376 2381 -1
2375 2370 2369 2368
2376 2375 2370 2369
2377 2382 2390 2398
2377 2371 2288 2271
2378 2379 2380 2383
2378 2374 2373 2372
2379 2380 2383 2384
2379 2378 2374 2373
2380 2383 2384 2385
2380 2379 2378 2374
2381 2376 2375 2370
2382 2390 2398 2410
2382 2377 2371 2288
2383 2384 2385 2386
2383 2380 2379 2378
2384 2385 2386 2387
2384 2383 2380 2379
2385 2386 2387 2388
2385 2384 2383 2380
2386 2387 2388 2389
2386 2385 2384 2383
2387 2388 2389 2391
2387 2386 2385 2384
2388 2389 2391 2392
2388 2387 2386 2385
2389 2391 2392 2393
2389 2388 2387 2386
2390 2398 2410 2420
2390 2398 2445 2444
2390 2382 2377 2371
2391 2392 2393 2394
2391 2389 2388 2387
2392 2393 2394 2395
2392 2391 2389 2388
2393 2394 2395 2396
2393 2392 2391 2389
2394 2395 2396 2397
2394 2393 2392 2391
2395 2396 2397 2399
2395 2394 2393 2392
2396 2397 2399 2400
2396 2395 2394 2393
2397 2399 2400 2401
2397 2396 2395 2394
2398 2410 2420 2445
2398 2410 2445 2444
2398 2390 2382 2377
2399 2400 2401 2402
2399 2397 2396 2395
2400 2401 2402 2403
2400 2399 2397 2396
2401 2402 2403 2404
2401 2400 2399 2397
2402 2403 2404 2405
2402 2401 2400 2399
2403 2404 2405 2406
2403 2402 2401 2400
2404 2405 2406 2407
2404 2403 2402 2401
2405 2406 2407 2408
2405 2404 2403 2402
2406 2407 2408 2409
2406 2405 2404 2403
2407 2408 2409 2411
2407 2406 2405 2404
2408 2409 2411 2412
2408 2407 2406 2405
2409 2411 2412 2413
2409 2408 2407 2406
2410 2420 2445 2444
2410 2398 2390 2382
2411 2412 2413 2414
2411 2409 2408 2407
2412 2413 2414 2415
2412 2411 2409 2408
2413 2414 2415 2416
2413 2412 2411 2409
2414 2415 2416 2417
2414 2413 2412 2411
2415 2416 2417 2418
2415 2414 2413 2412
2416 2417 2418 2419
2416 2415 2414 2413
2417 2418 2419 2421
2417 2416 2415 2414
2418 2419 2421 2422
2418 2417 2416 2415
2419 2421 2422 2423
2419 2418 2417 2416
2420 2445 2444 2510
2420 2410 2398 2390
2421 2422 2423 2424
2421 2419 2418 2417
2422 2423 2424 2425
2422 2421 2419 2418
2423 2424 2425 2426
2423 2422 2421 2419
2424 2425 2426 2427
2424 2423 2422 2421
2425 2426 2427 2428
2425 2424 2423 2422
2426 2427 2428 2429
2426 2425 2424 2423
2427 2428 2429 2430
2427 2426 2425 2424
2428 2429 2430 2431
2428 2427 2426 2425
2429 2430 2431 2432
2429 2428 2427 2426
2430 2431 2432 2433
2430 2429 2428 2427
2431 2432 2433 2434
2431 2430 2429 2428
2432 2433 2434 2435
2432 2431 2430 2429
2433 2434 2435 2436
2433 2432 2431 2430
2434 2435 2436 2437
2434 2433 2432 2431
2435 2436 2437 2438
2435 2434 2433 2432
2436 2437 2438 2439
2436 2435 2434 2433
2437 2438 2439 2440
2437 2436 2435 2434
2438 2439 2440 2441
2438 2437 2436 2435
2439 2440 2441 2442
2439 2438 2437 2436
2440 2441 2442 2443
2440 2439 2438 2437
2441 2442 2443 2446
2441 2440 2439 2438
2442 2443 2446 2447
2442 2441 2440 2439
2443 2446 2447 2448
2443 2442 2441 2440
2444 2510 2509 2532
2444 2445 2420 2410
2445 2444 2510 2509
2445 2420 2410 2398
2446 2447 2448 2449
2446 2443 2442 2441
2447 2448 2449 2450
2447 2446 2443 2442
2448 2449 2450 2451
2448 2447 2446 2443
2449 2450 2451 2452
2449 2448 2447 2446
2450 2451 2452 2453
2450 2449 2448 2447
2451 2452 2453 2454
2451 2450 2449 2448
2452 2453 2454 2455
2452 2451 2450 2449
2453 2454 2455 2456
2453 2452 2451 2450
2454 2455 2456 2457
2454 2453 2452 2451
2455 2456 2457 2458
2455 2454 2453 2452
2456 2457 2458 2459
2456 2455 2454 2453
2457 2458 2459 2460
2457 2456 2455 2454
2458 2459 2460 2461
2458 2457 2456 2455
2459 2460 2461 2462
2459 2458 2457 2456
2460 2461 2462 2463
2460 2459 2458 2457
2461 2462 2463 2464
2461 2460 2459 2458
2462 2463 2464 2465
2462 2461 2460 2459
2463 2464 2465 2466
2463 2462 2461 2460
2464 2465 2466 2467
2464 2463 2462 2461
2465 2466 2467 2468
2465 2464 2463 2462
2466 2467 2468 2469
2466 2465 2464 2463
2467 2468 2469 2470
2467 2466 2465 2464
2468 2469 2470 2471
2468 2467 2466 2465
2469 2470 2471 2472
2469 2468 2467 2466
2470 2471 2472 2473
2470 2469 2468 2467
2471 2472 2473 2474
2471 2470 2469 2468
2472 2473 2474 2475
2472 2471 2470 2469
2473 2474 2475 2476
2473 2472 2471 2470
2474 2475 2476 2477
2474 2473 2472 2471
2475 2476 2477 2478
2475 2474 2473 2472
2476 2477 2478 2479
2476 2475 2474 2473
2477 2478 2479 2480
2477 2476 2475 2474
2478 2479 2480 2481
2478 2477 2476 2475
2479 2480 2481 2482
2479 2478 2477 2476
2480 2481 2482 2483
2480 2479 2478 2477
2481 2482 2483 2484
2481 2480 2479 2478
2482 2483 2484 2485
2482 2481 2480 2479
2483 2484 2485 2486
2483 2482 2481 2480
2484 2485 2486 2487
2484 2483 2482 2481
2485 2486 2487 2488
2485 2484 2483 2482
2486 2487 2488 2489
2486 2485 2484 2483
2487 2488 2489 2490
2487 2486 2485 2484
2488 2489 2490 2491
2488 2487 2486 2485
2489 2490 2491 2492
2489 2488 2487 2486
2490 2491 2492 2493
2490 2489 2488 2487
2491 2492 2493 2494
2491 2490 2489 2488
2492 2493 2494 2495
2492 2491 2490 2489
2493 2494 2495 2496
2493 2492 2491 2490
2494 2495 2496 2497
2494 2493 2492 2491
2495 2496 2497 2498
2495 2494 2493 2492
2496 2497 2498 2499
2496 2495 2494 2493
2497 2498 2499 2500
2497 2496 2495 2494
2498 2499 2500 2501
2498 2497 2496 2495
2499 2500 2501 2502
2499 2498 2497 2496
2500 2501 2502 2503
2500 2499 2498 2497
2501 2502 2503 2504
2501 2500 2499 2498
2502 2503 2504 2505
2502 2501 2500 2499
2503 2504 2505 2506
2503 2502 2501 2500
2504 2505 2506 2507
2504 2503 2502 2501
2505 2506 2507 2508
2505 2504 2503 2502
2506 2507 2508 2511
2506 2505 2504 2503
2507 2508 2511 2512
2507 2506 2505 2504
2508 2511 2512 2513
2508 2507 2506 2505
2509 2532 2531 2530
2509 2510 2444 2445
2510 2509 2532 2531
2510 2444 2445 2420
2511 2512 2513 2514
2511 2508 2507 2506
2512 2513 2514 2515
2512 2511 2508 2507
2513 2514 2515 2516
2513 2512 2511 2508
2514 2515 2516 2517
2514 2513 2512 2511
2515 2516 2517 2518
2515 2514 2513 2512
2516 2517 2518 2519
2516 2515 2514 2513
2517 2518 2519 2520
2517 2516 2515 2514
2518 2519 2520 2521
2518 2517 2516 2515
2519 2520 2521 2522
2519 2518 2517 2516
2520 2521 2522 2523
2520 2519 2518 2517
2521 2522 2523 2524
2521 2520 2519 2518
2522 2521 2520 2519
2522 2523 2524 2525
2523 2522 2521 2520
2523 2524 2525 2526
2524 2523 2522 2521
2524 2525 2526 2527
2525 2524 2523 2522
2525 2526 2527 2528
2526 2525 2524 2523
2526 2527 2528 2529
2527 2526 2525 2524
2527 2528 2529 2530
2528 2527 2526 2525
2528 2529 2530 2531
2529 2530 2531 2532
2529 2528 2527 2526
2530 2531 2532 2509
2530 2529 2528 2527
2531 2532 2509 2510
2531 2530 2529 2528
2532 2531 2530 2529
2532 2509 2510 2444
