0 44 43 42
0 1 2 3
1 0 44 43
1 2 3 4
2 1 0 44
2 3 4 5
3 2 1 0
3 4 5 6
4 3 2 1
4 5 6 7
5 4 3 2
5 6 7 8
6 5 4 3
6 7 8 9
7 6 5 4
7 8 9 10
8 7 6 5
8 9 10 11
9 10 11 12
9 8 7 6
10 11 12 13
10 9 8 7
11 12 13 14
11 10 9 8
12 13 14 15
12 11 10 9
13 14 15 16
13 12 11 10
14 15 16 17
14 13 12 11
15 16 17 18
15 14 13 12
16 17 18 19
16 15 14 13
17 18 19 20
17 16 15 14
18 19 20 21
18 17 16 15
19 20 21 22
19 18 17 16
20 21 22 23
20 19 18 17
21 22 23 24
21 20 19 18
22 23 24 25
22 21 20 19
23 24 25 26
23 22 21 20
24 25 26 27
24 23 22 21
25 26 27 28
25 24 23 22
26 27 28 29
26 25 24 23
27 28 29 30
27 26 25 24
28 29 30 31
28 27 26 25
29 30 31 32
29 28 27 26
30 31 32 33
30 29 28 27
31 32 33 34
31 30 29 28
32 33 34 35
32 31 30 29
33 34 35 36
33 32 31 30
34 35 36 37
34 33 32 31
35 36 37 38
35 34 33 32
36 37 38 45
36 35 34 33
37 38 45 46
37 36 35 34
38 45 46 47
38 37 36 35
39 72 71 70
39 40 41 42
40 39 72 71
40 41 42 43
41 40 39 72
41 42 43 44
42 41 40 39
42 43 44 0
43 42 41 40
43 44 0 1
44 43 42 41
44 0 1 2
45 46 47 48
45 38 37 36
46 47 48 49
46 45 38 37
47 48 49 50
47 46 45 38
48 49 50 51
48 47 46 45
49 50 51 52
49 48 47 46
50 51 52 53
50 49 48 47
51 52 53 54
51 50 49 48
52 53 54 55
52 51 50 49
53 54 55 56
53 52 51 50
54 55 56 57
54 53 52 51
55 56 57 58
55 54 53 52
56 57 58 59
56 55 54 53
57 58 59 60
57 56 55 54
58 59 60 61
58 57 56 55
59 60 61 62
59 58 57 56
60 61 62 63
60 59 58 57
61 62 63 64
61 60 59 58
62 63 64 65
62 61 60 59
63 64 65 73
63 62 61 60
64 65 73 74
64 63 62 61
65 73 74 75
65 64 63 62
66 108 107 106
66 67 68 69
67 66 108 107
67 68 69 70
68 67 66 108
68 69 70 71
69 68 67 66
69 70 71 72
70 69 68 67
70 71 72 39
71 70 69 68
71 72 39 40
72 71 70 69
72 39 40 41
73 74 75 76
73 65 64 63
74 75 76 77
74 73 65 64
75 76 77 78
75 74 73 65
76 77 78 79
76 75 74 73
77 78 79 80
77 76 75 74
78 79 80 81
78 77 76 75
79 80 81 82
79 78 77 76
80 81 82 83
80 79 78 77
81 82 83 84
81 80 79 78
82 83 84 85
82 81 80 79
83 84 85 86
83 82 81 80
84 85 86 87
84 83 82 81
85 86 87 88
85 84 83 82
86 87 88 89
86 85 84 83
87 88 89 90
87 86 85 84
88 89 90 91
88 87 86 85
89 90 91 92
89 88 87 86
90 91 92 93
90 89 88 87
91 92 93 94
91 90 89 88
92 93 94 95
92 91 90 89
93 94 95 96
93 92 91 90
94 95 96 97
94 93 92 91
95 96 97 98
95 94 93 92
96 97 98 99
96 95 94 93
97 98 99 100
97 96 95 94
98 99 100 101
98 97 96 95
99 100 101 102
99 98 97 96
100 101 102 109
100 99 98 97
101 102 109 110
101 100 99 98
102 109 110 111
102 101 100 99
103 136 135 134
103 104 105 106
104 103 136 135
104 105 106 107
105 104 103 136
105 106 107 108
106 105 104 103
106 107 108 66
107 106 105 104
107 108 66 67
108 107 106 105
108 66 67 68
109 110 111 112
109 102 101 100
110 111 112 113
110 109 102 101
111 112 113 114
111 110 109 102
112 113 114 115
112 111 110 109
113 114 115 116
113 112 111 110
114 115 116 117
114 113 112 111
115 116 117 118
115 114 113 112
116 117 118 119
116 115 114 113
117 118 119 120
117 116 115 114
118 119 120 121
118 117 116 115
119 120 121 122
119 118 117 116
120 121 122 123
120 119 118 117
121 122 123 124
121 120 119 118
122 123 124 125
122 121 120 119
123 124 125 126
123 122 121 120
124 125 126 127
124 123 122 121
125 126 127 128
125 124 123 122
126 127 128 129
126 125 124 123
127 128 129 130
127 126 125 124
128 129 130 137
128 127 126 125
129 130 137 138
129 128 127 126
130 137 138 139
130 129 128 127
131 145 144 143
131 132 133 134
132 131 145 144
132 133 134 135
133 132 131 145
133 134 135 136
134 133 132 131
134 135 136 103
135 134 133 132
135 136 103 104
136 135 134 133
136 103 104 105
137 138 139 140
137 130 129 128
138 139 140 147
138 137 130 129
139 140 147 148
139 138 137 130
140 147 148 155
140 139 138 137
141 153 152 151
141 142 143 144
142 141 153 152
142 143 144 145
143 142 141 153
143 144 145 131
144 143 142 141
144 145 131 132
145 144 143 142
145 131 132 133
146 154 162 170
147 148 155 156
147 140 139 138
148 155 156 163
148 147 140 139
149 161 160 159
149 150 151 152
150 149 161 160
150 151 152 153
151 150 149 161
151 152 153 141
152 151 150 149
152 153 141 142
153 152 151 150
153 141 142 143
154 162 170 169
155 156 163 171
155 148 147 140
156 163 171 177
156 155 148 147
157 168 167 166
157 158 159 160
158 157 168 167
158 159 160 161
159 158 157 168
159 160 161 149
160 159 158 157
160 161 149 150
161 160 159 158
161 149 150 151
162 170 169 176
162 154 146 -1
163 171 177 183
163 156 155 148
164 175 174 173
164 165 166 167
165 164 175 174
165 166 167 168
166 165 164 175
166 167 168 157
167 166 165 164
167 168 157 158
168 167 166 165
168 157 158 159
169 176 182 189
169 170 162 154
170 169 176 182
170 162 154 146
171 177 183 190
171 163 156 155
172 181 180 179
172 173 174 175
173 172 181 180
173 174 175 164
174 173 172 181
174 175 164 165
175 174 173 172
175 164 165 166
176 182 189 188
176 169 170 162
177 183 190 196
177 171 163 156
178 187 186 185
178 179 180 181
179 178 187 186
179 180 181 172
180 179 178 187
180 181 172 173
181 180 179 178
181 172 173 174
182 189 188 195
182 176 169 170
183 190 196 201
183 177 171 163
184 194 193 192
184 185 186 187
185 184 194 193
185 186 187 178
186 185 184 194
186 187 178 179
187 186 185 184
187 178 179 180
188 195 200 207
188 189 182 176
189 188 195 200
189 182 176 169
190 196 201 208
190 183 177 171
191 199 198 197
191 192 193 194
192 191 199 198
192 193 194 184
193 192 191 199
193 194 184 185
194 193 192 191
194 184 185 186
195 200 207 206
195 188 189 182
196 201 208 213
196 190 183 177
197 205 204 203
197 198 199 191
198 197 205 204
198 199 191 192
199 198 197 205
199 191 192 193
200 207 206 212
200 195 188 189
201 208 213 218
201 196 190 183
202 211 210 209
202 203 204 205
203 202 211 210
203 204 205 197
204 203 202 211
204 205 197 198
205 204 203 202
205 197 198 199
206 212 217 222
206 207 200 195
207 206 212 217
207 200 195 188
208 213 218 223
208 201 196 190
209 216 215 214
209 210 211 202
210 209 216 215
210 211 202 203
211 210 209 216
211 202 203 204
212 217 222 227
212 206 207 200
213 218 223 228
213 208 201 196
214 221 220 219
214 215 216 209
215 214 221 220
215 216 209 210
216 215 214 221
216 209 210 211
217 222 227 231
217 212 206 207
218 223 228 232
218 213 208 201
219 226 225 224
219 220 221 214
220 219 226 225
220 221 214 215
221 220 219 226
221 214 215 216
222 227 231 235
222 217 212 206
223 228 232 236
223 218 213 208
224 230 229 234
224 225 226 219
225 224 230 229
225 226 219 220
226 225 224 230
226 219 220 221
227 231 235 240
227 222 217 212
228 232 236 241
228 223 218 213
229 234 233 238
229 230 224 225
230 229 234 233
230 224 225 226
231 235 240 239
231 227 222 217
232 236 241 245
232 228 223 218
233 238 237 243
233 234 229 230
234 233 238 237
234 229 230 224
235 240 239 244
235 231 227 222
236 241 245 249
236 232 228 223
237 243 242 247
237 238 233 234
238 237 243 242
238 233 234 229
239 244 248 252
239 240 235 231
240 239 244 248
240 235 231 227
241 245 249 253
241 236 232 228
242 247 246 251
242 243 237 238
243 242 247 246
243 237 238 233
244 248 252 257
244 239 240 235
245 249 253 258
245 241 236 232
246 251 250 255
246 247 242 243
247 246 251 250
247 242 243 237
248 252 257 256
248 244 239 240
249 253 258 262
249 245 241 236
250 255 254 260
250 251 246 247
251 250 255 254
251 246 247 242
252 257 256 261
252 248 244 239
253 258 262 266
253 249 245 241
254 260 259 264
254 255 250 251
255 254 260 259
255 250 251 246
256 261 265 269
256 257 252 248
257 256 261 265
257 252 248 244
258 262 266 270
258 253 249 245
259 264 263 268
259 260 254 255
260 259 264 263
260 254 255 250
261 265 269 273
261 256 257 252
262 266 270 274
262 258 253 249
263 268 267 272
263 264 259 260
264 263 268 267
264 259 260 254
265 269 273 276
265 261 256 257
266 270 274 277
266 262 258 253
267 272 271 275
267 268 263 264
268 267 272 271
268 263 264 259
269 273 276 279
269 265 261 256
270 274 277 280
270 266 262 258
271 275 278 282
271 272 267 268
272 271 275 278
272 267 268 263
273 276 279 283
273 269 265 261
274 277 280 284
274 270 266 262
275 278 282 281
275 271 272 267
276 279 283 287
276 273 269 265
277 280 284 288
277 274 270 266
278 282 281 286
278 275 271 272
279 283 287 291
279 276 273 269
280 284 288 292
280 277 274 270
281 286 285 289
281 282 278 275
282 281 286 285
282 278 275 271
283 287 291 290
283 279 276 273
284 288 292 295
284 280 277 274
285 289 293 297
285 286 281 282
286 285 289 293
286 281 282 278
287 291 290 294
287 283 279 276
288 292 295 299
288 284 280 277
289 293 297 296
289 285 286 281
290 294 298 301
290 291 287 283
291 290 294 298
291 287 283 279
292 295 299 302
292 288 284 280
293 297 296 300
293 289 285 286
294 298 301 304
294 290 291 287
295 299 302 305
295 292 288 284
296 300 303 307
296 297 293 289
297 296 300 303
297 293 289 285
298 301 304 309
298 294 290 291
299 302 305 310
299 295 292 288
300 303 307 306
300 296 297 293
301 304 309 308
301 298 294 290
302 305 310 313
302 299 295 292
303 307 306 311
303 300 296 297
304 309 308 312
304 301 298 294
305 310 313 317
305 302 299 295
306 311 315 314
306 307 303 300
307 306 311 315
307 303 300 296
308 312 316 319
308 309 304 301
309 308 312 316
309 304 301 298
310 313 317 320
310 305 302 299
311 315 314 318
311 306 307 303
312 316 319 322
312 308 309 304
313 317 320 323
313 310 305 302
314 318 321 324
314 315 311 306
315 314 318 321
315 311 306 307
316 319 322 325
316 312 308 309
317 320 323 326
317 313 310 305
318 321 324 327
318 314 315 311
319 322 325 328
319 316 312 308
320 323 326 329
320 317 313 310
321 324 327 330
321 318 314 315
322 325 328 331
322 319 316 312
323 326 329 332
323 320 317 313
324 327 330 333
324 321 318 314
325 328 331 334
325 322 319 316
326 329 332 335
326 323 320 317
327 330 333 337
327 324 321 318
328 331 334 338
328 325 322 319
329 332 335 339
329 326 323 320
330 333 337 336
330 327 324 321
331 334 338 341
331 328 325 322
332 335 339 342
332 329 326 323
333 337 336 340
333 330 327 324
334 338 341 344
334 331 328 325
335 339 342 345
335 332 329 326
336 340 343 346
336 337 333 330
337 336 340 343
337 333 330 327
338 341 344 347
338 334 331 328
339 342 345 348
339 335 332 329
340 343 346 349
340 336 337 333
341 344 347 350
341 338 334 331
342 345 348 351
342 339 335 332
343 346 349 352
343 340 336 337
344 347 350 353
344 341 338 334
345 348 351 354
345 342 339 335
346 349 352 355
346 343 340 336
347 350 353 356
347 344 341 338
348 351 354 357
348 345 342 339
349 352 355 358
349 346 343 340
350 353 356 360
350 347 344 341
351 354 357 361
351 348 345 342
352 355 358 362
352 349 346 343
353 356 360 359
353 350 347 344
354 357 361 364
354 351 348 345
355 358 362 366
355 352 349 346
356 360 359 363
356 353 350 347
357 361 364 368
357 354 351 348
358 362 366 365
358 355 352 349
359 363 367 370
359 360 356 353
360 359 363 367
360 356 353 350
361 364 368 371
361 357 354 351
362 366 365 369
362 358 355 352
363 367 370 373
363 359 360 356
364 368 371 374
364 361 357 354
365 369 372 375
365 366 362 358
366 365 369 372
366 362 358 355
367 370 373 376
367 363 359 360
368 371 374 377
368 364 361 357
369 372 375 378
369 365 366 362
370 373 376 379
370 367 363 359
371 374 377 380
371 368 364 361
372 375 378 381
372 369 365 366
373 376 379 382
373 370 367 363
374 377 380 383
374 371 368 364
375 378 381 384
375 372 369 365
376 379 382 385
376 373 370 367
377 380 383 386
377 374 371 368
378 381 384 387
378 375 372 369
379 382 385 388
379 376 373 370
380 383 386 389
380 377 374 371
381 384 387 390
381 378 375 372
382 385 388 391
382 379 376 373
383 386 389 392
383 380 377 374
384 387 390 393
384 381 378 375
385 388 391 394
385 382 379 376
386 389 392 395
386 383 380 377
387 390 393 397
387 384 381 378
388 391 394 398
388 385 382 379
389 392 395 399
389 386 383 380
390 393 397 396
390 387 384 381
391 394 398 401
391 388 385 382
392 395 399 402
392 389 386 383
393 397 396 400
393 390 387 384
394 398 401 404
394 391 388 385
395 399 402 405
395 392 389 386
396 400 403 407
396 397 393 390
397 396 400 403
397 393 390 387
398 401 404 408
398 394 391 388
399 402 405 406
399 395 392 389
400 403 407 410
400 396 397 393
401 404 408 411
401 398 394 391
402 405 406 409
402 399 395 392
403 407 410 413
403 400 396 397
404 408 411 414
404 401 398 394
405 406 409 412
405 402 399 395
406 409 412 415
406 405 402 399
407 410 413 416
407 403 400 396
408 411 414 417
408 404 401 398
409 412 415 418
409 406 405 402
410 413 416 420
410 407 403 400
411 414 417 421
411 408 404 401
412 415 418 419
412 409 406 405
413 416 420 423
413 410 407 403
414 417 421 424
414 411 408 404
415 418 419 422
415 412 409 406
416 420 423 426
416 413 410 407
417 421 424 427
417 414 411 408
418 419 422 425
418 415 412 409
419 422 425 428
419 418 415 412
420 423 426 429
420 416 413 410
421 424 427 430
421 417 414 411
422 425 428 431
422 419 418 415
423 426 429 432
423 420 416 413
424 427 430 433
424 421 417 414
425 428 431 434
425 422 419 418
426 429 432 435
426 423 420 416
427 430 433 436
427 424 421 417
428 431 434 437
428 425 422 419
429 432 435 438
429 426 423 420
430 433 436 439
430 427 424 421
431 434 437 440
431 428 425 422
432 435 438 441
432 429 426 423
433 436 439 442
433 430 427 424
434 437 440 443
434 431 428 425
435 438 441 445
435 432 429 426
436 439 442 446
436 433 430 427
437 440 443 447
437 434 431 428
438 441 445 444
438 435 432 429
439 442 446 449
439 436 433 430
440 443 447 450
440 437 434 431
441 445 444 448
441 438 435 432
442 446 449 452
442 439 436 433
443 447 450 453
443 440 437 434
444 448 451 456
444 445 441 438
445 444 448 451
445 441 438 435
446 449 452 457
446 442 439 436
447 450 453 454
447 443 440 437
448 451 456 455
448 444 445 441
449 452 457 460
449 446 442 439
450 453 454 458
450 447 443 440
451 456 455 459
451 448 444 445
452 457 460 463
452 449 446 442
453 454 458 461
453 450 447 443
454 458 461 464
454 453 450 447
455 459 462 465
455 456 451 448
456 455 459 462
456 451 448 444
457 460 463 466
457 452 449 446
458 461 464 467
458 454 453 450
459 462 465 469
459 455 456 451
460 463 466 470
460 457 452 449
461 464 467 468
461 458 454 453
462 465 469 472
462 459 455 456
463 466 470 473
463 460 457 452
464 467 468 471
464 461 458 454
465 469 472 475
465 462 459 455
466 470 473 476
466 463 460 457
467 468 471 474
467 464 461 458
468 471 474 477
468 467 464 461
469 472 475 478
469 465 462 459
470 473 476 479
470 466 463 460
471 474 477 480
471 468 467 464
472 475 478 481
472 469 465 462
473 476 479 482
473 470 466 463
474 477 480 484
474 471 468 467
475 478 481 485
475 472 469 465
476 479 482 483
476 473 470 466
477 480 484 487
477 474 471 468
478 481 485 488
478 475 472 469
479 482 483 486
479 476 473 470
480 484 487 490
480 477 474 471
481 485 488 491
481 478 475 472
482 483 486 489
482 479 476 473
483 486 489 492
483 482 479 476
484 487 490 493
484 480 477 474
485 488 491 494
485 481 478 475
486 489 492 495
486 483 482 479
487 490 493 496
487 484 480 477
488 491 494 497
488 485 481 478
489 492 495 498
489 486 483 482
490 493 496 499
490 487 484 480
491 494 497 500
491 488 485 481
492 495 498 501
492 489 486 483
493 496 499 502
493 490 487 484
494 497 500 505
494 491 488 485
495 498 501 506
495 492 489 486
496 499 502 503
496 493 490 487
497 500 505 504
497 494 491 488
498 501 506 509
498 495 492 489
499 502 503 507
499 496 493 490
500 505 504 508
500 497 494 491
501 506 509 512
501 498 495 492
502 503 507 510
502 499 496 493
503 507 510 513
503 502 499 496
504 508 511 514
504 505 500 497
505 504 508 511
505 500 497 494
506 509 512 515
506 501 498 495
507 510 513 517
507 503 502 499
508 511 514 519
508 504 505 500
509 512 515 516
509 506 501 498
510 513 517 518
510 507 503 502
511 514 519 522
511 508 504 505
512 515 516 520
512 509 506 501
513 517 518 521
513 510 507 503
514 519 522 525
514 511 508 504
515 516 520 523
515 512 509 506
516 520 523 526
516 515 512 509
517 518 521 524
517 513 510 507
518 521 524 527
518 517 513 510
519 522 525 528
519 514 511 508
520 523 526 529
520 516 515 512
521 524 527 530
521 518 517 513
522 525 528 531
522 519 514 511
523 526 529 532
523 520 516 515
524 527 530 534
524 521 518 517
525 528 531 535
525 522 519 514
526 529 532 533
526 523 520 516
527 530 534 537
527 524 521 518
528 531 535 538
528 525 522 519
529 532 533 536
529 526 523 520
530 534 537 540
530 527 524 521
531 535 538 541
531 528 525 522
532 533 536 539
532 529 526 523
533 536 539 542
533 532 529 526
534 537 540 543
534 530 527 524
535 538 541 544
535 531 528 525
536 539 542 545
536 533 532 529
537 540 543 547
537 534 530 527
538 541 544 548
538 535 531 528
539 542 545 546
539 536 533 532
540 543 547 550
540 537 534 530
541 544 548 551
541 538 535 531
542 545 546 549
542 539 536 533
543 547 550 553
543 540 537 534
544 548 551 555
544 541 538 535
545 546 549 552
545 542 539 536
546 549 552 556
546 545 542 539
547 550 553 554
547 543 540 537
548 551 555 558
548 544 541 538
549 552 556 559
549 546 545 542
550 553 554 557
550 547 543 540
551 555 558 561
551 548 544 541
552 556 559 562
552 549 546 545
553 554 557 560
553 550 547 543
554 557 560 563
554 553 550 547
555 558 561 565
555 551 548 544
556 559 562 566
556 552 549 546
557 560 563 567
557 554 553 550
558 561 565 564
558 555 551 548
559 562 566 574
559 556 552 549
560 563 567 568
560 557 554 553
561 565 564 569
561 558 555 551
562 566 574 585
562 559 556 552
563 567 568 575
563 560 557 554
564 569 576 587
564 565 561 558
565 564 569 576
565 561 558 555
566 574 585 593
566 562 559 556
567 568 575 586
567 563 560 557
568 575 586 594
568 567 563 560
569 576 587 595
569 564 565 561
570 580 579 578
570 571 572 573
571 570 580 579
571 572 573 581
572 573 581 582
572 571 570 580
573 581 582 583
573 572 571 570
574 585 593 600
574 566 562 559
575 586 594 601
575 568 567 563
576 587 595 602
576 569 564 565
577 589 588 597
577 578 579 580
578 577 589 588
578 579 580 570
579 578 577 589
579 580 570 571
580 579 578 577
580 570 571 572
581 582 583 584
581 573 572 571
582 583 584 590
582 581 573 572
583 584 590 591
583 582 581 573
584 590 591 592
584 583 582 581
585 593 600 607
585 574 566 562
586 594 601 608
586 575 568 567
587 595 602 609
587 576 569 564
588 597 596 604
588 589 577 578
589 588 597 596
589 577 578 579
590 591 592 598
590 584 583 582
591 592 598 599
591 590 584 583
592 598 599 605
592 591 590 584
593 600 607 614
593 585 574 566
594 601 608 615
594 586 575 568
595 602 609 616
595 587 576 569
596 604 603 611
596 597 588 589
597 596 604 603
597 588 589 577
598 599 605 606
598 592 591 590
599 605 606 612
599 598 592 591
600 607 614 621
600 593 585 574
601 608 615 622
601 594 586 575
602 609 616 623
602 595 587 576
603 611 610 618
603 604 596 597
604 603 611 610
604 596 597 588
605 606 612 613
605 599 598 592
606 612 613 619
606 605 599 598
607 614 621 628
607 600 593 585
608 615 622 629
608 601 594 586
609 616 623 630
609 602 595 587
610 618 617 625
610 611 603 604
611 610 618 617
611 603 604 596
612 613 619 620
612 606 605 599
613 619 620 626
613 612 606 605
614 621 628 635
614 607 600 593
615 622 629 637
615 608 601 594
616 623 630 638
616 609 602 595
617 625 624 632
617 618 610 611
618 617 625 624
618 610 611 603
619 620 626 627
619 613 612 606
620 626 627 633
620 619 613 612
621 628 635 636
621 614 607 600
622 629 637 643
622 615 608 601
623 630 638 644
623 616 609 602
624 632 631 640
624 625 617 618
625 624 632 631
625 617 618 610
626 627 633 634
626 620 619 613
627 633 634 641
627 626 620 619
628 635 636 642
628 621 614 607
629 637 643 649
629 622 615 608
630 638 644 651
630 623 616 609
631 640 639 645
631 632 624 625
632 631 640 639
632 624 625 617
633 634 641 646
633 627 626 620
634 641 646 647
634 633 627 626
635 636 642 648
635 628 621 614
636 642 648 655
636 635 628 621
637 643 649 650
637 629 622 615
638 644 651 658
638 630 623 616
639 645 652 660
639 640 631 632
640 639 645 652
640 631 632 624
641 646 647 653
641 634 633 627
642 648 655 656
642 636 635 628
643 649 650 657
643 637 629 622
644 651 658 664
644 638 630 623
645 652 660 659
645 639 640 631
646 647 653 654
646 641 634 633
647 653 654 661
647 646 641 634
648 655 656 662
648 642 636 635
649 650 657 663
649 643 637 629
650 657 663 669
650 649 643 637
651 658 664 670
651 644 638 630
652 660 659 665
652 645 639 640
653 654 661 666
653 647 646 641
654 661 666 667
654 653 647 646
655 656 662 668
655 648 642 636
656 662 668 674
656 655 648 642
657 663 669 675
657 650 649 643
658 664 670 677
658 651 644 638
659 665 672 671
659 660 652 645
660 659 665 672
660 652 645 639
661 666 667 673
661 654 653 647
662 668 674 680
662 656 655 648
663 669 675 676
663 657 650 649
664 670 677 682
664 658 651 644
665 672 671 678
665 659 660 652
666 667 673 679
666 661 654 653
667 673 679 684
667 666 661 654
668 674 680 685
668 662 656 655
669 675 676 681
669 663 657 650
670 677 682 687
670 664 658 651
671 678 683 688
671 672 665 659
672 671 678 683
672 665 659 660
673 679 684 689
673 667 666 661
674 680 685 690
674 668 662 656
675 676 681 686
675 669 663 657
676 681 686 691
676 675 669 663
677 682 687 692
677 670 664 658
678 683 688 693
678 671 672 665
679 684 689 694
679 673 667 666
680 685 690 695
680 674 668 662
681 686 691 696
681 676 675 669
682 687 692 697
682 677 670 664
683 688 693 699
683 678 671 672
684 689 694 700
684 679 673 667
685 690 695 701
685 680 674 668
686 691 696 702
686 681 676 675
687 692 697 703
687 682 677 670
688 693 699 698
688 683 678 671
689 694 700 705
689 684 679 673
690 695 701 706
690 685 680 674
691 696 702 707
691 686 681 676
692 697 703 708
692 687 682 677
693 699 698 704
693 688 683 678
694 700 705 710
694 689 684 679
695 701 706 711
695 690 685 680
696 702 707 712
696 691 686 681
697 703 708 713
697 692 687 682
698 704 709 714
698 699 693 688
699 698 704 709
699 693 688 683
700 705 710 715
700 694 689 684
701 706 711 716
701 695 690 685
702 707 712 717
702 696 691 686
703 708 713 718
703 697 692 687
704 709 714 719
704 698 699 693
705 710 715 720
705 700 694 689
706 711 716 721
706 701 695 690
707 712 717 723
707 702 696 691
708 713 718 724
708 703 697 692
709 714 719 726
709 704 698 699
710 715 720 727
710 705 700 694
711 716 721 722
711 706 701 695
712 717 723 729
712 707 702 696
713 718 724 730
713 708 703 697
714 719 726 725
714 709 704 698
715 720 727 732
715 710 705 700
716 721 722 728
716 711 706 701
717 723 729 736
717 712 707 702
718 724 730 738
718 713 708 703
719 726 725 731
719 714 709 704
720 727 732 733
720 715 710 705
721 722 728 734
721 716 711 706
722 728 734 735
722 721 716 711
723 729 736 737
723 717 712 707
724 730 738 744
724 718 713 708
725 731 740 739
725 726 719 714
726 725 731 740
726 719 714 709
727 732 733 741
727 720 715 710
728 734 735 742
728 722 721 716
729 736 737 743
729 723 717 712
730 738 744 750
730 724 718 713
731 740 739 745
731 725 726 719
732 733 741 746
732 727 720 715
733 741 746 752
733 732 727 720
734 735 742 747
734 728 722 721
735 742 747 748
735 734 728 722
736 737 743 749
736 729 723 717
737 743 749 754
737 736 729 723
738 744 750 755
738 730 724 718
739 745 751 756
739 740 731 725
740 739 745 751
740 731 725 726
741 746 752 757
741 733 732 727
742 747 748 753
742 735 734 728
743 749 754 759
743 737 736 729
744 750 755 761
744 738 730 724
745 751 756 762
745 739 740 731
746 752 757 763
746 741 733 732
747 748 753 758
747 742 735 734
748 753 758 765
748 747 742 735
749 754 759 760
749 743 737 736
750 755 761 767
750 744 738 730
751 756 762 768
751 745 739 740
752 757 763 764
752 746 741 733
753 758 765 770
753 748 747 742
754 759 760 766
754 749 743 737
755 761 767 772
755 750 744 738
756 762 768 773
756 751 745 739
757 763 764 769
757 752 746 741
758 765 770 775
758 753 748 747
759 760 766 771
759 754 749 743
760 766 771 776
760 759 754 749
761 767 772 777
761 755 750 744
762 768 773 778
762 756 751 745
763 764 769 774
763 757 752 746
764 769 774 779
764 763 757 752
765 770 775 781
765 758 753 748
766 771 776 782
766 760 759 754
767 772 777 783
767 761 755 750
768 773 778 784
768 762 756 751
769 774 779 780
769 764 763 757
770 775 781 786
770 765 758 753
771 776 782 787
771 766 760 759
772 777 783 788
772 767 761 755
773 778 784 793
773 768 762 756
774 779 780 785
774 769 764 763
775 781 786 790
775 770 765 758
776 782 787 791
776 771 766 760
777 783 788 792
777 772 767 761
778 784 793 799
778 773 768 762
779 780 785 789
779 774 769 764
780 785 789 794
780 779 774 769
781 786 790 795
781 775 770 765
782 787 791 796
782 776 771 766
783 788 792 798
783 777 772 767
784 793 799 804
784 778 773 768
785 789 794 800
785 780 779 774
786 790 795 801
786 781 775 770
787 791 796 802
787 782 776 771
788 792 798 797
788 783 777 772
789 794 800 805
789 785 780 779
790 795 801 806
790 786 781 775
791 796 802 808
791 787 782 776
792 798 797 803
792 788 783 777
793 799 804 810
793 784 778 773
794 800 805 811
794 789 785 780
795 801 806 807
795 790 786 781
796 802 808 813
796 791 787 782
797 803 809 814
797 798 792 788
798 797 803 809
798 792 788 783
799 804 810 815
799 793 784 778
800 805 811 816
800 794 789 785
801 806 807 812
801 795 790 786
802 808 813 819
802 796 791 787
803 809 814 821
803 797 798 792
804 810 815 822
804 799 793 784
805 811 816 817
805 800 794 789
806 807 812 818
806 801 795 790
807 812 818 824
807 806 801 795
808 813 819 820
808 802 796 791
809 814 821 826
809 803 797 798
810 815 822 828
810 804 799 793
811 816 817 823
811 805 800 794
812 818 824 830
812 807 806 801
813 819 820 825
813 808 802 796
814 821 826 832
814 809 803 797
815 822 828 827
815 810 804 799
816 817 823 829
816 811 805 800
817 823 829 834
817 816 811 805
818 824 830 835
818 812 807 806
819 820 825 831
819 813 808 802
820 825 831 836
820 819 813 808
821 826 832 837
821 814 809 803
822 828 827 833
822 815 810 804
823 829 834 839
823 817 816 811
824 830 835 840
824 818 812 807
825 831 836 841
825 820 819 813
826 832 837 843
826 821 814 809
827 833 838 844
827 828 822 815
828 827 833 838
828 822 815 810
829 834 839 845
829 823 817 816
830 835 840 846
830 824 818 812
831 836 841 842
831 825 820 819
832 837 843 849
832 826 821 814
833 838 844 850
833 827 828 822
834 839 845 851
834 829 823 817
835 840 846 847
835 830 824 818
836 841 842 848
836 831 825 820
837 843 849 854
837 832 826 821
838 844 850 855
838 833 827 828
839 845 851 856
839 834 829 823
840 846 847 852
840 835 830 824
841 842 848 853
841 836 831 825
842 848 853 859
842 841 836 831
843 849 854 860
843 837 832 826
844 850 855 861
844 838 833 827
845 851 856 862
845 839 834 829
846 847 852 857
846 840 835 830
847 852 857 858
847 846 840 835
848 853 859 864
848 842 841 836
849 854 860 865
849 843 837 832
850 855 861 866
850 844 838 833
851 856 862 867
851 845 839 834
852 857 858 863
852 847 846 840
853 859 864 870
853 848 842 841
854 860 865 871
854 849 843 837
855 861 866 872
855 850 844 838
856 862 867 873
856 851 845 839
857 858 863 868
857 852 847 846
858 863 868 869
858 857 852 847
859 864 870 875
859 853 848 842
860 865 871 876
860 854 849 843
861 866 872 877
861 855 850 844
862 867 873 878
862 856 851 845
863 868 869 874
863 858 857 852
864 870 875 881
864 859 853 848
865 871 876 882
865 860 854 849
866 872 877 883
866 861 855 850
867 873 878 884
867 862 856 851
868 869 874 879
868 863 858 857
869 874 879 880
869 868 863 858
870 875 881 886
870 864 859 853
871 876 882 887
871 865 860 854
872 877 883 888
872 866 861 855
873 878 884 889
873 867 862 856
874 879 880 885
874 869 868 863
875 881 886 891
875 870 864 859
876 882 887 892
876 871 865 860
877 883 888 893
877 872 866 861
878 884 889 894
878 873 867 862
879 880 885 890
879 874 869 868
880 885 890 895
880 879 874 869
881 886 891 897
881 875 870 864
882 887 892 898
882 876 871 865
883 888 893 899
883 877 872 866
884 889 894 900
884 878 873 867
885 890 895 896
885 880 879 874
886 891 897 902
886 881 875 870
887 892 898 903
887 882 876 871
888 893 899 904
888 883 877 872
889 894 900 905
889 884 878 873
890 895 896 901
890 885 880 879
891 897 902 908
891 886 881 875
892 898 903 909
892 887 882 876
893 899 904 910
893 888 883 877
894 900 905 911
894 889 884 878
895 896 901 906
895 890 885 880
896 901 906 907
896 895 890 885
897 902 908 913
897 891 886 881
898 903 909 914
898 892 887 882
899 904 910 915
899 893 888 883
900 905 911 916
900 894 889 884
901 906 907 912
901 896 895 890
902 908 913 918
902 897 891 886
903 909 914 919
903 898 892 887
904 910 915 920
904 899 893 888
905 911 916 921
905 900 894 889
906 907 912 917
906 901 896 895
907 912 917 922
907 906 901 896
908 913 918 924
908 902 897 891
909 914 919 925
909 903 898 892
910 915 920 927
910 904 899 893
911 916 921 928
911 905 900 894
912 917 922 923
912 907 906 901
913 918 924 930
913 908 902 897
914 919 925 931
914 909 903 898
915 920 927 926
915 910 904 899
916 921 928 933
916 911 905 900
917 922 923 929
917 912 907 906
918 924 930 936
918 913 908 902
919 925 931 937
919 914 909 903
920 927 926 932
920 915 910 904
921 928 933 939
921 916 911 905
922 923 929 934
922 917 912 907
923 929 934 935
923 922 917 912
924 930 936 941
924 918 913 908
925 931 937 942
925 919 914 909
926 932 938 943
926 927 920 915
927 926 932 938
927 920 915 910
928 933 939 944
928 921 916 911
929 934 935 940
929 923 922 917
930 936 941 946
930 924 918 913
931 937 942 947
931 925 919 914
932 938 943 948
932 926 927 920
933 939 944 949
933 928 921 916
934 935 940 945
934 929 923 922
935 940 945 950
935 934 929 923
936 941 946 952
936 930 924 918
937 942 947 953
937 931 925 919
938 943 948 954
938 932 926 927
939 944 949 955
939 933 928 921
940 945 950 951
940 935 934 929
941 946 952 957
941 936 930 924
942 947 953 958
942 937 931 925
943 948 954 959
943 938 932 926
944 949 955 960
944 939 933 928
945 950 951 956
945 940 935 934
946 952 957 962
946 941 936 930
947 953 958 963
947 942 937 931
948 954 959 965
948 943 938 932
949 955 960 966
949 944 939 933
950 951 956 961
950 945 940 935
951 956 961 967
951 950 945 940
952 957 962 969
952 946 941 936
953 958 963 970
953 947 942 937
954 959 965 964
954 948 943 938
955 960 966 972
955 949 944 939
956 961 967 968
956 951 950 945
957 962 969 974
957 952 946 941
958 963 970 975
958 953 947 942
959 965 964 971
959 954 948 943
960 966 972 977
960 955 949 944
961 967 968 973
961 956 951 950
962 969 974 980
962 957 952 946
963 970 975 981
963 958 953 947
964 971 976 982
964 965 959 954
965 964 971 976
965 959 954 948
966 972 977 983
966 960 955 949
967 968 973 978
967 961 956 951
968 973 978 979
968 967 961 956
969 974 980 985
969 962 957 952
970 975 981 986
970 963 958 953
971 976 982 987
971 964 965 959
972 977 983 988
972 966 960 955
973 978 979 984
973 968 967 961
974 980 985 990
974 969 962 957
975 981 986 991
975 970 963 958
976 982 987 992
976 971 964 965
977 983 988 993
977 972 966 960
978 979 984 989
978 973 968 967
979 984 989 994
979 978 973 968
980 985 990 996
980 974 969 962
981 986 991 997
981 975 970 963
982 987 992 998
982 976 971 964
983 988 993 999
983 977 972 966
984 989 994 995
984 979 978 973
985 990 996 1001
985 980 974 969
986 991 997 1002
986 981 975 970
987 992 998 1003
987 982 976 971
988 993 999 1004
988 983 977 972
989 994 995 1000
989 984 979 978
990 996 1001 1006
990 985 980 974
991 997 1002 1007
991 986 981 975
992 998 1003 1008
992 987 982 976
993 999 1004 1009
993 988 983 977
994 995 1000 1005
994 989 984 979
995 1000 1005 1010
995 994 989 984
996 1001 1006 1012
996 990 985 980
997 1002 1007 1013
997 991 986 981
998 1003 1008 1014
998 992 987 982
999 1004 1009 1015
999 993 988 983
1000 1005 1010 1011
1000 995 994 989
1001 1006 1012 1018
1001 996 990 985
1002 1007 1013 1019
1002 997 991 986
1003 1008 1014 1020
1003 998 992 987
1004 1009 1015 1021
1004 999 993 988
1005 1010 1011 1016
1005 1000 995 994
1006 1012 1018 1023
1006 1001 996 990
1007 1013 1019 1024
1007 1002 997 991
1008 1014 1020 1025
1008 1003 998 992
1009 1015 1021 1026
1009 1004 999 993
1010 1011 1016 1017
1010 1005 1000 995
1011 1016 1017 1022
1011 1010 1005 1000
1012 1018 1023 1029
1012 1006 1001 996
1013 1019 1024 1030
1013 1007 1002 997
1014 1020 1025 1031
1014 1008 1003 998
1015 1021 1026 1032
1015 1009 1004 999
1016 1017 1022 1027
1016 1011 1010 1005
1017 1022 1027 1028
1017 1016 1011 1010
1018 1023 1029 1035
1018 1012 1006 1001
1019 1024 1030 1036
1019 1013 1007 1002
1020 1025 1031 1037
1020 1014 1008 1003
1021 1026 1032 1038
1021 1015 1009 1004
1022 1027 1028 1033
1022 1017 1016 1011
1023 1029 1035 1040
1023 1018 1012 1006
1024 1030 1036 1041
1024 1019 1013 1007
1025 1031 1037 1042
1025 1020 1014 1008
1026 1032 1038 1043
1026 1021 1015 1009
1027 1028 1033 1034
1027 1022 1017 1016
1028 1033 1034 1039
1028 1027 1022 1017
1029 1035 1040 1046
1029 1023 1018 1012
1030 1036 1041 1047
1030 1024 1019 1013
1031 1037 1042 1048
1031 1025 1020 1014
1032 1038 1043 1049
1032 1026 1021 1015
1033 1034 1039 1044
1033 1028 1027 1022
1034 1039 1044 1045
1034 1033 1028 1027
1035 1040 1046 1052
1035 1029 1023 1018
1036 1041 1047 1053
1036 1030 1024 1019
1037 1042 1048 1054
1037 1031 1025 1020
1038 1043 1049 1055
1038 1032 1026 1021
1039 1044 1045 1050
1039 1034 1033 1028
1040 1046 1052 1057
1040 1035 1029 1023
1041 1047 1053 1058
1041 1036 1030 1024
1042 1048 1054 1059
1042 1037 1031 1025
1043 1049 1055 1060
1043 1038 1032 1026
1044 1045 1050 1051
1044 1039 1034 1033
1045 1050 1051 1056
1045 1044 1039 1034
1046 1052 1057 1062
1046 1040 1035 1029
1047 1053 1058 1063
1047 1041 1036 1030
1048 1054 1059 1064
1048 1042 1037 1031
1049 1055 1060 1065
1049 1043 1038 1032
1050 1051 1056 1061
1050 1045 1044 1039
1051 1056 1061 1066
1051 1050 1045 1044
1052 1057 1062 1068
1052 1046 1040 1035
1053 1058 1063 1069
1053 1047 1041 1036
1054 1059 1064 1070
1054 1048 1042 1037
1055 1060 1065 1071
1055 1049 1043 1038
1056 1061 1066 1067
1056 1051 1050 1045
1057 1062 1068 1074
1057 1052 1046 1040
1058 1063 1069 1075
1058 1053 1047 1041
1059 1064 1070 1076
1059 1054 1048 1042
1060 1065 1071 1077
1060 1055 1049 1043
1061 1066 1067 1072
1061 1056 1051 1050
1062 1068 1074 1079
1062 1057 1052 1046
1063 1069 1075 1080
1063 1058 1053 1047
1064 1070 1076 1081
1064 1059 1054 1048
1065 1071 1077 1082
1065 1060 1055 1049
1066 1067 1072 1073
1066 1061 1056 1051
1067 1072 1073 1078
1067 1066 1061 1056
1068 1074 1079 1084
1068 1062 1057 1052
1069 1075 1080 1085
1069 1063 1058 1053
1070 1076 1081 1086
1070 1064 1059 1054
1071 1077 1082 1087
1071 1065 1060 1055
1072 1073 1078 1083
1072 1067 1066 1061
1073 1078 1083 1088
1073 1072 1067 1066
1074 1079 1084 1090
1074 1068 1062 1057
1075 1080 1085 1091
1075 1069 1063 1058
1076 1081 1086 1092
1076 1070 1064 1059
1077 1082 1087 1093
1077 1071 1065 1060
1078 1083 1088 1089
1078 1073 1072 1067
1079 1084 1090 1096
1079 1074 1068 1062
1080 1085 1091 1097
1080 1075 1069 1063
1081 1086 1092 1098
1081 1076 1070 1064
1082 1087 1093 1099
1082 1077 1071 1065
1083 1088 1089 1094
1083 1078 1073 1072
1084 1090 1096 1101
1084 1079 1074 1068
1085 1091 1097 1102
1085 1080 1075 1069
1086 1092 1098 1103
1086 1081 1076 1070
1087 1093 1099 1104
1087 1082 1077 1071
1088 1089 1094 1095
1088 1083 1078 1073
1089 1094 1095 1100
1089 1088 1083 1078
1090 1096 1101 1106
1090 1084 1079 1074
1091 1097 1102 1107
1091 1085 1080 1075
1092 1098 1103 1108
1092 1086 1081 1076
1093 1099 1104 1109
1093 1087 1082 1077
1094 1095 1100 1105
1094 1089 1088 1083
1095 1100 1105 1110
1095 1094 1089 1088
1096 1101 1106 1112
1096 1090 1084 1079
1097 1102 1107 1113
1097 1091 1085 1080
1098 1103 1108 1114
1098 1092 1086 1081
1099 1104 1109 1115
1099 1093 1087 1082
1100 1105 1110 1111
1100 1095 1094 1089
1101 1106 1112 1118
1101 1096 1090 1084
1102 1107 1113 1119
1102 1097 1091 1085
1103 1108 1114 1120
1103 1098 1092 1086
1104 1109 1115 1121
1104 1099 1093 1087
1105 1110 1111 1116
1105 1100 1095 1094
1106 1112 1118 1123
1106 1101 1096 1090
1107 1113 1119 1124
1107 1102 1097 1091
1108 1114 1120 1125
1108 1103 1098 1092
1109 1115 1121 1126
1109 1104 1099 1093
1110 1111 1116 1117
1110 1105 1100 1095
1111 1116 1117 1122
1111 1110 1105 1100
1112 1118 1123 1129
1112 1106 1101 1096
1113 1119 1124 1130
1113 1107 1102 1097
1114 1120 1125 1131
1114 1108 1103 1098
1115 1121 1126 1132
1115 1109 1104 1099
1116 1117 1122 1127
1116 1111 1110 1105
1117 1122 1127 1128
1117 1116 1111 1110
1118 1123 1129 1135
1118 1112 1106 1101
1119 1124 1130 1136
1119 1113 1107 1102
1120 1125 1131 1137
1120 1114 1108 1103
1121 1126 1132 1138
1121 1115 1109 1104
1122 1127 1128 1133
1122 1117 1116 1111
1123 1129 1135 1140
1123 1118 1112 1106
1124 1130 1136 1141
1124 1119 1113 1107
1125 1131 1137 1142
1125 1120 1114 1108
1126 1132 1138 1143
1126 1121 1115 1109
1127 1128 1133 1134
1127 1122 1117 1116
1128 1133 1134 1139
1128 1127 1122 1117
1129 1135 1140 1145
1129 1123 1118 1112
1130 1136 1141 1146
1130 1124 1119 1113
1131 1137 1142 1147
1131 1125 1120 1114
1132 1138 1143 1148
1132 1126 1121 1115
1133 1134 1139 1144
1133 1128 1127 1122
1134 1139 1144 1149
1134 1133 1128 1127
1135 1140 1145 1151
1135 1129 1123 1118
1136 1141 1146 1152
1136 1130 1124 1119
1137 1142 1147 1153
1137 1131 1125 1120
1138 1143 1148 1154
1138 1132 1126 1121
1139 1144 1149 1150
1139 1134 1133 1128
1140 1145 1151 1157
1140 1135 1129 1123
1141 1146 1152 1158
1141 1136 1130 1124
1142 1147 1153 1159
1142 1137 1131 1125
1143 1148 1154 1160
1143 1138 1132 1126
1144 1149 1150 1155
1144 1139 1134 1133
1145 1151 1157 1162
1145 1140 1135 1129
1146 1152 1158 1163
1146 1141 1136 1130
1147 1153 1159 1164
1147 1142 1137 1131
1148 1154 1160 1165
1148 1143 1138 1132
1149 1150 1155 1156
1149 1144 1139 1134
1150 1155 1156 1161
1150 1149 1144 1139
1151 1157 1162 1167
1151 1145 1140 1135
1152 1158 1163 1168
1152 1146 1141 1136
1153 1159 1164 1169
1153 1147 1142 1137
1154 1160 1165 1170
1154 1148 1143 1138
1155 1156 1161 1166
1155 1150 1149 1144
1156 1161 1166 1171
1156 1155 1150 1149
1157 1162 1167 1172
1157 1151 1145 1140
1158 1163 1168 1173
1158 1152 1146 1141
1159 1164 1169 1174
1159 1153 1147 1142
1160 1165 1170 1175
1160 1154 1148 1143
1161 1166 1171 1177
1161 1156 1155 1150
1162 1167 1172 1178
1162 1157 1151 1145
1163 1168 1173 1179
1163 1158 1152 1146
1164 1169 1174 1180
1164 1159 1153 1147
1165 1170 1175 1181
1165 1160 1154 1148
1166 1171 1177 1176
1166 1161 1156 1155
1167 1172 1178 1183
1167 1162 1157 1151
1168 1173 1179 1184
1168 1163 1158 1152
1169 1174 1180 1185
1169 1164 1159 1153
1170 1175 1181 1186
1170 1165 1160 1154
1171 1177 1176 1182
1171 1166 1161 1156
1172 1178 1183 1189
1172 1167 1162 1157
1173 1179 1184 1190
1173 1168 1163 1158
1174 1180 1185 1191
1174 1169 1164 1159
1175 1181 1186 1192
1175 1170 1165 1160
1176 1182 1188 1187
1176 1177 1171 1166
1177 1176 1182 1188
1177 1171 1166 1161
1178 1183 1189 1194
1178 1172 1167 1162
1179 1184 1190 1195
1179 1173 1168 1163
1180 1185 1191 1196
1180 1174 1169 1164
1181 1186 1192 1197
1181 1175 1170 1165
1182 1188 1187 1193
1182 1176 1177 1171
1183 1189 1194 1200
1183 1178 1172 1167
1184 1190 1195 1201
1184 1179 1173 1168
1185 1191 1196 1202
1185 1180 1174 1169
1186 1192 1197 1203
1186 1181 1175 1170
1187 1193 1199 1198
1187 1188 1182 1176
1188 1187 1193 1199
1188 1182 1176 1177
1189 1194 1200 1206
1189 1183 1178 1172
1190 1195 1201 1207
1190 1184 1179 1173
1191 1196 1202 1208
1191 1185 1180 1174
1192 1197 1203 1209
1192 1186 1181 1175
1193 1199 1198 1205
1193 1187 1188 1182
1194 1200 1206 1211
1194 1189 1183 1178
1195 1201 1207 1212
1195 1190 1184 1179
1196 1202 1208 1213
1196 1191 1185 1180
1197 1203 1209 1214
1197 1192 1186 1181
1198 1205 1204 1210
1198 1199 1193 1187
1199 1198 1205 1204
1199 1193 1187 1188
1200 1206 1211 1217
1200 1194 1189 1183
1201 1207 1212 1218
1201 1195 1190 1184
1202 1208 1213 1219
1202 1196 1191 1185
1203 1209 1214 1220
1203 1197 1192 1186
1204 1210 1216 1215
1204 1205 1198 1199
1205 1204 1210 1216
1205 1198 1199 1193
1206 1211 1217 1223
1206 1200 1194 1189
1207 1212 1218 1224
1207 1201 1195 1190
1208 1213 1219 1225
1208 1202 1196 1191
1209 1214 1220 1226
1209 1203 1197 1192
1210 1216 1215 1222
1210 1204 1205 1198
1211 1217 1223 1228
1211 1206 1200 1194
1212 1218 1224 1229
1212 1207 1201 1195
1213 1219 1225 1230
1213 1208 1202 1196
1214 1220 1226 1231
1214 1209 1203 1197
1215 1222 1221 1227
1215 1216 1210 1204
1216 1215 1222 1221
1216 1210 1204 1205
1217 1223 1228 1234
1217 1211 1206 1200
1218 1224 1229 1235
1218 1212 1207 1201
1219 1225 1230 1236
1219 1213 1208 1202
1220 1226 1231 1237
1220 1214 1209 1203
1221 1227 1233 1232
1221 1222 1215 1216
1222 1221 1227 1233
1222 1215 1216 1210
1223 1228 1234 1240
1223 1217 1211 1206
1224 1229 1235 1241
1224 1218 1212 1207
1225 1230 1236 1242
1225 1219 1213 1208
1226 1231 1237 1243
1226 1220 1214 1209
1227 1233 1232 1239
1227 1221 1222 1215
1228 1234 1240 1245
1228 1223 1217 1211
1229 1235 1241 1246
1229 1224 1218 1212
1230 1236 1242 1247
1230 1225 1219 1213
1231 1237 1243 1248
1231 1226 1220 1214
1232 1239 1238 1244
1232 1233 1227 1221
1233 1232 1239 1238
1233 1227 1221 1222
1234 1240 1245 1250
1234 1228 1223 1217
1235 1241 1246 1251
1235 1229 1224 1218
1236 1242 1247 1252
1236 1230 1225 1219
1237 1243 1248 1253
1237 1231 1226 1220
1238 1244 1249 1255
1238 1239 1232 1233
1239 1238 1244 1249
1239 1232 1233 1227
1240 1245 1250 1256
1240 1234 1228 1223
1241 1246 1251 1257
1241 1235 1229 1224
1242 1247 1252 1258
1242 1236 1230 1225
1243 1248 1253 1259
1243 1237 1231 1226
1244 1249 1255 1254
1244 1238 1239 1232
1245 1250 1256 1261
1245 1240 1234 1228
1246 1251 1257 1262
1246 1241 1235 1229
1247 1252 1258 1263
1247 1242 1236 1230
1248 1253 1259 1264
1248 1243 1237 1231
1249 1255 1254 1260
1249 1244 1238 1239
1250 1256 1261 1266
1250 1245 1240 1234
1251 1257 1262 1267
1251 1246 1241 1235
1252 1258 1263 1268
1252 1247 1242 1236
1253 1259 1264 1269
1253 1248 1243 1237
1254 1260 1265 1271
1254 1255 1249 1244
1255 1254 1260 1265
1255 1249 1244 1238
1256 1261 1266 1272
1256 1250 1245 1240
1257 1262 1267 1273
1257 1251 1246 1241
1258 1263 1268 1274
1258 1252 1247 1242
1259 1264 1269 1275
1259 1253 1248 1243
1260 1265 1271 1270
1260 1254 1255 1249
1261 1266 1272 1278
1261 1256 1250 1245
1262 1267 1273 1279
1262 1257 1251 1246
1263 1268 1274 1280
1263 1258 1252 1247
1264 1269 1275 1281
1264 1259 1253 1248
1265 1271 1270 1276
1265 1260 1254 1255
1266 1272 1278 1277
1266 1261 1256 1250
1267 1273 1279 1284
1267 1262 1257 1251
1268 1274 1280 1285
1268 1263 1258 1252
1269 1275 1281 1286
1269 1264 1259 1253
1270 1276 1282 1288
1270 1271 1265 1260
1271 1270 1276 1282
1271 1265 1260 1254
1272 1278 1277 1283
1272 1266 1261 1256
1273 1279 1284 1290
1273 1267 1262 1257
1274 1280 1285 1291
1274 1268 1263 1258
1275 1281 1286 1292
1275 1269 1264 1259
1276 1282 1288 1287
1276 1270 1271 1265
1277 1283 1289 1294
1277 1278 1272 1266
1278 1277 1283 1289
1278 1272 1266 1261
1279 1284 1290 1295
1279 1273 1267 1262
1280 1285 1291 1296
1280 1274 1268 1263
1281 1286 1292 1297
1281 1275 1269 1264
1282 1288 1287 1293
1282 1276 1270 1271
1283 1289 1294 1300
1283 1277 1278 1272
1284 1290 1295 1301
1284 1279 1273 1267
1285 1291 1296 1302
1285 1280 1274 1268
1286 1292 1297 1303
1286 1281 1275 1269
1287 1293 1299 1298
1287 1288 1282 1276
1288 1287 1293 1299
1288 1282 1276 1270
1289 1294 1300 1305
1289 1283 1277 1278
1290 1295 1301 1306
1290 1284 1279 1273
1291 1296 1302 1307
1291 1285 1280 1274
1292 1297 1303 1308
1292 1286 1281 1275
1293 1299 1298 1304
1293 1287 1288 1282
1294 1300 1305 1310
1294 1289 1283 1277
1295 1301 1306 1311
1295 1290 1284 1279
1296 1302 1307 1312
1296 1291 1285 1280
1297 1303 1308 1313
1297 1292 1286 1281
1298 1304 1309 1315
1298 1299 1293 1287
1299 1298 1304 1309
1299 1293 1287 1288
1300 1305 1310 1316
1300 1294 1289 1283
1301 1306 1311 1317
1301 1295 1290 1284
1302 1307 1312 1318
1302 1296 1291 1285
1303 1308 1313 1319
1303 1297 1292 1286
1304 1309 1315 1314
1304 1298 1299 1293
1305 1310 1316 1321
1305 1300 1294 1289
1306 1311 1317 1322
1306 1301 1295 1290
1307 1312 1318 1323
1307 1302 1296 1291
1308 1313 1319 1324
1308 1303 1297 1292
1309 1315 1314 1320
1309 1304 1298 1299
1310 1316 1321 1327
1310 1305 1300 1294
1311 1317 1322 1328
1311 1306 1301 1295
1312 1318 1323 1329
1312 1307 1302 1296
1313 1319 1324 1330
1313 1308 1303 1297
1314 1320 1326 1325
1314 1315 1309 1304
1315 1314 1320 1326
1315 1309 1304 1298
1316 1321 1327 1333
1316 1310 1305 1300
1317 1322 1328 1334
1317 1311 1306 1301
1318 1323 1329 1335
1318 1312 1307 1302
1319 1324 1330 1336
1319 1313 1308 1303
1320 1326 1325 1332
1320 1314 1315 1309
1321 1327 1333 1338
1321 1316 1310 1305
1322 1328 1334 1339
1322 1317 1311 1306
1323 1329 1335 1340
1323 1318 1312 1307
1324 1330 1336 1341
1324 1319 1313 1308
1325 1332 1331 1337
1325 1326 1320 1314
1326 1325 1332 1331
1326 1320 1314 1315
1327 1333 1338 1344
1327 1321 1316 1310
1328 1334 1339 1345
1328 1322 1317 1311
1329 1335 1340 1346
1329 1323 1318 1312
1330 1336 1341 1347
1330 1324 1319 1313
1331 1337 1343 1342
1331 1332 1325 1326
1332 1331 1337 1343
1332 1325 1326 1320
1333 1338 1344 1349
1333 1327 1321 1316
1334 1339 1345 1350
1334 1328 1322 1317
1335 1340 1346 1351
1335 1329 1323 1318
1336 1341 1347 1352
1336 1330 1324 1319
1337 1343 1342 1348
1337 1331 1332 1325
1338 1344 1349 1354
1338 1333 1327 1321
1339 1345 1350 1355
1339 1334 1328 1322
1340 1346 1351 1356
1340 1335 1329 1323
1341 1347 1352 1357
1341 1336 1330 1324
1342 1348 1353 1359
1342 1343 1337 1331
1343 1342 1348 1353
1343 1337 1331 1332
1344 1349 1354 1360
1344 1338 1333 1327
1345 1350 1355 1361
1345 1339 1334 1328
1346 1351 1356 1362
1346 1340 1335 1329
1347 1352 1357 1363
1347 1341 1336 1330
1348 1353 1359 1358
1348 1342 1343 1337
1349 1354 1360 1365
1349 1344 1338 1333
1350 1355 1361 1366
1350 1345 1339 1334
1351 1356 1362 1367
1351 1346 1340 1335
1352 1357 1363 1368
1352 1347 1341 1336
1353 1359 1358 1364
1353 1348 1342 1343
1354 1360 1365 1371
1354 1349 1344 1338
1355 1361 1366 1372
1355 1350 1345 1339
1356 1362 1367 1373
1356 1351 1346 1340
1357 1363 1368 1374
1357 1352 1347 1341
1358 1364 1370 1369
1358 1359 1353 1348
1359 1358 1364 1370
1359 1353 1348 1342
1360 1365 1371 1376
1360 1354 1349 1344
1361 1366 1372 1377
1361 1355 1350 1345
1362 1367 1373 1378
1362 1356 1351 1346
1363 1368 1374 1379
1363 1357 1352 1347
1364 1370 1369 1375
1364 1358 1359 1353
1365 1371 1376 1381
1365 1360 1354 1349
1366 1372 1377 1382
1366 1361 1355 1350
1367 1373 1378 1383
1367 1362 1356 1351
1368 1374 1379 1384
1368 1363 1357 1352
1369 1375 1380 1386
1369 1370 1364 1358
1370 1369 1375 1380
1370 1364 1358 1359
1371 1376 1381 1387
1371 1365 1360 1354
1372 1377 1382 1388
1372 1366 1361 1355
1373 1378 1383 1389
1373 1367 1362 1356
1374 1379 1384 1390
1374 1368 1363 1357
1375 1380 1386 1385
1375 1369 1370 1364
1376 1381 1387 1392
1376 1371 1365 1360
1377 1382 1388 1393
1377 1372 1366 1361
1378 1383 1389 1394
1378 1373 1367 1362
1379 1384 1390 1395
1379 1374 1368 1363
1380 1386 1385 1391
1380 1375 1369 1370
1381 1387 1392 1398
1381 1376 1371 1365
1382 1388 1393 1399
1382 1377 1372 1366
1383 1389 1394 1400
1383 1378 1373 1367
1384 1390 1395 1401
1384 1379 1374 1368
1385 1391 1397 1396
1385 1386 1380 1375
1386 1385 1391 1397
1386 1380 1375 1369
1387 1392 1398 1403
1387 1381 1376 1371
1388 1393 1399 1404
1388 1382 1377 1372
1389 1394 1400 1405
1389 1383 1378 1373
1390 1395 1401 1406
1390 1384 1379 1374
1391 1397 1396 1402
1391 1385 1386 1380
1392 1398 1403 1409
1392 1387 1381 1376
1393 1399 1404 1410
1393 1388 1382 1377
1394 1400 1405 1411
1394 1389 1383 1378
1395 1401 1406 1412
1395 1390 1384 1379
1396 1402 1408 1407
1396 1397 1391 1385
1397 1396 1402 1408
1397 1391 1385 1386
1398 1403 1409 1414
1398 1392 1387 1381
1399 1404 1410 1415
1399 1393 1388 1382
1400 1405 1411 1416
1400 1394 1389 1383
1401 1406 1412 1417
1401 1395 1390 1384
1402 1408 1407 1413
1402 1396 1397 1391
1403 1409 1414 1419
1403 1398 1392 1387
1404 1410 1415 1420
1404 1399 1393 1388
1405 1411 1416 1421
1405 1400 1394 1389
1406 1412 1417 1422
1406 1401 1395 1390
1407 1413 1418 1423
1407 1408 1402 1396
1408 1407 1413 1418
1408 1402 1396 1397
1409 1414 1419 1424
1409 1403 1398 1392
1410 1415 1420 1425
1410 1404 1399 1393
1411 1416 1421 1426
1411 1405 1400 1394
1412 1417 1422 1427
1412 1406 1401 1395
1413 1418 1423 1428
1413 1407 1408 1402
1414 1419 1424 1430
1414 1409 1403 1398
1415 1420 1425 1431
1415 1410 1404 1399
1416 1421 1426 1432
1416 1411 1405 1400
1417 1422 1427 1433
1417 1412 1406 1401
1418 1423 1428 1434
1418 1413 1407 1408
1419 1424 1430 1429
1419 1414 1409 1403
1420 1425 1431 1436
1420 1415 1410 1404
1421 1426 1432 1437
1421 1416 1411 1405
1422 1427 1433 1438
1422 1417 1412 1406
1423 1428 1434 1439
1423 1418 1413 1407
1424 1430 1429 1435
1424 1419 1414 1409
1425 1431 1436 1441
1425 1420 1415 1410
1426 1432 1437 1442
1426 1421 1416 1411
1427 1433 1438 1443
1427 1422 1417 1412
1428 1434 1439 1445
1428 1423 1418 1413
1429 1435 1440 1446
1429 1430 1424 1419
1430 1429 1435 1440
1430 1424 1419 1414
1431 1436 1441 1447
1431 1425 1420 1415
1432 1437 1442 1448
1432 1426 1421 1416
1433 1438 1443 1449
1433 1427 1422 1417
1434 1439 1445 1444
1434 1428 1423 1418
1435 1440 1446 1451
1435 1429 1430 1424
1436 1441 1447 1452
1436 1431 1425 1420
1437 1442 1448 1453
1437 1432 1426 1421
1438 1443 1449 1454
1438 1433 1427 1422
1439 1445 1444 1450
1439 1434 1428 1423
1440 1446 1451 1458
1440 1435 1429 1430
1441 1447 1452 1459
1441 1436 1431 1425
1442 1448 1453 1460
1442 1437 1432 1426
1443 1449 1454 1461
1443 1438 1433 1427
1444 1450 1456 1455
1444 1445 1439 1434
1445 1444 1450 1456
1445 1439 1434 1428
1446 1451 1458 1457
1446 1440 1435 1429
1447 1452 1459 1464
1447 1441 1436 1431
1448 1453 1460 1465
1448 1442 1437 1432
1449 1454 1461 1466
1449 1443 1438 1433
1450 1456 1455 1462
1450 1444 1445 1439
1451 1458 1457 1463
1451 1446 1440 1435
1452 1459 1464 1470
1452 1447 1441 1436
1453 1460 1465 1471
1453 1448 1442 1437
1454 1461 1466 1472
1454 1449 1443 1438
1455 1462 1468 1467
1455 1456 1450 1444
1456 1455 1462 1468
1456 1450 1444 1445
1457 1463 1469 1474
1457 1458 1451 1446
1458 1457 1463 1469
1458 1451 1446 1440
1459 1464 1470 1475
1459 1452 1447 1441
1460 1465 1471 1476
1460 1453 1448 1442
1461 1466 1472 1477
1461 1454 1449 1443
1462 1468 1467 1473
1462 1455 1456 1450
1463 1469 1474 1480
1463 1457 1458 1451
1464 1470 1475 1481
1464 1459 1452 1447
1465 1471 1476 1482
1465 1460 1453 1448
1466 1472 1477 1483
1466 1461 1454 1449
1467 1473 1479 1478
1467 1468 1462 1455
1468 1467 1473 1479
1468 1462 1455 1456
1469 1474 1480 1485
1469 1463 1457 1458
1470 1475 1481 1486
1470 1464 1459 1452
1471 1476 1482 1487
1471 1465 1460 1453
1472 1477 1483 1488
1472 1466 1461 1454
1473 1479 1478 1484
1473 1467 1468 1462
1474 1480 1485 1491
1474 1469 1463 1457
1475 1481 1486 1492
1475 1470 1464 1459
1476 1482 1487 1493
1476 1471 1465 1460
1477 1483 1488 1494
1477 1472 1466 1461
1478 1484 1490 1489
1478 1479 1473 1467
1479 1478 1484 1490
1479 1473 1467 1468
1480 1485 1491 1496
1480 1474 1469 1463
1481 1486 1492 1497
1481 1475 1470 1464
1482 1487 1493 1498
1482 1476 1471 1465
1483 1488 1494 1500
1483 1477 1472 1466
1484 1490 1489 1495
1484 1478 1479 1473
1485 1491 1496 1503
1485 1480 1474 1469
1486 1492 1497 1504
1486 1481 1475 1470
1487 1493 1498 1505
1487 1482 1476 1471
1488 1494 1500 1499
1488 1483 1477 1472
1489 1495 1502 1501
1489 1490 1484 1478
1490 1489 1495 1502
1490 1484 1478 1479
1491 1496 1503 1508
1491 1485 1480 1474
1492 1497 1504 1509
1492 1486 1481 1475
1493 1498 1505 1510
1493 1487 1482 1476
1494 1500 1499 1506
1494 1488 1483 1477
1495 1502 1501 1507
1495 1489 1490 1484
1496 1503 1508 1514
1496 1491 1485 1480
1497 1504 1509 1515
1497 1492 1486 1481
1498 1505 1510 1516
1498 1493 1487 1482
1499 1506 1511 1517
1499 1500 1494 1488
1500 1499 1506 1511
1500 1494 1488 1483
1501 1507 1513 1512
1501 1502 1495 1489
1502 1501 1507 1513
1502 1495 1489 1490
1503 1508 1514 1519
1503 1496 1491 1485
1504 1509 1515 1520
1504 1497 1492 1486
1505 1510 1516 1521
1505 1498 1493 1487
1506 1511 1517 1522
1506 1499 1500 1494
1507 1513 1512 1518
1507 1501 1502 1495
1508 1514 1519 1525
1508 1503 1496 1491
1509 1515 1520 1526
1509 1504 1497 1492
1510 1516 1521 1527
1510 1505 1498 1493
1511 1517 1522 1528
1511 1506 1499 1500
1512 1518 1524 1523
1512 1513 1507 1501
1513 1512 1518 1524
1513 1507 1501 1502
1514 1519 1525 1530
1514 1508 1503 1496
1515 1520 1526 1531
1515 1509 1504 1497
1516 1521 1527 1532
1516 1510 1505 1498
1517 1522 1528 1533
1517 1511 1506 1499
1518 1524 1523 1529
1518 1512 1513 1507
1519 1525 1530 1536
1519 1514 1508 1503
1520 1526 1531 1537
1520 1515 1509 1504
1521 1527 1532 1538
1521 1516 1510 1505
1522 1528 1533 1539
1522 1517 1511 1506
1523 1529 1535 1534
1523 1524 1518 1512
1524 1523 1529 1535
1524 1518 1512 1513
1525 1530 1536 1541
1525 1519 1514 1508
1526 1531 1537 1542
1526 1520 1515 1509
1527 1532 1538 1543
1527 1521 1516 1510
1528 1533 1539 1544
1528 1522 1517 1511
1529 1535 1534 1540
1529 1523 1524 1518
1530 1536 1541 1546
1530 1525 1519 1514
1531 1537 1542 1547
1531 1526 1520 1515
1532 1538 1543 1548
1532 1527 1521 1516
1533 1539 1544 1549
1533 1528 1522 1517
1534 1540 1545 1550
1534 1535 1529 1523
1535 1534 1540 1545
1535 1529 1523 1524
1536 1541 1546 1551
1536 1530 1525 1519
1537 1542 1547 1552
1537 1531 1526 1520
1538 1543 1548 1553
1538 1532 1527 1521
1539 1544 1549 1554
1539 1533 1528 1522
1540 1545 1550 1555
1540 1534 1535 1529
1541 1546 1551 1556
1541 1536 1530 1525
1542 1547 1552 1557
1542 1537 1531 1526
1543 1548 1553 1558
1543 1538 1532 1527
1544 1549 1554 1559
1544 1539 1533 1528
1545 1550 1555 1560
1545 1540 1534 1535
1546 1551 1556 1561
1546 1541 1536 1530
1547 1552 1557 1562
1547 1542 1537 1531
1548 1553 1558 1563
1548 1543 1538 1532
1549 1554 1559 1564
1549 1544 1539 1533
1550 1555 1560 1565
1550 1545 1540 1534
1551 1556 1561 1566
1551 1546 1541 1536
1552 1557 1562 1567
1552 1547 1542 1537
1553 1558 1563 1568
1553 1548 1543 1538
1554 1559 1564 1569
1554 1549 1544 1539
1555 1560 1565 1571
1555 1550 1545 1540
1556 1561 1566 1572
1556 1551 1546 1541
1557 1562 1567 1573
1557 1552 1547 1542
1558 1563 1568 1574
1558 1553 1548 1543
1559 1564 1569 1575
1559 1554 1549 1544
1560 1565 1571 1570
1560 1555 1550 1545
1561 1566 1572 1577
1561 1556 1551 1546
1562 1567 1573 1578
1562 1557 1552 1547
1563 1568 1574 1579
1563 1558 1553 1548
1564 1569 1575 1581
1564 1559 1554 1549
1565 1571 1570 1576
1565 1560 1555 1550
1566 1572 1577 1584
1566 1561 1556 1551
1567 1573 1578 1585
1567 1562 1557 1552
1568 1574 1579 1580
1568 1563 1558 1553
1569 1575 1581 1587
1569 1564 1559 1554
1570 1576 1582 1588
1570 1571 1565 1560
1571 1570 1576 1582
1571 1565 1560 1555
1572 1577 1584 1583
1572 1566 1561 1556
1573 1578 1585 1590
1573 1567 1562 1557
1574 1579 1580 1586
1574 1568 1563 1558
1575 1581 1587 1592
1575 1569 1564 1559
1576 1582 1588 1593
1576 1570 1571 1565
1577 1584 1583 1589
1577 1572 1566 1561
1578 1585 1590 1595
1578 1573 1567 1562
1579 1580 1586 1591
1579 1574 1568 1563
1580 1586 1591 1596
1580 1579 1574 1568
1581 1587 1592 1597
1581 1575 1569 1564
1582 1588 1593 1599
1582 1576 1570 1571
1583 1589 1594 1600
1583 1584 1577 1572
1584 1583 1589 1594
1584 1577 1572 1566
1585 1590 1595 1601
1585 1578 1573 1567
1586 1591 1596 1602
1586 1580 1579 1574
1587 1592 1597 1603
1587 1581 1575 1569
1588 1593 1599 1598
1588 1582 1576 1570
1589 1594 1600 1605
1589 1583 1584 1577
1590 1595 1601 1606
1590 1585 1578 1573
1591 1596 1602 1607
1591 1586 1580 1579
1592 1597 1603 1608
1592 1587 1581 1575
1593 1599 1598 1604
1593 1588 1582 1576
1594 1600 1605 1611
1594 1589 1583 1584
1595 1601 1606 1612
1595 1590 1585 1578
1596 1602 1607 1613
1596 1591 1586 1580
1597 1603 1608 1614
1597 1592 1587 1581
1598 1604 1610 1609
1598 1599 1593 1588
1599 1598 1604 1610
1599 1593 1588 1582
1600 1605 1611 1616
1600 1594 1589 1583
1601 1606 1612 1617
1601 1595 1590 1585
1602 1607 1613 1618
1602 1596 1591 1586
1603 1608 1614 1619
1603 1597 1592 1587
1604 1610 1609 1615
1604 1598 1599 1593
1605 1611 1616 1621
1605 1600 1594 1589
1606 1612 1617 1622
1606 1601 1595 1590
1607 1613 1618 1624
1607 1602 1596 1591
1608 1614 1619 1625
1608 1603 1597 1592
1609 1615 1620 1626
1609 1610 1604 1598
1610 1609 1615 1620
1610 1604 1598 1599
1611 1616 1621 1627
1611 1605 1600 1594
1612 1617 1622 1623
1612 1606 1601 1595
1613 1618 1624 1629
1613 1607 1602 1596
1614 1619 1625 1630
1614 1608 1603 1597
1615 1620 1626 1631
1615 1609 1610 1604
1616 1621 1627 1632
1616 1611 1605 1600
1617 1622 1623 1628
1617 1612 1606 1601
1618 1624 1629 1634
1618 1613 1607 1602
1619 1625 1630 1635
1619 1614 1608 1603
1620 1626 1631 1637
1620 1615 1609 1610
1621 1627 1632 1638
1621 1616 1611 1605
1622 1623 1628 1633
1622 1617 1612 1606
1623 1628 1633 1639
1623 1622 1617 1612
1624 1629 1634 1640
1624 1618 1613 1607
1625 1630 1635 1641
1625 1619 1614 1608
1626 1631 1637 1636
1626 1620 1615 1609
1627 1632 1638 1643
1627 1621 1616 1611
1628 1633 1639 1644
1628 1623 1622 1617
1629 1634 1640 1645
1629 1624 1618 1613
1630 1635 1641 1646
1630 1625 1619 1614
1631 1637 1636 1642
1631 1626 1620 1615
1632 1638 1643 1648
1632 1627 1621 1616
1633 1639 1644 1649
1633 1628 1623 1622
1634 1640 1645 1650
1634 1629 1624 1618
1635 1641 1646 1651
1635 1630 1625 1619
1636 1642 1647 1652
1636 1637 1631 1626
1637 1636 1642 1647
1637 1631 1626 1620
1638 1643 1648 1653
1638 1632 1627 1621
1639 1644 1649 1654
1639 1633 1628 1623
1640 1645 1650 1655
1640 1634 1629 1624
1641 1646 1651 1656
1641 1635 1630 1625
1642 1647 1652 1657
1642 1636 1637 1631
1643 1648 1653 1658
1643 1638 1632 1627
1644 1649 1654 1659
1644 1639 1633 1628
1645 1650 1655 1660
1645 1640 1634 1629
1646 1651 1656 1662
1646 1641 1635 1630
1647 1652 1657 1663
1647 1642 1636 1637
1648 1653 1658 1664
1648 1643 1638 1632
1649 1654 1659 1665
1649 1644 1639 1633
1650 1655 1660 1666
1650 1645 1640 1634
1651 1656 1662 1661
1651 1646 1641 1635
1652 1657 1663 1669
1652 1647 1642 1636
1653 1658 1664 1670
1653 1648 1643 1638
1654 1659 1665 1671
1654 1649 1644 1639
1655 1660 1666 1672
1655 1650 1645 1640
1656 1662 1661 1667
1656 1651 1646 1641
1657 1663 1669 1668
1657 1652 1647 1642
1658 1664 1670 1675
1658 1653 1648 1643
1659 1665 1671 1676
1659 1654 1649 1644
1660 1666 1672 1678
1660 1655 1650 1645
1661 1667 1673 1679
1661 1662 1656 1651
1662 1661 1667 1673
1662 1656 1651 1646
1663 1669 1668 1674
1663 1657 1652 1647
1664 1670 1675 1681
1664 1658 1653 1648
1665 1671 1676 1677
1665 1659 1654 1649
1666 1672 1678 1683
1666 1660 1655 1650
1667 1673 1679 1684
1667 1661 1662 1656
1668 1674 1680 1685
1668 1669 1663 1657
1669 1668 1674 1680
1669 1663 1657 1652
1670 1675 1681 1686
1670 1664 1658 1653
1671 1676 1677 1682
1671 1665 1659 1654
1672 1678 1683 1688
1672 1666 1660 1655
1673 1679 1684 1689
1673 1667 1661 1662
1674 1680 1685 1690
1674 1668 1669 1663
1675 1681 1686 1691
1675 1670 1664 1658
1676 1677 1682 1687
1676 1671 1665 1659
1677 1682 1687 1692
1677 1676 1671 1665
1678 1683 1688 1693
1678 1672 1666 1660
1679 1684 1689 1694
1679 1673 1667 1661
1680 1685 1690 1695
1680 1674 1668 1669
1681 1686 1691 1696
1681 1675 1670 1664
1682 1687 1692 1697
1682 1677 1676 1671
1683 1688 1693 1698
1683 1678 1672 1666
1684 1689 1694 1700
1684 1679 1673 1667
1685 1690 1695 1701
1685 1680 1674 1668
1686 1691 1696 1702
1686 1681 1675 1670
1687 1692 1697 1703
1687 1682 1677 1676
1688 1693 1698 1704
1688 1683 1678 1672
1689 1694 1700 1699
1689 1684 1679 1673
1690 1695 1701 1707
1690 1685 1680 1674
1691 1696 1702 1708
1691 1686 1681 1675
1692 1697 1703 1709
1692 1687 1682 1677
1693 1698 1704 1705
1693 1688 1683 1678
1694 1700 1699 1706
1694 1689 1684 1679
1695 1701 1707 1712
1695 1690 1685 1680
1696 1702 1708 1713
1696 1691 1686 1681
1697 1703 1709 1714
1697 1692 1687 1682
1698 1704 1705 1710
1698 1693 1688 1683
1699 1706 1711 1717
1699 1700 1694 1689
1700 1699 1706 1711
1700 1694 1689 1684
1701 1707 1712 1718
1701 1695 1690 1685
1702 1708 1713 1719
1702 1696 1691 1686
1703 1709 1714 1720
1703 1697 1692 1687
1704 1705 1710 1715
1704 1698 1693 1688
1705 1710 1715 1721
1705 1704 1698 1693
1706 1711 1717 1716
1706 1699 1700 1694
1707 1712 1718 1724
1707 1701 1695 1690
1708 1713 1719 1725
1708 1702 1696 1691
1709 1714 1720 1726
1709 1703 1697 1692
1710 1715 1721 1727
1710 1705 1704 1698
1711 1717 1716 1722
1711 1706 1699 1700
1712 1718 1724 1723
1712 1707 1701 1695
1713 1719 1725 1730
1713 1708 1702 1696
1714 1720 1726 1731
1714 1709 1703 1697
1715 1721 1727 1732
1715 1710 1705 1704
1716 1722 1728 1733
1716 1717 1711 1706
1717 1716 1722 1728
1717 1711 1706 1699
1718 1724 1723 1729
1718 1712 1707 1701
1719 1725 1730 1736
1719 1713 1708 1702
1720 1726 1731 1737
1720 1714 1709 1703
1721 1727 1732 1738
1721 1715 1710 1705
1722 1728 1733 1740
1722 1716 1717 1711
1723 1729 1734 1741
1723 1724 1718 1712
1724 1723 1729 1734
1724 1718 1712 1707
1725 1730 1736 1735
1725 1719 1713 1708
1726 1731 1737 1743
1726 1720 1714 1709
1727 1732 1738 1739
1727 1721 1715 1710
1728 1733 1740 1745
1728 1722 1716 1717
1729 1734 1741 1746
1729 1723 1724 1718
1730 1736 1735 1742
1730 1725 1719 1713
1731 1737 1743 1748
1731 1726 1720 1714
1732 1738 1739 1744
1732 1727 1721 1715
1733 1740 1745 1750
1733 1728 1722 1716
1734 1741 1746 1751
1734 1729 1723 1724
1735 1742 1747 1752
1735 1736 1730 1725
1736 1735 1742 1747
1736 1730 1725 1719
1737 1743 1748 1753
1737 1731 1726 1720
1738 1739 1744 1749
1738 1732 1727 1721
1739 1744 1749 1754
1739 1738 1732 1727
1740 1745 1750 1755
1740 1733 1728 1722
1741 1746 1751 1756
1741 1734 1729 1723
1742 1747 1752 1757
1742 1735 1736 1730
1743 1748 1753 1758
1743 1737 1731 1726
1744 1749 1754 1759
1744 1739 1738 1732
1745 1750 1755 1760
1745 1740 1733 1728
1746 1751 1756 1761
1746 1741 1734 1729
1747 1752 1757 1762
1747 1742 1735 1736
1748 1753 1758 1763
1748 1743 1737 1731
1749 1754 1759 1764
1749 1744 1739 1738
1750 1755 1760 1765
1750 1745 1740 1733
1751 1756 1761 1766
1751 1746 1741 1734
1752 1757 1762 1767
1752 1747 1742 1735
1753 1758 1763 1768
1753 1748 1743 1737
1754 1759 1764 1769
1754 1749 1744 1739
1755 1760 1765 1771
1755 1750 1745 1740
1756 1761 1766 1772
1756 1751 1746 1741
1757 1762 1767 1773
1757 1752 1747 1742
1758 1763 1768 1774
1758 1753 1748 1743
1759 1764 1769 1775
1759 1754 1749 1744
1760 1765 1771 1770
1760 1755 1750 1745
1761 1766 1772 1778
1761 1756 1751 1746
1762 1767 1773 1779
1762 1757 1752 1747
1763 1768 1774 1780
1763 1758 1753 1748
1764 1769 1775 1776
1764 1759 1754 1749
1765 1771 1770 1777
1765 1760 1755 1750
1766 1772 1778 1784
1766 1761 1756 1751
1767 1773 1779 1785
1767 1762 1757 1752
1768 1774 1780 1786
1768 1763 1758 1753
1769 1775 1776 1781
1769 1764 1759 1754
1770 1777 1783 1782
1770 1771 1765 1760
1771 1770 1777 1783
1771 1765 1760 1755
1772 1778 1784 1790
1772 1766 1761 1756
1773 1779 1785 1791
1773 1767 1762 1757
1774 1780 1786 1792
1774 1768 1763 1758
1775 1776 1781 1787
1775 1769 1764 1759
1776 1781 1787 1788
1776 1775 1769 1764
1777 1783 1782 1789
1777 1770 1771 1765
1778 1784 1790 1796
1778 1772 1766 1761
1779 1785 1791 1797
1779 1773 1767 1762
1780 1786 1792 1798
1780 1774 1768 1763
1781 1787 1788 1793
1781 1776 1775 1769
1782 1789 1795 1794
1782 1783 1777 1770
1783 1782 1789 1795
1783 1777 1770 1771
1784 1790 1796 1801
1784 1778 1772 1766
1785 1791 1797 1802
1785 1779 1773 1767
1786 1792 1798 1803
1786 1780 1774 1768
1787 1788 1793 1799
1787 1781 1776 1775
1788 1793 1799 1804
1788 1787 1781 1776
1789 1795 1794 1800
1789 1782 1783 1777
1790 1796 1801 1806
1790 1784 1778 1772
1791 1797 1802 1807
1791 1785 1779 1773
1792 1798 1803 1808
1792 1786 1780 1774
1793 1799 1804 1809
1793 1788 1787 1781
1794 1800 1805 1811
1794 1795 1789 1782
1795 1794 1800 1805
1795 1789 1782 1783
1796 1801 1806 1812
1796 1790 1784 1778
1797 1802 1807 1813
1797 1791 1785 1779
1798 1803 1808 1814
1798 1792 1786 1780
1799 1804 1809 1815
1799 1793 1788 1787
1800 1805 1811 1810
1800 1794 1795 1789
1801 1806 1812 1818
1801 1796 1790 1784
1802 1807 1813 1819
1802 1797 1791 1785
1803 1808 1814 1820
1803 1798 1792 1786
1804 1809 1815 1816
1804 1799 1793 1788
1805 1811 1810 1817
1805 1800 1794 1795
1806 1812 1818 1824
1806 1801 1796 1790
1807 1813 1819 1825
1807 1802 1797 1791
1808 1814 1820 1826
1808 1803 1798 1792
1809 1815 1816 1821
1809 1804 1799 1793
1810 1817 1823 1822
1810 1811 1805 1800
1811 1810 1817 1823
1811 1805 1800 1794
1812 1818 1824 1830
1812 1806 1801 1796
1813 1819 1825 1831
1813 1807 1802 1797
1814 1820 1826 1832
1814 1808 1803 1798
1815 1816 1821 1827
1815 1809 1804 1799
1816 1821 1827 1833
1816 1815 1809 1804
1817 1823 1822 1829
1817 1810 1811 1805
1818 1824 1830 1836
1818 1812 1806 1801
1819 1825 1831 1837
1819 1813 1807 1802
1820 1826 1832 1838
1820 1814 1808 1803
1821 1827 1833 1834
1821 1816 1815 1809
1822 1829 1828 1835
1822 1823 1817 1810
1823 1822 1829 1828
1823 1817 1810 1811
1824 1830 1836 1842
1824 1818 1812 1806
1825 1831 1837 1843
1825 1819 1813 1807
1826 1832 1838 1844
1826 1820 1814 1808
1827 1833 1834 1839
1827 1821 1816 1815
1828 1835 1841 1848
1828 1829 1822 1823
1829 1828 1835 1841
1829 1822 1823 1817
1830 1836 1842 1849
1830 1824 1818 1812
1831 1837 1843 1850
1831 1825 1819 1813
1832 1838 1844 1851
1832 1826 1820 1814
1833 1834 1839 1840
1833 1827 1821 1816
1834 1839 1840 1845
1834 1833 1827 1821
1835 1841 1848 1847
1835 1828 1829 1822
1836 1842 1849 1856
1836 1830 1824 1818
1837 1843 1850 1857
1837 1831 1825 1819
1838 1844 1851 1858
1838 1832 1826 1820
1839 1840 1845 1846
1839 1834 1833 1827
1840 1845 1846 1852
1840 1839 1834 1833
1841 1848 1847 1855
1841 1835 1828 1829
1842 1849 1856 1863
1842 1836 1830 1824
1843 1850 1857 1864
1843 1837 1831 1825
1844 1851 1858 1865
1844 1838 1832 1826
1845 1846 1852 1853
1845 1840 1839 1834
1846 1852 1853 1859
1846 1845 1840 1839
1847 1855 1854 1862
1847 1848 1841 1835
1848 1847 1855 1854
1848 1841 1835 1828
1849 1856 1863 1870
1849 1842 1836 1830
1850 1857 1864 1871
1850 1843 1837 1831
1851 1858 1865 1872
1851 1844 1838 1832
1852 1853 1859 1860
1852 1846 1845 1840
1853 1859 1860 1866
1853 1852 1846 1845
1854 1862 1861 1869
1854 1855 1847 1848
1855 1854 1862 1861
1855 1847 1848 1841
1856 1863 1870 1877
1856 1849 1842 1836
1857 1864 1871 1878
1857 1850 1843 1837
1858 1865 1872 1879
1858 1851 1844 1838
1859 1860 1866 1867
1859 1853 1852 1846
1860 1866 1867 1873
1860 1859 1853 1852
1861 1869 1868 1876
1861 1862 1854 1855
1862 1861 1869 1868
1862 1854 1855 1847
1863 1870 1877 1885
1863 1856 1849 1842
1864 1871 1878 1886
1864 1857 1850 1843
1865 1872 1879 1887
1865 1858 1851 1844
1866 1867 1873 1874
1866 1860 1859 1853
1867 1873 1874 1880
1867 1866 1860 1859
1868 1876 1875 1884
1868 1869 1861 1862
1869 1868 1876 1875
1869 1861 1862 1854
1870 1877 1885 1896
1870 1863 1856 1849
1871 1878 1886 1897
1871 1864 1857 1850
1872 1879 1887 1898
1872 1865 1858 1851
1873 1874 1880 1881
1873 1867 1866 1860
1874 1880 1881 1888
1874 1873 1867 1866
1875 1884 1883 1882
1875 1876 1868 1869
1876 1875 1884 1883
1876 1868 1869 1861
1877 1885 1896 1902
1877 1870 1863 1856
1878 1886 1897 1903
1878 1871 1864 1857
1879 1887 1898 1904
1879 1872 1865 1858
1880 1881 1888 1889
1880 1874 1873 1867
1881 1888 1889 1890
1881 1880 1874 1873
1882 1895 1894 1893
1882 1883 1884 1875
1883 1882 1895 1894
1883 1884 1875 1876
1884 1883 1882 1895
1884 1875 1876 1868
1885 1896 1902 1905
1885 1877 1870 1863
1886 1897 1903 1906
1886 1878 1871 1864
1887 1898 1904 1907
1887 1879 1872 1865
1888 1889 1890 1891
1888 1881 1880 1874
1889 1890 1891 1899
1889 1888 1881 1880
1890 1891 1899 1900
1890 1889 1888 1881
1891 1899 1900 1901
1891 1890 1889 1888
1892 1901 1900 1899
1892 1893 1894 1895
1893 1892 1901 1900
1893 1894 1895 1882
1894 1893 1892 1901
1894 1895 1882 1883
1895 1894 1893 1892
1895 1882 1883 1884
1896 1902 1905 1908
1896 1885 1877 1870
1897 1903 1906 1909
1897 1886 1878 1871
1898 1904 1907 1910
1898 1887 1879 1872
1899 1900 1901 1892
1899 1891 1890 1889
1900 1901 1892 1893
1900 1899 1891 1890
1901 1900 1899 1891
1901 1892 1893 1894
1902 1905 1908 1911
1902 1896 1885 1877
1903 1906 1909 1912
1903 1897 1886 1878
1904 1907 1910 1913
1904 1898 1887 1879
1905 1908 1911 1914
1905 1902 1896 1885
1906 1909 1912 1915
1906 1903 1897 1886
1907 1910 1913 1916
1907 1904 1898 1887
1908 1911 1914 1917
1908 1905 1902 1896
1909 1912 1915 1918
1909 1906 1903 1897
1910 1913 1916 1919
1910 1907 1904 1898
1911 1914 1917 1920
1911 1908 1905 1902
1912 1915 1918 1921
1912 1909 1906 1903
1913 1916 1919 1922
1913 1910 1907 1904
1914 1917 1920 1923
1914 1911 1908 1905
1915 1918 1921 1924
1915 1912 1909 1906
1916 1919 1922 1925
1916 1913 1910 1907
1917 1920 1923 1926
1917 1914 1911 1908
1918 1921 1924 1927
1918 1915 1912 1909
1919 1922 1925 1928
1919 1916 1913 1910
1920 1923 1926 1929
1920 1917 1914 1911
1921 1924 1927 1930
1921 1918 1915 1912
1922 1925 1928 1931
1922 1919 1916 1913
1923 1926 1929 1932
1923 1920 1917 1914
1924 1927 1930 1933
1924 1921 1918 1915
1925 1928 1931 1934
1925 1922 1919 1916
1926 1929 1932 1935
1926 1923 1920 1917
1927 1930 1933 1936
1927 1924 1921 1918
1928 1931 1934 1937
1928 1925 1922 1919
1929 1932 1935 1938
1929 1926 1923 1920
1930 1933 1936 1939
1930 1927 1924 1921
1931 1934 1937 1940
1931 1928 1925 1922
1932 1935 1938 1941
1932 1929 1926 1923
1933 1936 1939 1942
1933 1930 1927 1924
1934 1937 1940 1943
1934 1931 1928 1925
1935 1938 1941 1944
1935 1932 1929 1926
1936 1939 1942 1945
1936 1933 1930 1927
1937 1940 1943 1946
1937 1934 1931 1928
1938 1941 1944 1947
1938 1935 1932 1929
1939 1942 1945 1948
1939 1936 1933 1930
1940 1943 1946 1949
1940 1937 1934 1931
1941 1944 1947 1950
1941 1938 1935 1932
1942 1945 1948 1951
1942 1939 1936 1933
1943 1946 1949 1952
1943 1940 1937 1934
1944 1947 1950 1953
1944 1941 1938 1935
1945 1948 1951 1954
1945 1942 1939 1936
1946 1949 1952 1955
1946 1943 1940 1937
1947 1950 1953 1956
1947 1944 1941 1938
1948 1951 1954 1957
1948 1945 1942 1939
1949 1952 1955 1958
1949 1946 1943 1940
1950 1953 1956 1960
1950 1947 1944 1941
1951 1954 1957 1961
1951 1948 1945 1942
1952 1955 1958 1959
1952 1949 1946 1943
1953 1956 1960 1963
1953 1950 1947 1944
1954 1957 1961 1964
1954 1951 1948 1945
1955 1958 1959 1962
1955 1952 1949 1946
1956 1960 1963 1966
1956 1953 1950 1947
1957 1961 1964 1967
1957 1954 1951 1948
1958 1959 1962 1965
1958 1955 1952 1949
1959 1962 1965 1968
1959 1958 1955 1952
1960 1963 1966 1969
1960 1956 1953 1950
1961 1964 1967 1970
1961 1957 1954 1951
1962 1965 1968 1971
1962 1959 1958 1955
1963 1966 1969 1972
1963 1960 1956 1953
1964 1967 1970 1973
1964 1961 1957 1954
1965 1968 1971 1974
1965 1962 1959 1958
1966 1969 1972 1975
1966 1963 1960 1956
1967 1970 1973 1976
1967 1964 1961 1957
1968 1971 1974 1977
1968 1965 1962 1959
1969 1972 1975 1978
1969 1966 1963 1960
1970 1973 1976 1980
1970 1967 1964 1961
1971 1974 1977 1981
1971 1968 1965 1962
1972 1975 1978 1982
1972 1969 1966 1963
1973 1976 1980 1979
1973 1970 1967 1964
1974 1977 1981 1984
1974 1971 1968 1965
1975 1978 1982 1986
1975 1972 1969 1966
1976 1980 1979 1983
1976 1973 1970 1967
1977 1981 1984 1985
1977 1974 1971 1968
1978 1982 1986 1989
1978 1975 1972 1969
1979 1983 1987 1990
1979 1980 1976 1973
1980 1979 1983 1987
1980 1976 1973 1970
1981 1984 1985 1988
1981 1977 1974 1971
1982 1986 1989 1992
1982 1978 1975 1972
1983 1987 1990 1993
1983 1979 1980 1976
1984 1985 1988 1991
1984 1981 1977 1974
1985 1988 1991 1994
1985 1984 1981 1977
1986 1989 1992 1995
1986 1982 1978 1975
1987 1990 1993 1996
1987 1983 1979 1980
1988 1991 1994 1997
1988 1985 1984 1981
1989 1992 1995 1998
1989 1986 1982 1978
1990 1993 1996 1999
1990 1987 1983 1979
1991 1994 1997 2000
1991 1988 1985 1984
1992 1995 1998 2001
1992 1989 1986 1982
1993 1996 1999 2002
1993 1990 1987 1983
1994 1997 2000 2003
1994 1991 1988 1985
1995 1998 2001 2004
1995 1992 1989 1986
1996 1999 2002 2005
1996 1993 1990 1987
1997 2000 2003 2006
1997 1994 1991 1988
1998 2001 2004 2008
1998 1995 1992 1989
1999 2002 2005 2009
1999 1996 1993 1990
2000 2003 2006 2007
2000 1997 1994 1991
2001 2004 2008 2011
2001 1998 1995 1992
2002 2005 2009 2012
2002 1999 1996 1993
2003 2006 2007 2010
2003 2000 1997 1994
2004 2008 2011 2014
2004 2001 1998 1995
2005 2009 2012 2015
2005 2002 1999 1996
2006 2007 2010 2013
2006 2003 2000 1997
2007 2010 2013 2016
2007 2006 2003 2000
2008 2011 2014 2018
2008 2004 2001 1998
2009 2012 2015 2019
2009 2005 2002 1999
2010 2013 2016 2017
2010 2007 2006 2003
2011 2014 2018 2021
2011 2008 2004 2001
2012 2015 2019 2022
2012 2009 2005 2002
2013 2016 2017 2020
2013 2010 2007 2006
2014 2018 2021 2024
2014 2011 2008 2004
2015 2019 2022 2025
2015 2012 2009 2005
2016 2017 2020 2023
2016 2013 2010 2007
2017 2020 2023 2026
2017 2016 2013 2010
2018 2021 2024 2027
2018 2014 2011 2008
2019 2022 2025 2028
2019 2015 2012 2009
2020 2023 2026 2029
2020 2017 2016 2013
2021 2024 2027 2030
2021 2018 2014 2011
2022 2025 2028 2031
2022 2019 2015 2012
2023 2026 2029 2032
2023 2020 2017 2016
2024 2027 2030 2033
2024 2021 2018 2014
2025 2028 2031 2034
2025 2022 2019 2015
2026 2029 2032 2035
2026 2023 2020 2017
2027 2030 2033 2036
2027 2024 2021 2018
2028 2031 2034 2037
2028 2025 2022 2019
2029 2032 2035 2038
2029 2026 2023 2020
2030 2033 2036 2039
2030 2027 2024 2021
2031 2034 2037 2040
2031 2028 2025 2022
2032 2035 2038 2041
2032 2029 2026 2023
2033 2036 2039 2042
2033 2030 2027 2024
2034 2037 2040 2043
2034 2031 2028 2025
2035 2038 2041 2044
2035 2032 2029 2026
2036 2039 2042 2045
2036 2033 2030 2027
2037 2040 2043 2046
2037 2034 2031 2028
2038 2041 2044 2047
2038 2035 2032 2029
2039 2042 2045 2048
2039 2036 2033 2030
2040 2043 2046 2049
2040 2037 2034 2031
2041 2044 2047 2050
2041 2038 2035 2032
2042 2045 2048 2051
2042 2039 2036 2033
2043 2046 2049 2053
2043 2040 2037 2034
2044 2047 2050 2054
2044 2041 2038 2035
2045 2048 2051 2055
2045 2042 2039 2036
2046 2049 2053 2052
2046 2043 2040 2037
2047 2050 2054 2057
2047 2044 2041 2038
2048 2051 2055 2058
2048 2045 2042 2039
2049 2053 2052 2056
2049 2046 2043 2040
2050 2054 2057 2060
2050 2047 2044 2041
2051 2055 2058 2061
2051 2048 2045 2042
2052 2056 2059 2062
2052 2053 2049 2046
2053 2052 2056 2059
2053 2049 2046 2043
2054 2057 2060 2063
2054 2050 2047 2044
2055 2058 2061 2065
2055 2051 2048 2045
2056 2059 2062 2066
2056 2052 2053 2049
2057 2060 2063 2064
2057 2054 2050 2047
2058 2061 2065 2068
2058 2055 2051 2048
2059 2062 2066 2070
2059 2056 2052 2053
2060 2063 2064 2067
2060 2057 2054 2050
2061 2065 2068 2072
2061 2058 2055 2051
2062 2066 2070 2069
2062 2059 2056 2052
2063 2064 2067 2071
2063 2060 2057 2054
2064 2067 2071 2074
2064 2063 2060 2057
2065 2068 2072 2075
2065 2061 2058 2055
2066 2070 2069 2073
2066 2062 2059 2056
2067 2071 2074 2078
2067 2064 2063 2060
2068 2072 2075 2076
2068 2065 2061 2058
2069 2073 2077 2080
2069 2070 2066 2062
2070 2069 2073 2077
2070 2066 2062 2059
2071 2074 2078 2081
2071 2067 2064 2063
2072 2075 2076 2079
2072 2068 2065 2061
2073 2077 2080 2083
2073 2069 2070 2066
2074 2078 2081 2084
2074 2071 2067 2064
2075 2076 2079 2082
2075 2072 2068 2065
2076 2079 2082 2085
2076 2075 2072 2068
2077 2080 2083 2086
2077 2073 2069 2070
2078 2081 2084 2087
2078 2074 2071 2067
2079 2082 2085 2088
2079 2076 2075 2072
2080 2083 2086 2089
2080 2077 2073 2069
2081 2084 2087 2090
2081 2078 2074 2071
2082 2085 2088 2091
2082 2079 2076 2075
2083 2086 2089 2092
2083 2080 2077 2073
2084 2087 2090 2093
2084 2081 2078 2074
2085 2088 2091 2094
2085 2082 2079 2076
2086 2089 2092 2096
2086 2083 2080 2077
2087 2090 2093 2097
2087 2084 2081 2078
2088 2091 2094 2095
2088 2085 2082 2079
2089 2092 2096 2100
2089 2086 2083 2080
2090 2093 2097 2098
2090 2087 2084 2081
2091 2094 2095 2099
2091 2088 2085 2082
2092 2096 2100 2103
2092 2089 2086 2083
2093 2097 2098 2101
2093 2090 2087 2084
2094 2095 2099 2102
2094 2091 2088 2085
2095 2099 2102 2105
2095 2094 2091 2088
2096 2100 2103 2106
2096 2092 2089 2086
2097 2098 2101 2104
2097 2093 2090 2087
2098 2101 2104 2107
2098 2097 2093 2090
2099 2102 2105 2108
2099 2095 2094 2091
2100 2103 2106 2109
2100 2096 2092 2089
2101 2104 2107 2110
2101 2098 2097 2093
2102 2105 2108 2111
2102 2099 2095 2094
2103 2106 2109 2112
2103 2100 2096 2092
2104 2107 2110 2113
2104 2101 2098 2097
2105 2108 2111 2114
2105 2102 2099 2095
2106 2109 2112 2116
2106 2103 2100 2096
2107 2110 2113 2117
2107 2104 2101 2098
2108 2111 2114 2115
2108 2105 2102 2099
2109 2112 2116 2119
2109 2106 2103 2100
2110 2113 2117 2120
2110 2107 2104 2101
2111 2114 2115 2118
2111 2108 2105 2102
2112 2116 2119 2122
2112 2109 2106 2103
2113 2117 2120 2123
2113 2110 2107 2104
2114 2115 2118 2121
2114 2111 2108 2105
2115 2118 2121 2124
2115 2114 2111 2108
2116 2119 2122 2125
2116 2112 2109 2106
2117 2120 2123 2126
2117 2113 2110 2107
2118 2121 2124 2127
2118 2115 2114 2111
2119 2122 2125 2128
2119 2116 2112 2109
2120 2123 2126 2129
2120 2117 2113 2110
2121 2124 2127 2130
2121 2118 2115 2114
2122 2125 2128 2131
2122 2119 2116 2112
2123 2126 2129 2132
2123 2120 2117 2113
2124 2127 2130 2133
2124 2121 2118 2115
2125 2128 2131 2134
2125 2122 2119 2116
2126 2129 2132 2135
2126 2123 2120 2117
2127 2130 2133 2136
2127 2124 2121 2118
2128 2131 2134 2137
2128 2125 2122 2119
2129 2132 2135 2138
2129 2126 2123 2120
2130 2133 2136 2139
2130 2127 2124 2121
2131 2134 2137 2140
2131 2128 2125 2122
2132 2135 2138 2141
2132 2129 2126 2123
2133 2136 2139 2142
2133 2130 2127 2124
2134 2137 2140 2143
2134 2131 2128 2125
2135 2138 2141 2144
2135 2132 2129 2126
2136 2139 2142 2145
2136 2133 2130 2127
2137 2140 2143 2146
2137 2134 2131 2128
2138 2141 2144 2147
2138 2135 2132 2129
2139 2142 2145 2149
2139 2136 2133 2130
2140 2143 2146 2150
2140 2137 2134 2131
2141 2144 2147 2148
2141 2138 2135 2132
2142 2145 2149 2152
2142 2139 2136 2133
2143 2146 2150 2153
2143 2140 2137 2134
2144 2147 2148 2151
2144 2141 2138 2135
2145 2149 2152 2156
2145 2142 2139 2136
2146 2150 2153 2157
2146 2143 2140 2137
2147 2148 2151 2154
2147 2144 2141 2138
2148 2151 2154 2155
2148 2147 2144 2141
2149 2152 2156 2159
2149 2145 2142 2139
2150 2153 2157 2161
2150 2146 2143 2140
2151 2154 2155 2158
2151 2148 2147 2144
2152 2156 2159 2163
2152 2149 2145 2142
2153 2157 2161 2160
2153 2150 2146 2143
2154 2155 2158 2162
2154 2151 2148 2147
2155 2158 2162 2165
2155 2154 2151 2148
2156 2159 2163 2167
2156 2152 2149 2145
2157 2161 2160 2164
2157 2153 2150 2146
2158 2162 2165 2166
2158 2155 2154 2151
2159 2163 2167 2170
2159 2156 2152 2149
2160 2164 2168 2171
2160 2161 2157 2153
2161 2160 2164 2168
2161 2157 2153 2150
2162 2165 2166 2169
2162 2158 2155 2154
2163 2167 2170 2173
2163 2159 2156 2152
2164 2168 2171 2174
2164 2160 2161 2157
2165 2166 2169 2172
2165 2162 2158 2155
2166 2169 2172 2175
2166 2165 2162 2158
2167 2170 2173 2177
2167 2163 2159 2156
2168 2171 2174 2178
2168 2164 2160 2161
2169 2172 2175 2176
2169 2166 2165 2162
2170 2173 2177 2181
2170 2167 2163 2159
2171 2174 2178 2182
2171 2168 2164 2160
2172 2175 2176 2179
2172 2169 2166 2165
2173 2177 2181 2184
2173 2170 2167 2163
2174 2178 2182 2185
2174 2171 2168 2164
2175 2176 2179 2180
2175 2172 2169 2166
2176 2179 2180 2183
2176 2175 2172 2169
2177 2181 2184 2187
2177 2173 2170 2167
2178 2182 2185 2188
2178 2174 2171 2168
2179 2180 2183 2186
2179 2176 2175 2172
2180 2183 2186 2189
2180 2179 2176 2175
2181 2184 2187 2191
2181 2177 2173 2170
2182 2185 2188 2192
2182 2178 2174 2171
2183 2186 2189 2190
2183 2180 2179 2176
2184 2187 2191 2195
2184 2181 2177 2173
2185 2188 2192 2196
2185 2182 2178 2174
2186 2189 2190 2193
2186 2183 2180 2179
2187 2191 2195 2199
2187 2184 2181 2177
2188 2192 2196 2200
2188 2185 2182 2178
2189 2190 2193 2194
2189 2186 2183 2180
2190 2193 2194 2197
2190 2189 2186 2183
2191 2195 2199 2203
2191 2187 2184 2181
2192 2196 2200 2204
2192 2188 2185 2182
2193 2194 2197 2198
2193 2190 2189 2186
2194 2197 2198 2201
2194 2193 2190 2189
2195 2199 2203 2207
2195 2191 2187 2184
2196 2200 2204 2208
2196 2192 2188 2185
2197 2198 2201 2202
2197 2194 2193 2190
2198 2201 2202 2205
2198 2197 2194 2193
2199 2203 2207 2211
2199 2195 2191 2187
2200 2204 2208 2212
2200 2196 2192 2188
2201 2202 2205 2206
2201 2198 2197 2194
2202 2205 2206 2209
2202 2201 2198 2197
2203 2207 2211 2215
2203 2199 2195 2191
2204 2208 2212 2216
2204 2200 2196 2192
2205 2206 2209 2210
2205 2202 2201 2198
2206 2209 2210 2213
2206 2205 2202 2201
2207 2211 2215 2219
2207 2203 2199 2195
2208 2212 2216 2220
2208 2204 2200 2196
2209 2210 2213 2214
2209 2206 2205 2202
2210 2213 2214 2217
2210 2209 2206 2205
2211 2215 2219 2223
2211 2207 2203 2199
2212 2216 2220 2224
2212 2208 2204 2200
2213 2214 2217 2218
2213 2210 2209 2206
2214 2217 2218 2221
2214 2213 2210 2209
2215 2219 2223 2227
2215 2211 2207 2203
2216 2220 2224 2228
2216 2212 2208 2204
2217 2218 2221 2222
2217 2214 2213 2210
2218 2221 2222 2225
2218 2217 2214 2213
2219 2223 2227 2231
2219 2215 2211 2207
2220 2224 2228 2233
2220 2216 2212 2208
2221 2222 2225 2226
2221 2218 2217 2214
2222 2225 2226 2229
2222 2221 2218 2217
2223 2227 2231 2232
2223 2219 2215 2211
2224 2228 2233 2237
2224 2220 2216 2212
2225 2226 2229 2230
2225 2222 2221 2218
2226 2229 2230 2234
2226 2225 2222 2221
2227 2231 2232 2236
2227 2223 2219 2215
2228 2233 2237 2242
2228 2224 2220 2216
2229 2230 2234 2235
2229 2226 2225 2222
2230 2234 2235 2238
2230 2229 2226 2225
2231 2232 2236 2241
2231 2227 2223 2219
2232 2236 2241 2247
2232 2231 2227 2223
2233 2237 2242 2249
2233 2228 2224 2220
2234 2235 2238 2239
2234 2230 2229 2226
2235 2238 2239 2240
2235 2234 2230 2229
2236 2241 2247 2255
2236 2232 2231 2227
2237 2242 2249 2248
2237 2233 2228 2224
2238 2239 2240 2243
2238 2235 2234 2230
2239 2240 2243 2244
2239 2238 2235 2234
2240 2243 2244 2245
2240 2239 2238 2235
2241 2247 2255 -1
2241 2236 2232 2231
2242 2249 2248 2257
2242 2237 2233 2228
2243 2244 2245 2246
2243 2240 2239 2238
2244 2245 2246 2250
2244 2243 2240 2239
2245 2246 2250 2251
2245 2244 2243 2240
2246 2250 2251 2252
2246 2245 2244 2243
2247 2241 2236 2232
2248 2257 2256 2272
2248 2249 2242 2237
2249 2248 2257 2256
2249 2242 2237 2233
2250 2251 2252 2253
2250 2246 2245 2244
2251 2252 2253 2254
2251 2250 2246 2245
2252 2253 2254 2258
2252 2251 2250 2246
2253 2254 2258 2259
2253 2252 2251 2250
2254 2258 2259 2260
2254 2253 2252 2251
2255 2247 2241 2236
2256 2272 2271 2270
2256 2257 2248 2249
2257 2256 2272 2271
2257 2248 2249 2242
2258 2259 2260 2261
2258 2254 2253 2252
2259 2260 2261 2262
2259 2258 2254 2253
2260 2261 2262 2263
2260 2259 2258 2254
2261 2262 2263 2264
2261 2260 2259 2258
2262 2263 2264 2265
2262 2261 2260 2259
2263 2264 2265 2266
2263 2262 2261 2260
2264 2265 2266 2267
2264 2263 2262 2261
2265 2266 2267 2273
2265 2264 2263 2262
2266 2267 2273 2274
2266 2265 2264 2263
2267 2273 2274 2275
2267 2266 2265 2264
2268 2304 2303 2302
2268 2269 2270 2271
2269 2268 2304 2303
2269 2270 2271 2272
2270 2269 2268 2304
2270 2271 2272 2256
2271 2270 2269 2268
2271 2272 2256 2257
2272 2271 2270 2269
2272 2256 2257 2248
2273 2274 2275 2276
2273 2267 2266 2265
2274 2275 2276 2277
2274 2273 2267 2266
2275 2276 2277 2278
2275 2274 2273 2267
2276 2277 2278 2279
2276 2275 2274 2273
2277 2278 2279 2280
2277 2276 2275 2274
2278 2279 2280 2281
2278 2277 2276 2275
2279 2280 2281 2305
2279 2278 2277 2276
2280 2281 2305 2306
2280 2279 2278 2277
2281 2305 2306 2307
2281 2280 2279 2278
2282 2353 2352 2351
2282 2283 2284 2285
2283 2282 2353 2352
2283 2284 2285 2286
2284 2283 2282 2353
2284 2285 2286 2287
2285 2284 2283 2282
2285 2286 2287 2288
2286 2285 2284 2283
2286 2287 2288 2289
2287 2286 2285 2284
2287 2288 2289 2290
2288 2287 2286 2285
2288 2289 2290 2291
2289 2288 2287 2286
2289 2290 2291 2292
2290 2289 2288 2287
2290 2291 2292 2293
2291 2290 2289 2288
2291 2292 2293 2294
2292 2291 2290 2289
2292 2293 2294 2295
2293 2292 2291 2290
2293 2294 2295 2296
2294 2293 2292 2291
2294 2295 2296 2297
2295 2294 2293 2292
2295 2296 2297 2298
2296 2295 2294 2293
2296 2297 2298 2299
2297 2296 2295 2294
2297 2298 2299 2300
2298 2297 2296 2295
2298 2299 2300 2301
2299 2298 2297 2296
2299 2300 2301 2302
2300 2299 2298 2297
2300 2301 2302 2303
2301 2300 2299 2298
2301 2302 2303 2304
2302 2301 2300 2299
2302 2303 2304 2268
2303 2302 2301 2300
2303 2304 2268 2269
2304 2303 2302 2301
2304 2268 2269 2270
2305 2306 2307 2308
2305 2281 2280 2279
2306 2307 2308 2309
2306 2305 2281 2280
2307 2308 2309 2310
2307 2306 2305 2281
2308 2309 2310 2311
2308 2307 2306 2305
2309 2310 2311 2312
2309 2308 2307 2306
2310 2311 2312 2313
2310 2309 2308 2307
2311 2312 2313 2314
2311 2310 2309 2308
2312 2313 2314 2315
2312 2311 2310 2309
2313 2314 2315 2316
2313 2312 2311 2310
2314 2315 2316 2317
2314 2313 2312 2311
2315 2316 2317 2318
2315 2314 2313 2312
2316 2317 2318 2319
2316 2315 2314 2313
2317 2318 2319 2320
2317 2316 2315 2314
2318 2319 2320 2321
2318 2317 2316 2315
2319 2320 2321 2322
2319 2318 2317 2316
2320 2321 2322 2354
2320 2319 2318 2317
2321 2322 2354 2355
2321 2320 2319 2318
2322 2354 2355 2356
2322 2321 2320 2319
2323 2392 2391 2390
2323 2324 2325 2326
2324 2323 2392 2391
2324 2325 2326 2327
2325 2324 2323 2392
2325 2326 2327 2328
2326 2325 2324 2323
2326 2327 2328 2329
2327 2326 2325 2324
2327 2328 2329 2330
2328 2327 2326 2325
2328 2329 2330 2331
2329 2328 2327 2326
2329 2330 2331 2332
2330 2329 2328 2327
2330 2331 2332 2333
2331 2330 2329 2328
2331 2332 2333 2334
2332 2331 2330 2329
2332 2333 2334 2335
2333 2332 2331 2330
2333 2334 2335 2336
2334 2333 2332 2331
2334 2335 2336 2337
2335 2334 2333 2332
2335 2336 2337 2338
2336 2335 2334 2333
2336 2337 2338 2339
2337 2336 2335 2334
2337 2338 2339 2340
2338 2337 2336 2335
2338 2339 2340 2341
2339 2338 2337 2336
2339 2340 2341 2342
2340 2339 2338 2337
2340 2341 2342 2343
2341 2340 2339 2338
2341 2342 2343 2344
2342 2341 2340 2339
2342 2343 2344 2345
2343 2342 2341 2340
2343 2344 2345 2346
2344 2343 2342 2341
2344 2345 2346 2347
2345 2344 2343 2342
2345 2346 2347 2348
2346 2345 2344 2343
2346 2347 2348 2349
2347 2346 2345 2344
2347 2348 2349 2350
2348 2347 2346 2345
2348 2349 2350 2351
2349 2348 2347 2346
2349 2350 2351 2352
2350 2349 2348 2347
2350 2351 2352 2353
2351 2350 2349 2348
2351 2352 2353 2282
2352 2351 2350 2349
2352 2353 2282 2283
2353 2352 2351 2350
2353 2282 2283 2284
2354 2355 2356 2357
2354 2322 2321 2320
2355 2356 2357 2358
2355 2354 2322 2321
2356 2357 2358 2359
2356 2355 2354 2322
2357 2358 2359 2360
2357 2356 2355 2354
2358 2359 2360 2361
2358 2357 2356 2355
2359 2360 2361 2362
2359 2358 2357 2356
2360 2361 2362 2363
2360 2359 2358 2357
2361 2362 2363 2364
2361 2360 2359 2358
2362 2363 2364 2365
2362 2361 2360 2359
2363 2364 2365 2366
2363 2362 2361 2360
2364 2365 2366 2367
2364 2363 2362 2361
2365 2366 2367 2368
2365 2364 2363 2362
2366 2367 2368 2369
2366 2365 2364 2363
2367 2368 2369 2393
2367 2366 2365 2364
2368 2369 2393 2394
2368 2367 2366 2365
2369 2393 2394 2395
2369 2368 2367 2366
2370 2442 2441 2440
2370 2371 2372 2373
2371 2370 2442 2441
2371 2372 2373 2374
2372 2371 2370 2442
2372 2373 2374 2375
2373 2372 2371 2370
2373 2374 2375 2376
2374 2373 2372 2371
2374 2375 2376 2377
2375 2374 2373 2372
2375 2376 2377 2378
2376 2375 2374 2373
2376 2377 2378 2379
2377 2376 2375 2374
2377 2378 2379 2380
2378 2377 2376 2375
2378 2379 2380 2381
2379 2378 2377 2376
2379 2380 2381 2382
2380 2379 2378 2377
2380 2381 2382 2383
2381 2380 2379 2378
2381 2382 2383 2384
2382 2381 2380 2379
2382 2383 2384 2385
2383 2382 2381 2380
2383 2384 2385 2386
2384 2383 2382 2381
2384 2385 2386 2387
2385 2384 2383 2382
2385 2386 2387 2388
2386 2385 2384 2383
2386 2387 2388 2389
2387 2386 2385 2384
2387 2388 2389 2390
2388 2387 2386 2385
2388 2389 2390 2391
2389 2388 2387 2386
2389 2390 2391 2392
2390 2389 2388 2387
2390 2391 2392 2323
2391 2390 2389 2388
2391 2392 2323 2324
2392 2391 2390 2389
2392 2323 2324 2325
2393 2394 2395 2396
2393 2369 2368 2367
2394 2395 2396 2397
2394 2393 2369 2368
2395 2396 2397 2398
2395 2394 2393 2369
2396 2397 2398 2399
2396 2395 2394 2393
2397 2398 2399 2400
2397 2396 2395 2394
2398 2399 2400 2401
2398 2397 2396 2395
2399 2400 2401 2402
2399 2398 2397 2396
2400 2401 2402 2403
2400 2399 2398 2397
2401 2402 2403 2404
2401 2400 2399 2398
2402 2403 2404 2405
2402 2401 2400 2399
2403 2404 2405 2406
2403 2402 2401 2400
2404 2405 2406 2407
2404 2403 2402 2401
2405 2406 2407 2408
2405 2404 2403 2402
2406 2407 2408 2409
2406 2405 2404 2403
2407 2408 2409 2410
2407 2406 2405 2404
2408 2409 2410 2411
2408 2407 2406 2405
2409 2410 2411 2412
2409 2408 2407 2406
2410 2411 2412 2413
2410 2409 2408 2407
2411 2412 2413 2414
2411 2410 2409 2408
2412 2413 2414 2415
2412 2411 2410 2409
2413 2414 2415 2416
2413 2412 2411 2410
2414 2415 2416 2417
2414 2413 2412 2411
2415 2414 2413 2412
2415 2416 2417 2418
2416 2415 2414 2413
2416 2417 2418 2419
2417 2416 2415 2414
2417 2418 2419 2420
2418 2417 2416 2415
2418 2417 2255 -1
2418 2419 2420 2421
2419 2418 2417 2416
2419 2420 2421 2422
2420 2419 2418 2417
2420 2421 2422 2423
2421 2420 2419 2418
2421 2422 2423 2424
2422 2421 2420 2419
2422 2423 2424 2425
2423 2422 2421 2420
2423 2424 2425 2426
2424 2423 2422 2421
2424 2425 2426 2427
2425 2424 2423 2422
2425 2426 2427 2428
2426 2425 2424 2423
2426 2427 2428 2429
2427 2426 2425 2424
2427 2428 2429 2430
2428 2427 2426 2425
2428 2429 2430 2431
2429 2428 2427 2426
2429 2430 2431 2432
2430 2429 2428 2427
2430 2431 2432 2433
2431 2430 2429 2428
2431 2432 2433 2434
2432 2431 2430 2429
2432 2433 2434 2435
2433 2432 2431 2430
2433 2434 2435 2436
2434 2433 2432 2431
2434 2435 2436 2437
2435 2434 2433 2432
2435 2436 2437 2438
2436 2435 2434 2433
2436 2437 2438 2439
2437 2436 2435 2434
2437 2438 2439 2440
2438 2437 2436 2435
2438 2439 2440 2441
2439 2438 2437 2436
2439 2440 2441 2442
2440 2439 2438 2437
2440 2441 2442 2370
2441 2440 2439 2438
2441 2442 2370 2371
2442 2441 2440 2439
2442 2370 2371 2372
