0 17 16 15
0 1 18 19
1 18 19 20
1 0 17 16
2 43 42 41
2 3 4 5
3 2 43 42
3 4 5 6
4 3 2 43
4 5 6 7
5 4 3 2
5 6 7 8
6 5 4 3
6 7 8 9
7 6 5 4
7 8 9 10
8 7 6 5
8 9 10 11
9 8 7 6
9 10 11 12
10 9 8 7
10 11 12 13
11 10 9 8
11 12 13 14
12 11 10 9
12 13 14 15
13 12 11 10
13 14 15 16
14 13 12 11
14 15 16 17
15 14 13 12
15 16 17 0
16 15 14 13
16 17 0 1
17 16 15 14
17 0 1 18
18 19 20 44
18 1 0 17
19 20 44 61
19 18 1 0
20 44 61 84
20 19 18 1
21 60 59 58
21 22 23 24
22 21 60 59
22 23 24 25
23 22 21 60
23 24 25 26
24 23 22 21
24 25 26 27
25 24 23 22
25 26 27 28
26 25 24 23
26 27 28 29
27 26 25 24
27 28 29 30
28 27 26 25
28 29 30 31
29 28 27 26
29 30 31 32
30 29 28 27
30 31 32 33
31 30 29 28
31 32 33 34
32 31 30 29
32 33 34 35
33 32 31 30
33 34 35 36
34 33 32 31
34 35 36 37
35 34 33 32
35 36 37 38
36 35 34 33
36 37 38 39
37 36 35 34
37 38 39 40
38 37 36 35
38 39 40 41
39 38 37 36
39 40 41 42
40 39 38 37
40 41 42 43
41 40 39 38
41 42 43 2
42 41 40 39
42 43 2 3
43 42 41 40
43 2 3 4
44 61 84 85
44 20 19 18
45 83 82 81
45 46 47 48
46 45 83 82
46 47 48 49
47 46 45 83
47 48 49 50
48 47 46 45
48 49 50 51
49 48 47 46
49 50 51 52
50 49 48 47
50 51 52 53
51 50 49 48
51 52 53 54
52 51 50 49
52 53 54 55
53 52 51 50
53 54 55 56
54 53 52 51
54 55 56 57
55 54 53 52
55 56 57 58
56 55 54 53
56 57 58 59
57 56 55 54
57 58 59 60
58 57 56 55
58 59 60 21
59 58 57 56
59 60 21 22
60 59 58 57
60 21 22 23
61 84 85 102
61 44 20 19
62 101 100 99
62 63 64 65
63 62 101 100
63 64 65 66
64 63 62 101
64 65 66 67
65 64 63 62
65 66 67 68
66 65 64 63
66 67 68 69
67 66 65 64
67 68 69 70
68 67 66 65
68 69 70 71
69 68 67 66
69 70 71 72
70 69 68 67
70 71 72 73
71 70 69 68
71 72 73 74
72 71 70 69
72 73 74 75
73 72 71 70
73 74 75 76
74 73 72 71
74 75 76 77
75 74 73 72
75 76 77 78
76 75 74 73
76 77 78 79
77 76 75 74
77 78 79 80
78 77 76 75
78 79 80 81
79 78 77 76
79 80 81 82
80 79 78 77
80 81 82 83
81 80 79 78
81 82 83 45
82 81 80 79
82 83 45 46
83 82 81 80
83 45 46 47
84 85 102 126
84 61 44 20
85 102 126 127
85 84 61 44
86 125 124 123
86 87 88 89
87 86 125 124
87 88 89 90
88 87 86 125
88 89 90 91
89 88 87 86
89 90 91 92
90 89 88 87
90 91 92 93
91 90 89 88
91 92 93 94
92 91 90 89
92 93 94 95
93 92 91 90
93 94 95 96
94 93 92 91
94 95 96 97
95 94 93 92
95 96 97 98
96 95 94 93
96 97 98 99
97 96 95 94
97 98 99 100
98 97 96 95
98 99 100 101
99 98 97 96
99 100 101 62
100 99 98 97
100 101 62 63
101 100 99 98
101 62 63 64
102 126 127 142
102 85 84 61
103 141 140 139
103 104 105 106
104 103 141 140
104 105 106 107
105 104 103 141
105 106 107 108
106 105 104 103
106 107 108 109
107 106 105 104
107 108 109 110
108 107 106 105
108 109 110 111
109 108 107 106
109 110 111 112
110 109 108 107
110 111 112 113
111 110 109 108
111 112 113 114
112 111 110 109
112 113 114 115
113 112 111 110
113 114 115 116
114 113 112 111
114 115 116 117
115 114 113 112
115 116 117 118
116 115 114 113
116 117 118 119
117 116 115 114
117 118 119 120
118 117 116 115
118 119 120 121
119 118 117 116
119 120 121 122
120 119 118 117
120 121 122 123
121 120 119 118
121 122 123 124
122 121 120 119
122 123 124 125
123 122 121 120
123 124 125 86
124 123 122 121
124 125 86 87
125 124 123 122
125 86 87 88
126 127 142 147
126 102 85 84
127 142 147 148
127 126 102 85
128 146 145 144
128 129 130 131
129 128 146 145
129 130 131 132
130 129 128 146
130 131 132 133
131 130 129 128
131 132 133 134
132 131 130 129
132 133 134 135
133 132 131 130
133 134 135 136
134 133 132 131
134 135 136 137
135 134 133 132
135 136 137 138
136 135 134 133
136 137 138 139
137 136 135 134
137 138 139 140
138 137 136 135
138 139 140 141
139 138 137 136
139 140 141 103
140 139 138 137
140 141 103 104
141 140 139 138
141 103 104 105
142 147 148 152
142 127 126 102
143 151 150 149
143 144 145 146
144 143 151 150
144 145 146 128
145 144 143 151
145 146 128 129
146 145 144 143
146 128 129 130
147 148 152 155
147 142 127 126
148 152 155 156
148 147 142 127
149 154 153 159
149 150 151 143
150 149 154 153
150 151 143 144
151 150 149 154
151 143 144 145
152 155 156 160
152 148 147 142
153 159 158 157
153 154 149 150
154 153 159 158
154 149 150 151
155 156 160 163
155 152 148 147
156 160 163 164
156 155 152 148
157 162 161 167
157 158 159 153
158 157 162 161
158 159 153 154
159 158 157 162
159 153 154 149
160 163 164 168
160 156 155 152
161 167 166 165
161 162 157 158
162 161 167 166
162 157 158 159
163 164 168 171
163 160 156 155
164 168 171 172
164 163 160 156
165 170 169 175
165 166 167 161
166 165 170 169
166 167 161 162
167 166 165 170
167 161 162 157
168 171 172 176
168 164 163 160
169 175 174 173
169 170 165 166
170 169 175 174
170 165 166 167
171 172 176 179
171 168 164 163
172 176 179 183
172 171 168 164
173 178 177 182
173 174 175 169
174 173 178 177
174 175 169 170
175 174 173 178
175 169 170 165
176 179 183 186
176 172 171 168
177 182 181 180
177 178 173 174
178 177 182 181
178 173 174 175
179 183 186 190
179 176 172 171
180 185 184 189
180 181 182 177
181 180 185 184
181 182 177 178
182 181 180 185
182 177 178 173
183 186 190 193
183 179 176 172
184 189 188 187
184 185 180 181
185 184 189 188
185 180 181 182
186 190 193 197
186 183 179 176
187 192 191 196
187 188 189 184
188 187 192 191
188 189 184 185
189 188 187 192
189 184 185 180
190 193 197 200
190 186 183 179
191 196 195 194
191 192 187 188
192 191 196 195
192 187 188 189
193 197 200 203
193 190 186 183
194 199 198 202
194 195 196 191
195 194 199 198
195 196 191 192
196 195 194 199
196 191 192 187
197 200 203 206
197 193 190 186
198 202 201 205
198 199 194 195
199 198 202 201
199 194 195 196
200 203 206 209
200 197 193 190
201 205 204 208
201 202 198 199
202 201 205 204
202 198 199 194
203 206 209 213
203 200 197 193
204 208 207 212
204 205 201 202
205 204 208 207
205 201 202 198
206 209 213 216
206 203 200 197
207 212 211 210
207 208 204 205
208 207 212 211
208 204 205 201
209 213 216 219
209 206 203 200
210 215 214 218
210 211 212 207
211 210 215 214
211 212 207 208
212 211 210 215
212 207 208 204
213 216 219 222
213 209 206 203
214 218 217 221
214 215 210 211
215 214 218 217
215 210 211 212
216 219 222 225
216 213 209 206
217 221 220 224
217 218 214 215
218 217 221 220
218 214 215 210
219 222 225 229
219 216 213 209
220 224 223 228
220 221 217 218
221 220 224 223
221 217 218 214
222 225 229 232
222 219 216 213
223 228 227 226
223 224 220 221
224 223 228 227
224 220 221 217
225 229 232 235
225 222 219 216
226 231 230 234
226 227 228 223
227 226 231 230
227 228 223 224
228 227 226 231
228 223 224 220
229 232 235 238
229 225 222 219
230 234 233 237
230 231 226 227
231 230 234 233
231 226 227 228
232 235 238 241
232 229 225 222
233 237 236 240
233 234 230 231
234 233 237 236
234 230 231 226
235 238 241 244
235 232 229 225
236 240 239 243
236 237 233 234
237 236 240 239
237 233 234 230
238 241 244 247
238 235 232 229
239 243 242 246
239 240 236 237
240 239 243 242
240 236 237 233
241 244 247 250
241 238 235 232
242 246 245 249
242 243 239 240
243 242 246 245
243 239 240 236
244 247 250 253
244 241 238 235
245 249 248 252
245 246 242 243
246 245 249 248
246 242 243 239
247 250 253 256
247 244 241 238
248 252 251 255
248 249 245 246
249 248 252 251
249 245 246 242
250 253 256 259
250 247 244 241
251 255 254 258
251 252 248 249
252 251 255 254
252 248 249 245
253 256 259 260
253 250 247 244
254 258 257 262
254 255 251 252
255 254 258 257
255 251 252 248
256 259 260 263
256 253 250 247
257 262 261 265
257 258 254 255
258 257 262 261
258 254 255 251
259 260 263 266
259 256 253 250
260 263 266 267
260 259 256 253
261 265 264 269
261 262 257 258
262 261 265 264
262 257 258 254
263 266 267 270
263 260 259 256
264 269 268 272
264 265 261 262
265 264 269 268
265 261 262 257
266 267 270 273
266 263 260 259
267 270 273 274
267 266 263 260
268 272 271 276
268 269 264 265
269 268 272 271
269 264 265 261
270 273 274 277
270 267 266 263
271 276 275 279
271 272 268 269
272 271 276 275
272 268 269 264
273 274 277 280
273 270 267 266
274 277 280 281
274 273 270 267
275 279 278 283
275 276 271 272
276 275 279 278
276 271 272 268
277 280 281 284
277 274 273 270
278 283 282 286
278 279 275 276
279 278 283 282
279 275 276 271
280 281 284 287
280 277 274 273
281 284 287 288
281 280 277 274
282 286 285 290
282 283 278 279
283 282 286 285
283 278 279 275
284 287 288 291
284 281 280 277
285 290 289 293
285 286 282 283
286 285 290 289
286 282 283 278
287 288 291 294
287 284 281 280
288 291 294 295
288 287 284 281
289 293 292 297
289 290 285 286
290 289 293 292
290 285 286 282
291 294 295 298
291 288 287 284
292 297 296 301
292 293 289 290
293 292 297 296
293 289 290 285
294 295 298 302
294 291 288 287
295 298 302 303
295 294 291 288
296 301 300 299
296 297 292 293
297 296 301 300
297 292 293 289
298 302 303 306
298 295 294 291
299 305 304 308
299 300 301 296
300 299 305 304
300 301 296 297
301 300 299 305
301 296 297 292
302 303 306 309
302 298 295 294
303 306 309 310
303 302 298 295
304 308 307 312
304 305 299 300
305 304 308 307
305 299 300 301
306 309 310 313
306 303 302 298
307 312 311 315
307 308 304 305
308 307 312 311
308 304 305 299
309 310 313 316
309 306 303 302
310 313 316 317
310 309 306 303
311 315 314 319
311 312 307 308
312 311 315 314
312 307 308 304
313 316 317 320
313 310 309 306
314 319 318 322
314 315 311 312
315 314 319 318
315 311 312 307
316 317 320 323
316 313 310 309
317 320 323 324
317 316 313 310
318 322 321 326
318 319 314 315
319 318 322 321
319 314 315 311
320 323 324 327
320 317 316 313
321 326 325 329
321 322 318 319
322 321 326 325
322 318 319 314
323 324 327 330
323 320 317 316
324 327 330 331
324 323 320 317
325 329 328 333
325 326 321 322
326 325 329 328
326 321 322 318
327 330 331 334
327 324 323 320
328 333 332 336
328 329 325 326
329 328 333 332
329 325 326 321
330 331 334 337
330 327 324 323
331 334 337 338
331 330 327 324
332 336 335 340
332 333 328 329
333 332 336 335
333 328 329 325
334 337 338 341
334 331 330 327
335 340 339 343
335 336 332 333
336 335 340 339
336 332 333 328
337 338 341 344
337 334 331 330
338 341 344 345
338 337 334 331
339 343 342 347
339 340 335 336
340 339 343 342
340 335 336 332
341 344 345 348
341 338 337 334
342 347 346 350
342 343 339 340
343 342 347 346
343 339 340 335
344 345 348 351
344 341 338 337
345 348 351 352
345 344 341 338
346 350 349 354
346 347 342 343
347 346 350 349
347 342 343 339
348 351 352 355
348 345 344 341
349 354 353 356
349 350 346 347
350 349 354 353
350 346 347 342
351 352 355 357
351 348 345 344
352 355 357 358
352 351 348 345
353 356 359 362
353 354 349 350
354 353 356 359
354 349 350 346
355 357 358 360
355 352 351 348
356 359 362 361
356 353 354 349
357 358 360 363
357 355 352 351
358 360 363 364
358 357 355 352
359 362 361 366
359 356 353 354
360 363 364 367
360 358 357 355
361 366 365 369
361 362 359 356
362 361 366 365
362 359 356 353
363 364 367 370
363 360 358 357
364 367 370 371
364 363 360 358
365 369 368 373
365 366 361 362
366 365 369 368
366 361 362 359
367 370 371 374
367 364 363 360
368 373 372 376
368 369 365 366
369 368 373 372
369 365 366 361
370 371 374 377
370 367 364 363
371 374 377 378
371 370 367 364
372 376 375 379
372 373 368 369
373 372 376 375
373 368 369 365
374 377 378 380
374 371 370 367
375 379 381 385
375 376 372 373
376 375 379 381
376 372 373 368
377 378 380 382
377 374 371 370
378 380 382 383
378 377 374 371
379 381 385 384
379 375 376 372
380 382 383 386
380 378 377 374
381 385 384 388
381 379 375 376
382 383 386 389
382 380 378 377
383 386 389 392
383 382 380 378
384 388 387 391
384 385 381 379
385 384 388 387
385 381 379 375
386 389 392 394
386 383 382 380
387 391 390 393
387 388 384 385
388 387 391 390
388 384 385 381
389 392 394 396
389 386 383 382
390 393 395 398
390 391 387 388
391 390 393 395
391 387 388 384
392 394 396 399
392 389 386 383
393 395 398 397
393 390 391 387
394 396 399 402
394 392 389 386
395 398 397 401
395 393 390 391
396 399 402 404
396 394 392 389
397 401 400 403
397 398 395 393
398 397 401 400
398 395 393 390
399 402 404 407
399 396 394 392
400 403 406 405
400 401 397 398
401 400 403 406
401 397 398 395
402 404 407 410
402 399 396 394
403 406 405 409
403 400 401 397
404 407 410 412
404 402 399 396
405 409 408 411
405 406 403 400
406 405 409 408
406 403 400 401
407 410 412 415
407 404 402 399
408 411 414 413
408 409 405 406
409 408 411 414
409 405 406 403
410 412 415 418
410 407 404 402
411 414 413 417
411 408 409 405
412 415 418 420
412 410 407 404
413 417 416 419
413 414 411 408
414 413 417 416
414 411 408 409
415 418 420 423
415 412 410 407
416 419 422 421
416 417 413 414
417 416 419 422
417 413 414 411
418 420 423 425
418 415 412 410
419 422 421 424
419 416 417 413
420 423 425 427
420 418 415 412
421 424 426 429
421 422 419 416
422 421 424 426
422 419 416 417
423 425 427 430
423 420 418 415
424 426 429 428
424 421 422 419
425 427 430 432
425 423 420 418
426 429 428 431
426 424 421 422
427 430 432 435
427 425 423 420
428 431 434 433
428 429 426 424
429 428 431 434
429 426 424 421
430 432 435 437
430 427 425 423
431 434 433 436
431 428 429 426
432 435 437 439
432 430 427 425
433 436 438 441
433 434 431 428
434 433 436 438
434 431 428 429
435 437 439 442
435 432 430 427
436 438 441 440
436 433 434 431
437 439 442 444
437 435 432 430
438 441 440 443
438 436 433 434
439 442 444 447
439 437 435 432
440 443 446 445
440 441 438 436
441 440 443 446
441 438 436 433
442 444 447 449
442 439 437 435
443 446 445 448
443 440 441 438
444 447 449 452
444 442 439 437
445 448 451 450
445 446 443 440
446 445 448 451
446 443 440 441
447 449 452 454
447 444 442 439
448 451 450 453
448 445 446 443
449 452 454 457
449 447 444 442
450 453 456 455
450 451 448 445
451 450 453 456
451 448 445 446
452 454 457 459
452 449 447 444
453 456 455 458
453 450 451 448
454 457 459 462
454 452 449 447
455 458 461 460
455 456 453 450
456 455 458 461
456 453 450 451
457 459 462 464
457 454 452 449
458 461 460 463
458 455 456 453
459 462 464 467
459 457 454 452
460 463 466 465
460 461 458 455
461 460 463 466
461 458 455 456
462 464 467 468
462 459 457 454
463 466 465 469
463 460 461 458
464 467 468 470
464 462 459 457
465 469 472 471
465 466 463 460
466 465 469 472
466 463 460 461
467 468 470 473
467 464 462 459
468 470 473 474
468 467 464 462
469 472 471 475
469 465 466 463
470 473 474 476
470 468 467 464
471 475 478 477
471 472 469 465
472 471 475 478
472 469 465 466
473 474 476 479
473 470 468 467
474 476 479 480
474 473 470 468
475 478 477 481
475 471 472 469
476 479 480 482
476 474 473 470
477 481 484 483
477 478 475 471
478 477 481 484
478 475 471 472
479 480 482 485
479 476 474 473
480 482 485 486
480 479 476 474
481 484 483 487
481 477 478 475
482 485 486 488
482 480 479 476
483 487 489 492
483 484 481 477
484 483 487 489
484 481 477 478
485 486 488 490
485 482 480 479
486 488 490 491
486 485 482 480
487 489 492 494
487 483 484 481
488 490 491 493
488 486 485 482
489 492 494 498
489 487 483 484
490 491 493 495
490 488 486 485
491 493 495 496
491 490 488 486
492 494 498 497
492 489 487 483
493 495 496 499
493 491 490 488
494 498 497 500
494 492 489 487
495 496 499 501
495 493 491 490
496 499 501 502
496 495 493 491
497 500 504 503
497 498 494 492
498 497 500 504
498 494 492 489
499 501 502 505
499 496 495 493
500 504 503 506
500 497 498 494
501 502 505 507
501 499 496 495
502 505 507 508
502 501 499 496
503 506 509 511
503 504 500 497
504 503 506 509
504 500 497 498
505 507 508 510
505 502 501 499
506 509 511 514
506 503 504 500
507 508 510 512
507 505 502 501
508 510 512 513
508 507 505 502
509 511 514 517
509 506 503 504
510 512 513 515
510 508 507 505
511 514 517 516
511 509 506 503
512 513 515 518
512 510 508 507
513 515 518 519
513 512 510 508
514 517 516 520
514 511 509 506
515 518 519 521
515 513 512 510
516 520 522 525
516 517 514 511
517 516 520 522
517 514 511 509
518 519 521 523
518 515 513 512
519 521 523 524
519 518 515 513
520 522 525 527
520 516 517 514
521 523 524 526
521 519 518 515
522 525 527 530
522 520 516 517
523 524 526 528
523 521 519 518
524 526 528 529
524 523 521 519
525 527 530 532
525 522 520 516
526 528 529 531
526 524 523 521
527 530 532 535
527 525 522 520
528 529 531 533
528 526 524 523
529 531 533 534
529 528 526 524
530 532 535 538
530 527 525 522
531 533 534 536
531 529 528 526
532 535 538 537
532 530 527 525
533 534 536 539
533 531 529 528
534 536 539 540
534 533 531 529
535 538 537 541
535 532 530 527
536 539 540 542
536 534 533 531
537 541 543 546
537 538 535 532
538 537 541 543
538 535 532 530
539 540 542 544
539 536 534 533
540 542 544 545
540 539 536 534
541 543 546 548
541 537 538 535
542 544 545 547
542 540 539 536
543 546 548 551
543 541 537 538
544 545 547 549
544 542 540 539
545 547 549 550
545 544 542 540
546 548 551 553
546 543 541 537
547 549 550 552
547 545 544 542
548 551 553 556
548 546 543 541
549 550 552 554
549 547 545 544
550 552 554 555
550 549 547 545
551 553 556 558
551 548 546 543
552 554 555 557
552 550 549 547
553 556 558 561
553 551 548 546
554 555 557 559
554 552 550 549
555 557 559 560
555 554 552 550
556 558 561 563
556 553 551 548
557 559 560 562
557 555 554 552
558 561 563 566
558 556 553 551
559 560 562 564
559 557 555 554
560 562 564 565
560 559 557 555
561 563 566 568
561 558 556 553
562 564 565 567
562 560 559 557
563 566 568 570
563 561 558 556
564 565 567 569
564 562 560 559
565 567 569 571
565 564 562 560
566 568 570 572
566 563 561 558
567 569 571 573
567 565 564 562
568 570 572 574
568 566 563 561
569 571 573 575
569 567 565 564
570 572 574 576
570 568 566 563
571 573 575 577
571 569 567 565
572 574 576 578
572 570 568 566
573 575 577 579
573 571 569 567
574 576 578 581
574 572 570 568
575 577 579 582
575 573 571 569
576 578 581 580
576 574 572 570
577 579 582 584
577 575 573 571
578 581 580 583
578 576 574 572
579 582 584 586
579 577 575 573
580 583 585 587
580 581 578 576
581 580 583 585
581 578 576 574
582 584 586 588
582 579 577 575
583 585 587 589
583 580 581 578
584 586 588 590
584 582 579 577
585 587 589 591
585 583 580 581
586 588 590 592
586 584 582 579
587 589 591 593
587 585 583 580
588 590 592 594
588 586 584 582
589 591 593 595
589 587 585 583
590 592 594 596
590 588 586 584
591 593 595 598
591 589 587 585
592 594 596 597
592 590 588 586
593 595 598 600
593 591 589 587
594 596 597 599
594 592 590 588
595 598 600 602
595 593 591 589
596 597 599 601
596 594 592 590
597 599 601 603
597 596 594 592
598 600 602 604
598 595 593 591
599 601 603 605
599 597 596 594
600 602 604 606
600 598 595 593
601 603 605 607
601 599 597 596
602 604 606 608
602 600 598 595
603 605 607 609
603 601 599 597
604 606 608 611
604 602 600 598
605 607 609 612
605 603 601 599
606 608 611 610
606 604 602 600
607 609 612 614
607 605 603 601
608 611 610 613
608 606 604 602
609 612 614 616
609 607 605 603
610 613 615 617
610 611 608 606
611 610 613 615
611 608 606 604
612 614 616 618
612 609 607 605
613 615 617 619
613 610 611 608
614 616 618 620
614 612 609 607
615 617 619 621
615 613 610 611
616 618 620 622
616 614 612 609
617 619 621 623
617 615 613 610
618 620 622 624
618 616 614 612
619 621 623 625
619 617 615 613
620 622 624 626
620 618 616 614
621 623 625 627
621 619 617 615
622 624 626 628
622 620 618 616
623 625 627 629
623 621 619 617
624 626 628 630
624 622 620 618
625 627 629 631
625 623 621 619
626 628 630 632
626 624 622 620
627 629 631 633
627 625 623 621
628 630 632 634
628 626 624 622
629 631 633 635
629 627 625 623
630 632 634 636
630 628 626 624
631 633 635 637
631 629 627 625
632 634 636 638
632 630 628 626
633 635 637 639
633 631 629 627
634 636 638 640
634 632 630 628
635 637 639 641
635 633 631 629
636 638 640 642
636 634 632 630
637 639 641 643
637 635 633 631
638 640 642 644
638 636 634 632
639 641 643 645
639 637 635 633
640 642 644 646
640 638 636 634
641 643 645 647
641 639 637 635
642 644 646 648
642 640 638 636
643 645 647 649
643 641 639 637
644 646 648 650
644 642 640 638
645 647 649 651
645 643 641 639
646 648 650 652
646 644 642 640
647 649 651 653
647 645 643 641
648 650 652 654
648 646 644 642
649 651 653 655
649 647 645 643
650 652 654 656
650 648 646 644
651 653 655 657
651 649 647 645
652 654 656 658
652 650 648 646
653 655 657 659
653 651 649 647
654 656 658 660
654 652 650 648
655 657 659 661
655 653 651 649
656 658 660 662
656 654 652 650
657 659 661 663
657 655 653 651
658 660 662 664
658 656 654 652
659 661 663 665
659 657 655 653
660 662 664 666
660 658 656 654
661 663 665 667
661 659 657 655
662 664 666 668
662 660 658 656
663 665 667 669
663 661 659 657
664 666 668 670
664 662 660 658
665 667 669 671
665 663 661 659
666 668 670 672
666 664 662 660
667 669 671 673
667 665 663 661
668 670 672 674
668 666 664 662
669 671 673 675
669 667 665 663
670 672 674 676
670 668 666 664
671 673 675 677
671 669 667 665
672 674 676 678
672 670 668 666
673 675 677 679
673 671 669 667
674 676 678 680
674 672 670 668
675 677 679 681
675 673 671 669
676 678 680 682
676 674 672 670
677 679 681 683
677 675 673 671
678 680 682 684
678 676 674 672
679 681 683 685
679 677 675 673
680 682 684 686
680 678 676 674
681 683 685 687
681 679 677 675
682 684 686 688
682 680 678 676
683 685 687 689
683 681 679 677
684 686 688 690
684 682 680 678
685 687 689 692
685 683 681 679
686 688 690 693
686 684 682 680
687 689 692 691
687 685 683 681
688 690 693 695
688 686 684 682
689 692 691 694
689 687 685 683
690 693 695 697
690 688 686 684
691 694 696 698
691 692 689 687
692 691 694 696
692 689 687 685
693 695 697 699
693 690 688 686
694 696 698 700
694 691 692 689
695 697 699 701
695 693 690 688
696 698 700 702
696 694 691 692
697 699 701 703
697 695 693 690
698 700 702 704
698 696 694 691
699 701 703 705
699 697 695 693
700 702 704 706
700 698 696 694
701 703 705 707
701 699 697 695
702 704 706 708
702 700 698 696
703 705 707 709
703 701 699 697
704 706 708 710
704 702 700 698
705 707 709 711
705 703 701 699
706 708 710 712
706 704 702 700
707 709 711 713
707 705 703 701
708 710 712 714
708 706 704 702
709 711 713 715
709 707 705 703
710 712 714 716
710 708 706 704
711 713 715 717
711 709 707 705
712 714 716 718
712 710 708 706
713 715 717 719
713 711 709 707
714 716 718 720
714 712 710 708
715 717 719 721
715 713 711 709
716 718 720 722
716 714 712 710
717 719 721 723
717 715 713 711
718 720 722 724
718 716 714 712
719 721 723 725
719 717 715 713
720 722 724 726
720 718 716 714
721 723 725 727
721 719 717 715
722 724 726 728
722 720 718 716
723 725 727 729
723 721 719 717
724 726 728 730
724 722 720 718
725 727 729 731
725 723 721 719
726 728 730 732
726 724 722 720
727 729 731 733
727 725 723 721
728 730 732 734
728 726 724 722
729 731 733 735
729 727 725 723
730 732 734 736
730 728 726 724
731 733 735 737
731 729 727 725
732 734 736 738
732 730 728 726
733 735 737 739
733 731 729 727
734 736 738 740
734 732 730 728
735 737 739 741
735 733 731 729
736 738 740 742
736 734 732 730
737 739 741 743
737 735 733 731
738 740 742 744
738 736 734 732
739 741 743 745
739 737 735 733
740 742 744 746
740 738 736 734
741 743 745 747
741 739 737 735
742 744 746 748
742 740 738 736
743 745 747 749
743 741 739 737
744 746 748 750
744 742 740 738
745 747 749 751
745 743 741 739
746 748 750 752
746 744 742 740
747 749 751 753
747 745 743 741
748 750 752 754
748 746 744 742
749 751 753 755
749 747 745 743
750 752 754 756
750 748 746 744
751 753 755 757
751 749 747 745
752 754 756 758
752 750 748 746
753 755 757 759
753 751 749 747
754 756 758 760
754 752 750 748
755 757 759 761
755 753 751 749
756 758 760 762
756 754 752 750
757 759 761 763
757 755 753 751
758 760 762 764
758 756 754 752
759 761 763 765
759 757 755 753
760 762 764 766
760 758 756 754
761 763 765 767
761 759 757 755
762 764 766 768
762 760 758 756
763 765 767 769
763 761 759 757
764 766 768 770
764 762 760 758
765 767 769 771
765 763 761 759
766 768 770 772
766 764 762 760
767 769 771 773
767 765 763 761
768 770 772 774
768 766 764 762
769 771 773 775
769 767 765 763
770 772 774 776
770 768 766 764
771 773 775 777
771 769 767 765
772 774 776 778
772 770 768 766
773 775 777 779
773 771 769 767
774 776 778 780
774 772 770 768
775 777 779 781
775 773 771 769
776 778 780 782
776 774 772 770
777 779 781 783
777 775 773 771
778 780 782 784
778 776 774 772
779 781 783 785
779 777 775 773
780 782 784 786
780 778 776 774
781 783 785 787
781 779 777 775
782 784 786 788
782 780 778 776
783 785 787 789
783 781 779 777
784 786 788 790
784 782 780 778
785 787 789 791
785 783 781 779
786 788 790 792
786 784 782 780
787 789 791 793
787 785 783 781
788 790 792 794
788 786 784 782
789 791 793 795
789 787 785 783
790 792 794 796
790 788 786 784
791 793 795 797
791 789 787 785
792 794 796 798
792 790 788 786
793 795 797 799
793 791 789 787
794 796 798 800
794 792 790 788
795 797 799 801
795 793 791 789
796 798 800 802
796 794 792 790
797 799 801 803
797 795 793 791
798 800 802 804
798 796 794 792
799 801 803 805
799 797 795 793
800 802 804 806
800 798 796 794
801 803 805 807
801 799 797 795
802 804 806 808
802 800 798 796
803 805 807 809
803 801 799 797
804 806 808 810
804 802 800 798
805 807 809 811
805 803 801 799
806 808 810 812
806 804 802 800
807 809 811 813
807 805 803 801
808 810 812 814
808 806 804 802
809 811 813 815
809 807 805 803
810 812 814 816
810 808 806 804
811 813 815 817
811 809 807 805
812 814 816 818
812 810 808 806
813 815 817 819
813 811 809 807
814 816 818 820
814 812 810 808
815 817 819 821
815 813 811 809
816 818 820 822
816 814 812 810
817 819 821 823
817 815 813 811
818 820 822 824
818 816 814 812
819 821 823 825
819 817 815 813
820 822 824 826
820 818 816 814
821 823 825 827
821 819 817 815
822 824 826 828
822 820 818 816
823 825 827 829
823 821 819 817
824 826 828 830
824 822 820 818
825 827 829 831
825 823 821 819
826 828 830 832
826 824 822 820
827 829 831 833
827 825 823 821
828 830 832 834
828 826 824 822
829 831 833 835
829 827 825 823
830 832 834 836
830 828 826 824
831 833 835 837
831 829 827 825
832 834 836 838
832 830 828 826
833 835 837 839
833 831 829 827
834 836 838 840
834 832 830 828
835 837 839 841
835 833 831 829
836 838 840 842
836 834 832 830
837 839 841 843
837 835 833 831
838 840 842 844
838 836 834 832
839 841 843 845
839 837 835 833
840 842 844 846
840 838 836 834
841 843 845 847
841 839 837 835
842 844 846 848
842 840 838 836
843 845 847 849
843 841 839 837
844 846 848 850
844 842 840 838
845 847 849 851
845 843 841 839
846 848 850 852
846 844 842 840
847 849 851 853
847 845 843 841
848 850 852 854
848 846 844 842
849 851 853 855
849 847 845 843
850 852 854 856
850 848 846 844
851 853 855 857
851 849 847 845
852 854 856 858
852 850 848 846
853 855 857 859
853 851 849 847
854 856 858 860
854 852 850 848
855 857 859 861
855 853 851 849
856 858 860 862
856 854 852 850
857 859 861 863
857 855 853 851
858 860 862 864
858 856 854 852
859 861 863 865
859 857 855 853
860 862 864 866
860 858 856 854
861 863 865 867
861 859 857 855
862 864 866 868
862 860 858 856
863 865 867 869
863 861 859 857
864 866 868 870
864 862 860 858
865 867 869 871
865 863 861 859
866 868 870 872
866 864 862 860
867 869 871 873
867 865 863 861
868 870 872 874
868 866 864 862
869 871 873 875
869 867 865 863
870 872 874 876
870 868 866 864
871 873 875 877
871 869 867 865
872 874 876 878
872 870 868 866
873 875 877 879
873 871 869 867
874 876 878 880
874 872 870 868
875 877 879 881
875 873 871 869
876 878 880 882
876 874 872 870
877 879 881 883
877 875 873 871
878 880 882 884
878 876 874 872
879 881 883 885
879 877 875 873
880 882 884 886
880 878 876 874
881 883 885 887
881 879 877 875
882 884 886 888
882 880 878 876
883 885 887 889
883 881 879 877
884 886 888 890
884 882 880 878
885 887 889 891
885 883 881 879
886 888 890 892
886 884 882 880
887 889 891 893
887 885 883 881
888 890 892 894
888 886 884 882
889 891 893 895
889 887 885 883
890 892 894 896
890 888 886 884
891 893 895 897
891 889 887 885
892 894 896 898
892 890 888 886
893 895 897 899
893 891 889 887
894 896 898 900
894 892 890 888
895 897 899 901
895 893 891 889
896 898 900 902
896 894 892 890
897 899 901 903
897 895 893 891
898 900 902 904
898 896 894 892
899 901 903 905
899 897 895 893
900 902 904 906
900 898 896 894
901 903 905 907
901 899 897 895
902 904 906 908
902 900 898 896
903 905 907 909
903 901 899 897
904 906 908 910
904 902 900 898
905 907 909 911
905 903 901 899
906 908 910 912
906 904 902 900
907 909 911 913
907 905 903 901
908 910 912 914
908 906 904 902
909 911 913 915
909 907 905 903
910 912 914 916
910 908 906 904
911 913 915 917
911 909 907 905
912 914 916 918
912 910 908 906
913 915 917 919
913 911 909 907
914 916 918 920
914 912 910 908
915 917 919 921
915 913 911 909
916 918 920 922
916 914 912 910
917 919 921 923
917 915 913 911
918 920 922 924
918 916 914 912
919 921 923 925
919 917 915 913
920 922 924 926
920 918 916 914
921 923 925 927
921 919 917 915
922 924 926 928
922 920 918 916
923 925 927 929
923 921 919 917
924 926 928 930
924 922 920 918
925 927 929 931
925 923 921 919
926 928 930 932
926 924 922 920
927 929 931 933
927 925 923 921
928 930 932 934
928 926 924 922
929 931 933 935
929 927 925 923
930 932 934 936
930 928 926 924
931 933 935 937
931 929 927 925
932 934 936 938
932 930 928 926
933 935 937 939
933 931 929 927
934 936 938 940
934 932 930 928
935 937 939 941
935 933 931 929
936 938 940 942
936 934 932 930
937 939 941 943
937 935 933 931
938 940 942 944
938 936 934 932
939 941 943 945
939 937 935 933
940 942 944 946
940 938 936 934
941 943 945 947
941 939 937 935
942 944 946 948
942 940 938 936
943 945 947 949
943 941 939 937
944 946 948 950
944 942 940 938
945 947 949 951
945 943 941 939
946 948 950 952
946 944 942 940
947 949 951 953
947 945 943 941
948 950 952 954
948 946 944 942
949 951 953 955
949 947 945 943
950 952 954 956
950 948 946 944
951 953 955 957
951 949 947 945
952 954 956 958
952 950 948 946
953 955 957 959
953 951 949 947
954 956 958 960
954 952 950 948
955 957 959 961
955 953 951 949
956 958 960 962
956 954 952 950
957 959 961 963
957 955 953 951
958 960 962 964
958 956 954 952
959 961 963 965
959 957 955 953
960 962 964 966
960 958 956 954
961 963 965 967
961 959 957 955
962 964 966 968
962 960 958 956
963 965 967 969
963 961 959 957
964 966 968 970
964 962 960 958
965 967 969 971
965 963 961 959
966 968 970 972
966 964 962 960
967 969 971 973
967 965 963 961
968 970 972 974
968 966 964 962
969 971 973 975
969 967 965 963
970 972 974 976
970 968 966 964
971 973 975 977
971 969 967 965
972 974 976 978
972 970 968 966
973 975 977 979
973 971 969 967
974 976 978 980
974 972 970 968
975 977 979 981
975 973 971 969
976 978 980 982
976 974 972 970
977 979 981 983
977 975 973 971
978 980 982 984
978 976 974 972
979 981 983 985
979 977 975 973
980 982 984 986
980 978 976 974
981 983 985 987
981 979 977 975
982 984 986 988
982 980 978 976
983 985 987 989
983 981 979 977
984 986 988 990
984 982 980 978
985 987 989 991
985 983 981 979
986 988 990 992
986 984 982 980
987 989 991 993
987 985 983 981
988 990 992 994
988 986 984 982
989 991 993 995
989 987 985 983
990 992 994 996
990 988 986 984
991 993 995 997
991 989 987 985
992 994 996 998
992 990 988 986
993 995 997 999
993 991 989 987
994 996 998 1000
994 992 990 988
995 997 999 1001
995 993 991 989
996 998 1000 1002
996 994 992 990
997 999 1001 1003
997 995 993 991
998 1000 1002 1004
998 996 994 992
999 1001 1003 1005
999 997 995 993
1000 1002 1004 1006
1000 998 996 994
1001 1003 1005 1007
1001 999 997 995
1002 1004 1006 1008
1002 1000 998 996
1003 1005 1007 1009
1003 1001 999 997
1004 1006 1008 1010
1004 1002 1000 998
1005 1007 1009 1011
1005 1003 1001 999
1006 1008 1010 1012
1006 1004 1002 1000
1007 1009 1011 1013
1007 1005 1003 1001
1008 1010 1012 1014
1008 1006 1004 1002
1009 1011 1013 1015
1009 1007 1005 1003
1010 1012 1014 1016
1010 1008 1006 1004
1011 1013 1015 1017
1011 1009 1007 1005
1012 1014 1016 1018
1012 1010 1008 1006
1013 1015 1017 1019
1013 1011 1009 1007
1014 1016 1018 1020
1014 1012 1010 1008
1015 1017 1019 1021
1015 1013 1011 1009
1016 1018 1020 1022
1016 1014 1012 1010
1017 1019 1021 1023
1017 1015 1013 1011
1018 1020 1022 1024
1018 1016 1014 1012
1019 1021 1023 1025
1019 1017 1015 1013
1020 1022 1024 1026
1020 1018 1016 1014
1021 1023 1025 1027
1021 1019 1017 1015
1022 1024 1026 1028
1022 1020 1018 1016
1023 1025 1027 1029
1023 1021 1019 1017
1024 1026 1028 1030
1024 1022 1020 1018
1025 1027 1029 1031
1025 1023 1021 1019
1026 1028 1030 1032
1026 1024 1022 1020
1027 1029 1031 1033
1027 1025 1023 1021
1028 1030 1032 1034
1028 1026 1024 1022
1029 1031 1033 1035
1029 1027 1025 1023
1030 1032 1034 1036
1030 1028 1026 1024
1031 1033 1035 1037
1031 1029 1027 1025
1032 1034 1036 1038
1032 1030 1028 1026
1033 1035 1037 1039
1033 1031 1029 1027
1034 1036 1038 1040
1034 1032 1030 1028
1035 1037 1039 1041
1035 1033 1031 1029
1036 1038 1040 1042
1036 1034 1032 1030
1037 1039 1041 1043
1037 1035 1033 1031
1038 1040 1042 1044
1038 1036 1034 1032
1039 1041 1043 1045
1039 1037 1035 1033
1040 1042 1044 1046
1040 1038 1036 1034
1041 1043 1045 1047
1041 1039 1037 1035
1042 1044 1046 1048
1042 1040 1038 1036
1043 1045 1047 1049
1043 1041 1039 1037
1044 1046 1048 1050
1044 1042 1040 1038
1045 1047 1049 1051
1045 1043 1041 1039
1046 1048 1050 1052
1046 1044 1042 1040
1047 1049 1051 1053
1047 1045 1043 1041
1048 1050 1052 1054
1048 1046 1044 1042
1049 1051 1053 1055
1049 1047 1045 1043
1050 1052 1054 1056
1050 1048 1046 1044
1051 1053 1055 1057
1051 1049 1047 1045
1052 1054 1056 1058
1052 1050 1048 1046
1053 1055 1057 1059
1053 1051 1049 1047
1054 1056 1058 1060
1054 1052 1050 1048
1055 1057 1059 1061
1055 1053 1051 1049
1056 1058 1060 1062
1056 1054 1052 1050
1057 1059 1061 1063
1057 1055 1053 1051
1058 1060 1062 1064
1058 1056 1054 1052
1059 1061 1063 1065
1059 1057 1055 1053
1060 1062 1064 1066
1060 1058 1056 1054
1061 1063 1065 1067
1061 1059 1057 1055
1062 1064 1066 1068
1062 1060 1058 1056
1063 1065 1067 1069
1063 1061 1059 1057
1064 1066 1068 1070
1064 1062 1060 1058
1065 1067 1069 1071
1065 1063 1061 1059
1066 1068 1070 1072
1066 1064 1062 1060
1067 1069 1071 1073
1067 1065 1063 1061
1068 1070 1072 1074
1068 1066 1064 1062
1069 1071 1073 1075
1069 1067 1065 1063
1070 1072 1074 1076
1070 1068 1066 1064
1071 1073 1075 1077
1071 1069 1067 1065
1072 1074 1076 1078
1072 1070 1068 1066
1073 1075 1077 1079
1073 1071 1069 1067
1074 1076 1078 1080
1074 1072 1070 1068
1075 1077 1079 1081
1075 1073 1071 1069
1076 1078 1080 1082
1076 1074 1072 1070
1077 1079 1081 1083
1077 1075 1073 1071
1078 1080 1082 1084
1078 1076 1074 1072
1079 1081 1083 1085
1079 1077 1075 1073
1080 1082 1084 1086
1080 1078 1076 1074
1081 1083 1085 1087
1081 1079 1077 1075
1082 1084 1086 1088
1082 1080 1078 1076
1083 1085 1087 1089
1083 1081 1079 1077
1084 1086 1088 1090
1084 1082 1080 1078
1085 1087 1089 1091
1085 1083 1081 1079
1086 1088 1090 1092
1086 1084 1082 1080
1087 1089 1091 1093
1087 1085 1083 1081
1088 1090 1092 1094
1088 1086 1084 1082
1089 1091 1093 1095
1089 1087 1085 1083
1090 1092 1094 1096
1090 1088 1086 1084
1091 1093 1095 1097
1091 1089 1087 1085
1092 1094 1096 1098
1092 1090 1088 1086
1093 1095 1097 1099
1093 1091 1089 1087
1094 1096 1098 1100
1094 1092 1090 1088
1095 1097 1099 1101
1095 1093 1091 1089
1096 1098 1100 1102
1096 1094 1092 1090
1097 1099 1101 1103
1097 1095 1093 1091
1098 1100 1102 1104
1098 1096 1094 1092
1099 1101 1103 1105
1099 1097 1095 1093
1100 1102 1104 1106
1100 1098 1096 1094
1101 1103 1105 1107
1101 1099 1097 1095
1102 1104 1106 1108
1102 1100 1098 1096
1103 1105 1107 1109
1103 1101 1099 1097
1104 1106 1108 1110
1104 1102 1100 1098
1105 1107 1109 1111
1105 1103 1101 1099
1106 1108 1110 1112
1106 1104 1102 1100
1107 1109 1111 1113
1107 1105 1103 1101
1108 1110 1112 1114
1108 1106 1104 1102
1109 1111 1113 1115
1109 1107 1105 1103
1110 1112 1114 1116
1110 1108 1106 1104
1111 1113 1115 1117
1111 1109 1107 1105
1112 1114 1116 1118
1112 1110 1108 1106
1113 1115 1117 1119
1113 1111 1109 1107
1114 1116 1118 1120
1114 1112 1110 1108
1115 1117 1119 1121
1115 1113 1111 1109
1116 1118 1120 1122
1116 1114 1112 1110
1117 1119 1121 1123
1117 1115 1113 1111
1118 1120 1122 1124
1118 1116 1114 1112
1119 1121 1123 1125
1119 1117 1115 1113
1120 1122 1124 1126
1120 1118 1116 1114
1121 1123 1125 1127
1121 1119 1117 1115
1122 1124 1126 1128
1122 1120 1118 1116
1123 1125 1127 1129
1123 1121 1119 1117
1124 1126 1128 1130
1124 1122 1120 1118
1125 1127 1129 1131
1125 1123 1121 1119
1126 1128 1130 1132
1126 1124 1122 1120
1127 1129 1131 1133
1127 1125 1123 1121
1128 1130 1132 1134
1128 1126 1124 1122
1129 1131 1133 1135
1129 1127 1125 1123
1130 1132 1134 1136
1130 1128 1126 1124
1131 1133 1135 1137
1131 1129 1127 1125
1132 1134 1136 1138
1132 1130 1128 1126
1133 1135 1137 1139
1133 1131 1129 1127
1134 1136 1138 1140
1134 1132 1130 1128
1135 1137 1139 1141
1135 1133 1131 1129
1136 1138 1140 1142
1136 1134 1132 1130
1137 1139 1141 1143
1137 1135 1133 1131
1138 1140 1142 1144
1138 1136 1134 1132
1139 1141 1143 1146
1139 1137 1135 1133
1140 1142 1144 1145
1140 1138 1136 1134
1141 1143 1146 1148
1141 1139 1137 1135
1142 1144 1145 1147
1142 1140 1138 1136
1143 1146 1148 1150
1143 1141 1139 1137
1144 1145 1147 1149
1144 1142 1140 1138
1145 1147 1149 1151
1145 1144 1142 1140
1146 1148 1150 1152
1146 1143 1141 1139
1147 1149 1151 1153
1147 1145 1144 1142
1148 1150 1152 1154
1148 1146 1143 1141
1149 1151 1153 1155
1149 1147 1145 1144
1150 1152 1154 1156
1150 1148 1146 1143
1151 1153 1155 1157
1151 1149 1147 1145
1152 1154 1156 1158
1152 1150 1148 1146
1153 1155 1157 1159
1153 1151 1149 1147
1154 1156 1158 1160
1154 1152 1150 1148
1155 1157 1159 1161
1155 1153 1151 1149
1156 1158 1160 1162
1156 1154 1152 1150
1157 1159 1161 1163
1157 1155 1153 1151
1158 1160 1162 1164
1158 1156 1154 1152
1159 1161 1163 1165
1159 1157 1155 1153
1160 1162 1164 1166
1160 1158 1156 1154
1161 1163 1165 1167
1161 1159 1157 1155
1162 1164 1166 1168
1162 1160 1158 1156
1163 1165 1167 1169
1163 1161 1159 1157
1164 1166 1168 1171
1164 1162 1160 1158
1165 1167 1169 1170
1165 1163 1161 1159
1166 1168 1171 1173
1166 1164 1162 1160
1167 1169 1170 1172
1167 1165 1163 1161
1168 1171 1173 1175
1168 1166 1164 1162
1169 1170 1172 1174
1169 1167 1165 1163
1170 1172 1174 1176
1170 1169 1167 1165
1171 1173 1175 1177
1171 1168 1166 1164
1172 1174 1176 1178
1172 1170 1169 1167
1173 1175 1177 1179
1173 1171 1168 1166
1174 1176 1178 1180
1174 1172 1170 1169
1175 1177 1179 1181
1175 1173 1171 1168
1176 1178 1180 1182
1176 1174 1172 1170
1177 1179 1181 1183
1177 1175 1173 1171
1178 1180 1182 1184
1178 1176 1174 1172
1179 1181 1183 1186
1179 1177 1175 1173
1180 1182 1184 1187
1180 1178 1176 1174
1181 1183 1186 1185
1181 1179 1177 1175
1182 1184 1187 1189
1182 1180 1178 1176
1183 1186 1185 1188
1183 1181 1179 1177
1184 1187 1189 1191
1184 1182 1180 1178
1185 1188 1190 1192
1185 1186 1183 1181
1186 1185 1188 1190
1186 1183 1181 1179
1187 1189 1191 1193
1187 1184 1182 1180
1188 1190 1192 1196
1188 1185 1186 1183
1189 1191 1193 1194
1189 1187 1184 1182
1190 1192 1196 1195
1190 1188 1185 1186
1191 1193 1194 1197
1191 1189 1187 1184
1192 1196 1195 1198
1192 1190 1188 1185
1193 1194 1197 1199
1193 1191 1189 1187
1194 1197 1199 1201
1194 1193 1191 1189
1195 1198 1200 1203
1195 1196 1192 1190
1196 1195 1198 1200
1196 1192 1190 1188
1197 1199 1201 1204
1197 1194 1193 1191
1198 1200 1203 1202
1198 1195 1196 1192
1199 1201 1204 1206
1199 1197 1194 1193
1200 1203 1202 1205
1200 1198 1195 1196
1201 1204 1206 1208
1201 1199 1197 1194
1202 1205 1207 1210
1202 1203 1200 1198
1203 1202 1205 1207
1203 1200 1198 1195
1204 1206 1208 1211
1204 1201 1199 1197
1205 1207 1210 1209
1205 1202 1203 1200
1206 1208 1211 1213
1206 1204 1201 1199
1207 1210 1209 1212
1207 1205 1202 1203
1208 1211 1213 1215
1208 1206 1204 1201
1209 1212 1214 1216
1209 1210 1207 1205
1210 1209 1212 1214
1210 1207 1205 1202
1211 1213 1215 1217
1211 1208 1206 1204
1212 1214 1216 1218
1212 1209 1210 1207
1213 1215 1217 1219
1213 1211 1208 1206
1214 1216 1218 1220
1214 1212 1209 1210
1215 1217 1219 1221
1215 1213 1211 1208
1216 1218 1220 1222
1216 1214 1212 1209
1217 1219 1221 1223
1217 1215 1213 1211
1218 1220 1222 1224
1218 1216 1214 1212
1219 1221 1223 1225
1219 1217 1215 1213
1220 1222 1224 1226
1220 1218 1216 1214
1221 1223 1225 1227
1221 1219 1217 1215
1222 1224 1226 1228
1222 1220 1218 1216
1223 1225 1227 1229
1223 1221 1219 1217
1224 1226 1228 1230
1224 1222 1220 1218
1225 1227 1229 1231
1225 1223 1221 1219
1226 1228 1230 1232
1226 1224 1222 1220
1227 1229 1231 1233
1227 1225 1223 1221
1228 1230 1232 1234
1228 1226 1224 1222
1229 1231 1233 1235
1229 1227 1225 1223
1230 1232 1234 1237
1230 1228 1226 1224
1231 1233 1235 1236
1231 1229 1227 1225
1232 1234 1237 1240
1232 1230 1228 1226
1233 1235 1236 1238
1233 1231 1229 1227
1234 1237 1240 1239
1234 1232 1230 1228
1235 1236 1238 1241
1235 1233 1231 1229
1236 1238 1241 1243
1236 1235 1233 1231
1237 1240 1239 1242
1237 1234 1232 1230
1238 1241 1243 1245
1238 1236 1235 1233
1239 1242 1244 1247
1239 1240 1237 1234
1240 1239 1242 1244
1240 1237 1234 1232
1241 1243 1245 1248
1241 1238 1236 1235
1242 1244 1247 1246
1242 1239 1240 1237
1243 1245 1248 1250
1243 1241 1238 1236
1244 1247 1246 1249
1244 1242 1239 1240
1245 1248 1250 1252
1245 1243 1241 1238
1246 1249 1251 1253
1246 1247 1244 1242
1247 1246 1249 1251
1247 1244 1242 1239
1248 1250 1252 1254
1248 1245 1243 1241
1249 1251 1253 1255
1249 1246 1247 1244
1250 1252 1254 1256
1250 1248 1245 1243
1251 1253 1255 1257
1251 1249 1246 1247
1252 1254 1256 1258
1252 1250 1248 1245
1253 1255 1257 1259
1253 1251 1249 1246
1254 1256 1258 1260
1254 1252 1250 1248
1255 1257 1259 1261
1255 1253 1251 1249
1256 1258 1260 1262
1256 1254 1252 1250
1257 1259 1261 1263
1257 1255 1253 1251
1258 1260 1262 1264
1258 1256 1254 1252
1259 1261 1263 1265
1259 1257 1255 1253
1260 1262 1264 1266
1260 1258 1256 1254
1261 1263 1265 1267
1261 1259 1257 1255
1262 1264 1266 1268
1262 1260 1258 1256
1263 1265 1267 1269
1263 1261 1259 1257
1264 1266 1268 1270
1264 1262 1260 1258
1265 1267 1269 1272
1265 1263 1261 1259
1266 1268 1270 1271
1266 1264 1262 1260
1267 1269 1272 1274
1267 1265 1263 1261
1268 1270 1271 1273
1268 1266 1264 1262
1269 1272 1274 1277
1269 1267 1265 1263
1270 1271 1273 1275
1270 1268 1266 1264
1271 1273 1275 1278
1271 1270 1268 1266
1272 1274 1277 1276
1272 1269 1267 1265
1273 1275 1278 1280
1273 1271 1270 1268
1274 1277 1276 1279
1274 1272 1269 1267
1275 1278 1280 1282
1275 1273 1271 1270
1276 1279 1281 1284
1276 1277 1274 1272
1277 1276 1279 1281
1277 1274 1272 1269
1278 1280 1282 1285
1278 1275 1273 1271
1279 1281 1284 1283
1279 1276 1277 1274
1280 1282 1285 1287
1280 1278 1275 1273
1281 1284 1283 1286
1281 1279 1276 1277
1282 1285 1287 1288
1282 1280 1278 1275
1283 1286 1289 1292
1283 1284 1281 1279
1284 1283 1286 1289
1284 1281 1279 1276
1285 1287 1288 1290
1285 1282 1280 1278
1286 1289 1292 1291
1286 1283 1284 1281
1287 1288 1290 1293
1287 1285 1282 1280
1288 1290 1293 1295
1288 1287 1285 1282
1289 1292 1291 1294
1289 1286 1283 1284
1290 1293 1295 1297
1290 1288 1287 1285
1291 1294 1296 1298
1291 1292 1289 1286
1292 1291 1294 1296
1292 1289 1286 1283
1293 1295 1297 1299
1293 1290 1288 1287
1294 1296 1298 1300
1294 1291 1292 1289
1295 1297 1299 1301
1295 1293 1290 1288
1296 1298 1300 1302
1296 1294 1291 1292
1297 1299 1301 1303
1297 1295 1293 1290
1298 1300 1302 1305
1298 1296 1294 1291
1299 1301 1303 1304
1299 1297 1295 1293
1300 1302 1305 1307
1300 1298 1296 1294
1301 1303 1304 1306
1301 1299 1297 1295
1302 1305 1307 1309
1302 1300 1298 1296
1303 1304 1306 1308
1303 1301 1299 1297
1304 1306 1308 1310
1304 1303 1301 1299
1305 1307 1309 1311
1305 1302 1300 1298
1306 1308 1310 1312
1306 1304 1303 1301
1307 1309 1311 1313
1307 1305 1302 1300
1308 1310 1312 1314
1308 1306 1304 1303
1309 1311 1313 1316
1309 1307 1305 1302
1310 1312 1314 1317
1310 1308 1306 1304
1311 1313 1316 1315
1311 1309 1307 1305
1312 1314 1317 1319
1312 1310 1308 1306
1313 1316 1315 1318
1313 1311 1309 1307
1314 1317 1319 1321
1314 1312 1310 1308
1315 1318 1320 1323
1315 1316 1313 1311
1316 1315 1318 1320
1316 1313 1311 1309
1317 1319 1321 1324
1317 1314 1312 1310
1318 1320 1323 1322
1318 1315 1316 1313
1319 1321 1324 1326
1319 1317 1314 1312
1320 1323 1322 1325
1320 1318 1315 1316
1321 1324 1326 1328
1321 1319 1317 1314
1322 1325 1327 1330
1322 1323 1320 1318
1323 1322 1325 1327
1323 1320 1318 1315
1324 1326 1328 1331
1324 1321 1319 1317
1325 1327 1330 1329
1325 1322 1323 1320
1326 1328 1331 1333
1326 1324 1321 1319
1327 1330 1329 1332
1327 1325 1322 1323
1328 1331 1333 1335
1328 1326 1324 1321
1329 1332 1334 1337
1329 1330 1327 1325
1330 1329 1332 1334
1330 1327 1325 1322
1331 1333 1335 1338
1331 1328 1326 1324
1332 1334 1337 1336
1332 1329 1330 1327
1333 1335 1338 1339
1333 1331 1328 1326
1334 1337 1336 1340
1334 1332 1329 1330
1335 1338 1339 1341
1335 1333 1331 1328
1336 1340 1342 1344
1336 1337 1334 1332
1337 1336 1340 1342
1337 1334 1332 1329
1338 1339 1341 1343
1338 1335 1333 1331
1339 1341 1343 1345
1339 1338 1335 1333
1340 1342 1344 1347
1340 1336 1337 1334
1341 1343 1345 1346
1341 1339 1338 1335
1342 1344 1347 1349
1342 1340 1336 1337
1343 1345 1346 1348
1343 1341 1339 1338
1344 1347 1349 1351
1344 1342 1340 1336
1345 1346 1348 1350
1345 1343 1341 1339
1346 1348 1350 1352
1346 1345 1343 1341
1347 1349 1351 1353
1347 1344 1342 1340
1348 1350 1352 1354
1348 1346 1345 1343
1349 1351 1353 1355
1349 1347 1344 1342
1350 1352 1354 1356
1350 1348 1346 1345
1351 1353 1355 1358
1351 1349 1347 1344
1352 1354 1356 1357
1352 1350 1348 1346
1353 1355 1358 1360
1353 1351 1349 1347
1354 1356 1357 1359
1354 1352 1350 1348
1355 1358 1360 1362
1355 1353 1351 1349
1356 1357 1359 1361
1356 1354 1352 1350
1357 1359 1361 1363
1357 1356 1354 1352
1358 1360 1362 1365
1358 1355 1353 1351
1359 1361 1363 1364
1359 1357 1356 1354
1360 1362 1365 1367
1360 1358 1355 1353
1361 1363 1364 1366
1361 1359 1357 1356
1362 1365 1367 1370
1362 1360 1358 1355
1363 1364 1366 1368
1363 1361 1359 1357
1364 1366 1368 1371
1364 1363 1361 1359
1365 1367 1370 1369
1365 1362 1360 1358
1366 1368 1371 1373
1366 1364 1363 1361
1367 1370 1369 1372
1367 1365 1362 1360
1368 1371 1373 1375
1368 1366 1364 1363
1369 1372 1374 1377
1369 1370 1367 1365
1370 1369 1372 1374
1370 1367 1365 1362
1371 1373 1375 1378
1371 1368 1366 1364
1372 1374 1377 1376
1372 1369 1370 1367
1373 1375 1378 1380
1373 1371 1368 1366
1374 1377 1376 1379
1374 1372 1369 1370
1375 1378 1380 1381
1375 1373 1371 1368
1376 1379 1382 1384
1376 1377 1374 1372
1377 1376 1379 1382
1377 1374 1372 1369
1378 1380 1381 1383
1378 1375 1373 1371
1379 1382 1384 1386
1379 1376 1377 1374
1380 1381 1383 1385
1380 1378 1375 1373
1381 1383 1385 1387
1381 1380 1378 1375
1382 1384 1386 1388
1382 1379 1376 1377
1383 1385 1387 1389
1383 1381 1380 1378
1384 1386 1388 1390
1384 1382 1379 1376
1385 1387 1389 1391
1385 1383 1381 1380
1386 1388 1390 1392
1386 1384 1382 1379
1387 1389 1391 1393
1387 1385 1383 1381
1388 1390 1392 1394
1388 1386 1384 1382
1389 1391 1393 1395
1389 1387 1385 1383
1390 1392 1394 1397
1390 1388 1386 1384
1391 1393 1395 1396
1391 1389 1387 1385
1392 1394 1397 1399
1392 1390 1388 1386
1393 1395 1396 1398
1393 1391 1389 1387
1394 1397 1399 1402
1394 1392 1390 1388
1395 1396 1398 1400
1395 1393 1391 1389
1396 1398 1400 1401
1396 1395 1393 1391
1397 1399 1402 1404
1397 1394 1392 1390
1398 1400 1401 1403
1398 1396 1395 1393
1399 1402 1404 1407
1399 1397 1394 1392
1400 1401 1403 1405
1400 1398 1396 1395
1401 1403 1405 1406
1401 1400 1398 1396
1402 1404 1407 1410
1402 1399 1397 1394
1403 1405 1406 1408
1403 1401 1400 1398
1404 1407 1410 1409
1404 1402 1399 1397
1405 1406 1408 1411
1405 1403 1401 1400
1406 1408 1411 1412
1406 1405 1403 1401
1407 1410 1409 1413
1407 1404 1402 1399
1408 1411 1412 1414
1408 1406 1405 1403
1409 1413 1415 1419
1409 1410 1407 1404
1410 1409 1413 1415
1410 1407 1404 1402
1411 1412 1414 1416
1411 1408 1406 1405
1412 1414 1416 1417
1412 1411 1408 1406
1413 1415 1419 1418
1413 1409 1410 1407
1414 1416 1417 1420
1414 1412 1411 1408
1415 1419 1418 1421
1415 1413 1409 1410
1416 1417 1420 1422
1416 1414 1412 1411
1417 1420 1422 1423
1417 1416 1414 1412
1418 1421 1424 1427
1418 1419 1415 1413
1419 1418 1421 1424
1419 1415 1413 1409
1420 1422 1423 1425
1420 1417 1416 1414
1421 1424 1427 1426
1421 1418 1419 1415
1422 1423 1425 1428
1422 1420 1417 1416
1423 1425 1428 1429
1423 1422 1420 1417
1424 1427 1426 1430
1424 1421 1418 1419
1425 1428 1429 1431
1425 1423 1422 1420
1426 1430 1432 1435
1426 1427 1424 1421
1427 1426 1430 1432
1427 1424 1421 1418
1428 1429 1431 1433
1428 1425 1423 1422
1429 1431 1433 1434
1429 1428 1425 1423
1430 1432 1435 1437
1430 1426 1427 1424
1431 1433 1434 1436
1431 1429 1428 1425
1432 1435 1437 1439
1432 1430 1426 1427
1433 1434 1436 1438
1433 1431 1429 1428
1434 1436 1438 1440
1434 1433 1431 1429
1435 1437 1439 1441
1435 1432 1430 1426
1436 1438 1440 1442
1436 1434 1433 1431
1437 1439 1441 1443
1437 1435 1432 1430
1438 1440 1442 1444
1438 1436 1434 1433
1439 1441 1443 1446
1439 1437 1435 1432
1440 1442 1444 1445
1440 1438 1436 1434
1441 1443 1446 1448
1441 1439 1437 1435
1442 1444 1445 1447
1442 1440 1438 1436
1443 1446 1448 1451
1443 1441 1439 1437
1444 1445 1447 1449
1444 1442 1440 1438
1445 1447 1449 1450
1445 1444 1442 1440
1446 1448 1451 1453
1446 1443 1441 1439
1447 1449 1450 1452
1447 1445 1444 1442
1448 1451 1453 1455
1448 1446 1443 1441
1449 1450 1452 1454
1449 1447 1445 1444
1450 1452 1454 1456
1450 1449 1447 1445
1451 1453 1455 1458
1451 1448 1446 1443
1452 1454 1456 1457
1452 1450 1449 1447
1453 1455 1458 1461
1453 1451 1448 1446
1454 1456 1457 1459
1454 1452 1450 1449
1455 1458 1461 1460
1455 1453 1451 1448
1456 1457 1459 1462
1456 1454 1452 1450
1457 1459 1462 1464
1457 1456 1454 1452
1458 1461 1460 1463
1458 1455 1453 1451
1459 1462 1464 1465
1459 1457 1456 1454
1460 1463 1466 1470
1460 1461 1458 1455
1461 1460 1463 1466
1461 1458 1455 1453
1462 1464 1465 1467
1462 1459 1457 1456
1463 1466 1470 1469
1463 1460 1461 1458
1464 1465 1467 1468
1464 1462 1459 1457
1465 1467 1468 1471
1465 1464 1462 1459
1466 1470 1469 1472
1466 1463 1460 1461
1467 1468 1471 1473
1467 1465 1464 1462
1468 1471 1473 1474
1468 1467 1465 1464
1469 1472 1475 1479
1469 1470 1466 1463
1470 1469 1472 1475
1470 1466 1463 1460
1471 1473 1474 1476
1471 1468 1467 1465
1472 1475 1479 1478
1472 1469 1470 1466
1473 1474 1476 1477
1473 1471 1468 1467
1474 1476 1477 1480
1474 1473 1471 1468
1475 1479 1478 1481
1475 1472 1469 1470
1476 1477 1480 1482
1476 1474 1473 1471
1477 1480 1482 1484
1477 1476 1474 1473
1478 1481 1483 1486
1478 1479 1475 1472
1479 1478 1481 1483
1479 1475 1472 1469
1480 1482 1484 1485
1480 1477 1476 1474
1481 1483 1486 1489
1481 1478 1479 1475
1482 1484 1485 1487
1482 1480 1477 1476
1483 1486 1489 1492
1483 1481 1478 1479
1484 1485 1487 1488
1484 1482 1480 1477
1485 1487 1488 1490
1485 1484 1482 1480
1486 1489 1492 1494
1486 1483 1481 1478
1487 1488 1490 1491
1487 1485 1484 1482
1488 1490 1491 1493
1488 1487 1485 1484
1489 1492 1494 1496
1489 1486 1483 1481
1490 1491 1493 1495
1490 1488 1487 1485
1491 1493 1495 1497
1491 1490 1488 1487
1492 1494 1496 1499
1492 1489 1486 1483
1493 1495 1497 1498
1493 1491 1490 1488
1494 1496 1499 1502
1494 1492 1489 1486
1495 1497 1498 1500
1495 1493 1491 1490
1496 1499 1502 1505
1496 1494 1492 1489
1497 1498 1500 1501
1497 1495 1493 1491
1498 1500 1501 1503
1498 1497 1495 1493
1499 1502 1505 1508
1499 1496 1494 1492
1500 1501 1503 1504
1500 1498 1497 1495
1501 1503 1504 1506
1501 1500 1498 1497
1502 1505 1508 1511
1502 1499 1496 1494
1503 1504 1506 1507
1503 1501 1500 1498
1504 1506 1507 1509
1504 1503 1501 1500
1505 1508 1511 1514
1505 1502 1499 1496
1506 1507 1509 1510
1506 1504 1503 1501
1507 1509 1510 1512
1507 1506 1504 1503
1508 1511 1514 1518
1508 1505 1502 1499
1509 1510 1512 1513
1509 1507 1506 1504
1510 1512 1513 1515
1510 1509 1507 1506
1511 1514 1518 1517
1511 1508 1505 1502
1512 1513 1515 1516
1512 1510 1509 1507
1513 1515 1516 1519
1513 1512 1510 1509
1514 1518 1517 1521
1514 1511 1508 1505
1515 1516 1519 1520
1515 1513 1512 1510
1516 1519 1520 1522
1516 1515 1513 1512
1517 1521 1524 1528
1517 1518 1514 1511
1518 1517 1521 1524
1518 1514 1511 1508
1519 1520 1522 1523
1519 1516 1515 1513
1520 1522 1523 1525
1520 1519 1516 1515
1521 1524 1528 1527
1521 1517 1518 1514
1522 1523 1525 1526
1522 1520 1519 1516
1523 1525 1526 1529
1523 1522 1520 1519
1524 1528 1527 1532
1524 1521 1517 1518
1525 1526 1529 1530
1525 1523 1522 1520
1526 1529 1530 1531
1526 1525 1523 1522
1527 1532 1535 1538
1527 1528 1524 1521
1528 1527 1532 1535
1528 1524 1521 1517
1529 1530 1531 1533
1529 1526 1525 1523
1530 1531 1533 1534
1530 1529 1526 1525
1531 1533 1534 1536
1531 1530 1529 1526
1532 1535 1538 1541
1532 1527 1528 1524
1533 1534 1536 1537
1533 1531 1530 1529
1534 1536 1537 1539
1534 1533 1531 1530
1535 1538 1541 1544
1535 1532 1527 1528
1536 1537 1539 1540
1536 1534 1533 1531
1537 1539 1540 1542
1537 1536 1534 1533
1538 1541 1544 1547
1538 1535 1532 1527
1539 1540 1542 1543
1539 1537 1536 1534
1540 1542 1543 1545
1540 1539 1537 1536
1541 1544 1547 1550
1541 1538 1535 1532
1542 1543 1545 1546
1542 1540 1539 1537
1543 1545 1546 1548
1543 1542 1540 1539
1544 1547 1550 1553
1544 1541 1538 1535
1545 1546 1548 1549
1545 1543 1542 1540
1546 1548 1549 1551
1546 1545 1543 1542
1547 1550 1553 1556
1547 1544 1541 1538
1548 1549 1551 1552
1548 1546 1545 1543
1549 1551 1552 1554
1549 1548 1546 1545
1550 1553 1556 1559
1550 1547 1544 1541
1551 1552 1554 1555
1551 1549 1548 1546
1552 1554 1555 1557
1552 1551 1549 1548
1553 1556 1559 1562
1553 1550 1547 1544
1554 1555 1557 1558
1554 1552 1551 1549
1555 1557 1558 1560
1555 1554 1552 1551
1556 1559 1562 1565
1556 1553 1550 1547
1557 1558 1560 1561
1557 1555 1554 1552
1558 1560 1561 1563
1558 1557 1555 1554
1559 1562 1565 1569
1559 1556 1553 1550
1560 1561 1563 1564
1560 1558 1557 1555
1561 1563 1564 1566
1561 1560 1558 1557
1562 1565 1569 1573
1562 1559 1556 1553
1563 1564 1566 1567
1563 1561 1560 1558
1564 1566 1567 1568
1564 1563 1561 1560
1565 1569 1573 1572
1565 1562 1559 1556
1566 1567 1568 1570
1566 1564 1563 1561
1567 1568 1570 1571
1567 1566 1564 1563
1568 1570 1571 1574
1568 1567 1566 1564
1569 1573 1572 1577
1569 1565 1562 1559
1570 1571 1574 1575
1570 1568 1567 1566
1571 1574 1575 1576
1571 1570 1568 1567
1572 1577 1580 1584
1572 1573 1569 1565
1573 1572 1577 1580
1573 1569 1565 1562
1574 1575 1576 1578
1574 1571 1570 1568
1575 1576 1578 1579
1575 1574 1571 1570
1576 1578 1579 1581
1576 1575 1574 1571
1577 1580 1584 1583
1577 1572 1573 1569
1578 1579 1581 1582
1578 1576 1575 1574
1579 1581 1582 1585
1579 1578 1576 1575
1580 1584 1583 1588
1580 1577 1572 1573
1581 1582 1585 1586
1581 1579 1578 1576
1582 1585 1586 1587
1582 1581 1579 1578
1583 1588 1591 1595
1583 1584 1580 1577
1584 1583 1588 1591
1584 1580 1577 1572
1585 1586 1587 1589
1585 1582 1581 1579
1586 1587 1589 1590
1586 1585 1582 1581
1587 1589 1590 1592
1587 1586 1585 1582
1588 1591 1595 1594
1588 1583 1584 1580
1589 1590 1592 1593
1589 1587 1586 1585
1590 1592 1593 1596
1590 1589 1587 1586
1591 1595 1594 1599
1591 1588 1583 1584
1592 1593 1596 1597
1592 1590 1589 1587
1593 1596 1597 1598
1593 1592 1590 1589
1594 1599 1603 1607
1594 1595 1591 1588
1595 1594 1599 1603
1595 1591 1588 1583
1596 1597 1598 1600
1596 1593 1592 1590
1597 1598 1600 1601
1597 1596 1593 1592
1598 1600 1601 1602
1598 1597 1596 1593
1599 1603 1607 1606
1599 1594 1595 1591
1600 1601 1602 1604
1600 1598 1597 1596
1601 1602 1604 1605
1601 1600 1598 1597
1602 1604 1605 1608
1602 1601 1600 1598
1603 1607 1606 1610
1603 1599 1594 1595
1604 1605 1608 1609
1604 1602 1601 1600
1605 1608 1609 1611
1605 1604 1602 1601
1606 1610 1614 1618
1606 1607 1603 1599
1607 1606 1610 1614
1607 1603 1599 1594
1608 1609 1611 1612
1608 1605 1604 1602
1609 1611 1612 1613
1609 1608 1605 1604
1610 1614 1618 1622
1610 1606 1607 1603
1611 1612 1613 1615
1611 1609 1608 1605
1612 1613 1615 1616
1612 1611 1609 1608
1613 1615 1616 1617
1613 1612 1611 1609
1614 1618 1622 1625
1614 1610 1606 1607
1615 1616 1617 1619
1615 1613 1612 1611
1616 1617 1619 1620
1616 1615 1613 1612
1617 1619 1620 1621
1617 1616 1615 1613
1618 1622 1625 1628
1618 1614 1610 1606
1619 1620 1621 1623
1619 1617 1616 1615
1620 1621 1623 1624
1620 1619 1617 1616
1621 1623 1624 1626
1621 1620 1619 1617
1622 1625 1628 1631
1622 1618 1614 1610
1623 1624 1626 1627
1623 1621 1620 1619
1624 1626 1627 1629
1624 1623 1621 1620
1625 1628 1631 1634
1625 1622 1618 1614
1626 1627 1629 1630
1626 1624 1623 1621
1627 1629 1630 1632
1627 1626 1624 1623
1628 1631 1634 1637
1628 1625 1622 1618
1629 1630 1632 1633
1629 1627 1626 1624
1630 1632 1633 1635
1630 1629 1627 1626
1631 1634 1637 1640
1631 1628 1625 1622
1632 1633 1635 1636
1632 1630 1629 1627
1633 1635 1636 1638
1633 1632 1630 1629
1634 1637 1640 1644
1634 1631 1628 1625
1635 1636 1638 1639
1635 1633 1632 1630
1636 1638 1639 1641
1636 1635 1633 1632
1637 1640 1644 1643
1637 1634 1631 1628
1638 1639 1641 1642
1638 1636 1635 1633
1639 1641 1642 1645
1639 1638 1636 1635
1640 1644 1643 1647
1640 1637 1634 1631
1641 1642 1645 1646
1641 1639 1638 1636
1642 1645 1646 1648
1642 1641 1639 1638
1643 1647 1651 1656
1643 1644 1640 1637
1644 1643 1647 1651
1644 1640 1637 1634
1645 1646 1648 1649
1645 1642 1641 1639
1646 1648 1649 1650
1646 1645 1642 1641
1647 1651 1656 1655
1647 1643 1644 1640
1648 1649 1650 1652
1648 1646 1645 1642
1649 1650 1652 1653
1649 1648 1646 1645
1650 1652 1653 1654
1650 1649 1648 1646
1651 1656 1655 1660
1651 1647 1643 1644
1652 1653 1654 1657
1652 1650 1649 1648
1653 1654 1657 1658
1653 1652 1650 1649
1654 1657 1658 1659
1654 1653 1652 1650
1655 1660 1664 1669
1655 1656 1651 1647
1656 1655 1660 1664
1656 1651 1647 1643
1657 1658 1659 1661
1657 1654 1653 1652
1658 1659 1661 1662
1658 1657 1654 1653
1659 1661 1662 1663
1659 1658 1657 1654
1660 1664 1669 1668
1660 1655 1656 1651
1661 1662 1663 1665
1661 1659 1658 1657
1662 1663 1665 1666
1662 1661 1659 1658
1663 1665 1666 1667
1663 1662 1661 1659
1664 1669 1668 1672
1664 1660 1655 1656
1665 1666 1667 1670
1665 1663 1662 1661
1666 1667 1670 1671
1666 1665 1663 1662
1667 1670 1671 1673
1667 1666 1665 1663
1668 1672 1676 1680
1668 1669 1664 1660
1669 1668 1672 1676
1669 1664 1660 1655
1670 1671 1673 1674
1670 1667 1666 1665
1671 1673 1674 1675
1671 1670 1667 1666
1672 1676 1680 1684
1672 1668 1669 1664
1673 1674 1675 1677
1673 1671 1670 1667
1674 1675 1677 1678
1674 1673 1671 1670
1675 1677 1678 1679
1675 1674 1673 1671
1676 1680 1684 1687
1676 1672 1668 1669
1677 1678 1679 1681
1677 1675 1674 1673
1678 1679 1681 1682
1678 1677 1675 1674
1679 1681 1682 1683
1679 1678 1677 1675
1680 1684 1687 1691
1680 1676 1672 1668
1681 1682 1683 1685
1681 1679 1678 1677
1682 1683 1685 1686
1682 1681 1679 1678
1683 1685 1686 1688
1683 1682 1681 1679
1684 1687 1691 1695
1684 1680 1676 1672
1685 1686 1688 1689
1685 1683 1682 1681
1686 1688 1689 1690
1686 1685 1683 1682
1687 1691 1695 1699
1687 1684 1680 1676
1688 1689 1690 1692
1688 1686 1685 1683
1689 1690 1692 1693
1689 1688 1686 1685
1690 1692 1693 1694
1690 1689 1688 1686
1691 1695 1699 1703
1691 1687 1684 1680
1692 1693 1694 1696
1692 1690 1689 1688
1693 1694 1696 1697
1693 1692 1690 1689
1694 1696 1697 1698
1694 1693 1692 1690
1695 1699 1703 1707
1695 1691 1687 1684
1696 1697 1698 1700
1696 1694 1693 1692
1697 1698 1700 1701
1697 1696 1694 1693
1698 1700 1701 1702
1698 1697 1696 1694
1699 1703 1707 1715
1699 1695 1691 1687
1700 1701 1702 1704
1700 1698 1697 1696
1701 1702 1704 1705
1701 1700 1698 1697
1702 1704 1705 1706
1702 1701 1700 1698
1703 1707 1715 1738
1703 1699 1695 1691
1704 1705 1706 1708
1704 1702 1701 1700
1705 1706 1708 1709
1705 1704 1702 1701
1706 1708 1709 1710
1706 1705 1704 1702
1707 1715 1738 1756
1707 1703 1699 1695
1708 1709 1710 1711
1708 1706 1705 1704
1709 1710 1711 1712
1709 1708 1706 1705
1710 1711 1712 1713
1710 1709 1708 1706
1711 1712 1713 1714
1711 1710 1709 1708
1712 1713 1714 1716
1712 1711 1710 1709
1713 1714 1716 1717
1713 1712 1711 1710
1714 1716 1717 1718
1714 1713 1712 1711
1715 1738 1756 1781
1715 1707 1703 1699
1716 1717 1718 1719
1716 1714 1713 1712
1717 1718 1719 1720
1717 1716 1714 1713
1718 1719 1720 1721
1718 1717 1716 1714
1719 1720 1721 1722
1719 1718 1717 1716
1720 1721 1722 1723
1720 1719 1718 1717
1721 1722 1723 1724
1721 1720 1719 1718
1722 1723 1724 1725
1722 1721 1720 1719
1723 1724 1725 1726
1723 1722 1721 1720
1724 1725 1726 1727
1724 1723 1722 1721
1725 1726 1727 1728
1725 1724 1723 1722
1726 1727 1728 1729
1726 1725 1724 1723
1727 1728 1729 1730
1727 1726 1725 1724
1728 1729 1730 1731
1728 1727 1726 1725
1729 1730 1731 1732
1729 1728 1727 1726
1730 1731 1732 1733
1730 1729 1728 1727
1731 1732 1733 1734
1731 1730 1729 1728
1732 1733 1734 1735
1732 1731 1730 1729
1733 1734 1735 1736
1733 1732 1731 1730
1734 1735 1736 1737
1734 1733 1732 1731
1735 1736 1737 1739
1735 1734 1733 1732
1736 1737 1739 1740
1736 1735 1734 1733
1737 1739 1740 1741
1737 1736 1735 1734
1738 1756 1781 1780
1738 1715 1707 1703
1739 1740 1741 1742
1739 1737 1736 1735
1740 1741 1742 1743
1740 1739 1737 1736
1741 1742 1743 1744
1741 1740 1739 1737
1742 1743 1744 1745
1742 1741 1740 1739
1743 1744 1745 1746
1743 1742 1741 1740
1744 1745 1746 1747
1744 1743 1742 1741
1745 1746 1747 1748
1745 1744 1743 1742
1746 1747 1748 1749
1746 1745 1744 1743
1747 1748 1749 1750
1747 1746 1745 1744
1748 1749 1750 1751
1748 1747 1746 1745
1749 1750 1751 1752
1749 1748 1747 1746
1750 1751 1752 1753
1750 1749 1748 1747
1751 1752 1753 1754
1751 1750 1749 1748
1752 1753 1754 1755
1752 1751 1750 1749
1753 1754 1755 1757
1753 1752 1751 1750
1754 1755 1757 1758
1754 1753 1752 1751
1755 1757 1758 1759
1755 1754 1753 1752
1756 1781 1780 1799
1756 1738 1715 1707
1757 1758 1759 1760
1757 1755 1754 1753
1758 1759 1760 1761
1758 1757 1755 1754
1759 1760 1761 1762
1759 1758 1757 1755
1760 1761 1762 1763
1760 1759 1758 1757
1761 1762 1763 1764
1761 1760 1759 1758
1762 1763 1764 1765
1762 1761 1760 1759
1763 1764 1765 1766
1763 1762 1761 1760
1764 1765 1766 1767
1764 1763 1762 1761
1765 1766 1767 1768
1765 1764 1763 1762
1766 1767 1768 1769
1766 1765 1764 1763
1767 1768 1769 1770
1767 1766 1765 1764
1768 1769 1770 1771
1768 1767 1766 1765
1769 1770 1771 1772
1769 1768 1767 1766
1770 1771 1772 1773
1770 1769 1768 1767
1771 1772 1773 1774
1771 1770 1769 1768
1772 1773 1774 1775
1772 1771 1770 1769
1773 1774 1775 1776
1773 1772 1771 1770
1774 1775 1776 1777
1774 1773 1772 1771
1775 1776 1777 1778
1775 1774 1773 1772
1776 1777 1778 1779
1776 1775 1774 1773
1777 1778 1779 1782
1777 1776 1775 1774
1778 1779 1782 1783
1778 1777 1776 1775
1779 1782 1783 1784
1779 1778 1777 1776
1780 1799 1824 1823
1780 1781 1756 1738
1781 1780 1799 1824
1781 1756 1738 1715
1782 1783 1784 1785
1782 1779 1778 1777
1783 1784 1785 1786
1783 1782 1779 1778
1784 1785 1786 1787
1784 1783 1782 1779
1785 1786 1787 1788
1785 1784 1783 1782
1786 1787 1788 1789
1786 1785 1784 1783
1787 1788 1789 1790
1787 1786 1785 1784
1788 1789 1790 1791
1788 1787 1786 1785
1789 1790 1791 1792
1789 1788 1787 1786
1790 1791 1792 1793
1790 1789 1788 1787
1791 1792 1793 1794
1791 1790 1789 1788
1792 1793 1794 1795
1792 1791 1790 1789
1793 1794 1795 1796
1793 1792 1791 1790
1794 1795 1796 1797
1794 1793 1792 1791
1795 1796 1797 1798
1795 1794 1793 1792
1796 1797 1798 1800
1796 1795 1794 1793
1797 1798 1800 1801
1797 1796 1795 1794
1798 1800 1801 1802
1798 1797 1796 1795
1799 1824 1823 1842
1799 1780 1781 1756
1800 1801 1802 1803
1800 1798 1797 1796
1801 1802 1803 1804
1801 1800 1798 1797
1802 1803 1804 1805
1802 1801 1800 1798
1803 1804 1805 1806
1803 1802 1801 1800
1804 1805 1806 1807
1804 1803 1802 1801
1805 1806 1807 1808
1805 1804 1803 1802
1806 1807 1808 1809
1806 1805 1804 1803
1807 1808 1809 1810
1807 1806 1805 1804
1808 1809 1810 1811
1808 1807 1806 1805
1809 1810 1811 1812
1809 1808 1807 1806
1810 1811 1812 1813
1810 1809 1808 1807
1811 1812 1813 1814
1811 1810 1809 1808
1812 1813 1814 1815
1812 1811 1810 1809
1813 1814 1815 1816
1813 1812 1811 1810
1814 1815 1816 1817
1814 1813 1812 1811
1815 1816 1817 1818
1815 1814 1813 1812
1816 1817 1818 1819
1816 1815 1814 1813
1817 1818 1819 1820
1817 1816 1815 1814
1818 1819 1820 1821
1818 1817 1816 1815
1819 1820 1821 1822
1819 1818 1817 1816
1820 1821 1822 1825
1820 1819 1818 1817
1821 1822 1825 1826
1821 1820 1819 1818
1822 1825 1826 1827
1822 1821 1820 1819
1823 1842 1841 1851
1823 1824 1799 1780
1824 1823 1842 1841
1824 1799 1780 1781
1825 1826 1827 1828
1825 1822 1821 1820
1826 1827 1828 1829
1826 1825 1822 1821
1827 1828 1829 1830
1827 1826 1825 1822
1828 1829 1830 1831
1828 1827 1826 1825
1829 1830 1831 1832
1829 1828 1827 1826
1830 1831 1832 1833
1830 1829 1828 1827
1831 1832 1833 1834
1831 1830 1829 1828
1832 1833 1834 1835
1832 1831 1830 1829
1833 1834 1835 1836
1833 1832 1831 1830
1834 1835 1836 1837
1834 1833 1832 1831
1835 1836 1837 1838
1835 1834 1833 1832
1836 1837 1838 1839
1836 1835 1834 1833
1837 1838 1839 1840
1837 1836 1835 1834
1838 1839 1840 1843
1838 1837 1836 1835
1839 1840 1843 1844
1839 1838 1837 1836
1840 1843 1844 1845
1840 1839 1838 1837
1841 1851 1850 1849
1841 1842 1823 1824
1842 1841 1851 1850
1842 1823 1824 1799
1843 1844 1845 1846
1843 1840 1839 1838
1844 1845 1846 1847
1844 1843 1840 1839
1845 1846 1847 1848
1845 1844 1843 1840
1846 1847 1848 1849
1846 1845 1844 1843
1847 1848 1849 1850
1847 1846 1845 1844
1848 1849 1850 1851
1848 1847 1846 1845
1849 1848 1847 1846
1849 1850 1851 1841
1850 1849 1848 1847
1850 1851 1841 1842
1851 1850 1849 1848
1851 1841 1842 1823
