0 44 43 91
0 1 2 3
1 0 44 43
1 2 3 4
2 1 0 44
2 3 4 5
3 2 1 0
3 4 5 6
4 3 2 1
4 5 6 7
5 6 7 8
5 4 3 2
6 7 8 9
6 5 4 3
7 8 9 10
7 6 5 4
8 9 10 11
8 7 6 5
9 10 11 12
9 8 7 6
10 11 12 13
10 9 8 7
11 12 13 14
11 10 9 8
12 13 14 15
12 11 10 9
13 14 15 16
13 12 11 10
14 15 16 17
14 13 12 11
15 16 17 18
15 14 13 12
16 17 18 19
16 15 14 13
17 18 19 20
17 16 15 14
18 19 20 21
18 17 16 15
19 20 21 22
19 18 17 16
20 21 22 23
20 19 18 17
21 22 23 24
21 20 19 18
22 23 24 25
22 21 20 19
23 24 25 26
23 22 21 20
24 25 26 27
24 23 22 21
25 26 27 28
25 24 23 22
26 27 28 29
26 25 24 23
27 28 29 30
27 26 25 24
28 29 30 31
28 27 26 25
29 30 31 32
29 28 27 26
30 31 32 33
30 29 28 27
31 32 33 34
31 30 29 28
32 33 34 35
32 31 30 29
33 34 35 36
33 32 31 30
34 35 36 37
34 33 32 31
35 36 37 38
35 34 33 32
36 37 38 39
36 35 34 33
37 38 39 40
37 36 35 34
38 39 40 41
38 37 36 35
39 40 41 42
39 38 37 36
40 41 42 45
40 39 38 37
41 42 45 46
41 40 39 38
42 45 46 47
42 41 40 39
43 91 90 114
43 44 0 1
44 43 91 90
44 0 1 2
45 46 47 48
45 42 41 40
46 47 48 49
46 45 42 41
47 48 49 50
47 46 45 42
48 49 50 51
48 47 46 45
49 50 51 52
49 48 47 46
50 51 52 53
50 49 48 47
51 52 53 54
51 50 49 48
52 53 54 55
52 51 50 49
53 54 55 56
53 52 51 50
54 55 56 57
54 53 52 51
55 56 57 58
55 54 53 52
56 57 58 59
56 55 54 53
57 58 59 60
57 56 55 54
58 59 60 61
58 57 56 55
59 60 61 62
59 58 57 56
60 61 62 63
60 59 58 57
61 62 63 64
61 60 59 58
62 63 64 65
62 61 60 59
63 64 65 66
63 62 61 60
64 65 66 67
64 63 62 61
65 66 67 68
65 64 63 62
66 67 68 69
66 65 64 63
67 68 69 70
67 66 65 64
68 69 70 71
68 67 66 65
69 70 71 72
69 68 67 66
70 71 72 73
70 69 68 67
71 72 73 74
71 70 69 68
72 73 74 75
72 71 70 69
73 74 75 76
73 72 71 70
74 75 76 77
74 73 72 71
75 76 77 78
75 74 73 72
76 77 78 79
76 75 74 73
77 78 79 80
77 76 75 74
78 79 80 81
78 77 76 75
79 80 81 82
79 78 77 76
80 81 82 83
80 79 78 77
81 82 83 84
81 80 79 78
82 83 84 85
82 81 80 79
83 84 85 86
83 82 81 80
84 85 86 87
84 83 82 81
85 86 87 88
85 84 83 82
86 87 88 89
86 85 84 83
87 88 89 92
87 86 85 84
88 89 92 93
88 87 86 85
89 92 93 94
89 88 87 86
90 114 113 118
90 91 43 44
91 90 114 113
91 43 44 0
92 93 94 95
92 89 88 87
93 94 95 96
93 92 89 88
94 95 96 97
94 93 92 89
95 96 97 98
95 94 93 92
96 97 98 99
96 95 94 93
97 98 99 100
97 96 95 94
98 99 100 101
98 97 96 95
99 100 101 102
99 98 97 96
100 101 102 103
100 99 98 97
101 102 103 104
101 100 99 98
102 103 104 105
102 101 100 99
103 104 105 106
103 102 101 100
104 105 106 107
104 103 102 101
105 106 107 108
105 104 103 102
106 107 108 109
106 105 104 103
107 108 109 110
107 106 105 104
108 109 110 111
108 107 106 105
109 110 111 112
109 108 107 106
110 111 112 115
110 109 108 107
111 112 115 116
111 110 109 108
112 115 116 119
112 111 110 109
113 118 117 121
113 114 90 91
114 113 118 117
114 90 91 43
115 116 119 122
115 112 111 110
116 119 122 125
116 115 112 111
117 121 120 124
117 118 113 114
118 117 121 120
118 113 114 90
119 122 125 126
119 116 115 112
120 124 123 129
120 121 117 118
121 120 124 123
121 117 118 113
122 125 126 130
122 119 116 115
123 129 128 127
123 124 120 121
124 123 129 128
124 120 121 117
125 126 130 133
125 122 119 116
126 130 133 134
126 125 122 119
127 132 131 136
127 128 129 123
128 127 132 131
128 129 123 124
129 128 127 132
129 123 124 120
130 133 134 137
130 126 125 122
131 136 135 139
131 132 127 128
132 131 136 135
132 127 128 129
133 134 137 140
133 130 126 125
134 137 140 143
134 133 130 126
135 139 138 142
135 136 131 132
136 135 139 138
136 131 132 127
137 140 143 146
137 134 133 130
138 142 141 145
138 139 135 136
139 138 142 141
139 135 136 131
140 143 146 149
140 137 134 133
141 145 144 148
141 142 138 139
142 141 145 144
142 138 139 135
143 146 149 150
143 140 137 134
144 148 147 152
144 145 141 142
145 144 148 147
145 141 142 138
146 149 150 153
146 143 140 137
147 152 151 155
147 148 144 145
148 147 152 151
148 144 145 141
149 150 153 156
149 146 143 140
150 153 156 157
150 149 146 143
151 155 154 159
151 152 147 148
152 151 155 154
152 147 148 144
153 156 157 160
153 150 149 146
154 159 158 162
154 155 151 152
155 154 159 158
155 151 152 147
156 157 160 163
156 153 150 149
157 160 163 164
157 156 153 150
158 162 161 166
158 159 154 155
159 158 162 161
159 154 155 151
160 163 164 167
160 157 156 153
161 166 165 169
161 162 158 159
162 161 166 165
162 158 159 154
163 164 167 170
163 160 157 156
164 167 170 173
164 163 160 157
165 169 168 172
165 166 161 162
166 165 169 168
166 161 162 158
167 170 173 176
167 164 163 160
168 172 171 175
168 169 165 166
169 168 172 171
169 165 166 161
170 173 176 179
170 167 164 163
171 175 174 178
171 172 168 169
172 171 175 174
172 168 169 165
173 176 179 180
173 170 167 164
174 178 177 182
174 175 171 172
175 174 178 177
175 171 172 168
176 179 180 183
176 173 170 167
177 182 181 185
177 178 174 175
178 177 182 181
178 174 175 171
179 180 183 186
179 176 173 170
180 183 186 187
180 179 176 173
181 185 184 189
181 182 177 178
182 181 185 184
182 177 178 174
183 186 187 192
183 180 179 176
184 189 188 194
184 185 181 182
185 184 189 188
185 181 182 177
186 187 192 196
186 183 180 179
187 192 196 197
187 186 183 180
188 194 193 199
188 189 184 185
189 188 194 193
189 184 185 181
190 195 201 200
191 190 195 201
192 196 197 202
192 187 186 183
193 199 198 204
193 194 188 189
194 193 199 198
194 188 189 184
195 201 200 205
195 190 191 -1
196 197 202 206
196 192 187 186
197 202 206 210
197 196 192 187
198 204 203 208
198 199 193 194
199 198 204 203
199 193 194 188
200 205 209 212
200 201 195 190
201 200 205 209
201 195 190 191
202 206 210 213
202 197 196 192
203 208 207 211
203 204 198 199
204 203 208 207
204 198 199 193
205 209 212 215
205 200 201 195
206 210 213 216
206 202 197 196
207 211 214 219
207 208 203 204
208 207 211 214
208 203 204 198
209 212 215 220
209 205 200 201
210 213 216 217
210 206 202 197
211 214 219 218
211 207 208 203
212 215 220 224
212 209 205 200
213 216 217 221
213 210 206 202
214 219 218 223
214 211 207 208
215 220 224 228
215 212 209 205
216 217 221 225
216 213 210 206
217 221 225 226
217 216 213 210
218 223 222 227
218 219 214 211
219 218 223 222
219 214 211 207
220 224 228 232
220 215 212 209
221 225 226 229
221 217 216 213
222 227 231 230
222 223 218 219
223 222 227 231
223 218 219 214
224 228 232 236
224 220 215 212
225 226 229 233
225 221 217 216
226 229 233 234
226 225 221 217
227 231 230 235
227 222 223 218
228 232 236 239
228 224 220 215
229 233 234 237
229 226 225 221
230 235 238 241
230 231 227 222
231 230 235 238
231 227 222 223
232 236 239 242
232 228 224 220
233 234 237 240
233 229 226 225
234 237 240 243
234 233 229 226
235 238 241 246
235 230 231 227
236 239 242 247
236 232 228 224
237 240 243 244
237 234 233 229
238 241 246 245
238 235 230 231
239 242 247 250
239 236 232 228
240 243 244 248
240 237 234 233
241 246 245 249
241 238 235 230
242 247 250 254
242 239 236 232
243 244 248 251
243 240 237 234
244 248 251 252
244 243 240 237
245 249 253 256
245 246 241 238
246 245 249 253
246 241 238 235
247 250 254 257
247 242 239 236
248 251 252 255
248 244 243 240
249 253 256 260
249 245 246 241
250 254 257 261
250 247 242 239
251 252 255 258
251 248 244 243
252 255 258 259
252 251 248 244
253 256 260 263
253 249 245 246
254 257 261 264
254 250 247 242
255 258 259 262
255 252 251 248
256 260 263 267
256 253 249 245
257 261 264 268
257 254 250 247
258 259 262 265
258 255 252 251
259 262 265 266
259 258 255 252
260 263 267 270
260 256 253 249
261 264 268 271
261 257 254 250
262 265 266 269
262 259 258 255
263 267 270 274
263 260 256 253
264 268 271 272
264 261 257 254
265 266 269 273
265 262 259 258
266 269 273 276
266 265 262 259
267 270 274 278
267 263 260 256
268 271 272 275
268 264 261 257
269 273 276 277
269 266 265 262
270 274 278 282
270 267 263 260
271 272 275 279
271 268 264 261
272 275 279 280
272 271 268 264
273 276 277 281
273 269 266 265
274 278 282 286
274 270 267 263
275 279 280 283
275 272 271 268
276 277 281 284
276 273 269 266
277 281 284 285
277 276 273 269
278 282 286 291
278 274 270 267
279 280 283 287
279 275 272 271
280 283 287 288
280 279 275 272
281 284 285 289
281 277 276 273
282 286 291 290
282 278 274 270
283 287 288 292
283 280 279 275
284 285 289 294
284 281 277 276
285 289 294 295
285 284 281 277
286 291 290 296
286 282 278 274
287 288 292 293
287 283 280 279
288 292 293 297
288 287 283 280
289 294 295 299
289 285 284 281
290 296 300 305
290 291 286 282
291 290 296 300
291 286 282 278
292 293 297 298
292 288 287 283
293 297 298 301
293 292 288 287
294 295 299 303
294 289 285 284
295 299 303 304
295 294 289 285
296 300 305 309
296 290 291 286
297 298 301 302
297 293 292 288
298 301 302 306
298 297 293 292
299 303 304 308
299 295 294 289
300 305 309 313
300 296 290 291
301 302 306 307
301 298 297 293
302 306 307 310
302 301 298 297
303 304 308 312
303 299 295 294
304 308 312 316
304 303 299 295
305 309 313 318
305 300 296 290
306 307 310 311
306 302 301 298
307 310 311 314
307 306 302 301
308 312 316 317
308 304 303 299
309 313 318 322
309 305 300 296
310 311 314 315
310 307 306 302
311 314 315 319
311 310 307 306
312 316 317 321
312 308 304 303
313 318 322 327
313 309 305 300
314 315 319 320
314 311 310 307
315 319 320 323
315 314 311 310
316 317 321 325
316 312 308 304
317 321 325 326
317 316 312 308
318 322 327 331
318 313 309 305
319 320 323 324
319 315 314 311
320 323 324 328
320 319 315 314
321 325 326 330
321 317 316 312
322 327 331 336
322 318 313 309
323 324 328 329
323 320 319 315
324 328 329 332
324 323 320 319
325 326 330 334
325 321 317 316
326 330 334 335
326 325 321 317
327 331 336 340
327 322 318 313
328 329 332 333
328 324 323 320
329 332 333 337
329 328 324 323
330 334 335 339
330 326 325 321
331 336 340 345
331 327 322 318
332 333 337 338
332 329 328 324
333 337 338 341
333 332 329 328
334 335 339 343
334 330 326 325
335 339 343 344
335 334 330 326
336 340 345 349
336 331 327 322
337 338 341 342
337 333 332 329
338 341 342 346
338 337 333 332
339 343 344 348
339 335 334 330
340 345 349 353
340 336 331 327
341 342 346 347
341 338 337 333
342 346 347 350
342 341 338 337
343 344 348 352
343 339 335 334
344 348 352 357
344 343 339 335
345 349 353 359
345 340 336 331
346 347 350 351
346 342 341 338
347 350 351 354
347 346 342 341
348 352 357 358
348 344 343 339
349 353 359 363
349 345 340 336
350 351 354 355
350 347 346 342
351 354 355 356
351 350 347 346
352 357 358 362
352 348 344 343
353 359 363 368
353 349 345 340
354 355 356 360
354 351 350 347
355 356 360 361
355 354 351 350
356 360 361 364
356 355 354 351
357 358 362 366
357 352 348 344
358 362 366 367
358 357 352 348
359 363 368 373
359 353 349 345
360 361 364 365
360 356 355 354
361 364 365 369
361 360 356 355
362 366 367 371
362 358 357 352
363 368 373 372
363 359 353 349
364 365 369 370
364 361 360 356
365 369 370 374
365 364 361 360
366 367 371 376
366 362 358 357
367 371 376 377
367 366 362 358
368 373 372 378
368 363 359 353
369 370 374 375
369 365 364 361
370 374 375 379
370 369 365 364
371 376 377 381
371 367 366 362
372 378 382 387
372 373 368 363
373 372 378 382
373 368 363 359
374 375 379 380
374 370 369 365
375 379 380 383
375 374 370 369
376 377 381 386
376 371 367 366
377 381 386 390
377 376 371 367
378 382 387 391
378 372 373 368
379 380 383 384
379 375 374 370
380 383 384 385
380 379 375 374
381 386 390 394
381 377 376 371
382 387 391 396
382 378 372 373
383 384 385 388
383 380 379 375
384 385 388 389
384 383 380 379
385 388 389 392
385 384 383 380
386 390 394 399
386 381 377 376
387 391 396 395
387 382 378 372
388 389 392 393
388 385 384 383
389 392 393 397
389 388 385 384
390 394 399 400
390 386 381 377
391 396 395 401
391 387 382 378
392 393 397 398
392 389 388 385
393 397 398 402
393 392 389 388
394 399 400 404
394 390 386 381
395 401 405 410
395 396 391 387
396 395 401 405
396 391 387 382
397 398 402 403
397 393 392 389
398 402 403 406
398 397 393 392
399 400 404 408
399 394 390 386
400 404 408 409
400 399 394 390
401 405 410 414
401 395 396 391
402 403 406 407
402 398 397 393
403 406 407 411
403 402 398 397
404 408 409 413
404 400 399 394
405 410 414 419
405 401 395 396
406 407 411 412
406 403 402 398
407 411 412 415
407 406 403 402
408 409 413 417
408 404 400 399
409 413 417 418
409 408 404 400
410 414 419 424
410 405 401 395
411 412 415 416
411 407 406 403
412 415 416 420
412 411 407 406
413 417 418 423
413 409 408 404
414 419 424 428
414 410 405 401
415 416 420 421
415 412 411 407
416 420 421 422
416 415 412 411
417 418 423 427
417 413 409 408
418 423 427 432
418 417 413 409
419 424 428 433
419 414 410 405
420 421 422 425
420 416 415 412
421 422 425 426
421 420 416 415
422 425 426 429
422 421 420 416
423 427 432 436
423 418 417 413
424 428 433 437
424 419 414 410
425 426 429 430
425 422 421 420
426 429 430 431
426 425 422 421
427 432 436 440
427 423 418 417
428 433 437 442
428 424 419 414
429 430 431 434
429 426 425 422
430 431 434 435
430 429 426 425
431 434 435 438
431 430 429 426
432 436 440 441
432 427 423 418
433 437 442 447
433 428 424 419
434 435 438 439
434 431 430 429
435 438 439 443
435 434 431 430
436 440 441 446
436 432 427 423
437 442 447 453
437 433 428 424
438 439 443 444
438 435 434 431
439 443 444 445
439 438 435 434
440 441 446 451
440 436 432 427
441 446 451 452
441 440 436 432
442 447 453 457
442 437 433 428
443 444 445 448
443 439 438 435
444 445 448 449
444 443 439 438
445 448 449 450
445 444 443 439
446 451 452 456
446 441 440 436
447 453 457 462
447 442 437 433
448 449 450 454
448 445 444 443
449 450 454 455
449 450 454 474
449 448 445 444
450 454 455 458
450 449 448 445
451 452 456 460
451 446 441 440
452 456 460 461
452 451 446 441
453 457 462 466
453 447 442 437
454 455 458 459
454 455 458 467
454 450 449 448
455 458 459 463
455 458 459 464
455 458 459 467
455 454 450 449
456 460 461 465
456 452 451 446
457 462 466 469
457 453 447 442
458 459 463 464
458 459 464 467
458 459 467 470
458 455 454 450
459 463 464 467
459 458 455 454
460 461 465 468
460 456 452 451
461 465 468 471
461 460 456 452
462 466 469 472
462 457 453 447
463 464 467 -1
463 459 458 455
464 467 481 484
464 463 459 458
465 468 471 475
465 461 460 456
466 469 472 476
466 462 457 453
467 470 474 473
467 464 463 459
468 471 475 478
468 465 461 460
469 472 476 479
469 466 462 457
470 474 473 477
470 467 458 -1
471 475 478 482
471 468 465 461
472 476 479 483
472 469 466 462
473 477 481 480
473 474 470 467
474 473 477 481
474 470 467 458
474 470 467 450
474 470 449 -1
475 478 482 485
475 471 468 465
476 479 483 486
476 472 469 466
477 481 480 484
477 473 474 470
477 473 474 467
478 482 485 488
478 475 471 468
479 483 486 489
479 476 472 469
480 484 487 490
480 481 477 473
480 481 477 467
481 480 484 487
481 477 473 474
481 477 467 464
482 485 488 491
482 478 475 471
483 486 489 492
483 479 476 472
484 487 490 493
484 480 481 477
484 480 481 467
485 488 491 494
485 482 478 475
486 489 492 495
486 483 479 476
487 490 493 496
487 484 480 481
488 491 494 497
488 485 482 478
489 492 495 498
489 486 483 479
490 493 496 499
490 487 484 480
491 494 497 500
491 488 485 482
492 495 498 501
492 489 486 483
493 496 499 503
493 490 487 484
494 497 500 504
494 491 488 485
495 498 501 505
495 492 489 486
496 499 503 502
496 493 490 487
497 500 504 507
497 494 491 488
498 501 505 508
498 495 492 489
499 503 502 506
499 496 493 490
500 504 507 511
500 497 494 491
501 505 508 512
501 498 495 492
502 506 510 509
502 503 499 496
503 502 506 510
503 499 496 493
504 507 511 514
504 500 497 494
505 508 512 515
505 501 498 495
506 510 509 513
506 502 503 499
507 511 514 517
507 504 500 497
508 512 515 518
508 505 501 498
509 513 516 519
509 510 506 502
510 509 513 516
510 506 502 503
511 514 517 520
511 507 504 500
512 515 518 521
512 508 505 501
513 516 519 522
513 509 510 506
514 517 520 523
514 511 507 504
515 518 521 524
515 512 508 505
516 519 522 525
516 513 509 510
517 520 523 526
517 514 511 507
518 521 524 527
518 515 512 508
519 522 525 528
519 516 513 509
520 523 526 529
520 517 514 511
521 524 527 530
521 518 515 512
522 525 528 531
522 519 516 513
523 526 529 532
523 520 517 514
524 527 530 533
524 521 518 515
525 528 531 534
525 522 519 516
526 529 532 535
526 523 520 517
527 530 533 536
527 524 521 518
528 531 534 538
528 525 522 519
529 532 535 539
529 526 523 520
530 533 536 540
530 527 524 521
531 534 538 537
531 528 525 522
532 535 539 542
532 529 526 523
533 536 540 543
533 530 527 524
534 538 537 541
534 531 528 525
535 539 542 545
535 532 529 526
536 540 543 546
536 533 530 527
537 541 544 547
537 538 534 531
538 537 541 544
538 534 531 528
539 542 545 548
539 535 532 529
540 543 546 549
540 536 533 530
541 544 547 550
541 537 538 534
542 545 548 551
542 539 535 532
543 546 549 552
543 540 536 533
544 547 550 554
544 541 537 538
545 548 551 555
545 542 539 535
546 549 552 556
546 543 540 536
547 550 554 553
547 544 541 537
548 551 555 558
548 545 542 539
549 552 556 559
549 546 543 540
550 554 553 557
550 547 544 541
551 555 558 561
551 548 545 542
552 556 559 562
552 549 546 543
553 557 560 563
553 554 550 547
554 553 557 560
554 550 547 544
555 558 561 564
555 551 548 545
556 559 562 565
556 552 549 546
557 560 563 566
557 553 554 550
558 561 564 567
558 555 551 548
559 562 565 568
559 556 552 549
560 563 566 570
560 557 553 554
561 564 567 571
561 558 555 551
562 565 568 572
562 559 556 552
563 566 570 569
563 560 557 553
564 567 571 574
564 561 558 555
565 568 572 575
565 562 559 556
566 570 569 573
566 563 560 557
567 571 574 577
567 564 561 558
568 572 575 578
568 565 562 559
569 573 576 580
569 570 566 563
570 569 573 576
570 566 563 560
571 574 577 581
571 567 564 561
572 575 578 582
572 568 565 562
573 576 580 579
573 569 570 566
574 577 581 584
574 571 567 564
575 578 582 585
575 572 568 565
576 580 579 583
576 573 569 570
577 581 584 587
577 574 571 567
578 582 585 588
578 575 572 568
579 583 586 589
579 580 576 573
580 579 583 586
580 576 573 569
581 584 587 590
581 577 574 571
582 585 588 591
582 578 575 572
583 586 589 592
583 579 580 576
584 587 590 593
584 581 577 574
585 588 591 594
585 582 578 575
586 589 592 596
586 583 579 580
587 590 593 597
587 584 581 577
588 591 594 598
588 585 582 578
589 592 596 595
589 586 583 579
590 593 597 600
590 587 584 581
591 594 598 601
591 588 585 582
592 596 595 599
592 589 586 583
593 597 600 603
593 590 587 584
594 598 601 604
594 591 588 585
595 599 602 606
595 596 592 589
596 595 599 602
596 592 589 586
597 600 603 607
597 593 590 587
598 601 604 608
598 594 591 588
599 602 606 605
599 595 596 592
600 603 607 610
600 597 593 590
601 604 608 611
601 598 594 591
602 606 605 609
602 599 595 596
603 607 610 618
603 600 597 593
604 608 611 619
604 601 598 594
605 609 617 624
605 606 602 599
606 605 609 617
606 602 599 595
607 610 618 625
607 603 600 597
608 611 619 626
608 604 601 598
609 617 624 623
609 605 606 602
610 618 625 631
610 607 603 600
611 619 626 632
611 608 604 601
612 621 620 627
612 613 614 615
613 612 621 620
613 614 615 616
614 613 612 621
614 615 616 622
615 616 622 628
615 614 613 612
616 622 628 629
616 615 614 613
617 624 623 630
617 609 605 606
618 625 631 637
618 610 607 603
619 626 632 638
619 611 608 604
620 627 633 639
620 621 612 613
621 620 627 633
621 612 613 614
622 628 629 634
622 616 615 614
623 630 636 641
623 624 617 609
624 623 630 636
624 617 609 605
625 631 637 642
625 618 610 607
626 632 638 643
626 619 611 608
627 633 639 644
627 620 621 612
628 629 634 635
628 622 616 615
629 634 635 640
629 628 622 616
630 636 641 646
630 623 624 617
631 637 642 647
631 625 618 610
632 638 643 648
632 626 619 611
633 639 644 649
633 627 620 621
634 635 640 645
634 629 628 622
634 629 628 616
635 640 645 650
635 634 629 628
635 634 629 616
636 641 646 651
636 630 623 624
637 642 647 652
637 631 625 618
638 643 648 653
638 632 626 619
639 644 649 655
639 633 627 620
640 645 650 656
640 635 634 629
641 646 651 658
641 636 630 623
642 647 652 659
642 637 631 625
643 648 653 660
643 638 632 626
644 649 655 654
644 639 633 627
645 650 656 662
645 640 635 634
646 651 658 657
646 641 636 630
647 652 659 664
647 642 637 631
648 653 660 665
648 643 638 632
649 655 654 661
649 644 639 633
650 656 662 667
650 645 640 635
651 658 657 663
651 646 641 636
652 659 664 669
652 647 642 637
653 660 665 670
653 648 643 638
654 661 666 671
654 655 649 644
655 654 661 666
655 649 644 639
656 662 667 672
656 650 645 640
657 663 668 673
657 658 651 646
658 657 663 668
658 651 646 641
659 664 669 674
659 652 647 642
660 665 670 675
660 653 648 643
661 666 671 676
661 654 655 649
662 667 672 677
662 656 650 645
663 668 673 678
663 657 658 651
664 669 674 679
664 659 652 647
665 670 675 680
665 660 653 648
666 671 676 681
666 661 654 655
667 672 677 682
667 662 656 650
668 673 678 683
668 663 657 658
669 674 679 684
669 664 659 652
670 675 680 685
670 665 660 653
671 676 681 686
671 666 661 654
672 677 682 687
672 667 662 656
673 678 683 688
673 668 663 657
674 679 684 689
674 669 664 659
675 680 685 690
675 670 665 660
676 681 686 691
676 671 666 661
677 682 687 692
677 672 667 662
678 683 688 693
678 673 668 663
679 684 689 694
679 674 669 664
680 685 690 695
680 675 670 665
681 686 691 696
681 676 671 666
682 687 692 697
682 677 672 667
683 688 693 698
683 678 673 668
684 689 694 699
684 679 674 669
685 690 695 700
685 680 675 670
686 691 696 701
686 681 676 671
687 692 697 702
687 682 677 672
688 693 698 703
688 683 678 673
689 694 699 704
689 684 679 674
690 695 700 705
690 685 680 675
691 696 701 706
691 686 681 676
692 697 702 707
692 687 682 677
693 698 703 708
693 688 683 678
694 699 704 709
694 689 684 679
695 700 705 710
695 690 685 680
696 701 706 711
696 691 686 681
697 702 707 712
697 692 687 682
698 703 708 713
698 693 688 683
699 704 709 714
699 694 689 684
700 705 710 715
700 695 690 685
701 706 711 716
701 696 691 686
702 707 712 717
702 697 692 687
703 708 713 718
703 698 693 688
704 709 714 719
704 699 694 689
705 710 715 720
705 700 695 690
706 711 716 721
706 701 696 691
707 712 717 722
707 702 697 692
708 713 718 724
708 703 698 693
709 714 719 725
709 704 699 694
710 715 720 726
710 705 700 695
711 716 721 727
711 706 701 696
712 717 722 728
712 707 702 697
713 718 724 723
713 708 703 698
714 719 725 730
714 709 704 699
715 720 726 731
715 710 705 700
716 721 727 732
716 711 706 701
717 722 728 733
717 712 707 702
718 724 723 729
718 713 708 703
719 725 730 735
719 714 709 704
720 726 731 736
720 715 710 705
721 727 732 737
721 716 711 706
722 728 733 738
722 717 712 707
723 729 734 739
723 724 718 713
724 723 729 734
724 718 713 708
725 730 735 740
725 719 714 709
726 731 736 741
726 720 715 710
727 732 737 742
727 721 716 711
728 733 738 743
728 722 717 712
729 734 739 744
729 723 724 718
730 735 740 745
730 725 719 714
731 736 741 746
731 726 720 715
732 737 742 747
732 727 721 716
733 738 743 748
733 728 722 717
734 739 744 749
734 729 723 724
735 740 745 750
735 730 725 719
736 741 746 751
736 731 726 720
737 742 747 752
737 732 727 721
738 743 748 753
738 733 728 722
739 744 749 754
739 734 729 723
740 745 750 755
740 735 730 725
741 746 751 756
741 736 731 726
742 747 752 757
742 737 732 727
743 748 753 758
743 738 733 728
744 749 754 759
744 739 734 729
745 750 755 760
745 740 735 730
746 751 756 761
746 741 736 731
747 752 757 762
747 742 737 732
748 753 758 763
748 743 738 733
749 754 759 764
749 744 739 734
750 755 760 765
750 745 740 735
751 756 761 766
751 746 741 736
752 757 762 767
752 747 742 737
753 758 763 768
753 748 743 738
754 759 764 769
754 749 744 739
755 760 765 770
755 750 745 740
756 761 766 771
756 751 746 741
757 762 767 772
757 752 747 742
758 763 768 773
758 753 748 743
759 764 769 774
759 754 749 744
760 765 770 775
760 755 750 745
761 766 771 776
761 756 751 746
762 767 772 777
762 757 752 747
763 768 773 778
763 758 753 748
764 769 774 779
764 759 754 749
765 770 775 780
765 760 755 750
766 771 776 781
766 761 756 751
767 772 777 782
767 762 757 752
768 773 778 783
768 763 758 753
769 774 779 785
769 764 759 754
770 775 780 786
770 765 760 755
771 776 781 787
771 766 761 756
772 777 782 788
772 767 762 757
773 778 783 784
773 768 763 758
774 779 785 790
774 769 764 759
775 780 786 791
775 770 765 760
776 781 787 792
776 771 766 761
777 782 788 793
777 772 767 762
778 783 784 789
778 773 768 763
779 785 790 795
779 774 769 764
780 786 791 796
780 775 770 765
781 787 792 797
781 776 771 766
782 788 793 798
782 777 772 767
783 784 789 794
783 778 773 768
784 789 794 799
784 783 778 773
785 790 795 800
785 779 774 769
786 791 796 801
786 780 775 770
787 792 797 802
787 781 776 771
788 793 798 803
788 782 777 772
789 794 799 804
789 784 783 778
790 795 800 805
790 785 779 774
791 796 801 806
791 786 780 775
792 797 802 807
792 787 781 776
793 798 803 808
793 788 782 777
794 799 804 809
794 789 784 783
795 800 805 811
795 790 785 779
796 801 806 812
796 791 786 780
797 802 807 813
797 792 787 781
798 803 808 814
798 793 788 782
799 804 809 815
799 794 789 784
800 805 811 810
800 795 790 785
801 806 812 817
801 796 791 786
802 807 813 818
802 797 792 787
803 808 814 819
803 798 793 788
804 809 815 820
804 799 794 789
805 811 810 816
805 800 795 790
806 812 817 822
806 801 796 791
807 813 818 823
807 802 797 792
808 814 819 824
808 803 798 793
809 815 820 825
809 804 799 794
810 816 821 826
810 811 805 800
811 810 816 821
811 805 800 795
812 817 822 827
812 806 801 796
813 818 823 828
813 807 802 797
814 819 824 829
814 808 803 798
815 820 825 830
815 809 804 799
816 821 826 831
816 810 811 805
817 822 827 832
817 812 806 801
818 823 828 833
818 813 807 802
819 824 829 834
819 814 808 803
820 825 830 835
820 815 809 804
821 826 831 836
821 816 810 811
822 827 832 837
822 817 812 806
823 828 833 838
823 818 813 807
824 829 834 839
824 819 814 808
825 830 835 840
825 820 815 809
826 831 836 841
826 821 816 810
827 832 837 842
827 822 817 812
828 833 838 843
828 823 818 813
829 834 839 844
829 824 819 814
830 835 840 845
830 825 820 815
831 836 841 846
831 826 821 816
832 837 842 847
832 827 822 817
833 838 843 848
833 828 823 818
834 839 844 849
834 829 824 819
835 840 845 850
835 830 825 820
836 841 846 851
836 831 826 821
837 842 847 852
837 832 827 822
838 843 848 853
838 833 828 823
839 844 849 854
839 834 829 824
840 845 850 855
840 835 830 825
841 846 851 856
841 836 831 826
842 847 852 857
842 837 832 827
843 848 853 858
843 838 833 828
844 849 854 859
844 839 834 829
845 850 855 860
845 840 835 830
846 851 856 861
846 841 836 831
847 852 857 862
847 842 837 832
848 853 858 863
848 843 838 833
849 854 859 865
849 844 839 834
850 855 860 866
850 845 840 835
851 856 861 867
851 846 841 836
852 857 862 868
852 847 842 837
853 858 863 869
853 848 843 838
854 859 865 864
854 849 844 839
855 860 866 871
855 850 845 840
856 861 867 872
856 851 846 841
857 862 868 873
857 852 847 842
858 863 869 874
858 853 848 843
859 865 864 870
859 854 849 844
860 866 871 876
860 855 850 845
861 867 872 877
861 856 851 846
862 868 873 878
862 857 852 847
863 869 874 879
863 858 853 848
864 870 875 880
864 865 859 854
865 864 870 875
865 859 854 849
866 871 876 881
866 860 855 850
867 872 877 882
867 861 856 851
868 873 878 883
868 862 857 852
869 874 879 884
869 863 858 853
870 875 880 885
870 864 865 859
871 876 881 886
871 866 860 855
872 877 882 887
872 867 861 856
873 878 883 888
873 868 862 857
874 879 884 889
874 869 863 858
875 880 885 890
875 870 864 865
876 881 886 891
876 871 866 860
877 882 887 892
877 872 867 861
878 883 888 893
878 873 868 862
879 884 889 894
879 874 869 863
880 885 890 895
880 875 870 864
881 886 891 896
881 876 871 866
882 887 892 897
882 877 872 867
883 888 893 898
883 878 873 868
884 889 894 899
884 879 874 869
885 890 895 900
885 880 875 870
886 891 896 901
886 881 876 871
887 892 897 902
887 882 877 872
888 893 898 903
888 883 878 873
889 894 899 904
889 884 879 874
890 895 900 905
890 885 880 875
891 896 901 906
891 886 881 876
892 897 902 907
892 887 882 877
893 898 903 908
893 888 883 878
894 899 904 909
894 889 884 879
895 900 905 910
895 890 885 880
896 901 906 911
896 891 886 881
897 902 907 912
897 892 887 882
898 903 908 913
898 893 888 883
899 904 909 914
899 894 889 884
900 905 910 916
900 895 890 885
901 906 911 917
901 896 891 886
902 907 912 918
902 897 892 887
903 908 913 919
903 898 893 888
904 909 914 920
904 899 894 889
905 910 916 915
905 900 895 890
906 911 917 922
906 901 896 891
907 912 918 923
907 902 897 892
908 913 919 924
908 903 898 893
909 914 920 925
909 904 899 894
910 916 915 921
910 905 900 895
911 917 922 927
911 906 901 896
912 918 923 928
912 907 902 897
913 919 924 929
913 908 903 898
914 920 925 930
914 909 904 899
915 921 926 931
915 916 910 905
916 915 921 926
916 910 905 900
917 922 927 932
917 911 906 901
918 923 928 933
918 912 907 902
919 924 929 934
919 913 908 903
920 925 930 935
920 914 909 904
921 926 931 936
921 915 916 910
922 927 932 937
922 917 911 906
923 928 933 938
923 918 912 907
924 929 934 939
924 919 913 908
925 930 935 940
925 920 914 909
926 931 936 941
926 921 915 916
927 932 937 942
927 922 917 911
928 933 938 943
928 923 918 912
929 934 939 944
929 924 919 913
930 935 940 945
930 925 920 914
931 936 941 946
931 926 921 915
932 937 942 947
932 927 922 917
933 938 943 949
933 928 923 918
934 939 944 950
934 929 924 919
935 940 945 951
935 930 925 920
936 941 946 952
936 931 926 921
937 942 947 948
937 932 927 922
938 943 949 954
938 933 928 923
939 944 950 955
939 934 929 924
940 945 951 956
940 935 930 925
941 946 952 957
941 936 931 926
942 947 948 953
942 937 932 927
943 949 954 959
943 938 933 928
944 950 955 960
944 939 934 929
945 951 956 961
945 940 935 930
946 952 957 962
946 941 936 931
947 948 953 958
947 942 937 932
948 953 958 963
948 947 942 937
949 954 959 964
949 943 938 933
950 955 960 965
950 944 939 934
951 956 961 966
951 945 940 935
952 957 962 967
952 946 941 936
953 958 963 968
953 948 947 942
954 959 964 969
954 949 943 938
955 960 965 970
955 950 944 939
956 961 966 971
956 951 945 940
957 962 967 972
957 952 946 941
958 963 968 973
958 953 948 947
959 964 969 974
959 954 949 943
960 965 970 975
960 955 950 944
961 966 971 976
961 956 951 945
962 967 972 977
962 957 952 946
963 968 973 978
963 958 953 948
964 969 974 979
964 959 954 949
965 970 975 980
965 960 955 950
966 971 976 981
966 961 956 951
967 972 977 982
967 962 957 952
968 973 978 983
968 963 958 953
969 974 979 984
969 964 959 954
970 975 980 985
970 965 960 955
971 976 981 986
971 966 961 956
972 977 982 987
972 967 962 957
973 978 983 988
973 968 963 958
974 979 984 989
974 969 964 959
975 980 985 990
975 970 965 960
976 981 986 991
976 971 966 961
977 982 987 992
977 972 967 962
978 983 988 993
978 973 968 963
979 984 989 994
979 974 969 964
980 985 990 995
980 975 970 965
981 986 991 996
981 976 971 966
982 987 992 997
982 977 972 967
983 988 993 998
983 978 973 968
984 989 994 999
984 979 974 969
985 990 995 1000
985 980 975 970
986 991 996 1001
986 981 976 971
987 992 997 1002
987 982 977 972
988 993 998 1003
988 983 978 973
989 994 999 1004
989 984 979 974
990 995 1000 1005
990 985 980 975
991 996 1001 1006
991 986 981 976
992 997 1002 1007
992 987 982 977
993 998 1003 1008
993 988 983 978
994 999 1004 1009
994 989 984 979
995 1000 1005 1010
995 990 985 980
996 1001 1006 1011
996 991 986 981
997 1002 1007 1012
997 992 987 982
998 1003 1008 1013
998 993 988 983
999 1004 1009 1014
999 994 989 984
1000 1005 1010 1015
1000 995 990 985
1001 1006 1011 1016
1001 996 991 986
1002 1007 1012 1017
1002 997 992 987
1003 1008 1013 1018
1003 998 993 988
1004 1009 1014 1019
1004 999 994 989
1005 1010 1015 1020
1005 1000 995 990
1006 1011 1016 1021
1006 1001 996 991
1007 1012 1017 1022
1007 1002 997 992
1008 1013 1018 1023
1008 1003 998 993
1009 1014 1019 1024
1009 1004 999 994
1010 1015 1020 1025
1010 1005 1000 995
1011 1016 1021 1026
1011 1006 1001 996
1012 1017 1022 1027
1012 1007 1002 997
1013 1018 1023 1028
1013 1008 1003 998
1014 1019 1024 1029
1014 1009 1004 999
1015 1020 1025 1030
1015 1010 1005 1000
1016 1021 1026 1031
1016 1011 1006 1001
1017 1022 1027 1032
1017 1012 1007 1002
1018 1023 1028 1033
1018 1013 1008 1003
1019 1024 1029 1034
1019 1014 1009 1004
1020 1025 1030 1035
1020 1015 1010 1005
1021 1026 1031 1036
1021 1016 1011 1006
1022 1027 1032 1037
1022 1017 1012 1007
1023 1028 1033 1038
1023 1018 1013 1008
1024 1029 1034 1039
1024 1019 1014 1009
1025 1030 1035 1040
1025 1020 1015 1010
1026 1031 1036 1041
1026 1021 1016 1011
1027 1032 1037 1042
1027 1022 1017 1012
1028 1033 1038 1043
1028 1023 1018 1013
1029 1034 1039 1044
1029 1024 1019 1014
1030 1035 1040 1045
1030 1025 1020 1015
1031 1036 1041 1046
1031 1026 1021 1016
1032 1037 1042 1047
1032 1027 1022 1017
1033 1038 1043 1048
1033 1028 1023 1018
1034 1039 1044 1049
1034 1029 1024 1019
1035 1040 1045 1050
1035 1030 1025 1020
1036 1041 1046 1051
1036 1031 1026 1021
1037 1042 1047 1052
1037 1032 1027 1022
1038 1043 1048 1053
1038 1033 1028 1023
1039 1044 1049 1054
1039 1034 1029 1024
1040 1045 1050 1055
1040 1035 1030 1025
1041 1046 1051 1056
1041 1036 1031 1026
1042 1047 1052 1057
1042 1037 1032 1027
1043 1048 1053 1058
1043 1038 1033 1028
1044 1049 1054 1059
1044 1039 1034 1029
1045 1050 1055 1060
1045 1040 1035 1030
1046 1051 1056 1061
1046 1041 1036 1031
1047 1052 1057 1062
1047 1042 1037 1032
1048 1053 1058 1063
1048 1043 1038 1033
1049 1054 1059 1064
1049 1044 1039 1034
1050 1055 1060 1065
1050 1045 1040 1035
1051 1056 1061 1066
1051 1046 1041 1036
1052 1057 1062 1067
1052 1047 1042 1037
1053 1058 1063 1068
1053 1048 1043 1038
1054 1059 1064 1069
1054 1049 1044 1039
1055 1060 1065 1070
1055 1050 1045 1040
1056 1061 1066 1071
1056 1051 1046 1041
1057 1062 1067 1072
1057 1052 1047 1042
1058 1063 1068 1073
1058 1053 1048 1043
1059 1064 1069 1074
1059 1054 1049 1044
1060 1065 1070 1075
1060 1055 1050 1045
1061 1066 1071 1076
1061 1056 1051 1046
1062 1067 1072 1077
1062 1057 1052 1047
1063 1068 1073 1078
1063 1058 1053 1048
1064 1069 1074 1079
1064 1059 1054 1049
1065 1070 1075 1080
1065 1060 1055 1050
1066 1071 1076 1081
1066 1061 1056 1051
1067 1072 1077 1082
1067 1062 1057 1052
1068 1073 1078 1083
1068 1063 1058 1053
1069 1074 1079 1084
1069 1064 1059 1054
1070 1075 1080 1085
1070 1065 1060 1055
1071 1076 1081 1086
1071 1066 1061 1056
1072 1077 1082 1087
1072 1067 1062 1057
1073 1078 1083 1088
1073 1068 1063 1058
1074 1079 1084 1089
1074 1069 1064 1059
1075 1080 1085 1090
1075 1070 1065 1060
1076 1081 1086 1091
1076 1071 1066 1061
1077 1082 1087 1092
1077 1072 1067 1062
1078 1083 1088 1093
1078 1073 1068 1063
1079 1084 1089 1094
1079 1074 1069 1064
1080 1085 1090 1095
1080 1075 1070 1065
1081 1086 1091 1096
1081 1076 1071 1066
1082 1087 1092 1097
1082 1077 1072 1067
1083 1088 1093 1098
1083 1078 1073 1068
1084 1089 1094 1099
1084 1079 1074 1069
1085 1090 1095 1100
1085 1080 1075 1070
1086 1091 1096 1101
1086 1081 1076 1071
1087 1092 1097 1102
1087 1082 1077 1072
1088 1093 1098 1103
1088 1083 1078 1073
1089 1094 1099 1104
1089 1084 1079 1074
1090 1095 1100 1105
1090 1085 1080 1075
1091 1096 1101 1106
1091 1086 1081 1076
1092 1097 1102 1107
1092 1087 1082 1077
1093 1098 1103 1108
1093 1088 1083 1078
1094 1099 1104 1109
1094 1089 1084 1079
1095 1100 1105 1110
1095 1090 1085 1080
1096 1101 1106 1111
1096 1091 1086 1081
1097 1102 1107 1112
1097 1092 1087 1082
1098 1103 1108 1113
1098 1093 1088 1083
1099 1104 1109 1114
1099 1094 1089 1084
1100 1105 1110 1115
1100 1095 1090 1085
1101 1106 1111 1116
1101 1096 1091 1086
1102 1107 1112 1117
1102 1097 1092 1087
1103 1108 1113 1118
1103 1098 1093 1088
1104 1109 1114 1119
1104 1099 1094 1089
1105 1110 1115 1120
1105 1100 1095 1090
1106 1111 1116 1121
1106 1101 1096 1091
1107 1112 1117 1122
1107 1102 1097 1092
1108 1113 1118 1123
1108 1103 1098 1093
1109 1114 1119 1124
1109 1104 1099 1094
1110 1115 1120 1125
1110 1105 1100 1095
1111 1116 1121 1126
1111 1106 1101 1096
1112 1117 1122 1127
1112 1107 1102 1097
1113 1118 1123 1128
1113 1108 1103 1098
1114 1119 1124 1129
1114 1109 1104 1099
1115 1120 1125 1130
1115 1110 1105 1100
1116 1121 1126 1131
1116 1111 1106 1101
1117 1122 1127 1132
1117 1112 1107 1102
1118 1123 1128 1133
1118 1113 1108 1103
1119 1124 1129 1134
1119 1114 1109 1104
1120 1125 1130 1135
1120 1115 1110 1105
1121 1126 1131 1136
1121 1116 1111 1106
1122 1127 1132 1137
1122 1117 1112 1107
1123 1128 1133 1138
1123 1118 1113 1108
1124 1129 1134 1139
1124 1119 1114 1109
1125 1130 1135 1140
1125 1120 1115 1110
1126 1131 1136 1141
1126 1121 1116 1111
1127 1132 1137 1142
1127 1122 1117 1112
1128 1133 1138 1143
1128 1123 1118 1113
1129 1134 1139 1144
1129 1124 1119 1114
1130 1135 1140 1145
1130 1125 1120 1115
1131 1136 1141 1146
1131 1126 1121 1116
1132 1137 1142 1147
1132 1127 1122 1117
1133 1138 1143 1148
1133 1128 1123 1118
1134 1139 1144 1149
1134 1129 1124 1119
1135 1140 1145 1150
1135 1130 1125 1120
1136 1141 1146 1151
1136 1131 1126 1121
1137 1142 1147 1152
1137 1132 1127 1122
1138 1143 1148 1153
1138 1133 1128 1123
1139 1144 1149 1154
1139 1134 1129 1124
1140 1145 1150 1155
1140 1135 1130 1125
1141 1146 1151 1156
1141 1136 1131 1126
1142 1147 1152 1157
1142 1137 1132 1127
1143 1148 1153 1158
1143 1138 1133 1128
1144 1149 1154 1159
1144 1139 1134 1129
1145 1150 1155 1160
1145 1140 1135 1130
1146 1151 1156 1161
1146 1141 1136 1131
1147 1152 1157 1162
1147 1142 1137 1132
1148 1153 1158 1163
1148 1143 1138 1133
1149 1154 1159 1164
1149 1144 1139 1134
1150 1155 1160 1165
1150 1145 1140 1135
1151 1156 1161 1166
1151 1146 1141 1136
1152 1157 1162 1167
1152 1147 1142 1137
1153 1158 1163 1168
1153 1148 1143 1138
1154 1159 1164 1169
1154 1149 1144 1139
1155 1160 1165 1170
1155 1150 1145 1140
1156 1161 1166 1171
1156 1151 1146 1141
1157 1162 1167 1172
1157 1152 1147 1142
1158 1163 1168 1173
1158 1153 1148 1143
1159 1164 1169 1174
1159 1154 1149 1144
1160 1165 1170 1175
1160 1155 1150 1145
1161 1166 1171 1176
1161 1156 1151 1146
1162 1167 1172 1177
1162 1157 1152 1147
1163 1168 1173 1178
1163 1158 1153 1148
1164 1169 1174 1179
1164 1159 1154 1149
1165 1170 1175 1180
1165 1160 1155 1150
1166 1171 1176 1181
1166 1161 1156 1151
1167 1172 1177 1182
1167 1162 1157 1152
1168 1173 1178 1183
1168 1163 1158 1153
1169 1174 1179 1184
1169 1164 1159 1154
1170 1175 1180 1185
1170 1165 1160 1155
1171 1176 1181 1186
1171 1166 1161 1156
1172 1177 1182 1187
1172 1167 1162 1157
1173 1178 1183 1188
1173 1168 1163 1158
1174 1179 1184 1189
1174 1169 1164 1159
1175 1180 1185 1190
1175 1170 1165 1160
1176 1181 1186 1191
1176 1171 1166 1161
1177 1182 1187 1192
1177 1172 1167 1162
1178 1183 1188 1193
1178 1173 1168 1163
1179 1184 1189 1194
1179 1174 1169 1164
1180 1185 1190 1195
1180 1175 1170 1165
1181 1186 1191 1196
1181 1176 1171 1166
1182 1187 1192 1197
1182 1177 1172 1167
1183 1188 1193 1198
1183 1178 1173 1168
1184 1189 1194 1199
1184 1179 1174 1169
1185 1190 1195 1200
1185 1180 1175 1170
1186 1191 1196 1201
1186 1181 1176 1171
1187 1192 1197 1202
1187 1182 1177 1172
1188 1193 1198 1203
1188 1183 1178 1173
1189 1194 1199 1204
1189 1184 1179 1174
1190 1195 1200 1205
1190 1185 1180 1175
1191 1196 1201 1206
1191 1186 1181 1176
1192 1197 1202 1207
1192 1187 1182 1177
1193 1198 1203 1208
1193 1188 1183 1178
1194 1199 1204 1209
1194 1189 1184 1179
1195 1200 1205 1210
1195 1190 1185 1180
1196 1201 1206 1211
1196 1191 1186 1181
1197 1202 1207 1212
1197 1192 1187 1182
1198 1203 1208 1213
1198 1193 1188 1183
1199 1204 1209 1214
1199 1194 1189 1184
1200 1205 1210 1215
1200 1195 1190 1185
1201 1206 1211 1216
1201 1196 1191 1186
1202 1207 1212 1217
1202 1197 1192 1187
1203 1208 1213 1218
1203 1198 1193 1188
1204 1209 1214 1219
1204 1199 1194 1189
1205 1210 1215 1220
1205 1200 1195 1190
1206 1211 1216 1221
1206 1201 1196 1191
1207 1212 1217 1222
1207 1202 1197 1192
1208 1213 1218 1223
1208 1203 1198 1193
1209 1214 1219 1224
1209 1204 1199 1194
1210 1215 1220 1225
1210 1205 1200 1195
1211 1216 1221 1226
1211 1206 1201 1196
1212 1217 1222 1227
1212 1207 1202 1197
1213 1218 1223 1228
1213 1208 1203 1198
1214 1219 1224 1229
1214 1209 1204 1199
1215 1220 1225 1230
1215 1210 1205 1200
1216 1221 1226 1231
1216 1211 1206 1201
1217 1222 1227 1232
1217 1212 1207 1202
1218 1223 1228 1233
1218 1213 1208 1203
1219 1224 1229 1234
1219 1214 1209 1204
1220 1225 1230 1235
1220 1215 1210 1205
1221 1226 1231 1236
1221 1216 1211 1206
1222 1227 1232 1237
1222 1217 1212 1207
1223 1228 1233 1238
1223 1218 1213 1208
1224 1229 1234 1239
1224 1219 1214 1209
1225 1230 1235 1240
1225 1220 1215 1210
1226 1231 1236 1241
1226 1221 1216 1211
1227 1232 1237 1242
1227 1222 1217 1212
1228 1233 1238 1243
1228 1223 1218 1213
1229 1234 1239 1244
1229 1224 1219 1214
1230 1235 1240 1245
1230 1225 1220 1215
1231 1236 1241 1246
1231 1226 1221 1216
1232 1237 1242 1247
1232 1227 1222 1217
1233 1238 1243 1248
1233 1228 1223 1218
1234 1239 1244 1249
1234 1229 1224 1219
1235 1240 1245 1250
1235 1230 1225 1220
1236 1241 1246 1251
1236 1231 1226 1221
1237 1242 1247 1252
1237 1232 1227 1222
1238 1243 1248 1253
1238 1233 1228 1223
1239 1244 1249 1254
1239 1234 1229 1224
1240 1245 1250 1255
1240 1235 1230 1225
1241 1246 1251 1256
1241 1236 1231 1226
1242 1247 1252 1257
1242 1237 1232 1227
1243 1248 1253 1258
1243 1238 1233 1228
1244 1249 1254 1259
1244 1239 1234 1229
1245 1250 1255 1260
1245 1240 1235 1230
1246 1251 1256 1261
1246 1241 1236 1231
1247 1252 1257 1262
1247 1242 1237 1232
1248 1253 1258 1263
1248 1243 1238 1233
1249 1254 1259 1264
1249 1244 1239 1234
1250 1255 1260 1265
1250 1245 1240 1235
1251 1256 1261 1266
1251 1246 1241 1236
1252 1257 1262 1267
1252 1247 1242 1237
1253 1258 1263 1268
1253 1248 1243 1238
1254 1259 1264 1269
1254 1249 1244 1239
1255 1260 1265 1270
1255 1250 1245 1240
1256 1261 1266 1271
1256 1251 1246 1241
1257 1262 1267 1272
1257 1252 1247 1242
1258 1263 1268 1273
1258 1253 1248 1243
1259 1264 1269 1274
1259 1254 1249 1244
1260 1265 1270 1275
1260 1255 1250 1245
1261 1266 1271 1276
1261 1256 1251 1246
1262 1267 1272 1277
1262 1257 1252 1247
1263 1268 1273 1278
1263 1258 1253 1248
1264 1269 1274 1279
1264 1259 1254 1249
1265 1270 1275 1280
1265 1260 1255 1250
1266 1271 1276 1281
1266 1261 1256 1251
1267 1272 1277 1282
1267 1262 1257 1252
1268 1273 1278 1283
1268 1263 1258 1253
1269 1274 1279 1284
1269 1264 1259 1254
1270 1275 1280 1285
1270 1265 1260 1255
1271 1276 1281 1286
1271 1266 1261 1256
1272 1277 1282 1287
1272 1267 1262 1257
1273 1278 1283 1288
1273 1268 1263 1258
1274 1279 1284 1289
1274 1269 1264 1259
1275 1280 1285 1290
1275 1270 1265 1260
1276 1281 1286 1291
1276 1271 1266 1261
1277 1282 1287 1292
1277 1272 1267 1262
1278 1283 1288 1293
1278 1273 1268 1263
1279 1284 1289 1294
1279 1274 1269 1264
1280 1285 1290 1295
1280 1275 1270 1265
1281 1286 1291 1296
1281 1276 1271 1266
1282 1287 1292 1297
1282 1277 1272 1267
1283 1288 1293 1298
1283 1278 1273 1268
1284 1289 1294 1299
1284 1279 1274 1269
1285 1290 1295 1301
1285 1280 1275 1270
1286 1291 1296 1302
1286 1281 1276 1271
1287 1292 1297 1303
1287 1282 1277 1272
1288 1293 1298 1304
1288 1283 1278 1273
1289 1294 1299 1300
1289 1284 1279 1274
1290 1295 1301 1306
1290 1285 1280 1275
1291 1296 1302 1307
1291 1286 1281 1276
1292 1297 1303 1308
1292 1287 1282 1277
1293 1298 1304 1309
1293 1288 1283 1278
1294 1299 1300 1305
1294 1289 1284 1279
1295 1301 1306 1311
1295 1290 1285 1280
1296 1302 1307 1312
1296 1291 1286 1281
1297 1303 1308 1313
1297 1292 1287 1282
1298 1304 1309 1314
1298 1293 1288 1283
1299 1300 1305 1310
1299 1294 1289 1284
1300 1305 1310 1315
1300 1299 1294 1289
1301 1306 1311 1316
1301 1295 1290 1285
1302 1307 1312 1317
1302 1296 1291 1286
1303 1308 1313 1318
1303 1297 1292 1287
1304 1309 1314 1319
1304 1298 1293 1288
1305 1310 1315 1320
1305 1300 1299 1294
1306 1311 1316 1321
1306 1301 1295 1290
1307 1312 1317 1322
1307 1302 1296 1291
1308 1313 1318 1323
1308 1303 1297 1292
1309 1314 1319 1324
1309 1304 1298 1293
1310 1315 1320 1325
1310 1305 1300 1299
1311 1316 1321 1326
1311 1306 1301 1295
1312 1317 1322 1327
1312 1307 1302 1296
1313 1318 1323 1328
1313 1308 1303 1297
1314 1319 1324 1329
1314 1309 1304 1298
1315 1320 1325 1330
1315 1310 1305 1300
1316 1321 1326 1331
1316 1311 1306 1301
1317 1322 1327 1332
1317 1312 1307 1302
1318 1323 1328 1333
1318 1313 1308 1303
1319 1324 1329 1334
1319 1314 1309 1304
1320 1325 1330 1335
1320 1315 1310 1305
1321 1326 1331 1336
1321 1316 1311 1306
1322 1327 1332 1337
1322 1317 1312 1307
1323 1328 1333 1338
1323 1318 1313 1308
1324 1329 1334 1339
1324 1319 1314 1309
1325 1330 1335 1340
1325 1320 1315 1310
1326 1331 1336 1341
1326 1321 1316 1311
1327 1332 1337 1342
1327 1322 1317 1312
1328 1333 1338 1343
1328 1323 1318 1313
1329 1334 1339 1344
1329 1324 1319 1314
1330 1335 1340 1345
1330 1325 1320 1315
1331 1336 1341 1346
1331 1326 1321 1316
1332 1337 1342 1347
1332 1327 1322 1317
1333 1338 1343 1348
1333 1328 1323 1318
1334 1339 1344 1349
1334 1329 1324 1319
1335 1340 1345 1351
1335 1330 1325 1320
1336 1341 1346 1352
1336 1331 1326 1321
1337 1342 1347 1353
1337 1332 1327 1322
1338 1343 1348 1354
1338 1333 1328 1323
1339 1344 1349 1355
1339 1334 1329 1324
1340 1345 1351 1357
1340 1335 1330 1325
1341 1346 1352 1358
1341 1336 1331 1326
1342 1347 1353 1359
1342 1337 1332 1327
1343 1348 1354 1360
1343 1338 1333 1328
1344 1349 1355 1361
1344 1339 1334 1329
1345 1351 1357 1363
1345 1340 1335 1330
1346 1352 1358 1364
1346 1341 1336 1331
1347 1353 1359 1365
1347 1342 1337 1332
1348 1354 1360 1366
1348 1343 1338 1333
1349 1355 1361 1367
1349 1344 1339 1334
1350 1356 1362 1368
1351 1357 1363 1369
1351 1345 1340 1335
1352 1358 1364 1370
1352 1346 1341 1336
1353 1359 1365 1371
1353 1347 1342 1337
1354 1360 1366 1372
1354 1348 1343 1338
1355 1361 1367 1373
1355 1349 1344 1339
1356 1362 1368 1374
1357 1363 1369 1375
1357 1351 1345 1340
1358 1364 1370 1376
1358 1352 1346 1341
1359 1365 1371 1377
1359 1353 1347 1342
1360 1366 1372 1378
1360 1354 1348 1343
1361 1367 1373 1379
1361 1355 1349 1344
1362 1368 1374 1380
1362 1356 1350 -1
1363 1369 1375 1381
1363 1357 1351 1345
1364 1370 1376 1382
1364 1358 1352 1346
1365 1371 1377 1383
1365 1359 1353 1347
1366 1372 1378 1384
1366 1360 1354 1348
1367 1373 1379 1385
1367 1361 1355 1349
1368 1374 1380 1386
1368 1362 1356 1350
1369 1375 1381 1387
1369 1363 1357 1351
1370 1376 1382 1388
1370 1364 1358 1352
1371 1377 1383 1389
1371 1365 1359 1353
1372 1378 1384 1390
1372 1366 1360 1354
1373 1379 1385 1391
1373 1367 1361 1355
1374 1380 1386 -1
1374 1368 1362 1356
1375 1381 1387 1392
1375 1369 1363 1357
1376 1382 1388 1394
1376 1370 1364 1358
1377 1383 1389 1395
1377 1371 1365 1359
1378 1384 1390 1396
1378 1372 1366 1360
1379 1385 1391 1397
1379 1373 1367 1361
1380 1374 1368 1362
1381 1387 1392 1393
1381 1375 1369 1363
1382 1388 1394 1399
1382 1376 1370 1364
1383 1389 1395 1400
1383 1377 1371 1365
1384 1390 1396 1401
1384 1378 1372 1366
1385 1391 1397 1402
1385 1379 1373 1367
1386 1380 1374 1368
1387 1392 1393 1398
1387 1381 1375 1369
1388 1394 1399 1404
1388 1382 1376 1370
1389 1395 1400 1405
1389 1383 1377 1371
1390 1396 1401 1406
1390 1384 1378 1372
1391 1397 1402 1407
1391 1385 1379 1373
1392 1393 1398 1403
1392 1387 1381 1375
1393 1398 1403 1408
1393 1392 1387 1381
1394 1399 1404 1409
1394 1388 1382 1376
1395 1400 1405 1410
1395 1389 1383 1377
1396 1401 1406 1411
1396 1390 1384 1378
1397 1402 1407 1412
1397 1391 1385 1379
1398 1403 1408 1413
1398 1393 1392 1387
1399 1404 1409 1414
1399 1394 1388 1382
1400 1405 1410 1415
1400 1395 1389 1383
1401 1406 1411 1416
1401 1396 1390 1384
1402 1407 1412 1417
1402 1397 1391 1385
1403 1408 1413 1418
1403 1398 1393 1392
1404 1409 1414 1419
1404 1399 1394 1388
1405 1410 1415 1420
1405 1400 1395 1389
1406 1411 1416 1421
1406 1401 1396 1390
1407 1412 1417 1422
1407 1402 1397 1391
1408 1413 1418 1424
1408 1403 1398 1393
1409 1414 1419 1425
1409 1404 1399 1394
1410 1415 1420 1426
1410 1405 1400 1395
1411 1416 1421 1427
1411 1406 1401 1396
1412 1417 1422 1428
1412 1407 1402 1397
1413 1418 1424 1430
1413 1408 1403 1398
1414 1419 1425 1431
1414 1409 1404 1399
1415 1420 1426 1432
1415 1410 1405 1400
1416 1421 1427 1433
1416 1411 1406 1401
1417 1422 1428 1434
1417 1412 1407 1402
1418 1424 1430 1436
1418 1413 1408 1403
1419 1425 1431 1438
1419 1414 1409 1404
1420 1426 1432 1439
1420 1415 1410 1405
1421 1427 1433 1440
1421 1416 1411 1406
1422 1428 1434 1441
1422 1417 1412 1407
1423 1429 1435 1442
1424 1430 1436 1437
1424 1418 1413 1408
1425 1431 1438 1444
1425 1419 1414 1409
1426 1432 1439 1445
1426 1420 1415 1410
1427 1433 1440 1446
1427 1421 1416 1411
1428 1434 1441 1447
1428 1422 1417 1412
1429 1435 1442 1448
1430 1436 1437 1443
1430 1424 1418 1413
1431 1438 1444 1450
1431 1425 1419 1414
1432 1439 1445 1451
1432 1426 1420 1415
1433 1440 1446 1452
1433 1427 1421 1416
1434 1441 1447 1453
1434 1428 1422 1417
1435 1442 1448 1454
1435 1429 1423 -1
1436 1437 1443 1449
1436 1430 1424 1418
1437 1443 1449 1455
1437 1436 1430 1424
1438 1444 1450 1456
1438 1431 1425 1419
1439 1445 1451 1457
1439 1432 1426 1420
1440 1446 1452 1458
1440 1433 1427 1421
1441 1447 1453 1459
1441 1434 1428 1422
1442 1448 1454 1460
1442 1435 1429 1423
1443 1449 1455 1461
1443 1437 1436 1430
1444 1450 1456 1462
1444 1438 1431 1425
1445 1451 1457 1463
1445 1439 1432 1426
1446 1452 1458 1464
1446 1440 1433 1427
1447 1453 1459 1465
1447 1441 1434 1428
1448 1454 1460 1466
1448 1442 1435 1429
1449 1455 1461 1467
1449 1443 1437 1436
1450 1456 1462 1468
1450 1444 1438 1431
1451 1457 1463 1469
1451 1445 1439 1432
1452 1458 1464 1470
1452 1446 1440 1433
1453 1459 1465 1471
1453 1447 1441 1434
1454 1460 1466 1472
1454 1448 1442 1435
1455 1461 1467 1473
1455 1449 1443 1437
1456 1462 1468 1474
1456 1450 1444 1438
1457 1463 1469 1475
1457 1451 1445 1439
1458 1464 1470 1476
1458 1452 1446 1440
1459 1465 1471 1477
1459 1453 1447 1441
1460 1466 1472 1478
1460 1454 1448 1442
1461 1467 1473 1479
1461 1455 1449 1443
1462 1468 1474 1481
1462 1456 1450 1444
1463 1469 1475 1482
1463 1457 1451 1445
1464 1470 1476 1483
1464 1458 1452 1446
1465 1471 1477 1484
1465 1459 1453 1447
1466 1472 1478 1485
1466 1460 1454 1448
1467 1473 1479 1480
1467 1461 1455 1449
1468 1474 1481 1487
1468 1462 1456 1450
1469 1475 1482 1488
1469 1463 1457 1451
1470 1476 1483 1489
1470 1464 1458 1452
1471 1477 1484 1490
1471 1465 1459 1453
1472 1478 1485 1491
1472 1466 1460 1454
1473 1479 1480 1486
1473 1467 1461 1455
1474 1481 1487 1493
1474 1468 1462 1456
1475 1482 1488 1494
1475 1469 1463 1457
1476 1483 1489 1495
1476 1470 1464 1458
1477 1484 1490 1496
1477 1471 1465 1459
1478 1485 1491 1497
1478 1472 1466 1460
1479 1480 1486 1492
1479 1473 1467 1461
1480 1486 1492 1498
1480 1479 1473 1467
1481 1487 1493 1499
1481 1474 1468 1462
1482 1488 1494 1500
1482 1475 1469 1463
1483 1489 1495 1501
1483 1476 1470 1464
1484 1490 1496 1502
1484 1477 1471 1465
1485 1491 1497 1503
1485 1478 1472 1466
1486 1492 1498 1504
1486 1480 1479 1473
1487 1493 1499 1505
1487 1481 1474 1468
1488 1494 1500 1506
1488 1482 1475 1469
1489 1495 1501 1507
1489 1483 1476 1470
1490 1496 1502 1508
1490 1484 1477 1471
1491 1497 1503 1509
1491 1485 1478 1472
1492 1498 1504 1510
1492 1486 1480 1479
1493 1499 1505 1511
1493 1487 1481 1474
1494 1500 1506 1512
1494 1488 1482 1475
1495 1501 1507 1513
1495 1489 1483 1476
1496 1502 1508 1514
1496 1490 1484 1477
1497 1503 1509 1515
1497 1491 1485 1478
1498 1504 1510 1516
1498 1492 1486 1480
1499 1505 1511 1517
1499 1493 1487 1481
1500 1506 1512 1518
1500 1494 1488 1482
1501 1507 1513 1519
1501 1495 1489 1483
1502 1508 1514 1520
1502 1496 1490 1484
1503 1509 1515 1521
1503 1497 1491 1485
1504 1510 1516 1522
1504 1498 1492 1486
1505 1511 1517 1523
1505 1499 1493 1487
1506 1512 1518 1524
1506 1500 1494 1488
1507 1513 1519 1525
1507 1501 1495 1489
1508 1514 1520 1526
1508 1502 1496 1490
1509 1515 1521 1527
1509 1503 1497 1491
1510 1516 1522 1528
1510 1504 1498 1492
1511 1517 1523 1529
1511 1505 1499 1493
1512 1518 1524 1530
1512 1506 1500 1494
1513 1519 1525 1531
1513 1507 1501 1495
1514 1520 1526 1532
1514 1508 1502 1496
1515 1521 1527 1533
1515 1509 1503 1497
1516 1522 1528 1534
1516 1510 1504 1498
1517 1523 1529 1535
1517 1511 1505 1499
1518 1524 1530 1536
1518 1512 1506 1500
1519 1525 1531 1537
1519 1513 1507 1501
1520 1526 1532 1538
1520 1514 1508 1502
1521 1527 1533 1539
1521 1515 1509 1503
1522 1528 1534 1540
1522 1516 1510 1504
1523 1529 1535 1541
1523 1517 1511 1505
1524 1530 1536 1542
1524 1518 1512 1506
1525 1531 1537 1543
1525 1519 1513 1507
1526 1532 1538 1544
1526 1520 1514 1508
1527 1533 1539 1545
1527 1521 1515 1509
1528 1534 1540 1546
1528 1522 1516 1510
1529 1535 1541 1547
1529 1523 1517 1511
1530 1536 1542 1548
1530 1524 1518 1512
1531 1537 1543 1549
1531 1525 1519 1513
1532 1538 1544 1550
1532 1526 1520 1514
1533 1539 1545 1551
1533 1527 1521 1515
1534 1540 1546 1552
1534 1528 1522 1516
1535 1541 1547 1553
1535 1529 1523 1517
1536 1542 1548 1554
1536 1530 1524 1518
1537 1543 1549 1555
1537 1531 1525 1519
1538 1544 1550 1556
1538 1532 1526 1520
1539 1545 1551 1557
1539 1533 1527 1521
1540 1546 1552 1558
1540 1534 1528 1522
1541 1547 1553 1559
1541 1535 1529 1523
1542 1548 1554 1560
1542 1536 1530 1524
1543 1549 1555 1561
1543 1537 1531 1525
1544 1550 1556 1562
1544 1538 1532 1526
1545 1551 1557 1563
1545 1539 1533 1527
1546 1552 1558 1564
1546 1540 1534 1528
1547 1553 1559 1565
1547 1541 1535 1529
1548 1554 1560 1566
1548 1542 1536 1530
1549 1555 1561 1567
1549 1543 1537 1531
1550 1556 1562 1568
1550 1544 1538 1532
1551 1557 1563 1569
1551 1545 1539 1533
1552 1558 1564 1570
1552 1546 1540 1534
1553 1559 1565 1571
1553 1547 1541 1535
1554 1560 1566 1572
1554 1548 1542 1536
1555 1561 1567 1573
1555 1549 1543 1537
1556 1562 1568 1574
1556 1550 1544 1538
1557 1563 1569 1575
1557 1551 1545 1539
1558 1564 1570 1576
1558 1552 1546 1540
1559 1565 1571 1577
1559 1553 1547 1541
1560 1566 1572 1578
1560 1554 1548 1542
1561 1567 1573 1579
1561 1555 1549 1543
1562 1568 1574 1580
1562 1556 1550 1544
1563 1569 1575 1581
1563 1557 1551 1545
1564 1570 1576 1582
1564 1558 1552 1546
1565 1571 1577 1583
1565 1559 1553 1547
1566 1572 1578 1584
1566 1560 1554 1548
1567 1573 1579 1585
1567 1561 1555 1549
1568 1574 1580 1586
1568 1562 1556 1550
1569 1575 1581 1587
1569 1563 1557 1551
1570 1576 1582 1588
1570 1564 1558 1552
1571 1577 1583 1590
1571 1565 1559 1553
1572 1578 1584 1591
1572 1566 1560 1554
1573 1579 1585 1592
1573 1567 1561 1555
1574 1580 1586 1593
1574 1568 1562 1556
1575 1581 1587 1594
1575 1569 1563 1557
1576 1582 1588 1589
1576 1570 1564 1558
1577 1583 1590 1596
1577 1571 1565 1559
1578 1584 1591 1597
1578 1572 1566 1560
1579 1585 1592 1598
1579 1573 1567 1561
1580 1586 1593 1599
1580 1574 1568 1562
1581 1587 1594 1600
1581 1575 1569 1563
1582 1588 1589 1595
1582 1576 1570 1564
1583 1590 1596 1602
1583 1577 1571 1565
1584 1591 1597 1603
1584 1578 1572 1566
1585 1592 1598 1604
1585 1579 1573 1567
1586 1593 1599 1605
1586 1580 1574 1568
1587 1594 1600 1606
1587 1581 1575 1569
1588 1589 1595 1601
1588 1582 1576 1570
1589 1595 1601 1607
1589 1588 1582 1576
1590 1596 1602 1609
1590 1583 1577 1571
1591 1597 1603 1610
1591 1584 1578 1572
1592 1598 1604 1611
1592 1585 1579 1573
1593 1599 1605 1612
1593 1586 1580 1574
1594 1600 1606 1613
1594 1587 1581 1575
1595 1601 1607 1608
1595 1589 1588 1582
1596 1602 1609 1615
1596 1590 1583 1577
1597 1603 1610 1616
1597 1591 1584 1578
1598 1604 1611 1617
1598 1592 1585 1579
1599 1605 1612 1618
1599 1593 1586 1580
1600 1606 1613 1619
1600 1594 1587 1581
1601 1607 1608 1614
1601 1595 1589 1588
1602 1609 1615 1621
1602 1596 1590 1583
1603 1610 1616 1622
1603 1597 1591 1584
1604 1611 1617 1623
1604 1598 1592 1585
1605 1612 1618 1624
1605 1599 1593 1586
1606 1613 1619 1625
1606 1600 1594 1587
1607 1608 1614 1620
1607 1601 1595 1589
1608 1614 1620 1626
1608 1607 1601 1595
1609 1615 1621 1627
1609 1602 1596 1590
1610 1616 1622 1628
1610 1603 1597 1591
1611 1617 1623 1629
1611 1604 1598 1592
1612 1618 1624 1630
1612 1605 1599 1593
1613 1619 1625 1631
1613 1606 1600 1594
1614 1620 1626 1632
1614 1608 1607 1601
1615 1621 1627 1633
1615 1609 1602 1596
1616 1622 1628 1634
1616 1610 1603 1597
1617 1623 1629 1635
1617 1611 1604 1598
1618 1624 1630 1636
1618 1612 1605 1599
1619 1625 1631 1637
1619 1613 1606 1600
1620 1626 1632 1638
1620 1614 1608 1607
1621 1627 1633 1640
1621 1615 1609 1602
1622 1628 1634 1641
1622 1616 1610 1603
1623 1629 1635 1642
1623 1617 1611 1604
1624 1630 1636 1643
1624 1618 1612 1605
1625 1631 1637 1644
1625 1619 1613 1606
1626 1632 1638 1639
1626 1620 1614 1608
1627 1633 1640 1646
1627 1621 1615 1609
1628 1634 1641 1647
1628 1622 1616 1610
1629 1635 1642 1648
1629 1623 1617 1611
1630 1636 1643 1649
1630 1624 1618 1612
1631 1637 1644 1650
1631 1625 1619 1613
1632 1638 1639 1645
1632 1626 1620 1614
1633 1640 1646 1652
1633 1627 1621 1615
1634 1641 1647 1653
1634 1628 1622 1616
1635 1642 1648 1654
1635 1629 1623 1617
1636 1643 1649 1655
1636 1630 1624 1618
1637 1644 1650 1656
1637 1631 1625 1619
1638 1639 1645 1651
1638 1632 1626 1620
1639 1645 1651 1657
1639 1638 1632 1626
1640 1646 1652 1658
1640 1633 1627 1621
1641 1647 1653 1659
1641 1634 1628 1622
1642 1648 1654 1660
1642 1635 1629 1623
1643 1649 1655 1661
1643 1636 1630 1624
1644 1650 1656 1662
1644 1637 1631 1625
1645 1651 1657 1663
1645 1639 1638 1632
1646 1652 1658 1664
1646 1640 1633 1627
1647 1653 1659 1665
1647 1641 1634 1628
1648 1654 1660 1666
1648 1642 1635 1629
1649 1655 1661 1667
1649 1643 1636 1630
1650 1656 1662 1668
1650 1644 1637 1631
1651 1657 1663 1669
1651 1645 1639 1638
1652 1658 1664 1670
1652 1646 1640 1633
1653 1659 1665 1671
1653 1647 1641 1634
1654 1660 1666 1672
1654 1648 1642 1635
1655 1661 1667 1673
1655 1649 1643 1636
1656 1662 1668 1674
1656 1650 1644 1637
1657 1663 1669 1675
1657 1651 1645 1639
1658 1664 1670 1676
1658 1652 1646 1640
1659 1665 1671 1677
1659 1653 1647 1641
1660 1666 1672 1678
1660 1654 1648 1642
1661 1667 1673 1679
1661 1655 1649 1643
1662 1668 1674 1680
1662 1656 1650 1644
1663 1669 1675 1681
1663 1657 1651 1645
1664 1670 1676 1682
1664 1658 1652 1646
1665 1671 1677 1683
1665 1659 1653 1647
1666 1672 1678 1684
1666 1660 1654 1648
1667 1673 1679 1685
1667 1661 1655 1649
1668 1674 1680 1686
1668 1662 1656 1650
1669 1675 1681 1687
1669 1663 1657 1651
1670 1676 1682 1688
1670 1664 1658 1652
1671 1677 1683 1689
1671 1665 1659 1653
1672 1678 1684 1690
1672 1666 1660 1654
1673 1679 1685 1692
1673 1667 1661 1655
1674 1680 1686 1693
1674 1668 1662 1656
1675 1681 1687 1694
1675 1669 1663 1657
1676 1682 1688 1695
1676 1670 1664 1658
1677 1683 1689 1696
1677 1671 1665 1659
1678 1684 1690 1691
1678 1672 1666 1660
1679 1685 1692 1698
1679 1673 1667 1661
1680 1686 1693 1699
1680 1674 1668 1662
1681 1687 1694 1700
1681 1675 1669 1663
1682 1688 1695 1702
1682 1676 1670 1664
1683 1689 1696 1703
1683 1677 1671 1665
1684 1690 1691 1697
1684 1678 1672 1666
1685 1692 1698 1705
1685 1679 1673 1667
1686 1693 1699 1706
1686 1680 1674 1668
1687 1694 1700 1701
1687 1681 1675 1669
1688 1695 1702 1708
1688 1682 1676 1670
1689 1696 1703 1709
1689 1683 1677 1671
1690 1691 1697 1704
1690 1684 1678 1672
1691 1697 1704 1710
1691 1690 1684 1678
1692 1698 1705 1711
1692 1685 1679 1673
1693 1699 1706 1712
1693 1686 1680 1674
1694 1700 1701 1707
1694 1687 1681 1675
1695 1702 1708 1714
1695 1688 1682 1676
1696 1703 1709 1715
1696 1689 1683 1677
1697 1704 1710 1716
1697 1691 1690 1684
1698 1705 1711 1717
1698 1692 1685 1679
1699 1706 1712 1718
1699 1693 1686 1680
1700 1701 1707 1713
1700 1694 1687 1681
1701 1707 1713 1719
1701 1700 1694 1687
1702 1708 1714 1720
1702 1695 1688 1682
1703 1709 1715 1721
1703 1696 1689 1683
1704 1710 1716 1722
1704 1697 1691 1690
1705 1711 1717 1723
1705 1698 1692 1685
1706 1712 1718 1724
1706 1699 1693 1686
1707 1713 1719 1725
1707 1701 1700 1694
1708 1714 1720 1726
1708 1702 1695 1688
1709 1715 1721 1727
1709 1703 1696 1689
1710 1716 1722 1728
1710 1704 1697 1691
1711 1717 1723 1729
1711 1705 1698 1692
1712 1718 1724 1730
1712 1706 1699 1693
1713 1719 1725 1731
1713 1707 1701 1700
1714 1720 1726 1733
1714 1708 1702 1695
1715 1721 1727 1734
1715 1709 1703 1696
1716 1722 1728 1735
1716 1710 1704 1697
1717 1723 1729 1736
1717 1711 1705 1698
1718 1724 1730 1737
1718 1712 1706 1699
1719 1725 1731 1732
1719 1713 1707 1701
1720 1726 1733 1739
1720 1714 1708 1702
1721 1727 1734 1740
1721 1715 1709 1703
1722 1728 1735 1741
1722 1716 1710 1704
1723 1729 1736 1742
1723 1717 1711 1705
1724 1730 1737 1743
1724 1718 1712 1706
1725 1731 1732 1738
1725 1719 1713 1707
1726 1733 1739 1746
1726 1720 1714 1708
1727 1734 1740 1747
1727 1721 1715 1709
1728 1735 1741 1748
1728 1722 1716 1710
1729 1736 1742 1749
1729 1723 1717 1711
1730 1737 1743 1750
1730 1724 1718 1712
1731 1732 1738 1744
1731 1725 1719 1713
1732 1738 1744 1745
1732 1731 1725 1719
1733 1739 1746 1752
1733 1726 1720 1714
1734 1740 1747 1753
1734 1727 1721 1715
1735 1741 1748 1754
1735 1728 1722 1716
1736 1742 1749 1755
1736 1729 1723 1717
1737 1743 1750 1756
1737 1730 1724 1718
1738 1744 1745 1751
1738 1732 1731 1725
1739 1746 1752 1759
1739 1733 1726 1720
1740 1747 1753 1760
1740 1734 1727 1721
1741 1748 1754 1761
1741 1735 1728 1722
1742 1749 1755 1763
1742 1736 1729 1723
1743 1750 1756 1764
1743 1737 1730 1724
1744 1745 1751 1757
1744 1738 1732 1731
1745 1751 1757 1758
1745 1744 1738 1732
1746 1752 1759 1766
1746 1739 1733 1726
1747 1753 1760 1767
1747 1740 1734 1727
1748 1754 1761 1768
1748 1741 1735 1728
1749 1755 1763 1762
1749 1742 1736 1729
1750 1756 1764 1770
1750 1743 1737 1730
1751 1757 1758 1765
1751 1745 1744 1738
1752 1759 1766 1772
1752 1746 1739 1733
1753 1760 1767 1773
1753 1747 1740 1734
1754 1761 1768 1774
1754 1748 1741 1735
1755 1763 1762 1769
1755 1749 1742 1736
1756 1764 1770 1776
1756 1750 1743 1737
1757 1758 1765 1771
1757 1751 1745 1744
1758 1765 1771 1777
1758 1757 1751 1745
1759 1766 1772 1778
1759 1752 1746 1739
1760 1767 1773 1779
1760 1753 1747 1740
1761 1768 1774 1780
1761 1754 1748 1741
1762 1769 1775 1781
1762 1763 1755 1749
1763 1762 1769 1775
1763 1755 1749 1742
1764 1770 1776 1782
1764 1756 1750 1743
1765 1771 1777 1783
1765 1758 1757 1751
1766 1772 1778 1784
1766 1759 1752 1746
1767 1773 1779 1785
1767 1760 1753 1747
1768 1774 1780 1786
1768 1761 1754 1748
1769 1775 1781 1787
1769 1762 1763 1755
1770 1776 1782 1788
1770 1764 1756 1750
1771 1777 1783 1789
1771 1765 1758 1757
1772 1778 1784 1790
1772 1766 1759 1752
1773 1779 1785 1791
1773 1767 1760 1753
1774 1780 1786 1792
1774 1768 1761 1754
1775 1781 1787 1793
1775 1769 1762 1763
1776 1782 1788 1794
1776 1770 1764 1756
1777 1783 1789 1795
1777 1771 1765 1758
1778 1784 1790 1796
1778 1772 1766 1759
1779 1785 1791 1797
1779 1773 1767 1760
1780 1786 1792 1798
1780 1774 1768 1761
1781 1787 1793 1799
1781 1775 1769 1762
1782 1788 1794 1800
1782 1776 1770 1764
1783 1789 1795 1801
1783 1777 1771 1765
1784 1790 1796 1803
1784 1778 1772 1766
1785 1791 1797 1804
1785 1779 1773 1767
1786 1792 1798 1805
1786 1780 1774 1768
1787 1793 1799 1806
1787 1781 1775 1769
1788 1794 1800 1807
1788 1782 1776 1770
1789 1795 1801 1802
1789 1783 1777 1771
1790 1796 1803 1809
1790 1784 1778 1772
1791 1797 1804 1810
1791 1785 1779 1773
1792 1798 1805 1811
1792 1786 1780 1774
1793 1799 1806 1812
1793 1787 1781 1775
1794 1800 1807 1813
1794 1788 1782 1776
1795 1801 1802 1808
1795 1789 1783 1777
1796 1803 1809 1816
1796 1790 1784 1778
1797 1804 1810 1817
1797 1791 1785 1779
1798 1805 1811 1818
1798 1792 1786 1780
1799 1806 1812 1819
1799 1793 1787 1781
1800 1807 1813 1820
1800 1794 1788 1782
1801 1802 1808 1814
1801 1795 1789 1783
1802 1808 1814 1815
1802 1801 1795 1789
1803 1809 1816 1822
1803 1796 1790 1784
1804 1810 1817 1823
1804 1797 1791 1785
1805 1811 1818 1825
1805 1798 1792 1786
1806 1812 1819 1826
1806 1799 1793 1787
1807 1813 1820 1827
1807 1800 1794 1788
1808 1814 1815 1821
1808 1802 1801 1795
1809 1816 1822 1830
1809 1803 1796 1790
1810 1817 1823 1824
1810 1804 1797 1791
1811 1818 1825 1832
1811 1805 1798 1792
1812 1819 1826 1833
1812 1806 1799 1793
1813 1820 1827 1834
1813 1807 1800 1794
1814 1815 1821 1828
1814 1808 1802 1801
1815 1821 1828 1829
1815 1814 1808 1802
1816 1822 1830 1836
1816 1809 1803 1796
1817 1823 1824 1831
1817 1810 1804 1797
1818 1825 1832 1838
1818 1811 1805 1798
1819 1826 1833 1839
1819 1812 1806 1799
1820 1827 1834 1840
1820 1813 1807 1800
1821 1828 1829 1835
1821 1815 1814 1808
1822 1830 1836 1843
1822 1816 1809 1803
1823 1824 1831 1837
1823 1817 1810 1804
1824 1831 1837 1844
1824 1823 1817 1810
1825 1832 1838 1845
1825 1818 1811 1805
1826 1833 1839 1847
1826 1819 1812 1806
1827 1834 1840 1848
1827 1820 1813 1807
1828 1829 1835 1841
1828 1821 1815 1814
1829 1835 1841 1842
1829 1828 1821 1815
1830 1836 1843 1850
1830 1822 1816 1809
1831 1837 1844 1851
1831 1824 1823 1817
1832 1838 1845 1846
1832 1825 1818 1811
1833 1839 1847 1853
1833 1826 1819 1812
1834 1840 1848 1854
1834 1827 1820 1813
1835 1841 1842 1849
1835 1829 1828 1821
1836 1843 1850 1857
1836 1830 1822 1816
1837 1844 1851 1858
1837 1831 1824 1823
1838 1845 1846 1852
1838 1832 1825 1818
1839 1847 1853 1860
1839 1833 1826 1819
1840 1848 1854 1861
1840 1834 1827 1820
1841 1842 1849 1855
1841 1835 1829 1828
1842 1849 1855 1856
1842 1841 1835 1829
1843 1850 1857 1863
1843 1836 1830 1822
1844 1851 1858 1864
1844 1837 1831 1824
1845 1846 1852 1859
1845 1838 1832 1825
1846 1852 1859 1865
1846 1845 1838 1832
1847 1853 1860 1866
1847 1839 1833 1826
1848 1854 1861 1867
1848 1840 1834 1827
1849 1855 1856 1862
1849 1842 1841 1835
1850 1857 1863 1869
1850 1843 1836 1830
1851 1858 1864 1870
1851 1844 1837 1831
1852 1859 1865 1871
1852 1846 1845 1838
1853 1860 1866 1873
1853 1847 1839 1833
1854 1861 1867 1874
1854 1848 1840 1834
1855 1856 1862 1868
1855 1849 1842 1841
1856 1862 1868 1875
1856 1855 1849 1842
1857 1863 1869 1876
1857 1850 1843 1836
1858 1864 1870 1877
1858 1851 1844 1837
1859 1865 1871 1878
1859 1852 1846 1845
1860 1866 1873 1872
1860 1853 1847 1839
1861 1867 1874 1881
1861 1854 1848 1840
1862 1868 1875 1882
1862 1856 1855 1849
1863 1869 1876 1883
1863 1857 1850 1843
1864 1870 1877 1884
1864 1858 1851 1844
1865 1871 1878 1885
1865 1859 1852 1846
1866 1873 1872 1880
1866 1860 1853 1847
1867 1874 1881 1889
1867 1861 1854 1848
1868 1875 1882 1890
1868 1862 1856 1855
1869 1876 1883 1891
1869 1863 1857 1850
1870 1877 1884 1892
1870 1864 1858 1851
1871 1878 1885 1886
1871 1878 1893 1894
1871 1865 1859 1852
1872 1880 1879 1888
1872 1873 1866 1860
1873 1872 1880 1879
1873 1866 1860 1853
1874 1881 1889 1897
1874 1867 1861 1854
1875 1882 1890 1898
1875 1868 1862 1856
1876 1883 1891 1899
1876 1869 1863 1857
1877 1884 1892 1900
1877 1870 1864 1858
1878 1885 1886 1893
1878 1871 1865 1859
1879 1888 1887 1896
1879 1880 1872 1873
1880 1879 1888 1887
1880 1872 1873 1866
1881 1889 1897 1903
1881 1874 1867 1861
1882 1890 1898 1904
1882 1875 1868 1862
1883 1891 1899 1905
1883 1876 1869 1863
1884 1892 1900 1901
1884 1877 1870 1864
1885 1886 1893 1894
1885 1878 1871 1865
1886 1893 1894 1895
1886 1885 1878 1871
1887 1896 1895 1894
1887 1888 1879 1880
1888 1887 1896 1895
1888 1879 1880 1872
1889 1897 1903 1902
1889 1881 1874 1867
1890 1898 1904 1908
1890 1882 1875 1868
1891 1899 1905 1909
1891 1883 1876 1869
1892 1900 1901 1906
1892 1884 1877 1870
1893 1894 1895 1896
1893 1886 1885 1878
1894 1895 1896 1887
1894 1893 1886 1885
1895 1894 1893 1886
1895 1896 1887 1888
1896 1895 1894 1893
1896 1887 1888 1879
1897 1903 1902 1907
1897 1889 1881 1874
1898 1904 1908 1913
1898 1890 1882 1875
1899 1905 1909 1914
1899 1891 1883 1876
1900 1901 1906 1910
1900 1892 1884 1877
1901 1906 1910 1915
1901 1900 1892 1884
1902 1907 1911 1916
1902 1903 1897 1889
1903 1902 1907 1911
1903 1897 1889 1881
1904 1908 1913 1912
1904 1898 1890 1882
1905 1909 1914 1920
1905 1899 1891 1883
1906 1910 1915 1921
1906 1901 1900 1892
1907 1911 1916 1922
1907 1902 1903 1897
1908 1913 1912 1918
1908 1904 1898 1890
1909 1914 1920 1919
1909 1905 1899 1891
1910 1915 1921 1926
1910 1906 1901 1900
1911 1916 1922 1927
1911 1907 1902 1903
1912 1918 1917 1924
1912 1913 1908 1904
1913 1912 1918 1917
1913 1908 1904 1898
1914 1920 1919 1925
1914 1909 1905 1899
1915 1921 1926 1931
1915 1910 1906 1901
1916 1922 1927 1932
1916 1911 1907 1902
1917 1924 1923 1929
1917 1918 1912 1913
1918 1917 1924 1923
1918 1912 1913 1908
1919 1925 1930 1935
1919 1920 1914 1909
1920 1919 1925 1930
1920 1914 1909 1905
1921 1926 1931 1936
1921 1915 1910 1906
1922 1927 1932 1937
1922 1916 1911 1907
1923 1929 1928 1934
1923 1924 1917 1918
1924 1923 1929 1928
1924 1917 1918 1912
1925 1930 1935 1940
1925 1919 1920 1914
1926 1931 1936 1941
1926 1921 1915 1910
1927 1932 1937 1942
1927 1922 1916 1911
1928 1934 1933 1939
1928 1929 1923 1924
1929 1928 1934 1933
1929 1923 1924 1917
1930 1935 1940 1945
1930 1925 1919 1920
1931 1936 1941 1946
1931 1926 1921 1915
1932 1937 1942 1947
1932 1927 1922 1916
1933 1939 1938 1944
1933 1934 1928 1929
1934 1933 1939 1938
1934 1928 1929 1923
1935 1940 1945 1950
1935 1930 1925 1919
1936 1941 1946 1951
1936 1931 1926 1921
1937 1942 1947 1952
1937 1932 1927 1922
1938 1944 1943 1949
1938 1939 1933 1934
1939 1938 1944 1943
1939 1933 1934 1928
1940 1945 1950 1955
1940 1935 1930 1925
1941 1946 1951 1956
1941 1936 1931 1926
1942 1947 1952 1957
1942 1937 1932 1927
1943 1949 1948 1954
1943 1944 1938 1939
1944 1943 1949 1948
1944 1938 1939 1933
1945 1950 1955 1960
1945 1940 1935 1930
1946 1951 1956 1961
1946 1941 1936 1931
1947 1952 1957 1962
1947 1942 1937 1932
1948 1954 1953 1959
1948 1949 1943 1944
1949 1948 1954 1953
1949 1943 1944 1938
1950 1955 1960 1965
1950 1945 1940 1935
1951 1956 1961 1966
1951 1946 1941 1936
1952 1957 1962 1967
1952 1947 1942 1937
1953 1959 1958 1964
1953 1954 1948 1949
1954 1953 1959 1958
1954 1948 1949 1943
1955 1960 1965 1970
1955 1950 1945 1940
1956 1961 1966 1971
1956 1951 1946 1941
1957 1962 1967 1972
1957 1952 1947 1942
1958 1964 1963 1969
1958 1959 1953 1954
1959 1958 1964 1963
1959 1953 1954 1948
1960 1965 1970 1975
1960 1955 1950 1945
1961 1966 1971 1976
1961 1956 1951 1946
1962 1967 1972 1977
1962 1957 1952 1947
1963 1969 1968 1974
1963 1964 1958 1959
1964 1963 1969 1968
1964 1958 1959 1953
1965 1970 1975 1980
1965 1960 1955 1950
1966 1971 1976 1981
1966 1961 1956 1951
1967 1972 1977 1982
1967 1962 1957 1952
1968 1974 1973 1979
1968 1969 1963 1964
1969 1968 1974 1973
1969 1963 1964 1958
1970 1975 1980 1985
1970 1965 1960 1955
1971 1976 1981 1986
1971 1966 1961 1956
1972 1977 1982 1987
1972 1967 1962 1957
1973 1979 1978 1984
1973 1974 1968 1969
1974 1973 1979 1978
1974 1968 1969 1963
1975 1980 1985 1990
1975 1970 1965 1960
1976 1981 1986 1991
1976 1971 1966 1961
1977 1982 1987 1992
1977 1972 1967 1962
1978 1984 1983 1989
1978 1979 1973 1974
1979 1978 1984 1983
1979 1973 1974 1968
1980 1985 1990 1995
1980 1975 1970 1965
1981 1986 1991 1996
1981 1976 1971 1966
1982 1987 1992 1997
1982 1977 1972 1967
1983 1989 1988 1994
1983 1984 1978 1979
1984 1983 1989 1988
1984 1978 1979 1973
1985 1990 1995 2000
1985 1980 1975 1970
1986 1991 1996 2001
1986 1981 1976 1971
1987 1992 1997 2002
1987 1982 1977 1972
1988 1994 1993 1999
1988 1989 1983 1984
1989 1988 1994 1993
1989 1983 1984 1978
1990 1995 2000 2005
1990 1985 1980 1975
1991 1996 2001 2006
1991 1986 1981 1976
1992 1997 2002 2007
1992 1987 1982 1977
1993 1999 1998 2004
1993 1994 1988 1989
1994 1993 1999 1998
1994 1988 1989 1983
1995 2000 2005 2009
1995 1990 1985 1980
1996 2001 2006 2010
1996 1991 1986 1981
1997 2002 2007 2011
1997 1992 1987 1982
1998 2004 2003 2008
1998 1999 1993 1994
1999 1998 2004 2003
1999 1993 1994 1988
2000 2005 2009 2013
2000 1995 1990 1985
2001 2006 2010 2014
2001 1996 1991 1986
2002 2007 2011 2015
2002 1997 1992 1987
2003 2008 2012 2017
2003 2004 1998 1999
2004 2003 2008 2012
2004 1998 1999 1993
2005 2009 2013 2018
2005 2000 1995 1990
2006 2010 2014 2019
2006 2001 1996 1991
2007 2011 2015 2020
2007 2002 1997 1992
2008 2012 2017 2016
2008 2003 2004 1998
2009 2013 2018 2023
2009 2005 2000 1995
2010 2014 2019 2024
2010 2006 2001 1996
2011 2015 2020 2025
2011 2007 2002 1997
2012 2017 2016 2022
2012 2008 2003 2004
2013 2018 2023 2028
2013 2009 2005 2000
2014 2019 2024 2029
2014 2010 2006 2001
2015 2020 2025 2030
2015 2011 2007 2002
2016 2022 2021 2027
2016 2017 2012 2008
2017 2016 2022 2021
2017 2012 2008 2003
2018 2023 2028 2033
2018 2013 2009 2005
2019 2024 2029 2034
2019 2014 2010 2006
2020 2025 2030 2035
2020 2015 2011 2007
2021 2027 2026 2032
2021 2022 2016 2017
2022 2021 2027 2026
2022 2016 2017 2012
2023 2028 2033 2038
2023 2018 2013 2009
2024 2029 2034 2039
2024 2019 2014 2010
2025 2030 2035 2040
2025 2020 2015 2011
2026 2032 2031 2037
2026 2027 2021 2022
2027 2026 2032 2031
2027 2021 2022 2016
2028 2033 2038 2043
2028 2023 2018 2013
2029 2034 2039 2044
2029 2024 2019 2014
2030 2035 2040 2045
2030 2025 2020 2015
2031 2037 2036 2042
2031 2032 2026 2027
2032 2031 2037 2036
2032 2026 2027 2021
2033 2038 2043 2048
2033 2028 2023 2018
2034 2039 2044 2049
2034 2029 2024 2019
2035 2040 2045 2050
2035 2030 2025 2020
2036 2042 2041 2047
2036 2037 2031 2032
2037 2036 2042 2041
2037 2031 2032 2026
2038 2043 2048 2053
2038 2033 2028 2023
2039 2044 2049 2054
2039 2034 2029 2024
2040 2045 2050 2055
2040 2035 2030 2025
2041 2047 2046 2052
2041 2042 2036 2037
2042 2041 2047 2046
2042 2036 2037 2031
2043 2048 2053 2057
2043 2038 2033 2028
2044 2049 2054 2058
2044 2039 2034 2029
2045 2050 2055 2059
2045 2040 2035 2030
2046 2052 2051 2056
2046 2047 2041 2042
2047 2046 2052 2051
2047 2041 2042 2036
2048 2053 2057 2061
2048 2043 2038 2033
2049 2054 2058 2062
2049 2044 2039 2034
2050 2055 2059 2063
2050 2045 2040 2035
2051 2056 2060 2065
2051 2052 2046 2047
2052 2051 2056 2060
2052 2046 2047 2041
2053 2057 2061 2066
2053 2048 2043 2038
2054 2058 2062 2067
2054 2049 2044 2039
2055 2059 2063 2068
2055 2050 2045 2040
2056 2060 2065 2064
2056 2051 2052 2046
2057 2061 2066 2071
2057 2053 2048 2043
2058 2062 2067 2072
2058 2054 2049 2044
2059 2063 2068 2073
2059 2055 2050 2045
2060 2065 2064 2070
2060 2056 2051 2052
2061 2066 2071 2076
2061 2057 2053 2048
2062 2067 2072 2077
2062 2058 2054 2049
2063 2068 2073 2078
2063 2059 2055 2050
2064 2070 2069 2075
2064 2065 2060 2056
2065 2064 2070 2069
2065 2060 2056 2051
2066 2071 2076 2080
2066 2061 2057 2053
2067 2072 2077 2081
2067 2062 2058 2054
2068 2073 2078 2082
2068 2063 2059 2055
2069 2075 2074 2079
2069 2070 2064 2065
2070 2069 2075 2074
2070 2064 2065 2060
2071 2076 2080 2084
2071 2066 2061 2057
2072 2077 2081 2085
2072 2067 2062 2058
2073 2078 2082 2086
2073 2068 2063 2059
2074 2079 2083 2088
2074 2075 2069 2070
2075 2074 2079 2083
2075 2069 2070 2064
2076 2080 2084 2089
2076 2071 2066 2061
2077 2081 2085 2090
2077 2072 2067 2062
2078 2082 2086 2091
2078 2073 2068 2063
2079 2083 2088 2087
2079 2074 2075 2069
2080 2084 2089 2094
2080 2076 2071 2066
2081 2085 2090 2095
2081 2077 2072 2067
2082 2086 2091 2096
2082 2078 2073 2068
2083 2088 2087 2093
2083 2079 2074 2075
2084 2089 2094 2098
2084 2080 2076 2071
2085 2090 2095 2099
2085 2081 2077 2072
2086 2091 2096 2100
2086 2082 2078 2073
2087 2093 2092 2097
2087 2088 2083 2079
2088 2087 2093 2092
2088 2083 2079 2074
2089 2094 2098 2102
2089 2084 2080 2076
2090 2095 2099 2103
2090 2085 2081 2077
2091 2096 2100 2104
2091 2086 2082 2078
2092 2097 2101 2106
2092 2093 2087 2088
2093 2092 2097 2101
2093 2087 2088 2083
2094 2098 2102 2107
2094 2089 2084 2080
2095 2099 2103 2108
2095 2090 2085 2081
2096 2100 2104 2109
2096 2091 2086 2082
2097 2101 2106 2105
2097 2092 2093 2087
2098 2102 2107 2112
2098 2094 2089 2084
2099 2103 2108 2113
2099 2095 2090 2085
2100 2104 2109 2114
2100 2096 2091 2086
2101 2106 2105 2111
2101 2097 2092 2093
2102 2107 2112 2116
2102 2098 2094 2089
2103 2108 2113 2117
2103 2099 2095 2090
2104 2109 2114 2118
2104 2100 2096 2091
2105 2111 2110 2115
2105 2106 2101 2097
2106 2105 2111 2110
2106 2101 2097 2092
2107 2112 2116 2121
2107 2102 2098 2094
2108 2113 2117 2122
2108 2103 2099 2095
2109 2114 2118 2123
2109 2104 2100 2096
2110 2115 2120 2119
2110 2111 2105 2106
2111 2110 2115 2120
2111 2105 2106 2101
2112 2116 2121 2125
2112 2107 2102 2098
2113 2117 2122 2126
2113 2108 2103 2099
2114 2118 2123 2127
2114 2109 2104 2100
2115 2120 2119 2124
2115 2110 2111 2105
2116 2121 2125 2129
2116 2112 2107 2102
2117 2122 2126 2130
2117 2113 2108 2103
2118 2123 2127 -1
2118 2114 2109 2104
2119 2124 2128 2132
2119 2120 2115 2110
2120 2119 2124 2128
2120 2115 2110 2111
2121 2125 2129 2133
2121 2116 2112 2107
2122 2126 2130 2134
2122 2117 2113 2108
2123 2118 2114 2109
2124 2128 2132 2131
2124 2119 2120 2115
2125 2129 2133 2138
2125 2121 2116 2112
2126 2130 2134 2139
2126 2122 2117 2113
2127 2123 2118 2114
2128 2132 2131 2137
2128 2132 2131 2135
2128 2124 2119 2120
2129 2133 2138 2141
2129 2125 2121 2116
2130 2134 2139 2142
2130 2126 2122 2117
2131 2137 2136 2140
2131 2137 2136 2135
2131 2132 2128 2124
2132 2131 2137 2136
2132 2131 2137 2135
2132 2128 2124 2119
2133 2138 2141 2144
2133 2129 2125 2121
2134 2139 2142 2145
2134 2130 2126 2122
2135 2131 2132 2128
2136 2140 2143 2147
2136 2137 2131 2132
2137 2136 2140 2143
2137 2131 2132 2128
2138 2141 2144 2148
2138 2133 2129 2125
2139 2142 2145 2149
2139 2134 2130 2126
2140 2143 2147 2146
2140 2136 2137 2131
2141 2144 2148 2152
2141 2138 2133 2129
2142 2145 2149 2153
2142 2139 2134 2130
2143 2147 2146 2151
2143 2140 2136 2137
2144 2148 2152 2155
2144 2141 2138 2133
2145 2149 2153 2156
2145 2142 2139 2134
2146 2151 2150 2154
2146 2147 2143 2140
2147 2146 2151 2150
2147 2143 2140 2136
2148 2152 2155 2158
2148 2144 2141 2138
2149 2153 2156 2159
2149 2145 2142 2139
2150 2154 2157 2160
2150 2151 2146 2147
2151 2150 2154 2157
2151 2146 2147 2143
2152 2155 2158 2161
2152 2148 2144 2141
2153 2156 2159 2162
2153 2149 2145 2142
2154 2157 2160 2163
2154 2150 2151 2146
2155 2158 2161 2164
2155 2152 2148 2144
2156 2159 2162 2165
2156 2153 2149 2145
2157 2160 2163 2166
2157 2154 2150 2151
2158 2161 2164 2167
2158 2155 2152 2148
2159 2162 2165 2168
2159 2156 2153 2149
2160 2163 2166 2169
2160 2157 2154 2150
2161 2164 2167 2170
2161 2158 2155 2152
2162 2165 2168 2171
2162 2159 2156 2153
2163 2166 2169 2172
2163 2160 2157 2154
2164 2167 2170 2173
2164 2161 2158 2155
2165 2168 2171 2174
2165 2162 2159 2156
2166 2169 2172 2175
2166 2163 2160 2157
2167 2170 2173 2176
2167 2164 2161 2158
2168 2171 2174 2177
2168 2165 2162 2159
2169 2172 2175 2178
2169 2166 2163 2160
2170 2173 2176 2179
2170 2167 2164 2161
2171 2174 2177 2180
2171 2168 2165 2162
2172 2175 2178 2181
2172 2169 2166 2163
2173 2176 2179 2182
2173 2170 2167 2164
2174 2177 2180 2183
2174 2171 2168 2165
2175 2178 2181 2185
2175 2172 2169 2166
2176 2179 2182 2186
2176 2173 2170 2167
2177 2180 2183 2184
2177 2174 2171 2168
2178 2181 2185 2188
2178 2175 2172 2169
2179 2182 2186 2189
2179 2176 2173 2170
2180 2183 2184 2187
2180 2177 2174 2171
2181 2185 2188 2191
2181 2178 2175 2172
2182 2186 2189 2192
2182 2179 2176 2173
2183 2184 2187 2190
2183 2180 2177 2174
2184 2187 2190 2193
2184 2183 2180 2177
2185 2188 2191 2194
2185 2181 2178 2175
2186 2189 2192 2196
2186 2182 2179 2176
2187 2190 2193 2197
2187 2184 2183 2180
2188 2191 2194 2198
2188 2185 2181 2178
2189 2192 2196 2195
2189 2186 2182 2179
2190 2193 2197 2200
2190 2187 2184 2183
2191 2194 2198 2201
2191 2188 2185 2181
2192 2196 2195 2199
2192 2189 2186 2182
2193 2197 2200 2203
2193 2190 2187 2184
2194 2198 2201 2204
2194 2191 2188 2185
2195 2199 2202 2205
2195 2196 2192 2189
2196 2195 2199 2202
2196 2192 2189 2186
2197 2200 2203 2206
2197 2193 2190 2187
2198 2201 2204 2207
2198 2194 2191 2188
2199 2202 2205 2208
2199 2195 2196 2192
2200 2203 2206 2209
2200 2197 2193 2190
2201 2204 2207 2210
2201 2198 2194 2191
2202 2205 2208 2211
2202 2199 2195 2196
2203 2206 2209 2212
2203 2200 2197 2193
2204 2207 2210 2213
2204 2201 2198 2194
2205 2208 2211 2215
2205 2202 2199 2195
2206 2209 2212 2216
2206 2203 2200 2197
2207 2210 2213 2217
2207 2204 2201 2198
2208 2211 2215 2214
2208 2205 2202 2199
2209 2212 2216 2219
2209 2206 2203 2200
2210 2213 2217 2220
2210 2207 2204 2201
2211 2215 2214 2218
2211 2208 2205 2202
2212 2216 2219 2222
2212 2209 2206 2203
2213 2217 2220 2223
2213 2210 2207 2204
2214 2218 2221 2224
2214 2215 2211 2208
2215 2214 2218 2221
2215 2211 2208 2205
2216 2219 2222 2225
2216 2212 2209 2206
2217 2220 2223 2226
2217 2213 2210 2207
2218 2221 2224 2227
2218 2214 2215 2211
2219 2222 2225 2228
2219 2216 2212 2209
2220 2223 2226 2229
2220 2217 2213 2210
2221 2224 2227 2230
2221 2218 2214 2215
2222 2225 2228 2231
2222 2219 2216 2212
2223 2226 2229 2232
2223 2220 2217 2213
2224 2227 2230 2234
2224 2221 2218 2214
2225 2228 2231 2235
2225 2222 2219 2216
2226 2229 2232 2236
2226 2223 2220 2217
2227 2230 2234 2233
2227 2224 2221 2218
2228 2231 2235 2238
2228 2225 2222 2219
2229 2232 2236 2239
2229 2226 2223 2220
2230 2234 2233 2237
2230 2227 2224 2221
2231 2235 2238 2241
2231 2228 2225 2222
2232 2236 2239 2243
2232 2229 2226 2223
2233 2237 2240 2244
2233 2234 2230 2227
2234 2233 2237 2240
2234 2230 2227 2224
2235 2238 2241 2242
2235 2231 2228 2225
2236 2239 2243 2246
2236 2232 2229 2226
2237 2240 2244 2247
2237 2233 2234 2230
2238 2241 2242 2245
2238 2235 2231 2228
2239 2243 2246 2249
2239 2236 2232 2229
2240 2244 2247 2250
2240 2237 2233 2234
2241 2242 2245 2248
2241 2238 2235 2231
2242 2245 2248 2251
2242 2241 2238 2235
2243 2246 2249 2252
2243 2239 2236 2232
2244 2247 2250 2254
2244 2240 2237 2233
2245 2248 2251 2255
2245 2242 2241 2238
2246 2249 2252 2256
2246 2243 2239 2236
2247 2250 2254 2253
2247 2244 2240 2237
2248 2251 2255 2258
2248 2245 2242 2241
2249 2252 2256 2259
2249 2246 2243 2239
2250 2254 2253 2257
2250 2247 2244 2240
2251 2255 2258 2261
2251 2248 2245 2242
2252 2256 2259 2262
2252 2249 2246 2243
2253 2257 2260 2264
2253 2254 2250 2247
2254 2253 2257 2260
2254 2250 2247 2244
2255 2258 2261 2265
2255 2251 2248 2245
2256 2259 2262 2266
2256 2252 2249 2246
2257 2260 2264 2263
2257 2253 2254 2250
2258 2261 2265 2268
2258 2255 2251 2248
2259 2262 2266 2269
2259 2256 2252 2249
2260 2264 2263 2267
2260 2257 2253 2254
2261 2265 2268 2271
2261 2258 2255 2251
2262 2266 2269 2272
2262 2259 2256 2252
2263 2267 2270 2274
2263 2264 2260 2257
2264 2263 2267 2270
2264 2260 2257 2253
2265 2268 2271 2275
2265 2261 2258 2255
2266 2269 2272 2276
2266 2269 2272 2288
2266 2262 2259 2256
2267 2270 2274 2273
2267 2263 2264 2260
2268 2271 2275 2278
2268 2265 2261 2258
2269 2272 2276 2279
2269 2272 2288 2287
2269 2266 2262 2259
2270 2274 2273 2277
2270 2267 2263 2264
2271 2275 2278 2281
2271 2268 2265 2261
2272 2276 2279 2283
2272 2276 2288 2287
2272 2276 2292 -1
2272 2269 2266 2262
2273 2277 2280 2285
2273 2274 2270 2267
2274 2273 2277 2280
2274 2270 2267 2263
2275 2278 2281 2282
2275 2271 2268 2265
2276 2279 2283 2289
2276 2272 2269 2266
2277 2280 2285 2284
2277 2273 2274 2270
2278 2281 2282 2286
2278 2275 2271 2268
2279 2283 2289 2293
2279 2276 2272 2269
2280 2285 2284 2290
2280 2277 2273 2274
2281 2282 2286 2291
2281 2278 2275 2271
2282 2286 2291 2296
2282 2281 2278 2275
2283 2289 2293 2294
2283 2279 2276 2272
2284 2290 2295 2300
2284 2285 2280 2277
2285 2284 2290 2295
2285 2280 2277 2273
2286 2291 2296 2301
2286 2282 2281 2278
2287 2292 2297 2303
2287 2288 2272 2269
2288 2287 2292 2297
2288 2272 2269 2266
2289 2293 2294 2298
2289 2283 2279 2276
2290 2295 2300 2299
2290 2284 2285 2280
2291 2296 2301 2302
2291 2286 2282 2281
2292 2297 2303 2307
2292 2287 2288 2272
2293 2294 2298 2304
2293 2289 2283 2279
2294 2298 2304 2308
2294 2293 2289 2283
2295 2300 2299 2305
2295 2290 2284 2285
2296 2301 2302 2306
2296 2291 2286 2282
2297 2303 2307 2313
2297 2292 2287 2288
2298 2304 2308 2314
2298 2294 2293 2289
2299 2305 2309 2316
2299 2300 2295 2290
2300 2299 2305 2309
2300 2295 2290 2284
2301 2302 2306 2310
2301 2296 2291 2286
2302 2306 2310 2311
2302 2301 2296 2291
2303 2307 2313 2312
2303 2297 2292 2287
2304 2308 2314 2321
2304 2298 2294 2293
2305 2309 2316 2315
2305 2299 2300 2295
2306 2310 2311 2317
2306 2302 2301 2296
2307 2313 2312 2320
2307 2303 2297 2292
2308 2314 2321 2325
2308 2304 2298 2294
2309 2316 2315 2322
2309 2305 2299 2300
2310 2311 2317 2318
2310 2306 2302 2301
2311 2317 2318 2323
2311 2310 2306 2302
2312 2320 2319 2324
2312 2313 2307 2303
2313 2312 2320 2319
2313 2307 2303 2297
2314 2321 2325 2328
2314 2308 2304 2298
2315 2322 2326 2330
2315 2316 2309 2305
2316 2315 2322 2326
2316 2309 2305 2299
2317 2318 2323 2327
2317 2311 2310 2306
2318 2323 2327 2331
2318 2317 2311 2310
2319 2320 2312 2313
2320 2319 2324 -1
2320 2312 2313 2307
2321 2325 2328 2333
2321 2314 2308 2304
2322 2326 2330 2329
2322 2315 2316 2309
2323 2327 2331 2332
2323 2318 2317 2311
2324 2319 2320 2312
2325 2328 2333 2337
2325 2321 2314 2308
2326 2330 2329 2334
2326 2322 2315 2316
2327 2331 2332 2335
2327 2323 2318 2317
2328 2333 2337 2341
2328 2325 2321 2314
2329 2334 2338 2343
2329 2330 2326 2322
2330 2329 2334 2338
2330 2326 2322 2315
2331 2332 2335 2336
2331 2327 2323 2318
2332 2335 2336 2339
2332 2331 2327 2323
2333 2337 2341 2346
2333 2328 2325 2321
2334 2338 2343 2342
2334 2329 2330 2326
2335 2336 2339 2340
2335 2332 2331 2327
2336 2339 2340 2344
2336 2335 2332 2331
2337 2341 2346 2350
2337 2333 2328 2325
2338 2343 2342 2347
2338 2334 2329 2330
2339 2340 2344 2345
2339 2336 2335 2332
2340 2344 2345 2348
2340 2339 2336 2335
2341 2346 2350 2354
2341 2337 2333 2328
2342 2347 2351 2356
2342 2343 2338 2334
2343 2342 2347 2351
2343 2338 2334 2329
2344 2345 2348 2349
2344 2340 2339 2336
2345 2348 2349 2352
2345 2344 2340 2339
2346 2350 2354 2359
2346 2341 2337 2333
2347 2351 2356 2355
2347 2342 2343 2338
2348 2349 2352 2353
2348 2345 2344 2340
2349 2352 2353 2357
2349 2348 2345 2344
2350 2354 2359 2363
2350 2346 2341 2337
2351 2356 2355 2360
2351 2347 2342 2343
2352 2353 2357 2358
2352 2349 2348 2345
2353 2357 2358 2361
2353 2352 2349 2348
2354 2359 2363 2367
2354 2350 2346 2341
2355 2360 2364 2369
2355 2356 2351 2347
2356 2355 2360 2364
2356 2351 2347 2342
2357 2358 2361 2362
2357 2353 2352 2349
2358 2361 2362 2365
2358 2357 2353 2352
2359 2363 2367 2372
2359 2354 2350 2346
2360 2364 2369 2368
2360 2355 2356 2351
2361 2362 2365 2366
2361 2358 2357 2353
2362 2365 2366 2370
2362 2361 2358 2357
2363 2367 2372 2373
2363 2359 2354 2350
2364 2369 2368 2374
2364 2360 2355 2356
2365 2366 2370 2371
2365 2362 2361 2358
2366 2370 2371 2375
2366 2365 2362 2361
2367 2372 2373 2377
2367 2363 2359 2354
2368 2374 2378 2384
2368 2369 2364 2360
2369 2368 2374 2378
2369 2364 2360 2355
2370 2371 2375 2376
2370 2366 2365 2362
2371 2375 2376 2379
2371 2370 2366 2365
2372 2373 2377 2381
2372 2367 2363 2359
2373 2377 2381 2382
2373 2372 2367 2363
2374 2378 2384 2383
2374 2368 2369 2364
2375 2376 2379 2380
2375 2371 2370 2366
2376 2379 2380 2385
2376 2375 2371 2370
2377 2381 2382 2387
2377 2373 2372 2367
2378 2384 2383 2388
2378 2374 2368 2369
2379 2380 2385 2386
2379 2376 2375 2371
2380 2385 2386 2389
2380 2379 2376 2375
2381 2382 2387 2391
2381 2377 2373 2372
2382 2387 2391 2392
2382 2381 2377 2373
2383 2388 2393 2398
2383 2384 2378 2374
2384 2383 2388 2393
2384 2378 2374 2368
2385 2386 2389 2390
2385 2380 2379 2376
2386 2389 2390 2394
2386 2385 2380 2379
2387 2391 2392 2396
2387 2382 2381 2377
2388 2393 2398 2397
2388 2383 2384 2378
2389 2390 2394 2395
2389 2386 2385 2380
2390 2394 2395 2399
2390 2389 2386 2385
2391 2392 2396 2401
2391 2387 2382 2381
2392 2396 2401 2402
2392 2391 2387 2382
2393 2398 2397 2403
2393 2388 2383 2384
2394 2395 2399 2400
2394 2390 2389 2386
2395 2399 2400 2404
2395 2394 2390 2389
2396 2401 2402 2406
2396 2392 2391 2387
2397 2403 2408 2412
2397 2398 2393 2388
2398 2397 2403 2408
2398 2393 2388 2383
2399 2400 2404 2405
2399 2395 2394 2390
2400 2404 2405 2409
2400 2399 2395 2394
2401 2402 2406 2407
2401 2396 2392 2391
2402 2406 2407 2411
2402 2401 2396 2392
2403 2408 2412 2416
2403 2397 2398 2393
2404 2405 2409 2410
2404 2400 2399 2395
2405 2409 2410 2413
2405 2404 2400 2399
2406 2407 2411 2415
2406 2402 2401 2396
2407 2411 2415 2419
2407 2406 2402 2401
2408 2412 2416 2421
2408 2403 2397 2398
2409 2410 2413 2414
2409 2405 2404 2400
2410 2413 2414 2417
2410 2409 2405 2404
2411 2415 2419 2420
2411 2407 2406 2402
2412 2416 2421 2427
2412 2408 2403 2397
2413 2414 2417 2418
2413 2410 2409 2405
2414 2417 2418 2422
2414 2413 2410 2409
2415 2419 2420 2424
2415 2411 2407 2406
2416 2421 2427 2426
2416 2412 2408 2403
2417 2418 2422 2423
2417 2414 2413 2410
2418 2422 2423 2428
2418 2417 2414 2413
2419 2420 2424 2425
2419 2415 2411 2407
2420 2424 2425 2430
2420 2419 2415 2411
2421 2427 2426 2432
2421 2416 2412 2408
2422 2423 2428 2429
2422 2418 2417 2414
2423 2428 2429 2433
2423 2422 2418 2417
2424 2425 2430 2431
2424 2420 2419 2415
2425 2430 2431 2435
2425 2424 2420 2419
2426 2432 2437 2440
2426 2427 2421 2416
2427 2426 2432 2437
2427 2421 2416 2412
2428 2429 2433 2434
2428 2423 2422 2418
2429 2433 2434 2438
2429 2428 2423 2422
2430 2431 2435 2436
2430 2425 2424 2420
2431 2435 2436 -1
2431 2430 2425 2424
2432 2437 2440 2443
2432 2426 2427 2421
2433 2434 2438 2439
2433 2429 2428 2423
2434 2438 2439 2441
2434 2433 2429 2428
2435 2431 2430 2425
2436 2435 2431 2430
2437 2440 2443 2446
2437 2432 2426 2427
2438 2439 2441 2442
2438 2434 2433 2429
2439 2441 2442 2444
2439 2438 2434 2433
2440 2443 2446 2449
2440 2437 2432 2426
2441 2442 2444 2445
2441 2439 2438 2434
2442 2444 2445 2447
2442 2441 2439 2438
2443 2446 2449 2452
2443 2440 2437 2432
2444 2445 2447 2448
2444 2442 2441 2439
2445 2447 2448 2450
2445 2444 2442 2441
2446 2449 2452 2455
2446 2443 2440 2437
2447 2448 2450 2451
2447 2445 2444 2442
2448 2450 2451 2453
2448 2447 2445 2444
2449 2452 2455 2459
2449 2446 2443 2440
2450 2451 2453 2454
2450 2448 2447 2445
2451 2453 2454 2456
2451 2450 2448 2447
2452 2455 2459 2458
2452 2449 2446 2443
2453 2454 2456 2457
2453 2451 2450 2448
2454 2456 2457 2460
2454 2453 2451 2450
2455 2459 2458 2463
2455 2452 2449 2446
2456 2457 2460 2461
2456 2454 2453 2451
2457 2460 2461 2462
2457 2456 2454 2453
2458 2463 2467 2466
2458 2459 2455 2452
2459 2458 2463 2467
2459 2455 2452 2449
2460 2461 2462 2464
2460 2457 2456 2454
2461 2462 2464 2465
2461 2460 2457 2456
2462 2464 2465 2468
2462 2461 2460 2457
2463 2467 2466 2472
2463 2458 2459 2455
2464 2465 2468 2469
2464 2462 2461 2460
2465 2468 2469 2473
2465 2464 2462 2461
2466 2472 2471 2470
2466 2467 2463 2458
2467 2466 2472 2471
2467 2463 2458 2459
2468 2469 2473 2474
2468 2465 2464 2462
2469 2473 2474 2475
2469 2468 2465 2464
2470 2531 2530 2529
2470 2471 2472 2466
2471 2470 2531 2530
2471 2472 2466 2467
2472 2471 2470 2531
2472 2466 2467 2463
2473 2474 2475 2532
2473 2469 2468 2465
2474 2475 2532 2533
2474 2473 2469 2468
2475 2532 2533 2534
2475 2474 2473 2469
2476 2579 2578 2577
2476 2477 2478 2479
2477 2476 2579 2578
2477 2478 2479 2480
2478 2477 2476 2579
2478 2479 2480 2481
2479 2478 2477 2476
2479 2480 2481 2482
2480 2479 2478 2477
2480 2481 2482 2483
2481 2480 2479 2478
2481 2482 2483 2484
2482 2481 2480 2479
2482 2483 2484 2485
2483 2482 2481 2480
2483 2484 2485 2486
2484 2483 2482 2481
2484 2485 2486 2487
2485 2484 2483 2482
2485 2486 2487 2488
2486 2485 2484 2483
2486 2487 2488 2489
2487 2486 2485 2484
2487 2488 2489 2490
2488 2487 2486 2485
2488 2489 2490 2491
2489 2488 2487 2486
2489 2490 2491 2492
2490 2489 2488 2487
2490 2491 2492 2493
2491 2490 2489 2488
2491 2492 2493 2494
2492 2491 2490 2489
2492 2493 2494 2495
2493 2492 2491 2490
2493 2494 2495 2496
2494 2493 2492 2491
2494 2495 2496 2497
2495 2494 2493 2492
2495 2496 2497 2498
2496 2495 2494 2493
2496 2497 2498 2499
2497 2496 2495 2494
2497 2498 2499 2500
2498 2497 2496 2495
2498 2499 2500 2501
2499 2498 2497 2496
2499 2500 2501 2502
2500 2499 2498 2497
2500 2501 2502 2503
2501 2500 2499 2498
2501 2502 2503 2504
2502 2501 2500 2499
2502 2503 2504 2505
2503 2502 2501 2500
2503 2504 2505 2506
2504 2503 2502 2501
2504 2505 2506 2507
2505 2504 2503 2502
2505 2506 2507 2508
2506 2505 2504 2503
2506 2507 2508 2509
2507 2506 2505 2504
2507 2508 2509 2510
2508 2507 2506 2505
2508 2509 2510 2511
2509 2508 2507 2506
2509 2510 2511 2512
2510 2509 2508 2507
2510 2511 2512 2513
2511 2510 2509 2508
2511 2512 2513 2514
2512 2511 2510 2509
2512 2513 2514 2515
2513 2512 2511 2510
2513 2514 2515 2516
2514 2513 2512 2511
2514 2515 2516 2517
2515 2514 2513 2512
2515 2516 2517 2518
2516 2515 2514 2513
2516 2517 2518 2519
2517 2516 2515 2514
2517 2518 2519 2520
2518 2517 2516 2515
2518 2519 2520 2521
2519 2518 2517 2516
2519 2520 2521 2522
2520 2519 2518 2517
2520 2521 2522 2523
2521 2520 2519 2518
2521 2522 2523 2524
2522 2521 2520 2519
2522 2523 2524 2525
2523 2522 2521 2520
2523 2524 2525 2526
2524 2523 2522 2521
2524 2525 2526 2527
2525 2524 2523 2522
2525 2526 2527 2528
2526 2525 2524 2523
2526 2527 2528 2529
2527 2526 2525 2524
2527 2528 2529 2530
2528 2527 2526 2525
2528 2529 2530 2531
2529 2528 2527 2526
2529 2530 2531 2470
2530 2529 2528 2527
2530 2531 2470 2471
2531 2530 2529 2528
2531 2470 2471 2472
2532 2533 2534 2535
2532 2475 2474 2473
2533 2534 2535 2580
2533 2532 2475 2474
2534 2535 2580 2581
2534 2533 2532 2475
2535 2580 2581 2582
2535 2534 2533 2532
2536 2585 2584 2583
2536 2537 2538 2539
2537 2536 2585 2584
2537 2538 2539 2540
2538 2537 2536 2585
2538 2539 2540 2541
2539 2538 2537 2536
2539 2540 2541 2542
2540 2539 2538 2537
2540 2541 2542 2543
2541 2540 2539 2538
2541 2542 2543 2544
2542 2541 2540 2539
2542 2543 2544 2545
2543 2542 2541 2540
2543 2544 2545 2546
2544 2543 2542 2541
2544 2545 2546 2547
2545 2544 2543 2542
2545 2546 2547 2548
2546 2545 2544 2543
2546 2547 2548 2549
2547 2546 2545 2544
2547 2548 2549 2550
2548 2547 2546 2545
2548 2549 2550 2551
2549 2548 2547 2546
2549 2550 2551 2552
2550 2549 2548 2547
2550 2551 2552 2553
2551 2550 2549 2548
2551 2552 2553 2554
2552 2551 2550 2549
2552 2553 2554 2555
2553 2552 2551 2550
2553 2554 2555 2556
2554 2553 2552 2551
2554 2555 2556 2557
2555 2554 2553 2552
2555 2556 2557 2558
2556 2555 2554 2553
2556 2557 2558 2559
2557 2556 2555 2554
2557 2558 2559 2560
2558 2557 2556 2555
2558 2559 2560 2561
2559 2558 2557 2556
2559 2560 2561 2562
2560 2559 2558 2557
2560 2561 2562 2563
2561 2560 2559 2558
2561 2562 2563 2564
2562 2561 2560 2559
2562 2563 2564 2565
2563 2562 2561 2560
2563 2564 2565 2566
2564 2563 2562 2561
2564 2565 2566 2567
2565 2564 2563 2562
2565 2566 2567 2568
2566 2565 2564 2563
2566 2567 2568 2569
2567 2566 2565 2564
2567 2568 2569 2570
2568 2567 2566 2565
2568 2569 2570 2571
2569 2568 2567 2566
2569 2570 2571 2572
2570 2569 2568 2567
2570 2571 2572 2573
2571 2570 2569 2568
2571 2572 2573 2574
2572 2571 2570 2569
2572 2573 2574 2575
2573 2572 2571 2570
2573 2574 2575 2576
2574 2573 2572 2571
2574 2575 2576 2577
2575 2574 2573 2572
2575 2576 2577 2578
2576 2575 2574 2573
2576 2577 2578 2579
2577 2576 2575 2574
2577 2578 2579 2476
2578 2577 2576 2575
2578 2579 2476 2477
2579 2578 2577 2576
2579 2476 2477 2478
2580 2581 2582 2583
2580 2535 2534 2533
2581 2582 2583 2584
2581 2580 2535 2534
2582 2581 2580 2535
2582 2583 2584 2585
2583 2582 2581 2580
2583 2584 2585 2536
2584 2583 2582 2581
2584 2585 2536 2537
2585 2584 2583 2582
2585 2536 2537 2538
