0 31 30 29
0 1 2 3
1 0 31 30
1 2 3 4
2 1 0 31
2 3 4 5
3 2 1 0
3 4 5 6
4 3 2 1
4 5 6 7
5 4 3 2
5 6 7 8
6 5 4 3
6 7 8 9
7 6 5 4
7 8 9 10
8 7 6 5
8 9 10 11
9 8 7 6
9 10 11 12
10 9 8 7
10 11 12 13
11 12 13 14
11 10 9 8
12 13 14 32
12 11 10 9
13 14 32 33
13 12 11 10
14 32 33 58
14 13 12 11
15 57 56 55
15 16 17 18
16 15 57 56
16 17 18 19
17 16 15 57
17 18 19 20
18 17 16 15
18 19 20 21
19 18 17 16
19 20 21 22
20 19 18 17
20 21 22 23
21 20 19 18
21 22 23 24
22 21 20 19
22 23 24 25
23 22 21 20
23 24 25 26
24 23 22 21
24 25 26 27
25 24 23 22
25 26 27 28
26 25 24 23
26 27 28 29
27 26 25 24
27 28 29 30
28 27 26 25
28 29 30 31
29 28 27 26
29 30 31 0
30 29 28 27
30 31 0 1
31 30 29 28
31 0 1 2
32 33 58 59
32 14 13 12
33 58 59 76
33 32 14 13
34 75 74 73
34 35 36 37
35 34 75 74
35 36 37 38
36 35 34 75
36 37 38 39
37 36 35 34
37 38 39 40
38 37 36 35
38 39 40 41
39 38 37 36
39 40 41 42
40 39 38 37
40 41 42 43
41 40 39 38
41 42 43 44
42 41 40 39
42 43 44 45
43 42 41 40
43 44 45 46
44 43 42 41
44 45 46 47
45 44 43 42
45 46 47 48
46 45 44 43
46 47 48 49
47 46 45 44
47 48 49 50
48 47 46 45
48 49 50 51
49 48 47 46
49 50 51 52
50 49 48 47
50 51 52 53
51 50 49 48
51 52 53 54
52 51 50 49
52 53 54 55
53 52 51 50
53 54 55 56
54 53 52 51
54 55 56 57
55 54 53 52
55 56 57 15
56 55 54 53
56 57 15 16
57 56 55 54
57 15 16 17
58 59 76 77
58 33 32 14
59 76 77 102
59 58 33 32
60 101 100 99
60 61 62 63
61 60 101 100
61 62 63 64
62 61 60 101
62 63 64 65
63 62 61 60
63 64 65 66
64 63 62 61
64 65 66 67
65 64 63 62
65 66 67 68
66 65 64 63
66 67 68 69
67 66 65 64
67 68 69 70
68 67 66 65
68 69 70 71
69 68 67 66
69 70 71 72
70 69 68 67
70 71 72 73
71 70 69 68
71 72 73 74
72 71 70 69
72 73 74 75
73 72 71 70
73 74 75 34
74 73 72 71
74 75 34 35
75 74 73 72
75 34 35 36
76 77 102 103
76 59 58 33
77 102 103 120
77 76 59 58
78 119 118 117
78 79 80 81
79 78 119 118
79 80 81 82
80 79 78 119
80 81 82 83
81 80 79 78
81 82 83 84
82 81 80 79
82 83 84 85
83 82 81 80
83 84 85 86
84 83 82 81
84 85 86 87
85 84 83 82
85 86 87 88
86 85 84 83
86 87 88 89
87 86 85 84
87 88 89 90
88 87 86 85
88 89 90 91
89 88 87 86
89 90 91 92
90 89 88 87
90 91 92 93
91 90 89 88
91 92 93 94
92 91 90 89
92 93 94 95
93 92 91 90
93 94 95 96
94 93 92 91
94 95 96 97
95 94 93 92
95 96 97 98
96 95 94 93
96 97 98 99
97 96 95 94
97 98 99 100
98 97 96 95
98 99 100 101
99 98 97 96
99 100 101 60
100 99 98 97
100 101 60 61
101 100 99 98
101 60 61 62
102 103 120 145
102 77 76 59
103 120 145 146
103 102 77 76
104 144 143 142
104 105 106 107
105 104 144 143
105 106 107 108
106 105 104 144
106 107 108 109
107 106 105 104
107 108 109 110
108 107 106 105
108 109 110 111
109 108 107 106
109 110 111 112
110 109 108 107
110 111 112 113
111 110 109 108
111 112 113 114
112 111 110 109
112 113 114 115
113 112 111 110
113 114 115 116
114 113 112 111
114 115 116 117
115 114 113 112
115 116 117 118
116 115 114 113
116 117 118 119
117 116 115 114
117 118 119 78
118 117 116 115
118 119 78 79
119 118 117 116
119 78 79 80
120 145 146 164
120 103 102 77
121 163 162 161
121 122 123 124
122 121 163 162
122 123 124 125
123 122 121 163
123 124 125 126
124 123 122 121
124 125 126 127
125 124 123 122
125 126 127 128
126 125 124 123
126 127 128 129
127 126 125 124
127 128 129 130
128 127 126 125
128 129 130 131
129 128 127 126
129 130 131 132
130 129 128 127
130 131 132 133
131 130 129 128
131 132 133 134
132 131 130 129
132 133 134 135
133 132 131 130
133 134 135 136
134 133 132 131
134 135 136 137
135 134 133 132
135 136 137 138
136 135 134 133
136 137 138 139
137 136 135 134
137 138 139 140
138 137 136 135
138 139 140 141
139 138 137 136
139 140 141 142
140 139 138 137
140 141 142 143
141 140 139 138
141 142 143 144
142 141 140 139
142 143 144 104
143 142 141 140
143 144 104 105
144 143 142 141
144 104 105 106
145 146 164 189
145 120 103 102
146 164 189 207
146 145 120 103
147 188 187 186
147 148 149 150
148 147 188 187
148 149 150 151
149 148 147 188
149 150 151 152
150 149 148 147
150 151 152 153
151 150 149 148
151 152 153 154
152 151 150 149
152 153 154 155
153 152 151 150
153 154 155 156
154 153 152 151
154 155 156 157
155 154 153 152
155 156 157 158
156 155 154 153
156 157 158 159
157 156 155 154
157 158 159 160
158 157 156 155
158 159 160 161
159 158 157 156
159 160 161 162
160 159 158 157
160 161 162 163
161 160 159 158
161 162 163 121
162 161 160 159
162 163 121 122
163 162 161 160
163 121 122 123
164 189 207 208
164 146 145 120
165 206 205 204
165 166 167 168
166 165 206 205
166 167 168 169
167 166 165 206
167 168 169 170
168 167 166 165
168 169 170 171
169 168 167 166
169 170 171 172
170 169 168 167
170 171 172 173
171 170 169 168
171 172 173 174
172 171 170 169
172 173 174 175
173 172 171 170
173 174 175 176
174 173 172 171
174 175 176 177
175 174 173 172
175 176 177 178
176 175 174 173
176 177 178 179
177 176 175 174
177 178 179 180
178 177 176 175
178 179 180 181
179 178 177 176
179 180 181 182
180 179 178 177
180 181 182 183
181 180 179 178
181 182 183 184
182 181 180 179
182 183 184 185
183 182 181 180
183 184 185 186
184 183 182 181
184 185 186 187
185 184 183 182
185 186 187 188
186 185 184 183
186 187 188 147
187 186 185 184
187 188 147 148
188 187 186 185
188 147 148 149
189 207 208 233
189 164 146 145
190 232 231 230
190 191 192 193
191 190 232 231
191 192 193 194
192 191 190 232
192 193 194 195
193 192 191 190
193 194 195 196
194 193 192 191
194 195 196 197
195 194 193 192
195 196 197 198
196 195 194 193
196 197 198 199
197 196 195 194
197 198 199 200
198 197 196 195
198 199 200 201
199 198 197 196
199 200 201 202
200 199 198 197
200 201 202 203
201 200 199 198
201 202 203 204
202 201 200 199
202 203 204 205
203 202 201 200
203 204 205 206
204 203 202 201
204 205 206 165
205 204 203 202
205 206 165 166
206 205 204 203
206 165 166 167
207 208 233 250
207 189 164 146
208 233 250 273
208 207 189 164
209 249 248 247
209 210 211 212
210 209 249 248
210 211 212 213
211 210 209 249
211 212 213 214
212 211 210 209
212 213 214 215
213 212 211 210
213 214 215 216
214 213 212 211
214 215 216 217
215 214 213 212
215 216 217 218
216 215 214 213
216 217 218 219
217 216 215 214
217 218 219 220
218 217 216 215
218 219 220 221
219 218 217 216
219 220 221 222
220 219 218 217
220 221 222 223
221 220 219 218
221 222 223 224
222 221 220 219
222 223 224 225
223 222 221 220
223 224 225 226
224 223 222 221
224 225 226 227
225 224 223 222
225 226 227 228
226 225 224 223
226 227 228 229
227 226 225 224
227 228 229 230
228 227 226 225
228 229 230 231
229 228 227 226
229 230 231 232
230 229 228 227
230 231 232 190
231 230 229 228
231 232 190 191
232 231 230 229
232 190 191 192
233 250 273 274
233 208 207 189
234 272 271 270
234 235 236 237
235 234 272 271
235 236 237 238
236 235 234 272
236 237 238 239
237 236 235 234
237 238 239 240
238 237 236 235
238 239 240 241
239 238 237 236
239 240 241 242
240 239 238 237
240 241 242 243
241 240 239 238
241 242 243 244
242 241 240 239
242 243 244 245
243 242 241 240
243 244 245 246
244 243 242 241
244 245 246 247
245 244 243 242
245 246 247 248
246 245 244 243
246 247 248 249
247 246 245 244
247 248 249 209
248 247 246 245
248 249 209 210
249 248 247 246
249 209 210 211
250 273 274 279
250 233 208 207
251 278 277 276
251 252 253 254
252 251 278 277
252 253 254 255
253 252 251 278
253 254 255 256
254 253 252 251
254 255 256 257
255 254 253 252
255 256 257 258
256 255 254 253
256 257 258 259
257 256 255 254
257 258 259 260
258 257 256 255
258 259 260 261
259 258 257 256
259 260 261 262
260 259 258 257
260 261 262 263
261 260 259 258
261 262 263 264
262 261 260 259
262 263 264 265
263 262 261 260
263 264 265 266
264 263 262 261
264 265 266 267
265 264 263 262
265 266 267 268
266 265 264 263
266 267 268 269
267 266 265 264
267 268 269 270
268 267 266 265
268 269 270 271
269 268 267 266
269 270 271 272
270 269 268 267
270 271 272 234
271 270 269 268
271 272 234 235
272 271 270 269
272 234 235 236
273 274 279 283
273 250 233 208
274 279 283 286
274 273 250 233
275 282 281 280
275 276 277 278
276 275 282 281
276 277 278 251
277 276 275 282
277 278 251 252
278 277 276 275
278 251 252 253
279 283 286 287
279 274 273 250
280 285 284 289
280 281 282 275
281 280 285 284
281 282 275 276
282 281 280 285
282 275 276 277
283 286 287 290
283 279 274 273
284 289 288 293
284 285 280 281
285 284 289 288
285 280 281 282
286 287 290 294
286 283 279 274
287 290 294 295
287 286 283 279
288 293 292 291
288 289 284 285
289 288 293 292
289 284 285 280
290 294 295 298
290 287 286 283
291 297 296 301
291 292 293 288
292 291 297 296
292 293 288 289
293 292 291 297
293 288 289 284
294 295 298 299
294 290 287 286
295 298 299 302
295 294 290 287
296 301 300 304
296 297 291 292
297 296 301 300
297 291 292 293
298 299 302 305
298 295 294 290
299 302 305 306
299 298 295 294
300 304 303 308
300 301 296 297
301 300 304 303
301 296 297 291
302 305 306 309
302 299 298 295
303 308 307 312
303 304 300 301
304 303 308 307
304 300 301 296
305 306 309 310
305 302 299 298
306 309 310 313
306 305 302 299
307 312 311 315
307 308 303 304
308 307 312 311
308 303 304 300
309 310 313 316
309 306 305 302
310 313 316 317
310 309 306 305
311 315 314 319
311 312 307 308
312 311 315 314
312 307 308 303
313 316 317 320
313 310 309 306
314 319 318 322
314 315 311 312
315 314 319 318
315 311 312 307
316 317 320 323
316 313 310 309
317 320 323 325
317 316 313 310
318 322 321 324
318 319 314 315
319 318 322 321
319 314 315 311
320 323 325 326
320 317 316 313
321 324 327 329
321 322 318 319
322 321 324 327
322 318 319 314
323 325 326 328
323 320 317 316
324 327 329 331
324 321 322 318
325 326 328 330
325 323 320 317
326 328 330 332
326 325 323 320
327 329 331 335
327 324 321 322
328 330 332 333
328 326 325 323
329 331 335 334
329 327 324 321
330 332 333 336
330 328 326 325
331 335 334 337
331 329 327 324
332 333 336 338
332 330 328 326
333 336 338 339
333 332 330 328
334 337 341 340
334 335 331 329
335 334 337 341
335 331 329 327
336 338 339 342
336 333 332 330
337 341 340 344
337 334 335 331
338 339 342 343
338 336 333 332
339 342 343 345
339 338 336 333
340 344 347 346
340 341 337 334
341 340 344 347
341 337 334 335
342 343 345 348
342 339 338 336
343 345 348 349
343 342 339 338
344 347 346 350
344 340 341 337
345 348 349 351
345 343 342 339
346 350 354 353
346 347 344 340
347 346 350 354
347 344 340 341
348 349 351 352
348 345 343 342
349 351 352 355
349 348 345 343
350 354 353 356
350 346 347 344
351 352 355 357
351 349 348 345
352 355 357 358
352 351 349 348
353 356 360 359
353 354 350 346
354 353 356 360
354 350 346 347
355 357 358 361
355 352 351 349
356 360 359 362
356 353 354 350
357 358 361 363
357 355 352 351
358 361 363 365
358 357 355 352
359 362 364 367
359 360 356 353
360 359 362 364
360 356 353 354
361 363 365 366
361 358 357 355
362 364 367 369
362 359 360 356
363 365 366 368
363 361 358 357
364 367 369 371
364 362 359 360
365 366 368 370
365 363 361 358
366 368 370 372
366 365 363 361
367 369 371 374
367 364 362 359
368 370 372 373
368 366 365 363
369 371 374 377
369 367 364 362
370 372 373 375
370 368 366 365
371 374 377 376
371 369 367 364
372 373 375 378
372 370 368 366
373 375 378 380
373 372 370 368
374 377 376 379
374 371 369 367
375 378 380 381
375 373 372 370
376 379 383 382
376 377 374 371
377 376 379 383
377 374 371 369
378 380 381 384
378 375 373 372
379 383 382 385
379 376 377 374
380 381 384 386
380 378 375 373
381 384 386 387
381 380 378 375
382 385 389 388
382 383 379 376
383 382 385 389
383 379 376 377
384 386 387 390
384 381 380 378
385 389 388 392
385 382 383 379
386 387 390 391
386 384 381 380
387 390 391 393
387 386 384 381
388 392 395 394
388 389 385 382
389 388 392 395
389 385 382 383
390 391 393 396
390 387 386 384
391 393 396 397
391 390 387 386
392 395 394 398
392 388 389 385
393 396 397 399
393 391 390 387
394 398 402 401
394 395 392 388
395 394 398 402
395 392 388 389
396 397 399 400
396 393 391 390
397 399 400 403
397 396 393 391
398 402 401 404
398 394 395 392
399 400 403 405
399 397 396 393
400 403 405 406
400 399 397 396
401 404 408 407
401 402 398 394
402 401 404 408
402 398 394 395
403 405 406 409
403 400 399 397
404 408 407 410
404 401 402 398
405 406 409 411
405 403 400 399
406 409 411 414
406 405 403 400
407 410 413 412
407 408 404 401
408 407 410 413
408 404 401 402
409 411 414 415
409 406 405 403
410 413 412 416
410 407 408 404
411 414 415 417
411 409 406 405
412 416 418 420
412 413 410 407
413 412 416 418
413 410 407 408
414 415 417 419
414 411 409 406
415 417 419 421
415 414 411 409
416 418 420 423
416 412 413 410
417 419 421 422
417 415 414 411
418 420 423 425
418 416 412 413
419 421 422 424
419 417 415 414
420 423 425 428
420 418 416 412
421 422 424 426
421 419 417 415
422 424 426 427
422 421 419 417
423 425 428 431
423 420 418 416
424 426 427 429
424 422 421 419
425 428 431 433
425 423 420 418
426 427 429 430
426 424 422 421
427 429 430 432
427 426 424 422
428 431 433 436
428 425 423 420
429 430 432 434
429 427 426 424
430 432 434 435
430 429 427 426
431 433 436 439
431 428 425 423
432 434 435 437
432 430 429 427
433 436 439 442
433 431 428 425
434 435 437 438
434 432 430 429
435 437 438 440
435 434 432 430
436 439 442 441
436 433 431 428
437 438 440 443
437 435 434 432
438 440 443 444
438 437 435 434
439 442 441 445
439 436 433 431
440 443 444 446
440 438 437 435
441 445 448 447
441 442 439 436
442 441 445 448
442 439 436 433
443 444 446 449
443 440 438 437
444 446 449 451
444 443 440 438
445 448 447 450
445 441 442 439
446 449 451 452
446 444 443 440
447 450 454 453
447 448 445 441
448 447 450 454
448 445 441 442
449 451 452 455
449 446 444 443
450 454 453 456
450 447 448 445
451 452 455 457
451 449 446 444
452 455 457 460
452 451 449 446
453 456 459 458
453 454 450 447
454 453 456 459
454 450 447 448
455 457 460 461
455 452 451 449
456 459 458 462
456 453 454 450
457 460 461 463
457 455 452 451
458 462 465 464
458 459 456 453
459 458 462 465
459 456 453 454
460 461 463 466
460 457 455 452
461 463 466 468
461 460 457 455
462 465 464 467
462 458 459 456
463 466 468 469
463 461 460 457
464 467 471 470
464 465 462 458
465 464 467 471
465 462 458 459
466 468 469 472
466 463 461 460
467 471 470 473
467 464 465 462
468 469 472 474
468 466 463 461
469 472 474 475
469 468 466 463
470 473 477 476
470 471 467 464
471 470 473 477
471 467 464 465
472 474 475 478
472 469 468 466
473 477 476 480
473 470 471 467
474 475 478 479
474 472 469 468
475 478 479 481
475 474 472 469
476 480 483 482
476 477 473 470
477 476 480 483
477 473 470 471
478 479 481 484
478 475 474 472
479 481 484 485
479 478 475 474
480 483 482 486
480 476 477 473
481 484 485 487
481 479 478 475
482 486 490 489
482 483 480 476
483 482 486 490
483 480 476 477
484 485 487 488
484 481 479 478
485 487 488 491
485 484 481 479
486 490 489 492
486 482 483 480
487 488 491 493
487 485 484 481
488 491 493 494
488 487 485 484
489 492 496 495
489 490 486 482
490 489 492 496
490 486 482 483
491 493 494 497
491 488 487 485
492 496 495 498
492 489 490 486
493 494 497 499
493 491 488 487
494 497 499 501
494 493 491 488
495 498 500 503
495 496 492 489
496 495 498 500
496 492 489 490
497 499 501 502
497 494 493 491
498 500 503 505
498 495 496 492
499 501 502 504
499 497 494 493
500 503 505 507
500 498 495 496
501 502 504 506
501 499 497 494
502 504 506 508
502 501 499 497
503 505 507 510
503 500 498 495
504 506 508 509
504 502 501 499
505 507 510 512
505 503 500 498
506 508 509 511
506 504 502 501
507 510 512 515
507 505 503 500
508 509 511 513
508 506 504 502
509 511 513 514
509 508 506 504
510 512 515 518
510 507 505 503
511 513 514 516
511 509 508 506
512 515 518 520
512 510 507 505
513 514 516 517
513 511 509 508
514 516 517 519
514 513 511 509
515 518 520 523
515 512 510 507
516 517 519 521
516 514 513 511
517 519 521 522
517 516 514 513
518 520 523 526
518 515 512 510
519 521 522 524
519 517 516 514
520 523 526 528
520 518 515 512
521 522 524 525
521 519 517 516
522 524 525 527
522 521 519 517
523 526 528 531
523 520 518 515
524 525 527 529
524 522 521 519
525 527 529 530
525 524 522 521
526 528 531 533
526 523 520 518
527 529 530 532
527 525 524 522
528 531 533 535
528 526 523 520
529 530 532 534
529 527 525 524
530 532 534 536
530 529 527 525
531 533 535 538
531 528 526 523
532 534 536 537
532 530 529 527
533 535 538 540
533 531 528 526
534 536 537 539
534 532 530 529
535 538 540 542
535 533 531 528
536 537 539 541
536 534 532 530
537 539 541 543
537 536 534 532
538 540 542 545
538 535 533 531
539 541 543 544
539 537 536 534
540 542 545 547
540 538 535 533
541 543 544 546
541 539 537 536
542 545 547 550
542 540 538 535
543 544 546 548
543 541 539 537
544 546 548 549
544 543 541 539
545 547 550 553
545 542 540 538
546 548 549 551
546 544 543 541
547 550 553 555
547 545 542 540
548 549 551 552
548 546 544 543
549 551 552 554
549 548 546 544
550 553 555 559
550 547 545 542
551 552 554 556
551 549 548 546
552 554 556 557
552 551 549 548
553 555 559 558
553 550 547 545
554 556 557 560
554 552 551 549
555 559 558 562
555 553 550 547
556 557 560 561
556 554 552 551
557 560 561 563
557 556 554 552
558 562 565 564
558 559 555 553
559 558 562 565
559 555 553 550
560 561 563 566
560 557 556 554
561 563 566 567
561 560 557 556
562 565 564 568
562 558 559 555
563 566 567 569
563 561 560 557
564 568 571 570
564 565 562 558
565 564 568 571
565 562 558 559
566 567 569 572
566 563 561 560
567 569 572 574
567 566 563 561
568 571 570 573
568 564 565 562
569 572 574 575
569 567 566 563
570 573 577 576
570 571 568 564
571 570 573 577
571 568 564 565
572 574 575 578
572 569 567 566
573 577 576 579
573 570 571 568
574 575 578 580
574 572 569 567
575 578 580 582
575 574 572 569
576 579 581 584
576 577 573 570
577 576 579 581
577 573 570 571
578 580 582 583
578 575 574 572
579 581 584 603
579 576 577 573
580 582 583 602
580 578 575 574
581 584 603 620
581 579 576 577
582 583 602 619
582 580 578 575
583 602 619 631
583 582 580 578
584 603 620 633
584 581 579 576
585 611 610 609
585 586 587 588
586 585 611 610
586 587 588 589
587 586 585 611
587 588 589 590
588 587 586 585
588 589 590 591
589 588 587 586
589 590 591 592
590 589 588 587
590 591 592 593
591 590 589 588
591 592 593 594
592 591 590 589
592 593 594 595
593 592 591 590
593 594 595 596
594 595 596 597
594 593 592 591
595 596 597 598
595 594 593 592
596 597 598 599
596 595 594 593
597 598 599 600
597 596 595 594
598 599 600 601
598 597 596 595
599 600 601 612
599 598 597 596
600 601 612 613
600 599 598 597
601 612 613 614
601 600 599 598
602 619 631 632
602 583 582 580
603 620 633 642
603 584 581 579
604 624 623 622
604 605 606 607
605 604 624 623
605 606 607 608
606 605 604 624
606 607 608 609
607 606 605 604
607 608 609 610
608 607 606 605
608 609 610 611
609 608 607 606
609 610 611 585
610 609 608 607
610 611 585 586
611 610 609 608
611 585 586 587
612 613 614 615
612 601 600 599
613 614 615 616
613 612 601 600
614 615 616 617
614 613 612 601
615 616 617 618
615 614 613 612
616 617 618 625
616 615 614 613
617 618 625 626
617 616 615 614
618 625 626 627
618 617 616 615
619 631 632 641
619 602 583 582
620 633 642 652
620 603 584 581
621 636 635 634
621 622 623 624
622 621 636 635
622 623 624 604
623 622 621 636
623 624 604 605
624 623 622 621
624 604 605 606
625 626 627 628
625 618 617 616
626 627 628 629
626 625 618 617
627 628 629 630
627 626 625 618
628 629 630 637
628 627 626 625
629 630 637 638
629 628 627 626
630 637 638 639
630 629 628 627
631 632 641 650
631 619 602 583
632 641 650 651
632 631 619 602
633 642 652 661
633 620 603 584
634 645 644 643
634 635 636 621
635 634 645 644
635 636 621 622
636 635 634 645
636 621 622 623
637 638 639 640
637 630 629 628
638 639 640 646
638 637 630 629
639 640 646 647
639 638 637 630
640 646 647 648
640 639 638 637
641 650 651 659
641 632 631 619
642 652 661 669
642 633 620 603
643 655 654 653
643 644 645 634
644 643 655 654
644 645 634 635
645 644 643 655
645 634 635 636
646 647 648 649
646 640 639 638
647 648 649 656
647 646 640 639
648 649 656 657
648 647 646 640
649 656 657 658
649 648 647 646
650 651 659 660
650 641 632 631
651 659 660 668
651 650 641 632
652 661 669 678
652 642 633 620
653 664 663 662
653 654 655 643
654 653 664 663
654 655 643 644
655 654 653 664
655 643 644 645
656 657 658 665
656 649 648 647
657 658 665 666
657 656 649 648
658 665 666 667
658 657 656 649
659 660 668 676
659 651 650 641
660 668 676 677
660 659 651 650
661 669 678 686
661 652 642 633
662 672 671 670
662 663 664 653
663 662 672 671
663 664 653 654
664 663 662 672
664 653 654 655
665 666 667 673
665 658 657 656
666 667 673 674
666 665 658 657
667 673 674 675
667 666 665 658
668 676 677 684
668 660 659 651
669 678 686 693
669 661 652 642
670 680 679 688
670 671 672 662
671 670 680 679
671 672 662 663
672 671 670 680
672 662 663 664
673 674 675 681
673 667 666 665
674 675 681 682
674 673 667 666
675 681 682 683
675 674 673 667
676 677 684 685
676 668 660 659
677 684 685 692
677 676 668 660
678 686 693 702
678 669 661 652
679 688 687 696
679 680 670 671
680 679 688 687
680 670 671 672
681 682 683 689
681 675 674 673
682 683 689 690
682 681 675 674
683 689 690 691
683 682 681 675
684 685 692 700
684 677 676 668
685 692 700 701
685 684 677 676
686 693 702 709
686 678 669 661
687 696 695 694
687 688 679 680
688 687 696 695
688 679 680 670
689 690 691 697
689 683 682 681
690 691 697 698
690 689 683 682
691 697 698 699
691 690 689 683
692 700 701 708
692 685 684 677
693 702 709 717
693 686 678 669
694 704 703 712
694 695 696 687
695 694 704 703
695 696 687 688
696 695 694 704
696 687 688 679
697 698 699 705
697 691 690 689
698 699 705 706
698 697 691 690
699 705 706 707
699 698 697 691
700 701 708 716
700 692 685 684
701 708 716 723
701 700 692 685
702 709 717 725
702 693 686 678
703 712 711 710
703 704 694 695
704 703 712 711
704 694 695 696
705 706 707 713
705 699 698 697
706 707 713 714
706 705 699 698
707 713 714 715
707 706 705 699
708 716 723 724
708 701 700 692
709 717 725 733
709 702 693 686
710 719 718 728
710 711 712 703
711 710 719 718
711 712 703 704
712 711 710 719
712 703 704 694
713 714 715 720
713 707 706 705
714 715 720 721
714 713 707 706
715 720 721 722
715 714 713 707
716 723 724 732
716 708 701 700
717 725 733 739
717 709 702 693
718 728 727 726
718 719 710 711
719 718 728 727
719 710 711 712
720 721 722 729
720 715 714 713
721 722 729 730
721 720 715 714
722 729 730 731
722 721 720 715
723 724 732 738
723 716 708 701
724 732 738 744
724 723 716 708
725 733 739 746
725 717 709 702
726 735 734 741
726 727 728 718
727 726 735 734
727 728 718 719
728 727 726 735
728 718 719 710
729 730 731 736
729 722 721 720
730 731 736 737
730 729 722 721
731 736 737 742
731 730 729 722
732 738 744 745
732 724 723 716
733 739 746 754
733 725 717 709
734 741 740 749
734 735 726 727
735 734 741 740
735 726 727 728
736 737 742 743
736 731 730 729
737 742 743 750
737 736 731 730
738 744 745 753
738 732 724 723
739 746 754 761
739 733 725 717
740 749 748 747
740 741 734 735
741 740 749 748
741 734 735 726
742 743 750 751
742 737 736 731
743 750 751 752
743 742 737 736
744 745 753 759
744 738 732 724
745 753 759 760
745 744 738 732
746 754 761 769
746 739 733 725
747 756 755 763
747 748 749 740
748 747 756 755
748 749 740 741
749 748 747 756
749 740 741 734
750 751 752 757
750 743 742 737
751 752 757 758
751 750 743 742
752 757 758 764
752 751 750 743
753 759 760 767
753 745 744 738
754 761 769 775
754 746 739 733
755 763 762 771
755 756 747 748
756 755 763 762
756 747 748 749
757 758 764 765
757 752 751 750
758 764 765 766
758 757 752 751
759 760 767 768
759 753 745 744
760 767 768 774
760 759 753 745
761 769 775 782
761 754 746 739
762 771 770 777
762 763 755 756
763 762 771 770
763 755 756 747
764 765 766 772
764 758 757 752
765 766 772 773
765 764 758 757
766 772 773 778
766 765 764 758
767 768 774 780
767 760 759 753
768 774 780 781
768 767 760 759
769 775 782 790
769 761 754 746
770 777 776 785
770 771 762 763
771 770 777 776
771 762 763 755
772 773 778 779
772 766 765 764
773 778 779 786
773 772 766 765
774 780 781 788
774 768 767 760
775 782 790 796
775 769 761 754
776 785 784 783
776 777 770 771
777 776 785 784
777 770 771 762
778 779 786 787
778 773 772 766
779 786 787 793
779 778 773 772
780 781 788 789
780 774 768 767
781 788 789 795
781 780 774 768
782 790 796 803
782 775 769 761
783 792 791 798
783 784 785 776
784 783 792 791
784 785 776 777
785 784 783 792
785 776 777 770
786 787 793 794
786 779 778 773
787 793 794 799
787 786 779 778
788 789 795 801
788 781 780 774
789 795 801 802
789 788 781 780
790 796 803 810
790 782 775 769
791 798 797 805
791 792 783 784
792 791 798 797
792 783 784 785
793 794 799 800
793 787 786 779
794 799 800 806
794 793 787 786
795 801 802 809
795 789 788 781
796 803 810 816
796 790 782 775
797 805 804 812
797 798 791 792
798 797 805 804
798 791 792 783
799 800 806 807
799 794 793 787
800 806 807 808
800 799 794 793
801 802 809 815
801 795 789 788
802 809 815 821
802 801 795 789
803 810 816 823
803 796 790 782
804 812 811 818
804 805 797 798
805 804 812 811
805 797 798 791
806 807 808 813
806 800 799 794
807 808 813 814
807 806 800 799
808 813 814 819
808 807 806 800
809 815 821 822
809 802 801 795
810 816 823 829
810 803 796 790
811 818 817 825
811 812 804 805
812 811 818 817
812 804 805 797
813 814 819 820
813 808 807 806
814 819 820 826
814 813 808 807
815 821 822 828
815 809 802 801
816 823 829 836
816 810 803 796
817 825 824 831
817 818 811 812
818 817 825 824
818 811 812 804
819 820 826 827
819 814 813 808
820 826 827 832
820 819 814 813
821 822 828 834
821 815 809 802
822 828 834 841
822 821 815 809
823 829 836 835
823 816 810 803
824 831 830 838
824 825 817 818
825 824 831 830
825 817 818 811
826 827 832 833
826 820 819 814
827 832 833 839
827 826 820 819
828 834 841 842
828 822 821 815
829 836 835 843
829 823 816 810
830 838 837 845
830 831 824 825
831 830 838 837
831 824 825 817
832 833 839 840
832 827 826 820
833 839 840 846
833 832 827 826
834 841 842 848
834 828 822 821
835 843 850 849
835 836 829 823
836 835 843 850
836 829 823 816
837 845 844 851
837 838 830 831
838 837 845 844
838 830 831 824
839 840 846 847
839 833 832 827
840 846 847 852
840 839 833 832
841 842 848 854
841 834 828 822
842 848 854 855
842 841 834 828
843 850 849 856
843 835 836 829
844 851 858 857
844 845 837 838
845 844 851 858
845 837 838 830
846 847 852 853
846 840 839 833
847 852 853 859
847 846 840 839
848 854 855 861
848 842 841 834
849 856 864 863
849 850 843 835
850 849 856 864
850 843 835 836
851 858 857 866
851 844 845 837
852 853 859 860
852 847 846 840
853 859 860 867
853 852 847 846
854 855 861 862
854 848 842 841
855 861 862 869
855 854 848 842
856 864 863 870
856 849 850 843
857 866 865 872
857 858 851 844
858 857 866 865
858 851 844 845
859 860 867 868
859 853 852 847
860 867 868 873
860 859 853 852
861 862 869 875
861 855 854 848
862 869 875 876
862 861 855 854
863 870 878 877
863 864 856 849
864 863 870 878
864 856 849 850
865 872 871 880
865 866 857 858
866 865 872 871
866 857 858 851
867 868 873 874
867 860 859 853
868 873 874 881
868 867 860 859
869 875 876 883
869 862 861 855
870 878 877 885
870 863 864 856
871 880 879 887
871 872 865 866
872 871 880 879
872 865 866 857
873 874 881 882
873 868 867 860
874 881 882 888
874 873 868 867
875 876 883 884
875 869 862 861
876 883 884 890
876 875 869 862
877 885 892 891
877 878 870 863
878 877 885 892
878 870 863 864
879 887 886 893
879 880 871 872
880 879 887 886
880 871 872 865
881 882 888 889
881 874 873 868
882 888 889 894
882 881 874 873
883 884 890 896
883 876 875 869
884 890 896 897
884 883 876 875
885 892 891 898
885 877 878 870
886 893 900 899
886 887 879 880
887 886 893 900
887 879 880 871
888 889 894 895
888 882 881 874
889 894 895 901
889 888 882 881
890 896 897 903
890 884 883 876
891 898 906 905
891 892 885 877
892 891 898 906
892 885 877 878
893 900 899 908
893 886 887 879
894 895 901 902
894 889 888 882
895 901 902 909
895 894 889 888
896 897 903 904
896 890 884 883
897 903 904 910
897 896 890 884
898 906 905 911
898 891 892 885
899 908 907 912
899 900 893 886
900 899 908 907
900 893 886 887
901 902 909 913
901 895 894 889
902 909 913 914
902 901 895 894
903 904 910 915
903 897 896 890
904 910 915 916
904 903 897 896
905 911 918 917
905 906 898 891
906 905 911 918
906 898 891 892
907 912 919 925
907 908 899 900
908 907 912 919
908 899 900 893
909 913 914 920
909 902 901 895
910 915 916 922
910 904 903 897
911 918 917 923
911 905 906 898
912 919 925 924
912 907 908 899
913 914 920 921
913 909 902 901
914 920 921 926
914 913 909 902
915 916 922 928
915 910 904 903
916 922 928 934
916 915 910 904
917 923 930 929
917 918 911 905
918 917 923 930
918 911 905 906
919 925 924 932
919 912 907 908
920 921 926 927
920 914 913 909
921 926 927 933
921 920 914 913
922 928 934 935
922 916 915 910
923 930 929 936
923 917 918 911
924 932 931 937
924 925 919 912
925 924 932 931
925 919 912 907
926 927 933 938
926 921 920 914
927 933 938 943
927 926 921 920
928 934 935 939
928 922 916 915
929 936 940 946
929 930 923 917
930 929 936 940
930 923 917 918
931 937 942 941
931 932 924 925
932 931 937 942
932 924 925 919
933 938 943 944
933 927 926 921
934 935 939 945
934 928 922 916
935 939 945 951
935 934 928 922
936 940 946 953
936 929 930 923
937 942 941 948
937 931 932 924
938 943 944 949
938 933 927 926
939 945 951 952
939 935 934 928
940 946 953 957
940 936 929 930
941 948 947 954
941 942 937 931
942 941 948 947
942 937 931 932
943 944 949 950
943 938 933 927
944 949 950 955
944 943 938 933
945 951 952 956
945 939 935 934
946 953 957 964
946 940 936 929
947 954 959 958
947 948 941 942
948 947 954 959
948 941 942 937
949 950 955 960
949 944 943 938
950 955 960 961
950 949 944 943
951 952 956 962
951 945 939 935
952 956 962 963
952 951 945 939
953 957 964 970
953 946 940 936
954 959 958 965
954 947 948 941
955 960 961 966
955 950 949 944
956 962 963 968
956 952 951 945
957 964 970 974
957 953 946 940
958 965 971 976
958 959 954 947
959 958 965 971
959 954 947 948
960 961 966 967
960 955 950 949
961 966 967 972
961 960 955 950
962 963 968 969
962 956 952 951
963 968 969 973
963 962 956 952
964 970 974 981
964 957 953 946
965 971 976 975
965 958 959 954
966 967 972 977
966 961 960 955
967 972 977 978
967 966 961 960
968 969 973 979
968 963 962 956
969 973 979 980
969 968 963 962
970 974 981 987
970 964 957 953
971 976 975 982
971 965 958 959
972 977 978 983
972 967 966 961
973 979 980 985
973 969 968 963
974 981 987 992
974 970 964 957
975 982 989 988
975 976 971 965
976 975 982 989
976 971 965 958
977 978 983 984
977 972 967 966
978 983 984 990
978 977 972 967
979 980 985 986
979 973 969 968
980 985 986 991
980 979 973 969
981 987 992 998
981 974 970 964
982 989 988 993
982 975 976 971
983 984 990 994
983 978 977 972
984 990 994 995
984 983 978 977
985 986 991 996
985 980 979 973
986 991 996 997
986 985 980 979
987 992 998 1004
987 981 974 970
988 993 1000 999
988 989 982 975
989 988 993 1000
989 982 975 976
990 994 995 1001
990 984 983 978
991 996 997 1002
991 986 985 980
992 998 1004 1003
992 987 981 974
993 1000 999 1005
993 988 989 982
994 995 1001 1006
994 990 984 983
995 1001 1006 1007
995 994 990 984
996 997 1002 1008
996 991 986 985
997 1002 1008 1013
997 996 991 986
998 1004 1003 1009
998 992 987 981
999 1005 1011 1010
999 1000 993 988
1000 999 1005 1011
1000 993 988 989
1001 1006 1007 1012
1001 995 994 990
1002 1008 1013 1014
1002 997 996 991
1003 1009 1016 1015
1003 1004 998 992
1004 1003 1009 1016
1004 998 992 987
1005 1011 1010 1017
1005 999 1000 993
1006 1007 1012 1018
1006 1001 995 994
1007 1012 1018 1023
1007 1006 1001 995
1008 1013 1014 1019
1008 1002 997 996
1009 1016 1015 1020
1009 1003 1004 998
1010 1017 1022 1021
1010 1011 1005 999
1011 1010 1017 1022
1011 1005 999 1000
1012 1018 1023 1028
1012 1007 1006 1001
1013 1014 1019 1024
1013 1008 1002 997
1014 1019 1024 1029
1014 1013 1008 1002
1015 1020 1026 1025
1015 1016 1009 1003
1016 1015 1020 1026
1016 1009 1003 1004
1017 1022 1021 1027
1017 1010 1011 1005
1018 1023 1028 1034
1018 1012 1007 1006
1019 1024 1029 1030
1019 1014 1013 1008
1020 1026 1025 1031
1020 1015 1016 1009
1021 1027 1033 1032
1021 1022 1017 1010
1022 1021 1027 1033
1022 1017 1010 1011
1023 1028 1034 1039
1023 1018 1012 1007
1024 1029 1030 1035
1024 1019 1014 1013
1025 1031 1037 1036
1025 1026 1020 1015
1026 1025 1031 1037
1026 1020 1015 1016
1027 1033 1032 1038
1027 1021 1022 1017
1028 1034 1039 1043
1028 1023 1018 1012
1029 1030 1035 1040
1029 1024 1019 1014
1030 1035 1040 1044
1030 1029 1024 1019
1031 1037 1036 1041
1031 1025 1026 1020
1032 1038 1042 1048
1032 1033 1027 1021
1033 1032 1038 1042
1033 1027 1021 1022
1034 1039 1043 1049
1034 1028 1023 1018
1035 1040 1044 1045
1035 1030 1029 1024
1036 1041 1047 1046
1036 1037 1031 1025
1037 1036 1041 1047
1037 1031 1025 1026
1038 1042 1048 1052
1038 1032 1033 1027
1039 1043 1049 1053
1039 1034 1028 1023
1040 1044 1045 1050
1040 1035 1030 1029
1041 1047 1046 1051
1041 1036 1037 1031
1042 1048 1052 1058
1042 1038 1032 1033
1043 1049 1053 1059
1043 1039 1034 1028
1044 1045 1050 1054
1044 1040 1035 1030
1045 1050 1054 1055
1045 1044 1040 1035
1046 1051 1056 1063
1046 1047 1041 1036
1047 1046 1051 1056
1047 1041 1036 1037
1048 1052 1058 1057
1048 1042 1038 1032
1049 1053 1059 1060
1049 1043 1039 1034
1050 1054 1055 1061
1050 1045 1044 1040
1051 1056 1063 1067
1051 1046 1047 1041
1052 1058 1057 1064
1052 1048 1042 1038
1053 1059 1060 1065
1053 1049 1043 1039
1054 1055 1061 1062
1054 1050 1045 1044
1055 1061 1062 1066
1055 1054 1050 1045
1056 1063 1067 1072
1056 1051 1046 1047
1057 1064 1068 1073
1057 1058 1052 1048
1058 1057 1064 1068
1058 1052 1048 1042
1059 1060 1065 1069
1059 1053 1049 1043
1060 1065 1069 1074
1060 1059 1053 1049
1061 1062 1066 1070
1061 1055 1054 1050
1062 1066 1070 1071
1062 1061 1055 1054
1063 1067 1072 1076
1063 1056 1051 1046
1064 1068 1073 1077
1064 1057 1058 1052
1065 1069 1074 1078
1065 1060 1059 1053
1066 1070 1071 1075
1066 1062 1061 1055
1067 1072 1076 1080
1067 1063 1056 1051
1068 1073 1077 1082
1068 1064 1057 1058
1069 1074 1078 1083
1069 1065 1060 1059
1070 1071 1075 1079
1070 1066 1062 1061
1071 1075 1079 1085
1071 1070 1066 1062
1072 1076 1080 1087
1072 1067 1063 1056
1073 1077 1082 1081
1073 1068 1064 1057
1074 1078 1083 1084
1074 1069 1065 1060
1075 1079 1085 1086
1075 1071 1070 1066
1076 1080 1087 1092
1076 1072 1067 1063
1077 1082 1081 1088
1077 1073 1068 1064
1078 1083 1084 1089
1078 1074 1069 1065
1079 1085 1086 1090
1079 1075 1071 1070
1080 1087 1092 1091
1080 1076 1072 1067
1081 1088 1093 1097
1081 1082 1077 1073
1082 1081 1088 1093
1082 1077 1073 1068
1083 1084 1089 1094
1083 1078 1074 1069
1084 1089 1094 1098
1084 1083 1078 1074
1085 1086 1090 1095
1085 1079 1075 1071
1086 1090 1095 1099
1086 1085 1079 1075
1087 1092 1091 1096
1087 1080 1076 1072
1088 1093 1097 1103
1088 1081 1082 1077
1089 1094 1098 1104
1089 1084 1083 1078
1090 1095 1099 1100
1090 1086 1085 1079
1091 1096 1102 1101
1091 1092 1087 1080
1092 1091 1096 1102
1092 1087 1080 1076
1093 1097 1103 1107
1093 1088 1081 1082
1094 1098 1104 1108
1094 1089 1084 1083
1095 1099 1100 1105
1095 1090 1086 1085
1096 1102 1101 1106
1096 1091 1092 1087
1097 1103 1107 1112
1097 1093 1088 1081
1098 1104 1108 1113
1098 1094 1089 1084
1099 1100 1105 1109
1099 1095 1090 1086
1100 1105 1109 1114
1100 1099 1095 1090
1101 1106 1111 1110
1101 1102 1096 1091
1102 1101 1106 1111
1102 1096 1091 1092
1103 1107 1112 1117
1103 1097 1093 1088
1104 1108 1113 1118
1104 1098 1094 1089
1105 1109 1114 1115
1105 1100 1099 1095
1106 1111 1110 1116
1106 1101 1102 1096
1107 1112 1117 1122
1107 1103 1097 1093
1108 1113 1118 1123
1108 1104 1098 1094
1109 1114 1115 1119
1109 1105 1100 1099
1110 1116 1121 1120
1110 1111 1106 1101
1111 1110 1116 1121
1111 1106 1101 1102
1112 1117 1122 1127
1112 1107 1103 1097
1113 1118 1123 1128
1113 1108 1104 1098
1114 1115 1119 1124
1114 1109 1105 1100
1115 1119 1124 1125
1115 1114 1109 1105
1116 1121 1120 1126
1116 1110 1111 1106
1117 1122 1127 1132
1117 1112 1107 1103
1118 1123 1128 1133
1118 1113 1108 1104
1119 1124 1125 1129
1119 1115 1114 1109
1120 1126 1131 1135
1120 1121 1116 1110
1121 1120 1126 1131
1121 1116 1110 1111
1122 1127 1132 1136
1122 1117 1112 1107
1123 1128 1133 1137
1123 1118 1113 1108
1124 1125 1129 1130
1124 1119 1115 1114
1125 1129 1130 1134
1125 1124 1119 1115
1126 1131 1135 1140
1126 1120 1121 1116
1127 1132 1136 1141
1127 1122 1117 1112
1128 1133 1137 1142
1128 1123 1118 1113
1129 1130 1134 1138
1129 1125 1124 1119
1130 1134 1138 1139
1130 1129 1125 1124
1131 1135 1140 1145
1131 1126 1120 1121
1132 1136 1141 1146
1132 1127 1122 1117
1133 1137 1142 1147
1133 1128 1123 1118
1134 1138 1139 1143
1134 1130 1129 1125
1135 1140 1145 1149
1135 1131 1126 1120
1136 1141 1146 1150
1136 1132 1127 1122
1137 1142 1147 1151
1137 1133 1128 1123
1138 1139 1143 1144
1138 1134 1130 1129
1139 1143 1144 1148
1139 1138 1134 1130
1140 1145 1149 1154
1140 1135 1131 1126
1141 1146 1150 1155
1141 1136 1132 1127
1142 1147 1151 1156
1142 1137 1133 1128
1143 1144 1148 1152
1143 1139 1138 1134
1144 1148 1152 1153
1144 1143 1139 1138
1145 1149 1154 1158
1145 1140 1135 1131
1146 1150 1155 1159
1146 1141 1136 1132
1147 1151 1156 1160
1147 1142 1137 1133
1148 1152 1153 1157
1148 1144 1143 1139
1149 1154 1158 1163
1149 1145 1140 1135
1150 1155 1159 1164
1150 1146 1141 1136
1151 1156 1160 1165
1151 1147 1142 1137
1152 1153 1157 1161
1152 1148 1144 1143
1153 1157 1161 1166
1153 1152 1148 1144
1154 1158 1163 1162
1154 1149 1145 1140
1155 1159 1164 1169
1155 1150 1146 1141
1156 1160 1165 1170
1156 1151 1147 1142
1157 1161 1166 1167
1157 1153 1152 1148
1158 1163 1162 1168
1158 1154 1149 1145
1159 1164 1169 1174
1159 1155 1150 1146
1160 1165 1170 1175
1160 1156 1151 1147
1161 1166 1167 1171
1161 1157 1153 1152
1162 1168 1173 1172
1162 1163 1158 1154
1163 1162 1168 1173
1163 1158 1154 1149
1164 1169 1174 1179
1164 1159 1155 1150
1165 1170 1175 1180
1165 1160 1156 1151
1166 1167 1171 1176
1166 1161 1157 1153
1167 1171 1176 1181
1167 1166 1161 1157
1168 1173 1172 1177
1168 1162 1163 1158
1169 1174 1179 1178
1169 1164 1159 1155
1170 1175 1180 1186
1170 1165 1160 1156
1171 1176 1181 1182
1171 1167 1166 1161
1172 1177 1184 1183
1172 1173 1168 1162
1173 1172 1177 1184
1173 1168 1162 1163
1174 1179 1178 1185
1174 1169 1164 1159
1175 1180 1186 1190
1175 1170 1165 1160
1176 1181 1182 1187
1176 1171 1167 1166
1177 1184 1183 1188
1177 1172 1173 1168
1178 1185 1189 1193
1178 1179 1174 1169
1179 1178 1185 1189
1179 1174 1169 1164
1180 1186 1190 1194
1180 1175 1170 1165
1181 1182 1187 1191
1181 1176 1171 1167
1182 1187 1191 1196
1182 1181 1176 1171
1183 1188 1192 1197
1183 1184 1177 1172
1184 1183 1188 1192
1184 1177 1172 1173
1185 1189 1193 1198
1185 1178 1179 1174
1186 1190 1194 1195
1186 1180 1175 1170
1187 1191 1196 1200
1187 1182 1181 1176
1188 1192 1197 1201
1188 1183 1184 1177
1189 1193 1198 1202
1189 1185 1178 1179
1190 1194 1195 1199
1190 1186 1180 1175
1191 1196 1200 1204
1191 1187 1182 1181
1192 1197 1201 1205
1192 1188 1183 1184
1193 1198 1202 1206
1193 1189 1185 1178
1194 1195 1199 1203
1194 1190 1186 1180
1195 1199 1203 1207
1195 1194 1190 1186
1196 1200 1204 1209
1196 1191 1187 1182
1197 1201 1205 1210
1197 1192 1188 1183
1198 1202 1206 1211
1198 1193 1189 1185
1199 1203 1207 1212
1199 1195 1194 1190
1200 1204 1209 1208
1200 1196 1191 1187
1201 1205 1210 1215
1201 1197 1192 1188
1202 1206 1211 1216
1202 1198 1193 1189
1203 1207 1212 1217
1203 1199 1195 1194
1204 1209 1208 1213
1204 1200 1196 1191
1205 1210 1215 1214
1205 1201 1197 1192
1206 1211 1216 1221
1206 1202 1198 1193
1207 1212 1217 1222
1207 1203 1199 1195
1208 1213 1219 1218
1208 1209 1204 1200
1209 1208 1213 1219
1209 1204 1200 1196
1210 1215 1214 1220
1210 1205 1201 1197
1211 1216 1221 1226
1211 1206 1202 1198
1212 1217 1222 1227
1212 1207 1203 1199
1213 1219 1218 1223
1213 1208 1209 1204
1214 1220 1225 1224
1214 1215 1210 1205
1215 1214 1220 1225
1215 1210 1205 1201
1216 1221 1226 1230
1216 1211 1206 1202
1217 1222 1227 1231
1217 1212 1207 1203
1218 1223 1228 1232
1218 1219 1213 1208
1219 1218 1223 1228
1219 1213 1208 1209
1220 1225 1224 1229
1220 1214 1215 1210
1221 1226 1230 1235
1221 1216 1211 1206
1222 1227 1231 1236
1222 1217 1212 1207
1223 1228 1232 1237
1223 1218 1219 1213
1224 1229 1234 1233
1224 1225 1220 1214
1225 1224 1229 1234
1225 1220 1214 1215
1226 1230 1235 1239
1226 1221 1216 1211
1227 1231 1236 1240
1227 1222 1217 1212
1228 1232 1237 1241
1228 1223 1218 1219
1229 1234 1233 1238
1229 1224 1225 1220
1230 1235 1239 1243
1230 1226 1221 1216
1231 1236 1240 1244
1231 1227 1222 1217
1232 1237 1241 1245
1232 1228 1223 1218
1233 1238 1242 1246
1233 1234 1229 1224
1234 1233 1238 1242
1234 1229 1224 1225
1235 1239 1243 1247
1235 1230 1226 1221
1236 1240 1244 1248
1236 1231 1227 1222
1237 1241 1245 1249
1237 1232 1228 1223
1238 1242 1246 1250
1238 1233 1234 1229
1239 1243 1247 1251
1239 1235 1230 1226
1240 1244 1248 1252
1240 1236 1231 1227
1241 1245 1249 1253
1241 1237 1232 1228
1242 1246 1250 1254
1242 1238 1233 1234
1243 1247 1251 1255
1243 1239 1235 1230
1244 1248 1252 1256
1244 1240 1236 1231
1245 1249 1253 1257
1245 1241 1237 1232
1246 1250 1254 1258
1246 1242 1238 1233
1247 1251 1255 1259
1247 1243 1239 1235
1248 1252 1256 1260
1248 1244 1240 1236
1249 1253 1257 1261
1249 1245 1241 1237
1250 1254 1258 1262
1250 1246 1242 1238
1251 1255 1259 1263
1251 1247 1243 1239
1252 1256 1260 1264
1252 1248 1244 1240
1253 1257 1261 1266
1253 1249 1245 1241
1254 1258 1262 1267
1254 1250 1246 1242
1255 1259 1263 1268
1255 1251 1247 1243
1256 1260 1264 1269
1256 1252 1248 1244
1257 1261 1266 1265
1257 1253 1249 1245
1258 1262 1267 1272
1258 1254 1250 1246
1259 1263 1268 1273
1259 1255 1251 1247
1260 1264 1269 1274
1260 1256 1252 1248
1261 1266 1265 1270
1261 1257 1253 1249
1262 1267 1272 1271
1262 1258 1254 1250
1263 1268 1273 1278
1263 1259 1255 1251
1264 1269 1274 1279
1264 1260 1256 1252
1265 1270 1276 1275
1265 1266 1261 1257
1266 1265 1270 1276
1266 1261 1257 1253
1267 1272 1271 1277
1267 1262 1258 1254
1268 1273 1278 1283
1268 1263 1259 1255
1269 1274 1279 1284
1269 1264 1260 1256
1270 1276 1275 1280
1270 1265 1266 1261
1271 1277 1282 1281
1271 1272 1267 1262
1272 1271 1277 1282
1272 1267 1262 1258
1273 1278 1283 1288
1273 1268 1263 1259
1274 1279 1284 1289
1274 1269 1264 1260
1275 1280 1286 1285
1275 1276 1270 1265
1276 1275 1280 1286
1276 1270 1265 1266
1277 1282 1281 1287
1277 1271 1272 1267
1278 1283 1288 1292
1278 1273 1268 1263
1279 1284 1289 1293
1279 1274 1269 1264
1280 1286 1285 1290
1280 1275 1276 1270
1281 1287 1291 1296
1281 1282 1277 1271
1282 1281 1287 1291
1282 1277 1271 1272
1283 1288 1292 1297
1283 1278 1273 1268
1284 1289 1293 1298
1284 1279 1274 1269
1285 1290 1295 1294
1285 1286 1280 1275
1286 1285 1290 1295
1286 1280 1275 1276
1287 1291 1296 1300
1287 1281 1282 1277
1288 1292 1297 1301
1288 1283 1278 1273
1289 1293 1298 1302
1289 1284 1279 1274
1290 1295 1294 1299
1290 1285 1286 1280
1291 1296 1300 1304
1291 1287 1281 1282
1292 1297 1301 1305
1292 1288 1283 1278
1293 1298 1302 1306
1293 1289 1284 1279
1294 1299 1303 1307
1294 1295 1290 1285
1295 1294 1299 1303
1295 1290 1285 1286
1296 1300 1304 1308
1296 1291 1287 1281
1297 1301 1305 1309
1297 1292 1288 1283
1298 1302 1306 1310
1298 1293 1289 1284
1299 1303 1307 1311
1299 1294 1295 1290
1300 1304 1308 1313
1300 1296 1291 1287
1301 1305 1309 1314
1301 1297 1292 1288
1302 1306 1310 1315
1302 1298 1293 1289
1303 1307 1311 1316
1303 1299 1294 1295
1304 1308 1313 1312
1304 1300 1296 1291
1305 1309 1314 1318
1305 1301 1297 1292
1306 1310 1315 1319
1306 1302 1298 1293
1307 1311 1316 1320
1307 1303 1299 1294
1308 1313 1312 1317
1308 1304 1300 1296
1309 1314 1318 1323
1309 1305 1301 1297
1310 1315 1319 1324
1310 1306 1302 1298
1311 1316 1320 1325
1311 1307 1303 1299
1312 1317 1322 1321
1312 1313 1308 1304
1313 1312 1317 1322
1313 1308 1304 1300
1314 1318 1323 1327
1314 1309 1305 1301
1315 1319 1324 1328
1315 1310 1306 1302
1316 1320 1325 1329
1316 1311 1307 1303
1317 1322 1321 1326
1317 1312 1313 1308
1318 1323 1327 1331
1318 1314 1309 1305
1319 1324 1328 1332
1319 1315 1310 1306
1320 1325 1329 1333
1320 1316 1311 1307
1321 1326 1330 1334
1321 1322 1317 1312
1322 1321 1326 1330
1322 1317 1312 1313
1323 1327 1331 1335
1323 1318 1314 1309
1324 1328 1332 1336
1324 1319 1315 1310
1325 1329 1333 1337
1325 1320 1316 1311
1326 1330 1334 1338
1326 1321 1322 1317
1327 1331 1335 1339
1327 1323 1318 1314
1328 1332 1336 1340
1328 1324 1319 1315
1329 1333 1337 1342
1329 1325 1320 1316
1330 1334 1338 1343
1330 1326 1321 1322
1331 1335 1339 1344
1331 1327 1323 1318
1332 1336 1340 1346
1332 1328 1324 1319
1333 1337 1342 1341
1333 1329 1325 1320
1334 1338 1343 1348
1334 1330 1326 1321
1335 1339 1344 1349
1335 1331 1327 1323
1336 1340 1346 1345
1336 1332 1328 1324
1337 1342 1341 1347
1337 1333 1329 1325
1338 1343 1348 1353
1338 1334 1330 1326
1339 1344 1349 1355
1339 1335 1331 1327
1340 1346 1345 1350
1340 1336 1332 1328
1341 1347 1352 1351
1341 1342 1337 1333
1342 1341 1347 1352
1342 1337 1333 1329
1343 1348 1353 1354
1343 1338 1334 1330
1344 1349 1355 1359
1344 1339 1335 1331
1345 1350 1356 1361
1345 1346 1340 1336
1346 1345 1350 1356
1346 1340 1336 1332
1347 1352 1351 1357
1347 1341 1342 1337
1348 1353 1354 1358
1348 1343 1338 1334
1349 1355 1359 1360
1349 1344 1339 1335
1350 1356 1361 1367
1350 1345 1346 1340
1351 1357 1363 1362
1351 1352 1347 1341
1352 1351 1357 1363
1352 1347 1341 1342
1353 1354 1358 1364
1353 1348 1343 1338
1354 1358 1364 1365
1354 1353 1348 1343
1355 1359 1360 1366
1355 1349 1344 1339
1356 1361 1367 1371
1356 1350 1345 1346
1357 1363 1362 1368
1357 1351 1352 1347
1358 1364 1365 1369
1358 1354 1353 1348
1359 1360 1366 1370
1359 1355 1349 1344
1360 1366 1370 1375
1360 1359 1355 1349
1361 1367 1371 1376
1361 1356 1350 1345
1362 1368 1373 1372
1362 1363 1357 1351
1363 1362 1368 1373
1363 1357 1351 1352
1364 1365 1369 1374
1364 1358 1354 1353
1365 1369 1374 1378
1365 1364 1358 1354
1366 1370 1375 1380
1366 1360 1359 1355
1367 1371 1376 1381
1367 1361 1356 1350
1368 1373 1372 1377
1368 1362 1363 1357
1369 1374 1378 1379
1369 1365 1364 1358
1370 1375 1380 1384
1370 1366 1360 1359
1371 1376 1381 1385
1371 1367 1361 1356
1372 1377 1382 1386
1372 1373 1368 1362
1373 1372 1377 1382
1373 1368 1362 1363
1374 1378 1379 1383
1374 1369 1365 1364
1375 1380 1384 1389
1375 1370 1366 1360
1376 1381 1385 1390
1376 1371 1367 1361
1377 1382 1386 1391
1377 1372 1373 1368
1378 1379 1383 1387
1378 1374 1369 1365
1379 1383 1387 1388
1379 1378 1374 1369
1380 1384 1389 1394
1380 1375 1370 1366
1381 1385 1390 1395
1381 1376 1371 1367
1382 1386 1391 1396
1382 1377 1372 1373
1383 1387 1388 1392
1383 1379 1378 1374
1384 1389 1394 1398
1384 1380 1375 1370
1385 1390 1395 1399
1385 1381 1376 1371
1386 1391 1396 1400
1386 1382 1377 1372
1387 1388 1392 1393
1387 1383 1379 1378
1388 1392 1393 1397
1388 1387 1383 1379
1389 1394 1398 1403
1389 1384 1380 1375
1390 1395 1399 1404
1390 1385 1381 1376
1391 1396 1400 1405
1391 1386 1382 1377
1392 1393 1397 1401
1392 1388 1387 1383
1393 1397 1401 1402
1393 1392 1388 1387
1394 1398 1403 1407
1394 1389 1384 1380
1395 1399 1404 1408
1395 1390 1385 1381
1396 1400 1405 1409
1396 1391 1386 1382
1397 1401 1402 1406
1397 1393 1392 1388
1398 1403 1407 1411
1398 1394 1389 1384
1399 1404 1408 1412
1399 1395 1390 1385
1400 1405 1409 1413
1400 1396 1391 1386
1401 1402 1406 1410
1401 1397 1393 1392
1402 1406 1410 1414
1402 1401 1397 1393
1403 1407 1411 1416
1403 1398 1394 1389
1404 1408 1412 1417
1404 1399 1395 1390
1405 1409 1413 1418
1405 1400 1396 1391
1406 1410 1414 1415
1406 1402 1401 1397
1407 1411 1416 1420
1407 1403 1398 1394
1408 1412 1417 1421
1408 1404 1399 1395
1409 1413 1418 1423
1409 1405 1400 1396
1410 1414 1415 1419
1410 1406 1402 1401
1411 1416 1420 1425
1411 1407 1403 1398
1412 1417 1421 1426
1412 1408 1404 1399
1413 1418 1423 1422
1413 1409 1405 1400
1414 1415 1419 1424
1414 1410 1406 1402
1415 1419 1424 1428
1415 1414 1410 1406
1416 1420 1425 1430
1416 1411 1407 1403
1417 1421 1426 1431
1417 1412 1408 1404
1418 1423 1422 1427
1418 1413 1409 1405
1419 1424 1428 1429
1419 1415 1414 1410
1420 1425 1430 1435
1420 1416 1411 1407
1421 1426 1431 1436
1421 1417 1412 1408
1422 1427 1433 1432
1422 1423 1418 1413
1423 1422 1427 1433
1423 1418 1413 1409
1424 1428 1429 1434
1424 1419 1415 1414
1425 1430 1435 1440
1425 1420 1416 1411
1426 1431 1436 1441
1426 1421 1417 1412
1427 1433 1432 1437
1427 1422 1423 1418
1428 1429 1434 1438
1428 1424 1419 1415
1429 1434 1438 1439
1429 1428 1424 1419
1430 1435 1440 1446
1430 1425 1420 1416
1431 1436 1441 1447
1431 1426 1421 1417
1432 1437 1443 1442
1432 1433 1427 1422
1433 1432 1437 1443
1433 1427 1422 1423
1434 1438 1439 1444
1434 1429 1428 1424
1435 1440 1446 1450
1435 1430 1425 1420
1436 1441 1447 1451
1436 1431 1426 1421
1437 1443 1442 1448
1437 1432 1433 1427
1438 1439 1444 1445
1438 1434 1429 1428
1439 1444 1445 1449
1439 1438 1434 1429
1440 1446 1450 1456
1440 1435 1430 1425
1441 1447 1451 1459
1441 1436 1431 1426
1442 1448 1453 1452
1442 1443 1437 1432
1443 1442 1448 1453
1443 1437 1432 1433
1444 1445 1449 1454
1444 1439 1438 1434
1445 1449 1454 1455
1445 1444 1439 1438
1446 1450 1456 1457
1446 1440 1435 1430
1447 1451 1459 1458
1447 1441 1436 1431
1448 1453 1452 1460
1448 1442 1443 1437
1449 1454 1455 1461
1449 1445 1444 1439
1450 1456 1457 1463
1450 1446 1440 1435
1451 1459 1458 1464
1451 1447 1441 1436
1452 1460 1465 1469
1452 1453 1448 1442
1453 1452 1460 1465
1453 1448 1442 1443
1454 1455 1461 1462
1454 1449 1445 1444
1455 1461 1462 1466
1455 1454 1449 1445
1456 1457 1463 1467
1456 1450 1446 1440
1457 1463 1467 1472
1457 1456 1450 1446
1458 1464 1468 1473
1458 1459 1451 1447
1459 1458 1464 1468
1459 1451 1447 1441
1460 1465 1469 1474
1460 1452 1453 1448
1461 1462 1466 1470
1461 1455 1454 1449
1462 1466 1470 1471
1462 1461 1455 1454
1463 1467 1472 1476
1463 1457 1456 1450
1464 1468 1473 1477
1464 1458 1459 1451
1465 1469 1474 1478
1465 1460 1452 1453
1466 1470 1471 1475
1466 1462 1461 1455
1467 1472 1476 1480
1467 1463 1457 1456
1468 1473 1477 1483
1468 1464 1458 1459
1469 1474 1478 1484
1469 1465 1460 1452
1470 1471 1475 1479
1470 1466 1462 1461
1471 1475 1479 1485
1471 1470 1466 1462
1472 1476 1480 1481
1472 1467 1463 1457
1473 1477 1483 1482
1473 1468 1464 1458
1474 1478 1484 1489
1474 1469 1465 1460
1475 1479 1485 1486
1475 1471 1470 1466
1476 1480 1481 1487
1476 1472 1467 1463
1477 1483 1482 1488
1477 1473 1468 1464
1478 1484 1489 1493
1478 1474 1469 1465
1479 1485 1486 1490
1479 1475 1471 1470
1480 1481 1487 1491
1480 1476 1472 1467
1481 1487 1491 1495
1481 1480 1476 1472
1482 1488 1492 1496
1482 1483 1477 1473
1483 1482 1488 1492
1483 1477 1473 1468
1484 1489 1493 1497
1484 1478 1474 1469
1485 1486 1490 1494
1485 1479 1475 1471
1486 1490 1494 1498
1486 1485 1479 1475
1487 1491 1495 1500
1487 1481 1480 1476
1488 1492 1496 1501
1488 1482 1483 1477
1489 1493 1497 1502
1489 1484 1478 1474
1490 1494 1498 1499
1490 1486 1485 1479
1491 1495 1500 1504
1491 1487 1481 1480
1492 1496 1501 1506
1492 1488 1482 1483
1493 1497 1502 1508
1493 1489 1484 1478
1494 1498 1499 1503
1494 1490 1486 1485
1495 1500 1504 1505
1495 1491 1487 1481
1496 1501 1506 1512
1496 1492 1488 1482
1497 1502 1508 1507
1497 1493 1489 1484
1498 1499 1503 1509
1498 1494 1490 1486
1499 1503 1509 1510
1499 1498 1494 1490
1500 1504 1505 1511
1500 1495 1491 1487
1501 1506 1512 1518
1501 1496 1492 1488
1502 1508 1507 1513
1502 1497 1493 1489
1503 1509 1510 1514
1503 1499 1498 1494
1504 1505 1511 1516
1504 1500 1495 1491
1505 1511 1516 1517
1505 1504 1500 1495
1506 1512 1518 1523
1506 1501 1496 1492
1507 1513 1520 1519
1507 1508 1502 1497
1508 1507 1513 1520
1508 1502 1497 1493
1509 1510 1514 1515
1509 1503 1499 1498
1510 1514 1515 1521
1510 1509 1503 1499
1511 1516 1517 1522
1511 1505 1504 1500
1512 1518 1523 1529
1512 1506 1501 1496
1513 1520 1519 1524
1513 1507 1508 1502
1514 1515 1521 1525
1514 1510 1509 1503
1515 1521 1525 1526
1515 1514 1510 1509
1516 1517 1522 1527
1516 1511 1505 1504
1517 1522 1527 1528
1517 1516 1511 1505
1518 1523 1529 1536
1518 1512 1506 1501
1519 1524 1531 1530
1519 1520 1513 1507
1520 1519 1524 1531
1520 1513 1507 1508
1521 1525 1526 1532
1521 1515 1514 1510
1522 1527 1528 1534
1522 1517 1516 1511
1523 1529 1536 1535
1523 1518 1512 1506
1524 1531 1530 1537
1524 1519 1520 1513
1525 1526 1532 1533
1525 1521 1515 1514
1526 1532 1533 1538
1526 1525 1521 1515
1527 1528 1534 1539
1527 1522 1517 1516
1528 1534 1539 1540
1528 1527 1522 1517
1529 1536 1535 1541
1529 1523 1518 1512
1530 1537 1543 1542
1530 1531 1524 1519
1531 1530 1537 1543
1531 1524 1519 1520
1532 1533 1538 1544
1532 1526 1525 1521
1533 1538 1544 1545
1533 1532 1526 1525
1534 1539 1540 1546
1534 1528 1527 1522
1535 1541 1548 1547
1535 1536 1529 1523
1536 1535 1541 1548
1536 1529 1523 1518
1537 1543 1542 1549
1537 1530 1531 1524
1538 1544 1545 1550
1538 1533 1532 1526
1539 1540 1546 1551
1539 1534 1528 1527
1540 1546 1551 1552
1540 1539 1534 1528
1541 1548 1547 1553
1541 1535 1536 1529
1542 1549 1555 1554
1542 1543 1537 1530
1543 1542 1549 1555
1543 1537 1530 1531
1544 1545 1550 1556
1544 1538 1533 1532
1545 1550 1556 1561
1545 1544 1538 1533
1546 1551 1552 1557
1546 1540 1539 1534
1547 1553 1559 1558
1547 1548 1541 1535
1548 1547 1553 1559
1548 1541 1535 1536
1549 1555 1554 1560
1549 1542 1543 1537
1550 1556 1561 1562
1550 1545 1544 1538
1551 1552 1557 1563
1551 1546 1540 1539
1552 1557 1563 1564
1552 1551 1546 1540
1553 1559 1558 1566
1553 1547 1548 1541
1554 1560 1567 1571
1554 1555 1549 1542
1555 1554 1560 1567
1555 1549 1542 1543
1556 1561 1562 1568
1556 1550 1545 1544
1557 1563 1564 1569
1557 1552 1551 1546
1558 1566 1565 1570
1558 1559 1553 1547
1559 1558 1566 1565
1559 1553 1547 1548
1560 1567 1571 1576
1560 1554 1555 1549
1561 1562 1568 1572
1561 1556 1550 1545
1562 1568 1572 1577
1562 1561 1556 1550
1563 1564 1569 1573
1563 1557 1552 1551
1564 1569 1573 1579
1564 1563 1557 1552
1565 1570 1575 1574
1565 1566 1558 1559
1566 1565 1570 1575
1566 1558 1559 1553
1567 1571 1576 1583
1567 1560 1554 1555
1568 1572 1577 1578
1568 1562 1561 1556
1569 1573 1579 1580
1569 1564 1563 1557
1570 1575 1574 1582
1570 1565 1566 1558
1571 1576 1583 1587
1571 1567 1560 1554
1572 1577 1578 1584
1572 1568 1562 1561
1573 1579 1580 1585
1573 1569 1564 1563
1574 1582 1581 1586
1574 1575 1570 1565
1575 1574 1582 1581
1575 1570 1565 1566
1576 1583 1587 1593
1576 1571 1567 1560
1577 1578 1584 1588
1577 1572 1568 1562
1578 1584 1588 1594
1578 1577 1572 1568
1579 1580 1585 1589
1579 1573 1569 1564
1580 1585 1589 1590
1580 1579 1573 1569
1581 1586 1592 1591
1581 1582 1574 1575
1582 1581 1586 1592
1582 1574 1575 1570
1583 1587 1593 1600
1583 1576 1571 1567
1584 1588 1594 1595
1584 1578 1577 1572
1585 1589 1590 1596
1585 1580 1579 1573
1586 1592 1591 1599
1586 1581 1582 1574
1587 1593 1600 1605
1587 1583 1576 1571
1588 1594 1595 1601
1588 1584 1578 1577
1589 1590 1596 1597
1589 1585 1580 1579
1590 1596 1597 1602
1590 1589 1585 1580
1591 1599 1598 1603
1591 1592 1586 1581
1592 1591 1599 1598
1592 1586 1581 1582
1593 1600 1605 1604
1593 1587 1583 1576
1594 1595 1601 1606
1594 1588 1584 1578
1595 1601 1606 1607
1595 1594 1588 1584
1596 1597 1602 1608
1596 1590 1589 1585
1597 1602 1608 1609
1597 1596 1590 1589
1598 1603 1610 1617
1598 1599 1591 1592
1599 1598 1603 1610
1599 1591 1592 1586
1600 1605 1604 1611
1600 1593 1587 1583
1601 1606 1607 1612
1601 1595 1594 1588
1602 1608 1609 1614
1602 1597 1596 1590
1603 1610 1617 1616
1603 1598 1599 1591
1604 1611 1619 1618
1604 1605 1600 1593
1605 1604 1611 1619
1605 1600 1593 1587
1606 1607 1612 1613
1606 1601 1595 1594
1607 1612 1613 1620
1607 1606 1601 1595
1608 1609 1614 1615
1608 1602 1597 1596
1609 1614 1615 1621
1609 1608 1602 1597
1610 1617 1616 1623
1610 1603 1598 1599
1611 1619 1618 1624
1611 1604 1605 1600
1612 1613 1620 1625
1612 1607 1606 1601
1613 1620 1625 1626
1613 1612 1607 1606
1614 1615 1621 1627
1614 1609 1608 1602
1615 1621 1627 1628
1615 1614 1609 1608
1616 1623 1622 1630
1616 1617 1610 1603
1617 1616 1623 1622
1617 1610 1603 1598
1618 1624 1632 1631
1618 1619 1611 1604
1619 1618 1624 1632
1619 1611 1604 1605
1620 1625 1626 1633
1620 1613 1612 1607
1621 1627 1628 1635
1621 1615 1614 1609
1622 1630 1629 1637
1622 1623 1616 1617
1623 1622 1630 1629
1623 1616 1617 1610
1624 1632 1631 1638
1624 1618 1619 1611
1625 1626 1633 1634
1625 1620 1613 1612
1626 1633 1634 1639
1626 1625 1620 1613
1627 1628 1635 1636
1627 1621 1615 1614
1628 1635 1636 1640
1628 1627 1621 1615
1629 1637 1643 1642
1629 1630 1622 1623
1630 1629 1637 1643
1630 1622 1623 1616
1631 1638 1645 1644
1631 1632 1624 1618
1632 1631 1638 1645
1632 1624 1618 1619
1633 1634 1639 1646
1633 1626 1625 1620
1634 1639 1646 1647
1634 1633 1626 1625
1635 1636 1640 1641
1635 1628 1627 1621
1636 1640 1641 1648
1636 1635 1628 1627
1637 1643 1642 1650
1637 1629 1630 1622
1638 1645 1644 1651
1638 1631 1632 1624
1639 1646 1647 1652
1639 1634 1633 1626
1640 1641 1648 1654
1640 1636 1635 1628
1641 1648 1654 1655
1641 1640 1636 1635
1642 1650 1649 1657
1642 1643 1637 1629
1643 1642 1650 1649
1643 1637 1629 1630
1644 1651 1659 1658
1644 1645 1638 1631
1645 1644 1651 1659
1645 1638 1631 1632
1646 1647 1652 1653
1646 1639 1634 1633
1647 1652 1653 1660
1647 1646 1639 1634
1648 1654 1655 1661
1648 1641 1640 1636
1649 1657 1656 1664
1649 1650 1642 1643
1650 1649 1657 1656
1650 1642 1643 1637
1651 1659 1658 1665
1651 1644 1645 1638
1652 1653 1660 1666
1652 1647 1646 1639
1653 1660 1666 1667
1653 1652 1647 1646
1654 1655 1661 1662
1654 1648 1641 1640
1655 1661 1662 1668
1655 1654 1648 1641
1656 1664 1663 1671
1656 1657 1649 1650
1657 1656 1664 1663
1657 1649 1650 1642
1658 1665 1672 1679
1658 1659 1651 1644
1659 1658 1665 1672
1659 1651 1644 1645
1660 1666 1667 1673
1660 1653 1652 1647
1661 1662 1668 1669
1661 1655 1654 1648
1662 1668 1669 1675
1662 1661 1655 1654
1663 1671 1670 1678
1663 1664 1656 1657
1664 1663 1671 1670
1664 1656 1657 1649
1665 1672 1679 1685
1665 1658 1659 1651
1666 1667 1673 1674
1666 1660 1653 1652
1667 1673 1674 1680
1667 1666 1660 1653
1668 1669 1675 1676
1668 1662 1661 1655
1669 1675 1676 1681
1669 1668 1662 1661
1670 1678 1677 1684
1670 1671 1663 1664
1671 1670 1678 1677
1671 1663 1664 1656
1672 1679 1685 1691
1672 1665 1658 1659
1673 1674 1680 1686
1673 1667 1666 1660
1674 1680 1686 1687
1674 1673 1667 1666
1675 1676 1681 1682
1675 1669 1668 1662
1676 1681 1682 1688
1676 1675 1669 1668
1677 1684 1683 1690
1677 1678 1670 1671
1678 1677 1684 1683
1678 1670 1671 1663
1679 1685 1691 1697
1679 1672 1665 1658
1680 1686 1687 1692
1680 1674 1673 1667
1681 1682 1688 1693
1681 1676 1675 1669
1682 1688 1693 1694
1682 1681 1676 1675
1683 1690 1689 1696
1683 1684 1677 1678
1684 1683 1690 1689
1684 1677 1678 1670
1685 1691 1697 1703
1685 1679 1672 1665
1686 1687 1692 1698
1686 1680 1674 1673
1687 1692 1698 1704
1687 1686 1680 1674
1688 1693 1694 1699
1688 1682 1681 1676
1689 1696 1695 1702
1689 1690 1683 1684
1690 1689 1696 1695
1690 1683 1684 1677
1691 1697 1703 1710
1691 1685 1679 1672
1692 1698 1704 1705
1692 1687 1686 1680
1693 1694 1699 1700
1693 1688 1682 1681
1694 1699 1700 1706
1694 1693 1688 1682
1695 1702 1701 1709
1695 1696 1689 1690
1696 1695 1702 1701
1696 1689 1690 1683
1697 1703 1710 1717
1697 1691 1685 1679
1698 1704 1705 1711
1698 1692 1687 1686
1699 1700 1706 1707
1699 1694 1693 1688
1700 1706 1707 1712
1700 1699 1694 1693
1701 1709 1708 1715
1701 1702 1695 1696
1702 1701 1709 1708
1702 1695 1696 1689
1703 1710 1717 1716
1703 1697 1691 1685
1704 1705 1711 1718
1704 1698 1692 1687
1705 1711 1718 1724
1705 1704 1698 1692
1706 1707 1712 1713
1706 1700 1699 1694
1707 1712 1713 1719
1707 1706 1700 1699
1708 1715 1714 1722
1708 1709 1701 1702
1709 1708 1715 1714
1709 1701 1702 1695
1710 1717 1716 1723
1710 1703 1697 1691
1711 1718 1724 1725
1711 1705 1704 1698
1712 1713 1719 1720
1712 1707 1706 1700
1713 1719 1720 1726
1713 1712 1707 1706
1714 1722 1721 1729
1714 1715 1708 1709
1715 1714 1722 1721
1715 1708 1709 1701
1716 1723 1731 1730
1716 1717 1710 1703
1717 1716 1723 1731
1717 1710 1703 1697
1718 1724 1725 1732
1718 1711 1705 1704
1719 1720 1726 1727
1719 1713 1712 1707
1720 1726 1727 1733
1720 1719 1713 1712
1721 1729 1728 1737
1721 1722 1714 1715
1722 1721 1729 1728
1722 1714 1715 1708
1723 1731 1730 1738
1723 1716 1717 1710
1724 1725 1732 1739
1724 1718 1711 1705
1725 1732 1739 1746
1725 1724 1718 1711
1726 1727 1733 1734
1726 1720 1719 1713
1727 1733 1734 1740
1727 1726 1720 1719
1728 1737 1736 1735
1728 1729 1721 1722
1729 1728 1737 1736
1729 1721 1722 1714
1730 1738 1745 1744
1730 1731 1723 1716
1731 1730 1738 1745
1731 1723 1716 1717
1732 1739 1746 1747
1732 1725 1724 1718
1733 1734 1740 1741
1733 1727 1726 1720
1734 1740 1741 1748
1734 1733 1727 1726
1735 1743 1742 1751
1735 1736 1737 1728
1736 1735 1743 1742
1736 1737 1728 1729
1737 1736 1735 1743
1737 1728 1729 1721
1738 1745 1744 1752
1738 1730 1731 1723
1739 1746 1747 1753
1739 1732 1725 1724
1740 1741 1748 1749
1740 1734 1733 1727
1741 1748 1749 1754
1741 1740 1734 1733
1742 1751 1750 1758
1742 1743 1735 1736
1743 1742 1751 1750
1743 1735 1736 1737
1744 1752 1760 1759
1744 1745 1738 1730
1745 1744 1752 1760
1745 1738 1730 1731
1746 1747 1753 1761
1746 1739 1732 1725
1747 1753 1761 1767
1747 1746 1739 1732
1748 1749 1754 1755
1748 1741 1740 1734
1749 1754 1755 1756
1749 1748 1741 1740
1750 1758 1757 1765
1750 1751 1742 1743
1751 1750 1758 1757
1751 1742 1743 1735
1752 1760 1759 1766
1752 1744 1745 1738
1753 1761 1767 1768
1753 1747 1746 1739
1754 1755 1756 1762
1754 1749 1748 1741
1755 1756 1762 1763
1755 1754 1749 1748
1756 1762 1763 1769
1756 1755 1754 1749
1757 1765 1764 1772
1757 1758 1750 1751
1758 1757 1765 1764
1758 1750 1751 1742
1759 1766 1774 1773
1759 1760 1752 1744
1760 1759 1766 1774
1760 1752 1744 1745
1761 1767 1768 1775
1761 1753 1747 1746
1762 1763 1769 1770
1762 1756 1755 1754
1763 1769 1770 1776
1763 1762 1756 1755
1764 1772 1771 1780
1764 1765 1757 1758
1765 1764 1772 1771
1765 1757 1758 1750
1766 1774 1773 1781
1766 1759 1760 1752
1767 1768 1775 1782
1767 1761 1753 1747
1768 1775 1782 1788
1768 1767 1761 1753
1769 1770 1776 1777
1769 1763 1762 1756
1770 1776 1777 1783
1770 1769 1763 1762
1771 1780 1779 1778
1771 1772 1764 1765
1772 1771 1780 1779
1772 1764 1765 1757
1773 1781 1787 1796
1773 1774 1766 1759
1774 1773 1781 1787
1774 1766 1759 1760
1775 1782 1788 1789
1775 1768 1767 1761
1776 1777 1783 1784
1776 1770 1769 1763
1777 1783 1784 1790
1777 1776 1770 1769
1778 1786 1785 1795
1778 1779 1780 1771
1779 1778 1786 1785
1779 1780 1771 1772
1780 1779 1778 1786
1780 1771 1772 1764
1781 1787 1796 1802
1781 1773 1774 1766
1782 1788 1789 1797
1782 1775 1768 1767
1783 1784 1790 1791
1783 1777 1776 1770
1784 1790 1791 1792
1784 1783 1777 1776
1785 1795 1794 1793
1785 1786 1778 1779
1786 1785 1795 1794
1786 1778 1779 1780
1787 1796 1802 1808
1787 1781 1773 1774
1788 1789 1797 1803
1788 1782 1775 1768
1789 1797 1803 1809
1789 1788 1782 1775
1790 1791 1792 1798
1790 1784 1783 1777
1791 1792 1798 1799
1791 1790 1784 1783
1792 1798 1799 1804
1792 1791 1790 1784
1793 1801 1800 1807
1793 1794 1795 1785
1794 1793 1801 1800
1794 1795 1785 1786
1795 1794 1793 1801
1795 1785 1786 1778
1796 1802 1808 1817
1796 1787 1781 1773
1797 1803 1809 1810
1797 1789 1788 1782
1798 1799 1804 1805
1798 1792 1791 1790
1799 1804 1805 1811
1799 1798 1792 1791
1800 1807 1806 1816
1800 1801 1793 1794
1801 1800 1807 1806
1801 1793 1794 1795
1802 1808 1817 1824
1802 1796 1787 1781
1803 1809 1810 1818
1803 1797 1789 1788
1804 1805 1811 1812
1804 1799 1798 1792
1805 1811 1812 1813
1805 1804 1799 1798
1806 1816 1815 1814
1806 1807 1800 1801
1807 1806 1816 1815
1807 1800 1801 1793
1808 1817 1824 1832
1808 1802 1796 1787
1809 1810 1818 1825
1809 1803 1797 1789
1810 1818 1825 1833
1810 1809 1803 1797
1811 1812 1813 1819
1811 1805 1804 1799
1812 1813 1819 1820
1812 1811 1805 1804
1813 1819 1820 1826
1813 1812 1811 1805
1814 1823 1822 1821
1814 1815 1816 1806
1815 1814 1823 1822
1815 1816 1806 1807
1816 1815 1814 1823
1816 1806 1807 1800
1817 1824 1832 1841
1817 1808 1802 1796
1818 1825 1833 1834
1818 1810 1809 1803
1819 1820 1826 1827
1819 1813 1812 1811
1820 1826 1827 1828
1820 1819 1813 1812
1821 1831 1830 1829
1821 1822 1823 1814
1822 1821 1831 1830
1822 1823 1814 1815
1823 1822 1821 1831
1823 1814 1815 1816
1824 1832 1841 1840
1824 1817 1808 1802
1825 1833 1834 1842
1825 1818 1810 1809
1826 1827 1828 1835
1826 1820 1819 1813
1827 1828 1835 1836
1827 1826 1820 1819
1828 1835 1836 1843
1828 1827 1826 1820
1829 1839 1838 1837
1829 1830 1831 1821
1830 1829 1839 1838
1830 1831 1821 1822
1831 1830 1829 1839
1831 1821 1822 1823
1832 1841 1840 1849
1832 1824 1817 1808
1833 1834 1842 1850
1833 1825 1818 1810
1834 1842 1850 1858
1834 1833 1825 1818
1835 1836 1843 1844
1835 1828 1827 1826
1836 1843 1844 1845
1836 1835 1828 1827
1837 1848 1847 1846
1837 1838 1839 1829
1838 1837 1848 1847
1838 1839 1829 1830
1839 1838 1837 1848
1839 1829 1830 1831
1840 1849 1857 1856
1840 1841 1832 1824
1841 1840 1849 1857
1841 1832 1824 1817
1842 1850 1858 1859
1842 1834 1833 1825
1843 1844 1845 1851
1843 1836 1835 1828
1844 1845 1851 1852
1844 1843 1836 1835
1845 1851 1852 1860
1845 1844 1843 1836
1846 1855 1854 1853
1846 1847 1848 1837
1847 1846 1855 1854
1847 1848 1837 1838
1848 1847 1846 1855
1848 1837 1838 1839
1849 1857 1856 1865
1849 1840 1841 1832
1850 1858 1859 1866
1850 1842 1834 1833
1851 1852 1860 1861
1851 1845 1844 1843
1852 1860 1861 1867
1852 1851 1845 1844
1853 1864 1863 1862
1853 1854 1855 1846
1854 1853 1864 1863
1854 1855 1846 1847
1855 1854 1853 1864
1855 1846 1847 1848
1856 1865 1873 1872
1856 1857 1849 1840
1857 1856 1865 1873
1857 1849 1840 1841
1858 1859 1866 1874
1858 1850 1842 1834
1859 1866 1874 1882
1859 1858 1850 1842
1860 1861 1867 1868
1860 1852 1851 1845
1861 1867 1868 1875
1861 1860 1852 1851
1862 1871 1870 1869
1862 1863 1864 1853
1863 1862 1871 1870
1863 1864 1853 1854
1864 1863 1862 1871
1864 1853 1854 1855
1865 1873 1872 1881
1865 1856 1857 1849
1866 1874 1882 1883
1866 1859 1858 1850
1867 1868 1875 1876
1867 1861 1860 1852
1868 1875 1876 1877
1868 1867 1861 1860
1869 1880 1879 1878
1869 1870 1871 1862
1870 1869 1880 1879
1870 1871 1862 1863
1871 1870 1869 1880
1871 1862 1863 1864
1872 1881 1891 1890
1872 1873 1865 1856
1873 1872 1881 1891
1873 1865 1856 1857
1874 1882 1883 1892
1874 1866 1859 1858
1875 1876 1877 1884
1875 1868 1867 1861
1876 1877 1884 1885
1876 1875 1868 1867
1877 1884 1885 1886
1877 1876 1875 1868
1878 1889 1888 1887
1878 1879 1880 1869
1879 1878 1889 1888
1879 1880 1869 1870
1880 1879 1878 1889
1880 1869 1870 1871
1881 1891 1890 1900
1881 1872 1873 1865
1882 1883 1892 1901
1882 1874 1866 1859
1883 1892 1901 1911
1883 1882 1874 1866
1884 1885 1886 1893
1884 1877 1876 1875
1885 1886 1893 1894
1885 1884 1877 1876
1886 1893 1894 1895
1886 1885 1884 1877
1887 1899 1898 1897
1887 1888 1889 1878
1888 1887 1899 1898
1888 1889 1878 1879
1889 1888 1887 1899
1889 1878 1879 1880
1890 1900 1910 1909
1890 1891 1881 1872
1891 1890 1900 1910
1891 1881 1872 1873
1892 1901 1911 1912
1892 1883 1882 1874
1893 1894 1895 1902
1893 1886 1885 1884
1894 1895 1902 1903
1894 1893 1886 1885
1895 1902 1903 1904
1895 1894 1893 1886
1896 1908 1907 1906
1896 1897 1898 1899
1897 1896 1908 1907
1897 1898 1899 1887
1898 1897 1896 1908
1898 1899 1887 1888
1899 1898 1897 1896
1899 1887 1888 1889
1900 1910 1909 1923
1900 1890 1891 1881
1901 1911 1912 1924
1901 1892 1883 1882
1902 1903 1904 1913
1902 1895 1894 1893
1903 1904 1913 1914
1903 1902 1895 1894
1904 1913 1914 1915
1904 1903 1902 1895
1905 1922 1921 1920
1905 1906 1907 1908
1906 1905 1922 1921
1906 1907 1908 1896
1907 1906 1905 1922
1907 1908 1896 1897
1908 1907 1906 1905
1908 1896 1897 1898
1909 1923 1940 1959
1909 1910 1900 1890
1910 1909 1923 1940
1910 1900 1890 1891
1911 1912 1924 1941
1911 1901 1892 1883
1912 1924 1941 1960
1912 1911 1901 1892
1913 1914 1915 1916
1913 1904 1903 1902
1914 1915 1916 1925
1914 1913 1904 1903
1915 1916 1925 1926
1915 1914 1913 1904
1916 1925 1926 1927
1916 1915 1914 1913
1917 1939 1938 1937
1917 1918 1919 1920
1918 1917 1939 1938
1918 1919 1920 1921
1919 1918 1917 1939
1919 1920 1921 1922
1920 1919 1918 1917
1920 1921 1922 1905
1921 1920 1919 1918
1921 1922 1905 1906
1922 1921 1920 1919
1922 1905 1906 1907
1923 1940 1959 1962
1923 1909 1910 1900
1924 1941 1960 1961
1924 1912 1911 1901
1925 1926 1927 1928
1925 1916 1915 1914
1926 1927 1928 1929
1926 1925 1916 1915
1927 1928 1929 1930
1927 1926 1925 1916
1928 1929 1930 1931
1928 1927 1926 1925
1929 1930 1931 1932
1929 1928 1927 1926
1930 1931 1932 1942
1930 1929 1928 1927
1931 1932 1942 1943
1931 1930 1929 1928
1932 1942 1943 1944
1932 1931 1930 1929
1933 1958 1957 1956
1933 1934 1935 1936
1934 1933 1958 1957
1934 1935 1936 1937
1935 1934 1933 1958
1935 1936 1937 1938
1936 1935 1934 1933
1936 1937 1938 1939
1937 1936 1935 1934
1937 1938 1939 1917
1938 1937 1936 1935
1938 1939 1917 1918
1939 1938 1937 1936
1939 1917 1918 1919
1940 1959 1962 1964
1940 1923 1909 1910
1941 1960 1961 1963
1941 1924 1912 1911
1942 1943 1944 1945
1942 1932 1931 1930
1943 1944 1945 1946
1943 1942 1932 1931
1944 1945 1946 1947
1944 1943 1942 1932
1945 1946 1947 1948
1945 1944 1943 1942
1946 1947 1948 1949
1946 1945 1944 1943
1947 1948 1949 1950
1947 1946 1945 1944
1948 1949 1950 1951
1948 1947 1946 1945
1949 1950 1951 1952
1949 1948 1947 1946
1950 1951 1952 1953
1950 1949 1948 1947
1951 1950 1949 1948
1951 1952 1953 1954
1952 1951 1950 1949
1952 1953 1954 1955
1953 1952 1951 1950
1953 1954 1955 1956
1954 1953 1952 1951
1954 1955 1956 1957
1955 1954 1953 1952
1955 1956 1957 1958
1956 1955 1954 1953
1956 1957 1958 1933
1957 1956 1955 1954
1957 1958 1933 1934
1958 1957 1956 1955
1958 1933 1934 1935
1959 1962 1964 1966
1959 1940 1923 1909
1960 1961 1963 1965
1960 1941 1924 1912
1961 1963 1965 1967
1961 1960 1941 1924
1962 1964 1966 1969
1962 1959 1940 1923
1963 1965 1967 1968
1963 1961 1960 1941
1964 1966 1969 1971
1964 1962 1959 1940
1965 1967 1968 1970
1965 1963 1961 1960
1966 1969 1971 1974
1966 1964 1962 1959
1967 1968 1970 1972
1967 1965 1963 1961
1968 1970 1972 1975
1968 1967 1965 1963
1969 1971 1974 1973
1969 1966 1964 1962
1970 1972 1975 1976
1970 1968 1967 1965
1971 1974 1973 1977
1971 1969 1966 1964
1972 1975 1976 1978
1972 1970 1968 1967
1973 1977 1980 1979
1973 1974 1971 1969
1974 1973 1977 1980
1974 1971 1969 1966
1975 1976 1978 1981
1975 1972 1970 1968
1976 1978 1981 1983
1976 1975 1972 1970
1977 1980 1979 1982
1977 1973 1974 1971
1978 1981 1983 1984
1978 1976 1975 1972
1979 1982 1986 1985
1979 1980 1977 1973
1980 1979 1982 1986
1980 1977 1973 1974
1981 1983 1984 1987
1981 1978 1976 1975
1982 1986 1985 1989
1982 1979 1980 1977
1983 1984 1987 1988
1983 1981 1978 1976
1984 1987 1988 1990
1984 1983 1981 1978
1985 1989 1992 1991
1985 1986 1982 1979
1986 1985 1989 1992
1986 1982 1979 1980
1987 1988 1990 1993
1987 1984 1983 1981
1988 1990 1993 1994
1988 1987 1984 1983
1989 1992 1991 1995
1989 1985 1986 1982
1990 1993 1994 1996
1990 1988 1987 1984
1991 1995 1999 1998
1991 1992 1989 1985
1992 1991 1995 1999
1992 1989 1985 1986
1993 1994 1996 1997
1993 1990 1988 1987
1994 1996 1997 2000
1994 1993 1990 1988
1995 1999 1998 2001
1995 1991 1992 1989
1996 1997 2000 2002
1996 1994 1993 1990
1997 2000 2002 2003
1997 1996 1994 1993
1998 2001 2004 2007
1998 1999 1995 1991
1999 1998 2001 2004
1999 1995 1991 1992
2000 2002 2003 2005
2000 1997 1996 1994
2001 2004 2007 2009
2001 1998 1999 1995
2002 2003 2005 2006
2002 2000 1997 1996
2003 2005 2006 2008
2003 2002 2000 1997
2004 2007 2009 2012
2004 2001 1998 1999
2005 2006 2008 2010
2005 2003 2002 2000
2006 2008 2010 2011
2006 2005 2003 2002
2007 2009 2012 2015
2007 2004 2001 1998
2008 2010 2011 2013
2008 2006 2005 2003
2009 2012 2015 2017
2009 2007 2004 2001
2010 2011 2013 2014
2010 2008 2006 2005
2011 2013 2014 2016
2011 2010 2008 2006
2012 2015 2017 2020
2012 2009 2007 2004
2013 2014 2016 2018
2013 2011 2010 2008
2014 2016 2018 2019
2014 2013 2011 2010
2015 2017 2020 2024
2015 2012 2009 2007
2016 2018 2019 2021
2016 2014 2013 2011
2017 2020 2024 2023
2017 2015 2012 2009
2018 2019 2021 2022
2018 2016 2014 2013
2019 2021 2022 2025
2019 2018 2016 2014
2020 2024 2023 2026
2020 2017 2015 2012
2021 2022 2025 2027
2021 2019 2018 2016
2022 2025 2027 2030
2022 2021 2019 2018
2023 2026 2029 2028
2023 2024 2020 2017
2024 2023 2026 2029
2024 2020 2017 2015
2025 2027 2030 2031
2025 2022 2021 2019
2026 2029 2028 2032
2026 2023 2024 2020
2027 2030 2031 2033
2027 2025 2022 2021
2028 2032 2035 2034
2028 2029 2026 2023
2029 2028 2032 2035
2029 2026 2023 2024
2030 2031 2033 2036
2030 2027 2025 2022
2031 2033 2036 2038
2031 2030 2027 2025
2032 2035 2034 2037
2032 2028 2029 2026
2033 2036 2038 2039
2033 2031 2030 2027
2034 2037 2041 2040
2034 2035 2032 2028
2035 2034 2037 2041
2035 2032 2028 2029
2036 2038 2039 2042
2036 2033 2031 2030
2037 2041 2040 2043
2037 2034 2035 2032
2038 2039 2042 2044
2038 2036 2033 2031
2039 2042 2044 2047
2039 2038 2036 2033
2040 2043 2046 2045
2040 2041 2037 2034
2041 2040 2043 2046
2041 2037 2034 2035
2042 2044 2047 2048
2042 2039 2038 2036
2043 2046 2045 2049
2043 2040 2041 2037
2044 2047 2048 2050
2044 2042 2039 2038
2045 2049 2052 2054
2045 2046 2043 2040
2046 2045 2049 2052
2046 2043 2040 2041
2047 2048 2050 2051
2047 2044 2042 2039
2048 2050 2051 2053
2048 2047 2044 2042
2049 2052 2054 2057
2049 2045 2046 2043
2050 2051 2053 2055
2050 2048 2047 2044
2051 2053 2055 2056
2051 2050 2048 2047
2052 2054 2057 2060
2052 2049 2045 2046
2053 2055 2056 2058
2053 2051 2050 2048
2054 2057 2060 2062
2054 2052 2049 2045
2055 2056 2058 2059
2055 2053 2051 2050
2056 2058 2059 2061
2056 2055 2053 2051
2057 2060 2062 2065
2057 2054 2052 2049
2058 2059 2061 2063
2058 2056 2055 2053
2059 2061 2063 2064
2059 2058 2056 2055
2060 2062 2065 2068
2060 2057 2054 2052
2061 2063 2064 2066
2061 2059 2058 2056
2062 2065 2068 2071
2062 2060 2057 2054
2063 2064 2066 2067
2063 2061 2059 2058
2064 2066 2067 2069
2064 2063 2061 2059
2065 2068 2071 2070
2065 2062 2060 2057
2066 2067 2069 2072
2066 2064 2063 2061
2067 2069 2072 2074
2067 2066 2064 2063
2068 2071 2070 2073
2068 2065 2062 2060
2069 2072 2074 2075
2069 2067 2066 2064
2070 2073 2077 2076
2070 2071 2068 2065
2071 2070 2073 2077
2071 2068 2065 2062
2072 2074 2075 2078
2072 2069 2067 2066
2073 2077 2076 2079
2073 2070 2071 2068
2074 2075 2078 2080
2074 2072 2069 2067
2075 2078 2080 2083
2075 2074 2072 2069
2076 2079 2082 2081
2076 2077 2073 2070
2077 2076 2079 2082
2077 2073 2070 2071
2078 2080 2083 2084
2078 2075 2074 2072
2079 2082 2081 2085
2079 2076 2077 2073
2080 2083 2084 2086
2080 2078 2075 2074
2081 2085 2089 2088
2081 2082 2079 2076
2082 2081 2085 2089
2082 2079 2076 2077
2083 2084 2086 2087
2083 2080 2078 2075
2084 2086 2087 2090
2084 2083 2080 2078
2085 2089 2088 2091
2085 2081 2082 2079
2086 2087 2090 2092
2086 2084 2083 2080
2087 2090 2092 2093
2087 2086 2084 2083
2088 2091 2095 2094
2088 2089 2085 2081
2089 2088 2091 2095
2089 2085 2081 2082
2090 2092 2093 2096
2090 2087 2086 2084
2091 2095 2094 2098
2091 2088 2089 2085
2092 2093 2096 2097
2092 2090 2087 2086
2093 2096 2097 2099
2093 2092 2090 2087
2094 2098 2100 2103
2094 2095 2091 2088
2095 2094 2098 2100
2095 2091 2088 2089
2096 2097 2099 2101
2096 2093 2092 2090
2097 2099 2101 2102
2097 2096 2093 2092
2098 2100 2103 2106
2098 2094 2095 2091
2099 2101 2102 2104
2099 2097 2096 2093
2100 2103 2106 2108
2100 2098 2094 2095
2101 2102 2104 2105
2101 2099 2097 2096
2102 2104 2105 2107
2102 2101 2099 2097
2103 2106 2108 2110
2103 2100 2098 2094
2104 2105 2107 2109
2104 2102 2101 2099
2105 2107 2109 2111
2105 2104 2102 2101
2106 2108 2110 2113
2106 2103 2100 2098
2107 2109 2111 2112
2107 2105 2104 2102
2108 2110 2113 2115
2108 2106 2103 2100
2109 2111 2112 2114
2109 2107 2105 2104
2110 2113 2115 2118
2110 2108 2106 2103
2111 2112 2114 2116
2111 2109 2107 2105
2112 2114 2116 2119
2112 2111 2109 2107
2113 2115 2118 2117
2113 2110 2108 2106
2114 2116 2119 2120
2114 2112 2111 2109
2115 2118 2117 2121
2115 2113 2110 2108
2116 2119 2120 2122
2116 2114 2112 2111
2117 2121 2125 2124
2117 2118 2115 2113
2118 2117 2121 2125
2118 2115 2113 2110
2119 2120 2122 2123
2119 2116 2114 2112
2120 2122 2123 2126
2120 2119 2116 2114
2121 2125 2124 2127
2121 2117 2118 2115
2122 2123 2126 2128
2122 2120 2119 2116
2123 2126 2128 2129
2123 2122 2120 2119
2124 2127 2131 2130
2124 2125 2121 2117
2125 2124 2127 2131
2125 2121 2117 2118
2126 2128 2129 2132
2126 2123 2122 2120
2127 2131 2130 2134
2127 2124 2125 2121
2128 2129 2132 2133
2128 2126 2123 2122
2129 2132 2133 2135
2129 2128 2126 2123
2130 2134 2137 2136
2130 2131 2127 2124
2131 2130 2134 2137
2131 2127 2124 2125
2132 2133 2135 2138
2132 2129 2128 2126
2133 2135 2138 2139
2133 2132 2129 2128
2134 2137 2136 2140
2134 2130 2131 2127
2135 2138 2139 2141
2135 2133 2132 2129
2136 2140 2144 2143
2136 2137 2134 2130
2137 2136 2140 2144
2137 2134 2130 2131
2138 2139 2141 2142
2138 2135 2133 2132
2139 2141 2142 2145
2139 2138 2135 2133
2140 2144 2143 2146
2140 2136 2137 2134
2141 2142 2145 2147
2141 2139 2138 2135
2142 2145 2147 2149
2142 2141 2139 2138
2143 2146 2148 2151
2143 2144 2140 2136
2144 2143 2146 2148
2144 2140 2136 2137
2145 2147 2149 2150
2145 2142 2141 2139
2146 2148 2151 2154
2146 2143 2144 2140
2147 2149 2150 2152
2147 2145 2142 2141
2148 2151 2154 2156
2148 2146 2143 2144
2149 2150 2152 2153
2149 2147 2145 2142
2150 2152 2153 2155
2150 2149 2147 2145
2151 2154 2156 2159
2151 2148 2146 2143
2152 2153 2155 2157
2152 2150 2149 2147
2153 2155 2157 2158
2153 2152 2150 2149
2154 2156 2159 2162
2154 2151 2148 2146
2155 2157 2158 2160
2155 2153 2152 2150
2156 2159 2162 2164
2156 2154 2151 2148
2157 2158 2160 2161
2157 2155 2153 2152
2158 2160 2161 2163
2158 2157 2155 2153
2159 2162 2164 2168
2159 2156 2154 2151
2160 2161 2163 2165
2160 2158 2157 2155
2161 2163 2165 2166
2161 2160 2158 2157
2162 2164 2168 2167
2162 2159 2156 2154
2163 2165 2166 2169
2163 2161 2160 2158
2164 2168 2167 2171
2164 2162 2159 2156
2165 2166 2169 2170
2165 2163 2161 2160
2166 2169 2170 2172
2166 2165 2163 2161
2167 2171 2174 2173
2167 2168 2164 2162
2168 2167 2171 2174
2168 2164 2162 2159
2169 2170 2172 2175
2169 2166 2165 2163
2170 2172 2175 2177
2170 2169 2166 2165
2171 2174 2173 2176
2171 2167 2168 2164
2172 2175 2177 2178
2172 2170 2169 2166
2173 2176 2180 2179
2173 2174 2171 2167
2174 2173 2176 2180
2174 2171 2167 2168
2175 2177 2178 2181
2175 2172 2170 2169
2176 2180 2179 2183
2176 2173 2174 2171
2177 2178 2181 2182
2177 2175 2172 2170
2178 2181 2182 2184
2178 2177 2175 2172
2179 2183 2186 2185
2179 2180 2176 2173
2180 2179 2183 2186
2180 2176 2173 2174
2181 2182 2184 2187
2181 2178 2177 2175
2182 2184 2187 2188
2182 2181 2178 2177
2183 2186 2185 2189
2183 2179 2180 2176
2184 2187 2188 2190
2184 2182 2181 2178
2185 2189 2193 2192
2185 2186 2183 2179
2186 2185 2189 2193
2186 2183 2179 2180
2187 2188 2190 2191
2187 2184 2182 2181
2188 2190 2191 2194
2188 2187 2184 2182
2189 2193 2192 2195
2189 2185 2186 2183
2190 2191 2194 2196
2190 2188 2187 2184
2191 2194 2196 2198
2191 2190 2188 2187
2192 2195 2197 2200
2192 2193 2189 2185
2193 2192 2195 2197
2193 2189 2185 2186
2194 2196 2198 2199
2194 2191 2190 2188
2195 2197 2200 2203
2195 2192 2193 2189
2196 2198 2199 2201
2196 2194 2191 2190
2197 2200 2203 2205
2197 2195 2192 2193
2198 2199 2201 2202
2198 2196 2194 2191
2199 2201 2202 2204
2199 2198 2196 2194
2200 2203 2205 2208
2200 2197 2195 2192
2201 2202 2204 2206
2201 2199 2198 2196
2202 2204 2206 2207
2202 2201 2199 2198
2203 2205 2208 2211
2203 2200 2197 2195
2204 2206 2207 2209
2204 2202 2201 2199
2205 2208 2211 2213
2205 2203 2200 2197
2206 2207 2209 2210
2206 2204 2202 2201
2207 2209 2210 2212
2207 2206 2204 2202
2208 2211 2213 2216
2208 2205 2203 2200
2209 2210 2212 2214
2209 2207 2206 2204
2210 2212 2214 2215
2210 2209 2207 2206
2211 2213 2216 2219
2211 2208 2205 2203
2212 2214 2215 2217
2212 2210 2209 2207
2213 2216 2219 2222
2213 2211 2208 2205
2214 2215 2217 2218
2214 2212 2210 2209
2215 2217 2218 2220
2215 2214 2212 2210
2216 2219 2222 2221
2216 2213 2211 2208
2217 2218 2220 2223
2217 2215 2214 2212
2218 2220 2223 2225
2218 2217 2215 2214
2219 2222 2221 2224
2219 2216 2213 2211
2220 2223 2225 2226
2220 2218 2217 2215
2221 2224 2228 2227
2221 2222 2219 2216
2222 2221 2224 2228
2222 2219 2216 2213
2223 2225 2226 2229
2223 2220 2218 2217
2224 2228 2227 2231
2224 2221 2222 2219
2225 2226 2229 2230
2225 2223 2220 2218
2226 2229 2230 2232
2226 2225 2223 2220
2227 2231 2234 2233
2227 2228 2224 2221
2228 2227 2231 2234
2228 2224 2221 2222
2229 2230 2232 2235
2229 2226 2225 2223
2230 2232 2235 2236
2230 2229 2226 2225
2231 2234 2233 2237
2231 2227 2228 2224
2232 2235 2236 2238
2232 2230 2229 2226
2233 2237 2241 2240
2233 2234 2231 2227
2234 2233 2237 2241
2234 2231 2227 2228
2235 2236 2238 2239
2235 2232 2230 2229
2236 2238 2239 2242
2236 2235 2232 2230
2237 2241 2240 2243
2237 2233 2234 2231
2238 2239 2242 2244
2238 2236 2235 2232
2239 2242 2244 2248
2239 2238 2236 2235
2240 2243 2247 2246
2240 2241 2237 2233
2241 2240 2243 2247
2241 2237 2233 2234
2242 2244 2248 2249
2242 2239 2238 2236
2243 2247 2246 2245
2243 2240 2241 2237
2244 2248 2249 2255
2244 2242 2239 2238
2245 2254 2253 2252
2245 2246 2247 2243
2246 2245 2254 2253
2246 2247 2243 2240
2247 2246 2245 2254
2247 2243 2240 2241
2248 2249 2255 2256
2248 2244 2242 2239
2249 2255 2256 2267
2249 2248 2244 2242
2250 2266 2265 2264
2250 2251 2252 2253
2251 2250 2266 2265
2251 2252 2253 2254
2252 2251 2250 2266
2252 2253 2254 2245
2253 2252 2251 2250
2253 2254 2245 2246
2254 2253 2252 2251
2254 2245 2246 2247
2255 2256 2267 2281
2255 2249 2248 2244
2256 2267 2281 2282
2256 2255 2249 2248
2257 2280 2279 2278
2257 2258 2259 2260
2258 2257 2280 2279
2258 2259 2260 2261
2259 2258 2257 2280
2259 2260 2261 2262
2260 2259 2258 2257
2260 2261 2262 2263
2261 2260 2259 2258
2261 2262 2263 2264
2262 2261 2260 2259
2262 2263 2264 2265
2263 2262 2261 2260
2263 2264 2265 2266
2264 2263 2262 2261
2264 2265 2266 2250
2265 2264 2263 2262
2265 2266 2250 2251
2266 2265 2264 2263
2266 2250 2251 2252
2267 2281 2282 2293
2267 2256 2255 2249
2268 2292 2291 2290
2268 2269 2270 2271
2269 2268 2292 2291
2269 2270 2271 2272
2270 2269 2268 2292
2270 2271 2272 2273
2271 2270 2269 2268
2271 2272 2273 2274
2272 2271 2270 2269
2272 2273 2274 2275
2273 2272 2271 2270
2273 2274 2275 2276
2274 2273 2272 2271
2274 2275 2276 2277
2275 2274 2273 2272
2275 2276 2277 2278
2276 2275 2274 2273
2276 2277 2278 2279
2277 2276 2275 2274
2277 2278 2279 2280
2278 2277 2276 2275
2278 2279 2280 2257
2279 2278 2277 2276
2279 2280 2257 2258
2280 2279 2278 2277
2280 2257 2258 2259
2281 2282 2293 2294
2281 2267 2256 2255
2282 2293 2294 2309
2282 2281 2267 2256
2283 2308 2307 2306
2283 2284 2285 2286
2284 2283 2308 2307
2284 2285 2286 2287
2285 2284 2283 2308
2285 2286 2287 2288
2286 2285 2284 2283
2286 2287 2288 2289
2287 2286 2285 2284
2287 2288 2289 2290
2288 2287 2286 2285
2288 2289 2290 2291
2289 2288 2287 2286
2289 2290 2291 2292
2290 2289 2288 2287
2290 2291 2292 2268
2291 2290 2289 2288
2291 2292 2268 2269
2292 2291 2290 2289
2292 2268 2269 2270
2293 2294 2309 2319
2293 2282 2281 2267
2294 2309 2319 2333
2294 2293 2282 2281
2295 2318 2317 2316
2295 2296 2297 2298
2296 2295 2318 2317
2296 2297 2298 2299
2297 2296 2295 2318
2297 2298 2299 2300
2298 2297 2296 2295
2298 2299 2300 2301
2299 2298 2297 2296
2299 2300 2301 2302
2300 2299 2298 2297
2300 2301 2302 2303
2301 2300 2299 2298
2301 2302 2303 2304
2302 2301 2300 2299
2302 2303 2304 2305
2303 2302 2301 2300
2303 2304 2305 2306
2304 2303 2302 2301
2304 2305 2306 2307
2305 2304 2303 2302
2305 2306 2307 2308
2306 2305 2304 2303
2306 2307 2308 2283
2307 2306 2305 2304
2307 2308 2283 2284
2308 2307 2306 2305
2308 2283 2284 2285
2309 2319 2333 2334
2309 2294 2293 2282
2310 2332 2331 2330
2310 2311 2312 2313
2311 2310 2332 2331
2311 2312 2313 2314
2312 2311 2310 2332
2312 2313 2314 2315
2313 2312 2311 2310
2313 2314 2315 2316
2314 2313 2312 2311
2314 2315 2316 2317
2315 2314 2313 2312
2315 2316 2317 2318
2316 2315 2314 2313
2316 2317 2318 2295
2317 2316 2315 2314
2317 2318 2295 2296
2318 2317 2316 2315
2318 2295 2296 2297
2319 2333 2334 2345
2319 2309 2294 2293
2320 2344 2343 2342
2320 2321 2322 2323
2321 2320 2344 2343
2321 2322 2323 2324
2322 2321 2320 2344
2322 2323 2324 2325
2323 2322 2321 2320
2323 2324 2325 2326
2324 2323 2322 2321
2324 2325 2326 2327
2325 2324 2323 2322
2325 2326 2327 2328
2326 2325 2324 2323
2326 2327 2328 2329
2327 2326 2325 2324
2327 2328 2329 2330
2328 2327 2326 2325
2328 2329 2330 2331
2329 2328 2327 2326
2329 2330 2331 2332
2330 2329 2328 2327
2330 2331 2332 2310
2331 2330 2329 2328
2331 2332 2310 2311
2332 2331 2330 2329
2332 2310 2311 2312
2333 2334 2345 2346
2333 2319 2309 2294
2334 2345 2346 2360
2334 2333 2319 2309
2335 2359 2358 2357
2335 2336 2337 2338
2336 2335 2359 2358
2336 2337 2338 2339
2337 2336 2335 2359
2337 2338 2339 2340
2338 2337 2336 2335
2338 2339 2340 2341
2339 2338 2337 2336
2339 2340 2341 2342
2340 2339 2338 2337
2340 2341 2342 2343
2341 2340 2339 2338
2341 2342 2343 2344
2342 2341 2340 2339
2342 2343 2344 2320
2343 2342 2341 2340
2343 2344 2320 2321
2344 2343 2342 2341
2344 2320 2321 2322
2345 2346 2360 2370
2345 2334 2333 2319
2346 2360 2370 2371
2346 2345 2334 2333
2347 2369 2368 2367
2347 2348 2349 2350
2348 2347 2369 2368
2348 2349 2350 2351
2349 2348 2347 2369
2349 2350 2351 2352
2350 2349 2348 2347
2350 2351 2352 2353
2351 2350 2349 2348
2351 2352 2353 2354
2352 2351 2350 2349
2352 2353 2354 2355
2353 2352 2351 2350
2353 2354 2355 2356
2354 2353 2352 2351
2354 2355 2356 2357
2355 2354 2353 2352
2355 2356 2357 2358
2356 2355 2354 2353
2356 2357 2358 2359
2357 2356 2355 2354
2357 2358 2359 2335
2358 2357 2356 2355
2358 2359 2335 2336
2359 2358 2357 2356
2359 2335 2336 2337
2360 2370 2371 2385
2360 2346 2345 2334
2361 2384 2383 2382
2361 2362 2363 2364
2362 2361 2384 2383
2362 2363 2364 2365
2363 2362 2361 2384
2363 2364 2365 2366
2364 2363 2362 2361
2364 2365 2366 2367
2365 2364 2363 2362
2365 2366 2367 2368
2366 2365 2364 2363
2366 2367 2368 2369
2367 2366 2365 2364
2367 2368 2369 2347
2368 2367 2366 2365
2368 2369 2347 2348
2369 2368 2367 2366
2369 2347 2348 2349
2370 2371 2385 2386
2370 2360 2346 2345
2371 2385 2386 2397
2371 2370 2360 2346
2372 2396 2395 2394
2372 2373 2374 2375
2373 2372 2396 2395
2373 2374 2375 2376
2374 2373 2372 2396
2374 2375 2376 2377
2375 2374 2373 2372
2375 2376 2377 2378
2376 2375 2374 2373
2376 2377 2378 2379
2377 2376 2375 2374
2377 2378 2379 2380
2378 2377 2376 2375
2378 2379 2380 2381
2379 2378 2377 2376
2379 2380 2381 2382
2380 2379 2378 2377
2380 2381 2382 2383
2381 2380 2379 2378
2381 2382 2383 2384
2382 2381 2380 2379
2382 2383 2384 2361
2383 2382 2381 2380
2383 2384 2361 2362
2384 2383 2382 2381
2384 2361 2362 2363
2385 2386 2397 2398
2385 2371 2370 2360
2386 2397 2398 2412
2386 2385 2371 2370
2387 2411 2410 2409
2387 2388 2389 2390
2388 2387 2411 2410
2388 2389 2390 2391
2389 2388 2387 2411
2389 2390 2391 2392
2390 2389 2388 2387
2390 2391 2392 2393
2391 2390 2389 2388
2391 2392 2393 2394
2392 2391 2390 2389
2392 2393 2394 2395
2393 2392 2391 2390
2393 2394 2395 2396
2394 2393 2392 2391
2394 2395 2396 2372
2395 2394 2393 2392
2395 2396 2372 2373
2396 2395 2394 2393
2396 2372 2373 2374
2397 2398 2412 2413
2397 2386 2385 2371
2398 2412 2413 2424
2398 2397 2386 2385
2399 2423 2422 2421
2399 2400 2401 2402
2400 2399 2423 2422
2400 2401 2402 2403
2401 2400 2399 2423
2401 2402 2403 2404
2402 2401 2400 2399
2402 2403 2404 2405
2403 2402 2401 2400
2403 2404 2405 2406
2404 2403 2402 2401
2404 2405 2406 2407
2405 2404 2403 2402
2405 2406 2407 2408
2406 2405 2404 2403
2406 2407 2408 2409
2407 2406 2405 2404
2407 2408 2409 2410
2408 2407 2406 2405
2408 2409 2410 2411
2409 2408 2407 2406
2409 2410 2411 2387
2410 2409 2408 2407
2410 2411 2387 2388
2411 2410 2409 2408
2411 2387 2388 2389
2412 2413 2424 2425
2412 2398 2397 2386
2413 2424 2425 2439
2413 2412 2398 2397
2414 2438 2437 2436
2414 2415 2416 2417
2415 2414 2438 2437
2415 2416 2417 2418
2416 2415 2414 2438
2416 2417 2418 2419
2417 2416 2415 2414
2417 2418 2419 2420
2418 2417 2416 2415
2418 2419 2420 2421
2419 2418 2417 2416
2419 2420 2421 2422
2420 2419 2418 2417
2420 2421 2422 2423
2421 2420 2419 2418
2421 2422 2423 2399
2422 2421 2420 2419
2422 2423 2399 2400
2423 2422 2421 2420
2423 2399 2400 2401
2424 2425 2439 2440
2424 2413 2412 2398
2425 2439 2440 2451
2425 2424 2413 2412
2426 2450 2449 2448
2426 2427 2428 2429
2427 2426 2450 2449
2427 2428 2429 2430
2428 2427 2426 2450
2428 2429 2430 2431
2429 2428 2427 2426
2429 2430 2431 2432
2430 2429 2428 2427
2430 2431 2432 2433
2431 2430 2429 2428
2431 2432 2433 2434
2432 2431 2430 2429
2432 2433 2434 2435
2433 2432 2431 2430
2433 2434 2435 2436
2434 2433 2432 2431
2434 2435 2436 2437
2435 2434 2433 2432
2435 2436 2437 2438
2436 2435 2434 2433
2436 2437 2438 2414
2437 2436 2435 2434
2437 2438 2414 2415
2438 2437 2436 2435
2438 2414 2415 2416
2439 2440 2451 2452
2439 2425 2424 2413
2440 2451 2452 2466
2440 2439 2425 2424
2441 2465 2464 2463
2441 2442 2443 2444
2442 2441 2465 2464
2442 2443 2444 2445
2443 2442 2441 2465
2443 2444 2445 2446
2444 2443 2442 2441
2444 2445 2446 2447
2445 2444 2443 2442
2445 2446 2447 2448
2446 2445 2444 2443
2446 2447 2448 2449
2447 2446 2445 2444
2447 2448 2449 2450
2448 2447 2446 2445
2448 2449 2450 2426
2449 2448 2447 2446
2449 2450 2426 2427
2450 2449 2448 2447
2450 2426 2427 2428
2451 2452 2466 2467
2451 2440 2439 2425
2452 2466 2467 2478
2452 2451 2440 2439
2453 2477 2476 2475
2453 2454 2455 2456
2454 2453 2477 2476
2454 2455 2456 2457
2455 2454 2453 2477
2455 2456 2457 2458
2456 2455 2454 2453
2456 2457 2458 2459
2457 2456 2455 2454
2457 2458 2459 2460
2458 2457 2456 2455
2458 2459 2460 2461
2459 2458 2457 2456
2459 2460 2461 2462
2460 2459 2458 2457
2460 2461 2462 2463
2461 2460 2459 2458
2461 2462 2463 2464
2462 2461 2460 2459
2462 2463 2464 2465
2463 2462 2461 2460
2463 2464 2465 2441
2464 2463 2462 2461
2464 2465 2441 2442
2465 2464 2463 2462
2465 2441 2442 2443
2466 2467 2478 2479
2466 2452 2451 2440
2467 2478 2479 2480
2467 2466 2452 2451
2468 2493 2492 2491
2468 2469 2470 2471
2469 2468 2493 2492
2469 2470 2471 2472
2470 2469 2468 2493
2470 2471 2472 2473
2471 2470 2469 2468
2471 2472 2473 2474
2472 2471 2470 2469
2472 2473 2474 2475
2473 2472 2471 2470
2473 2474 2475 2476
2474 2473 2472 2471
2474 2475 2476 2477
2475 2474 2473 2472
2475 2476 2477 2453
2476 2475 2474 2473
2476 2477 2453 2454
2477 2476 2475 2474
2477 2453 2454 2455
2478 2479 2480 2494
2478 2467 2466 2452
2479 2480 2494 2495
2479 2478 2467 2466
2480 2494 2495 2506
2480 2479 2478 2467
2481 2505 2504 2503
2481 2482 2483 2484
2482 2481 2505 2504
2482 2483 2484 2485
2483 2482 2481 2505
2483 2484 2485 2486
2484 2483 2482 2481
2484 2485 2486 2487
2485 2484 2483 2482
2485 2486 2487 2488
2486 2485 2484 2483
2486 2487 2488 2489
2487 2486 2485 2484
2487 2488 2489 2490
2488 2487 2486 2485
2488 2489 2490 2491
2489 2488 2487 2486
2489 2490 2491 2492
2490 2489 2488 2487
2490 2491 2492 2493
2491 2490 2489 2488
2491 2492 2493 2468
2492 2491 2490 2489
2492 2493 2468 2469
2493 2492 2491 2490
2493 2468 2469 2470
2494 2495 2506 2507
2494 2480 2479 2478
2495 2506 2507 2521
2495 2494 2480 2479
2496 2520 2519 2518
2496 2497 2498 2499
2497 2496 2520 2519
2497 2498 2499 2500
2498 2497 2496 2520
2498 2499 2500 2501
2499 2498 2497 2496
2499 2500 2501 2502
2500 2499 2498 2497
2500 2501 2502 2503
2501 2500 2499 2498
2501 2502 2503 2504
2502 2501 2500 2499
2502 2503 2504 2505
2503 2502 2501 2500
2503 2504 2505 2481
2504 2503 2502 2501
2504 2505 2481 2482
2505 2504 2503 2502
2505 2481 2482 2483
2506 2507 2521 2522
2506 2495 2494 2480
2507 2521 2522 2532
2507 2506 2495 2494
2508 2531 2530 2529
2508 2509 2510 2511
2509 2508 2531 2530
2509 2510 2511 2512
2510 2509 2508 2531
2510 2511 2512 2513
2511 2510 2509 2508
2511 2512 2513 2514
2512 2511 2510 2509
2512 2513 2514 2515
2513 2512 2511 2510
2513 2514 2515 2516
2514 2513 2512 2511
2514 2515 2516 2517
2515 2514 2513 2512
2515 2516 2517 2518
2516 2515 2514 2513
2516 2517 2518 2519
2517 2516 2515 2514
2517 2518 2519 2520
2518 2517 2516 2515
2518 2519 2520 2496
2519 2518 2517 2516
2519 2520 2496 2497
2520 2519 2518 2517
2520 2496 2497 2498
2521 2522 2532 2533
2521 2507 2506 2495
2522 2532 2533 2534
2522 2521 2507 2506
2523 2547 2546 2545
2523 2524 2525 2526
2524 2523 2547 2546
2524 2525 2526 2527
2525 2524 2523 2547
2525 2526 2527 2528
2526 2525 2524 2523
2526 2527 2528 2529
2527 2526 2525 2524
2527 2528 2529 2530
2528 2527 2526 2525
2528 2529 2530 2531
2529 2528 2527 2526
2529 2530 2531 2508
2530 2529 2528 2527
2530 2531 2508 2509
2531 2530 2529 2528
2531 2508 2509 2510
2532 2533 2534 2535
2532 2522 2521 2507
2533 2534 2535 2536
2533 2532 2522 2521
2534 2535 2536 2537
2534 2533 2532 2522
2535 2536 2537 2538
2535 2534 2533 2532
2536 2535 2534 2533
2536 2537 2538 2539
2537 2536 2535 2534
2537 2538 2539 2540
2538 2537 2536 2535
2538 2539 2540 2541
2539 2538 2537 2536
2539 2540 2541 2542
2540 2539 2538 2537
2540 2541 2542 2543
2541 2540 2539 2538
2541 2542 2543 2544
2542 2541 2540 2539
2542 2543 2544 2545
2543 2542 2541 2540
2543 2544 2545 2546
2544 2543 2542 2541
2544 2545 2546 2547
2545 2544 2543 2542
2545 2546 2547 2523
2546 2545 2544 2543
2546 2547 2523 2524
2547 2546 2545 2544
2547 2523 2524 2525
