0 102 101 100
0 1 2 3
1 0 102 101
1 2 3 4
2 1 0 102
2 3 4 5
3 2 1 0
3 4 5 6
4 3 2 1
4 5 6 7
5 4 3 2
5 6 7 8
6 5 4 3
6 7 8 9
7 6 5 4
7 8 9 10
8 7 6 5
8 9 10 11
9 8 7 6
9 10 11 12
10 9 8 7
10 11 12 13
11 10 9 8
11 12 13 14
12 11 10 9
12 13 14 15
13 12 11 10
13 14 15 16
14 13 12 11
14 15 16 17
15 14 13 12
15 16 17 18
16 15 14 13
16 17 18 19
17 16 15 14
17 18 19 20
18 17 16 15
18 19 20 21
19 18 17 16
19 20 21 22
20 21 22 103
20 19 18 17
21 22 103 104
21 20 19 18
22 103 104 105
22 21 20 19
23 110 109 108
23 24 25 26
24 23 110 109
24 25 26 27
25 24 23 110
25 26 27 28
26 25 24 23
26 27 28 29
27 26 25 24
27 28 29 30
28 27 26 25
28 29 30 31
29 28 27 26
29 30 31 32
30 29 28 27
30 31 32 33
31 30 29 28
31 32 33 34
32 31 30 29
32 33 34 35
33 32 31 30
33 34 35 36
34 33 32 31
34 35 36 37
35 34 33 32
35 36 37 38
36 35 34 33
36 37 38 39
37 36 35 34
37 38 39 40
38 37 36 35
38 39 40 41
39 38 37 36
39 40 41 42
40 39 38 37
40 41 42 43
41 40 39 38
41 42 43 44
42 41 40 39
42 43 44 45
43 42 41 40
43 44 45 46
44 43 42 41
44 45 46 47
45 44 43 42
45 46 47 48
46 45 44 43
46 47 48 49
47 46 45 44
47 48 49 50
48 47 46 45
48 49 50 51
49 48 47 46
49 50 51 52
50 49 48 47
50 51 52 53
51 50 49 48
51 52 53 54
52 51 50 49
52 53 54 55
53 52 51 50
53 54 55 56
54 53 52 51
54 55 56 57
55 54 53 52
55 56 57 58
56 55 54 53
56 57 58 59
57 56 55 54
57 58 59 60
58 57 56 55
58 59 60 61
59 58 57 56
59 60 61 62
60 59 58 57
60 61 62 63
61 60 59 58
61 62 63 64
62 61 60 59
62 63 64 65
63 62 61 60
63 64 65 66
64 63 62 61
64 65 66 67
65 64 63 62
65 66 67 68
66 65 64 63
66 67 68 69
67 66 65 64
67 68 69 70
68 67 66 65
68 69 70 71
69 68 67 66
69 70 71 72
70 69 68 67
70 71 72 73
71 70 69 68
71 72 73 74
72 71 70 69
72 73 74 75
73 72 71 70
73 74 75 76
74 73 72 71
74 75 76 77
75 74 73 72
75 76 77 78
76 75 74 73
76 77 78 79
77 76 75 74
77 78 79 80
78 77 76 75
78 79 80 81
79 78 77 76
79 80 81 82
80 79 78 77
80 81 82 83
81 80 79 78
81 82 83 84
82 81 80 79
82 83 84 85
83 82 81 80
83 84 85 86
84 83 82 81
84 85 86 87
85 84 83 82
85 86 87 88
86 85 84 83
86 87 88 89
87 86 85 84
87 88 89 90
88 87 86 85
88 89 90 91
89 88 87 86
89 90 91 92
90 89 88 87
90 91 92 93
91 90 89 88
91 92 93 94
92 91 90 89
92 93 94 95
93 92 91 90
93 94 95 96
94 93 92 91
94 95 96 97
95 94 93 92
95 96 97 98
96 95 94 93
96 97 98 99
97 96 95 94
97 98 99 100
98 97 96 95
98 99 100 101
99 98 97 96
99 100 101 102
100 99 98 97
100 101 102 0
101 100 99 98
101 102 0 1
102 101 100 99
102 0 1 2
103 104 105 111
103 22 21 20
104 105 111 114
104 103 22 21
105 111 114 117
105 104 103 22
106 113 112 116
106 107 108 109
107 106 113 112
107 108 109 110
108 107 106 113
108 109 110 23
109 108 107 106
109 110 23 24
110 109 108 107
110 23 24 25
111 114 117 120
111 105 104 103
112 116 115 119
112 113 106 107
113 112 116 115
113 106 107 108
114 117 120 123
114 111 105 104
115 119 118 122
115 116 112 113
116 115 119 118
116 112 113 106
117 120 123 126
117 114 111 105
118 122 121 125
118 119 115 116
119 118 122 121
119 115 116 112
120 123 126 130
120 117 114 111
121 125 124 128
121 122 118 119
122 121 125 124
122 118 119 115
123 126 130 134
123 120 117 114
124 128 127 132
124 125 121 122
125 124 128 127
125 121 122 118
126 130 134 135
126 123 120 117
127 132 131 137
127 128 124 125
128 127 132 131
128 124 125 121
129 133 138 142
130 134 135 139
130 126 123 120
131 137 136 141
131 132 127 128
132 131 137 136
132 127 128 124
133 138 142 147
134 135 139 143
134 130 126 123
135 139 143 144
135 134 130 126
136 141 140 146
136 137 131 132
137 136 141 140
137 131 132 127
138 142 147 151
138 133 129 -1
139 143 144 148
139 135 134 130
140 146 145 150
140 141 136 137
141 140 146 145
141 136 137 131
142 147 151 157
142 138 133 129
143 144 148 152
143 139 135 134
144 148 152 153
144 143 139 135
145 150 149 155
145 146 140 141
146 145 150 149
146 140 141 136
147 151 157 162
147 142 138 133
148 152 153 158
148 144 143 139
149 155 154 160
149 150 145 146
150 149 155 154
150 145 146 140
151 157 162 167
151 147 142 138
152 153 158 163
152 148 144 143
153 158 163 168
153 152 148 144
154 160 159 165
154 155 149 150
155 154 160 159
155 149 150 145
156 161 166 171
157 162 167 172
157 151 147 142
158 163 168 173
158 153 152 148
159 165 164 170
159 160 154 155
160 159 165 164
160 154 155 149
161 166 171 176
162 167 172 177
162 157 151 147
163 168 173 178
163 158 153 152
164 170 169 175
164 165 159 160
165 164 170 169
165 159 160 154
166 171 176 180
166 161 156 -1
167 172 177 181
167 162 157 151
168 173 178 182
168 163 158 153
169 175 174 179
169 170 164 165
170 169 175 174
170 164 165 159
171 176 180 184
171 166 161 156
172 177 181 185
172 167 162 157
173 178 182 186
173 168 163 158
174 179 183 188
174 175 169 170
175 174 179 183
175 169 170 164
176 180 184 189
176 171 166 161
177 181 185 190
177 172 167 162
178 182 186 191
178 173 168 163
179 183 188 187
179 174 175 169
180 184 189 194
180 176 171 166
181 185 190 195
181 177 172 167
182 186 191 196
182 178 173 168
183 188 187 193
183 179 174 175
184 189 194 201
184 180 176 171
185 190 195 202
185 181 177 172
186 191 196 197
186 182 178 173
187 193 192 199
187 188 183 179
188 187 193 192
188 183 179 174
189 194 201 200
189 184 180 176
190 195 202 208
190 185 181 177
191 196 197 203
191 186 182 178
192 199 198 205
192 193 187 188
193 192 199 198
193 187 188 183
194 201 200 207
194 189 184 180
195 202 208 215
195 190 185 181
196 197 203 209
196 191 186 182
197 203 209 210
197 196 191 186
198 205 204 212
198 199 192 193
199 198 205 204
199 192 193 187
200 207 206 214
200 201 194 189
201 200 207 206
201 194 189 184
202 208 215 221
202 195 190 185
203 209 210 216
203 197 196 191
204 212 211 218
204 205 198 199
205 204 212 211
205 198 199 192
206 214 213 220
206 207 200 201
207 206 214 213
207 200 201 194
208 215 221 227
208 202 195 190
209 210 216 222
209 203 197 196
210 216 222 223
210 209 203 197
211 218 217 225
211 212 204 205
212 211 218 217
212 204 205 198
213 220 219 226
213 214 206 207
214 213 220 219
214 206 207 200
215 221 227 232
215 208 202 195
216 222 223 228
216 210 209 203
217 225 224 230
217 218 211 212
218 217 225 224
218 211 212 204
219 226 231 237
219 220 213 214
220 219 226 231
220 213 214 206
221 227 232 238
221 215 208 202
222 223 228 233
222 216 210 209
223 228 233 234
223 222 216 210
224 230 229 235
224 225 217 218
225 224 230 229
225 217 218 211
226 231 237 236
226 219 220 213
227 232 238 244
227 221 215 208
228 233 234 239
228 223 222 216
229 235 241 240
229 230 224 225
230 229 235 241
230 224 225 217
231 237 236 243
231 226 219 220
232 238 244 249
232 227 221 215
233 234 239 245
233 228 223 222
234 239 245 250
234 233 228 223
235 241 240 247
235 229 230 224
236 243 242 248
236 237 231 226
237 236 243 242
237 231 226 219
238 244 249 253
238 232 227 221
239 245 250 254
239 234 233 228
240 247 246 251
240 241 235 229
241 240 247 246
241 235 229 230
242 248 252 258
242 243 236 237
243 242 248 252
243 236 237 231
244 249 253 259
244 238 232 227
245 250 254 260
245 239 234 233
246 251 256 255
246 247 240 241
247 246 251 256
247 240 241 235
248 252 258 257
248 242 243 236
249 253 259 263
249 244 238 232
250 254 260 264
250 245 239 234
251 256 255 261
251 246 247 240
252 258 257 262
252 248 242 243
253 259 263 267
253 249 244 238
254 260 264 268
254 250 245 239
255 261 265 269
255 256 251 246
256 255 261 265
256 251 246 247
257 262 266 271
257 258 252 248
258 257 262 266
258 252 248 242
259 263 267 272
259 253 249 244
260 264 268 273
260 254 250 245
261 265 269 274
261 255 256 251
262 266 271 270
262 257 258 252
263 267 272 276
263 259 253 249
264 268 273 277
264 260 254 250
265 269 274 279
265 261 255 256
266 271 270 275
266 262 257 258
267 272 276 282
267 263 259 253
268 273 277 278
268 264 260 254
269 274 279 285
269 265 261 255
270 275 281 280
270 271 266 262
271 270 275 281
271 266 262 257
272 276 282 287
272 267 263 259
273 277 278 283
273 268 264 260
274 279 285 284
274 269 265 261
275 281 280 286
275 270 271 266
276 282 287 293
276 272 267 263
277 278 283 288
277 273 268 264
278 283 288 289
278 277 273 268
279 285 284 290
279 274 269 265
280 286 292 291
280 281 275 270
281 280 286 292
281 275 270 271
282 287 293 297
282 276 272 267
283 288 289 294
283 278 277 273
284 290 295 300
284 285 279 274
285 284 290 295
285 279 274 269
286 292 291 296
286 280 281 275
287 293 297 303
287 282 276 272
288 289 294 298
288 283 278 277
289 294 298 299
289 288 283 278
290 295 300 305
290 284 285 279
291 296 302 301
291 292 286 280
292 291 296 302
292 286 280 281
293 297 303 307
293 287 282 276
294 298 299 304
294 289 288 283
295 300 305 310
295 290 284 285
296 302 301 306
296 291 292 286
297 303 307 313
297 293 287 282
298 299 304 308
298 294 289 288
299 304 308 314
299 298 294 289
300 305 310 309
300 295 290 284
301 306 312 311
301 302 296 291
302 301 306 312
302 296 291 292
303 307 313 317
303 297 293 287
304 308 314 318
304 299 298 294
305 310 309 315
305 300 295 290
306 312 311 316
306 301 302 296
307 313 317 322
307 303 297 293
308 314 318 323
308 304 299 298
309 315 319 325
309 310 305 300
310 309 315 319
310 305 300 295
311 316 321 320
311 312 306 301
312 311 316 321
312 306 301 302
313 317 322 327
313 307 303 297
314 318 323 328
314 308 304 299
315 319 325 324
315 309 310 305
316 321 320 326
316 311 312 306
317 322 327 331
317 313 307 303
318 323 328 332
318 314 308 304
319 325 324 329
319 315 309 310
320 326 330 334
320 321 316 311
321 320 326 330
321 316 311 312
322 327 331 335
322 317 313 307
323 328 332 336
323 318 314 308
324 329 333 337
324 325 319 315
325 324 329 333
325 319 315 309
326 330 334 338
326 320 321 316
327 331 335 339
327 322 317 313
328 332 336 340
328 323 318 314
329 333 337 342
329 324 325 319
330 334 338 344
330 326 320 321
331 335 339 345
331 327 322 317
332 336 340 341
332 328 323 318
333 337 342 347
333 329 324 325
334 338 344 343
334 330 326 320
335 339 345 349
335 331 327 322
336 340 341 346
336 332 328 323
337 342 347 351
337 333 329 324
338 344 343 348
338 334 330 326
339 345 349 353
339 335 331 327
340 341 346 350
340 336 332 328
341 346 350 354
341 340 336 332
342 347 351 355
342 337 333 329
343 348 352 357
343 344 338 334
344 343 348 352
344 338 334 330
345 349 353 358
345 339 335 331
346 350 354 359
346 341 340 336
347 351 355 360
347 342 337 333
348 352 357 356
348 343 344 338
349 353 358 362
349 345 339 335
350 354 359 363
350 346 341 340
351 355 360 364
351 347 342 337
352 357 356 361
352 348 343 344
353 358 362 366
353 349 345 339
354 359 363 367
354 350 346 341
355 360 364 368
355 351 347 342
356 361 365 370
356 357 352 348
357 356 361 365
357 352 348 343
358 362 366 371
358 353 349 345
359 363 367 372
359 354 350 346
360 364 368 373
360 355 351 347
361 365 370 369
361 356 357 352
362 366 371 375
362 358 353 349
363 367 372 376
363 359 354 350
364 368 373 377
364 360 355 351
365 370 369 374
365 361 356 357
366 371 375 379
366 362 358 353
367 372 376 380
367 363 359 354
368 373 377 381
368 364 360 355
369 374 378 382
369 370 365 361
370 369 374 378
370 365 361 356
371 375 379 383
371 366 362 358
372 376 380 384
372 367 363 359
373 377 381 386
373 368 364 360
374 378 382 387
374 369 370 365
375 379 383 388
375 371 366 362
376 380 384 389
376 372 367 363
377 381 386 385
377 373 368 364
378 382 387 391
378 382 387 395
378 374 369 370
379 383 388 392
379 375 371 366
380 384 389 393
380 376 372 367
381 386 385 390
381 377 373 368
382 387 391 -1
382 387 395 -1
382 378 374 369
383 388 392 396
383 379 375 371
384 389 393 397
384 380 376 372
385 390 394 398
385 386 381 377
386 385 390 394
386 381 377 373
387 391 395 -1
387 382 378 374
388 392 396 399
388 383 379 375
389 393 397 400
389 384 380 376
390 394 398 401
390 385 386 381
391 387 382 378
392 396 399 402
392 388 383 379
393 397 400 403
393 389 384 380
394 398 401 404
394 390 385 386
395 391 387 382
396 399 402 405
396 392 388 383
397 400 403 406
397 393 389 384
398 401 404 407
398 394 390 385
399 402 405 408
399 396 392 388
400 403 406 409
400 397 393 389
401 404 407 410
401 398 394 390
402 405 408 411
402 399 396 392
403 406 409 412
403 400 397 393
404 407 410 413
404 401 398 394
405 408 411 414
405 402 399 396
406 409 412 415
406 403 400 397
407 410 413 416
407 404 401 398
408 411 414 417
408 405 402 399
409 412 415 418
409 406 403 400
410 413 416 419
410 407 404 401
411 414 417 420
411 408 405 402
412 415 418 421
412 409 406 403
413 416 419 422
413 410 407 404
414 417 420 423
414 411 408 405
415 418 421 424
415 412 409 406
416 419 422 425
416 413 410 407
417 420 423 426
417 414 411 408
418 421 424 427
418 415 412 409
419 422 425 428
419 416 413 410
420 423 426 429
420 417 414 411
421 424 427 430
421 418 415 412
422 425 428 431
422 419 416 413
423 426 429 432
423 420 417 414
424 427 430 433
424 421 418 415
425 428 431 434
425 422 419 416
426 429 432 435
426 423 420 417
427 430 433 436
427 424 421 418
428 431 434 437
428 425 422 419
429 432 435 438
429 426 423 420
430 433 436 439
430 427 424 421
431 434 437 440
431 428 425 422
432 435 438 441
432 429 426 423
433 436 439 442
433 430 427 424
434 437 440 443
434 431 428 425
435 438 441 444
435 432 429 426
436 439 442 445
436 433 430 427
437 440 443 446
437 434 431 428
438 441 444 447
438 435 432 429
439 442 445 448
439 436 433 430
440 443 446 449
440 437 434 431
441 444 447 450
441 438 435 432
442 445 448 451
442 439 436 433
443 446 449 452
443 440 437 434
444 447 450 453
444 441 438 435
445 448 451 454
445 442 439 436
446 449 452 455
446 443 440 437
447 450 453 456
447 444 441 438
448 451 454 457
448 445 442 439
449 452 455 458
449 446 443 440
450 453 456 459
450 447 444 441
451 454 457 460
451 448 445 442
452 455 458 461
452 449 446 443
453 456 459 462
453 450 447 444
454 457 460 463
454 451 448 445
455 458 461 464
455 452 449 446
456 459 462 465
456 453 450 447
457 460 463 466
457 454 451 448
458 461 464 467
458 455 452 449
459 462 465 468
459 456 453 450
460 463 466 469
460 457 454 451
461 464 467 471
461 458 455 452
462 465 468 472
462 459 456 453
463 466 469 473
463 460 457 454
464 467 471 470
464 461 458 455
465 468 472 475
465 462 459 456
466 469 473 476
466 463 460 457
467 471 470 474
467 464 461 458
468 472 475 478
468 465 462 459
469 473 476 479
469 466 463 460
470 474 477 480
470 471 467 464
471 470 474 477
471 467 464 461
472 475 478 481
472 468 465 462
473 476 479 482
473 469 466 463
474 477 480 483
474 470 471 467
475 478 481 484
475 472 468 465
476 479 482 485
476 473 469 466
477 480 483 486
477 474 470 471
478 481 484 487
478 475 472 468
479 482 485 488
479 476 473 469
480 483 486 490
480 477 474 470
481 484 487 491
481 478 475 472
482 485 488 492
482 479 476 473
483 486 490 489
483 480 477 474
484 487 491 494
484 481 478 475
485 488 492 495
485 482 479 476
486 490 489 493
486 483 480 477
487 491 494 497
487 484 481 478
488 492 495 498
488 485 482 479
489 493 496 499
489 490 486 483
490 489 493 496
490 486 483 480
491 494 497 500
491 487 484 481
492 495 498 501
492 488 485 482
493 496 499 502
493 489 490 486
494 497 500 503
494 491 487 484
495 498 501 504
495 492 488 485
496 499 502 505
496 493 489 490
497 500 503 506
497 494 491 487
498 501 504 507
498 495 492 488
499 502 505 508
499 496 493 489
500 503 506 509
500 497 494 491
501 504 507 510
501 498 495 492
502 505 508 511
502 499 496 493
503 506 509 512
503 500 497 494
504 507 510 513
504 501 498 495
505 508 511 514
505 502 499 496
506 509 512 515
506 503 500 497
507 510 513 516
507 504 501 498
508 511 514 517
508 505 502 499
509 512 515 518
509 506 503 500
510 513 516 519
510 507 504 501
511 514 517 520
511 508 505 502
512 515 518 521
512 509 506 503
513 516 519 522
513 510 507 504
514 517 520 523
514 511 508 505
515 518 521 524
515 512 509 506
516 519 522 525
516 513 510 507
517 520 523 526
517 514 511 508
518 521 524 527
518 515 512 509
519 522 525 528
519 516 513 510
520 523 526 529
520 517 514 511
521 524 527 530
521 518 515 512
522 525 528 531
522 519 516 513
523 526 529 533
523 520 517 514
524 527 530 534
524 521 518 515
525 528 531 535
525 522 519 516
526 529 533 532
526 523 520 517
527 530 534 537
527 524 521 518
528 531 535 538
528 525 522 519
529 533 532 536
529 526 523 520
530 534 537 540
530 527 524 521
531 535 538 541
531 528 525 522
532 536 539 542
532 533 529 526
533 532 536 539
533 529 526 523
534 537 540 543
534 530 527 524
535 538 541 544
535 531 528 525
536 539 542 545
536 532 533 529
537 540 543 546
537 534 530 527
538 541 544 547
538 535 531 528
539 542 545 548
539 536 532 533
540 543 546 549
540 537 534 530
541 544 547 550
541 538 535 531
542 545 548 551
542 539 536 532
543 546 549 552
543 540 537 534
544 547 550 553
544 541 538 535
545 548 551 554
545 542 539 536
546 549 552 555
546 543 540 537
547 550 553 556
547 544 541 538
548 551 554 557
548 545 542 539
549 552 555 558
549 546 543 540
550 553 556 559
550 547 544 541
551 554 557 560
551 548 545 542
552 555 558 561
552 549 546 543
553 556 559 562
553 550 547 544
554 557 560 563
554 551 548 545
555 558 561 564
555 552 549 546
556 559 562 565
556 553 550 547
557 560 563 566
557 554 551 548
558 561 564 567
558 555 552 549
559 562 565 568
559 556 553 550
560 563 566 569
560 557 554 551
561 564 567 570
561 558 555 552
562 565 568 576
562 559 556 553
563 566 569 577
563 560 557 554
564 567 570 578
564 561 558 555
565 568 576 582
565 562 559 556
566 569 577 583
566 563 560 557
567 570 578 585
567 564 561 558
568 576 582 588
568 565 562 559
569 577 583 589
569 566 563 560
570 578 585 591
570 567 564 561
571 580 579 586
571 572 573 -1
572 571 580 579
572 573 574 -1
573 574 575 581
573 572 571 580
573 572 571 592
573 572 571 598
574 575 581 587
574 573 572 -1
575 581 587 593
575 574 573 -1
576 582 588 594
576 568 565 562
577 583 589 595
577 569 566 563
578 585 591 597
578 570 567 564
579 586 592 598
579 580 571 572
580 579 586 592
580 571 572 573
581 587 593 599
581 575 574 573
582 588 594 601
582 576 568 565
583 589 595 602
583 577 569 566
584 590 596 603
585 591 597 604
585 578 570 567
586 592 598 606
586 579 580 571
587 593 599 600
587 581 575 574
588 594 601 608
588 582 576 568
589 595 602 609
589 583 577 569
590 596 603 610
591 597 604 611
591 585 578 570
592 598 606 605
592 586 579 580
592 586 571 572
593 599 600 607
593 587 581 575
594 601 608 614
594 588 582 576
595 602 609 615
595 589 583 577
596 603 610 616
596 590 584 -1
597 604 611 617
597 591 585 578
598 606 605 612
598 592 586 579
598 592 571 572
599 600 607 613
599 593 587 581
600 607 613 619
600 599 593 587
601 608 614 621
601 594 588 582
602 609 615 622
602 595 589 583
603 610 616 623
603 596 590 584
604 611 617 624
604 597 591 585
605 612 618 625
605 606 598 592
606 605 612 618
606 598 592 586
606 598 571 573
607 613 619 620
607 600 599 593
608 614 621 627
608 601 594 588
609 615 622 628
609 602 595 589
610 616 623 629
610 603 596 590
611 617 624 630
611 604 597 591
612 618 625 632
612 605 606 598
613 619 620 626
613 607 600 599
614 621 627 634
614 608 601 594
615 622 628 635
615 609 602 595
616 623 629 636
616 610 603 596
617 624 630 637
617 611 604 597
618 625 632 631
618 612 605 606
619 620 626 633
619 613 607 600
620 626 633 639
620 619 613 607
621 627 634 640
621 614 608 601
622 628 635 641
622 615 609 602
623 629 636 642
623 616 610 603
624 630 637 643
624 617 611 604
625 632 631 638
625 618 612 605
626 633 639 645
626 620 619 613
627 634 640 646
627 621 614 608
628 635 641 647
628 622 615 609
629 636 642 648
629 623 616 610
630 637 643 649
630 624 617 611
631 638 644 650
631 632 625 618
632 631 638 644
632 625 618 612
633 639 645 651
633 626 620 619
634 640 646 652
634 627 621 614
635 641 647 653
635 628 622 615
636 642 648 654
636 629 623 616
637 643 649 655
637 630 624 617
638 644 650 657
638 631 632 625
639 645 651 658
639 633 626 620
640 646 652 659
640 634 627 621
641 647 653 660
641 635 628 622
642 648 654 661
642 636 629 623
643 649 655 662
643 637 630 624
644 650 657 656
644 638 631 632
645 651 658 664
645 639 633 626
646 652 659 665
646 640 634 627
647 653 660 666
647 641 635 628
648 654 661 667
648 642 636 629
649 655 662 668
649 643 637 630
650 657 656 663
650 644 638 631
651 658 664 670
651 645 639 633
652 659 665 671
652 646 640 634
653 660 666 672
653 647 641 635
654 661 667 673
654 648 642 636
655 662 668 674
655 649 643 637
656 663 669 675
656 657 650 644
657 656 663 669
657 650 644 638
658 664 670 676
658 651 645 639
659 665 671 677
659 652 646 640
660 666 672 678
660 653 647 641
661 667 673 679
661 654 648 642
662 668 674 680
662 655 649 643
663 669 675 681
663 656 657 650
664 670 676 682
664 658 651 645
665 671 677 683
665 659 652 646
666 672 678 684
666 660 653 647
667 673 679 685
667 661 654 648
668 674 680 686
668 662 655 649
669 675 681 687
669 663 656 657
670 676 682 688
670 664 658 651
671 677 683 689
671 665 659 652
672 678 684 690
672 666 660 653
673 679 685 691
673 667 661 654
674 680 686 692
674 668 662 655
675 681 687 693
675 669 663 656
676 682 688 694
676 670 664 658
677 683 689 695
677 671 665 659
678 684 690 696
678 672 666 660
679 685 691 697
679 673 667 661
680 686 692 698
680 674 668 662
681 687 693 699
681 675 669 663
682 688 694 700
682 676 670 664
683 689 695 701
683 677 671 665
684 690 696 702
684 678 672 666
685 691 697 703
685 679 673 667
686 692 698 704
686 680 674 668
687 693 699 705
687 681 675 669
688 694 700 706
688 682 676 670
689 695 701 707
689 683 677 671
690 696 702 708
690 684 678 672
691 697 703 709
691 685 679 673
692 698 704 710
692 686 680 674
693 699 705 711
693 687 681 675
694 700 706 712
694 688 682 676
695 701 707 713
695 689 683 677
696 702 708 714
696 690 684 678
697 703 709 715
697 691 685 679
698 704 710 716
698 692 686 680
699 705 711 717
699 693 687 681
700 706 712 718
700 694 688 682
701 707 713 719
701 695 689 683
702 708 714 720
702 696 690 684
703 709 715 721
703 697 691 685
704 710 716 722
704 698 692 686
705 711 717 723
705 699 693 687
706 712 718 724
706 700 694 688
707 713 719 725
707 701 695 689
708 714 720 726
708 702 696 690
709 715 721 727
709 703 697 691
710 716 722 728
710 704 698 692
711 717 723 729
711 705 699 693
712 718 724 730
712 706 700 694
713 719 725 731
713 707 701 695
714 720 726 732
714 708 702 696
715 721 727 733
715 709 703 697
716 722 728 734
716 710 704 698
717 723 729 735
717 711 705 699
718 724 730 736
718 712 706 700
719 725 731 737
719 713 707 701
720 726 732 738
720 714 708 702
721 727 733 739
721 715 709 703
722 728 734 740
722 716 710 704
723 729 735 741
723 717 711 705
724 730 736 742
724 718 712 706
725 731 737 743
725 719 713 707
726 732 738 744
726 720 714 708
727 733 739 745
727 721 715 709
728 734 740 746
728 722 716 710
729 735 741 747
729 723 717 711
730 736 742 748
730 724 718 712
731 737 743 749
731 725 719 713
732 738 744 750
732 726 720 714
733 739 745 751
733 727 721 715
734 740 746 753
734 728 722 716
735 741 747 754
735 729 723 717
736 742 748 755
736 730 724 718
737 743 749 756
737 731 725 719
738 744 750 757
738 732 726 720
739 745 751 752
739 733 727 721
740 746 753 759
740 734 728 722
741 747 754 760
741 735 729 723
742 748 755 761
742 736 730 724
743 749 756 762
743 737 731 725
744 750 757 763
744 738 732 726
745 751 752 758
745 739 733 727
746 753 759 765
746 740 734 728
747 754 760 766
747 741 735 729
748 755 761 767
748 742 736 730
749 756 762 768
749 743 737 731
750 757 763 769
750 744 738 732
751 752 758 764
751 745 739 733
752 758 764 770
752 751 745 739
753 759 765 771
753 746 740 734
754 760 766 772
754 747 741 735
755 761 767 773
755 748 742 736
756 762 768 774
756 749 743 737
757 763 769 775
757 750 744 738
758 764 770 776
758 752 751 745
759 765 771 777
759 753 746 740
760 766 772 778
760 754 747 741
761 767 773 779
761 755 748 742
762 768 774 780
762 756 749 743
763 769 775 781
763 757 750 744
764 770 776 782
764 758 752 751
765 771 777 784
765 759 753 746
766 772 778 785
766 760 754 747
767 773 779 786
767 761 755 748
768 774 780 787
768 762 756 749
769 775 781 788
769 763 757 750
770 776 782 789
770 764 758 752
771 777 784 783
771 765 759 753
772 778 785 791
772 766 760 754
773 779 786 792
773 767 761 755
774 780 787 793
774 768 762 756
775 781 788 794
775 769 763 757
776 782 789 795
776 770 764 758
777 784 783 790
777 771 765 759
778 785 791 798
778 772 766 760
779 786 792 799
779 773 767 761
780 787 793 800
780 774 768 762
781 788 794 801
781 775 769 763
782 789 795 796
782 776 770 764
783 790 797 803
783 784 777 771
784 783 790 797
784 777 771 765
785 791 798 804
785 778 772 766
786 792 799 805
786 779 773 767
787 793 800 806
787 780 774 768
788 794 801 807
788 781 775 769
789 795 796 802
789 782 776 770
790 797 803 809
790 783 784 777
791 798 804 810
791 785 778 772
792 799 805 811
792 786 779 773
793 800 806 812
793 787 780 774
794 801 807 813
794 788 781 775
795 796 802 808
795 789 782 776
796 802 808 814
796 795 789 782
797 803 809 816
797 790 783 784
798 804 810 817
798 791 785 778
799 805 811 818
799 792 786 779
800 806 812 819
800 793 787 780
801 807 813 820
801 794 788 781
802 808 814 815
802 796 795 789
803 809 816 822
803 797 790 783
804 810 817 823
804 798 791 785
805 811 818 824
805 799 792 786
806 812 819 825
806 800 793 787
807 813 820 826
807 801 794 788
808 814 815 821
808 802 796 795
809 816 822 828
809 803 797 790
810 817 823 829
810 804 798 791
811 818 824 830
811 805 799 792
812 819 825 831
812 806 800 793
813 820 826 832
813 807 801 794
814 815 821 827
814 808 802 796
815 821 827 833
815 814 808 802
816 822 828 835
816 809 803 797
817 823 829 836
817 810 804 798
818 824 830 837
818 811 805 799
819 825 831 838
819 812 806 800
820 826 832 839
820 813 807 801
821 827 833 834
821 815 814 808
822 828 835 841
822 816 809 803
823 829 836 842
823 817 810 804
824 830 837 843
824 818 811 805
825 831 838 844
825 819 812 806
826 832 839 845
826 820 813 807
827 833 834 840
827 821 815 814
828 835 841 847
828 822 816 809
829 836 842 848
829 823 817 810
830 837 843 849
830 824 818 811
831 838 844 850
831 825 819 812
832 839 845 851
832 826 820 813
833 834 840 846
833 827 821 815
834 840 846 852
834 833 827 821
835 841 847 853
835 828 822 816
836 842 848 854
836 829 823 817
837 843 849 855
837 830 824 818
838 844 850 856
838 831 825 819
839 845 851 857
839 832 826 820
840 846 852 858
840 834 833 827
841 847 853 859
841 835 828 822
842 848 854 860
842 836 829 823
843 849 855 861
843 837 830 824
844 850 856 862
844 838 831 825
845 851 857 863
845 839 832 826
846 852 858 864
846 840 834 833
847 853 859 865
847 841 835 828
848 854 860 866
848 842 836 829
849 855 861 867
849 843 837 830
850 856 862 868
850 844 838 831
851 857 863 869
851 845 839 832
852 858 864 870
852 846 840 834
853 859 865 871
853 847 841 835
854 860 866 872
854 848 842 836
855 861 867 873
855 849 843 837
856 862 868 874
856 850 844 838
857 863 869 875
857 851 845 839
858 864 870 876
858 852 846 840
859 865 871 877
859 853 847 841
860 866 872 878
860 854 848 842
861 867 873 879
861 855 849 843
862 868 874 880
862 856 850 844
863 869 875 881
863 857 851 845
864 870 876 882
864 858 852 846
865 871 877 884
865 859 853 847
866 872 878 885
866 860 854 848
867 873 879 886
867 861 855 849
868 874 880 887
868 862 856 850
869 875 881 888
869 863 857 851
870 876 882 883
870 864 858 852
871 877 884 890
871 865 859 853
872 878 885 891
872 866 860 854
873 879 886 892
873 867 861 855
874 880 887 893
874 868 862 856
875 881 888 894
875 869 863 857
876 882 883 889
876 870 864 858
877 884 890 896
877 871 865 859
878 885 891 897
878 872 866 860
879 886 892 898
879 873 867 861
880 887 893 899
880 874 868 862
881 888 894 900
881 875 869 863
882 883 889 895
882 876 870 864
883 889 895 901
883 882 876 870
884 890 896 902
884 877 871 865
885 891 897 903
885 878 872 866
886 892 898 904
886 879 873 867
887 893 899 905
887 880 874 868
888 894 900 906
888 881 875 869
889 895 901 907
889 883 882 876
890 896 902 908
890 884 877 871
891 897 903 909
891 885 878 872
892 898 904 910
892 886 879 873
893 899 905 911
893 887 880 874
894 900 906 912
894 888 881 875
895 901 907 913
895 889 883 882
896 902 908 915
896 890 884 877
897 903 909 916
897 891 885 878
898 904 910 917
898 892 886 879
899 905 911 918
899 893 887 880
900 906 912 919
900 894 888 881
901 907 913 914
901 895 889 883
902 908 915 921
902 896 890 884
903 909 916 922
903 897 891 885
904 910 917 923
904 898 892 886
905 911 918 924
905 899 893 887
906 912 919 925
906 900 894 888
907 913 914 920
907 901 895 889
908 915 921 927
908 902 896 890
909 916 922 928
909 903 897 891
910 917 923 929
910 904 898 892
911 918 924 930
911 905 899 893
912 919 925 931
912 906 900 894
913 914 920 926
913 907 901 895
914 920 926 932
914 913 907 901
915 921 927 933
915 908 902 896
916 922 928 934
916 909 903 897
917 923 929 935
917 910 904 898
918 924 930 936
918 911 905 899
919 925 931 937
919 912 906 900
920 926 932 938
920 914 913 907
921 927 933 939
921 915 908 902
922 928 934 940
922 916 909 903
923 929 935 941
923 917 910 904
924 930 936 942
924 918 911 905
925 931 937 943
925 919 912 906
926 932 938 944
926 920 914 913
927 933 939 945
927 921 915 908
928 934 940 946
928 922 916 909
929 935 941 947
929 923 917 910
930 936 942 948
930 924 918 911
931 937 943 949
931 925 919 912
932 938 944 950
932 926 920 914
933 939 945 951
933 927 921 915
934 940 946 952
934 928 922 916
935 941 947 953
935 929 923 917
936 942 948 954
936 930 924 918
937 943 949 955
937 931 925 919
938 944 950 956
938 932 926 920
939 945 951 958
939 933 927 921
940 946 952 959
940 934 928 922
941 947 953 960
941 935 929 923
942 948 954 961
942 936 930 924
943 949 955 962
943 937 931 925
944 950 956 957
944 938 932 926
945 951 958 964
945 939 933 927
946 952 959 965
946 940 934 928
947 953 960 966
947 941 935 929
948 954 961 967
948 942 936 930
949 955 962 968
949 943 937 931
950 956 957 963
950 944 938 932
951 958 964 971
951 945 939 933
952 959 965 972
952 946 940 934
953 960 966 973
953 947 941 935
954 961 967 974
954 948 942 936
955 962 968 975
955 949 943 937
956 957 963 969
956 950 944 938
957 963 969 970
957 956 950 944
958 964 971 977
958 951 945 939
959 965 972 978
959 952 946 940
960 966 973 979
960 953 947 941
961 967 974 980
961 954 948 942
962 968 975 981
962 955 949 943
963 969 970 976
963 957 956 950
964 971 977 984
964 958 951 945
965 972 978 985
965 959 952 946
966 973 979 986
966 960 953 947
967 974 980 987
967 961 954 948
968 975 981 988
968 962 955 949
969 970 976 982
969 963 957 956
970 976 982 983
970 969 963 957
971 977 984 990
971 964 958 951
972 978 985 991
972 965 959 952
973 979 986 992
973 966 960 953
974 980 987 993
974 967 961 954
975 981 988 994
975 968 962 955
976 982 983 989
976 970 969 963
977 984 990 996
977 971 964 958
978 985 991 997
978 972 965 959
979 986 992 998
979 973 966 960
980 987 993 999
980 974 967 961
981 988 994 1000
981 975 968 962
982 983 989 995
982 976 970 969
983 989 995 1001
983 982 976 970
984 990 996 1002
984 977 971 964
985 991 997 1003
985 978 972 965
986 992 998 1004
986 979 973 966
987 993 999 1005
987 980 974 967
988 994 1000 1006
988 981 975 968
989 995 1001 1007
989 983 982 976
990 996 1002 1008
990 984 977 971
991 997 1003 1009
991 985 978 972
992 998 1004 1010
992 986 979 973
993 999 1005 1011
993 987 980 974
994 1000 1006 1012
994 988 981 975
995 1001 1007 1013
995 989 983 982
996 1002 1008 1014
996 990 984 977
997 1003 1009 1015
997 991 985 978
998 1004 1010 1016
998 992 986 979
999 1005 1011 1017
999 993 987 980
1000 1006 1012 1018
1000 994 988 981
1001 1007 1013 1019
1001 995 989 983
1002 1008 1014 1020
1002 996 990 984
1003 1009 1015 1021
1003 997 991 985
1004 1010 1016 1022
1004 998 992 986
1005 1011 1017 1023
1005 999 993 987
1006 1012 1018 1024
1006 1000 994 988
1007 1013 1019 1025
1007 1001 995 989
1008 1014 1020 1026
1008 1002 996 990
1009 1015 1021 1027
1009 1003 997 991
1010 1016 1022 1028
1010 1004 998 992
1011 1017 1023 1029
1011 1005 999 993
1012 1018 1024 1030
1012 1006 1000 994
1013 1019 1025 1032
1013 1007 1001 995
1014 1020 1026 1033
1014 1008 1002 996
1015 1021 1027 1034
1015 1009 1003 997
1016 1022 1028 1035
1016 1010 1004 998
1017 1023 1029 1036
1017 1011 1005 999
1018 1024 1030 1037
1018 1012 1006 1000
1019 1025 1032 1031
1019 1013 1007 1001
1020 1026 1033 1039
1020 1014 1008 1002
1021 1027 1034 1040
1021 1015 1009 1003
1022 1028 1035 1041
1022 1016 1010 1004
1023 1029 1036 1042
1023 1017 1011 1005
1024 1030 1037 1043
1024 1018 1012 1006
1025 1032 1031 1038
1025 1019 1013 1007
1026 1033 1039 1045
1026 1020 1014 1008
1027 1034 1040 1046
1027 1021 1015 1009
1028 1035 1041 1047
1028 1022 1016 1010
1029 1036 1042 1048
1029 1023 1017 1011
1030 1037 1043 1049
1030 1024 1018 1012
1031 1038 1044 1050
1031 1032 1025 1019
1032 1031 1038 1044
1032 1025 1019 1013
1033 1039 1045 1051
1033 1026 1020 1014
1034 1040 1046 1052
1034 1027 1021 1015
1035 1041 1047 1053
1035 1028 1022 1016
1036 1042 1048 1054
1036 1029 1023 1017
1037 1043 1049 1055
1037 1030 1024 1018
1038 1044 1050 1056
1038 1031 1032 1025
1039 1045 1051 1057
1039 1033 1026 1020
1040 1046 1052 1058
1040 1034 1027 1021
1041 1047 1053 1059
1041 1035 1028 1022
1042 1048 1054 1060
1042 1036 1029 1023
1043 1049 1055 1061
1043 1037 1030 1024
1044 1050 1056 1062
1044 1038 1031 1032
1045 1051 1057 1063
1045 1039 1033 1026
1046 1052 1058 1064
1046 1040 1034 1027
1047 1053 1059 1065
1047 1041 1035 1028
1048 1054 1060 1066
1048 1042 1036 1029
1049 1055 1061 1067
1049 1043 1037 1030
1050 1056 1062 1068
1050 1044 1038 1031
1051 1057 1063 1069
1051 1045 1039 1033
1052 1058 1064 1070
1052 1046 1040 1034
1053 1059 1065 1071
1053 1047 1041 1035
1054 1060 1066 1072
1054 1048 1042 1036
1055 1061 1067 1073
1055 1049 1043 1037
1056 1062 1068 1075
1056 1050 1044 1038
1057 1063 1069 1076
1057 1051 1045 1039
1058 1064 1070 1077
1058 1052 1046 1040
1059 1065 1071 1078
1059 1053 1047 1041
1060 1066 1072 1079
1060 1054 1048 1042
1061 1067 1073 1080
1061 1055 1049 1043
1062 1068 1075 1074
1062 1056 1050 1044
1063 1069 1076 1082
1063 1057 1051 1045
1064 1070 1077 1083
1064 1058 1052 1046
1065 1071 1078 1084
1065 1059 1053 1047
1066 1072 1079 1085
1066 1060 1054 1048
1067 1073 1080 1086
1067 1061 1055 1049
1068 1075 1074 1081
1068 1062 1056 1050
1069 1076 1082 1088
1069 1063 1057 1051
1070 1077 1083 1089
1070 1064 1058 1052
1071 1078 1084 1090
1071 1065 1059 1053
1072 1079 1085 1091
1072 1066 1060 1054
1073 1080 1086 1092
1073 1067 1061 1055
1074 1081 1087 1093
1074 1075 1068 1062
1075 1074 1081 1087
1075 1068 1062 1056
1076 1082 1088 1094
1076 1069 1063 1057
1077 1083 1089 1095
1077 1070 1064 1058
1078 1084 1090 1096
1078 1071 1065 1059
1079 1085 1091 1097
1079 1072 1066 1060
1080 1086 1092 1098
1080 1073 1067 1061
1081 1087 1093 1099
1081 1074 1075 1068
1082 1088 1094 1100
1082 1076 1069 1063
1083 1089 1095 1101
1083 1077 1070 1064
1084 1090 1096 1102
1084 1078 1071 1065
1085 1091 1097 1103
1085 1079 1072 1066
1086 1092 1098 1104
1086 1080 1073 1067
1087 1093 1099 1105
1087 1081 1074 1075
1088 1094 1100 1106
1088 1082 1076 1069
1089 1095 1101 1107
1089 1083 1077 1070
1090 1096 1102 1108
1090 1084 1078 1071
1091 1097 1103 1109
1091 1085 1079 1072
1092 1098 1104 1110
1092 1086 1080 1073
1093 1099 1105 1111
1093 1087 1081 1074
1094 1100 1106 1112
1094 1088 1082 1076
1095 1101 1107 1113
1095 1089 1083 1077
1096 1102 1108 1114
1096 1090 1084 1078
1097 1103 1109 1115
1097 1091 1085 1079
1098 1104 1110 1116
1098 1092 1086 1080
1099 1105 1111 1118
1099 1093 1087 1081
1100 1106 1112 1119
1100 1094 1088 1082
1101 1107 1113 1120
1101 1095 1089 1083
1102 1108 1114 1121
1102 1096 1090 1084
1103 1109 1115 1122
1103 1097 1091 1085
1104 1110 1116 1123
1104 1098 1092 1086
1105 1111 1118 1117
1105 1099 1093 1087
1106 1112 1119 1125
1106 1100 1094 1088
1107 1113 1120 1126
1107 1101 1095 1089
1108 1114 1121 1127
1108 1102 1096 1090
1109 1115 1122 1128
1109 1103 1097 1091
1110 1116 1123 1129
1110 1104 1098 1092
1111 1118 1117 1124
1111 1105 1099 1093
1112 1119 1125 1131
1112 1106 1100 1094
1113 1120 1126 1132
1113 1107 1101 1095
1114 1121 1127 1133
1114 1108 1102 1096
1115 1122 1128 1134
1115 1109 1103 1097
1116 1123 1129 1135
1116 1110 1104 1098
1117 1124 1130 1136
1117 1118 1111 1105
1118 1117 1124 1130
1118 1111 1105 1099
1119 1125 1131 1137
1119 1112 1106 1100
1120 1126 1132 1138
1120 1113 1107 1101
1121 1127 1133 1139
1121 1114 1108 1102
1122 1128 1134 1140
1122 1115 1109 1103
1123 1129 1135 1141
1123 1116 1110 1104
1124 1130 1136 1142
1124 1117 1118 1111
1125 1131 1137 1143
1125 1119 1112 1106
1126 1132 1138 1144
1126 1120 1113 1107
1127 1133 1139 1145
1127 1121 1114 1108
1128 1134 1140 1146
1128 1122 1115 1109
1129 1135 1141 1147
1129 1123 1116 1110
1130 1136 1142 1148
1130 1124 1117 1118
1131 1137 1143 1149
1131 1125 1119 1112
1132 1138 1144 1150
1132 1126 1120 1113
1133 1139 1145 1151
1133 1127 1121 1114
1134 1140 1146 1152
1134 1128 1122 1115
1135 1141 1147 1153
1135 1129 1123 1116
1136 1142 1148 1154
1136 1130 1124 1117
1137 1143 1149 1155
1137 1131 1125 1119
1138 1144 1150 1156
1138 1132 1126 1120
1139 1145 1151 1157
1139 1133 1127 1121
1140 1146 1152 1158
1140 1134 1128 1122
1141 1147 1153 1159
1141 1135 1129 1123
1142 1148 1154 1160
1142 1136 1130 1124
1143 1149 1155 1161
1143 1137 1131 1125
1144 1150 1156 1162
1144 1138 1132 1126
1145 1151 1157 1163
1145 1139 1133 1127
1146 1152 1158 1164
1146 1140 1134 1128
1147 1153 1159 1165
1147 1141 1135 1129
1148 1154 1160 1167
1148 1142 1136 1130
1149 1155 1161 1168
1149 1143 1137 1131
1150 1156 1162 1169
1150 1144 1138 1132
1151 1157 1163 1170
1151 1145 1139 1133
1152 1158 1164 1171
1152 1146 1140 1134
1153 1159 1165 1172
1153 1147 1141 1135
1154 1160 1167 1166
1154 1148 1142 1136
1155 1161 1168 1174
1155 1149 1143 1137
1156 1162 1169 1175
1156 1150 1144 1138
1157 1163 1170 1176
1157 1151 1145 1139
1158 1164 1171 1177
1158 1152 1146 1140
1159 1165 1172 1178
1159 1153 1147 1141
1160 1167 1166 1173
1160 1154 1148 1142
1161 1168 1174 1180
1161 1155 1149 1143
1162 1169 1175 1181
1162 1156 1150 1144
1163 1170 1176 1182
1163 1157 1151 1145
1164 1171 1177 1183
1164 1158 1152 1146
1165 1172 1178 1184
1165 1159 1153 1147
1166 1173 1179 1186
1166 1167 1160 1154
1167 1166 1173 1179
1167 1160 1154 1148
1168 1174 1180 1187
1168 1161 1155 1149
1169 1175 1181 1188
1169 1162 1156 1150
1170 1176 1182 1189
1170 1163 1157 1151
1171 1177 1183 1190
1171 1164 1158 1152
1172 1178 1184 1191
1172 1165 1159 1153
1173 1179 1186 1185
1173 1166 1167 1160
1174 1180 1187 1193
1174 1168 1161 1155
1175 1181 1188 1194
1175 1169 1162 1156
1176 1182 1189 1195
1176 1170 1163 1157
1177 1183 1190 1196
1177 1171 1164 1158
1178 1184 1191 1197
1178 1172 1165 1159
1179 1186 1185 1192
1179 1173 1166 1167
1180 1187 1193 1199
1180 1174 1168 1161
1181 1188 1194 1200
1181 1175 1169 1162
1182 1189 1195 1201
1182 1176 1170 1163
1183 1190 1196 1202
1183 1177 1171 1164
1184 1191 1197 1203
1184 1178 1172 1165
1185 1192 1198 1204
1185 1186 1179 1173
1186 1185 1192 1198
1186 1179 1173 1166
1187 1193 1199 1205
1187 1180 1174 1168
1188 1194 1200 1206
1188 1181 1175 1169
1189 1195 1201 1207
1189 1182 1176 1170
1190 1196 1202 1208
1190 1183 1177 1171
1191 1197 1203 1209
1191 1184 1178 1172
1192 1198 1204 1210
1192 1185 1186 1179
1193 1199 1205 1211
1193 1187 1180 1174
1194 1200 1206 1212
1194 1188 1181 1175
1195 1201 1207 1213
1195 1189 1182 1176
1196 1202 1208 1214
1196 1190 1183 1177
1197 1203 1209 1215
1197 1191 1184 1178
1198 1204 1210 1216
1198 1192 1185 1186
1199 1205 1211 1217
1199 1193 1187 1180
1200 1206 1212 1218
1200 1194 1188 1181
1201 1207 1213 1219
1201 1195 1189 1182
1202 1208 1214 1220
1202 1196 1190 1183
1203 1209 1215 1221
1203 1197 1191 1184
1204 1210 1216 1222
1204 1198 1192 1185
1205 1211 1217 1223
1205 1199 1193 1187
1206 1212 1218 1224
1206 1200 1194 1188
1207 1213 1219 1225
1207 1201 1195 1189
1208 1214 1220 1226
1208 1202 1196 1190
1209 1215 1221 1227
1209 1203 1197 1191
1210 1216 1222 1228
1210 1204 1198 1192
1211 1217 1223 1229
1211 1205 1199 1193
1212 1218 1224 1230
1212 1206 1200 1194
1213 1219 1225 1231
1213 1207 1201 1195
1214 1220 1226 1232
1214 1208 1202 1196
1215 1221 1227 1233
1215 1209 1203 1197
1216 1222 1228 1234
1216 1210 1204 1198
1217 1223 1229 1235
1217 1211 1205 1199
1218 1224 1230 1236
1218 1212 1206 1200
1219 1225 1231 1237
1219 1213 1207 1201
1220 1226 1232 1238
1220 1214 1208 1202
1221 1227 1233 1239
1221 1215 1209 1203
1222 1228 1234 1240
1222 1216 1210 1204
1223 1229 1235 1241
1223 1217 1211 1205
1224 1230 1236 1242
1224 1218 1212 1206
1225 1231 1237 1243
1225 1219 1213 1207
1226 1232 1238 1244
1226 1220 1214 1208
1227 1233 1239 1245
1227 1221 1215 1209
1228 1234 1240 1246
1228 1222 1216 1210
1229 1235 1241 1247
1229 1223 1217 1211
1230 1236 1242 1248
1230 1224 1218 1212
1231 1237 1243 1249
1231 1225 1219 1213
1232 1238 1244 1250
1232 1226 1220 1214
1233 1239 1245 1251
1233 1227 1221 1215
1234 1240 1246 1252
1234 1228 1222 1216
1235 1241 1247 1253
1235 1229 1223 1217
1236 1242 1248 1254
1236 1230 1224 1218
1237 1243 1249 1255
1237 1231 1225 1219
1238 1244 1250 1256
1238 1232 1226 1220
1239 1245 1251 1257
1239 1233 1227 1221
1240 1246 1252 1259
1240 1234 1228 1222
1241 1247 1253 1260
1241 1235 1229 1223
1242 1248 1254 1261
1242 1236 1230 1224
1243 1249 1255 1262
1243 1237 1231 1225
1244 1250 1256 1263
1244 1238 1232 1226
1245 1251 1257 1264
1245 1239 1233 1227
1246 1252 1259 1258
1246 1240 1234 1228
1247 1253 1260 1266
1247 1241 1235 1229
1248 1254 1261 1267
1248 1242 1236 1230
1249 1255 1262 1268
1249 1243 1237 1231
1250 1256 1263 1269
1250 1244 1238 1232
1251 1257 1264 1270
1251 1245 1239 1233
1252 1259 1258 1265
1252 1246 1240 1234
1253 1260 1266 1272
1253 1247 1241 1235
1254 1261 1267 1273
1254 1248 1242 1236
1255 1262 1268 1274
1255 1249 1243 1237
1256 1263 1269 1275
1256 1250 1244 1238
1257 1264 1270 1276
1257 1251 1245 1239
1258 1265 1271 1278
1258 1259 1252 1246
1259 1258 1265 1271
1259 1252 1246 1240
1260 1266 1272 1279
1260 1253 1247 1241
1261 1267 1273 1280
1261 1254 1248 1242
1262 1268 1274 1281
1262 1255 1249 1243
1263 1269 1275 1282
1263 1256 1250 1244
1264 1270 1276 1283
1264 1257 1251 1245
1265 1271 1278 1277
1265 1258 1259 1252
1266 1272 1279 1285
1266 1260 1253 1247
1267 1273 1280 1286
1267 1261 1254 1248
1268 1274 1281 1287
1268 1262 1255 1249
1269 1275 1282 1288
1269 1263 1256 1250
1270 1276 1283 1289
1270 1264 1257 1251
1271 1278 1277 1284
1271 1265 1258 1259
1272 1279 1285 1291
1272 1266 1260 1253
1273 1280 1286 1292
1273 1267 1261 1254
1274 1281 1287 1293
1274 1268 1262 1255
1275 1282 1288 1294
1275 1269 1263 1256
1276 1283 1289 1295
1276 1270 1264 1257
1277 1284 1290 1296
1277 1278 1271 1265
1278 1277 1284 1290
1278 1271 1265 1258
1279 1285 1291 1297
1279 1272 1266 1260
1280 1286 1292 1298
1280 1273 1267 1261
1281 1287 1293 1299
1281 1274 1268 1262
1282 1288 1294 1300
1282 1275 1269 1263
1283 1289 1295 1301
1283 1276 1270 1264
1284 1290 1296 1302
1284 1277 1278 1271
1285 1291 1297 1303
1285 1279 1272 1266
1286 1292 1298 1304
1286 1280 1273 1267
1287 1293 1299 1305
1287 1281 1274 1268
1288 1294 1300 1306
1288 1282 1275 1269
1289 1295 1301 1307
1289 1283 1276 1270
1290 1296 1302 1308
1290 1284 1277 1278
1291 1297 1303 1309
1291 1285 1279 1272
1292 1298 1304 1310
1292 1286 1280 1273
1293 1299 1305 1311
1293 1287 1281 1274
1294 1300 1306 1312
1294 1288 1282 1275
1295 1301 1307 1313
1295 1289 1283 1276
1296 1302 1308 1314
1296 1290 1284 1277
1297 1303 1309 1315
1297 1291 1285 1279
1298 1304 1310 1316
1298 1292 1286 1280
1299 1305 1311 1317
1299 1293 1287 1281
1300 1306 1312 1318
1300 1294 1288 1282
1301 1307 1313 1319
1301 1295 1289 1283
1302 1308 1314 1320
1302 1296 1290 1284
1303 1309 1315 1321
1303 1297 1291 1285
1304 1310 1316 1322
1304 1298 1292 1286
1305 1311 1317 1323
1305 1299 1293 1287
1306 1312 1318 1324
1306 1300 1294 1288
1307 1313 1319 1325
1307 1301 1295 1289
1308 1314 1320 1326
1308 1302 1296 1290
1309 1315 1321 1327
1309 1303 1297 1291
1310 1316 1322 1328
1310 1304 1298 1292
1311 1317 1323 1329
1311 1305 1299 1293
1312 1318 1324 1330
1312 1306 1300 1294
1313 1319 1325 1331
1313 1307 1301 1295
1314 1320 1326 1332
1314 1308 1302 1296
1315 1321 1327 1333
1315 1309 1303 1297
1316 1322 1328 1334
1316 1310 1304 1298
1317 1323 1329 1335
1317 1311 1305 1299
1318 1324 1330 1336
1318 1312 1306 1300
1319 1325 1331 1337
1319 1313 1307 1301
1320 1326 1332 1338
1320 1314 1308 1302
1321 1327 1333 1339
1321 1315 1309 1303
1322 1328 1334 1340
1322 1316 1310 1304
1323 1329 1335 1341
1323 1317 1311 1305
1324 1330 1336 1342
1324 1318 1312 1306
1325 1331 1337 1343
1325 1319 1313 1307
1326 1332 1338 1345
1326 1320 1314 1308
1327 1333 1339 1346
1327 1321 1315 1309
1328 1334 1340 1347
1328 1322 1316 1310
1329 1335 1341 1348
1329 1323 1317 1311
1330 1336 1342 1349
1330 1324 1318 1312
1331 1337 1343 1350
1331 1325 1319 1313
1332 1338 1345 1344
1332 1326 1320 1314
1333 1339 1346 1352
1333 1327 1321 1315
1334 1340 1347 1353
1334 1328 1322 1316
1335 1341 1348 1354
1335 1329 1323 1317
1336 1342 1349 1355
1336 1330 1324 1318
1337 1343 1350 1356
1337 1331 1325 1319
1338 1345 1344 1351
1338 1332 1326 1320
1339 1346 1352 1358
1339 1333 1327 1321
1340 1347 1353 1359
1340 1334 1328 1322
1341 1348 1354 1360
1341 1335 1329 1323
1342 1349 1355 1361
1342 1336 1330 1324
1343 1350 1356 1362
1343 1337 1331 1325
1344 1351 1357 1363
1344 1345 1338 1332
1345 1344 1351 1357
1345 1338 1332 1326
1346 1352 1358 1364
1346 1339 1333 1327
1347 1353 1359 1365
1347 1340 1334 1328
1348 1354 1360 1366
1348 1341 1335 1329
1349 1355 1361 1367
1349 1342 1336 1330
1350 1356 1362 1368
1350 1343 1337 1331
1351 1357 1363 1370
1351 1344 1345 1338
1352 1358 1364 1371
1352 1346 1339 1333
1353 1359 1365 1372
1353 1347 1340 1334
1354 1360 1366 1373
1354 1348 1341 1335
1355 1361 1367 1374
1355 1349 1342 1336
1356 1362 1368 1375
1356 1350 1343 1337
1357 1363 1370 1369
1357 1351 1344 1345
1358 1364 1371 1377
1358 1352 1346 1339
1359 1365 1372 1378
1359 1353 1347 1340
1360 1366 1373 1379
1360 1354 1348 1341
1361 1367 1374 1380
1361 1355 1349 1342
1362 1368 1375 1381
1362 1356 1350 1343
1363 1370 1369 1376
1363 1357 1351 1344
1364 1371 1377 1383
1364 1358 1352 1346
1365 1372 1378 1384
1365 1359 1353 1347
1366 1373 1379 1385
1366 1360 1354 1348
1367 1374 1380 1386
1367 1361 1355 1349
1368 1375 1381 1387
1368 1362 1356 1350
1369 1376 1382 1388
1369 1370 1363 1357
1370 1369 1376 1382
1370 1363 1357 1351
1371 1377 1383 1389
1371 1364 1358 1352
1372 1378 1384 1390
1372 1365 1359 1353
1373 1379 1385 1391
1373 1366 1360 1354
1374 1380 1386 1392
1374 1367 1361 1355
1375 1381 1387 1393
1375 1368 1362 1356
1376 1382 1388 1394
1376 1369 1370 1363
1377 1383 1389 1395
1377 1371 1364 1358
1378 1384 1390 1396
1378 1372 1365 1359
1379 1385 1391 1397
1379 1373 1366 1360
1380 1386 1392 1398
1380 1374 1367 1361
1381 1387 1393 1399
1381 1375 1368 1362
1382 1388 1394 1400
1382 1376 1369 1370
1383 1389 1395 1401
1383 1377 1371 1364
1384 1390 1396 1402
1384 1378 1372 1365
1385 1391 1397 1403
1385 1379 1373 1366
1386 1392 1398 1404
1386 1380 1374 1367
1387 1393 1399 1405
1387 1381 1375 1368
1388 1394 1400 1406
1388 1382 1376 1369
1389 1395 1401 1407
1389 1383 1377 1371
1390 1396 1402 1408
1390 1384 1378 1372
1391 1397 1403 1409
1391 1385 1379 1373
1392 1398 1404 1410
1392 1386 1380 1374
1393 1399 1405 1411
1393 1387 1381 1375
1394 1400 1406 1412
1394 1388 1382 1376
1395 1401 1407 1413
1395 1389 1383 1377
1396 1402 1408 1414
1396 1390 1384 1378
1397 1403 1409 1415
1397 1391 1385 1379
1398 1404 1410 1416
1398 1392 1386 1380
1399 1405 1411 1417
1399 1393 1387 1381
1400 1406 1412 1418
1400 1394 1388 1382
1401 1407 1413 1419
1401 1395 1389 1383
1402 1408 1414 1420
1402 1396 1390 1384
1403 1409 1415 1421
1403 1397 1391 1385
1404 1410 1416 1422
1404 1398 1392 1386
1405 1411 1417 1423
1405 1399 1393 1387
1406 1412 1418 1424
1406 1400 1394 1388
1407 1413 1419 1425
1407 1401 1395 1389
1408 1414 1420 1426
1408 1402 1396 1390
1409 1415 1421 1427
1409 1403 1397 1391
1410 1416 1422 1428
1410 1404 1398 1392
1411 1417 1423 1429
1411 1405 1399 1393
1412 1418 1424 1430
1412 1406 1400 1394
1413 1419 1425 1431
1413 1407 1401 1395
1414 1420 1426 1432
1414 1408 1402 1396
1415 1421 1427 1433
1415 1409 1403 1397
1416 1422 1428 1434
1416 1410 1404 1398
1417 1423 1429 1435
1417 1411 1405 1399
1418 1424 1430 1436
1418 1412 1406 1400
1419 1425 1431 1437
1419 1413 1407 1401
1420 1426 1432 1438
1420 1414 1408 1402
1421 1427 1433 1439
1421 1415 1409 1403
1422 1428 1434 1440
1422 1416 1410 1404
1423 1429 1435 1441
1423 1417 1411 1405
1424 1430 1436 1442
1424 1418 1412 1406
1425 1431 1437 1443
1425 1419 1413 1407
1426 1432 1438 1444
1426 1420 1414 1408
1427 1433 1439 1445
1427 1421 1415 1409
1428 1434 1440 1446
1428 1422 1416 1410
1429 1435 1441 1447
1429 1423 1417 1411
1430 1436 1442 1448
1430 1424 1418 1412
1431 1437 1443 1449
1431 1425 1419 1413
1432 1438 1444 1450
1432 1426 1420 1414
1433 1439 1445 1451
1433 1427 1421 1415
1434 1440 1446 1452
1434 1428 1422 1416
1435 1441 1447 1453
1435 1429 1423 1417
1436 1442 1448 1454
1436 1430 1424 1418
1437 1443 1449 1455
1437 1431 1425 1419
1438 1444 1450 1457
1438 1432 1426 1420
1439 1445 1451 1458
1439 1433 1427 1421
1440 1446 1452 1459
1440 1434 1428 1422
1441 1447 1453 1460
1441 1435 1429 1423
1442 1448 1454 1461
1442 1436 1430 1424
1443 1449 1455 1456
1443 1437 1431 1425
1444 1450 1457 1463
1444 1438 1432 1426
1445 1451 1458 1464
1445 1439 1433 1427
1446 1452 1459 1465
1446 1440 1434 1428
1447 1453 1460 1466
1447 1441 1435 1429
1448 1454 1461 1467
1448 1442 1436 1430
1449 1455 1456 1462
1449 1443 1437 1431
1450 1457 1463 1469
1450 1444 1438 1432
1451 1458 1464 1470
1451 1445 1439 1433
1452 1459 1465 1471
1452 1446 1440 1434
1453 1460 1466 1472
1453 1447 1441 1435
1454 1461 1467 1473
1454 1448 1442 1436
1455 1456 1462 1468
1455 1449 1443 1437
1456 1462 1468 1474
1456 1455 1449 1443
1457 1463 1469 1475
1457 1450 1444 1438
1458 1464 1470 1476
1458 1451 1445 1439
1459 1465 1471 1477
1459 1452 1446 1440
1460 1466 1472 1478
1460 1453 1447 1441
1461 1467 1473 1479
1461 1454 1448 1442
1462 1468 1474 1480
1462 1456 1455 1449
1463 1469 1475 1481
1463 1457 1450 1444
1464 1470 1476 1482
1464 1458 1451 1445
1465 1471 1477 1483
1465 1459 1452 1446
1466 1472 1478 1484
1466 1460 1453 1447
1467 1473 1479 1485
1467 1461 1454 1448
1468 1474 1480 1486
1468 1462 1456 1455
1469 1475 1481 1487
1469 1463 1457 1450
1470 1476 1482 1488
1470 1464 1458 1451
1471 1477 1483 1489
1471 1465 1459 1452
1472 1478 1484 1490
1472 1466 1460 1453
1473 1479 1485 1491
1473 1467 1461 1454
1474 1480 1486 1492
1474 1468 1462 1456
1475 1481 1487 1493
1475 1469 1463 1457
1476 1482 1488 1494
1476 1470 1464 1458
1477 1483 1489 1495
1477 1471 1465 1459
1478 1484 1490 1496
1478 1472 1466 1460
1479 1485 1491 1497
1479 1473 1467 1461
1480 1486 1492 1498
1480 1474 1468 1462
1481 1487 1493 1499
1481 1475 1469 1463
1482 1488 1494 1500
1482 1476 1470 1464
1483 1489 1495 1501
1483 1477 1471 1465
1484 1490 1496 1502
1484 1478 1472 1466
1485 1491 1497 1503
1485 1479 1473 1467
1486 1492 1498 1504
1486 1480 1474 1468
1487 1493 1499 1505
1487 1481 1475 1469
1488 1494 1500 1506
1488 1482 1476 1470
1489 1495 1501 1507
1489 1483 1477 1471
1490 1496 1502 1508
1490 1484 1478 1472
1491 1497 1503 1509
1491 1485 1479 1473
1492 1498 1504 1510
1492 1486 1480 1474
1493 1499 1505 1511
1493 1487 1481 1475
1494 1500 1506 1512
1494 1488 1482 1476
1495 1501 1507 1513
1495 1489 1483 1477
1496 1502 1508 1514
1496 1490 1484 1478
1497 1503 1509 1515
1497 1491 1485 1479
1498 1504 1510 1516
1498 1492 1486 1480
1499 1505 1511 1517
1499 1493 1487 1481
1500 1506 1512 1518
1500 1494 1488 1482
1501 1507 1513 1519
1501 1495 1489 1483
1502 1508 1514 1520
1502 1496 1490 1484
1503 1509 1515 1521
1503 1497 1491 1485
1504 1510 1516 1522
1504 1498 1492 1486
1505 1511 1517 1523
1505 1499 1493 1487
1506 1512 1518 1524
1506 1500 1494 1488
1507 1513 1519 1526
1507 1501 1495 1489
1508 1514 1520 1527
1508 1502 1496 1490
1509 1515 1521 -1
1509 1503 1497 1491
1510 1516 1522 1528
1510 1504 1498 1492
1511 1517 1523 1529
1511 1505 1499 1493
1512 1518 1524 1530
1512 1506 1500 1494
1513 1519 1526 1525
1513 1507 1501 1495
1514 1520 1527 1532
1514 1508 1502 1496
1515 1509 1503 1497
1516 1522 1528 1533
1516 1510 1504 1498
1517 1523 1529 1534
1517 1511 1505 1499
1518 1524 1530 1535
1518 1512 1506 1500
1519 1526 1525 1531
1519 1513 1507 1501
1520 1527 1532 1537
1520 1514 1508 1502
1521 1515 1509 1503
1522 1528 1533 1538
1522 1516 1510 1504
1523 1529 1534 1539
1523 1517 1511 1505
1524 1530 1535 1540
1524 1518 1512 1506
1525 1531 1536 1541
1525 1526 1519 1513
1526 1525 1531 1536
1526 1519 1513 1507
1527 1532 1537 1542
1527 1520 1514 1508
1528 1533 1538 1543
1528 1522 1516 1510
1529 1534 1539 1544
1529 1523 1517 1511
1530 1535 1540 1545
1530 1524 1518 1512
1531 1536 1541 1546
1531 1525 1526 1519
1532 1537 1542 1547
1532 1527 1520 1514
1533 1538 1543 1548
1533 1528 1522 1516
1534 1539 1544 1549
1534 1529 1523 1517
1535 1540 1545 1550
1535 1530 1524 1518
1536 1541 1546 1551
1536 1531 1525 1526
1537 1542 1547 1552
1537 1532 1527 1520
1538 1543 1548 1553
1538 1533 1528 1522
1539 1544 1549 1554
1539 1534 1529 1523
1540 1545 1550 1555
1540 1535 1530 1524
1541 1546 1551 1556
1541 1536 1531 1525
1542 1547 1552 1557
1542 1537 1532 1527
1543 1548 1553 1558
1543 1538 1533 1528
1544 1549 1554 1559
1544 1539 1534 1529
1545 1550 1555 1560
1545 1540 1535 1530
1546 1551 1556 1561
1546 1541 1536 1531
1547 1552 1557 1562
1547 1542 1537 1532
1548 1553 1558 1563
1548 1543 1538 1533
1549 1554 1559 1564
1549 1544 1539 1534
1550 1555 1560 1565
1550 1545 1540 1535
1551 1556 1561 1566
1551 1546 1541 1536
1552 1557 1562 1567
1552 1547 1542 1537
1553 1558 1563 1568
1553 1548 1543 1538
1554 1559 1564 1569
1554 1549 1544 1539
1555 1560 1565 1570
1555 1550 1545 1540
1556 1561 1566 1571
1556 1551 1546 1541
1557 1562 1567 1572
1557 1552 1547 1542
1558 1563 1568 1573
1558 1553 1548 1543
1559 1564 1569 1574
1559 1554 1549 1544
1560 1565 1570 1575
1560 1555 1550 1545
1561 1566 1571 1576
1561 1556 1551 1546
1562 1567 1572 1577
1562 1557 1552 1547
1563 1568 1573 1578
1563 1558 1553 1548
1564 1569 1574 1579
1564 1559 1554 1549
1565 1570 1575 1580
1565 1560 1555 1550
1566 1571 1576 1581
1566 1561 1556 1551
1567 1572 1577 1582
1567 1562 1557 1552
1568 1573 1578 1583
1568 1563 1558 1553
1569 1574 1579 1584
1569 1564 1559 1554
1570 1575 1580 1585
1570 1565 1560 1555
1571 1576 1581 1586
1571 1566 1561 1556
1572 1577 1582 1587
1572 1567 1562 1557
1573 1578 1583 1588
1573 1568 1563 1558
1574 1579 1584 1589
1574 1569 1564 1559
1575 1580 1585 1590
1575 1570 1565 1560
1576 1581 1586 1591
1576 1571 1566 1561
1577 1582 1587 1592
1577 1572 1567 1562
1578 1583 1588 1593
1578 1573 1568 1563
1579 1584 1589 1594
1579 1574 1569 1564
1580 1585 1590 1595
1580 1575 1570 1565
1581 1586 1591 1596
1581 1576 1571 1566
1582 1587 1592 1597
1582 1577 1572 1567
1583 1588 1593 1598
1583 1578 1573 1568
1584 1589 1594 1599
1584 1579 1574 1569
1585 1590 1595 1600
1585 1580 1575 1570
1586 1591 1596 1601
1586 1581 1576 1571
1587 1592 1597 1602
1587 1582 1577 1572
1588 1593 1598 1603
1588 1583 1578 1573
1589 1594 1599 1604
1589 1584 1579 1574
1590 1595 1600 1605
1590 1585 1580 1575
1591 1596 1601 1606
1591 1586 1581 1576
1592 1597 1602 1607
1592 1587 1582 1577
1593 1598 1603 1608
1593 1588 1583 1578
1594 1599 1604 1609
1594 1589 1584 1579
1595 1600 1605 1610
1595 1590 1585 1580
1596 1601 1606 1611
1596 1591 1586 1581
1597 1602 1607 1612
1597 1592 1587 1582
1598 1603 1608 1613
1598 1593 1588 1583
1599 1604 1609 1614
1599 1594 1589 1584
1600 1605 1610 1615
1600 1595 1590 1585
1601 1606 1611 1616
1601 1596 1591 1586
1602 1607 1612 1617
1602 1597 1592 1587
1603 1608 1613 1618
1603 1598 1593 1588
1604 1609 1614 1619
1604 1599 1594 1589
1605 1610 1615 1620
1605 1600 1595 1590
1606 1611 1616 1621
1606 1601 1596 1591
1607 1612 1617 1622
1607 1602 1597 1592
1608 1613 1618 1623
1608 1603 1598 1593
1609 1614 1619 1624
1609 1604 1599 1594
1610 1615 1620 1625
1610 1605 1600 1595
1611 1616 1621 1626
1611 1606 1601 1596
1612 1617 1622 1627
1612 1607 1602 1597
1613 1618 1623 1628
1613 1608 1603 1598
1614 1619 1624 1629
1614 1609 1604 1599
1615 1620 1625 1630
1615 1610 1605 1600
1616 1621 1626 1631
1616 1611 1606 1601
1617 1622 1627 1632
1617 1612 1607 1602
1618 1623 1628 1633
1618 1613 1608 1603
1619 1624 1629 1634
1619 1614 1609 1604
1620 1625 1630 1635
1620 1615 1610 1605
1621 1626 1631 1636
1621 1616 1611 1606
1622 1627 1632 1637
1622 1617 1612 1607
1623 1628 1633 1638
1623 1618 1613 1608
1624 1629 1634 1639
1624 1619 1614 1609
1625 1630 1635 1640
1625 1620 1615 1610
1626 1631 1636 1641
1626 1621 1616 1611
1627 1632 1637 1642
1627 1622 1617 1612
1628 1633 1638 1643
1628 1623 1618 1613
1629 1634 1639 1644
1629 1624 1619 1614
1630 1635 1640 1645
1630 1625 1620 1615
1631 1636 1641 1646
1631 1626 1621 1616
1632 1637 1642 1647
1632 1627 1622 1617
1633 1638 1643 1648
1633 1628 1623 1618
1634 1639 1644 1649
1634 1629 1624 1619
1635 1640 1645 1650
1635 1630 1625 1620
1636 1641 1646 1651
1636 1631 1626 1621
1637 1642 1647 1652
1637 1632 1627 1622
1638 1643 1648 1653
1638 1633 1628 1623
1639 1644 1649 1654
1639 1634 1629 1624
1640 1645 1650 1655
1640 1635 1630 1625
1641 1646 1651 1656
1641 1636 1631 1626
1642 1647 1652 1657
1642 1637 1632 1627
1643 1648 1653 1658
1643 1638 1633 1628
1644 1649 1654 1659
1644 1639 1634 1629
1645 1650 1655 1660
1645 1640 1635 1630
1646 1651 1656 1661
1646 1641 1636 1631
1647 1652 1657 1662
1647 1642 1637 1632
1648 1653 1658 1663
1648 1643 1638 1633
1649 1654 1659 1664
1649 1644 1639 1634
1650 1655 1660 1665
1650 1645 1640 1635
1651 1656 1661 1666
1651 1646 1641 1636
1652 1657 1662 1667
1652 1647 1642 1637
1653 1658 1663 1668
1653 1648 1643 1638
1654 1659 1664 1669
1654 1649 1644 1639
1655 1660 1665 1670
1655 1650 1645 1640
1656 1661 1666 1671
1656 1651 1646 1641
1657 1662 1667 1672
1657 1652 1647 1642
1658 1663 1668 1673
1658 1653 1648 1643
1659 1664 1669 1674
1659 1654 1649 1644
1660 1665 1670 1675
1660 1655 1650 1645
1661 1666 1671 1676
1661 1656 1651 1646
1662 1667 1672 1677
1662 1657 1652 1647
1663 1668 1673 1678
1663 1658 1653 1648
1664 1669 1674 1679
1664 1659 1654 1649
1665 1670 1675 1680
1665 1660 1655 1650
1666 1671 1676 1681
1666 1661 1656 1651
1667 1672 1677 1682
1667 1662 1657 1652
1668 1673 1678 1683
1668 1663 1658 1653
1669 1674 1679 1684
1669 1664 1659 1654
1670 1675 1680 1685
1670 1665 1660 1655
1671 1676 1681 1686
1671 1666 1661 1656
1672 1677 1682 1687
1672 1667 1662 1657
1673 1678 1683 1688
1673 1668 1663 1658
1674 1679 1684 1689
1674 1669 1664 1659
1675 1680 1685 1690
1675 1670 1665 1660
1676 1681 1686 1691
1676 1671 1666 1661
1677 1682 1687 1692
1677 1672 1667 1662
1678 1683 1688 1693
1678 1673 1668 1663
1679 1684 1689 1694
1679 1674 1669 1664
1680 1685 1690 1695
1680 1675 1670 1665
1681 1686 1691 1696
1681 1676 1671 1666
1682 1687 1692 1697
1682 1677 1672 1667
1683 1688 1693 1698
1683 1678 1673 1668
1684 1689 1694 1699
1684 1679 1674 1669
1685 1690 1695 1700
1685 1680 1675 1670
1686 1691 1696 1701
1686 1681 1676 1671
1687 1692 1697 1702
1687 1682 1677 1672
1688 1693 1698 1703
1688 1683 1678 1673
1689 1694 1699 1704
1689 1684 1679 1674
1690 1695 1700 1705
1690 1685 1680 1675
1691 1696 1701 1706
1691 1686 1681 1676
1692 1697 1702 1707
1692 1687 1682 1677
1693 1698 1703 1708
1693 1688 1683 1678
1694 1699 1704 1709
1694 1689 1684 1679
1695 1700 1705 1710
1695 1690 1685 1680
1696 1701 1706 1711
1696 1691 1686 1681
1697 1702 1707 1712
1697 1692 1687 1682
1698 1703 1708 1713
1698 1693 1688 1683
1699 1704 1709 1714
1699 1694 1689 1684
1700 1705 1710 1715
1700 1695 1690 1685
1701 1706 1711 1716
1701 1696 1691 1686
1702 1707 1712 1717
1702 1697 1692 1687
1703 1708 1713 1718
1703 1698 1693 1688
1704 1709 1714 1719
1704 1699 1694 1689
1705 1710 1715 1720
1705 1700 1695 1690
1706 1711 1716 1721
1706 1701 1696 1691
1707 1712 1717 1722
1707 1702 1697 1692
1708 1713 1718 1723
1708 1703 1698 1693
1709 1714 1719 1724
1709 1704 1699 1694
1710 1715 1720 1725
1710 1705 1700 1695
1711 1716 1721 1726
1711 1706 1701 1696
1712 1717 1722 1727
1712 1707 1702 1697
1713 1718 1723 1728
1713 1708 1703 1698
1714 1719 1724 1729
1714 1709 1704 1699
1715 1720 1725 1730
1715 1710 1705 1700
1716 1721 1726 1731
1716 1711 1706 1701
1717 1722 1727 1732
1717 1712 1707 1702
1718 1723 1728 1733
1718 1713 1708 1703
1719 1724 1729 1734
1719 1714 1709 1704
1720 1725 1730 1735
1720 1715 1710 1705
1721 1726 1731 1736
1721 1716 1711 1706
1722 1727 1732 1737
1722 1717 1712 1707
1723 1728 1733 1738
1723 1718 1713 1708
1724 1729 1734 1739
1724 1719 1714 1709
1725 1730 1735 1740
1725 1720 1715 1710
1726 1731 1736 1741
1726 1721 1716 1711
1727 1732 1737 1742
1727 1722 1717 1712
1728 1733 1738 1743
1728 1723 1718 1713
1729 1734 1739 1744
1729 1724 1719 1714
1730 1735 1740 1745
1730 1725 1720 1715
1731 1736 1741 1746
1731 1726 1721 1716
1732 1737 1742 1747
1732 1727 1722 1717
1733 1738 1743 1748
1733 1728 1723 1718
1734 1739 1744 1749
1734 1729 1724 1719
1735 1740 1745 1750
1735 1730 1725 1720
1736 1741 1746 1751
1736 1731 1726 1721
1737 1742 1747 1752
1737 1732 1727 1722
1738 1743 1748 1753
1738 1733 1728 1723
1739 1744 1749 1754
1739 1734 1729 1724
1740 1745 1750 1755
1740 1735 1730 1725
1741 1746 1751 1756
1741 1736 1731 1726
1742 1747 1752 1757
1742 1737 1732 1727
1743 1748 1753 1758
1743 1738 1733 1728
1744 1749 1754 1759
1744 1739 1734 1729
1745 1750 1755 1761
1745 1740 1735 1730
1746 1751 1756 1762
1746 1741 1736 1731
1747 1752 1757 1763
1747 1742 1737 1732
1748 1753 1758 1764
1748 1743 1738 1733
1749 1754 1759 1760
1749 1744 1739 1734
1750 1755 1761 1766
1750 1745 1740 1735
1751 1756 1762 1767
1751 1746 1741 1736
1752 1757 1763 1768
1752 1747 1742 1737
1753 1758 1764 1769
1753 1748 1743 1738
1754 1759 1760 1765
1754 1749 1744 1739
1755 1761 1766 1771
1755 1750 1745 1740
1756 1762 1767 1772
1756 1751 1746 1741
1757 1763 1768 1773
1757 1752 1747 1742
1758 1764 1769 1774
1758 1753 1748 1743
1759 1760 1765 1770
1759 1754 1749 1744
1760 1765 1770 1775
1760 1759 1754 1749
1761 1766 1771 1776
1761 1755 1750 1745
1762 1767 1772 1777
1762 1756 1751 1746
1763 1768 1773 1778
1763 1757 1752 1747
1764 1769 1774 1779
1764 1758 1753 1748
1765 1770 1775 1780
1765 1760 1759 1754
1766 1771 1776 1781
1766 1761 1755 1750
1767 1772 1777 1782
1767 1762 1756 1751
1768 1773 1778 1783
1768 1763 1757 1752
1769 1774 1779 1784
1769 1764 1758 1753
1770 1775 1780 1785
1770 1765 1760 1759
1771 1776 1781 1786
1771 1766 1761 1755
1772 1777 1782 1787
1772 1767 1762 1756
1773 1778 1783 1788
1773 1768 1763 1757
1774 1779 1784 1789
1774 1769 1764 1758
1775 1780 1785 1790
1775 1770 1765 1760
1776 1781 1786 1791
1776 1771 1766 1761
1777 1782 1787 1792
1777 1772 1767 1762
1778 1783 1788 1793
1778 1773 1768 1763
1779 1784 1789 1794
1779 1774 1769 1764
1780 1785 1790 1795
1780 1775 1770 1765
1781 1786 1791 1796
1781 1776 1771 1766
1782 1787 1792 1797
1782 1777 1772 1767
1783 1788 1793 1798
1783 1778 1773 1768
1784 1789 1794 1799
1784 1779 1774 1769
1785 1790 1795 1800
1785 1780 1775 1770
1786 1791 1796 1802
1786 1781 1776 1771
1787 1792 1797 1803
1787 1782 1777 1772
1788 1793 1798 1804
1788 1783 1778 1773
1789 1794 1799 1805
1789 1784 1779 1774
1790 1795 1800 1801
1790 1785 1780 1775
1791 1796 1802 1807
1791 1786 1781 1776
1792 1797 1803 1808
1792 1787 1782 1777
1793 1798 1804 1809
1793 1788 1783 1778
1794 1799 1805 1810
1794 1789 1784 1779
1795 1800 1801 1806
1795 1790 1785 1780
1796 1802 1807 1812
1796 1791 1786 1781
1797 1803 1808 1813
1797 1792 1787 1782
1798 1804 1809 1814
1798 1793 1788 1783
1799 1805 1810 1815
1799 1794 1789 1784
1800 1801 1806 1811
1800 1795 1790 1785
1801 1806 1811 1816
1801 1806 1828 1830
1801 1800 1795 1790
1802 1807 1812 1818
1802 1796 1791 1786
1803 1808 1813 1819
1803 1797 1792 1787
1804 1809 1814 1820
1804 1798 1793 1788
1805 1810 1815 1821
1805 1799 1794 1789
1806 1811 1816 1822
1806 1811 1828 1829
1806 1801 1800 1795
1807 1812 1818 1817
1807 1802 1796 1791
1808 1813 1819 1825
1808 1803 1797 1792
1809 1814 1820 1826
1809 1804 1798 1793
1810 1815 1821 1827
1810 1805 1799 1794
1811 1816 1822 1823
1811 1816 1828 1829
1811 1806 1801 1800
1812 1818 1817 1824
1812 1807 1802 1796
1813 1819 1825 1833
1813 1808 1803 1797
1814 1820 1826 1834
1814 1809 1804 1798
1815 1821 1827 1835
1815 1810 1805 1799
1816 1822 1823 1828
1816 1811 1806 1801
1817 1824 1832 1831
1817 1818 1812 1807
1818 1817 1824 1832
1818 1812 1807 1802
1819 1825 1833 1836
1819 1813 1808 1803
1820 1826 1834 1837
1820 1814 1809 1804
1821 1827 1835 1838
1821 1815 1810 1805
1822 1823 1828 1829
1822 1816 1811 1806
1823 1828 1829 1830
1823 1822 1816 1811
1824 1832 1831 1830
1824 1817 1818 1812
1825 1833 1836 1839
1825 1819 1813 1808
1826 1834 1837 1840
1826 1820 1814 1809
1827 1835 1838 1841
1827 1821 1815 1810
1828 1829 1830 -1
1828 1823 1822 1816
1829 1830 1831 -1
1829 1828 1823 1822
1830 1829 1828 1823
1830 1829 1828 1811
1830 1829 1828 1806
1830 1829 1806 1801
1830 1831 1832 1824
1831 1830 1829 -1
1831 1832 1824 1817
1832 1831 1830 -1
1832 1824 1817 1818
1833 1836 1839 1842
1833 1825 1819 1813
1834 1837 1840 1843
1834 1826 1820 1814
1835 1838 1841 1844
1835 1827 1821 1815
1836 1839 1842 1845
1836 1833 1825 1819
1837 1840 1843 1846
1837 1834 1826 1820
1838 1841 1844 1847
1838 1835 1827 1821
1839 1842 1845 1848
1839 1836 1833 1825
1840 1843 1846 1849
1840 1837 1834 1826
1841 1844 1847 1850
1841 1838 1835 1827
1842 1845 1848 1851
1842 1839 1836 1833
1843 1846 1849 1852
1843 1840 1837 1834
1844 1847 1850 1853
1844 1841 1838 1835
1845 1848 1851 1854
1845 1842 1839 1836
1846 1849 1852 1855
1846 1843 1840 1837
1847 1850 1853 1856
1847 1844 1841 1838
1848 1851 1854 1857
1848 1845 1842 1839
1849 1852 1855 1858
1849 1846 1843 1840
1850 1853 1856 1859
1850 1847 1844 1841
1851 1854 1857 1860
1851 1848 1845 1842
1852 1855 1858 1861
1852 1849 1846 1843
1853 1856 1859 1862
1853 1850 1847 1844
1854 1857 1860 1863
1854 1851 1848 1845
1855 1858 1861 1864
1855 1852 1849 1846
1856 1859 1862 1865
1856 1853 1850 1847
1857 1860 1863 1866
1857 1854 1851 1848
1858 1861 1864 1867
1858 1855 1852 1849
1859 1862 1865 1869
1859 1856 1853 1850
1860 1863 1866 1870
1860 1857 1854 1851
1861 1864 1867 1871
1861 1858 1855 1852
1862 1865 1869 1873
1862 1859 1856 1853
1863 1866 1870 1874
1863 1860 1857 1854
1864 1867 1871 1875
1864 1861 1858 1855
1865 1869 1873 1877
1865 1862 1859 1856
1866 1870 1874 1878
1866 1863 1860 1857
1867 1871 1875 1879
1867 1864 1861 1858
1868 1872 1876 1880
1869 1873 1877 1881
1869 1865 1862 1859
1870 1874 1878 1882
1870 1866 1863 1860
1871 1875 1879 1883
1871 1867 1864 1861
1872 1876 1880 1884
1873 1877 1881 1885
1873 1869 1865 1862
1874 1878 1882 1886
1874 1870 1866 1863
1875 1879 1883 1887
1875 1871 1867 1864
1876 1880 1884 1888
1876 1872 1868 -1
1877 1881 1885 1889
1877 1873 1869 1865
1878 1882 1886 1890
1878 1874 1870 1866
1879 1883 1887 1891
1879 1875 1871 1867
1880 1884 1888 1892
1880 1876 1872 1868
1881 1885 1889 1893
1881 1877 1873 1869
1882 1886 1890 1894
1882 1878 1874 1870
1883 1887 1891 1895
1883 1879 1875 1871
1884 1888 1892 1896
1884 1880 1876 1872
1885 1889 1893 1897
1885 1881 1877 1873
1886 1890 1894 1898
1886 1882 1878 1874
1887 1891 1895 1899
1887 1883 1879 1875
1888 1892 1896 1900
1888 1884 1880 1876
1889 1893 1897 1901
1889 1885 1881 1877
1890 1894 1898 1903
1890 1886 1882 1878
1891 1895 1899 1904
1891 1887 1883 1879
1892 1896 1900 1905
1892 1888 1884 1880
1893 1897 1901 1906
1893 1889 1885 1881
1894 1898 1903 1902
1894 1890 1886 1882
1895 1899 1904 1908
1895 1891 1887 1883
1896 1900 1905 1909
1896 1892 1888 1884
1897 1901 1906 1910
1897 1893 1889 1885
1898 1903 1902 1907
1898 1894 1890 1886
1899 1904 1908 1912
1899 1895 1891 1887
1900 1905 1909 1913
1900 1896 1892 1888
1901 1906 1910 1914
1901 1897 1893 1889
1902 1907 1911 1915
1902 1903 1898 1894
1903 1902 1907 1911
1903 1898 1894 1890
1904 1908 1912 1916
1904 1899 1895 1891
1905 1909 1913 1917
1905 1900 1896 1892
1906 1910 1914 1918
1906 1901 1897 1893
1907 1911 1915 1919
1907 1902 1903 1898
1908 1912 1916 1920
1908 1904 1899 1895
1909 1913 1917 1921
1909 1905 1900 1896
1910 1914 1918 1922
1910 1906 1901 1897
1911 1915 1919 1923
1911 1907 1902 1903
1912 1916 1920 1924
1912 1908 1904 1899
1913 1917 1921 1925
1913 1909 1905 1900
1914 1918 1922 1926
1914 1910 1906 1901
1915 1919 1923 1927
1915 1911 1907 1902
1916 1920 1924 1928
1916 1912 1908 1904
1917 1921 1925 1929
1917 1913 1909 1905
1918 1922 1926 1930
1918 1914 1910 1906
1919 1923 1927 1931
1919 1915 1911 1907
1920 1924 1928 1932
1920 1916 1912 1908
1921 1925 1929 1933
1921 1917 1913 1909
1922 1926 1930 1934
1922 1918 1914 1910
1923 1927 1931 1935
1923 1919 1915 1911
1924 1928 1932 1936
1924 1920 1916 1912
1925 1929 1933 1937
1925 1921 1917 1913
1926 1930 1934 1939
1926 1922 1918 1914
1927 1931 1935 1940
1927 1923 1919 1915
1928 1932 1936 1941
1928 1924 1920 1916
1929 1933 1937 1938
1929 1925 1921 1917
1930 1934 1939 1943
1930 1926 1922 1918
1931 1935 1940 1944
1931 1927 1923 1919
1932 1936 1941 1945
1932 1928 1924 1920
1933 1937 1938 1942
1933 1929 1925 1921
1934 1939 1943 1947
1934 1930 1926 1922
1935 1940 1944 1948
1935 1931 1927 1923
1936 1941 1945 1949
1936 1932 1928 1924
1937 1938 1942 1946
1937 1933 1929 1925
1938 1942 1946 1950
1938 1937 1933 1929
1939 1943 1947 1951
1939 1934 1930 1926
1940 1944 1948 1952
1940 1935 1931 1927
1941 1945 1949 1953
1941 1936 1932 1928
1942 1946 1950 1954
1942 1938 1937 1933
1943 1947 1951 1955
1943 1939 1934 1930
1944 1948 1952 1956
1944 1940 1935 1931
1945 1949 1953 1957
1945 1941 1936 1932
1946 1950 1954 1958
1946 1942 1938 1937
1947 1951 1955 1959
1947 1943 1939 1934
1948 1952 1956 1960
1948 1944 1940 1935
1949 1953 1957 1961
1949 1945 1941 1936
1950 1954 1958 1962
1950 1946 1942 1938
1951 1955 1959 1963
1951 1947 1943 1939
1952 1956 1960 1964
1952 1948 1944 1940
1953 1957 1961 1965
1953 1949 1945 1941
1954 1958 1962 1966
1954 1950 1946 1942
1955 1959 1963 1967
1955 1951 1947 1943
1956 1960 1964 1968
1956 1952 1948 1944
1957 1961 1965 1969
1957 1953 1949 1945
1958 1962 1966 1970
1958 1954 1950 1946
1959 1963 1967 1971
1959 1955 1951 1947
1960 1964 1968 1972
1960 1956 1952 1948
1961 1965 1969 1973
1961 1957 1953 1949
1962 1966 1970 1974
1962 1958 1954 1950
1963 1967 1971 1975
1963 1959 1955 1951
1964 1968 1972 1976
1964 1960 1956 1952
1965 1969 1973 1977
1965 1961 1957 1953
1966 1970 1974 1978
1966 1962 1958 1954
1967 1971 1975 1979
1967 1963 1959 1955
1968 1972 1976 1980
1968 1964 1960 1956
1969 1973 1977 1981
1969 1965 1961 1957
1970 1974 1978 1982
1970 1966 1962 1958
1971 1975 1979 1983
1971 1967 1963 1959
1972 1976 1980 1984
1972 1968 1964 1960
1973 1977 1981 1985
1973 1969 1965 1961
1974 1978 1982 1986
1974 1970 1966 1962
1975 1979 1983 1988
1975 1971 1967 1963
1976 1980 1984 1989
1976 1972 1968 1964
1977 1981 1985 1990
1977 1973 1969 1965
1978 1982 1986 1987
1978 1974 1970 1966
1979 1983 1988 1992
1979 1975 1971 1967
1980 1984 1989 1993
1980 1976 1972 1968
1981 1985 1990 1994
1981 1977 1973 1969
1982 1986 1987 1991
1982 1978 1974 1970
1983 1988 1992 1996
1983 1979 1975 1971
1984 1989 1993 1997
1984 1980 1976 1972
1985 1990 1994 1998
1985 1981 1977 1973
1986 1987 1991 1995
1986 1982 1978 1974
1987 1991 1995 1999
1987 1986 1982 1978
1988 1992 1996 2000
1988 1983 1979 1975
1989 1993 1997 2001
1989 1984 1980 1976
1990 1994 1998 2002
1990 1985 1981 1977
1991 1995 1999 2003
1991 1987 1986 1982
1992 1996 2000 2004
1992 1988 1983 1979
1993 1997 2001 2005
1993 1989 1984 1980
1994 1998 2002 2006
1994 1990 1985 1981
1995 1999 2003 2007
1995 1991 1987 1986
1996 2000 2004 2009
1996 1992 1988 1983
1997 2001 2005 2010
1997 1993 1989 1984
1998 2002 2006 2011
1998 1994 1990 1985
1999 2003 2007 2008
1999 1995 1991 1987
2000 2004 2009 2013
2000 1996 1992 1988
2001 2005 2010 2014
2001 1997 1993 1989
2002 2006 2011 2015
2002 1998 1994 1990
2003 2007 2008 2012
2003 1999 1995 1991
2004 2009 2013 2018
2004 2000 1996 1992
2005 2010 2014 2019
2005 2001 1997 1993
2006 2011 2015 2020
2006 2002 1998 1994
2007 2008 2012 2016
2007 2003 1999 1995
2008 2012 2016 2017
2008 2007 2003 1999
2009 2013 2018 2022
2009 2004 2000 1996
2010 2014 2019 2023
2010 2005 2001 1997
2011 2015 2020 2024
2011 2006 2002 1998
2012 2016 2017 2021
2012 2008 2007 2003
2013 2018 2022 2027
2013 2009 2004 2000
2014 2019 2023 2028
2014 2010 2005 2001
2015 2020 2024 2029
2015 2011 2006 2002
2016 2017 2021 2025
2016 2012 2008 2007
2017 2021 2025 2026
2017 2016 2012 2008
2018 2022 2027 2031
2018 2013 2009 2004
2019 2023 2028 2032
2019 2014 2010 2005
2020 2024 2029 2033
2020 2015 2011 2006
2021 2025 2026 2030
2021 2017 2016 2012
2022 2027 2031 2035
2022 2018 2013 2009
2023 2028 2032 2036
2023 2019 2014 2010
2024 2029 2033 2037
2024 2020 2015 2011
2025 2026 2030 2034
2025 2021 2017 2016
2026 2030 2034 2038
2026 2025 2021 2017
2027 2031 2035 2039
2027 2022 2018 2013
2028 2032 2036 2040
2028 2023 2019 2014
2029 2033 2037 2041
2029 2024 2020 2015
2030 2034 2038 2042
2030 2026 2025 2021
2031 2035 2039 2043
2031 2027 2022 2018
2032 2036 2040 2044
2032 2028 2023 2019
2033 2037 2041 2045
2033 2029 2024 2020
2034 2038 2042 2046
2034 2030 2026 2025
2035 2039 2043 2047
2035 2031 2027 2022
2036 2040 2044 2048
2036 2032 2028 2023
2037 2041 2045 2049
2037 2033 2029 2024
2038 2042 2046 2050
2038 2034 2030 2026
2039 2043 2047 2051
2039 2035 2031 2027
2040 2044 2048 2052
2040 2036 2032 2028
2041 2045 2049 2053
2041 2037 2033 2029
2042 2046 2050 2054
2042 2038 2034 2030
2043 2047 2051 2055
2043 2039 2035 2031
2044 2048 2052 2056
2044 2040 2036 2032
2045 2049 2053 2057
2045 2041 2037 2033
2046 2050 2054 2058
2046 2042 2038 2034
2047 2051 2055 2059
2047 2043 2039 2035
2048 2052 2056 2060
2048 2044 2040 2036
2049 2053 2057 2061
2049 2045 2041 2037
2050 2054 2058 2062
2050 2046 2042 2038
2051 2055 2059 2064
2051 2047 2043 2039
2052 2056 2060 2065
2052 2048 2044 2040
2053 2057 2061 2066
2053 2049 2045 2041
2054 2058 2062 2063
2054 2050 2046 2042
2055 2059 2064 2068
2055 2051 2047 2043
2056 2060 2065 2069
2056 2052 2048 2044
2057 2061 2066 2070
2057 2053 2049 2045
2058 2062 2063 2067
2058 2054 2050 2046
2059 2064 2068 2073
2059 2055 2051 2047
2060 2065 2069 2074
2060 2056 2052 2048
2061 2066 2070 2075
2061 2057 2053 2049
2062 2063 2067 2071
2062 2058 2054 2050
2063 2067 2071 2072
2063 2062 2058 2054
2064 2068 2073 2077
2064 2059 2055 2051
2065 2069 2074 2078
2065 2060 2056 2052
2066 2070 2075 2079
2066 2061 2057 2053
2067 2071 2072 2076
2067 2063 2062 2058
2068 2073 2077 2082
2068 2064 2059 2055
2069 2074 2078 2083
2069 2065 2060 2056
2070 2075 2079 2084
2070 2066 2061 2057
2071 2072 2076 2080
2071 2067 2063 2062
2072 2076 2080 2081
2072 2071 2067 2063
2073 2077 2082 2086
2073 2068 2064 2059
2074 2078 2083 2087
2074 2069 2065 2060
2075 2079 2084 2088
2075 2070 2066 2061
2076 2080 2081 2085
2076 2072 2071 2067
2077 2082 2086 2091
2077 2073 2068 2064
2078 2083 2087 2092
2078 2074 2069 2065
2079 2084 2088 2093
2079 2075 2070 2066
2080 2081 2085 2089
2080 2076 2072 2071
2081 2085 2089 2090
2081 2080 2076 2072
2082 2086 2091 2096
2082 2077 2073 2068
2083 2087 2092 2097
2083 2078 2074 2069
2084 2088 2093 2094
2084 2079 2075 2070
2085 2089 2090 2095
2085 2081 2080 2076
2086 2091 2096 2100
2086 2082 2077 2073
2087 2092 2097 2101
2087 2083 2078 2074
2088 2093 2094 2098
2088 2084 2079 2075
2089 2090 2095 2099
2089 2085 2081 2080
2090 2095 2099 2103
2090 2089 2085 2081
2091 2096 2100 2104
2091 2086 2082 2077
2092 2097 2101 2105
2092 2087 2083 2078
2093 2094 2098 2102
2093 2088 2084 2079
2094 2098 2102 2106
2094 2093 2088 2084
2095 2099 2103 2107
2095 2090 2089 2085
2096 2100 2104 2108
2096 2091 2086 2082
2097 2101 2105 2109
2097 2092 2087 2083
2098 2102 2106 2110
2098 2094 2093 2088
2099 2103 2107 2111
2099 2095 2090 2089
2100 2104 2108 2113
2100 2096 2091 2086
2101 2105 2109 2114
2101 2097 2092 2087
2102 2106 2110 2115
2102 2098 2094 2093
2103 2107 2111 2112
2103 2099 2095 2090
2104 2108 2113 2117
2104 2100 2096 2091
2105 2109 2114 2118
2105 2101 2097 2092
2106 2110 2115 2119
2106 2102 2098 2094
2107 2111 2112 2116
2107 2103 2099 2095
2108 2113 2117 2122
2108 2104 2100 2096
2109 2114 2118 2123
2109 2105 2101 2097
2110 2115 2119 2124
2110 2106 2102 2098
2111 2112 2116 2120
2111 2107 2103 2099
2112 2116 2120 2121
2112 2111 2107 2103
2113 2117 2122 2127
2113 2108 2104 2100
2114 2118 2123 2128
2114 2109 2105 2101
2115 2119 2124 2125
2115 2110 2106 2102
2116 2120 2121 2126
2116 2112 2111 2107
2117 2122 2127 2132
2117 2113 2108 2104
2118 2123 2128 2133
2118 2114 2109 2105
2119 2124 2125 2129
2119 2115 2110 2106
2120 2121 2126 2130
2120 2116 2112 2111
2121 2126 2130 2131
2121 2120 2116 2112
2122 2127 2132 2136
2122 2117 2113 2108
2123 2128 2133 2137
2123 2118 2114 2109
2124 2125 2129 2134
2124 2119 2115 2110
2125 2129 2134 2138
2125 2124 2119 2115
2126 2130 2131 2135
2126 2121 2120 2116
2127 2132 2136 2141
2127 2122 2117 2113
2128 2133 2137 2142
2128 2123 2118 2114
2129 2134 2138 2143
2129 2125 2124 2119
2130 2131 2135 2139
2130 2126 2121 2120
2131 2135 2139 2140
2131 2130 2126 2121
2132 2136 2141 2145
2132 2127 2122 2117
2133 2137 2142 2146
2133 2128 2123 2118
2134 2138 2143 2147
2134 2129 2125 2124
2135 2139 2140 2144
2135 2131 2130 2126
2136 2141 2145 2149
2136 2132 2127 2122
2137 2142 2146 2150
2137 2133 2128 2123
2138 2143 2147 2151
2138 2134 2129 2125
2139 2140 2144 2148
2139 2135 2131 2130
2140 2144 2148 2152
2140 2139 2135 2131
2141 2145 2149 2154
2141 2136 2132 2127
2142 2146 2150 2155
2142 2137 2133 2128
2143 2147 2151 2156
2143 2138 2134 2129
2144 2148 2152 2153
2144 2140 2139 2135
2145 2149 2154 2158
2145 2141 2136 2132
2146 2150 2155 2159
2146 2142 2137 2133
2147 2151 2156 2160
2147 2143 2138 2134
2148 2152 2153 2157
2148 2144 2140 2139
2149 2154 2158 2164
2149 2145 2141 2136
2150 2155 2159 2165
2150 2146 2142 2137
2151 2156 2160 2161
2151 2147 2143 2138
2152 2153 2157 2162
2152 2148 2144 2140
2153 2157 2162 2163
2153 2152 2148 2144
2154 2158 2164 2168
2154 2149 2145 2141
2155 2159 2165 2169
2155 2150 2146 2142
2156 2160 2161 2166
2156 2151 2147 2143
2157 2162 2163 2167
2157 2153 2152 2148
2158 2164 2168 2172
2158 2154 2149 2145
2159 2165 2169 2173
2159 2155 2150 2146
2160 2161 2166 2170
2160 2156 2151 2147
2161 2166 2170 2174
2161 2160 2156 2151
2162 2163 2167 2171
2162 2157 2153 2152
2163 2167 2171 2175
2163 2162 2157 2153
2164 2168 2172 2176
2164 2158 2154 2149
2165 2169 2173 2177
2165 2159 2155 2150
2166 2170 2174 2178
2166 2161 2160 2156
2167 2171 2175 2179
2167 2163 2162 2157
2168 2172 2176 2180
2168 2164 2158 2154
2169 2173 2177 2181
2169 2165 2159 2155
2170 2174 2178 2182
2170 2166 2161 2160
2171 2175 2179 2183
2171 2167 2163 2162
2172 2176 2180 2185
2172 2168 2164 2158
2173 2177 2181 2186
2173 2169 2165 2159
2174 2178 2182 2187
2174 2170 2166 2161
2175 2179 2183 2184
2175 2171 2167 2163
2176 2180 2185 2190
2176 2172 2168 2164
2177 2181 2186 2191
2177 2173 2169 2165
2178 2182 2187 2188
2178 2174 2170 2166
2179 2183 2184 2189
2179 2183 2184 2193
2179 2175 2171 2167
2180 2185 2190 2194
2180 2176 2172 2168
2181 2186 2191 2195
2181 2177 2173 2169
2182 2187 2188 2192
2182 2178 2174 2170
2183 2184 2189 2193
2183 2179 2175 2171
2184 2189 2193 2206
2184 2183 2179 2175
2185 2190 2194 2199
2185 2180 2176 2172
2186 2191 2195 2202
2186 2181 2177 2173
2187 2188 2192 2196
2187 2182 2178 2174
2188 2192 2196 2197
2188 2187 2182 2178
2189 2193 2206 2210
2189 2184 2183 2179
2190 2194 2199 2200
2190 2185 2180 2176
2191 2195 2202 2201
2191 2186 2181 2177
2192 2196 2197 2203
2192 2188 2187 2182
2193 2198 2206 2205
2193 2189 2184 2183
2194 2199 2200 2207
2194 2190 2185 2180
2195 2202 2201 2208
2195 2191 2186 2181
2196 2197 2203 2204
2196 2192 2188 2187
2197 2203 2204 2209
2197 2196 2192 2188
2198 2206 2205 2210
2199 2200 2207 2211
2199 2194 2190 2185
2200 2207 2211 2212
2200 2199 2194 2190
2201 2208 2213 2218
2201 2202 2195 2191
2202 2201 2208 2213
2202 2195 2191 2186
2203 2204 2209 2214
2203 2197 2196 2192
2204 2209 2214 2215
2204 2203 2197 2196
2205 2206 2198 2193
2206 2205 2210 -1
2206 2198 2193 2189
2206 2198 2193 2183
2207 2211 2212 2216
2207 2200 2199 2194
2208 2213 2218 2224
2208 2201 2202 2195
2209 2214 2215 2219
2209 2204 2203 2197
2210 2205 2206 2198
2210 2205 2206 2193
2211 2212 2216 2217
2211 2207 2200 2199
2212 2216 2217 2221
2212 2211 2207 2200
2213 2218 2224 2231
2213 2208 2201 2202
2214 2215 2219 2220
2214 2209 2204 2203
2215 2219 2220 2225
2215 2214 2209 2204
2216 2217 2221 2222
2216 2212 2211 2207
2217 2221 2222 2223
2217 2216 2212 2211
2218 2224 2231 2237
2218 2213 2208 2201
2219 2220 2225 2226
2219 2215 2214 2209
2220 2225 2226 2227
2220 2219 2215 2214
2221 2222 2223 2228
2221 2217 2216 2212
2222 2223 2228 2229
2222 2221 2217 2216
2223 2228 2229 2230
2223 2222 2221 2217
2224 2231 2237 2242
2224 2218 2213 2208
2225 2226 2227 2232
2225 2220 2219 2215
2226 2227 2232 2233
2226 2225 2220 2219
2227 2232 2233 2234
2227 2226 2225 2220
2228 2229 2230 2235
2228 2223 2222 2221
2229 2230 2235 2236
2229 2228 2223 2222
2230 2235 2236 2241
2230 2229 2228 2223
2231 2237 2242 2250
2231 2224 2218 2213
2232 2233 2234 2238
2232 2227 2226 2225
2233 2234 2238 2239
2233 2232 2227 2226
2234 2238 2239 2240
2234 2233 2232 2227
2235 2236 2241 -1
2235 2230 2229 2228
2236 2235 2230 2229
2237 2242 2250 2258
2237 2231 2224 2218
2238 2239 2240 2243
2238 2234 2233 2232
2239 2240 2243 2244
2239 2238 2234 2233
2240 2243 2244 2245
2240 2239 2238 2234
2241 2236 2235 2230
2242 2250 2258 2270
2242 2237 2231 2224
2243 2244 2245 2246
2243 2240 2239 2238
2244 2245 2246 2247
2244 2243 2240 2239
2245 2246 2247 2248
2245 2244 2243 2240
2246 2247 2248 2249
2246 2245 2244 2243
2247 2248 2249 2251
2247 2246 2245 2244
2248 2249 2251 2252
2248 2247 2246 2245
2249 2251 2252 2253
2249 2248 2247 2246
2250 2258 2270 2280
2250 2258 2305 2304
2250 2242 2237 2231
2251 2252 2253 2254
2251 2249 2248 2247
2252 2253 2254 2255
2252 2251 2249 2248
2253 2254 2255 2256
2253 2252 2251 2249
2254 2255 2256 2257
2254 2253 2252 2251
2255 2256 2257 2259
2255 2254 2253 2252
2256 2257 2259 2260
2256 2255 2254 2253
2257 2259 2260 2261
2257 2256 2255 2254
2258 2270 2280 2305
2258 2270 2305 2304
2258 2250 2242 2237
2259 2260 2261 2262
2259 2257 2256 2255
2260 2261 2262 2263
2260 2259 2257 2256
2261 2262 2263 2264
2261 2260 2259 2257
2262 2263 2264 2265
2262 2261 2260 2259
2263 2264 2265 2266
2263 2262 2261 2260
2264 2265 2266 2267
2264 2263 2262 2261
2265 2266 2267 2268
2265 2264 2263 2262
2266 2267 2268 2269
2266 2265 2264 2263
2267 2268 2269 2271
2267 2266 2265 2264
2268 2269 2271 2272
2268 2267 2266 2265
2269 2271 2272 2273
2269 2268 2267 2266
2270 2280 2305 2304
2270 2258 2250 2242
2271 2272 2273 2274
2271 2269 2268 2267
2272 2273 2274 2275
2272 2271 2269 2268
2273 2274 2275 2276
2273 2272 2271 2269
2274 2275 2276 2277
2274 2273 2272 2271
2275 2276 2277 2278
2275 2274 2273 2272
2276 2277 2278 2279
2276 2275 2274 2273
2277 2278 2279 2281
2277 2276 2275 2274
2278 2279 2281 2282
2278 2277 2276 2275
2279 2281 2282 2283
2279 2278 2277 2276
2280 2305 2304 2370
2280 2270 2258 2250
2281 2282 2283 2284
2281 2279 2278 2277
2282 2283 2284 2285
2282 2281 2279 2278
2283 2284 2285 2286
2283 2282 2281 2279
2284 2285 2286 2287
2284 2283 2282 2281
2285 2286 2287 2288
2285 2284 2283 2282
2286 2287 2288 2289
2286 2285 2284 2283
2287 2288 2289 2290
2287 2286 2285 2284
2288 2289 2290 2291
2288 2287 2286 2285
2289 2290 2291 2292
2289 2288 2287 2286
2290 2291 2292 2293
2290 2289 2288 2287
2291 2292 2293 2294
2291 2290 2289 2288
2292 2293 2294 2295
2292 2291 2290 2289
2293 2294 2295 2296
2293 2292 2291 2290
2294 2295 2296 2297
2294 2293 2292 2291
2295 2296 2297 2298
2295 2294 2293 2292
2296 2297 2298 2299
2296 2295 2294 2293
2297 2298 2299 2300
2297 2296 2295 2294
2298 2299 2300 2301
2298 2297 2296 2295
2299 2300 2301 2302
2299 2298 2297 2296
2300 2301 2302 2303
2300 2299 2298 2297
2301 2302 2303 2306
2301 2300 2299 2298
2302 2303 2306 2307
2302 2301 2300 2299
2303 2306 2307 2308
2303 2302 2301 2300
2304 2370 2369 2392
2304 2305 2280 2270
2305 2304 2370 2369
2305 2280 2270 2258
2306 2307 2308 2309
2306 2303 2302 2301
2307 2308 2309 2310
2307 2306 2303 2302
2308 2309 2310 2311
2308 2307 2306 2303
2309 2310 2311 2312
2309 2308 2307 2306
2310 2311 2312 2313
2310 2309 2308 2307
2311 2312 2313 2314
2311 2310 2309 2308
2312 2313 2314 2315
2312 2311 2310 2309
2313 2314 2315 2316
2313 2312 2311 2310
2314 2315 2316 2317
2314 2313 2312 2311
2315 2316 2317 2318
2315 2314 2313 2312
2316 2317 2318 2319
2316 2315 2314 2313
2317 2318 2319 2320
2317 2316 2315 2314
2318 2319 2320 2321
2318 2317 2316 2315
2319 2320 2321 2322
2319 2318 2317 2316
2320 2321 2322 2323
2320 2319 2318 2317
2321 2322 2323 2324
2321 2320 2319 2318
2322 2323 2324 2325
2322 2321 2320 2319
2323 2324 2325 2326
2323 2322 2321 2320
2324 2325 2326 2327
2324 2323 2322 2321
2325 2326 2327 2328
2325 2324 2323 2322
2326 2327 2328 2329
2326 2325 2324 2323
2327 2328 2329 2330
2327 2326 2325 2324
2328 2329 2330 2331
2328 2327 2326 2325
2329 2330 2331 2332
2329 2328 2327 2326
2330 2331 2332 2333
2330 2329 2328 2327
2331 2332 2333 2334
2331 2330 2329 2328
2332 2333 2334 2335
2332 2331 2330 2329
2333 2334 2335 2336
2333 2332 2331 2330
2334 2335 2336 2337
2334 2333 2332 2331
2335 2336 2337 2338
2335 2334 2333 2332
2336 2337 2338 2339
2336 2335 2334 2333
2337 2338 2339 2340
2337 2336 2335 2334
2338 2339 2340 2341
2338 2337 2336 2335
2339 2340 2341 2342
2339 2338 2337 2336
2340 2341 2342 2343
2340 2339 2338 2337
2341 2342 2343 2344
2341 2340 2339 2338
2342 2343 2344 2345
2342 2341 2340 2339
2343 2344 2345 2346
2343 2342 2341 2340
2344 2345 2346 2347
2344 2343 2342 2341
2345 2346 2347 2348
2345 2344 2343 2342
2346 2347 2348 2349
2346 2345 2344 2343
2347 2348 2349 2350
2347 2346 2345 2344
2348 2349 2350 2351
2348 2347 2346 2345
2349 2350 2351 2352
2349 2348 2347 2346
2350 2351 2352 2353
2350 2349 2348 2347
2351 2352 2353 2354
2351 2350 2349 2348
2352 2353 2354 2355
2352 2351 2350 2349
2353 2354 2355 2356
2353 2352 2351 2350
2354 2355 2356 2357
2354 2353 2352 2351
2355 2356 2357 2358
2355 2354 2353 2352
2356 2357 2358 2359
2356 2355 2354 2353
2357 2358 2359 2360
2357 2356 2355 2354
2358 2359 2360 2361
2358 2357 2356 2355
2359 2360 2361 2362
2359 2358 2357 2356
2360 2361 2362 2363
2360 2359 2358 2357
2361 2362 2363 2364
2361 2360 2359 2358
2362 2363 2364 2365
2362 2361 2360 2359
2363 2364 2365 2366
2363 2362 2361 2360
2364 2365 2366 2367
2364 2363 2362 2361
2365 2366 2367 2368
2365 2364 2363 2362
2366 2367 2368 2371
2366 2365 2364 2363
2367 2368 2371 2372
2367 2366 2365 2364
2368 2371 2372 2373
2368 2367 2366 2365
2369 2392 2391 2390
2369 2370 2304 2305
2370 2369 2392 2391
2370 2304 2305 2280
2371 2372 2373 2374
2371 2368 2367 2366
2372 2373 2374 2375
2372 2371 2368 2367
2373 2374 2375 2376
2373 2372 2371 2368
2374 2375 2376 2377
2374 2373 2372 2371
2375 2376 2377 2378
2375 2374 2373 2372
2376 2377 2378 2379
2376 2375 2374 2373
2377 2378 2379 2380
2377 2376 2375 2374
2378 2379 2380 2381
2378 2377 2376 2375
2379 2380 2381 2382
2379 2378 2377 2376
2380 2381 2382 2383
2380 2379 2378 2377
2381 2382 2383 2384
2381 2380 2379 2378
2382 2381 2380 2379
2382 2383 2384 2385
2383 2382 2381 2380
2383 2384 2385 2386
2384 2383 2382 2381
2384 2385 2386 2387
2385 2384 2383 2382
2385 2386 2387 2388
2386 2385 2384 2383
2386 2387 2388 2389
2387 2386 2385 2384
2387 2388 2389 2390
2388 2387 2386 2385
2388 2389 2390 2391
2389 2390 2391 2392
2389 2388 2387 2386
2390 2391 2392 2369
2390 2389 2388 2387
2391 2392 2369 2370
2391 2390 2389 2388
2392 2391 2390 2389
2392 2369 2370 2304
