0 17 16 15
0 1 2 3
1 0 17 16
1 2 3 4
2 1 0 17
2 3 4 5
3 2 1 0
3 4 5 6
4 3 2 1
4 5 6 7
5 4 3 2
5 6 7 8
6 5 4 3
6 7 8 9
7 6 5 4
7 8 9 10
8 9 10 11
8 7 6 5
9 10 11 18
9 8 7 6
10 11 18 19
10 9 8 7
11 18 19 20
11 10 9 8
12 28 27 26
12 13 14 15
13 12 28 27
13 14 15 16
14 13 12 28
14 15 16 17
15 14 13 12
15 16 17 0
16 15 14 13
16 17 0 1
17 16 15 14
17 0 1 2
18 19 20 29
18 11 10 9
19 20 29 30
19 18 11 10
20 29 30 31
20 19 18 11
21 38 37 36
21 22 23 24
22 21 38 37
22 23 24 25
23 22 21 38
23 24 25 26
24 23 22 21
24 25 26 27
25 24 23 22
25 26 27 28
26 25 24 23
26 27 28 12
27 26 25 24
27 28 12 13
28 27 26 25
28 12 13 14
29 30 31 39
29 20 19 18
30 31 39 40
30 29 20 19
31 39 40 41
31 30 29 20
32 50 49 48
32 33 34 35
33 32 50 49
33 34 35 36
34 33 32 50
34 35 36 37
35 34 33 32
35 36 37 38
36 35 34 33
36 37 38 21
37 36 35 34
37 38 21 22
38 37 36 35
38 21 22 23
39 40 41 51
39 31 30 29
40 41 51 52
40 39 31 30
41 51 52 53
41 40 39 31
42 60 59 58
42 43 44 45
43 42 60 59
43 44 45 46
44 43 42 60
44 45 46 47
45 44 43 42
45 46 47 48
46 45 44 43
46 47 48 49
47 46 45 44
47 48 49 50
48 47 46 45
48 49 50 32
49 48 47 46
49 50 32 33
50 49 48 47
50 32 33 34
51 52 53 61
51 41 40 39
52 53 61 62
52 51 41 40
53 61 62 71
53 52 51 41
54 70 69 68
54 55 56 57
55 54 70 69
55 56 57 58
56 55 54 70
56 57 58 59
57 56 55 54
57 58 59 60
58 57 56 55
58 59 60 42
59 58 57 56
59 60 42 43
60 59 58 57
60 42 43 44
61 62 71 72
61 53 52 51
62 71 72 79
62 61 53 52
63 78 77 76
63 64 65 66
64 63 78 77
64 65 66 67
65 64 63 78
65 66 67 68
66 65 64 63
66 67 68 69
67 66 65 64
67 68 69 70
68 67 66 65
68 69 70 54
69 68 67 66
69 70 54 55
70 69 68 67
70 54 55 56
71 72 79 80
71 62 61 53
72 79 80 88
72 71 62 61
73 87 86 85
73 74 75 76
74 73 87 86
74 75 76 77
75 74 73 87
75 76 77 78
76 75 74 73
76 77 78 63
77 76 75 74
77 78 63 64
78 77 76 75
78 63 64 65
79 80 88 89
79 72 71 62
80 88 89 90
80 79 72 71
81 93 92 91
81 82 83 84
82 81 93 92
82 83 84 85
83 82 81 93
83 84 85 86
84 83 82 81
84 85 86 87
85 84 83 82
85 86 87 73
86 85 84 83
86 87 73 74
87 86 85 84
87 73 74 75
88 89 90 94
88 80 79 72
89 90 94 95
89 88 80 79
90 94 95 96
90 89 88 80
91 99 98 97
91 92 93 81
92 91 99 98
92 93 81 82
93 92 91 99
93 81 82 83
94 95 96 100
94 90 89 88
95 96 100 101
95 94 90 89
96 100 101 104
96 95 94 90
97 103 102 107
97 98 99 91
98 97 103 102
98 99 91 92
99 98 97 103
99 91 92 93
100 101 104 105
100 96 95 94
101 104 105 108
101 100 96 95
102 107 106 111
102 103 97 98
103 102 107 106
103 97 98 99
104 105 108 109
104 101 100 96
105 108 109 112
105 104 101 100
106 111 110 116
106 107 102 103
107 106 111 110
107 102 103 97
108 109 112 113
108 105 104 101
109 112 113 114
109 108 105 104
110 116 115 122
110 111 106 107
111 110 116 115
111 106 107 102
112 113 114 117
112 109 108 105
113 114 117 118
113 112 109 108
114 117 118 119
114 113 112 109
115 122 121 120
115 116 110 111
116 115 122 121
116 110 111 106
117 118 119 123
117 114 113 112
118 119 123 124
118 117 114 113
119 123 124 125
119 118 117 114
120 127 126 131
120 121 122 115
121 120 127 126
121 122 115 116
122 121 120 127
122 115 116 110
123 124 125 128
123 119 118 117
124 125 128 129
124 123 119 118
125 128 129 132
125 124 123 119
126 131 130 135
126 127 120 121
127 126 131 130
127 120 121 122
128 129 132 133
128 125 124 123
129 132 133 136
129 128 125 124
130 135 134 139
130 131 126 127
131 130 135 134
131 126 127 120
132 133 136 137
132 129 128 125
133 136 137 140
133 132 129 128
134 139 138 145
134 135 130 131
135 134 139 138
135 130 131 126
136 137 140 141
136 133 132 129
137 140 141 142
137 136 133 132
138 145 144 143
138 139 134 135
139 138 145 144
139 134 135 130
140 141 142 146
140 137 136 133
141 142 146 147
141 140 137 136
142 146 147 148
142 141 140 137
143 150 149 154
143 144 145 138
144 143 150 149
144 145 138 139
145 144 143 150
145 138 139 134
146 147 148 151
146 142 141 140
147 148 151 152
147 146 142 141
148 151 152 155
148 147 146 142
149 154 153 158
149 150 143 144
150 149 154 153
150 143 144 145
151 152 155 156
151 148 147 146
152 155 156 159
152 151 148 147
153 158 157 162
153 154 149 150
154 153 158 157
154 149 150 143
155 156 159 160
155 152 151 148
156 159 160 163
156 155 152 151
157 162 161 168
157 158 153 154
158 157 162 161
158 153 154 149
159 160 163 164
159 156 155 152
160 163 164 165
160 159 156 155
161 168 167 166
161 162 157 158
162 161 168 167
162 157 158 153
163 164 165 169
163 160 159 156
164 165 169 170
164 163 160 159
165 169 170 171
165 164 163 160
166 173 172 178
166 167 168 161
167 166 173 172
167 168 161 162
168 167 166 173
168 161 162 157
169 170 171 174
169 165 164 163
170 171 174 175
170 169 165 164
171 174 175 176
171 170 169 165
172 178 177 183
172 173 166 167
173 172 178 177
173 166 167 168
174 175 176 179
174 171 170 169
175 176 179 180
175 174 171 170
176 179 180 184
176 175 174 171
177 183 182 181
177 178 172 173
178 177 183 182
178 172 173 166
179 180 184 185
179 176 175 174
180 184 185 188
180 179 176 175
181 187 186 191
181 182 183 177
182 181 187 186
182 183 177 178
183 182 181 187
183 177 178 172
184 185 188 189
184 180 179 176
185 188 189 192
185 184 180 179
186 191 190 197
186 187 181 182
187 186 191 190
187 181 182 183
188 189 192 193
188 185 184 180
189 192 193 194
189 188 185 184
190 197 196 195
190 191 186 187
191 190 197 196
191 186 187 181
192 193 194 198
192 189 188 185
193 194 198 199
193 192 189 188
194 198 199 200
194 193 192 189
195 202 201 207
195 196 197 190
196 195 202 201
196 197 190 191
197 196 195 202
197 190 191 186
198 199 200 203
198 194 193 192
199 200 203 204
199 198 194 193
200 203 204 205
200 199 198 194
201 207 206 212
201 202 195 196
202 201 207 206
202 195 196 197
203 204 205 208
203 200 199 198
204 205 208 209
204 203 200 199
205 208 209 213
205 204 203 200
206 212 211 210
206 207 201 202
207 206 212 211
207 201 202 195
208 209 213 214
208 205 204 203
209 213 214 217
209 208 205 204
210 216 215 220
210 211 212 206
211 210 216 215
211 212 206 207
212 211 210 216
212 206 207 201
213 214 217 218
213 209 208 205
214 217 218 221
214 213 209 208
215 220 219 225
215 216 210 211
216 215 220 219
216 210 211 212
217 218 221 222
217 214 213 209
218 221 222 223
218 217 214 213
219 225 224 230
219 220 215 216
220 219 225 224
220 215 216 210
221 222 223 226
221 218 217 214
222 223 226 227
222 221 218 217
223 226 227 228
223 222 221 218
224 230 229 234
224 225 219 220
225 224 230 229
225 219 220 215
226 227 228 231
226 223 222 221
227 228 231 232
227 226 223 222
228 231 232 235
228 227 226 223
229 234 233 238
229 230 224 225
230 229 234 233
230 224 225 219
231 232 235 236
231 228 227 226
232 235 236 239
232 231 228 227
233 238 237 243
233 234 229 230
234 233 238 237
234 229 230 224
235 236 239 240
235 232 231 228
236 239 240 244
236 235 232 231
237 243 242 241
237 238 233 234
238 237 243 242
238 233 234 229
239 240 244 245
239 236 235 232
240 244 245 246
240 239 236 235
241 248 247 253
241 242 243 237
242 241 248 247
242 243 237 238
243 242 241 248
243 237 238 233
244 245 246 249
244 240 239 236
245 246 249 250
245 244 240 239
246 249 250 251
246 245 244 240
247 253 252 258
247 248 241 242
248 247 253 252
248 241 242 243
249 250 251 254
249 246 245 244
250 251 254 255
250 249 246 245
251 254 255 256
251 250 249 246
252 258 257 262
252 253 247 248
253 252 258 257
253 247 248 241
254 255 256 259
254 251 250 249
255 256 259 260
255 254 251 250
256 259 260 263
256 255 254 251
257 262 261 266
257 258 252 253
258 257 262 261
258 252 253 247
259 260 263 264
259 256 255 254
260 263 264 267
260 259 256 255
261 266 265 271
261 262 257 258
262 261 266 265
262 257 258 252
263 264 267 268
263 260 259 256
264 267 268 269
264 263 260 259
265 271 270 276
265 266 261 262
266 265 271 270
266 261 262 257
267 268 269 272
267 264 263 260
268 269 272 273
268 267 264 263
269 272 273 274
269 268 267 264
270 276 275 281
270 271 265 266
271 270 276 275
271 265 266 261
272 273 274 277
272 269 268 267
273 274 277 278
273 272 269 268
274 277 278 279
274 273 272 269
275 281 280 285
275 276 270 271
276 275 281 280
276 270 271 265
277 278 279 282
277 274 273 272
278 279 282 283
278 277 274 273
279 282 283 286
279 278 277 274
280 285 284 289
280 281 275 276
281 280 285 284
281 275 276 270
282 283 286 287
282 279 278 277
283 286 287 290
283 282 279 278
284 289 288 293
284 285 280 281
285 284 289 288
285 280 281 275
286 287 290 291
286 283 282 279
287 290 291 294
287 286 283 282
288 293 292 298
288 289 284 285
289 288 293 292
289 284 285 280
290 291 294 295
290 287 286 283
291 294 295 296
291 290 287 286
292 298 297 303
292 293 288 289
293 292 298 297
293 288 289 284
294 295 296 299
294 291 290 287
295 296 299 300
295 294 291 290
296 299 300 301
296 295 294 291
297 303 302 308
297 298 292 293
298 297 303 302
298 292 293 288
299 300 301 304
299 296 295 294
300 301 304 305
300 299 296 295
301 304 305 306
301 300 299 296
302 308 307 312
302 303 297 298
303 302 308 307
303 297 298 292
304 305 306 309
304 301 300 299
305 306 309 310
305 304 301 300
306 309 310 313
306 305 304 301
307 312 311 316
307 308 302 303
308 307 312 311
308 302 303 297
309 310 313 314
309 306 305 304
310 313 314 317
310 309 306 305
311 316 315 320
311 312 307 308
312 311 316 315
312 307 308 302
313 314 317 318
313 310 309 306
314 317 318 321
314 313 310 309
315 320 319 325
315 316 311 312
316 315 320 319
316 311 312 307
317 318 321 322
317 314 313 310
318 321 322 323
318 317 314 313
319 325 324 330
319 320 315 316
320 319 325 324
320 315 316 311
321 322 323 326
321 318 317 314
322 323 326 327
322 321 318 317
323 326 327 328
323 322 321 318
324 330 329 334
324 325 319 320
325 324 330 329
325 319 320 315
326 327 328 331
326 323 322 321
327 328 331 332
327 326 323 322
328 331 332 335
328 327 326 323
329 334 333 338
329 330 324 325
330 329 334 333
330 324 325 319
331 332 335 336
331 328 327 326
332 335 336 339
332 331 328 327
333 338 337 343
333 334 329 330
334 333 338 337
334 329 330 324
335 336 339 340
335 332 331 328
336 339 340 344
336 335 332 331
337 343 342 341
337 338 333 334
338 337 343 342
338 333 334 329
339 340 344 345
339 336 335 332
340 344 345 346
340 339 336 335
341 348 347 353
341 342 343 337
342 341 348 347
342 343 337 338
343 342 341 348
343 337 338 333
344 345 346 349
344 340 339 336
345 346 349 350
345 344 340 339
346 349 350 351
346 345 344 340
347 353 352 358
347 348 341 342
348 347 353 352
348 341 342 343
349 350 351 354
349 346 345 344
350 351 354 355
350 349 346 345
351 354 355 356
351 350 349 346
352 358 357 362
352 353 347 348
353 352 358 357
353 347 348 341
354 355 356 359
354 351 350 349
355 356 359 360
355 354 351 350
356 359 360 363
356 355 354 351
357 362 361 366
357 358 352 353
358 357 362 361
358 352 353 347
359 360 363 364
359 356 355 354
360 363 364 367
360 359 356 355
361 366 365 370
361 362 357 358
362 361 366 365
362 357 358 352
363 364 367 368
363 360 359 356
364 367 368 371
364 363 360 359
365 370 369 375
365 366 361 362
366 365 370 369
366 361 362 357
367 368 371 372
367 364 363 360
368 371 372 373
368 367 364 363
369 375 374 380
369 370 365 366
370 369 375 374
370 365 366 361
371 372 373 376
371 368 367 364
372 373 376 377
372 371 368 367
373 376 377 378
373 372 371 368
374 380 379 384
374 375 369 370
375 374 380 379
375 369 370 365
376 377 378 381
376 373 372 371
377 378 381 382
377 376 373 372
378 381 382 385
378 377 376 373
379 384 383 388
379 380 374 375
380 379 384 383
380 374 375 369
381 382 385 386
381 378 377 376
382 385 386 389
382 381 378 377
383 388 387 392
383 384 379 380
384 383 388 387
384 379 380 374
385 386 389 390
385 382 381 378
386 389 390 393
386 385 382 381
387 392 391 396
387 388 383 384
388 387 392 391
388 383 384 379
389 390 393 394
389 386 385 382
390 393 394 397
390 389 386 385
391 396 395 401
391 392 387 388
392 391 396 395
392 387 388 383
393 394 397 398
393 390 389 386
394 397 398 399
394 393 390 389
395 401 400 406
395 396 391 392
396 395 401 400
396 391 392 387
397 398 399 402
397 394 393 390
398 399 402 403
398 397 394 393
399 402 403 404
399 398 397 394
400 406 405 410
400 401 395 396
401 400 406 405
401 395 396 391
402 403 404 407
402 399 398 397
403 404 407 408
403 402 399 398
404 407 408 411
404 403 402 399
405 410 409 414
405 406 400 401
406 405 410 409
406 400 401 395
407 408 411 412
407 404 403 402
408 411 412 415
408 407 404 403
409 414 413 418
409 410 405 406
410 409 414 413
410 405 406 400
411 412 415 416
411 408 407 404
412 415 416 419
412 411 408 407
413 418 417 423
413 414 409 410
414 413 418 417
414 409 410 405
415 416 419 420
415 412 411 408
416 419 420 421
416 415 412 411
417 423 422 428
417 418 413 414
418 417 423 422
418 413 414 409
419 420 421 424
419 416 415 412
420 421 424 425
420 419 416 415
421 424 425 426
421 420 419 416
422 428 427 433
422 423 417 418
423 422 428 427
423 417 418 413
424 425 426 429
424 421 420 419
425 426 429 430
425 424 421 420
426 429 430 431
426 425 424 421
427 433 432 438
427 428 422 423
428 427 433 432
428 422 423 417
429 430 431 434
429 426 425 424
430 431 434 435
430 429 426 425
431 434 435 439
431 430 429 426
432 438 437 436
432 433 427 428
433 432 438 437
433 427 428 422
434 435 439 440
434 431 430 429
435 439 440 443
435 434 431 430
436 442 441 446
436 437 438 432
437 436 442 441
437 438 432 433
438 437 436 442
438 432 433 427
439 440 443 444
439 435 434 431
440 443 444 447
440 439 435 434
441 446 445 451
441 442 436 437
442 441 446 445
442 436 437 438
443 444 447 448
443 440 439 435
444 447 448 449
444 443 440 439
445 451 450 456
445 446 441 442
446 445 451 450
446 441 442 436
447 448 449 452
447 444 443 440
448 449 452 453
448 447 444 443
449 452 453 454
449 448 447 444
450 456 455 460
450 451 445 446
451 450 456 455
451 445 446 441
452 453 454 457
452 449 448 447
453 454 457 458
453 452 449 448
454 457 458 461
454 453 452 449
455 460 459 464
455 456 450 451
456 455 460 459
456 450 451 445
457 458 461 462
457 454 453 452
458 461 462 465
458 457 454 453
459 464 463 468
459 460 455 456
460 459 464 463
460 455 456 450
461 462 465 466
461 458 457 454
462 465 466 469
462 461 458 457
463 468 467 473
463 464 459 460
464 463 468 467
464 459 460 455
465 466 469 470
465 462 461 458
466 469 470 471
466 465 462 461
467 473 472 477
467 468 463 464
468 467 473 472
468 463 464 459
469 470 471 474
469 466 465 462
470 471 474 475
470 469 466 465
471 474 475 476
471 470 469 466
472 477 481 480
472 473 467 468
473 472 477 481
473 467 468 463
474 475 476 478
474 471 470 469
475 476 478 479
475 474 471 470
476 478 479 482
476 475 474 471
477 481 480 485
477 472 473 467
478 479 482 483
478 476 475 474
479 482 483 486
479 478 476 475
480 485 484 488
480 481 477 472
481 480 485 484
481 477 472 473
482 483 486 489
482 479 478 476
483 486 489 492
483 482 479 478
484 488 487 491
484 485 480 481
485 484 488 487
485 480 481 477
486 489 492 495
486 483 482 479
487 491 490 494
487 488 484 485
488 487 491 490
488 484 485 480
489 492 495 498
489 486 483 482
490 494 493 497
490 491 487 488
491 490 494 493
491 487 488 484
492 495 498 501
492 489 486 483
493 497 496 500
493 494 490 491
494 493 497 496
494 490 491 487
495 498 501 504
495 492 489 486
496 500 499 503
496 497 493 494
497 496 500 499
497 493 494 490
498 501 504 507
498 495 492 489
499 503 502 506
499 500 496 497
500 499 503 502
500 496 497 493
501 504 507 510
501 498 495 492
502 506 505 509
502 503 499 500
503 502 506 505
503 499 500 496
504 507 510 513
504 501 498 495
505 509 508 512
505 506 502 503
506 505 509 508
506 502 503 499
507 510 513 516
507 504 501 498
508 512 511 515
508 509 505 506
509 508 512 511
509 505 506 502
510 513 516 518
510 507 504 501
511 515 514 517
511 512 508 509
512 511 515 514
512 508 509 505
513 516 518 520
513 510 507 504
514 517 519 522
514 515 511 512
515 514 517 519
515 511 512 508
516 518 520 523
516 513 510 507
517 519 522 521
517 514 515 511
518 520 523 526
518 516 513 510
519 522 521 525
519 517 514 515
520 523 526 529
520 518 516 513
521 525 524 528
521 522 519 517
522 521 525 524
522 519 517 514
523 526 529 532
523 520 518 516
524 528 527 531
524 525 521 522
525 524 528 527
525 521 522 519
526 529 532 535
526 523 520 518
527 531 530 534
527 528 524 525
528 527 531 530
528 524 525 521
529 532 535 538
529 526 523 520
530 534 533 537
530 531 527 528
531 530 534 533
531 527 528 524
532 535 538 540
532 529 526 523
533 537 536 539
533 534 530 531
534 533 537 536
534 530 531 527
535 538 540 543
535 532 529 526
536 539 542 541
536 537 533 534
537 536 539 542
537 533 534 530
538 540 543 546
538 535 532 529
539 542 541 545
539 536 537 533
540 543 546 549
540 538 535 532
541 545 544 548
541 542 539 536
542 541 545 544
542 539 536 537
543 546 549 552
543 540 538 535
544 548 547 551
544 545 541 542
545 544 548 547
545 541 542 539
546 549 552 554
546 543 540 538
547 551 550 553
547 548 544 545
548 547 551 550
548 544 545 541
549 552 554 556
549 546 543 540
550 553 555 558
550 551 547 548
551 550 553 555
551 547 548 544
552 554 556 559
552 549 546 543
553 555 558 557
553 550 551 547
554 556 559 562
554 552 549 546
555 558 557 561
555 553 550 551
556 559 562 565
556 554 552 549
557 561 560 564
557 558 555 553
558 557 561 560
558 555 553 550
559 562 565 567
559 556 554 552
560 564 563 566
560 561 557 558
561 560 564 563
561 557 558 555
562 565 567 569
562 559 556 554
563 566 568 571
563 564 560 561
564 563 566 568
564 560 561 557
565 567 569 572
565 562 559 556
566 568 571 570
566 563 564 560
567 569 572 575
567 565 562 559
568 571 570 574
568 566 563 564
569 572 575 577
569 567 565 562
570 574 573 576
570 571 568 566
571 570 574 573
571 568 566 563
572 575 577 579
572 569 567 565
573 576 578 581
573 574 570 571
574 573 576 578
574 570 571 568
575 577 579 582
575 572 569 567
576 578 581 580
576 573 574 570
577 579 582 585
577 575 572 569
578 581 580 584
578 576 573 574
579 582 585 587
579 577 575 572
580 584 583 586
580 581 578 576
581 580 584 583
581 578 576 573
582 585 587 589
582 579 577 575
583 586 588 591
583 584 580 581
584 583 586 588
584 580 581 578
585 587 589 592
585 582 579 577
586 588 591 590
586 583 584 580
587 589 592 595
587 585 582 579
588 591 590 594
588 586 583 584
589 592 595 597
589 587 585 582
590 594 593 596
590 591 588 586
591 590 594 593
591 588 586 583
592 595 597 600
592 589 587 585
593 596 599 598
593 594 590 591
594 593 596 599
594 590 591 588
595 597 600 603
595 592 589 587
596 599 598 602
596 593 594 590
597 600 603 605
597 595 592 589
598 602 601 604
598 599 596 593
599 598 602 601
599 596 593 594
600 603 605 607
600 597 595 592
601 604 606 609
601 602 598 599
602 601 604 606
602 598 599 596
603 605 607 610
603 600 597 595
604 606 609 608
604 601 602 598
605 607 610 612
605 603 600 597
606 609 608 611
606 604 601 602
607 610 612 614
607 605 603 600
608 611 613 616
608 609 606 604
609 608 611 613
609 606 604 601
610 612 614 617
610 607 605 603
611 613 616 615
611 608 609 606
612 614 617 619
612 610 607 605
613 616 615 618
613 611 608 609
614 617 619 621
614 612 610 607
615 618 620 624
615 616 613 611
616 615 618 620
616 613 611 608
617 619 621 622
617 614 612 610
618 620 624 623
618 615 616 613
619 621 622 625
619 617 614 612
620 624 623 626
620 618 615 616
621 622 625 627
621 619 617 614
622 625 627 629
622 621 619 617
623 626 628 631
623 624 620 618
624 623 626 628
624 620 618 615
625 627 629 632
625 622 621 619
626 628 631 630
626 623 624 620
627 629 632 634
627 625 622 621
628 631 630 633
628 626 623 624
629 632 634 641
629 627 625 622
630 633 635 643
630 631 628 626
631 630 633 635
631 628 626 623
632 634 641 648
632 629 627 625
633 635 643 642
633 630 631 628
634 641 648 654
634 632 629 627
635 643 642 649
635 633 630 631
636 645 644 651
636 637 638 639
637 636 645 644
637 638 639 640
638 637 636 645
638 639 640 646
639 640 646 647
639 638 637 636
640 646 647 652
640 639 638 637
641 648 654 661
641 634 632 629
642 649 656 655
642 643 635 633
643 642 649 656
643 635 633 630
644 651 650 658
644 645 636 637
645 644 651 650
645 636 637 638
646 647 652 653
646 640 639 638
647 652 653 659
647 646 640 639
648 654 661 667
648 641 634 632
649 656 655 662
649 642 643 635
650 658 657 664
650 651 644 645
651 650 658 657
651 644 645 636
652 653 659 660
652 647 646 640
653 659 660 665
653 652 647 646
654 661 667 673
654 648 641 634
655 662 668 675
655 656 649 642
656 655 662 668
656 649 642 643
657 664 663 670
657 658 650 651
658 657 664 663
658 650 651 644
659 660 665 666
659 653 652 647
660 665 666 671
660 659 653 652
661 667 673 679
661 654 648 641
662 668 675 674
662 655 656 649
663 670 669 676
663 664 657 658
664 663 670 669
664 657 658 650
665 666 671 672
665 660 659 653
666 671 672 677
666 665 660 659
667 673 679 685
667 661 654 648
668 675 674 680
668 662 655 656
669 676 682 681
669 670 663 664
670 669 676 682
670 663 664 657
671 672 677 678
671 666 665 660
672 677 678 683
672 671 666 665
673 679 685 691
673 667 661 654
674 680 686 692
674 675 668 662
675 674 680 686
675 668 662 655
676 682 681 688
676 669 670 663
677 678 683 684
677 672 671 666
678 683 684 689
678 677 672 671
679 685 691 697
679 673 667 661
680 686 692 698
680 674 675 668
681 688 687 694
681 682 676 669
682 681 688 687
682 676 669 670
683 684 689 690
683 678 677 672
684 689 690 695
684 683 678 677
685 691 697 703
685 679 673 667
686 692 698 704
686 680 674 675
687 694 693 700
687 688 681 682
688 687 694 693
688 681 682 676
689 690 695 696
689 684 683 678
690 695 696 701
690 689 684 683
691 697 703 709
691 685 679 673
692 698 704 710
692 686 680 674
693 700 699 706
693 694 687 688
694 693 700 699
694 687 688 681
695 696 701 702
695 690 689 684
696 701 702 707
696 695 690 689
697 703 709 715
697 691 685 679
698 704 710 716
698 692 686 680
699 706 705 712
699 700 693 694
700 699 706 705
700 693 694 687
701 702 707 708
701 696 695 690
702 707 708 713
702 701 696 695
703 709 715 720
703 697 691 685
704 710 716 721
704 698 692 686
705 712 711 717
705 706 699 700
706 705 712 711
706 699 700 693
707 708 713 714
707 702 701 696
708 713 714 718
708 707 702 701
709 715 720 725
709 703 697 691
710 716 721 726
710 704 698 692
711 717 722 728
711 712 705 706
712 711 717 722
712 705 706 699
713 714 718 719
713 708 707 702
714 718 719 723
714 713 708 707
715 720 725 731
715 709 703 697
716 721 726 732
716 710 704 698
717 722 728 727
717 711 712 705
718 719 723 724
718 714 713 708
719 723 724 729
719 718 714 713
720 725 731 736
720 715 709 703
721 726 732 737
721 716 710 704
722 728 727 734
722 717 711 712
723 724 729 730
723 719 718 714
724 729 730 735
724 723 719 718
725 731 736 741
725 720 715 709
726 732 737 742
726 721 716 710
727 734 733 738
727 728 722 717
728 727 734 733
728 722 717 711
729 730 735 739
729 724 723 719
730 735 739 740
730 729 724 723
731 736 741 747
731 725 720 715
732 737 742 749
732 726 721 716
733 738 744 743
733 734 727 728
734 733 738 744
734 727 728 722
735 739 740 745
735 730 729 724
736 741 747 748
736 731 725 720
737 742 749 755
737 732 726 721
738 744 743 751
738 733 734 727
739 740 745 746
739 735 730 729
740 745 746 752
740 739 735 730
741 747 748 754
741 736 731 725
742 749 755 760
742 737 732 726
743 751 750 756
743 744 738 733
744 743 751 750
744 738 733 734
745 746 752 753
745 740 739 735
746 752 753 757
746 745 740 739
747 748 754 759
747 741 736 731
748 754 759 763
748 747 741 736
749 755 760 764
749 742 737 732
750 756 761 766
750 751 743 744
751 750 756 761
751 743 744 738
752 753 757 758
752 746 745 740
753 757 758 762
753 752 746 745
754 759 763 769
754 748 747 741
755 760 764 770
755 749 742 737
756 761 766 765
756 750 751 743
757 758 762 767
757 753 752 746
758 762 767 768
758 757 753 752
759 763 769 774
759 754 748 747
760 764 770 775
760 755 749 742
761 766 765 771
761 756 750 751
762 767 768 772
762 758 757 753
763 769 774 779
763 759 754 748
764 770 775 780
764 760 755 749
765 771 777 776
765 766 761 756
766 765 771 777
766 761 756 750
767 768 772 773
767 762 758 757
768 772 773 778
768 767 762 758
769 774 779 784
769 763 759 754
770 775 780 785
770 764 760 755
771 777 776 781
771 765 766 761
772 773 778 782
772 768 767 762
773 778 782 783
773 772 768 767
774 779 784 789
774 769 763 759
775 780 785 790
775 770 764 760
776 781 786 792
776 777 771 765
777 776 781 786
777 771 765 766
778 782 783 787
778 773 772 768
779 784 789 794
779 774 769 763
780 785 790 795
780 775 770 764
781 786 792 791
781 776 777 771
782 783 787 788
782 778 773 772
783 787 788 793
783 782 778 773
784 789 794 799
784 779 774 769
785 790 795 800
785 780 775 770
786 792 791 796
786 781 776 777
787 788 793 797
787 783 782 778
788 793 797 798
788 787 783 782
789 794 799 804
789 784 779 774
790 795 800 805
790 785 780 775
791 796 802 801
791 792 786 781
792 791 796 802
792 786 781 776
793 797 798 803
793 788 787 783
794 799 804 808
794 789 784 779
795 800 805 809
795 790 785 780
796 802 801 806
796 791 792 786
797 798 803 807
797 793 788 787
798 803 807 812
798 797 793 788
799 804 808 814
799 794 789 784
800 805 809 815
800 795 790 785
801 806 811 810
801 802 796 791
802 801 806 811
802 796 791 792
803 807 812 813
803 798 797 793
804 808 814 818
804 799 794 789
805 809 815 819
805 800 795 790
806 811 810 816
806 801 802 796
807 812 813 817
807 803 798 797
808 814 818 824
808 804 799 794
809 815 819 825
809 805 800 795
810 816 821 820
810 811 806 801
811 810 816 821
811 806 801 802
812 813 817 822
812 807 803 798
813 817 822 823
813 812 807 803
814 818 824 828
814 808 804 799
815 819 825 829
815 809 805 800
816 821 820 826
816 810 811 806
817 822 823 827
817 813 812 807
818 824 828 834
818 814 808 804
819 825 829 835
819 815 809 805
820 826 831 830
820 821 816 810
821 820 826 831
821 816 810 811
822 823 827 832
822 817 813 812
823 827 832 833
823 822 817 813
824 828 834 838
824 818 814 808
825 829 835 839
825 819 815 809
826 831 830 836
826 820 821 816
827 832 833 837
827 823 822 817
828 834 838 844
828 824 818 814
829 835 839 845
829 825 819 815
830 836 841 840
830 831 826 820
831 830 836 841
831 826 820 821
832 833 837 842
832 827 823 822
833 837 842 843
833 832 827 823
834 838 844 848
834 828 824 818
835 839 845 849
835 829 825 819
836 841 840 846
836 830 831 826
837 842 843 847
837 833 832 827
838 844 848 853
838 834 828 824
839 845 849 854
839 835 829 825
840 846 850 855
840 841 836 830
841 840 846 850
841 836 830 831
842 843 847 851
842 837 833 832
843 847 851 852
843 842 837 833
844 848 853 857
844 838 834 828
845 849 854 858
845 839 835 829
846 850 855 859
846 840 841 836
847 851 852 856
847 843 842 837
848 853 857 862
848 844 838 834
849 854 858 863
849 845 839 835
850 855 859 865
850 846 840 841
851 852 856 860
851 847 843 842
852 856 860 861
852 851 847 843
853 857 862 867
853 848 844 838
854 858 863 868
854 849 845 839
855 859 865 864
855 850 846 840
856 860 861 866
856 852 851 847
857 862 867 871
857 853 848 844
858 863 868 872
858 854 849 845
859 865 864 869
859 855 850 846
860 861 866 870
860 856 852 851
861 866 870 874
861 860 856 852
862 867 871 875
862 857 853 848
863 868 872 876
863 858 854 849
864 869 873 877
864 865 859 855
865 864 869 873
865 859 855 850
866 870 874 878
866 861 860 856
867 871 875 879
867 862 857 853
868 872 876 880
868 863 858 854
869 873 877 881
869 864 865 859
870 874 878 882
870 866 861 860
871 875 879 883
871 867 862 857
872 876 880 884
872 868 863 858
873 877 881 886
873 869 864 865
874 878 882 887
874 870 866 861
875 879 883 888
875 871 867 862
876 880 884 889
876 872 868 863
877 881 886 885
877 873 869 864
878 882 887 891
878 874 870 866
879 883 888 892
879 875 871 867
880 884 889 893
880 876 872 868
881 886 885 890
881 877 873 869
882 887 891 895
882 878 874 870
883 888 892 896
883 879 875 871
884 889 893 897
884 880 876 872
885 890 894 899
885 886 881 877
886 885 890 894
886 881 877 873
887 891 895 900
887 882 878 874
888 892 896 901
888 883 879 875
889 893 897 902
889 884 880 876
890 894 899 898
890 885 886 881
891 895 900 904
891 887 882 878
892 896 901 906
892 888 883 879
893 897 902 907
893 889 884 880
894 899 898 903
894 890 885 886
895 900 904 905
895 891 887 882
896 901 906 910
896 892 888 883
897 902 907 911
897 893 889 884
898 903 908 912
898 899 894 890
899 898 903 908
899 894 890 885
900 904 905 909
900 895 891 887
901 906 910 914
901 896 892 888
902 907 911 915
902 897 893 889
903 908 912 916
903 898 899 894
904 905 909 913
904 900 895 891
905 909 913 917
905 904 900 895
906 910 914 918
906 901 896 892
907 911 915 919
907 902 897 893
908 912 916 920
908 903 898 899
909 913 917 921
909 905 904 900
910 914 918 922
910 906 901 896
911 915 919 924
911 907 902 897
912 916 920 925
912 908 903 898
913 917 921 926
913 909 905 904
914 918 922 923
914 910 906 901
915 919 924 928
915 911 907 902
916 920 925 930
916 912 908 903
917 921 926 931
917 913 909 905
918 922 923 927
918 914 910 906
919 924 928 933
919 915 911 907
920 925 930 929
920 916 912 908
921 926 931 935
921 917 913 909
922 923 927 932
922 918 914 910
923 927 932 936
923 922 918 914
924 928 933 937
924 919 915 911
925 930 929 934
925 920 916 912
926 931 935 939
926 921 917 913
927 932 936 940
927 923 922 918
928 933 937 941
928 924 919 915
929 934 938 942
929 930 925 920
930 929 934 938
930 925 920 916
931 935 939 943
931 926 921 917
932 936 940 944
932 927 923 922
933 937 941 945
933 928 924 919
934 938 942 946
934 929 930 925
935 939 943 947
935 931 926 921
936 940 944 948
936 932 927 923
937 941 945 949
937 933 928 924
938 942 946 950
938 934 929 930
939 943 947 951
939 935 931 926
940 944 948 952
940 936 932 927
941 945 949 953
941 937 933 928
942 946 950 954
942 938 934 929
943 947 951 955
943 939 935 931
944 948 952 956
944 940 936 932
945 949 953 957
945 941 937 933
946 950 954 958
946 942 938 934
947 951 955 959
947 943 939 935
948 952 956 960
948 944 940 936
949 953 957 961
949 945 941 937
950 954 958 962
950 946 942 938
951 955 959 963
951 947 943 939
952 956 960 964
952 948 944 940
953 957 961 965
953 949 945 941
954 958 962 966
954 950 946 942
955 959 963 967
955 951 947 943
956 960 964 968
956 952 948 944
957 961 965 969
957 953 949 945
958 962 966 970
958 954 950 946
959 963 967 971
959 955 951 947
960 964 968 972
960 956 952 948
961 965 969 973
961 957 953 949
962 966 970 974
962 958 954 950
963 967 971 975
963 959 955 951
964 968 972 976
964 960 956 952
965 969 973 977
965 961 957 953
966 970 974 978
966 962 958 954
967 971 975 979
967 963 959 955
968 972 976 980
968 964 960 956
969 973 977 981
969 965 961 957
970 974 978 982
970 966 962 958
971 975 979 983
971 967 963 959
972 976 980 984
972 968 964 960
973 977 981 985
973 969 965 961
974 978 982 986
974 970 966 962
975 979 983 987
975 971 967 963
976 980 984 988
976 972 968 964
977 981 985 989
977 973 969 965
978 982 986 990
978 974 970 966
979 983 987 991
979 975 971 967
980 984 988 992
980 976 972 968
981 985 989 993
981 977 973 969
982 986 990 994
982 978 974 970
983 987 991 995
983 979 975 971
984 988 992 996
984 980 976 972
985 989 993 997
985 981 977 973
986 990 994 998
986 982 978 974
987 991 995 999
987 983 979 975
988 992 996 1000
988 984 980 976
989 993 997 1001
989 985 981 977
990 994 998 1002
990 986 982 978
991 995 999 1003
991 987 983 979
992 996 1000 1004
992 988 984 980
993 997 1001 1005
993 989 985 981
994 998 1002 1006
994 990 986 982
995 999 1003 1007
995 991 987 983
996 1000 1004 1008
996 992 988 984
997 1001 1005 1009
997 993 989 985
998 1002 1006 1010
998 994 990 986
999 1003 1007 1011
999 995 991 987
1000 1004 1008 1012
1000 996 992 988
1001 1005 1009 1013
1001 997 993 989
1002 1006 1010 1014
1002 998 994 990
1003 1007 1011 1015
1003 999 995 991
1004 1008 1012 1016
1004 1000 996 992
1005 1009 1013 1017
1005 1001 997 993
1006 1010 1014 1018
1006 1002 998 994
1007 1011 1015 1019
1007 1003 999 995
1008 1012 1016 1020
1008 1004 1000 996
1009 1013 1017 1021
1009 1005 1001 997
1010 1014 1018 1022
1010 1006 1002 998
1011 1015 1019 1023
1011 1007 1003 999
1012 1016 1020 1024
1012 1008 1004 1000
1013 1017 1021 1025
1013 1009 1005 1001
1014 1018 1022 1026
1014 1010 1006 1002
1015 1019 1023 1027
1015 1011 1007 1003
1016 1020 1024 1028
1016 1012 1008 1004
1017 1021 1025 1029
1017 1013 1009 1005
1018 1022 1026 1030
1018 1014 1010 1006
1019 1023 1027 1031
1019 1015 1011 1007
1020 1024 1028 1032
1020 1016 1012 1008
1021 1025 1029 1033
1021 1017 1013 1009
1022 1026 1030 1034
1022 1018 1014 1010
1023 1027 1031 1035
1023 1019 1015 1011
1024 1028 1032 1036
1024 1020 1016 1012
1025 1029 1033 1037
1025 1021 1017 1013
1026 1030 1034 1038
1026 1022 1018 1014
1027 1031 1035 1039
1027 1023 1019 1015
1028 1032 1036 1040
1028 1024 1020 1016
1029 1033 1037 1041
1029 1025 1021 1017
1030 1034 1038 1042
1030 1026 1022 1018
1031 1035 1039 1043
1031 1027 1023 1019
1032 1036 1040 1044
1032 1028 1024 1020
1033 1037 1041 1045
1033 1029 1025 1021
1034 1038 1042 1046
1034 1030 1026 1022
1035 1039 1043 1047
1035 1031 1027 1023
1036 1040 1044 1048
1036 1032 1028 1024
1037 1041 1045 1049
1037 1033 1029 1025
1038 1042 1046 1050
1038 1034 1030 1026
1039 1043 1047 1051
1039 1035 1031 1027
1040 1044 1048 1052
1040 1036 1032 1028
1041 1045 1049 1053
1041 1037 1033 1029
1042 1046 1050 1054
1042 1038 1034 1030
1043 1047 1051 1055
1043 1039 1035 1031
1044 1048 1052 1056
1044 1040 1036 1032
1045 1049 1053 1057
1045 1041 1037 1033
1046 1050 1054 1058
1046 1042 1038 1034
1047 1051 1055 1059
1047 1043 1039 1035
1048 1052 1056 1060
1048 1044 1040 1036
1049 1053 1057 1061
1049 1045 1041 1037
1050 1054 1058 1062
1050 1046 1042 1038
1051 1055 1059 1063
1051 1047 1043 1039
1052 1056 1060 1064
1052 1048 1044 1040
1053 1057 1061 1065
1053 1049 1045 1041
1054 1058 1062 1066
1054 1050 1046 1042
1055 1059 1063 1067
1055 1051 1047 1043
1056 1060 1064 1068
1056 1052 1048 1044
1057 1061 1065 1069
1057 1053 1049 1045
1058 1062 1066 1070
1058 1054 1050 1046
1059 1063 1067 1071
1059 1055 1051 1047
1060 1064 1068 1072
1060 1056 1052 1048
1061 1065 1069 1073
1061 1057 1053 1049
1062 1066 1070 1074
1062 1058 1054 1050
1063 1067 1071 1075
1063 1059 1055 1051
1064 1068 1072 1076
1064 1060 1056 1052
1065 1069 1073 1077
1065 1061 1057 1053
1066 1070 1074 1078
1066 1062 1058 1054
1067 1071 1075 1079
1067 1063 1059 1055
1068 1072 1076 1080
1068 1064 1060 1056
1069 1073 1077 1081
1069 1065 1061 1057
1070 1074 1078 1082
1070 1066 1062 1058
1071 1075 1079 1083
1071 1067 1063 1059
1072 1076 1080 1084
1072 1068 1064 1060
1073 1077 1081 1085
1073 1069 1065 1061
1074 1078 1082 1086
1074 1070 1066 1062
1075 1079 1083 1087
1075 1071 1067 1063
1076 1080 1084 1088
1076 1072 1068 1064
1077 1081 1085 1089
1077 1073 1069 1065
1078 1082 1086 1090
1078 1074 1070 1066
1079 1083 1087 1091
1079 1075 1071 1067
1080 1084 1088 1092
1080 1076 1072 1068
1081 1085 1089 1093
1081 1077 1073 1069
1082 1086 1090 1094
1082 1078 1074 1070
1083 1087 1091 1095
1083 1079 1075 1071
1084 1088 1092 1096
1084 1080 1076 1072
1085 1089 1093 1097
1085 1081 1077 1073
1086 1090 1094 1098
1086 1082 1078 1074
1087 1091 1095 1099
1087 1083 1079 1075
1088 1092 1096 1100
1088 1084 1080 1076
1089 1093 1097 1101
1089 1085 1081 1077
1090 1094 1098 1102
1090 1086 1082 1078
1091 1095 1099 1103
1091 1087 1083 1079
1092 1096 1100 1104
1092 1088 1084 1080
1093 1097 1101 1105
1093 1089 1085 1081
1094 1098 1102 1106
1094 1090 1086 1082
1095 1099 1103 1107
1095 1091 1087 1083
1096 1100 1104 1108
1096 1092 1088 1084
1097 1101 1105 1109
1097 1093 1089 1085
1098 1102 1106 1110
1098 1094 1090 1086
1099 1103 1107 1111
1099 1095 1091 1087
1100 1104 1108 1112
1100 1096 1092 1088
1101 1105 1109 1113
1101 1097 1093 1089
1102 1106 1110 1114
1102 1098 1094 1090
1103 1107 1111 1115
1103 1099 1095 1091
1104 1108 1112 1116
1104 1100 1096 1092
1105 1109 1113 1117
1105 1101 1097 1093
1106 1110 1114 1118
1106 1102 1098 1094
1107 1111 1115 1119
1107 1103 1099 1095
1108 1112 1116 1120
1108 1104 1100 1096
1109 1113 1117 1121
1109 1105 1101 1097
1110 1114 1118 1122
1110 1106 1102 1098
1111 1115 1119 1123
1111 1107 1103 1099
1112 1116 1120 1124
1112 1108 1104 1100
1113 1117 1121 1125
1113 1109 1105 1101
1114 1118 1122 1126
1114 1110 1106 1102
1115 1119 1123 1127
1115 1111 1107 1103
1116 1120 1124 1128
1116 1112 1108 1104
1117 1121 1125 1129
1117 1113 1109 1105
1118 1122 1126 1130
1118 1114 1110 1106
1119 1123 1127 1131
1119 1115 1111 1107
1120 1124 1128 1132
1120 1116 1112 1108
1121 1125 1129 1133
1121 1117 1113 1109
1122 1126 1130 1134
1122 1118 1114 1110
1123 1127 1131 1135
1123 1119 1115 1111
1124 1128 1132 1136
1124 1120 1116 1112
1125 1129 1133 1137
1125 1121 1117 1113
1126 1130 1134 1138
1126 1122 1118 1114
1127 1131 1135 1139
1127 1123 1119 1115
1128 1132 1136 1140
1128 1124 1120 1116
1129 1133 1137 1141
1129 1125 1121 1117
1130 1134 1138 1142
1130 1126 1122 1118
1131 1135 1139 1143
1131 1127 1123 1119
1132 1136 1140 1144
1132 1128 1124 1120
1133 1137 1141 1145
1133 1129 1125 1121
1134 1138 1142 1146
1134 1130 1126 1122
1135 1139 1143 1147
1135 1131 1127 1123
1136 1140 1144 1148
1136 1132 1128 1124
1137 1141 1145 1149
1137 1133 1129 1125
1138 1142 1146 1150
1138 1134 1130 1126
1139 1143 1147 1151
1139 1135 1131 1127
1140 1144 1148 1152
1140 1136 1132 1128
1141 1145 1149 1153
1141 1137 1133 1129
1142 1146 1150 1154
1142 1138 1134 1130
1143 1147 1151 1155
1143 1139 1135 1131
1144 1148 1152 1156
1144 1140 1136 1132
1145 1149 1153 1157
1145 1141 1137 1133
1146 1150 1154 1158
1146 1142 1138 1134
1147 1151 1155 1159
1147 1143 1139 1135
1148 1152 1156 1160
1148 1144 1140 1136
1149 1153 1157 1161
1149 1145 1141 1137
1150 1154 1158 1162
1150 1146 1142 1138
1151 1155 1159 1163
1151 1147 1143 1139
1152 1156 1160 1164
1152 1148 1144 1140
1153 1157 1161 1165
1153 1149 1145 1141
1154 1158 1162 1166
1154 1150 1146 1142
1155 1159 1163 1167
1155 1151 1147 1143
1156 1160 1164 1168
1156 1152 1148 1144
1157 1161 1165 1170
1157 1153 1149 1145
1158 1162 1166 1171
1158 1154 1150 1146
1159 1163 1167 1172
1159 1155 1151 1147
1160 1164 1168 1169
1160 1156 1152 1148
1161 1165 1170 1174
1161 1157 1153 1149
1162 1166 1171 1175
1162 1158 1154 1150
1163 1167 1172 1176
1163 1159 1155 1151
1164 1168 1169 1173
1164 1160 1156 1152
1165 1170 1174 1178
1165 1161 1157 1153
1166 1171 1175 1179
1166 1162 1158 1154
1167 1172 1176 1180
1167 1163 1159 1155
1168 1169 1173 1177
1168 1164 1160 1156
1169 1173 1177 1181
1169 1168 1164 1160
1170 1174 1178 1182
1170 1165 1161 1157
1171 1175 1179 1183
1171 1166 1162 1158
1172 1176 1180 1184
1172 1167 1163 1159
1173 1177 1181 1185
1173 1169 1168 1164
1174 1178 1182 1186
1174 1170 1165 1161
1175 1179 1183 1187
1175 1171 1166 1162
1176 1180 1184 1188
1176 1172 1167 1163
1177 1181 1185 1189
1177 1173 1169 1168
1178 1182 1186 1190
1178 1174 1170 1165
1179 1183 1187 1191
1179 1175 1171 1166
1180 1184 1188 1192
1180 1176 1172 1167
1181 1185 1189 1193
1181 1177 1173 1169
1182 1186 1190 1194
1182 1178 1174 1170
1183 1187 1191 1195
1183 1179 1175 1171
1184 1188 1192 1196
1184 1180 1176 1172
1185 1189 1193 1197
1185 1181 1177 1173
1186 1190 1194 1198
1186 1182 1178 1174
1187 1191 1195 1199
1187 1183 1179 1175
1188 1192 1196 1200
1188 1184 1180 1176
1189 1193 1197 1201
1189 1185 1181 1177
1190 1194 1198 1202
1190 1186 1182 1178
1191 1195 1199 1203
1191 1187 1183 1179
1192 1196 1200 1204
1192 1188 1184 1180
1193 1197 1201 1205
1193 1189 1185 1181
1194 1198 1202 1206
1194 1190 1186 1182
1195 1199 1203 1207
1195 1191 1187 1183
1196 1200 1204 1208
1196 1192 1188 1184
1197 1201 1205 1209
1197 1193 1189 1185
1198 1202 1206 1210
1198 1194 1190 1186
1199 1203 1207 1211
1199 1195 1191 1187
1200 1204 1208 1212
1200 1196 1192 1188
1201 1205 1209 1213
1201 1197 1193 1189
1202 1206 1210 1214
1202 1198 1194 1190
1203 1207 1211 1215
1203 1199 1195 1191
1204 1208 1212 1216
1204 1200 1196 1192
1205 1209 1213 1217
1205 1201 1197 1193
1206 1210 1214 1218
1206 1202 1198 1194
1207 1211 1215 1219
1207 1203 1199 1195
1208 1212 1216 1220
1208 1204 1200 1196
1209 1213 1217 1221
1209 1205 1201 1197
1210 1214 1218 1222
1210 1206 1202 1198
1211 1215 1219 1223
1211 1207 1203 1199
1212 1216 1220 1224
1212 1208 1204 1200
1213 1217 1221 1225
1213 1209 1205 1201
1214 1218 1222 1226
1214 1210 1206 1202
1215 1219 1223 1227
1215 1211 1207 1203
1216 1220 1224 1229
1216 1212 1208 1204
1217 1221 1225 1230
1217 1213 1209 1205
1218 1222 1226 1232
1218 1214 1210 1206
1219 1223 1227 1228
1219 1215 1211 1207
1220 1224 1229 1234
1220 1216 1212 1208
1221 1225 1230 1231
1221 1217 1213 1209
1222 1226 1232 1236
1222 1218 1214 1210
1223 1227 1228 1233
1223 1219 1215 1211
1224 1229 1234 1238
1224 1220 1216 1212
1225 1230 1231 1235
1225 1221 1217 1213
1226 1232 1236 1240
1226 1222 1218 1214
1227 1228 1233 1237
1227 1223 1219 1215
1228 1233 1237 1241
1228 1227 1223 1219
1229 1234 1238 1242
1229 1224 1220 1216
1230 1231 1235 1239
1230 1225 1221 1217
1231 1235 1239 1243
1231 1230 1225 1221
1232 1236 1240 1244
1232 1226 1222 1218
1233 1237 1241 1245
1233 1228 1227 1223
1234 1238 1242 1246
1234 1229 1224 1220
1235 1239 1243 1247
1235 1231 1230 1225
1236 1240 1244 1248
1236 1232 1226 1222
1237 1241 1245 1249
1237 1233 1228 1227
1238 1242 1246 1250
1238 1234 1229 1224
1239 1243 1247 1251
1239 1235 1231 1230
1240 1244 1248 1252
1240 1236 1232 1226
1241 1245 1249 1253
1241 1237 1233 1228
1242 1246 1250 1255
1242 1238 1234 1229
1243 1247 1251 1256
1243 1239 1235 1231
1244 1248 1252 1257
1244 1240 1236 1232
1245 1249 1253 1258
1245 1241 1237 1233
1246 1250 1255 1254
1246 1242 1238 1234
1247 1251 1256 1261
1247 1243 1239 1235
1248 1252 1257 1262
1248 1244 1240 1236
1249 1253 1258 1259
1249 1245 1241 1237
1250 1255 1254 1260
1250 1246 1242 1238
1251 1256 1261 1265
1251 1247 1243 1239
1252 1257 1262 1266
1252 1248 1244 1240
1253 1258 1259 1263
1253 1249 1245 1241
1254 1260 1264 1268
1254 1255 1250 1246
1255 1254 1260 1264
1255 1250 1246 1242
1256 1261 1265 1269
1256 1251 1247 1243
1257 1262 1266 1270
1257 1252 1248 1244
1258 1259 1263 1267
1258 1253 1249 1245
1259 1263 1267 1271
1259 1258 1253 1249
1260 1264 1268 1273
1260 1254 1255 1250
1261 1265 1269 1274
1261 1256 1251 1247
1262 1266 1270 1275
1262 1257 1252 1248
1263 1267 1271 1272
1263 1259 1258 1253
1264 1268 1273 1277
1264 1260 1254 1255
1265 1269 1274 1278
1265 1261 1256 1251
1266 1270 1275 1279
1266 1262 1257 1252
1267 1271 1272 1276
1267 1263 1259 1258
1268 1273 1277 1281
1268 1264 1260 1254
1269 1274 1278 1282
1269 1265 1261 1256
1270 1275 1279 1283
1270 1266 1262 1257
1271 1272 1276 1280
1271 1267 1263 1259
1272 1276 1280 1284
1272 1271 1267 1263
1273 1277 1281 1285
1273 1268 1264 1260
1274 1278 1282 1286
1274 1269 1265 1261
1275 1279 1283 1287
1275 1270 1266 1262
1276 1280 1284 1288
1276 1272 1271 1267
1277 1281 1285 1289
1277 1273 1268 1264
1278 1282 1286 1290
1278 1274 1269 1265
1279 1283 1287 1291
1279 1275 1270 1266
1280 1284 1288 1292
1280 1276 1272 1271
1281 1285 1289 1294
1281 1277 1273 1268
1282 1286 1290 1295
1282 1278 1274 1269
1283 1287 1291 1296
1283 1279 1275 1270
1284 1288 1292 1293
1284 1280 1276 1272
1285 1289 1294 1299
1285 1281 1277 1273
1286 1290 1295 1300
1286 1282 1278 1274
1287 1291 1296 1301
1287 1283 1279 1275
1288 1292 1293 1297
1288 1284 1280 1276
1289 1294 1299 1298
1289 1285 1281 1277
1290 1295 1300 1304
1290 1286 1282 1278
1291 1296 1301 1305
1291 1287 1283 1279
1292 1293 1297 1302
1292 1288 1284 1280
1293 1297 1302 1307
1293 1292 1288 1284
1294 1299 1298 1303
1294 1289 1285 1281
1295 1300 1304 1310
1295 1290 1286 1282
1296 1301 1305 1306
1296 1291 1287 1283
1297 1302 1307 1312
1297 1293 1292 1288
1298 1303 1309 1308
1298 1299 1294 1289
1299 1298 1303 1309
1299 1294 1289 1285
1300 1304 1310 1314
1300 1295 1290 1286
1301 1305 1306 1311
1301 1296 1291 1287
1302 1307 1312 1316
1302 1297 1293 1292
1303 1309 1308 1313
1303 1298 1299 1294
1304 1310 1314 1320
1304 1300 1295 1290
1305 1306 1311 1315
1305 1301 1296 1291
1306 1311 1315 1321
1306 1305 1301 1296
1307 1312 1316 1317
1307 1302 1297 1293
1308 1313 1319 1318
1308 1309 1303 1298
1309 1308 1313 1319
1309 1303 1298 1299
1310 1314 1320 1324
1310 1304 1300 1295
1311 1315 1321 1325
1311 1306 1305 1301
1312 1316 1317 1322
1312 1307 1302 1297
1313 1319 1318 1323
1313 1308 1309 1303
1314 1320 1324 1330
1314 1310 1304 1300
1315 1321 1325 1331
1315 1311 1306 1305
1316 1317 1322 1326
1316 1312 1307 1302
1317 1322 1326 1327
1317 1316 1312 1307
1318 1323 1329 1328
1318 1319 1313 1308
1319 1318 1323 1329
1319 1313 1308 1309
1320 1324 1330 1334
1320 1314 1310 1304
1321 1325 1331 1335
1321 1315 1311 1306
1322 1326 1327 1332
1322 1317 1316 1312
1323 1329 1328 1333
1323 1318 1319 1313
1324 1330 1334 1340
1324 1320 1314 1310
1325 1331 1335 1342
1325 1321 1315 1311
1326 1327 1332 1336
1326 1322 1317 1316
1327 1332 1336 1337
1327 1326 1322 1317
1328 1333 1339 1338
1328 1329 1323 1318
1329 1328 1333 1339
1329 1323 1318 1319
1330 1334 1340 1341
1330 1324 1320 1314
1331 1335 1342 1346
1331 1325 1321 1315
1332 1336 1337 1343
1332 1327 1326 1322
1333 1339 1338 1344
1333 1328 1329 1323
1334 1340 1341 1345
1334 1330 1324 1320
1335 1342 1346 1352
1335 1331 1325 1321
1336 1337 1343 1347
1336 1332 1327 1326
1337 1343 1347 1348
1337 1336 1332 1327
1338 1344 1350 1349
1338 1339 1333 1328
1339 1338 1344 1350
1339 1333 1328 1329
1340 1341 1345 1351
1340 1334 1330 1324
1341 1345 1351 1355
1341 1340 1334 1330
1342 1346 1352 1356
1342 1335 1331 1325
1343 1347 1348 1353
1343 1337 1336 1332
1344 1350 1349 1354
1344 1338 1339 1333
1345 1351 1355 1360
1345 1341 1340 1334
1346 1352 1356 1361
1346 1342 1335 1331
1347 1348 1353 1357
1347 1343 1337 1336
1348 1353 1357 1358
1348 1347 1343 1337
1349 1354 1359 1364
1349 1350 1344 1338
1350 1349 1354 1359
1350 1344 1338 1339
1351 1355 1360 1365
1351 1345 1341 1340
1352 1356 1361 1366
1352 1346 1342 1335
1353 1357 1358 1362
1353 1348 1347 1343
1354 1359 1364 1363
1354 1349 1350 1344
1355 1360 1365 1370
1355 1351 1345 1341
1356 1361 1366 1371
1356 1352 1346 1342
1357 1358 1362 1367
1357 1353 1348 1347
1358 1362 1367 1368
1358 1357 1353 1348
1359 1364 1363 1369
1359 1354 1349 1350
1360 1365 1370 1375
1360 1355 1351 1345
1361 1366 1371 1376
1361 1356 1352 1346
1362 1367 1368 1372
1362 1358 1357 1353
1363 1369 1374 1373
1363 1364 1359 1354
1364 1363 1369 1374
1364 1359 1354 1349
1365 1370 1375 1380
1365 1360 1355 1351
1366 1371 1376 1381
1366 1361 1356 1352
1367 1368 1372 1377
1367 1362 1358 1357
1368 1372 1377 1382
1368 1367 1362 1358
1369 1374 1373 1379
1369 1363 1364 1359
1370 1375 1380 1385
1370 1365 1360 1355
1371 1376 1381 1386
1371 1366 1361 1356
1372 1377 1382 1383
1372 1368 1367 1362
1373 1379 1378 1384
1373 1374 1369 1363
1374 1373 1379 1378
1374 1369 1363 1364
1375 1380 1385 1390
1375 1370 1365 1360
1376 1381 1386 1391
1376 1371 1366 1361
1377 1382 1383 1387
1377 1372 1368 1367
1378 1384 1389 1388
1378 1379 1373 1374
1379 1378 1384 1389
1379 1373 1374 1369
1380 1385 1390 1396
1380 1375 1370 1365
1381 1386 1391 1397
1381 1376 1371 1366
1382 1383 1387 1392
1382 1377 1372 1368
1383 1387 1392 1393
1383 1382 1377 1372
1384 1389 1388 1395
1384 1378 1379 1373
1385 1390 1396 1400
1385 1380 1375 1370
1386 1391 1397 1401
1386 1381 1376 1371
1387 1392 1393 1398
1387 1383 1382 1377
1388 1395 1394 1399
1388 1389 1384 1378
1389 1388 1395 1394
1389 1384 1378 1379
1390 1396 1400 1405
1390 1385 1380 1375
1391 1397 1401 1406
1391 1386 1381 1376
1392 1393 1398 1402
1392 1387 1383 1382
1393 1398 1402 1407
1393 1392 1387 1383
1394 1399 1404 1403
1394 1395 1388 1389
1395 1394 1399 1404
1395 1388 1389 1384
1396 1400 1405 1411
1396 1390 1385 1380
1397 1401 1406 1412
1397 1391 1386 1381
1398 1402 1407 1408
1398 1393 1392 1387
1399 1404 1403 1410
1399 1394 1395 1388
1400 1405 1411 1417
1400 1396 1390 1385
1401 1406 1412 1418
1401 1397 1391 1386
1402 1407 1408 1413
1402 1398 1393 1392
1403 1410 1409 1416
1403 1404 1399 1394
1404 1403 1410 1409
1404 1399 1394 1395
1405 1411 1417 1421
1405 1400 1396 1390
1406 1412 1418 1422
1406 1401 1397 1391
1407 1408 1413 1414
1407 1402 1398 1393
1408 1413 1414 1419
1408 1407 1402 1398
1409 1416 1415 1420
1409 1410 1403 1404
1410 1409 1416 1415
1410 1403 1404 1399
1411 1417 1421 1426
1411 1405 1400 1396
1412 1418 1422 1427
1412 1406 1401 1397
1413 1414 1419 1423
1413 1408 1407 1402
1414 1419 1423 1424
1414 1413 1408 1407
1415 1420 1425 1431
1415 1416 1409 1410
1416 1415 1420 1425
1416 1409 1410 1403
1417 1421 1426 1432
1417 1411 1405 1400
1418 1422 1427 1433
1418 1412 1406 1401
1419 1423 1424 1428
1419 1414 1413 1408
1420 1425 1431 1430
1420 1415 1416 1409
1421 1426 1432 1438
1421 1417 1411 1405
1422 1427 1433 1439
1422 1418 1412 1406
1423 1424 1428 1429
1423 1419 1414 1413
1424 1428 1429 1434
1424 1423 1419 1414
1425 1431 1430 1436
1425 1420 1415 1416
1426 1432 1438 1437
1426 1421 1417 1411
1427 1433 1439 1445
1427 1422 1418 1412
1428 1429 1434 1440
1428 1424 1423 1419
1429 1434 1440 1446
1429 1428 1424 1423
1430 1436 1435 1442
1430 1431 1425 1420
1431 1430 1436 1435
1431 1425 1420 1415
1432 1438 1437 1444
1432 1426 1421 1417
1433 1439 1445 1451
1433 1427 1422 1418
1434 1440 1446 1447
1434 1429 1428 1424
1435 1442 1441 1449
1435 1436 1430 1431
1436 1435 1442 1441
1436 1430 1431 1425
1437 1444 1443 1450
1437 1438 1432 1426
1438 1437 1444 1443
1438 1432 1426 1421
1439 1445 1451 1457
1439 1433 1427 1422
1440 1446 1447 1452
1440 1434 1429 1428
1441 1449 1448 1455
1441 1442 1435 1436
1442 1441 1449 1448
1442 1435 1436 1430
1443 1450 1456 1463
1443 1444 1437 1438
1444 1443 1450 1456
1444 1437 1438 1432
1445 1451 1457 1464
1445 1439 1433 1427
1446 1447 1452 1453
1446 1440 1434 1429
1447 1452 1453 1458
1447 1446 1440 1434
1448 1455 1454 1461
1448 1449 1441 1442
1449 1448 1455 1454
1449 1441 1442 1435
1450 1456 1463 1462
1450 1443 1444 1437
1451 1457 1464 1471
1451 1445 1439 1433
1452 1453 1458 1459
1452 1447 1446 1440
1453 1458 1459 1465
1453 1452 1447 1446
1454 1461 1460 1468
1454 1455 1448 1449
1455 1454 1461 1460
1455 1448 1449 1441
1456 1463 1462 1470
1456 1450 1443 1444
1457 1464 1471 1478
1457 1451 1445 1439
1458 1459 1465 1466
1458 1453 1452 1447
1459 1465 1466 1472
1459 1458 1453 1452
1460 1468 1467 1475
1460 1461 1454 1455
1461 1460 1468 1467
1461 1454 1455 1448
1462 1470 1469 1477
1462 1463 1456 1450
1463 1462 1470 1469
1463 1456 1450 1443
1464 1471 1478 1484
1464 1457 1451 1445
1465 1466 1472 1473
1465 1459 1458 1453
1466 1472 1473 1479
1466 1465 1459 1458
1467 1475 1474 1481
1467 1468 1460 1461
1468 1467 1475 1474
1468 1460 1461 1454
1469 1477 1476 1483
1469 1470 1462 1463
1470 1469 1477 1476
1470 1462 1463 1456
1471 1478 1484 1489
1471 1464 1457 1451
1472 1473 1479 1485
1472 1466 1465 1459
1473 1479 1485 1490
1473 1472 1466 1465
1474 1481 1480 1487
1474 1475 1467 1468
1475 1474 1481 1480
1475 1467 1468 1460
1476 1483 1482 1488
1476 1477 1469 1470
1477 1476 1483 1482
1477 1469 1470 1462
1478 1484 1489 1495
1478 1471 1464 1457
1479 1485 1490 1491
1479 1473 1472 1466
1480 1487 1486 1493
1480 1481 1474 1475
1481 1480 1487 1486
1481 1474 1475 1467
1482 1488 1494 1501
1482 1483 1476 1477
1483 1482 1488 1494
1483 1476 1477 1469
1484 1489 1495 1502
1484 1478 1471 1464
1485 1490 1491 1496
1485 1479 1473 1472
1486 1493 1492 1499
1486 1487 1480 1481
1487 1486 1493 1492
1487 1480 1481 1474
1488 1494 1501 1500
1488 1482 1483 1476
1489 1495 1502 1509
1489 1484 1478 1471
1490 1491 1496 1497
1490 1485 1479 1473
1491 1496 1497 1503
1491 1490 1485 1479
1492 1499 1498 1506
1492 1493 1486 1487
1493 1492 1499 1498
1493 1486 1487 1480
1494 1501 1500 1508
1494 1488 1482 1483
1495 1502 1509 1517
1495 1489 1484 1478
1496 1497 1503 1504
1496 1491 1490 1485
1497 1503 1504 1510
1497 1496 1491 1490
1498 1506 1505 1514
1498 1499 1492 1493
1499 1498 1506 1505
1499 1492 1493 1486
1500 1508 1507 1516
1500 1501 1494 1488
1501 1500 1508 1507
1501 1494 1488 1482
1502 1509 1517 1524
1502 1495 1489 1484
1503 1504 1510 1511
1503 1497 1496 1491
1504 1510 1511 1512
1504 1503 1497 1496
1505 1514 1513 1521
1505 1506 1498 1499
1506 1505 1514 1513
1506 1498 1499 1492
1507 1516 1515 1523
1507 1508 1500 1501
1508 1507 1516 1515
1508 1500 1501 1494
1509 1517 1524 1531
1509 1502 1495 1489
1510 1511 1512 1518
1510 1504 1503 1497
1511 1512 1518 1519
1511 1510 1504 1503
1512 1518 1519 1525
1512 1511 1510 1504
1513 1521 1520 1529
1513 1514 1505 1506
1514 1513 1521 1520
1514 1505 1506 1498
1515 1523 1522 1530
1515 1516 1507 1508
1516 1515 1523 1522
1516 1507 1508 1500
1517 1524 1531 1533
1517 1509 1502 1495
1518 1519 1525 1526
1518 1512 1511 1510
1519 1525 1526 1527
1519 1518 1512 1511
1520 1529 1528 1527
1520 1521 1513 1514
1521 1520 1529 1528
1521 1513 1514 1505
1522 1530 1532 1535
1522 1523 1515 1516
1523 1522 1530 1532
1523 1515 1516 1507
1524 1531 1533 1536
1524 1517 1509 1502
1525 1526 1527 1528
1525 1519 1518 1512
1526 1527 1528 1529
1526 1525 1519 1518
1527 1528 1529 1520
1527 1526 1525 1519
1528 1527 1526 1525
1528 1529 1520 1521
1529 1528 1527 1526
1529 1520 1521 1513
1530 1532 1535 1534
1530 1522 1523 1515
1531 1533 1536 1539
1531 1524 1517 1509
1532 1535 1534 1538
1532 1530 1522 1523
1533 1536 1539 1542
1533 1531 1524 1517
1534 1538 1537 1541
1534 1535 1532 1530
1535 1534 1538 1537
1535 1532 1530 1522
1536 1539 1542 1543
1536 1533 1531 1524
1537 1541 1540 1545
1537 1538 1534 1535
1538 1537 1541 1540
1538 1534 1535 1532
1539 1542 1543 1546
1539 1536 1533 1531
1540 1545 1544 1547
1540 1541 1537 1538
1541 1540 1545 1544
1541 1537 1538 1534
1542 1543 1546 1548
1542 1539 1536 1533
1543 1546 1548 1551
1543 1542 1539 1536
1544 1547 1550 1549
1544 1545 1540 1541
1545 1544 1547 1550
1545 1540 1541 1537
1546 1548 1551 1554
1546 1543 1542 1539
1547 1550 1549 1553
1547 1544 1545 1540
1548 1551 1554 1557
1548 1546 1543 1542
1549 1553 1552 1556
1549 1550 1547 1544
1550 1549 1553 1552
1550 1547 1544 1545
1551 1554 1557 1560
1551 1548 1546 1543
1552 1556 1555 1559
1552 1553 1549 1550
1553 1552 1556 1555
1553 1549 1550 1547
1554 1557 1560 1563
1554 1551 1548 1546
1555 1559 1558 1562
1555 1556 1552 1553
1556 1555 1559 1558
1556 1552 1553 1549
1557 1560 1563 1565
1557 1554 1551 1548
1558 1562 1561 1564
1558 1559 1555 1556
1559 1558 1562 1561
1559 1555 1556 1552
1560 1563 1565 1568
1560 1557 1554 1551
1561 1564 1567 1566
1561 1562 1558 1559
1562 1561 1564 1567
1562 1558 1559 1555
1563 1565 1568 1571
1563 1560 1557 1554
1564 1567 1566 1570
1564 1561 1562 1558
1565 1568 1571 1574
1565 1563 1560 1557
1566 1570 1569 1573
1566 1567 1564 1561
1567 1566 1570 1569
1567 1564 1561 1562
1568 1571 1574 1577
1568 1565 1563 1560
1569 1573 1572 1576
1569 1570 1566 1567
1570 1569 1573 1572
1570 1566 1567 1564
1571 1574 1577 1580
1571 1568 1565 1563
1572 1576 1575 1579
1572 1573 1569 1570
1573 1572 1576 1575
1573 1569 1570 1566
1574 1577 1580 1582
1574 1571 1568 1565
1575 1579 1578 1581
1575 1576 1572 1573
1576 1575 1579 1578
1576 1572 1573 1569
1577 1580 1582 1585
1577 1574 1571 1568
1578 1581 1584 1583
1578 1579 1575 1576
1579 1578 1581 1584
1579 1575 1576 1572
1580 1582 1585 1588
1580 1577 1574 1571
1581 1584 1583 1587
1581 1578 1579 1575
1582 1585 1588 1591
1582 1580 1577 1574
1583 1587 1586 1590
1583 1584 1581 1578
1584 1583 1587 1586
1584 1581 1578 1579
1585 1588 1591 1594
1585 1582 1580 1577
1586 1590 1589 1593
1586 1587 1583 1584
1587 1586 1590 1589
1587 1583 1584 1581
1588 1591 1594 1597
1588 1585 1582 1580
1589 1593 1592 1596
1589 1590 1586 1587
1590 1589 1593 1592
1590 1586 1587 1583
1591 1594 1597 1599
1591 1588 1585 1582
1592 1596 1595 1598
1592 1593 1589 1590
1593 1592 1596 1595
1593 1589 1590 1586
1594 1597 1599 1602
1594 1591 1588 1585
1595 1598 1601 1600
1595 1596 1592 1593
1596 1595 1598 1601
1596 1592 1593 1589
1597 1599 1602 1605
1597 1594 1591 1588
1598 1601 1600 1604
1598 1595 1596 1592
1599 1602 1605 1608
1599 1597 1594 1591
1600 1604 1603 1607
1600 1601 1598 1595
1601 1600 1604 1603
1601 1598 1595 1596
1602 1605 1608 1611
1602 1599 1597 1594
1603 1607 1606 1610
1603 1604 1600 1601
1604 1603 1607 1606
1604 1600 1601 1598
1605 1608 1611 1613
1605 1602 1599 1597
1606 1610 1609 1612
1606 1607 1603 1604
1607 1606 1610 1609
1607 1603 1604 1600
1608 1611 1613 1615
1608 1605 1602 1599
1609 1612 1614 1617
1609 1610 1606 1607
1610 1609 1612 1614
1610 1606 1607 1603
1611 1613 1615 1618
1611 1608 1605 1602
1612 1614 1617 1616
1612 1609 1610 1606
1613 1615 1618 1619
1613 1611 1608 1605
1614 1617 1616 1621
1614 1612 1609 1610
1615 1618 1619 1622
1615 1613 1611 1608
1616 1621 1620 1624
1616 1617 1614 1612
1617 1616 1621 1620
1617 1614 1612 1609
1618 1619 1622 1625
1618 1615 1613 1611
1619 1622 1625 1628
1619 1618 1615 1613
1620 1624 1623 1627
1620 1621 1616 1617
1621 1620 1624 1623
1621 1616 1617 1614
1622 1625 1628 1630
1622 1619 1618 1615
1623 1627 1626 1629
1623 1624 1620 1621
1624 1623 1627 1626
1624 1620 1621 1616
1625 1628 1630 1632
1625 1622 1619 1618
1626 1629 1631 1634
1626 1627 1623 1624
1627 1626 1629 1631
1627 1623 1624 1620
1628 1630 1632 1635
1628 1625 1622 1619
1629 1631 1634 1633
1629 1626 1627 1623
1630 1632 1635 1638
1630 1628 1625 1622
1631 1634 1633 1637
1631 1629 1626 1627
1632 1635 1638 1641
1632 1630 1628 1625
1633 1637 1636 1640
1633 1634 1631 1629
1634 1633 1637 1636
1634 1631 1629 1626
1635 1638 1641 1642
1635 1632 1630 1628
1636 1640 1639 1644
1636 1637 1633 1634
1637 1636 1640 1639
1637 1633 1634 1631
1638 1641 1642 1645
1638 1635 1632 1630
1639 1644 1643 1646
1639 1640 1636 1637
1640 1639 1644 1643
1640 1636 1637 1633
1641 1642 1645 1647
1641 1638 1635 1632
1642 1645 1647 1649
1642 1641 1638 1635
1643 1646 1648 1651
1643 1644 1639 1640
1644 1643 1646 1648
1644 1639 1640 1636
1645 1647 1649 1652
1645 1642 1641 1638
1646 1648 1651 1650
1646 1643 1644 1639
1647 1649 1652 1655
1647 1645 1642 1641
1648 1651 1650 1654
1648 1646 1643 1644
1649 1652 1655 1658
1649 1647 1645 1642
1650 1654 1653 1657
1650 1651 1648 1646
1651 1650 1654 1653
1651 1648 1646 1643
1652 1655 1658 1661
1652 1649 1647 1645
1653 1657 1656 1660
1653 1654 1650 1651
1654 1653 1657 1656
1654 1650 1651 1648
1655 1658 1661 1663
1655 1652 1649 1647
1656 1660 1659 1662
1656 1657 1653 1654
1657 1656 1660 1659
1657 1653 1654 1650
1658 1661 1663 1664
1658 1655 1652 1649
1659 1662 1665 1668
1659 1660 1656 1657
1660 1659 1662 1665
1660 1656 1657 1653
1661 1663 1664 1666
1661 1658 1655 1652
1662 1665 1668 1667
1662 1659 1660 1656
1663 1664 1666 1669
1663 1661 1658 1655
1664 1666 1669 1672
1664 1663 1661 1658
1665 1668 1667 1671
1665 1662 1659 1660
1666 1669 1672 1675
1666 1664 1663 1661
1667 1671 1670 1674
1667 1668 1665 1662
1668 1667 1671 1670
1668 1665 1662 1659
1669 1672 1675 1678
1669 1666 1664 1663
1670 1674 1673 1677
1670 1671 1667 1668
1671 1670 1674 1673
1671 1667 1668 1665
1672 1675 1678 1679
1672 1669 1666 1664
1673 1677 1676 1680
1673 1674 1670 1671
1674 1673 1677 1676
1674 1670 1671 1667
1675 1678 1679 1681
1675 1672 1669 1666
1676 1680 1682 1685
1676 1677 1673 1674
1677 1676 1680 1682
1677 1673 1674 1670
1678 1679 1681 1683
1678 1675 1672 1669
1679 1681 1683 1686
1679 1678 1675 1672
1680 1682 1685 1684
1680 1676 1677 1673
1681 1683 1686 1689
1681 1679 1678 1675
1682 1685 1684 1688
1682 1680 1676 1677
1683 1686 1689 1692
1683 1681 1679 1678
1684 1688 1687 1691
1684 1685 1682 1680
1685 1684 1688 1687
1685 1682 1680 1676
1686 1689 1692 1693
1686 1683 1681 1679
1687 1691 1690 1695
1687 1688 1684 1685
1688 1687 1691 1690
1688 1684 1685 1682
1689 1692 1693 1696
1689 1686 1683 1681
1690 1695 1694 1697
1690 1691 1687 1688
1691 1690 1695 1694
1691 1687 1688 1684
1692 1693 1696 1698
1692 1689 1686 1683
1693 1696 1698 1701
1693 1692 1689 1686
1694 1697 1700 1699
1694 1695 1690 1691
1695 1694 1697 1700
1695 1690 1691 1687
1696 1698 1701 1704
1696 1693 1692 1689
1697 1700 1699 1703
1697 1694 1695 1690
1698 1701 1704 1707
1698 1696 1693 1692
1699 1703 1702 1706
1699 1700 1697 1694
1700 1699 1703 1702
1700 1697 1694 1695
1701 1704 1707 1710
1701 1698 1696 1693
1702 1706 1705 1709
1702 1703 1699 1700
1703 1702 1706 1705
1703 1699 1700 1697
1704 1707 1710 1713
1704 1701 1698 1696
1705 1709 1708 1712
1705 1706 1702 1703
1706 1705 1709 1708
1706 1702 1703 1699
1707 1710 1713 1714
1707 1704 1701 1698
1708 1712 1711 1715
1708 1709 1705 1706
1709 1708 1712 1711
1709 1705 1706 1702
1710 1713 1714 1716
1710 1707 1704 1701
1711 1715 1718 1717
1711 1712 1708 1709
1712 1711 1715 1718
1712 1708 1709 1705
1713 1714 1716 1719
1713 1710 1707 1704
1714 1716 1719 1720
1714 1713 1710 1707
1715 1718 1717 1722
1715 1711 1712 1708
1716 1719 1720 1723
1716 1714 1713 1710
1717 1722 1721 1726
1717 1718 1715 1711
1718 1717 1722 1721
1718 1715 1711 1712
1719 1720 1723 1724
1719 1716 1714 1713
1720 1723 1724 1727
1720 1719 1716 1714
1721 1726 1725 1730
1721 1722 1717 1718
1722 1721 1726 1725
1722 1717 1718 1715
1723 1724 1727 1728
1723 1720 1719 1716
1724 1727 1728 1731
1724 1723 1720 1719
1725 1730 1729 1735
1725 1726 1721 1722
1726 1725 1730 1729
1726 1721 1722 1717
1727 1728 1731 1732
1727 1724 1723 1720
1728 1731 1732 1733
1728 1727 1724 1723
1729 1735 1734 1739
1729 1730 1725 1726
1730 1729 1735 1734
1730 1725 1726 1721
1731 1732 1733 1736
1731 1728 1727 1724
1732 1733 1736 1737
1732 1731 1728 1727
1733 1736 1737 1738
1733 1732 1731 1728
1734 1739 1744 1743
1734 1735 1729 1730
1735 1734 1739 1744
1735 1729 1730 1725
1736 1737 1738 1740
1736 1733 1732 1731
1737 1738 1740 1741
1737 1736 1733 1732
1738 1740 1741 1742
1738 1737 1736 1733
1739 1744 1743 1749
1739 1734 1735 1729
1740 1741 1742 1745
1740 1738 1737 1736
1741 1742 1745 1746
1741 1740 1738 1737
1742 1745 1746 1747
1742 1741 1740 1738
1743 1749 1748 1754
1743 1744 1739 1734
1744 1743 1749 1748
1744 1739 1734 1735
1745 1746 1747 1750
1745 1742 1741 1740
1746 1747 1750 1751
1746 1745 1742 1741
1747 1750 1751 1752
1747 1746 1745 1742
1748 1754 1753 1758
1748 1749 1743 1744
1749 1748 1754 1753
1749 1743 1744 1739
1750 1751 1752 1755
1750 1747 1746 1745
1751 1752 1755 1756
1751 1750 1747 1746
1752 1755 1756 1759
1752 1751 1750 1747
1753 1758 1757 1763
1753 1754 1748 1749
1754 1753 1758 1757
1754 1748 1749 1743
1755 1756 1759 1760
1755 1752 1751 1750
1756 1759 1760 1761
1756 1755 1752 1751
1757 1763 1762 1767
1757 1758 1753 1754
1758 1757 1763 1762
1758 1753 1754 1748
1759 1760 1761 1764
1759 1756 1755 1752
1760 1761 1764 1765
1760 1759 1756 1755
1761 1764 1765 1766
1761 1760 1759 1756
1762 1767 1772 1771
1762 1763 1757 1758
1763 1762 1767 1772
1763 1757 1758 1753
1764 1765 1766 1768
1764 1761 1760 1759
1765 1766 1768 1769
1765 1764 1761 1760
1766 1768 1769 1770
1766 1765 1764 1761
1767 1772 1771 1777
1767 1762 1763 1757
1768 1769 1770 1773
1768 1766 1765 1764
1769 1770 1773 1774
1769 1768 1766 1765
1770 1773 1774 1775
1770 1769 1768 1766
1771 1777 1776 1782
1771 1772 1767 1762
1772 1771 1777 1776
1772 1767 1762 1763
1773 1774 1775 1778
1773 1770 1769 1768
1774 1775 1778 1779
1774 1773 1770 1769
1775 1778 1779 1780
1775 1774 1773 1770
1776 1782 1781 1787
1776 1777 1771 1772
1777 1776 1782 1781
1777 1771 1772 1767
1778 1779 1780 1783
1778 1775 1774 1773
1779 1780 1783 1784
1779 1778 1775 1774
1780 1783 1784 1785
1780 1779 1778 1775
1781 1787 1786 1790
1781 1782 1776 1777
1782 1781 1787 1786
1782 1776 1777 1771
1783 1784 1785 1788
1783 1780 1779 1778
1784 1785 1788 1789
1784 1783 1780 1779
1785 1788 1789 1791
1785 1784 1783 1780
1786 1790 1793 1798
1786 1787 1781 1782
1787 1786 1790 1793
1787 1781 1782 1776
1788 1789 1791 1792
1788 1785 1784 1783
1789 1791 1792 1794
1789 1788 1785 1784
1790 1793 1798 1797
1790 1786 1787 1781
1791 1792 1794 1795
1791 1789 1788 1785
1792 1794 1795 1796
1792 1791 1789 1788
1793 1798 1797 1803
1793 1790 1786 1787
1794 1795 1796 1799
1794 1792 1791 1789
1795 1796 1799 1800
1795 1794 1792 1791
1796 1799 1800 1801
1796 1795 1794 1792
1797 1803 1802 1808
1797 1798 1793 1790
1798 1797 1803 1802
1798 1793 1790 1786
1799 1800 1801 1804
1799 1796 1795 1794
1800 1801 1804 1805
1800 1799 1796 1795
1801 1804 1805 1806
1801 1800 1799 1796
1802 1808 1807 1812
1802 1803 1797 1798
1803 1802 1808 1807
1803 1797 1798 1793
1804 1805 1806 1809
1804 1801 1800 1799
1805 1806 1809 1810
1805 1804 1801 1800
1806 1809 1810 1813
1806 1805 1804 1801
1807 1812 1811 1816
1807 1808 1802 1803
1808 1807 1812 1811
1808 1802 1803 1797
1809 1810 1813 1814
1809 1806 1805 1804
1810 1813 1814 1815
1810 1809 1806 1805
1811 1816 1820 1824
1811 1812 1807 1808
1812 1811 1816 1820
1812 1807 1808 1802
1813 1814 1815 1817
1813 1810 1809 1806
1814 1815 1817 1818
1814 1813 1810 1809
1815 1817 1818 1819
1815 1814 1813 1810
1816 1820 1824 1823
1816 1811 1812 1807
1817 1818 1819 1821
1817 1815 1814 1813
1818 1819 1821 1822
1818 1817 1815 1814
1819 1821 1822 1825
1819 1818 1817 1815
1820 1824 1823 1829
1820 1816 1811 1812
1821 1822 1825 1826
1821 1819 1818 1817
1822 1825 1826 1827
1822 1821 1819 1818
1823 1829 1828 1834
1823 1824 1820 1816
1824 1823 1829 1828
1824 1820 1816 1811
1825 1826 1827 1830
1825 1822 1821 1819
1826 1827 1830 1831
1826 1825 1822 1821
1827 1830 1831 1832
1827 1826 1825 1822
1828 1834 1833 1839
1828 1829 1823 1824
1829 1828 1834 1833
1829 1823 1824 1820
1830 1831 1832 1835
1830 1827 1826 1825
1831 1832 1835 1836
1831 1830 1827 1826
1832 1835 1836 1837
1832 1831 1830 1827
1833 1839 1838 1843
1833 1834 1828 1829
1834 1833 1839 1838
1834 1828 1829 1823
1835 1836 1837 1840
1835 1832 1831 1830
1836 1837 1840 1841
1836 1835 1832 1831
1837 1840 1841 1842
1837 1836 1835 1832
1838 1843 1847 1852
1838 1839 1833 1834
1839 1838 1843 1847
1839 1833 1834 1828
1840 1841 1842 1844
1840 1837 1836 1835
1841 1842 1844 1845
1841 1840 1837 1836
1842 1844 1845 1846
1842 1841 1840 1837
1843 1847 1852 1851
1843 1838 1839 1833
1844 1845 1846 1848
1844 1842 1841 1840
1845 1846 1848 1849
1845 1844 1842 1841
1846 1848 1849 1850
1846 1845 1844 1842
1847 1852 1851 1857
1847 1843 1838 1839
1848 1849 1850 1853
1848 1846 1845 1844
1849 1850 1853 1854
1849 1848 1846 1845
1850 1853 1854 1855
1850 1849 1848 1846
1851 1857 1856 1862
1851 1852 1847 1843
1852 1851 1857 1856
1852 1847 1843 1838
1853 1854 1855 1858
1853 1850 1849 1848
1854 1855 1858 1859
1854 1853 1850 1849
1855 1858 1859 1860
1855 1854 1853 1850
1856 1862 1861 1867
1856 1857 1851 1852
1857 1856 1862 1861
1857 1851 1852 1847
1858 1859 1860 1863
1858 1855 1854 1853
1859 1860 1863 1864
1859 1858 1855 1854
1860 1863 1864 1865
1860 1859 1858 1855
1861 1867 1866 1872
1861 1862 1856 1857
1862 1861 1867 1866
1862 1856 1857 1851
1863 1864 1865 1868
1863 1860 1859 1858
1864 1865 1868 1869
1864 1863 1860 1859
1865 1868 1869 1870
1865 1864 1863 1860
1866 1872 1876 1881
1866 1867 1861 1862
1867 1866 1872 1876
1867 1861 1862 1856
1868 1869 1870 1871
1868 1865 1864 1863
1869 1870 1871 1873
1869 1868 1865 1864
1870 1871 1873 1874
1870 1869 1868 1865
1871 1873 1874 1875
1871 1870 1869 1868
1872 1876 1881 1880
1872 1866 1867 1861
1873 1874 1875 1877
1873 1871 1870 1869
1874 1875 1877 1878
1874 1873 1871 1870
1875 1877 1878 1879
1875 1874 1873 1871
1876 1881 1880 1887
1876 1872 1866 1867
1877 1878 1879 1882
1877 1875 1874 1873
1878 1879 1882 1883
1878 1877 1875 1874
1879 1882 1883 1884
1879 1878 1877 1875
1880 1887 1886 1892
1880 1881 1876 1872
1881 1880 1887 1886
1881 1876 1872 1866
1882 1883 1884 1885
1882 1879 1878 1877
1883 1884 1885 1888
1883 1882 1879 1878
1884 1885 1888 1889
1884 1883 1882 1879
1885 1888 1889 1890
1885 1884 1883 1882
1886 1892 1891 1897
1886 1887 1880 1881
1887 1886 1892 1891
1887 1880 1881 1876
1888 1889 1890 1893
1888 1885 1884 1883
1889 1890 1893 1894
1889 1888 1885 1884
1890 1893 1894 1895
1890 1889 1888 1885
1891 1897 1896 1901
1891 1892 1886 1887
1892 1891 1897 1896
1892 1886 1887 1880
1893 1894 1895 1898
1893 1890 1889 1888
1894 1895 1898 1899
1894 1893 1890 1889
1895 1898 1899 1900
1895 1894 1893 1890
1896 1901 1906 1905
1896 1897 1891 1892
1897 1896 1901 1906
1897 1891 1892 1886
1898 1899 1900 1902
1898 1895 1894 1893
1899 1900 1902 1903
1899 1898 1895 1894
1900 1902 1903 1904
1900 1899 1898 1895
1901 1906 1905 1911
1901 1896 1897 1891
1902 1903 1904 1907
1902 1900 1899 1898
1903 1904 1907 1908
1903 1902 1900 1899
1904 1907 1908 1909
1904 1903 1902 1900
1905 1911 1910 1916
1905 1906 1901 1896
1906 1905 1911 1910
1906 1901 1896 1897
1907 1908 1909 1912
1907 1904 1903 1902
1908 1909 1912 1913
1908 1907 1904 1903
1909 1912 1913 1914
1909 1908 1907 1904
1910 1916 1915 1921
1910 1911 1905 1906
1911 1910 1916 1915
1911 1905 1906 1901
1912 1913 1914 1917
1912 1909 1908 1907
1913 1914 1917 1918
1913 1912 1909 1908
1914 1917 1918 1919
1914 1913 1912 1909
1915 1921 1920 1926
1915 1916 1910 1911
1916 1915 1921 1920
1916 1910 1911 1905
1917 1918 1919 1922
1917 1914 1913 1912
1918 1919 1922 1923
1918 1917 1914 1913
1919 1922 1923 1924
1919 1918 1917 1914
1920 1926 1925 1931
1920 1921 1915 1916
1921 1920 1926 1925
1921 1915 1916 1910
1922 1923 1924 1927
1922 1919 1918 1917
1923 1924 1927 1928
1923 1922 1919 1918
1924 1927 1928 1929
1924 1923 1922 1919
1925 1931 1937 1936
1925 1926 1920 1921
1926 1925 1931 1937
1926 1920 1921 1915
1927 1928 1929 1930
1927 1924 1923 1922
1928 1929 1930 1932
1928 1927 1924 1923
1929 1930 1932 1933
1929 1928 1927 1924
1930 1932 1933 1934
1930 1929 1928 1927
1931 1937 1936 1943
1931 1925 1926 1920
1932 1933 1934 1935
1932 1930 1929 1928
1933 1934 1935 1938
1933 1932 1930 1929
1934 1935 1938 1939
1934 1933 1932 1930
1935 1938 1939 1940
1935 1934 1933 1932
1936 1943 1942 1948
1936 1937 1931 1925
1937 1936 1943 1942
1937 1931 1925 1926
1938 1939 1940 1941
1938 1935 1934 1933
1939 1940 1941 1944
1939 1938 1935 1934
1940 1941 1944 1945
1940 1939 1938 1935
1941 1944 1945 1946
1941 1940 1939 1938
1942 1948 1947 1954
1942 1943 1936 1937
1943 1942 1948 1947
1943 1936 1937 1931
1944 1945 1946 1949
1944 1941 1940 1939
1945 1946 1949 1950
1945 1944 1941 1940
1946 1949 1950 1951
1946 1945 1944 1941
1947 1954 1953 1959
1947 1948 1942 1943
1948 1947 1954 1953
1948 1942 1943 1936
1949 1950 1951 1952
1949 1946 1945 1944
1950 1951 1952 1955
1950 1949 1946 1945
1951 1952 1955 1956
1951 1950 1949 1946
1952 1955 1956 1957
1952 1951 1950 1949
1953 1959 1958 1964
1953 1954 1947 1948
1954 1953 1959 1958
1954 1947 1948 1942
1955 1956 1957 1960
1955 1952 1951 1950
1956 1957 1960 1961
1956 1955 1952 1951
1957 1960 1961 1962
1957 1956 1955 1952
1958 1964 1969 1968
1958 1959 1953 1954
1959 1958 1964 1969
1959 1953 1954 1947
1960 1961 1962 1963
1960 1957 1956 1955
1961 1962 1963 1965
1961 1960 1957 1956
1962 1963 1965 1966
1962 1961 1960 1957
1963 1965 1966 1967
1963 1962 1961 1960
1964 1969 1968 1975
1964 1958 1959 1953
1965 1966 1967 1970
1965 1963 1962 1961
1966 1967 1970 1971
1966 1965 1963 1962
1967 1970 1971 1972
1967 1966 1965 1963
1968 1975 1974 1981
1968 1969 1964 1958
1969 1968 1975 1974
1969 1964 1958 1959
1970 1971 1972 1973
1970 1967 1966 1965
1971 1972 1973 1976
1971 1970 1967 1966
1972 1973 1976 1977
1972 1971 1970 1967
1973 1976 1977 1978
1973 1972 1971 1970
1974 1981 1980 1987
1974 1975 1968 1969
1975 1974 1981 1980
1975 1968 1969 1964
1976 1977 1978 1979
1976 1973 1972 1971
1977 1978 1979 1982
1977 1976 1973 1972
1978 1979 1982 1983
1978 1977 1976 1973
1979 1982 1983 1984
1979 1978 1977 1976
1980 1987 1986 1993
1980 1981 1974 1975
1981 1980 1987 1986
1981 1974 1975 1968
1982 1983 1984 1985
1982 1979 1978 1977
1983 1984 1985 1988
1983 1982 1979 1978
1984 1985 1988 1989
1984 1983 1982 1979
1985 1988 1989 1990
1985 1984 1983 1982
1986 1993 1992 1998
1986 1987 1980 1981
1987 1986 1993 1992
1987 1980 1981 1974
1988 1989 1990 1991
1988 1985 1984 1983
1989 1990 1991 1994
1989 1988 1985 1984
1990 1991 1994 1995
1990 1989 1988 1985
1991 1994 1995 1996
1991 1990 1989 1988
1992 1998 2003 2002
1992 1993 1986 1987
1993 1992 1998 2003
1993 1986 1987 1980
1994 1995 1996 1997
1994 1991 1990 1989
1995 1996 1997 1999
1995 1994 1991 1990
1996 1997 1999 2000
1996 1995 1994 1991
1997 1999 2000 2001
1997 1996 1995 1994
1998 2003 2002 2008
1998 1992 1993 1986
1999 2000 2001 2004
1999 1997 1996 1995
2000 2001 2004 2005
2000 1999 1997 1996
2001 2004 2005 2006
2001 2000 1999 1997
2002 2008 2007 2013
2002 2003 1998 1992
2003 2002 2008 2007
2003 1998 1992 1993
2004 2005 2006 2009
2004 2001 2000 1999
2005 2006 2009 2010
2005 2004 2001 2000
2006 2009 2010 2011
2006 2005 2004 2001
2007 2013 2012 2019
2007 2008 2002 2003
2008 2007 2013 2012
2008 2002 2003 1998
2009 2010 2011 2014
2009 2006 2005 2004
2010 2011 2014 2015
2010 2009 2006 2005
2011 2014 2015 2016
2011 2010 2009 2006
2012 2019 2018 2025
2012 2013 2007 2008
2013 2012 2019 2018
2013 2007 2008 2002
2014 2015 2016 2017
2014 2011 2010 2009
2015 2016 2017 2020
2015 2014 2011 2010
2016 2017 2020 2021
2016 2015 2014 2011
2017 2020 2021 2022
2017 2016 2015 2014
2018 2025 2024 2030
2018 2019 2012 2013
2019 2018 2025 2024
2019 2012 2013 2007
2020 2021 2022 2023
2020 2017 2016 2015
2021 2022 2023 2026
2021 2020 2017 2016
2022 2023 2026 2027
2022 2021 2020 2017
2023 2026 2027 2028
2023 2022 2021 2020
2024 2030 2035 2034
2024 2025 2018 2019
2025 2024 2030 2035
2025 2018 2019 2012
2026 2027 2028 2029
2026 2023 2022 2021
2027 2028 2029 2031
2027 2026 2023 2022
2028 2029 2031 2032
2028 2027 2026 2023
2029 2031 2032 2033
2029 2028 2027 2026
2030 2035 2034 2040
2030 2024 2025 2018
2031 2032 2033 2036
2031 2029 2028 2027
2032 2033 2036 2037
2032 2031 2029 2028
2033 2036 2037 2038
2033 2032 2031 2029
2034 2040 2039 2046
2034 2035 2030 2024
2035 2034 2040 2039
2035 2030 2024 2025
2036 2037 2038 2041
2036 2033 2032 2031
2037 2038 2041 2042
2037 2036 2033 2032
2038 2041 2042 2043
2038 2037 2036 2033
2039 2046 2045 2052
2039 2040 2034 2035
2040 2039 2046 2045
2040 2034 2035 2030
2041 2042 2043 2044
2041 2038 2037 2036
2042 2043 2044 2047
2042 2041 2038 2037
2043 2044 2047 2048
2043 2042 2041 2038
2044 2047 2048 2049
2044 2043 2042 2041
2045 2052 2051 2056
2045 2046 2039 2040
2046 2045 2052 2051
2046 2039 2040 2034
2047 2048 2049 2050
2047 2044 2043 2042
2048 2049 2050 2053
2048 2047 2044 2043
2049 2050 2053 2054
2049 2048 2047 2044
2050 2053 2054 2055
2050 2049 2048 2047
2051 2056 2060 2066
2051 2052 2045 2046
2052 2051 2056 2060
2052 2045 2046 2039
2053 2054 2055 2057
2053 2050 2049 2048
2054 2055 2057 2058
2054 2053 2050 2049
2055 2057 2058 2059
2055 2054 2053 2050
2056 2060 2066 2065
2056 2051 2052 2045
2057 2058 2059 2061
2057 2055 2054 2053
2058 2059 2061 2062
2058 2057 2055 2054
2059 2061 2062 2063
2059 2058 2057 2055
2060 2066 2065 2074
2060 2056 2051 2052
2061 2062 2063 2064
2061 2059 2058 2057
2062 2063 2064 2067
2062 2061 2059 2058
2063 2064 2067 2068
2063 2062 2061 2059
2064 2067 2068 2069
2064 2063 2062 2061
2065 2074 2073 2083
2065 2066 2060 2056
2066 2065 2074 2073
2066 2060 2056 2051
2067 2068 2069 2070
2067 2064 2063 2062
2068 2069 2070 2071
2068 2067 2064 2063
2069 2070 2071 2072
2069 2068 2067 2064
2070 2071 2072 2075
2070 2069 2068 2067
2071 2072 2075 2076
2071 2070 2069 2068
2072 2075 2076 2077
2072 2071 2070 2069
2073 2083 2082 2094
2073 2074 2065 2066
2074 2073 2083 2082
2074 2065 2066 2060
2075 2076 2077 2078
2075 2072 2071 2070
2076 2077 2078 2079
2076 2075 2072 2071
2077 2078 2079 2080
2077 2076 2075 2072
2078 2079 2080 2081
2078 2077 2076 2075
2079 2080 2081 2084
2079 2078 2077 2076
2080 2081 2084 2085
2080 2079 2078 2077
2081 2084 2085 2086
2081 2080 2079 2078
2082 2094 2093 2101
2082 2083 2073 2074
2083 2082 2094 2093
2083 2073 2074 2065
2084 2085 2086 2087
2084 2081 2080 2079
2085 2086 2087 2088
2085 2084 2081 2080
2086 2087 2088 2089
2086 2085 2084 2081
2087 2088 2089 2090
2087 2086 2085 2084
2088 2089 2090 2091
2088 2087 2086 2085
2089 2090 2091 2092
2089 2088 2087 2086
2090 2091 2092 2095
2090 2089 2088 2087
2091 2092 2095 2096
2091 2090 2089 2088
2092 2095 2096 2097
2092 2091 2090 2089
2093 2101 2111 2120
2093 2094 2082 2083
2094 2093 2101 2111
2094 2082 2083 2073
2095 2096 2097 2098
2095 2092 2091 2090
2096 2097 2098 2099
2096 2095 2092 2091
2097 2098 2099 2100
2097 2096 2095 2092
2098 2099 2100 2102
2098 2097 2096 2095
2099 2100 2102 2103
2099 2098 2097 2096
2100 2102 2103 2104
2100 2099 2098 2097
2101 2111 2120 2119
2101 2093 2094 2082
2102 2103 2104 2105
2102 2100 2099 2098
2103 2104 2105 2106
2103 2102 2100 2099
2104 2105 2106 2107
2104 2103 2102 2100
2105 2106 2107 2108
2105 2104 2103 2102
2106 2107 2108 2109
2106 2105 2104 2103
2107 2108 2109 2110
2107 2106 2105 2104
2108 2109 2110 2112
2108 2107 2106 2105
2109 2110 2112 2113
2109 2108 2107 2106
2110 2112 2113 2114
2110 2109 2108 2107
2111 2120 2119 2132
2111 2101 2093 2094
2112 2113 2114 2115
2112 2110 2109 2108
2113 2114 2115 2116
2113 2112 2110 2109
2114 2115 2116 2117
2114 2113 2112 2110
2115 2116 2117 2118
2115 2114 2113 2112
2116 2117 2118 2121
2116 2115 2114 2113
2117 2118 2121 2122
2117 2116 2115 2114
2118 2121 2122 2123
2118 2117 2116 2115
2119 2132 2131 2141
2119 2120 2111 2101
2120 2119 2132 2131
2120 2111 2101 2093
2121 2122 2123 2124
2121 2118 2117 2116
2122 2123 2124 2125
2122 2121 2118 2117
2123 2124 2125 2126
2123 2122 2121 2118
2124 2125 2126 2127
2124 2123 2122 2121
2125 2126 2127 2128
2125 2124 2123 2122
2126 2127 2128 2129
2126 2125 2124 2123
2127 2128 2129 2130
2127 2126 2125 2124
2128 2129 2130 2133
2128 2127 2126 2125
2129 2130 2133 2134
2129 2128 2127 2126
2130 2133 2134 2135
2130 2129 2128 2127
2131 2141 2140 2149
2131 2132 2119 2120
2132 2131 2141 2140
2132 2119 2120 2111
2133 2134 2135 2136
2133 2130 2129 2128
2134 2135 2136 2137
2134 2133 2130 2129
2135 2136 2137 2138
2135 2134 2133 2130
2136 2137 2138 2139
2136 2135 2134 2133
2137 2138 2139 2142
2137 2136 2135 2134
2138 2139 2142 2143
2138 2137 2136 2135
2139 2142 2143 2144
2139 2138 2137 2136
2140 2149 2148 2147
2140 2141 2131 2132
2141 2140 2149 2148
2141 2131 2132 2119
2142 2143 2144 2145
2142 2139 2138 2137
2143 2144 2145 2146
2143 2142 2139 2138
2144 2145 2146 2147
2144 2143 2142 2139
2145 2146 2147 2148
2145 2144 2143 2142
2146 2147 2148 2149
2146 2145 2144 2143
2147 2146 2145 2144
2147 2148 2149 2140
2148 2147 2146 2145
2148 2149 2140 2141
2149 2148 2147 2146
2149 2140 2141 2131
