0 95 94 93
0 1 2 3
1 0 95 94
1 2 3 4
2 1 0 95
2 3 4 5
3 2 1 0
3 4 5 6
4 3 2 1
4 5 6 7
5 4 3 2
5 6 7 8
6 5 4 3
6 7 8 9
7 6 5 4
7 8 9 10
8 7 6 5
8 9 10 11
9 8 7 6
9 10 11 12
10 9 8 7
10 11 12 13
11 10 9 8
11 12 13 14
12 11 10 9
12 13 14 15
13 12 11 10
13 14 15 16
14 13 12 11
14 15 16 17
15 14 13 12
15 16 17 18
16 15 14 13
16 17 18 19
17 16 15 14
17 18 19 20
18 17 16 15
18 19 20 21
19 18 17 16
19 20 21 22
20 19 18 17
20 21 22 23
21 20 19 18
21 22 23 24
22 21 20 19
22 23 24 25
23 22 21 20
23 24 25 26
24 23 22 21
24 25 26 27
25 24 23 22
25 26 27 28
26 25 24 23
26 27 28 29
27 26 25 24
27 28 29 30
28 29 30 31
28 27 26 25
29 30 31 32
29 28 27 26
30 31 32 96
30 29 28 27
31 32 96 97
31 30 29 28
32 96 97 98
32 31 30 29
33 138 137 136
33 34 35 36
34 33 138 137
34 35 36 37
35 34 33 138
35 36 37 38
36 35 34 33
36 37 38 39
37 36 35 34
37 38 39 40
38 37 36 35
38 39 40 41
39 38 37 36
39 40 41 42
40 39 38 37
40 41 42 43
41 40 39 38
41 42 43 44
42 41 40 39
42 43 44 45
43 42 41 40
43 44 45 46
44 43 42 41
44 45 46 47
45 44 43 42
45 46 47 48
46 45 44 43
46 47 48 49
47 46 45 44
47 48 49 50
48 47 46 45
48 49 50 51
49 48 47 46
49 50 51 52
50 49 48 47
50 51 52 53
51 50 49 48
51 52 53 54
52 51 50 49
52 53 54 55
53 52 51 50
53 54 55 56
54 53 52 51
54 55 56 57
55 54 53 52
55 56 57 58
56 55 54 53
56 57 58 59
57 56 55 54
57 58 59 60
58 57 56 55
58 59 60 61
59 58 57 56
59 60 61 62
60 59 58 57
60 61 62 63
61 60 59 58
61 62 63 64
62 61 60 59
62 63 64 65
63 62 61 60
63 64 65 66
64 63 62 61
64 65 66 67
65 64 63 62
65 66 67 68
66 65 64 63
66 67 68 69
67 66 65 64
67 68 69 70
68 67 66 65
68 69 70 71
69 68 67 66
69 70 71 72
70 69 68 67
70 71 72 73
71 70 69 68
71 72 73 74
72 71 70 69
72 73 74 75
73 72 71 70
73 74 75 76
74 73 72 71
74 75 76 77
75 74 73 72
75 76 77 78
76 75 74 73
76 77 78 79
77 76 75 74
77 78 79 80
78 77 76 75
78 79 80 81
79 78 77 76
79 80 81 82
80 79 78 77
80 81 82 83
81 80 79 78
81 82 83 84
82 81 80 79
82 83 84 85
83 82 81 80
83 84 85 86
84 83 82 81
84 85 86 87
85 84 83 82
85 86 87 88
86 85 84 83
86 87 88 89
87 86 85 84
87 88 89 90
88 87 86 85
88 89 90 91
89 88 87 86
89 90 91 92
90 89 88 87
90 91 92 93
91 90 89 88
91 92 93 94
92 91 90 89
92 93 94 95
93 92 91 90
93 94 95 0
94 93 92 91
94 95 0 1
95 94 93 92
95 0 1 2
96 97 98 139
96 32 31 30
97 98 139 140
97 96 32 31
98 139 140 146
98 97 96 32
99 145 144 143
99 100 101 102
100 99 145 144
100 101 102 103
101 100 99 145
101 102 103 104
102 101 100 99
102 103 104 105
103 102 101 100
103 104 105 106
104 103 102 101
104 105 106 107
105 104 103 102
105 106 107 108
106 105 104 103
106 107 108 109
107 106 105 104
107 108 109 110
108 107 106 105
108 109 110 111
109 108 107 106
109 110 111 112
110 109 108 107
110 111 112 113
111 110 109 108
111 112 113 114
112 111 110 109
112 113 114 115
113 112 111 110
113 114 115 116
114 113 112 111
114 115 116 117
115 114 113 112
115 116 117 118
116 115 114 113
116 117 118 119
117 116 115 114
117 118 119 120
118 117 116 115
118 119 120 121
119 118 117 116
119 120 121 122
120 119 118 117
120 121 122 123
121 120 119 118
121 122 123 124
122 121 120 119
122 123 124 125
123 122 121 120
123 124 125 126
124 123 122 121
124 125 126 127
125 124 123 122
125 126 127 128
126 125 124 123
126 127 128 129
127 126 125 124
127 128 129 130
128 127 126 125
128 129 130 131
129 128 127 126
129 130 131 132
130 129 128 127
130 131 132 133
131 130 129 128
131 132 133 134
132 131 130 129
132 133 134 135
133 132 131 130
133 134 135 136
134 133 132 131
134 135 136 137
135 134 133 132
135 136 137 138
136 135 134 133
136 137 138 33
137 136 135 134
137 138 33 34
138 137 136 135
138 33 34 35
139 140 146 149
139 98 97 96
140 146 149 150
140 139 98 97
141 148 147 153
141 142 143 144
142 141 148 147
142 143 144 145
143 142 141 148
143 144 145 99
144 143 142 141
144 145 99 100
145 144 143 142
145 99 100 101
146 149 150 154
146 140 139 98
147 153 152 151
147 148 141 142
148 147 153 152
148 141 142 143
149 150 154 155
149 146 140 139
150 154 155 159
150 149 146 140
151 157 156 162
151 152 153 147
152 151 157 156
152 153 147 148
153 152 151 157
153 147 148 141
154 155 159 160
154 150 149 146
155 159 160 164
155 154 150 149
156 162 161 167
156 157 151 152
157 156 162 161
157 151 152 153
158 163 168 172
159 160 164 165
159 155 154 150
160 164 165 169
160 159 155 154
161 167 166 171
161 162 156 157
162 161 167 166
162 156 157 151
163 168 172 177
164 165 169 173
164 160 159 155
165 169 173 174
165 164 160 159
166 171 170 176
166 167 161 162
167 166 171 170
167 161 162 156
168 172 177 182
168 163 158 -1
169 173 174 178
169 165 164 160
170 176 175 181
170 171 166 167
171 170 176 175
171 166 167 161
172 177 182 187
172 168 163 158
173 174 178 179
173 169 165 164
174 178 179 183
174 173 169 165
175 181 180 185
175 176 170 171
176 175 181 180
176 170 171 166
177 182 187 192
177 172 168 163
178 179 183 184
178 174 173 169
179 183 184 188
179 178 174 173
180 185 190 189
180 181 175 176
181 180 185 190
181 175 176 170
182 187 192 197
182 177 172 168
183 184 188 193
183 179 178 174
184 188 193 198
184 183 179 178
185 190 189 195
185 180 181 175
186 191 196 202
187 192 197 203
187 182 177 172
188 193 198 199
188 184 183 179
189 195 194 201
189 190 185 180
190 189 195 194
190 185 180 181
191 196 202 209
192 197 203 210
192 187 182 177
193 198 199 204
193 188 184 183
194 201 200 207
194 195 189 190
195 194 201 200
195 189 190 185
196 202 209 208
196 191 186 -1
197 203 210 217
197 192 187 182
198 199 204 205
198 193 188 184
199 204 205 211
199 198 193 188
200 207 206 214
200 201 194 195
201 200 207 206
201 194 195 189
202 209 208 216
202 196 191 186
203 210 217 223
203 197 192 187
204 205 211 212
204 199 198 193
205 211 212 218
205 204 199 198
206 214 213 220
206 207 200 201
207 206 214 213
207 200 201 194
208 216 215 222
208 209 202 196
209 208 216 215
209 202 196 191
210 217 223 228
210 203 197 192
211 212 218 224
211 205 204 199
212 218 224 229
212 211 205 204
213 220 219 226
213 214 206 207
214 213 220 219
214 206 207 200
215 222 221 227
215 216 208 209
216 215 222 221
216 208 209 202
217 223 228 234
217 210 203 197
218 224 229 230
218 212 211 205
219 226 225 232
219 220 213 214
220 219 226 225
220 213 214 206
221 227 233 240
221 222 215 216
222 221 227 233
222 215 216 208
223 228 234 241
223 217 210 203
224 229 230 235
224 218 212 211
225 232 231 238
225 226 219 220
226 225 232 231
226 219 220 213
227 233 240 239
227 221 222 215
228 234 241 247
228 223 217 210
229 230 235 236
229 224 218 212
230 235 236 242
230 229 224 218
231 238 237 245
231 232 225 226
232 231 238 237
232 225 226 219
233 240 239 246
233 227 221 222
234 241 247 252
234 228 223 217
235 236 242 243
235 230 229 224
236 242 243 248
236 235 230 229
237 245 244 250
237 238 231 232
238 237 245 244
238 231 232 225
239 246 251 256
239 240 233 227
240 239 246 251
240 233 227 221
241 247 252 257
241 234 228 223
242 243 248 253
242 236 235 230
243 248 253 258
243 242 236 235
244 250 249 254
244 245 237 238
245 244 250 249
245 237 238 231
246 251 256 255
246 239 240 233
247 252 257 263
247 241 234 228
248 253 258 259
248 243 242 236
249 254 260 267
249 250 244 245
250 249 254 260
250 244 245 237
251 256 255 262
251 246 239 240
252 257 263 269
252 247 241 234
253 258 259 264
253 248 243 242
254 260 267 266
254 249 250 244
255 262 261 268
255 256 251 246
256 255 262 261
256 251 246 239
257 263 269 276
257 252 247 241
258 259 264 265
258 253 248 243
259 264 265 270
259 258 253 248
260 267 266 273
260 254 249 250
261 268 275 274
261 262 255 256
262 261 268 275
262 255 256 251
263 269 276 281
263 257 252 247
264 265 270 271
264 259 258 253
265 270 271 277
265 264 259 258
266 273 272 279
266 267 260 254
267 266 273 272
267 260 254 249
268 275 274 280
268 261 262 255
269 276 281 286
269 263 257 252
270 271 277 282
270 265 264 259
271 277 282 287
271 270 265 264
272 279 278 284
272 273 266 267
273 272 279 278
273 266 267 260
274 280 285 292
274 275 268 261
275 274 280 285
275 268 261 262
276 281 286 293
276 269 263 257
277 282 287 288
277 271 270 265
278 284 283 290
278 279 272 273
279 278 284 283
279 272 273 266
280 285 292 291
280 274 275 268
281 286 293 298
281 276 269 263
282 287 288 294
282 277 271 270
283 290 289 296
283 284 278 279
284 283 290 289
284 278 279 272
285 292 291 297
285 280 274 275
286 293 298 304
286 281 276 269
287 288 294 295
287 282 277 271
288 294 295 299
288 287 282 277
289 296 302 301
289 290 283 284
290 289 296 302
290 283 284 278
291 297 303 309
291 292 285 280
292 291 297 303
292 285 280 274
293 298 304 310
293 286 281 276
294 295 299 300
294 288 287 282
295 299 300 305
295 294 288 287
296 302 301 307
296 289 290 283
297 303 309 308
297 291 292 285
298 304 310 315
298 293 286 281
299 300 305 311
299 295 294 288
300 305 311 312
300 299 295 294
301 307 306 313
301 302 296 289
302 301 307 306
302 296 289 290
303 309 308 314
303 297 291 292
304 310 315 321
304 298 293 286
305 311 312 316
305 300 299 295
306 313 319 318
306 307 301 302
307 306 313 319
307 301 302 296
308 314 320 326
308 309 303 297
309 308 314 320
309 303 297 291
310 315 321 327
310 304 298 293
311 312 316 317
311 305 300 299
312 316 317 322
312 311 305 300
313 319 318 324
313 306 307 301
314 320 326 325
314 308 309 303
315 321 327 332
315 310 304 298
316 317 322 323
316 312 311 305
317 322 323 328
317 316 312 311
318 324 330 334
318 319 313 306
319 318 324 330
319 313 306 307
320 326 325 331
320 314 308 309
321 327 332 337
321 315 310 304
322 323 328 329
322 317 316 312
323 328 329 333
323 322 317 316
324 330 334 340
324 318 319 313
325 331 336 335
325 326 320 314
326 325 331 336
326 320 314 308
327 332 337 342
327 321 315 310
328 329 333 338
328 323 322 317
329 333 338 339
329 328 323 322
330 334 340 345
330 324 318 319
331 336 335 341
331 325 326 320
332 337 342 348
332 327 321 315
333 338 339 343
333 329 328 323
334 340 345 350
334 330 324 318
335 341 347 346
335 336 331 325
336 335 341 347
336 331 325 326
337 342 348 352
337 332 327 321
338 339 343 344
338 333 329 328
339 343 344 349
339 338 333 329
340 345 350 354
340 334 330 324
341 347 346 351
341 335 336 331
342 348 352 356
342 337 332 327
343 344 349 353
343 339 338 333
344 349 353 357
344 343 339 338
345 350 354 359
345 340 334 330
346 351 355 361
346 347 341 335
347 346 351 355
347 341 335 336
348 352 356 362
348 342 337 332
349 353 357 363
349 344 343 339
350 354 359 358
350 345 340 334
351 355 361 360
351 346 347 341
352 356 362 366
352 348 342 337
353 357 363 367
353 349 344 343
354 359 358 364
354 350 345 340
355 361 360 365
355 351 346 347
356 362 366 372
356 352 348 342
357 363 367 373
357 353 349 344
358 364 369 368
358 359 354 350
359 358 364 369
359 354 350 345
360 365 371 370
360 361 355 351
361 360 365 371
361 355 351 346
362 366 372 376
362 356 352 348
363 367 373 377
363 357 353 349
364 369 368 374
364 358 359 354
365 371 370 375
365 360 361 355
366 372 376 381
366 362 356 352
367 373 377 382
367 363 357 353
368 374 378 383
368 369 364 358
369 368 374 378
369 364 358 359
370 375 380 379
370 371 365 360
371 370 375 380
371 365 360 361
372 376 381 385
372 366 362 356
373 377 382 386
373 367 363 357
374 378 383 387
374 368 369 364
375 380 379 384
375 370 371 365
376 381 385 389
376 372 366 362
377 382 386 390
377 373 367 363
378 383 387 392
378 374 368 369
379 384 388 393
379 380 375 370
380 379 384 388
380 375 370 371
381 385 389 394
381 376 372 366
382 386 390 395
382 377 373 367
383 387 392 391
383 378 374 368
384 388 393 397
384 379 380 375
385 389 394 398
385 381 376 372
386 390 395 399
386 382 377 373
387 392 391 396
387 383 378 374
388 393 397 402
388 384 379 380
389 394 398 403
389 385 381 376
390 395 399 404
390 386 382 377
391 396 400 406
391 392 387 383
392 391 396 400
392 387 383 378
393 397 402 401
393 388 384 379
394 398 403 408
394 389 385 381
395 399 404 409
395 390 386 382
396 400 406 405
396 391 392 387
397 402 401 407
397 393 388 384
398 403 408 413
398 394 389 385
399 404 409 414
399 395 390 386
400 406 405 410
400 396 391 392
401 407 412 411
401 402 397 393
402 401 407 412
402 397 393 388
403 408 413 417
403 398 394 389
404 409 414 418
404 399 395 390
405 410 415 420
405 406 400 396
406 405 410 415
406 400 396 391
407 412 411 416
407 401 402 397
408 413 417 423
408 403 398 394
409 414 418 424
409 404 399 395
410 415 420 419
410 405 406 400
411 416 422 421
411 412 407 401
412 411 416 422
412 407 401 402
413 417 423 427
413 408 403 398
414 418 424 428
414 409 404 399
415 420 419 425
415 410 405 406
416 422 421 426
416 411 412 407
417 423 427 432
417 413 408 403
418 424 428 433
418 414 409 404
419 425 429 435
419 420 415 410
420 419 425 429
420 415 410 405
421 426 431 430
421 422 416 411
422 421 426 431
422 416 411 412
423 427 432 437
423 417 413 408
424 428 433 438
424 418 414 409
425 429 435 434
425 419 420 415
426 431 430 436
426 421 422 416
427 432 437 442
427 423 417 413
428 433 438 443
428 424 418 414
429 435 434 439
429 425 419 420
430 436 441 440
430 431 426 421
431 430 436 441
431 426 421 422
432 437 442 446
432 427 423 417
433 438 443 447
433 428 424 418
434 439 444 448
434 435 429 425
435 434 439 444
435 429 425 419
436 441 440 445
436 430 431 426
437 442 446 450
437 432 427 423
438 443 447 451
438 433 428 424
439 444 448 452
439 434 435 429
440 445 449 453
440 441 436 430
441 440 445 449
441 436 430 431
442 446 450 454
442 437 432 427
443 447 451 455
443 438 433 428
444 448 452 456
444 439 434 435
445 449 453 457
445 440 441 436
446 450 454 458
446 442 437 432
447 451 455 459
447 443 438 433
448 452 456 460
448 444 439 434
449 453 457 461
449 445 440 441
450 454 458 462
450 446 442 437
451 455 459 463
451 447 443 438
452 456 460 464
452 448 444 439
453 457 461 465
453 449 445 440
454 458 462 466
454 450 446 442
455 459 463 467
455 451 447 443
456 460 464 468
456 452 448 444
457 461 465 470
457 453 449 445
458 462 466 471
458 454 450 446
459 463 467 472
459 455 451 447
460 464 468 473
460 456 452 448
461 465 470 469
461 457 453 449
462 466 471 475
462 458 454 450
463 467 472 476
463 459 455 451
464 468 473 477
464 460 456 452
465 470 469 474
465 461 457 453
466 471 475 479
466 462 458 454
467 472 476 480
467 463 459 455
468 473 477 481
468 464 460 456
469 474 478 482
469 470 465 461
470 469 474 478
470 465 461 457
471 475 479 483
471 466 462 458
472 476 480 484
472 467 463 459
473 477 481 485
473 468 464 460
474 478 482 486
474 469 470 465
475 479 483 487
475 471 466 462
476 480 484 488
476 472 467 463
477 481 485 489
477 473 468 464
478 482 486 491
478 474 469 470
479 483 487 493
479 475 471 466
480 484 488 494
480 476 472 467
481 485 489 496
481 477 473 468
482 486 491 490
482 478 474 469
483 487 493 492
483 479 475 471
484 488 494 499
484 480 476 472
485 489 496 495
485 481 477 473
486 491 490 497
486 482 478 474
487 493 492 498
487 483 479 475
488 494 499 503
488 484 480 476
489 496 495 500
489 485 481 477
490 497 501 506
490 491 486 482
491 490 497 501
491 486 482 478
492 498 502 507
492 493 487 483
493 492 498 502
493 487 483 479
494 499 503 508
494 488 484 480
495 500 504 509
495 496 489 485
496 495 500 504
496 489 485 481
497 501 506 505
497 490 491 486
498 502 507 511
498 492 493 487
499 503 508 512
499 494 488 484
500 504 509 513
500 495 496 489
501 506 505 510
501 497 490 491
502 507 511 515
502 498 492 493
503 508 512 516
503 499 494 488
504 509 513 517
504 500 495 496
505 510 514 519
505 506 501 497
506 505 510 514
506 501 497 490
507 511 515 520
507 502 498 492
508 512 516 521
508 503 499 494
509 513 517 522
509 504 500 495
510 514 519 518
510 505 506 501
511 515 520 524
511 507 502 498
512 516 521 525
512 508 503 499
513 517 522 526
513 509 504 500
514 519 518 523
514 510 505 506
515 520 524 528
515 511 507 502
516 521 525 529
516 512 508 503
517 522 526 531
517 513 509 504
518 523 527 -1
518 519 514 510
519 518 523 527
519 514 510 505
520 524 528 532
520 515 511 507
521 525 529 533
521 516 512 508
522 526 531 530
522 517 513 509
523 518 519 514
524 528 532 535
524 520 515 511
525 529 533 536
525 521 516 512
526 531 530 534
526 522 517 513
527 523 518 519
528 532 535 538
528 524 520 515
529 533 536 539
529 525 521 516
530 534 537 540
530 531 526 522
531 530 534 537
531 526 522 517
532 535 538 541
532 528 524 520
533 536 539 542
533 529 525 521
534 537 540 543
534 530 531 526
535 538 541 544
535 532 528 524
536 539 542 545
536 533 529 525
537 540 543 546
537 534 530 531
538 541 544 547
538 535 532 528
539 542 545 548
539 536 533 529
540 543 546 549
540 537 534 530
541 544 547 550
541 538 535 532
542 545 548 551
542 539 536 533
543 546 549 552
543 540 537 534
544 547 550 553
544 541 538 535
545 548 551 554
545 542 539 536
546 549 552 555
546 543 540 537
547 550 553 556
547 544 541 538
548 551 554 557
548 545 542 539
549 552 555 559
549 546 543 540
550 553 556 560
550 547 544 541
551 554 557 561
551 548 545 542
552 555 559 558
552 549 546 543
553 556 560 563
553 550 547 544
554 557 561 564
554 551 548 545
555 559 558 562
555 552 549 546
556 560 563 566
556 553 550 547
557 561 564 567
557 554 551 548
558 562 565 568
558 559 555 552
559 558 562 565
559 555 552 549
560 563 566 569
560 556 553 550
561 564 567 570
561 557 554 551
562 565 568 571
562 558 559 555
563 566 569 572
563 560 556 553
564 567 570 573
564 561 557 554
565 568 571 574
565 562 558 559
566 569 572 575
566 563 560 556
567 570 573 576
567 564 561 557
568 571 574 577
568 565 562 558
569 572 575 578
569 566 563 560
570 573 576 579
570 567 564 561
571 574 577 580
571 568 565 562
572 575 578 581
572 569 566 563
573 576 579 582
573 570 567 564
574 577 580 583
574 571 568 565
575 578 581 584
575 572 569 566
576 579 582 585
576 573 570 567
577 580 583 586
577 574 571 568
578 581 584 587
578 575 572 569
579 582 585 588
579 576 573 570
580 583 586 589
580 577 574 571
581 584 587 590
581 578 575 572
582 585 588 591
582 579 576 573
583 586 589 592
583 580 577 574
584 587 590 593
584 581 578 575
585 588 591 594
585 582 579 576
586 589 592 595
586 583 580 577
587 590 593 596
587 584 581 578
588 591 594 597
588 585 582 579
589 592 595 598
589 586 583 580
590 593 596 599
590 587 584 581
591 594 597 600
591 588 585 582
592 595 598 601
592 589 586 583
593 596 599 602
593 590 587 584
594 597 600 603
594 591 588 585
595 598 601 604
595 592 589 586
596 599 602 605
596 593 590 587
597 600 603 606
597 594 591 588
598 601 604 607
598 595 592 589
599 602 605 608
599 596 593 590
600 603 606 609
600 597 594 591
601 604 607 610
601 598 595 592
602 605 608 611
602 599 596 593
603 606 609 612
603 600 597 594
604 607 610 613
604 601 598 595
605 608 611 614
605 602 599 596
606 609 612 615
606 603 600 597
607 610 613 616
607 604 601 598
608 611 614 617
608 605 602 599
609 612 615 618
609 606 603 600
610 613 616 619
610 607 604 601
611 614 617 620
611 608 605 602
612 615 618 621
612 609 606 603
613 616 619 622
613 610 607 604
614 617 620 623
614 611 608 605
615 618 621 624
615 612 609 606
616 619 622 625
616 613 610 607
617 620 623 626
617 614 611 608
618 621 624 627
618 615 612 609
619 622 625 628
619 616 613 610
620 623 626 629
620 617 614 611
621 624 627 630
621 618 615 612
622 625 628 631
622 619 616 613
623 626 629 632
623 620 617 614
624 627 630 633
624 621 618 615
625 628 631 634
625 622 619 616
626 629 632 635
626 623 620 617
627 630 633 636
627 624 621 618
628 631 634 637
628 625 622 619
629 632 635 638
629 626 623 620
630 633 636 639
630 627 624 621
631 634 637 640
631 628 625 622
632 635 638 641
632 629 626 623
633 636 639 642
633 630 627 624
634 637 640 643
634 631 628 625
635 638 641 644
635 632 629 626
636 639 642 645
636 633 630 627
637 640 643 646
637 634 631 628
638 641 644 647
638 635 632 629
639 642 645 648
639 636 633 630
640 643 646 649
640 637 634 631
641 644 647 650
641 638 635 632
642 645 648 651
642 639 636 633
643 646 649 652
643 640 637 634
644 647 650 653
644 641 638 635
645 648 651 654
645 642 639 636
646 649 652 655
646 643 640 637
647 650 653 656
647 644 641 638
648 651 654 657
648 645 642 639
649 652 655 658
649 646 643 640
650 653 656 659
650 647 644 641
651 654 657 660
651 648 645 642
652 655 658 661
652 649 646 643
653 656 659 662
653 650 647 644
654 657 660 663
654 651 648 645
655 658 661 664
655 652 649 646
656 659 662 665
656 653 650 647
657 660 663 666
657 654 651 648
658 661 664 667
658 655 652 649
659 662 665 668
659 656 653 650
660 663 666 669
660 657 654 651
661 664 667 670
661 658 655 652
662 665 668 671
662 659 656 653
663 666 669 672
663 660 657 654
664 667 670 673
664 661 658 655
665 668 671 674
665 662 659 656
666 669 672 675
666 663 660 657
667 670 673 676
667 664 661 658
668 671 674 677
668 665 662 659
669 672 675 678
669 666 663 660
670 673 676 679
670 667 664 661
671 674 677 680
671 668 665 662
672 675 678 681
672 669 666 663
673 676 679 682
673 670 667 664
674 677 680 683
674 671 668 665
675 678 681 684
675 672 669 666
676 679 682 685
676 673 670 667
677 680 683 686
677 674 671 668
678 681 684 687
678 675 672 669
679 682 685 688
679 676 673 670
680 683 686 689
680 677 674 671
681 684 687 690
681 678 675 672
682 685 688 691
682 679 676 673
683 686 689 692
683 680 677 674
684 687 690 693
684 681 678 675
685 688 691 694
685 682 679 676
686 689 692 695
686 683 680 677
687 690 693 696
687 684 681 678
688 691 694 697
688 685 682 679
689 692 695 698
689 686 683 680
690 693 696 699
690 687 684 681
691 694 697 700
691 688 685 682
692 695 698 701
692 689 686 683
693 696 699 702
693 690 687 684
694 697 700 703
694 691 688 685
695 698 701 704
695 692 689 686
696 699 702 705
696 693 690 687
697 700 703 706
697 694 691 688
698 701 704 707
698 695 692 689
699 702 705 708
699 696 693 690
700 703 706 709
700 697 694 691
701 704 707 710
701 698 695 692
702 705 708 711
702 699 696 693
703 706 709 712
703 700 697 694
704 707 710 713
704 701 698 695
705 708 711 714
705 702 699 696
706 709 712 715
706 703 700 697
707 710 713 716
707 704 701 698
708 711 714 721
708 705 702 699
709 712 715 722
709 706 703 700
710 713 716 723
710 707 704 701
711 714 721 728
711 708 705 702
712 715 722 729
712 709 706 703
713 716 723 730
713 710 707 704
714 721 728 735
714 711 708 705
715 722 729 736
715 712 709 706
716 723 730 737
716 713 710 707
717 725 724 732
717 718 719 -1
718 717 725 724
718 719 720 726
719 720 726 727
719 718 717 725
720 726 727 733
720 719 718 -1
721 728 735 740
721 714 711 708
722 729 736 741
722 715 712 709
723 730 737 742
723 716 713 710
724 732 731 738
724 725 717 718
725 724 732 731
725 717 718 719
726 727 733 734
726 720 719 718
727 733 734 739
727 726 720 719
728 735 740 746
728 721 714 711
729 736 741 747
729 722 715 712
730 737 742 748
730 723 716 713
731 738 743 749
731 732 724 725
732 731 738 743
732 724 725 717
733 734 739 744
733 727 726 720
734 739 744 745
734 733 727 726
735 740 746 751
735 728 721 714
736 741 747 752
736 729 722 715
737 742 748 753
737 730 723 716
738 743 749 754
738 731 732 724
739 744 745 750
739 734 733 727
739 734 733 726
740 746 751 756
740 735 728 721
741 747 752 757
741 736 729 722
742 748 753 758
742 737 730 723
743 749 754 759
743 738 731 732
744 745 750 755
744 739 734 733
744 739 726 720
745 750 755 760
745 744 739 734
745 744 739 726
746 751 756 761
746 740 735 728
747 752 757 762
747 741 736 729
748 753 758 763
748 742 737 730
749 754 759 764
749 743 738 731
750 755 760 765
750 745 744 739
751 756 761 766
751 746 740 735
752 757 762 768
752 747 741 736
753 758 763 769
753 748 742 737
754 759 764 770
754 749 743 738
755 760 765 771
755 750 745 744
756 761 766 772
756 751 746 740
757 762 768 767
757 752 747 741
758 763 769 774
758 753 748 742
759 764 770 775
759 754 749 743
760 765 771 776
760 755 750 745
761 766 772 777
761 756 751 746
762 768 767 773
762 757 752 747
763 769 774 779
763 758 753 748
764 770 775 780
764 759 754 749
765 771 776 781
765 760 755 750
766 772 777 782
766 761 756 751
767 773 778 783
767 768 762 757
768 767 773 778
768 762 757 752
769 774 779 784
769 763 758 753
770 775 780 786
770 764 759 754
771 776 781 787
771 765 760 755
772 777 782 788
772 766 761 756
773 778 783 789
773 767 768 762
774 779 784 790
774 769 763 758
775 780 786 785
775 770 764 759
776 781 787 792
776 771 765 760
777 782 788 793
777 772 766 761
778 783 789 794
778 773 767 768
779 784 790 795
779 774 769 763
780 786 785 791
780 775 770 764
781 787 792 797
781 776 771 765
782 788 793 798
782 777 772 766
783 789 794 799
783 778 773 767
784 790 795 800
784 779 774 769
785 791 796 801
785 786 780 775
786 785 791 796
786 780 775 770
787 792 797 802
787 781 776 771
788 793 798 803
788 782 777 772
789 794 799 804
789 783 778 773
790 795 800 805
790 784 779 774
791 796 801 806
791 785 786 780
792 797 802 807
792 787 781 776
793 798 803 808
793 788 782 777
794 799 804 809
794 789 783 778
795 800 805 810
795 790 784 779
796 801 806 811
796 791 785 786
797 802 807 812
797 792 787 781
798 803 808 813
798 793 788 782
799 804 809 814
799 794 789 783
800 805 810 815
800 795 790 784
801 806 811 816
801 796 791 785
802 807 812 817
802 797 792 787
803 808 813 818
803 798 793 788
804 809 814 819
804 799 794 789
805 810 815 820
805 800 795 790
806 811 816 821
806 801 796 791
807 812 817 822
807 802 797 792
808 813 818 823
808 803 798 793
809 814 819 824
809 804 799 794
810 815 820 825
810 805 800 795
811 816 821 826
811 806 801 796
812 817 822 827
812 807 802 797
813 818 823 828
813 808 803 798
814 819 824 829
814 809 804 799
815 820 825 830
815 810 805 800
816 821 826 831
816 811 806 801
817 822 827 832
817 812 807 802
818 823 828 833
818 813 808 803
819 824 829 834
819 814 809 804
820 825 830 835
820 815 810 805
821 826 831 836
821 816 811 806
822 827 832 837
822 817 812 807
823 828 833 838
823 818 813 808
824 829 834 839
824 819 814 809
825 830 835 840
825 820 815 810
826 831 836 841
826 821 816 811
827 832 837 842
827 822 817 812
828 833 838 843
828 823 818 813
829 834 839 844
829 824 819 814
830 835 840 845
830 825 820 815
831 836 841 846
831 826 821 816
832 837 842 847
832 827 822 817
833 838 843 848
833 828 823 818
834 839 844 849
834 829 824 819
835 840 845 850
835 830 825 820
836 841 846 851
836 831 826 821
837 842 847 852
837 832 827 822
838 843 848 853
838 833 828 823
839 844 849 854
839 834 829 824
840 845 850 855
840 835 830 825
841 846 851 856
841 836 831 826
842 847 852 857
842 837 832 827
843 848 853 858
843 838 833 828
844 849 854 859
844 839 834 829
845 850 855 860
845 840 835 830
846 851 856 861
846 841 836 831
847 852 857 862
847 842 837 832
848 853 858 863
848 843 838 833
849 854 859 864
849 844 839 834
850 855 860 865
850 845 840 835
851 856 861 866
851 846 841 836
852 857 862 867
852 847 842 837
853 858 863 868
853 848 843 838
854 859 864 869
854 849 844 839
855 860 865 870
855 850 845 840
856 861 866 871
856 851 846 841
857 862 867 872
857 852 847 842
858 863 868 873
858 853 848 843
859 864 869 874
859 854 849 844
860 865 870 875
860 855 850 845
861 866 871 876
861 856 851 846
862 867 872 877
862 857 852 847
863 868 873 878
863 858 853 848
864 869 874 879
864 859 854 849
865 870 875 880
865 860 855 850
866 871 876 881
866 861 856 851
867 872 877 882
867 862 857 852
868 873 878 883
868 863 858 853
869 874 879 884
869 864 859 854
870 875 880 885
870 865 860 855
871 876 881 886
871 866 861 856
872 877 882 887
872 867 862 857
873 878 883 888
873 868 863 858
874 879 884 889
874 869 864 859
875 880 885 890
875 870 865 860
876 881 886 891
876 871 866 861
877 882 887 892
877 872 867 862
878 883 888 893
878 873 868 863
879 884 889 894
879 874 869 864
880 885 890 896
880 875 870 865
881 886 891 897
881 876 871 866
882 887 892 898
882 877 872 867
883 888 893 899
883 878 873 868
884 889 894 900
884 879 874 869
885 890 896 902
885 880 875 870
886 891 897 903
886 881 876 871
887 892 898 904
887 882 877 872
888 893 899 905
888 883 878 873
889 894 900 906
889 884 879 874
890 896 902 908
890 885 880 875
891 897 903 909
891 886 881 876
892 898 904 910
892 887 882 877
893 899 905 911
893 888 883 878
894 900 906 912
894 889 884 879
895 901 907 913
896 902 908 914
896 890 885 880
897 903 909 915
897 891 886 881
898 904 910 916
898 892 887 882
899 905 911 917
899 893 888 883
900 906 912 918
900 894 889 884
901 907 913 919
902 908 914 920
902 896 890 885
903 909 915 921
903 897 891 886
904 910 916 922
904 898 892 887
905 911 917 923
905 899 893 888
906 912 918 924
906 900 894 889
907 913 919 925
907 901 895 -1
908 914 920 926
908 902 896 890
909 915 921 927
909 903 897 891
910 916 922 928
910 904 898 892
911 917 923 929
911 905 899 893
912 918 924 930
912 906 900 894
913 919 925 931
913 907 901 895
914 920 926 932
914 908 902 896
915 921 927 933
915 909 903 897
916 922 928 934
916 910 904 898
917 923 929 935
917 911 905 899
918 924 930 936
918 912 906 900
919 925 931 937
919 913 907 901
920 926 932 938
920 914 908 902
921 927 933 939
921 915 909 903
922 928 934 940
922 916 910 904
923 929 935 941
923 917 911 905
924 930 936 943
924 918 912 906
925 931 937 944
925 919 913 907
926 932 938 945
926 920 914 908
927 933 939 946
927 921 915 909
928 934 940 947
928 922 916 910
929 935 941 948
929 923 917 911
930 936 943 942
930 924 918 912
931 937 944 950
931 925 919 913
932 938 945 951
932 926 920 914
933 939 946 952
933 927 921 915
934 940 947 953
934 928 922 916
935 941 948 954
935 929 923 917
936 943 942 949
936 930 924 918
937 944 950 956
937 931 925 919
938 945 951 957
938 932 926 920
939 946 952 958
939 933 927 921
940 947 953 959
940 934 928 922
941 948 954 960
941 935 929 923
942 949 955 961
942 943 936 930
943 942 949 955
943 936 930 924
944 950 956 962
944 937 931 925
945 951 957 963
945 938 932 926
946 952 958 964
946 939 933 927
947 953 959 965
947 940 934 928
948 954 960 966
948 941 935 929
949 955 961 967
949 942 943 936
950 956 962 968
950 944 937 931
951 957 963 969
951 945 938 932
952 958 964 970
952 946 939 933
953 959 965 971
953 947 940 934
954 960 966 972
954 948 941 935
955 961 967 973
955 949 942 943
956 962 968 974
956 950 944 937
957 963 969 975
957 951 945 938
958 964 970 976
958 952 946 939
959 965 971 977
959 953 947 940
960 966 972 978
960 954 948 941
961 967 973 979
961 955 949 942
962 968 974 980
962 956 950 944
963 969 975 981
963 957 951 945
964 970 976 982
964 958 952 946
965 971 977 983
965 959 953 947
966 972 978 984
966 960 954 948
967 973 979 985
967 961 955 949
968 974 980 986
968 962 956 950
969 975 981 987
969 963 957 951
970 976 982 988
970 964 958 952
971 977 983 989
971 965 959 953
972 978 984 990
972 966 960 954
973 979 985 991
973 967 961 955
974 980 986 992
974 968 962 956
975 981 987 993
975 969 963 957
976 982 988 994
976 970 964 958
977 983 989 995
977 971 965 959
978 984 990 996
978 972 966 960
979 985 991 997
979 973 967 961
980 986 992 998
980 974 968 962
981 987 993 999
981 975 969 963
982 988 994 1000
982 976 970 964
983 989 995 1001
983 977 971 965
984 990 996 1002
984 978 972 966
985 991 997 1003
985 979 973 967
986 992 998 1004
986 980 974 968
987 993 999 1005
987 981 975 969
988 994 1000 1006
988 982 976 970
989 995 1001 1007
989 983 977 971
990 996 1002 1008
990 984 978 972
991 997 1003 1009
991 985 979 973
992 998 1004 1010
992 986 980 974
993 999 1005 1011
993 987 981 975
994 1000 1006 1012
994 988 982 976
995 1001 1007 1013
995 989 983 977
996 1002 1008 1014
996 990 984 978
997 1003 1009 1015
997 991 985 979
998 1004 1010 1016
998 992 986 980
999 1005 1011 1018
999 993 987 981
1000 1006 1012 1019
1000 994 988 982
1001 1007 1013 1020
1001 995 989 983
1002 1008 1014 1021
1002 996 990 984
1003 1009 1015 1022
1003 997 991 985
1004 1010 1016 1017
1004 998 992 986
1005 1011 1018 1024
1005 999 993 987
1006 1012 1019 1025
1006 1000 994 988
1007 1013 1020 1026
1007 1001 995 989
1008 1014 1021 1027
1008 1002 996 990
1009 1015 1022 1028
1009 1003 997 991
1010 1016 1017 1023
1010 1004 998 992
1011 1018 1024 1030
1011 1005 999 993
1012 1019 1025 1031
1012 1006 1000 994
1013 1020 1026 1032
1013 1007 1001 995
1014 1021 1027 1033
1014 1008 1002 996
1015 1022 1028 1034
1015 1009 1003 997
1016 1017 1023 1029
1016 1010 1004 998
1017 1023 1029 1035
1017 1016 1010 1004
1018 1024 1030 1037
1018 1011 1005 999
1019 1025 1031 1038
1019 1012 1006 1000
1020 1026 1032 1039
1020 1013 1007 1001
1021 1027 1033 1040
1021 1014 1008 1002
1022 1028 1034 1041
1022 1015 1009 1003
1023 1029 1035 1042
1023 1017 1016 1010
1024 1030 1037 1036
1024 1018 1011 1005
1025 1031 1038 1044
1025 1019 1012 1006
1026 1032 1039 1045
1026 1020 1013 1007
1027 1033 1040 1046
1027 1021 1014 1008
1028 1034 1041 1047
1028 1022 1015 1009
1029 1035 1042 1048
1029 1023 1017 1016
1030 1037 1036 1043
1030 1024 1018 1011
1031 1038 1044 1050
1031 1025 1019 1012
1032 1039 1045 1051
1032 1026 1020 1013
1033 1040 1046 1052
1033 1027 1021 1014
1034 1041 1047 1053
1034 1028 1022 1015
1035 1042 1048 1054
1035 1029 1023 1017
1036 1043 1049 1055
1036 1037 1030 1024
1037 1036 1043 1049
1037 1030 1024 1018
1038 1044 1050 1056
1038 1031 1025 1019
1039 1045 1051 1057
1039 1032 1026 1020
1040 1046 1052 1058
1040 1033 1027 1021
1041 1047 1053 1059
1041 1034 1028 1022
1042 1048 1054 1060
1042 1035 1029 1023
1043 1049 1055 1061
1043 1036 1037 1030
1044 1050 1056 1062
1044 1038 1031 1025
1045 1051 1057 1063
1045 1039 1032 1026
1046 1052 1058 1064
1046 1040 1033 1027
1047 1053 1059 1065
1047 1041 1034 1028
1048 1054 1060 1066
1048 1042 1035 1029
1049 1055 1061 1067
1049 1043 1036 1037
1050 1056 1062 1068
1050 1044 1038 1031
1051 1057 1063 1069
1051 1045 1039 1032
1052 1058 1064 1070
1052 1046 1040 1033
1053 1059 1065 1071
1053 1047 1041 1034
1054 1060 1066 1072
1054 1048 1042 1035
1055 1061 1067 1073
1055 1049 1043 1036
1056 1062 1068 1074
1056 1050 1044 1038
1057 1063 1069 1075
1057 1051 1045 1039
1058 1064 1070 1076
1058 1052 1046 1040
1059 1065 1071 1077
1059 1053 1047 1041
1060 1066 1072 1078
1060 1054 1048 1042
1061 1067 1073 1079
1061 1055 1049 1043
1062 1068 1074 1080
1062 1056 1050 1044
1063 1069 1075 1081
1063 1057 1051 1045
1064 1070 1076 1082
1064 1058 1052 1046
1065 1071 1077 1083
1065 1059 1053 1047
1066 1072 1078 1084
1066 1060 1054 1048
1067 1073 1079 1085
1067 1061 1055 1049
1068 1074 1080 1086
1068 1062 1056 1050
1069 1075 1081 1087
1069 1063 1057 1051
1070 1076 1082 1088
1070 1064 1058 1052
1071 1077 1083 1089
1071 1065 1059 1053
1072 1078 1084 1090
1072 1066 1060 1054
1073 1079 1085 1091
1073 1067 1061 1055
1074 1080 1086 1092
1074 1068 1062 1056
1075 1081 1087 1093
1075 1069 1063 1057
1076 1082 1088 1094
1076 1070 1064 1058
1077 1083 1089 1095
1077 1071 1065 1059
1078 1084 1090 1096
1078 1072 1066 1060
1079 1085 1091 1097
1079 1073 1067 1061
1080 1086 1092 1098
1080 1074 1068 1062
1081 1087 1093 1099
1081 1075 1069 1063
1082 1088 1094 1100
1082 1076 1070 1064
1083 1089 1095 1101
1083 1077 1071 1065
1084 1090 1096 1102
1084 1078 1072 1066
1085 1091 1097 1103
1085 1079 1073 1067
1086 1092 1098 1104
1086 1080 1074 1068
1087 1093 1099 1105
1087 1081 1075 1069
1088 1094 1100 1106
1088 1082 1076 1070
1089 1095 1101 1107
1089 1083 1077 1071
1090 1096 1102 1108
1090 1084 1078 1072
1091 1097 1103 1109
1091 1085 1079 1073
1092 1098 1104 1110
1092 1086 1080 1074
1093 1099 1105 1111
1093 1087 1081 1075
1094 1100 1106 1112
1094 1088 1082 1076
1095 1101 1107 1113
1095 1089 1083 1077
1096 1102 1108 1114
1096 1090 1084 1078
1097 1103 1109 1115
1097 1091 1085 1079
1098 1104 1110 1116
1098 1092 1086 1080
1099 1105 1111 1117
1099 1093 1087 1081
1100 1106 1112 1118
1100 1094 1088 1082
1101 1107 1113 1119
1101 1095 1089 1083
1102 1108 1114 1120
1102 1096 1090 1084
1103 1109 1115 1121
1103 1097 1091 1085
1104 1110 1116 1122
1104 1098 1092 1086
1105 1111 1117 1123
1105 1099 1093 1087
1106 1112 1118 1124
1106 1100 1094 1088
1107 1113 1119 1125
1107 1101 1095 1089
1108 1114 1120 1126
1108 1102 1096 1090
1109 1115 1121 1127
1109 1103 1097 1091
1110 1116 1122 1128
1110 1104 1098 1092
1111 1117 1123 1129
1111 1105 1099 1093
1112 1118 1124 1130
1112 1106 1100 1094
1113 1119 1125 1131
1113 1107 1101 1095
1114 1120 1126 1132
1114 1108 1102 1096
1115 1121 1127 1133
1115 1109 1103 1097
1116 1122 1128 1134
1116 1110 1104 1098
1117 1123 1129 1135
1117 1111 1105 1099
1118 1124 1130 1136
1118 1112 1106 1100
1119 1125 1131 1137
1119 1113 1107 1101
1120 1126 1132 1138
1120 1114 1108 1102
1121 1127 1133 1139
1121 1115 1109 1103
1122 1128 1134 1140
1122 1116 1110 1104
1123 1129 1135 1141
1123 1117 1111 1105
1124 1130 1136 1142
1124 1118 1112 1106
1125 1131 1137 1143
1125 1119 1113 1107
1126 1132 1138 1144
1126 1120 1114 1108
1127 1133 1139 1145
1127 1121 1115 1109
1128 1134 1140 1146
1128 1122 1116 1110
1129 1135 1141 1147
1129 1123 1117 1111
1130 1136 1142 1148
1130 1124 1118 1112
1131 1137 1143 1149
1131 1125 1119 1113
1132 1138 1144 1150
1132 1126 1120 1114
1133 1139 1145 1151
1133 1127 1121 1115
1134 1140 1146 1152
1134 1128 1122 1116
1135 1141 1147 1153
1135 1129 1123 1117
1136 1142 1148 1154
1136 1130 1124 1118
1137 1143 1149 1155
1137 1131 1125 1119
1138 1144 1150 1156
1138 1132 1126 1120
1139 1145 1151 1157
1139 1133 1127 1121
1140 1146 1152 1158
1140 1134 1128 1122
1141 1147 1153 1159
1141 1135 1129 1123
1142 1148 1154 1160
1142 1136 1130 1124
1143 1149 1155 1161
1143 1137 1131 1125
1144 1150 1156 1162
1144 1138 1132 1126
1145 1151 1157 1163
1145 1139 1133 1127
1146 1152 1158 1164
1146 1140 1134 1128
1147 1153 1159 1165
1147 1141 1135 1129
1148 1154 1160 1166
1148 1142 1136 1130
1149 1155 1161 1167
1149 1143 1137 1131
1150 1156 1162 1168
1150 1144 1138 1132
1151 1157 1163 1169
1151 1145 1139 1133
1152 1158 1164 1170
1152 1146 1140 1134
1153 1159 1165 1171
1153 1147 1141 1135
1154 1160 1166 1172
1154 1148 1142 1136
1155 1161 1167 1173
1155 1149 1143 1137
1156 1162 1168 1174
1156 1150 1144 1138
1157 1163 1169 1175
1157 1151 1145 1139
1158 1164 1170 1176
1158 1152 1146 1140
1159 1165 1171 1177
1159 1153 1147 1141
1160 1166 1172 1178
1160 1154 1148 1142
1161 1167 1173 1179
1161 1155 1149 1143
1162 1168 1174 1180
1162 1156 1150 1144
1163 1169 1175 1181
1163 1157 1151 1145
1164 1170 1176 1182
1164 1158 1152 1146
1165 1171 1177 1183
1165 1159 1153 1147
1166 1172 1178 1184
1166 1160 1154 1148
1167 1173 1179 1185
1167 1161 1155 1149
1168 1174 1180 1186
1168 1162 1156 1150
1169 1175 1181 1187
1169 1163 1157 1151
1170 1176 1182 1188
1170 1164 1158 1152
1171 1177 1183 1189
1171 1165 1159 1153
1172 1178 1184 1190
1172 1166 1160 1154
1173 1179 1185 1191
1173 1167 1161 1155
1174 1180 1186 1192
1174 1168 1162 1156
1175 1181 1187 1193
1175 1169 1163 1157
1176 1182 1188 1194
1176 1170 1164 1158
1177 1183 1189 1195
1177 1171 1165 1159
1178 1184 1190 1196
1178 1172 1166 1160
1179 1185 1191 1197
1179 1173 1167 1161
1180 1186 1192 1198
1180 1174 1168 1162
1181 1187 1193 1199
1181 1175 1169 1163
1182 1188 1194 1200
1182 1176 1170 1164
1183 1189 1195 1201
1183 1177 1171 1165
1184 1190 1196 1202
1184 1178 1172 1166
1185 1191 1197 1203
1185 1179 1173 1167
1186 1192 1198 1204
1186 1180 1174 1168
1187 1193 1199 1206
1187 1181 1175 1169
1188 1194 1200 1207
1188 1182 1176 1170
1189 1195 1201 1208
1189 1183 1177 1171
1190 1196 1202 1209
1190 1184 1178 1172
1191 1197 1203 1210
1191 1185 1179 1173
1192 1198 1204 1205
1192 1186 1180 1174
1193 1199 1206 1212
1193 1187 1181 1175
1194 1200 1207 1213
1194 1188 1182 1176
1195 1201 1208 1214
1195 1189 1183 1177
1196 1202 1209 1215
1196 1190 1184 1178
1197 1203 1210 1216
1197 1191 1185 1179
1198 1204 1205 1211
1198 1192 1186 1180
1199 1206 1212 1218
1199 1193 1187 1181
1200 1207 1213 1219
1200 1194 1188 1182
1201 1208 1214 1220
1201 1195 1189 1183
1202 1209 1215 1221
1202 1196 1190 1184
1203 1210 1216 1222
1203 1197 1191 1185
1204 1205 1211 1217
1204 1198 1192 1186
1205 1211 1217 1223
1205 1204 1198 1192
1206 1212 1218 1225
1206 1199 1193 1187
1207 1213 1219 1226
1207 1200 1194 1188
1208 1214 1220 1227
1208 1201 1195 1189
1209 1215 1221 1228
1209 1202 1196 1190
1210 1216 1222 1229
1210 1203 1197 1191
1211 1217 1223 1224
1211 1205 1204 1198
1212 1218 1225 1231
1212 1206 1199 1193
1213 1219 1226 1232
1213 1207 1200 1194
1214 1220 1227 1233
1214 1208 1201 1195
1215 1221 1228 1234
1215 1209 1202 1196
1216 1222 1229 1235
1216 1210 1203 1197
1217 1223 1224 1230
1217 1211 1205 1204
1218 1225 1231 1237
1218 1212 1206 1199
1219 1226 1232 1238
1219 1213 1207 1200
1220 1227 1233 1239
1220 1214 1208 1201
1221 1228 1234 1240
1221 1215 1209 1202
1222 1229 1235 1241
1222 1216 1210 1203
1223 1224 1230 1236
1223 1217 1211 1205
1224 1230 1236 1242
1224 1223 1217 1211
1225 1231 1237 1243
1225 1218 1212 1206
1226 1232 1238 1244
1226 1219 1213 1207
1227 1233 1239 1245
1227 1220 1214 1208
1228 1234 1240 1246
1228 1221 1215 1209
1229 1235 1241 1247
1229 1222 1216 1210
1230 1236 1242 1248
1230 1224 1223 1217
1231 1237 1243 1249
1231 1225 1218 1212
1232 1238 1244 1250
1232 1226 1219 1213
1233 1239 1245 1251
1233 1227 1220 1214
1234 1240 1246 1252
1234 1228 1221 1215
1235 1241 1247 1253
1235 1229 1222 1216
1236 1242 1248 1254
1236 1230 1224 1223
1237 1243 1249 1255
1237 1231 1225 1218
1238 1244 1250 1256
1238 1232 1226 1219
1239 1245 1251 1257
1239 1233 1227 1220
1240 1246 1252 1258
1240 1234 1228 1221
1241 1247 1253 1259
1241 1235 1229 1222
1242 1248 1254 1260
1242 1236 1230 1224
1243 1249 1255 1262
1243 1237 1231 1225
1244 1250 1256 1263
1244 1238 1232 1226
1245 1251 1257 1264
1245 1239 1233 1227
1246 1252 1258 1265
1246 1240 1234 1228
1247 1253 1259 1266
1247 1241 1235 1229
1248 1254 1260 1261
1248 1242 1236 1230
1249 1255 1262 1268
1249 1243 1237 1231
1250 1256 1263 1269
1250 1244 1238 1232
1251 1257 1264 1270
1251 1245 1239 1233
1252 1258 1265 1271
1252 1246 1240 1234
1253 1259 1266 1272
1253 1247 1241 1235
1254 1260 1261 1267
1254 1248 1242 1236
1255 1262 1268 1274
1255 1249 1243 1237
1256 1263 1269 1275
1256 1250 1244 1238
1257 1264 1270 1276
1257 1251 1245 1239
1258 1265 1271 1277
1258 1252 1246 1240
1259 1266 1272 1278
1259 1253 1247 1241
1260 1261 1267 1273
1260 1254 1248 1242
1261 1267 1273 1279
1261 1260 1254 1248
1262 1268 1274 1281
1262 1255 1249 1243
1263 1269 1275 1282
1263 1256 1250 1244
1264 1270 1276 1283
1264 1257 1251 1245
1265 1271 1277 1284
1265 1258 1252 1246
1266 1272 1278 1285
1266 1259 1253 1247
1267 1273 1279 1280
1267 1261 1260 1254
1268 1274 1281 1287
1268 1262 1255 1249
1269 1275 1282 1288
1269 1263 1256 1250
1270 1276 1283 1289
1270 1264 1257 1251
1271 1277 1284 1290
1271 1265 1258 1252
1272 1278 1285 1291
1272 1266 1259 1253
1273 1279 1280 1286
1273 1267 1261 1260
1274 1281 1287 1293
1274 1268 1262 1255
1275 1282 1288 1294
1275 1269 1263 1256
1276 1283 1289 1295
1276 1270 1264 1257
1277 1284 1290 1296
1277 1271 1265 1258
1278 1285 1291 1297
1278 1272 1266 1259
1279 1280 1286 1292
1279 1273 1267 1261
1280 1286 1292 1298
1280 1279 1273 1267
1281 1287 1293 1300
1281 1274 1268 1262
1282 1288 1294 1301
1282 1275 1269 1263
1283 1289 1295 1302
1283 1276 1270 1264
1284 1290 1296 1303
1284 1277 1271 1265
1285 1291 1297 1304
1285 1278 1272 1266
1286 1292 1298 1299
1286 1280 1279 1273
1287 1293 1300 1306
1287 1281 1274 1268
1288 1294 1301 1307
1288 1282 1275 1269
1289 1295 1302 1308
1289 1283 1276 1270
1290 1296 1303 1309
1290 1284 1277 1271
1291 1297 1304 1310
1291 1285 1278 1272
1292 1298 1299 1305
1292 1286 1280 1279
1293 1300 1306 1312
1293 1287 1281 1274
1294 1301 1307 1313
1294 1288 1282 1275
1295 1302 1308 1314
1295 1289 1283 1276
1296 1303 1309 1315
1296 1290 1284 1277
1297 1304 1310 1316
1297 1291 1285 1278
1298 1299 1305 1311
1298 1292 1286 1280
1299 1305 1311 1317
1299 1298 1292 1286
1300 1306 1312 1318
1300 1293 1287 1281
1301 1307 1313 1319
1301 1294 1288 1282
1302 1308 1314 1320
1302 1295 1289 1283
1303 1309 1315 1321
1303 1296 1290 1284
1304 1310 1316 1322
1304 1297 1291 1285
1305 1311 1317 1323
1305 1299 1298 1292
1306 1312 1318 1324
1306 1300 1293 1287
1307 1313 1319 1325
1307 1301 1294 1288
1308 1314 1320 1326
1308 1302 1295 1289
1309 1315 1321 1327
1309 1303 1296 1290
1310 1316 1322 1328
1310 1304 1297 1291
1311 1317 1323 1329
1311 1305 1299 1298
1312 1318 1324 1331
1312 1306 1300 1293
1313 1319 1325 1332
1313 1307 1301 1294
1314 1320 1326 1333
1314 1308 1302 1295
1315 1321 1327 1334
1315 1309 1303 1296
1316 1322 1328 1335
1316 1310 1304 1297
1317 1323 1329 1330
1317 1311 1305 1299
1318 1324 1331 1337
1318 1312 1306 1300
1319 1325 1332 1338
1319 1313 1307 1301
1320 1326 1333 1339
1320 1314 1308 1302
1321 1327 1334 1340
1321 1315 1309 1303
1322 1328 1335 1341
1322 1316 1310 1304
1323 1329 1330 1336
1323 1317 1311 1305
1324 1331 1337 1343
1324 1318 1312 1306
1325 1332 1338 1344
1325 1319 1313 1307
1326 1333 1339 1345
1326 1320 1314 1308
1327 1334 1340 1346
1327 1321 1315 1309
1328 1335 1341 1347
1328 1322 1316 1310
1329 1330 1336 1342
1329 1323 1317 1311
1330 1336 1342 1348
1330 1329 1323 1317
1331 1337 1343 1349
1331 1324 1318 1312
1332 1338 1344 1350
1332 1325 1319 1313
1333 1339 1345 1351
1333 1326 1320 1314
1334 1340 1346 1352
1334 1327 1321 1315
1335 1341 1347 1353
1335 1328 1322 1316
1336 1342 1348 1354
1336 1330 1329 1323
1337 1343 1349 1355
1337 1331 1324 1318
1338 1344 1350 1356
1338 1332 1325 1319
1339 1345 1351 1357
1339 1333 1326 1320
1340 1346 1352 1358
1340 1334 1327 1321
1341 1347 1353 1359
1341 1335 1328 1322
1342 1348 1354 1360
1342 1336 1330 1329
1343 1349 1355 1362
1343 1337 1331 1324
1344 1350 1356 1363
1344 1338 1332 1325
1345 1351 1357 1364
1345 1339 1333 1326
1346 1352 1358 1365
1346 1340 1334 1327
1347 1353 1359 1366
1347 1341 1335 1328
1348 1354 1360 1361
1348 1342 1336 1330
1349 1355 1362 1368
1349 1343 1337 1331
1350 1356 1363 1369
1350 1344 1338 1332
1351 1357 1364 1370
1351 1345 1339 1333
1352 1358 1365 1371
1352 1346 1340 1334
1353 1359 1366 1372
1353 1347 1341 1335
1354 1360 1361 1367
1354 1348 1342 1336
1355 1362 1368 1374
1355 1349 1343 1337
1356 1363 1369 1375
1356 1350 1344 1338
1357 1364 1370 1376
1357 1351 1345 1339
1358 1365 1371 1377
1358 1352 1346 1340
1359 1366 1372 1378
1359 1353 1347 1341
1360 1361 1367 1373
1360 1354 1348 1342
1361 1367 1373 1379
1361 1360 1354 1348
1362 1368 1374 1380
1362 1355 1349 1343
1363 1369 1375 1381
1363 1356 1350 1344
1364 1370 1376 1382
1364 1357 1351 1345
1365 1371 1377 1383
1365 1358 1352 1346
1366 1372 1378 1384
1366 1359 1353 1347
1367 1373 1379 1385
1367 1361 1360 1354
1368 1374 1380 1386
1368 1362 1355 1349
1369 1375 1381 1387
1369 1363 1356 1350
1370 1376 1382 1388
1370 1364 1357 1351
1371 1377 1383 1389
1371 1365 1358 1352
1372 1378 1384 1390
1372 1366 1359 1353
1373 1379 1385 1391
1373 1367 1361 1360
1374 1380 1386 1392
1374 1368 1362 1355
1375 1381 1387 1393
1375 1369 1363 1356
1376 1382 1388 1394
1376 1370 1364 1357
1377 1383 1389 1395
1377 1371 1365 1358
1378 1384 1390 1396
1378 1372 1366 1359
1379 1385 1391 1397
1379 1373 1367 1361
1380 1386 1392 1398
1380 1374 1368 1362
1381 1387 1393 1399
1381 1375 1369 1363
1382 1388 1394 1400
1382 1376 1370 1364
1383 1389 1395 1401
1383 1377 1371 1365
1384 1390 1396 1402
1384 1378 1372 1366
1385 1391 1397 1403
1385 1379 1373 1367
1386 1392 1398 1405
1386 1380 1374 1368
1387 1393 1399 1406
1387 1381 1375 1369
1388 1394 1400 1407
1388 1382 1376 1370
1389 1395 1401 1408
1389 1383 1377 1371
1390 1396 1402 1409
1390 1384 1378 1372
1391 1397 1403 1404
1391 1385 1379 1373
1392 1398 1405 1411
1392 1386 1380 1374
1393 1399 1406 1412
1393 1387 1381 1375
1394 1400 1407 1413
1394 1388 1382 1376
1395 1401 1408 1414
1395 1389 1383 1377
1396 1402 1409 1415
1396 1390 1384 1378
1397 1403 1404 1410
1397 1391 1385 1379
1398 1405 1411 1418
1398 1392 1386 1380
1399 1406 1412 1419
1399 1393 1387 1381
1400 1407 1413 1420
1400 1394 1388 1382
1401 1408 1414 1421
1401 1395 1389 1383
1402 1409 1415 1422
1402 1396 1390 1384
1403 1404 1410 1416
1403 1397 1391 1385
1404 1410 1416 1417
1404 1403 1397 1391
1405 1411 1418 1424
1405 1398 1392 1386
1406 1412 1419 1425
1406 1399 1393 1387
1407 1413 1420 1426
1407 1400 1394 1388
1408 1414 1421 1427
1408 1401 1395 1389
1409 1415 1422 1428
1409 1402 1396 1390
1410 1416 1417 1423
1410 1404 1403 1397
1411 1418 1424 1430
1411 1405 1398 1392
1412 1419 1425 1431
1412 1406 1399 1393
1413 1420 1426 1432
1413 1407 1400 1394
1414 1421 1427 1433
1414 1408 1401 1395
1415 1422 1428 1434
1415 1409 1402 1396
1416 1417 1423 1429
1416 1410 1404 1403
1417 1423 1429 1435
1417 1416 1410 1404
1418 1424 1430 1436
1418 1411 1405 1398
1419 1425 1431 1437
1419 1412 1406 1399
1420 1426 1432 1438
1420 1413 1407 1400
1421 1427 1433 1439
1421 1414 1408 1401
1422 1428 1434 1440
1422 1415 1409 1402
1423 1429 1435 1441
1423 1429 1435 1452
1423 1417 1416 1410
1424 1430 1436 1442
1424 1418 1411 1405
1425 1431 1437 1443
1425 1419 1412 1406
1426 1432 1438 1444
1426 1420 1413 1407
1427 1433 1439 1445
1427 1421 1414 1408
1428 1434 1440 1446
1428 1422 1415 1409
1429 1435 1441 1447
1429 1435 1452 1453
1429 1423 1417 1416
1430 1436 1442 -1
1430 1424 1418 1411
1431 1437 1443 1448
1431 1425 1419 1412
1432 1438 1444 1449
1432 1426 1420 1413
1433 1439 1445 1450
1433 1427 1421 1414
1434 1440 1446 1451
1434 1428 1422 1415
1435 1441 1447 1452
1435 1441 1452 1453
1435 1429 1423 1417
1436 1430 1424 1418
1437 1443 1448 1455
1437 1431 1425 1419
1438 1444 1449 1456
1438 1432 1426 1420
1439 1445 1450 1457
1439 1433 1427 1421
1440 1446 1451 1458
1440 1434 1428 1422
1441 1447 1452 1453
1441 1435 1429 1423
1442 1436 1430 1424
1443 1448 1455 1459
1443 1437 1431 1425
1444 1449 1456 1460
1444 1438 1432 1426
1445 1450 1457 1461
1445 1439 1433 1427
1446 1451 1458 1462
1446 1440 1434 1428
1447 1452 1453 -1
1447 1441 1435 1429
1448 1455 1459 1463
1448 1443 1437 1431
1449 1456 1460 1464
1449 1444 1438 1432
1450 1457 1461 1465
1450 1445 1439 1433
1451 1458 1462 1466
1451 1446 1440 1434
1452 1453 1454 -1
1452 1447 1441 1435
1453 1452 1447 1441
1454 1453 1452 1441
1454 1453 1452 1435
1455 1459 1463 1467
1455 1448 1443 1437
1456 1460 1464 1468
1456 1449 1444 1438
1457 1461 1465 1469
1457 1450 1445 1439
1458 1462 1466 1470
1458 1451 1446 1440
1459 1463 1467 1471
1459 1455 1448 1443
1460 1464 1468 1472
1460 1456 1449 1444
1461 1465 1469 1473
1461 1457 1450 1445
1462 1466 1470 1474
1462 1458 1451 1446
1463 1467 1471 1475
1463 1459 1455 1448
1464 1468 1472 1476
1464 1460 1456 1449
1465 1469 1473 1477
1465 1461 1457 1450
1466 1470 1474 1478
1466 1462 1458 1451
1467 1471 1475 1479
1467 1463 1459 1455
1468 1472 1476 1480
1468 1464 1460 1456
1469 1473 1477 1481
1469 1465 1461 1457
1470 1474 1478 1482
1470 1466 1462 1458
1471 1475 1479 1483
1471 1467 1463 1459
1472 1476 1480 1484
1472 1468 1464 1460
1473 1477 1481 1485
1473 1469 1465 1461
1474 1478 1482 1486
1474 1470 1466 1462
1475 1479 1483 1487
1475 1471 1467 1463
1476 1480 1484 1488
1476 1472 1468 1464
1477 1481 1485 1489
1477 1473 1469 1465
1478 1482 1486 1490
1478 1474 1470 1466
1479 1483 1487 1491
1479 1475 1471 1467
1480 1484 1488 1492
1480 1476 1472 1468
1481 1485 1489 1493
1481 1477 1473 1469
1482 1486 1490 1494
1482 1478 1474 1470
1483 1487 1491 1495
1483 1479 1475 1471
1484 1488 1492 1496
1484 1480 1476 1472
1485 1489 1493 1497
1485 1481 1477 1473
1486 1490 1494 1498
1486 1482 1478 1474
1487 1491 1495 1499
1487 1483 1479 1475
1488 1492 1496 1500
1488 1484 1480 1476
1489 1493 1497 1501
1489 1485 1481 1477
1490 1494 1498 1502
1490 1486 1482 1478
1491 1495 1499 1503
1491 1487 1483 1479
1492 1496 1500 1504
1492 1488 1484 1480
1493 1497 1501 1505
1493 1489 1485 1481
1494 1498 1502 1506
1494 1490 1486 1482
1495 1499 1503 1507
1495 1491 1487 1483
1496 1500 1504 1508
1496 1492 1488 1484
1497 1501 1505 1509
1497 1493 1489 1485
1498 1502 1506 1510
1498 1494 1490 1486
1499 1503 1507 1511
1499 1495 1491 1487
1500 1504 1508 1512
1500 1496 1492 1488
1501 1505 1509 1513
1501 1497 1493 1489
1502 1506 1510 1514
1502 1498 1494 1490
1503 1507 1511 1515
1503 1499 1495 1491
1504 1508 1512 1516
1504 1500 1496 1492
1505 1509 1513 1517
1505 1501 1497 1493
1506 1510 1514 1518
1506 1502 1498 1494
1507 1511 1515 1519
1507 1503 1499 1495
1508 1512 1516 1520
1508 1504 1500 1496
1509 1513 1517 1521
1509 1505 1501 1497
1510 1514 1518 1522
1510 1506 1502 1498
1511 1515 1519 1523
1511 1507 1503 1499
1512 1516 1520 1524
1512 1508 1504 1500
1513 1517 1521 1525
1513 1509 1505 1501
1514 1518 1522 1526
1514 1510 1506 1502
1515 1519 1523 1527
1515 1511 1507 1503
1516 1520 1524 1528
1516 1512 1508 1504
1517 1521 1525 1529
1517 1513 1509 1505
1518 1522 1526 1530
1518 1514 1510 1506
1519 1523 1527 1531
1519 1515 1511 1507
1520 1524 1528 1532
1520 1516 1512 1508
1521 1525 1529 1533
1521 1517 1513 1509
1522 1526 1530 1534
1522 1518 1514 1510
1523 1527 1531 1535
1523 1519 1515 1511
1524 1528 1532 1536
1524 1520 1516 1512
1525 1529 1533 1537
1525 1521 1517 1513
1526 1530 1534 1538
1526 1522 1518 1514
1527 1531 1535 1539
1527 1523 1519 1515
1528 1532 1536 1540
1528 1524 1520 1516
1529 1533 1537 1541
1529 1525 1521 1517
1530 1534 1538 1542
1530 1526 1522 1518
1531 1535 1539 1543
1531 1527 1523 1519
1532 1536 1540 1544
1532 1528 1524 1520
1533 1537 1541 1545
1533 1529 1525 1521
1534 1538 1542 1546
1534 1530 1526 1522
1535 1539 1543 1547
1535 1531 1527 1523
1536 1540 1544 1548
1536 1532 1528 1524
1537 1541 1545 1549
1537 1533 1529 1525
1538 1542 1546 1550
1538 1534 1530 1526
1539 1543 1547 1551
1539 1535 1531 1527
1540 1544 1548 1552
1540 1536 1532 1528
1541 1545 1549 1553
1541 1537 1533 1529
1542 1546 1550 1554
1542 1538 1534 1530
1543 1547 1551 1555
1543 1539 1535 1531
1544 1548 1552 1556
1544 1540 1536 1532
1545 1549 1553 1557
1545 1541 1537 1533
1546 1550 1554 1558
1546 1542 1538 1534
1547 1551 1555 1559
1547 1543 1539 1535
1548 1552 1556 1560
1548 1544 1540 1536
1549 1553 1557 1561
1549 1545 1541 1537
1550 1554 1558 1562
1550 1546 1542 1538
1551 1555 1559 1563
1551 1547 1543 1539
1552 1556 1560 1564
1552 1548 1544 1540
1553 1557 1561 1565
1553 1549 1545 1541
1554 1558 1562 1566
1554 1550 1546 1542
1555 1559 1563 1567
1555 1551 1547 1543
1556 1560 1564 1568
1556 1552 1548 1544
1557 1561 1565 1569
1557 1553 1549 1545
1558 1562 1566 1570
1558 1554 1550 1546
1559 1563 1567 1571
1559 1555 1551 1547
1560 1564 1568 1572
1560 1556 1552 1548
1561 1565 1569 1573
1561 1557 1553 1549
1562 1566 1570 1574
1562 1558 1554 1550
1563 1567 1571 1575
1563 1559 1555 1551
1564 1568 1572 1576
1564 1560 1556 1552
1565 1569 1573 1577
1565 1561 1557 1553
1566 1570 1574 1578
1566 1562 1558 1554
1567 1571 1575 1579
1567 1563 1559 1555
1568 1572 1576 1580
1568 1564 1560 1556
1569 1573 1577 1581
1569 1565 1561 1557
1570 1574 1578 1582
1570 1566 1562 1558
1571 1575 1579 1583
1571 1567 1563 1559
1572 1576 1580 1584
1572 1568 1564 1560
1573 1577 1581 1585
1573 1569 1565 1561
1574 1578 1582 1586
1574 1570 1566 1562
1575 1579 1583 1587
1575 1571 1567 1563
1576 1580 1584 1588
1576 1572 1568 1564
1577 1581 1585 1589
1577 1573 1569 1565
1578 1582 1586 1590
1578 1574 1570 1566
1579 1583 1587 1591
1579 1575 1571 1567
1580 1584 1588 1592
1580 1576 1572 1568
1581 1585 1589 1593
1581 1577 1573 1569
1582 1586 1590 1594
1582 1578 1574 1570
1583 1587 1591 1595
1583 1579 1575 1571
1584 1588 1592 1596
1584 1580 1576 1572
1585 1589 1593 1597
1585 1581 1577 1573
1586 1590 1594 1598
1586 1582 1578 1574
1587 1591 1595 1599
1587 1583 1579 1575
1588 1592 1596 1600
1588 1584 1580 1576
1589 1593 1597 1601
1589 1585 1581 1577
1590 1594 1598 1602
1590 1586 1582 1578
1591 1595 1599 1603
1591 1587 1583 1579
1592 1596 1600 1604
1592 1588 1584 1580
1593 1597 1601 1605
1593 1589 1585 1581
1594 1598 1602 1606
1594 1590 1586 1582
1595 1599 1603 1607
1595 1591 1587 1583
1596 1600 1604 1608
1596 1592 1588 1584
1597 1601 1605 1609
1597 1593 1589 1585
1598 1602 1606 1610
1598 1594 1590 1586
1599 1603 1607 1611
1599 1595 1591 1587
1600 1604 1608 1612
1600 1596 1592 1588
1601 1605 1609 1613
1601 1597 1593 1589
1602 1606 1610 1614
1602 1598 1594 1590
1603 1607 1611 1615
1603 1599 1595 1591
1604 1608 1612 1616
1604 1600 1596 1592
1605 1609 1613 1617
1605 1601 1597 1593
1606 1610 1614 1618
1606 1602 1598 1594
1607 1611 1615 1619
1607 1603 1599 1595
1608 1612 1616 1620
1608 1604 1600 1596
1609 1613 1617 1621
1609 1605 1601 1597
1610 1614 1618 1622
1610 1606 1602 1598
1611 1615 1619 1623
1611 1607 1603 1599
1612 1616 1620 1624
1612 1608 1604 1600
1613 1617 1621 1625
1613 1609 1605 1601
1614 1618 1622 1626
1614 1610 1606 1602
1615 1619 1623 1627
1615 1611 1607 1603
1616 1620 1624 1628
1616 1612 1608 1604
1617 1621 1625 1629
1617 1613 1609 1605
1618 1622 1626 1630
1618 1614 1610 1606
1619 1623 1627 1631
1619 1615 1611 1607
1620 1624 1628 1632
1620 1616 1612 1608
1621 1625 1629 1633
1621 1617 1613 1609
1622 1626 1630 1634
1622 1618 1614 1610
1623 1627 1631 1635
1623 1619 1615 1611
1624 1628 1632 1636
1624 1620 1616 1612
1625 1629 1633 1637
1625 1621 1617 1613
1626 1630 1634 1638
1626 1622 1618 1614
1627 1631 1635 1639
1627 1623 1619 1615
1628 1632 1636 1640
1628 1624 1620 1616
1629 1633 1637 1641
1629 1625 1621 1617
1630 1634 1638 1642
1630 1626 1622 1618
1631 1635 1639 1643
1631 1627 1623 1619
1632 1636 1640 1644
1632 1628 1624 1620
1633 1637 1641 1645
1633 1629 1625 1621
1634 1638 1642 1646
1634 1630 1626 1622
1635 1639 1643 1647
1635 1631 1627 1623
1636 1640 1644 1648
1636 1632 1628 1624
1637 1641 1645 1649
1637 1633 1629 1625
1638 1642 1646 1650
1638 1634 1630 1626
1639 1643 1647 1651
1639 1635 1631 1627
1640 1644 1648 1652
1640 1636 1632 1628
1641 1645 1649 1653
1641 1637 1633 1629
1642 1646 1650 1654
1642 1638 1634 1630
1643 1647 1651 1655
1643 1639 1635 1631
1644 1648 1652 1656
1644 1640 1636 1632
1645 1649 1653 1657
1645 1641 1637 1633
1646 1650 1654 1658
1646 1642 1638 1634
1647 1651 1655 1659
1647 1643 1639 1635
1648 1652 1656 1660
1648 1644 1640 1636
1649 1653 1657 1661
1649 1645 1641 1637
1650 1654 1658 1662
1650 1646 1642 1638
1651 1655 1659 1663
1651 1647 1643 1639
1652 1656 1660 1664
1652 1648 1644 1640
1653 1657 1661 1665
1653 1649 1645 1641
1654 1658 1662 1666
1654 1650 1646 1642
1655 1659 1663 1667
1655 1651 1647 1643
1656 1660 1664 1668
1656 1652 1648 1644
1657 1661 1665 1669
1657 1653 1649 1645
1658 1662 1666 1670
1658 1654 1650 1646
1659 1663 1667 1671
1659 1655 1651 1647
1660 1664 1668 1672
1660 1656 1652 1648
1661 1665 1669 1673
1661 1657 1653 1649
1662 1666 1670 1674
1662 1658 1654 1650
1663 1667 1671 1675
1663 1659 1655 1651
1664 1668 1672 1676
1664 1660 1656 1652
1665 1669 1673 1677
1665 1661 1657 1653
1666 1670 1674 1678
1666 1662 1658 1654
1667 1671 1675 1679
1667 1663 1659 1655
1668 1672 1676 1680
1668 1664 1660 1656
1669 1673 1677 1681
1669 1665 1661 1657
1670 1674 1678 1682
1670 1666 1662 1658
1671 1675 1679 1683
1671 1667 1663 1659
1672 1676 1680 1684
1672 1668 1664 1660
1673 1677 1681 1685
1673 1669 1665 1661
1674 1678 1682 1686
1674 1670 1666 1662
1675 1679 1683 1687
1675 1671 1667 1663
1676 1680 1684 1688
1676 1672 1668 1664
1677 1681 1685 1689
1677 1673 1669 1665
1678 1682 1686 1690
1678 1674 1670 1666
1679 1683 1687 1691
1679 1675 1671 1667
1680 1684 1688 1692
1680 1676 1672 1668
1681 1685 1689 1693
1681 1677 1673 1669
1682 1686 1690 1694
1682 1678 1674 1670
1683 1687 1691 1695
1683 1679 1675 1671
1684 1688 1692 1696
1684 1680 1676 1672
1685 1689 1693 1697
1685 1681 1677 1673
1686 1690 1694 1698
1686 1682 1678 1674
1687 1691 1695 1699
1687 1683 1679 1675
1688 1692 1696 1700
1688 1684 1680 1676
1689 1693 1697 1701
1689 1685 1681 1677
1690 1694 1698 1702
1690 1686 1682 1678
1691 1695 1699 1703
1691 1687 1683 1679
1692 1696 1700 1704
1692 1688 1684 1680
1693 1697 1701 1705
1693 1689 1685 1681
1694 1698 1702 1706
1694 1690 1686 1682
1695 1699 1703 1707
1695 1691 1687 1683
1696 1700 1704 1708
1696 1692 1688 1684
1697 1701 1705 1709
1697 1693 1689 1685
1698 1702 1706 1710
1698 1694 1690 1686
1699 1703 1707 1711
1699 1695 1691 1687
1700 1704 1708 1712
1700 1696 1692 1688
1701 1705 1709 1713
1701 1697 1693 1689
1702 1706 1710 1714
1702 1698 1694 1690
1703 1707 1711 1715
1703 1699 1695 1691
1704 1708 1712 1716
1704 1700 1696 1692
1705 1709 1713 1717
1705 1701 1697 1693
1706 1710 1714 1718
1706 1702 1698 1694
1707 1711 1715 1719
1707 1703 1699 1695
1708 1712 1716 1720
1708 1704 1700 1696
1709 1713 1717 1721
1709 1705 1701 1697
1710 1714 1718 1722
1710 1706 1702 1698
1711 1715 1719 1723
1711 1707 1703 1699
1712 1716 1720 1724
1712 1708 1704 1700
1713 1717 1721 1725
1713 1709 1705 1701
1714 1718 1722 1726
1714 1710 1706 1702
1715 1719 1723 1727
1715 1711 1707 1703
1716 1720 1724 1728
1716 1712 1708 1704
1717 1721 1725 1729
1717 1713 1709 1705
1718 1722 1726 1730
1718 1714 1710 1706
1719 1723 1727 1731
1719 1715 1711 1707
1720 1724 1728 1732
1720 1716 1712 1708
1721 1725 1729 1733
1721 1717 1713 1709
1722 1726 1730 1734
1722 1718 1714 1710
1723 1727 1731 1735
1723 1719 1715 1711
1724 1728 1732 1736
1724 1720 1716 1712
1725 1729 1733 1737
1725 1721 1717 1713
1726 1730 1734 1738
1726 1722 1718 1714
1727 1731 1735 1739
1727 1723 1719 1715
1728 1732 1736 1740
1728 1724 1720 1716
1729 1733 1737 1741
1729 1725 1721 1717
1730 1734 1738 1742
1730 1726 1722 1718
1731 1735 1739 1743
1731 1727 1723 1719
1732 1736 1740 1744
1732 1728 1724 1720
1733 1737 1741 1745
1733 1729 1725 1721
1734 1738 1742 1746
1734 1730 1726 1722
1735 1739 1743 1747
1735 1731 1727 1723
1736 1740 1744 1748
1736 1732 1728 1724
1737 1741 1745 1749
1737 1733 1729 1725
1738 1742 1746 1750
1738 1734 1730 1726
1739 1743 1747 1751
1739 1735 1731 1727
1740 1744 1748 1752
1740 1736 1732 1728
1741 1745 1749 1753
1741 1737 1733 1729
1742 1746 1750 1754
1742 1738 1734 1730
1743 1747 1751 1755
1743 1739 1735 1731
1744 1748 1752 1756
1744 1740 1736 1732
1745 1749 1753 1757
1745 1741 1737 1733
1746 1750 1754 1758
1746 1742 1738 1734
1747 1751 1755 1759
1747 1743 1739 1735
1748 1752 1756 1760
1748 1744 1740 1736
1749 1753 1757 1761
1749 1745 1741 1737
1750 1754 1758 1762
1750 1746 1742 1738
1751 1755 1759 1763
1751 1747 1743 1739
1752 1756 1760 1764
1752 1748 1744 1740
1753 1757 1761 1765
1753 1749 1745 1741
1754 1758 1762 1766
1754 1750 1746 1742
1755 1759 1763 1767
1755 1751 1747 1743
1756 1760 1764 1768
1756 1752 1748 1744
1757 1761 1765 1769
1757 1753 1749 1745
1758 1762 1766 1770
1758 1754 1750 1746
1759 1763 1767 1771
1759 1755 1751 1747
1760 1764 1768 1772
1760 1756 1752 1748
1761 1765 1769 1773
1761 1757 1753 1749
1762 1766 1770 1774
1762 1758 1754 1750
1763 1767 1771 1775
1763 1759 1755 1751
1764 1768 1772 1776
1764 1760 1756 1752
1765 1769 1773 1777
1765 1761 1757 1753
1766 1770 1774 1778
1766 1762 1758 1754
1767 1771 1775 1779
1767 1763 1759 1755
1768 1772 1776 1780
1768 1764 1760 1756
1769 1773 1777 1781
1769 1765 1761 1757
1770 1774 1778 1782
1770 1766 1762 1758
1771 1775 1779 1783
1771 1767 1763 1759
1772 1776 1780 1784
1772 1768 1764 1760
1773 1777 1781 1785
1773 1769 1765 1761
1774 1778 1782 1786
1774 1770 1766 1762
1775 1779 1783 1787
1775 1771 1767 1763
1776 1780 1784 1788
1776 1772 1768 1764
1777 1781 1785 1789
1777 1773 1769 1765
1778 1782 1786 1790
1778 1774 1770 1766
1779 1783 1787 1791
1779 1775 1771 1767
1780 1784 1788 1792
1780 1776 1772 1768
1781 1785 1789 1793
1781 1777 1773 1769
1782 1786 1790 1794
1782 1778 1774 1770
1783 1787 1791 1795
1783 1779 1775 1771
1784 1788 1792 1796
1784 1780 1776 1772
1785 1789 1793 1797
1785 1781 1777 1773
1786 1790 1794 1798
1786 1782 1778 1774
1787 1791 1795 1799
1787 1783 1779 1775
1788 1792 1796 1800
1788 1784 1780 1776
1789 1793 1797 1801
1789 1785 1781 1777
1790 1794 1798 1802
1790 1786 1782 1778
1791 1795 1799 1803
1791 1787 1783 1779
1792 1796 1800 1804
1792 1788 1784 1780
1793 1797 1801 1805
1793 1789 1785 1781
1794 1798 1802 1806
1794 1790 1786 1782
1795 1799 1803 1807
1795 1791 1787 1783
1796 1800 1804 1808
1796 1792 1788 1784
1797 1801 1805 1809
1797 1793 1789 1785
1798 1802 1806 1810
1798 1794 1790 1786
1799 1803 1807 1811
1799 1795 1791 1787
1800 1804 1808 1812
1800 1796 1792 1788
1801 1805 1809 1813
1801 1797 1793 1789
1802 1806 1810 1814
1802 1798 1794 1790
1803 1807 1811 1815
1803 1799 1795 1791
1804 1808 1812 1816
1804 1800 1796 1792
1805 1809 1813 1817
1805 1801 1797 1793
1806 1810 1814 1818
1806 1802 1798 1794
1807 1811 1815 1819
1807 1803 1799 1795
1808 1812 1816 1820
1808 1804 1800 1796
1809 1813 1817 1821
1809 1805 1801 1797
1810 1814 1818 1822
1810 1806 1802 1798
1811 1815 1819 1823
1811 1807 1803 1799
1812 1816 1820 1824
1812 1808 1804 1800
1813 1817 1821 1825
1813 1809 1805 1801
1814 1818 1822 1826
1814 1810 1806 1802
1815 1819 1823 1827
1815 1811 1807 1803
1816 1820 1824 1828
1816 1812 1808 1804
1817 1821 1825 1829
1817 1813 1809 1805
1818 1822 1826 1830
1818 1814 1810 1806
1819 1823 1827 1831
1819 1815 1811 1807
1820 1824 1828 1832
1820 1816 1812 1808
1821 1825 1829 1833
1821 1817 1813 1809
1822 1826 1830 1834
1822 1818 1814 1810
1823 1827 1831 1835
1823 1819 1815 1811
1824 1828 1832 1836
1824 1820 1816 1812
1825 1829 1833 1837
1825 1821 1817 1813
1826 1830 1834 1838
1826 1822 1818 1814
1827 1831 1835 1839
1827 1823 1819 1815
1828 1832 1836 1840
1828 1824 1820 1816
1829 1833 1837 1841
1829 1825 1821 1817
1830 1834 1838 1842
1830 1826 1822 1818
1831 1835 1839 1843
1831 1827 1823 1819
1832 1836 1840 1844
1832 1828 1824 1820
1833 1837 1841 1845
1833 1829 1825 1821
1834 1838 1842 1846
1834 1830 1826 1822
1835 1839 1843 1847
1835 1831 1827 1823
1836 1840 1844 1848
1836 1832 1828 1824
1837 1841 1845 1849
1837 1833 1829 1825
1838 1842 1846 1850
1838 1834 1830 1826
1839 1843 1847 1851
1839 1835 1831 1827
1840 1844 1848 1852
1840 1836 1832 1828
1841 1845 1849 1853
1841 1837 1833 1829
1842 1846 1850 1854
1842 1838 1834 1830
1843 1847 1851 1855
1843 1839 1835 1831
1844 1848 1852 1856
1844 1840 1836 1832
1845 1849 1853 1857
1845 1841 1837 1833
1846 1850 1854 1858
1846 1842 1838 1834
1847 1851 1855 1859
1847 1843 1839 1835
1848 1852 1856 1860
1848 1844 1840 1836
1849 1853 1857 1861
1849 1845 1841 1837
1850 1854 1858 1862
1850 1846 1842 1838
1851 1855 1859 1863
1851 1847 1843 1839
1852 1856 1860 1864
1852 1848 1844 1840
1853 1857 1861 1865
1853 1849 1845 1841
1854 1858 1862 1866
1854 1850 1846 1842
1855 1859 1863 1867
1855 1851 1847 1843
1856 1860 1864 1868
1856 1852 1848 1844
1857 1861 1865 1869
1857 1853 1849 1845
1858 1862 1866 1870
1858 1854 1850 1846
1859 1863 1867 1871
1859 1855 1851 1847
1860 1864 1868 1872
1860 1856 1852 1848
1861 1865 1869 1873
1861 1857 1853 1849
1862 1866 1870 1874
1862 1858 1854 1850
1863 1867 1871 1875
1863 1859 1855 1851
1864 1868 1872 1876
1864 1860 1856 1852
1865 1869 1873 1877
1865 1861 1857 1853
1866 1870 1874 1878
1866 1862 1858 1854
1867 1871 1875 1879
1867 1863 1859 1855
1868 1872 1876 1880
1868 1864 1860 1856
1869 1873 1877 1881
1869 1865 1861 1857
1870 1874 1878 1882
1870 1866 1862 1858
1871 1875 1879 1883
1871 1867 1863 1859
1872 1876 1880 1884
1872 1868 1864 1860
1873 1877 1881 1885
1873 1869 1865 1861
1874 1878 1882 1886
1874 1870 1866 1862
1875 1879 1883 1887
1875 1871 1867 1863
1876 1880 1884 1888
1876 1872 1868 1864
1877 1881 1885 1889
1877 1873 1869 1865
1878 1882 1886 1890
1878 1874 1870 1866
1879 1883 1887 1891
1879 1875 1871 1867
1880 1884 1888 1892
1880 1876 1872 1868
1881 1885 1889 1893
1881 1877 1873 1869
1882 1886 1890 1894
1882 1878 1874 1870
1883 1887 1891 1895
1883 1879 1875 1871
1884 1888 1892 1896
1884 1880 1876 1872
1885 1889 1893 1897
1885 1881 1877 1873
1886 1890 1894 1898
1886 1882 1878 1874
1887 1891 1895 1899
1887 1883 1879 1875
1888 1892 1896 1900
1888 1884 1880 1876
1889 1893 1897 1901
1889 1885 1881 1877
1890 1894 1898 1902
1890 1886 1882 1878
1891 1895 1899 1903
1891 1887 1883 1879
1892 1896 1900 1904
1892 1888 1884 1880
1893 1897 1901 1905
1893 1889 1885 1881
1894 1898 1902 1906
1894 1890 1886 1882
1895 1899 1903 1907
1895 1891 1887 1883
1896 1900 1904 1908
1896 1892 1888 1884
1897 1901 1905 1909
1897 1893 1889 1885
1898 1902 1906 1910
1898 1894 1890 1886
1899 1903 1907 1911
1899 1895 1891 1887
1900 1904 1908 1912
1900 1896 1892 1888
1901 1905 1909 1913
1901 1897 1893 1889
1902 1906 1910 1914
1902 1898 1894 1890
1903 1907 1911 1915
1903 1899 1895 1891
1904 1908 1912 1916
1904 1900 1896 1892
1905 1909 1913 1917
1905 1901 1897 1893
1906 1910 1914 1918
1906 1902 1898 1894
1907 1911 1915 1919
1907 1903 1899 1895
1908 1912 1916 1920
1908 1904 1900 1896
1909 1913 1917 1921
1909 1905 1901 1897
1910 1914 1918 1922
1910 1906 1902 1898
1911 1915 1919 1923
1911 1907 1903 1899
1912 1916 1920 1925
1912 1908 1904 1900
1913 1917 1921 1926
1913 1909 1905 1901
1914 1918 1922 1927
1914 1910 1906 1902
1915 1919 1923 1924
1915 1911 1907 1903
1916 1920 1925 1929
1916 1912 1908 1904
1917 1921 1926 1930
1917 1913 1909 1905
1918 1922 1927 1931
1918 1914 1910 1906
1919 1923 1924 1928
1919 1915 1911 1907
1920 1925 1929 1933
1920 1916 1912 1908
1921 1926 1930 1934
1921 1917 1913 1909
1922 1927 1931 1935
1922 1918 1914 1910
1923 1924 1928 1932
1923 1919 1915 1911
1924 1928 1932 1936
1924 1923 1919 1915
1925 1929 1933 1937
1925 1920 1916 1912
1926 1930 1934 1938
1926 1921 1917 1913
1927 1931 1935 1939
1927 1922 1918 1914
1928 1932 1936 1940
1928 1924 1923 1919
1929 1933 1937 1941
1929 1925 1920 1916
1930 1934 1938 1942
1930 1926 1921 1917
1931 1935 1939 1943
1931 1927 1922 1918
1932 1936 1940 1944
1932 1928 1924 1923
1933 1937 1941 1946
1933 1929 1925 1920
1934 1938 1942 1947
1934 1930 1926 1921
1935 1939 1943 1948
1935 1931 1927 1922
1936 1940 1944 1949
1936 1932 1928 1924
1937 1941 1946 1945
1937 1933 1929 1925
1938 1942 1947 1951
1938 1934 1930 1926
1939 1943 1948 1952
1939 1935 1931 1927
1940 1944 1949 1953
1940 1936 1932 1928
1941 1946 1945 1950
1941 1937 1933 1929
1942 1947 1951 1955
1942 1938 1934 1930
1943 1948 1952 1956
1943 1939 1935 1931
1944 1949 1953 1957
1944 1940 1936 1932
1945 1950 1954 1958
1945 1946 1941 1937
1946 1945 1950 1954
1946 1941 1937 1933
1947 1951 1955 1959
1947 1942 1938 1934
1948 1952 1956 1960
1948 1943 1939 1935
1949 1953 1957 1961
1949 1944 1940 1936
1950 1954 1958 1962
1950 1945 1946 1941
1951 1955 1959 1963
1951 1947 1942 1938
1952 1956 1960 1964
1952 1948 1943 1939
1953 1957 1961 1965
1953 1949 1944 1940
1954 1958 1962 1966
1954 1950 1945 1946
1955 1959 1963 1967
1955 1951 1947 1942
1956 1960 1964 1968
1956 1952 1948 1943
1957 1961 1965 1969
1957 1953 1949 1944
1958 1962 1966 1970
1958 1954 1950 1945
1959 1963 1967 1971
1959 1955 1951 1947
1960 1964 1968 1972
1960 1956 1952 1948
1961 1965 1969 1973
1961 1957 1953 1949
1962 1966 1970 1974
1962 1958 1954 1950
1963 1967 1971 1975
1963 1959 1955 1951
1964 1968 1972 1976
1964 1960 1956 1952
1965 1969 1973 1977
1965 1961 1957 1953
1966 1970 1974 1978
1966 1962 1958 1954
1967 1971 1975 1979
1967 1963 1959 1955
1968 1972 1976 1980
1968 1964 1960 1956
1969 1973 1977 1981
1969 1965 1961 1957
1970 1974 1978 1982
1970 1966 1962 1958
1971 1975 1979 1983
1971 1967 1963 1959
1972 1976 1980 1984
1972 1968 1964 1960
1973 1977 1981 1985
1973 1969 1965 1961
1974 1978 1982 1986
1974 1970 1966 1962
1975 1979 1983 1987
1975 1971 1967 1963
1976 1980 1984 1988
1976 1972 1968 1964
1977 1981 1985 1989
1977 1973 1969 1965
1978 1982 1986 1990
1978 1974 1970 1966
1979 1983 1987 1991
1979 1975 1971 1967
1980 1984 1988 1992
1980 1976 1972 1968
1981 1985 1989 1993
1981 1977 1973 1969
1982 1986 1990 1994
1982 1978 1974 1970
1983 1987 1991 1995
1983 1979 1975 1971
1984 1988 1992 1996
1984 1980 1976 1972
1985 1989 1993 1997
1985 1981 1977 1973
1986 1990 1994 1998
1986 1982 1978 1974
1987 1991 1995 1999
1987 1983 1979 1975
1988 1992 1996 2000
1988 1984 1980 1976
1989 1993 1997 2001
1989 1985 1981 1977
1990 1994 1998 2002
1990 1986 1982 1978
1991 1995 1999 2003
1991 1987 1983 1979
1992 1996 2000 2004
1992 1988 1984 1980
1993 1997 2001 2005
1993 1989 1985 1981
1994 1998 2002 2007
1994 1990 1986 1982
1995 1999 2003 2008
1995 1991 1987 1983
1996 2000 2004 2009
1996 1992 1988 1984
1997 2001 2005 2006
1997 1993 1989 1985
1998 2002 2007 2011
1998 1994 1990 1986
1999 2003 2008 2012
1999 1995 1991 1987
2000 2004 2009 2013
2000 1996 1992 1988
2001 2005 2006 2010
2001 1997 1993 1989
2002 2007 2011 2016
2002 1998 1994 1990
2003 2008 2012 2017
2003 1999 1995 1991
2004 2009 2013 2018
2004 2000 1996 1992
2005 2006 2010 2014
2005 2001 1997 1993
2006 2010 2014 2019
2006 2005 2001 1997
2007 2011 2016 2015
2007 2002 1998 1994
2008 2012 2017 2021
2008 2003 1999 1995
2009 2013 2018 2022
2009 2004 2000 1996
2010 2014 2019 2023
2010 2006 2005 2001
2011 2016 2015 2020
2011 2007 2002 1998
2012 2017 2021 2025
2012 2008 2003 1999
2013 2018 2022 2026
2013 2009 2004 2000
2014 2019 2023 2027
2014 2010 2006 2005
2015 2020 2024 2029
2015 2016 2011 2007
2016 2015 2020 2024
2016 2011 2007 2002
2017 2021 2025 2030
2017 2012 2008 2003
2018 2022 2026 2031
2018 2013 2009 2004
2019 2023 2027 2028
2019 2014 2010 2006
2020 2024 2029 2034
2020 2015 2016 2011
2021 2025 2030 2035
2021 2017 2012 2008
2022 2026 2031 2036
2022 2018 2013 2009
2023 2027 2028 2032
2023 2027 2028 2042
2023 2019 2014 2010
2024 2029 2034 2033
2024 2020 2015 2016
2025 2030 2035 2040
2025 2021 2017 2012
2026 2031 2036 2041
2026 2022 2018 2013
2027 2028 2032 2037
2027 2028 2032 2042
2027 2023 2019 2014
2028 2032 2037 2042
2028 2032 2042 2043
2028 2027 2023 2019
2029 2034 2033 2039
2029 2034 2033 2038
2029 2024 2020 2015
2030 2035 2040 2046
2030 2025 2021 2017
2031 2036 2041 2047
2031 2026 2022 2018
2032 2037 2042 2043
2032 2028 2027 2023
2033 2039 2038 2045
2033 2034 2029 2024
2034 2033 2039 2038
2034 2029 2024 2020
2035 2040 2046 2048
2035 2030 2025 2021
2036 2041 2047 2049
2036 2031 2026 2022
2037 2042 2043 2044
2037 2032 2028 2027
2038 2045 2044 2043
2038 2039 2033 2034
2039 2038 2045 2044
2039 2033 2034 2029
2040 2046 2048 2050
2040 2035 2030 2025
2041 2047 2049 2051
2041 2036 2031 2026
2042 2043 2044 -1
2042 2037 2032 2028
2043 2044 2045 2038
2043 2042 2037 2032
2044 2043 2042 2037
2044 2043 2042 2028
2044 2043 2042 2027
2044 2045 2038 2039
2045 2044 2043 -1
2045 2038 2039 2033
2046 2048 2050 2052
2046 2040 2035 2030
2047 2049 2051 2053
2047 2041 2036 2031
2048 2050 2052 2054
2048 2046 2040 2035
2049 2051 2053 2055
2049 2047 2041 2036
2050 2052 2054 2056
2050 2048 2046 2040
2051 2053 2055 2057
2051 2049 2047 2041
2052 2054 2056 2058
2052 2050 2048 2046
2053 2055 2057 2059
2053 2051 2049 2047
2054 2056 2058 2060
2054 2052 2050 2048
2055 2057 2059 2061
2055 2053 2051 2049
2056 2058 2060 2062
2056 2054 2052 2050
2057 2059 2061 2063
2057 2055 2053 2051
2058 2060 2062 2064
2058 2056 2054 2052
2059 2061 2063 2065
2059 2057 2055 2053
2060 2062 2064 2066
2060 2058 2056 2054
2061 2063 2065 2067
2061 2059 2057 2055
2062 2064 2066 2068
2062 2060 2058 2056
2063 2065 2067 2069
2063 2061 2059 2057
2064 2066 2068 2070
2064 2062 2060 2058
2065 2067 2069 2071
2065 2063 2061 2059
2066 2068 2070 2072
2066 2064 2062 2060
2067 2069 2071 2073
2067 2065 2063 2061
2068 2070 2072 2074
2068 2066 2064 2062
2069 2071 2073 2075
2069 2067 2065 2063
2070 2072 2074 2076
2070 2068 2066 2064
2071 2073 2075 2077
2071 2069 2067 2065
2072 2074 2076 2078
2072 2070 2068 2066
2073 2075 2077 2079
2073 2071 2069 2067
2074 2076 2078 2080
2074 2072 2070 2068
2075 2077 2079 2081
2075 2073 2071 2069
2076 2078 2080 2082
2076 2074 2072 2070
2077 2079 2081 2083
2077 2075 2073 2071
2078 2080 2082 2084
2078 2076 2074 2072
2079 2081 2083 2085
2079 2077 2075 2073
2080 2082 2084 2086
2080 2078 2076 2074
2081 2083 2085 2087
2081 2079 2077 2075
2082 2084 2086 2088
2082 2080 2078 2076
2083 2085 2087 2089
2083 2081 2079 2077
2084 2086 2088 2091
2084 2082 2080 2078
2085 2087 2089 2090
2085 2083 2081 2079
2086 2088 2091 2093
2086 2084 2082 2080
2087 2089 2090 2092
2087 2085 2083 2081
2088 2091 2093 2095
2088 2086 2084 2082
2089 2090 2092 2094
2089 2087 2085 2083
2090 2092 2094 2096
2090 2089 2087 2085
2091 2093 2095 2097
2091 2088 2086 2084
2092 2094 2096 2098
2092 2090 2089 2087
2093 2095 2097 2099
2093 2091 2088 2086
2094 2096 2098 2100
2094 2092 2090 2089
2095 2097 2099 2101
2095 2093 2091 2088
2096 2098 2100 2102
2096 2094 2092 2090
2097 2099 2101 2103
2097 2095 2093 2091
2098 2100 2102 2104
2098 2096 2094 2092
2099 2101 2103 2105
2099 2097 2095 2093
2100 2102 2104 2106
2100 2098 2096 2094
2101 2103 2105 2107
2101 2099 2097 2095
2102 2104 2106 2108
2102 2100 2098 2096
2103 2105 2107 2109
2103 2101 2099 2097
2104 2106 2108 2110
2104 2102 2100 2098
2105 2107 2109 2111
2105 2103 2101 2099
2106 2108 2110 2112
2106 2104 2102 2100
2107 2109 2111 2113
2107 2105 2103 2101
2108 2110 2112 2114
2108 2106 2104 2102
2109 2111 2113 2115
2109 2107 2105 2103
2110 2112 2114 2116
2110 2108 2106 2104
2111 2113 2115 2117
2111 2109 2107 2105
2112 2114 2116 2118
2112 2110 2108 2106
2113 2115 2117 2119
2113 2111 2109 2107
2114 2116 2118 2120
2114 2112 2110 2108
2115 2117 2119 2121
2115 2113 2111 2109
2116 2118 2120 2122
2116 2114 2112 2110
2117 2119 2121 2123
2117 2115 2113 2111
2118 2120 2122 2124
2118 2116 2114 2112
2119 2121 2123 2125
2119 2117 2115 2113
2120 2122 2124 2126
2120 2118 2116 2114
2121 2123 2125 2127
2121 2119 2117 2115
2122 2124 2126 2128
2122 2120 2118 2116
2123 2125 2127 2130
2123 2121 2119 2117
2124 2126 2128 2129
2124 2122 2120 2118
2125 2127 2130 2132
2125 2123 2121 2119
2126 2128 2129 2131
2126 2124 2122 2120
2127 2130 2132 2134
2127 2125 2123 2121
2128 2129 2131 2133
2128 2126 2124 2122
2129 2131 2133 2135
2129 2128 2126 2124
2130 2132 2134 2136
2130 2127 2125 2123
2131 2133 2135 2137
2131 2129 2128 2126
2132 2134 2136 2138
2132 2130 2127 2125
2133 2135 2137 2139
2133 2131 2129 2128
2134 2136 2138 2140
2134 2132 2130 2127
2135 2137 2139 2141
2135 2133 2131 2129
2136 2138 2140 2142
2136 2134 2132 2130
2137 2139 2141 2143
2137 2135 2133 2131
2138 2140 2142 2144
2138 2136 2134 2132
2139 2141 2143 2145
2139 2137 2135 2133
2140 2142 2144 2146
2140 2138 2136 2134
2141 2143 2145 2147
2141 2139 2137 2135
2142 2144 2146 2148
2142 2140 2138 2136
2143 2145 2147 2149
2143 2141 2139 2137
2144 2146 2148 2150
2144 2142 2140 2138
2145 2147 2149 2151
2145 2143 2141 2139
2146 2148 2150 2152
2146 2144 2142 2140
2147 2149 2151 2153
2147 2145 2143 2141
2148 2150 2152 2154
2148 2146 2144 2142
2149 2151 2153 2155
2149 2147 2145 2143
2150 2152 2154 2156
2150 2148 2146 2144
2151 2153 2155 2157
2151 2149 2147 2145
2152 2154 2156 2158
2152 2150 2148 2146
2153 2155 2157 2159
2153 2151 2149 2147
2154 2156 2158 2160
2154 2152 2150 2148
2155 2157 2159 2161
2155 2153 2151 2149
2156 2158 2160 2162
2156 2154 2152 2150
2157 2159 2161 2163
2157 2155 2153 2151
2158 2160 2162 2164
2158 2156 2154 2152
2159 2161 2163 2165
2159 2157 2155 2153
2160 2162 2164 2166
2160 2158 2156 2154
2161 2163 2165 2167
2161 2159 2157 2155
2162 2164 2166 2168
2162 2160 2158 2156
2163 2165 2167 2169
2163 2161 2159 2157
2164 2166 2168 2170
2164 2162 2160 2158
2165 2167 2169 2171
2165 2163 2161 2159
2166 2168 2170 2172
2166 2164 2162 2160
2167 2169 2171 2173
2167 2165 2163 2161
2168 2170 2172 2174
2168 2166 2164 2162
2169 2171 2173 2175
2169 2167 2165 2163
2170 2172 2174 2176
2170 2168 2166 2164
2171 2173 2175 2177
2171 2169 2167 2165
2172 2174 2176 2178
2172 2170 2168 2166
2173 2175 2177 2179
2173 2171 2169 2167
2174 2176 2178 2180
2174 2172 2170 2168
2175 2177 2179 2181
2175 2173 2171 2169
2176 2178 2180 2182
2176 2174 2172 2170
2177 2179 2181 2183
2177 2175 2173 2171
2178 2180 2182 2184
2178 2176 2174 2172
2179 2181 2183 2185
2179 2177 2175 2173
2180 2182 2184 2187
2180 2178 2176 2174
2181 2183 2185 2186
2181 2179 2177 2175
2182 2184 2187 2189
2182 2180 2178 2176
2183 2185 2186 2188
2183 2181 2179 2177
2184 2187 2189 2191
2184 2182 2180 2178
2185 2186 2188 2190
2185 2183 2181 2179
2186 2188 2190 2192
2186 2185 2183 2181
2187 2189 2191 2193
2187 2184 2182 2180
2188 2190 2192 2194
2188 2186 2185 2183
2189 2191 2193 2195
2189 2187 2184 2182
2190 2192 2194 2196
2190 2188 2186 2185
2191 2193 2195 2197
2191 2189 2187 2184
2192 2194 2196 2198
2192 2190 2188 2186
2193 2195 2197 2199
2193 2191 2189 2187
2194 2196 2198 2200
2194 2192 2190 2188
2195 2197 2199 2201
2195 2193 2191 2189
2196 2198 2200 2202
2196 2194 2192 2190
2197 2199 2201 2203
2197 2195 2193 2191
2198 2200 2202 2204
2198 2196 2194 2192
2199 2201 2203 2205
2199 2197 2195 2193
2200 2202 2204 2206
2200 2198 2196 2194
2201 2203 2205 2207
2201 2199 2197 2195
2202 2204 2206 2208
2202 2200 2198 2196
2203 2205 2207 2209
2203 2201 2199 2197
2204 2206 2208 2210
2204 2202 2200 2198
2205 2207 2209 2211
2205 2203 2201 2199
2206 2208 2210 2212
2206 2204 2202 2200
2207 2209 2211 2213
2207 2205 2203 2201
2208 2210 2212 2214
2208 2206 2204 2202
2209 2211 2213 2216
2209 2207 2205 2203
2210 2212 2214 2215
2210 2208 2206 2204
2211 2213 2216 2218
2211 2209 2207 2205
2212 2214 2215 2217
2212 2210 2208 2206
2213 2216 2218 2220
2213 2211 2209 2207
2214 2215 2217 2219
2214 2212 2210 2208
2215 2217 2219 2221
2215 2214 2212 2210
2216 2218 2220 2223
2216 2213 2211 2209
2217 2219 2221 2222
2217 2215 2214 2212
2218 2220 2223 2225
2218 2216 2213 2211
2219 2221 2222 2224
2219 2217 2215 2214
2220 2223 2225 2227
2220 2218 2216 2213
2221 2222 2224 2226
2221 2219 2217 2215
2222 2224 2226 2228
2222 2221 2219 2217
2223 2225 2227 2230
2223 2220 2218 2216
2224 2226 2228 2229
2224 2222 2221 2219
2225 2227 2230 2232
2225 2223 2220 2218
2226 2228 2229 2231
2226 2224 2222 2221
2227 2230 2232 2234
2227 2225 2223 2220
2228 2229 2231 2233
2228 2226 2224 2222
2229 2231 2233 2235
2229 2228 2226 2224
2230 2232 2234 2237
2230 2227 2225 2223
2231 2233 2235 2236
2231 2229 2228 2226
2232 2234 2237 2239
2232 2230 2227 2225
2233 2235 2236 2238
2233 2231 2229 2228
2234 2237 2239 2241
2234 2232 2230 2227
2235 2236 2238 2240
2235 2233 2231 2229
2236 2238 2240 2242
2236 2235 2233 2231
2237 2239 2241 2243
2237 2234 2232 2230
2238 2240 2242 2244
2238 2236 2235 2233
2239 2241 2243 2245
2239 2237 2234 2232
2240 2242 2244 2246
2240 2238 2236 2235
2241 2243 2245 2248
2241 2239 2237 2234
2242 2244 2246 2247
2242 2240 2238 2236
2243 2245 2248 2250
2243 2241 2239 2237
2244 2246 2247 2249
2244 2242 2240 2238
2245 2248 2250 2253
2245 2243 2241 2239
2246 2247 2249 2251
2246 2244 2242 2240
2247 2249 2251 2252
2247 2246 2244 2242
2248 2250 2253 2255
2248 2245 2243 2241
2249 2251 2252 2254
2249 2247 2246 2244
2250 2253 2255 2257
2250 2248 2245 2243
2251 2252 2254 2256
2251 2249 2247 2246
2252 2254 2256 2258
2252 2251 2249 2247
2253 2255 2257 2259
2253 2250 2248 2245
2254 2256 2258 2260
2254 2252 2251 2249
2255 2257 2259 2261
2255 2253 2250 2248
2256 2258 2260 2262
2256 2254 2252 2251
2257 2259 2261 2263
2257 2255 2253 2250
2258 2260 2262 2264
2258 2256 2254 2252
2259 2261 2263 2265
2259 2257 2255 2253
2260 2262 2264 2266
2260 2258 2256 2254
2261 2263 2265 2267
2261 2259 2257 2255
2262 2264 2266 2268
2262 2260 2258 2256
2263 2265 2267 2270
2263 2261 2259 2257
2264 2266 2268 2269
2264 2262 2260 2258
2265 2267 2270 2272
2265 2263 2261 2259
2266 2268 2269 2271
2266 2264 2262 2260
2267 2270 2272 2276
2267 2265 2263 2261
2268 2269 2271 2273
2268 2266 2264 2262
2269 2271 2273 2274
2269 2268 2266 2264
2270 2272 2276 2275
2270 2267 2265 2263
2271 2273 2274 2277
2271 2269 2268 2266
2272 2276 2275 2279
2272 2270 2267 2265
2273 2274 2277 2278
2273 2271 2269 2268
2274 2277 2278 2280
2274 2273 2271 2269
2275 2279 2282 2281
2275 2276 2272 2270
2276 2275 2279 2282
2276 2272 2270 2267
2277 2278 2280 2283
2277 2274 2273 2271
2278 2280 2283 2284
2278 2277 2274 2273
2279 2282 2281 2287
2279 2275 2276 2272
2280 2283 2284 2288
2280 2278 2277 2274
2281 2287 2286 2285
2281 2282 2279 2275
2282 2281 2287 2286
2282 2279 2275 2276
2283 2284 2288 2289
2283 2280 2278 2277
2284 2288 2289 2292
2284 2283 2280 2278
2285 2291 2290 2295
2285 2286 2287 2281
2286 2285 2291 2290
2286 2287 2281 2282
2287 2286 2285 2291
2287 2281 2282 2279
2288 2289 2292 2293
2288 2284 2283 2280
2289 2292 2293 2296
2289 2288 2284 2283
2290 2295 2294 2299
2290 2291 2285 2286
2291 2290 2295 2294
2291 2285 2286 2287
2292 2293 2296 2297
2292 2289 2288 2284
2293 2296 2297 2300
2293 2292 2289 2288
2294 2299 2298 2303
2294 2295 2290 2291
2295 2294 2299 2298
2295 2290 2291 2285
2296 2297 2300 2301
2296 2293 2292 2289
2297 2300 2301 2304
2297 2296 2293 2292
2298 2303 2302 2306
2298 2299 2294 2295
2299 2298 2303 2302
2299 2294 2295 2290
2300 2301 2304 2307
2300 2297 2296 2293
2301 2304 2307 2310
2301 2300 2297 2296
2302 2306 2305 2309
2302 2303 2298 2299
2303 2302 2306 2305
2303 2298 2299 2294
2304 2307 2310 2311
2304 2301 2300 2297
2305 2309 2308 2313
2305 2306 2302 2303
2306 2305 2309 2308
2306 2302 2303 2298
2307 2310 2311 2314
2307 2304 2301 2300
2308 2313 2312 2317
2308 2309 2305 2306
2309 2308 2313 2312
2309 2305 2306 2302
2310 2311 2314 2315
2310 2307 2304 2301
2311 2314 2315 2318
2311 2310 2307 2304
2312 2317 2316 2321
2312 2313 2308 2309
2313 2312 2317 2316
2313 2308 2309 2305
2314 2315 2318 2319
2314 2311 2310 2307
2315 2318 2319 2322
2315 2314 2311 2310
2316 2321 2320 2326
2316 2317 2312 2313
2317 2316 2321 2320
2317 2312 2313 2308
2318 2319 2322 2323
2318 2315 2314 2311
2319 2322 2323 2327
2319 2318 2315 2314
2320 2326 2325 2324
2320 2321 2316 2317
2321 2320 2326 2325
2321 2316 2317 2312
2322 2323 2327 2328
2322 2319 2318 2315
2323 2327 2328 2331
2323 2322 2319 2318
2324 2330 2329 2334
2324 2325 2326 2320
2325 2324 2330 2329
2325 2326 2320 2321
2326 2325 2324 2330
2326 2320 2321 2316
2327 2328 2331 2332
2327 2323 2322 2319
2328 2331 2332 2335
2328 2327 2323 2322
2329 2334 2333 2339
2329 2330 2324 2325
2330 2329 2334 2333
2330 2324 2325 2326
2331 2332 2335 2336
2331 2328 2327 2323
2332 2335 2336 2340
2332 2331 2328 2327
2333 2339 2338 2337
2333 2334 2329 2330
2334 2333 2339 2338
2334 2329 2330 2324
2335 2336 2340 2341
2335 2332 2331 2328
2336 2340 2341 2344
2336 2335 2332 2331
2337 2343 2342 2348
2337 2338 2339 2333
2338 2337 2343 2342
2338 2339 2333 2334
2339 2338 2337 2343
2339 2333 2334 2329
2340 2341 2344 2345
2340 2336 2335 2332
2341 2344 2345 2346
2341 2340 2336 2335
2342 2348 2347 2352
2342 2343 2337 2338
2343 2342 2348 2347
2343 2337 2338 2339
2344 2345 2346 2349
2344 2341 2340 2336
2345 2346 2349 2350
2345 2344 2341 2340
2346 2349 2350 2353
2346 2345 2344 2341
2347 2352 2351 2356
2347 2348 2342 2343
2348 2347 2352 2351
2348 2342 2343 2337
2349 2350 2353 2354
2349 2346 2345 2344
2350 2353 2354 2357
2350 2349 2346 2345
2351 2356 2355 2361
2351 2352 2347 2348
2352 2351 2356 2355
2352 2347 2348 2342
2353 2354 2357 2358
2353 2350 2349 2346
2354 2357 2358 2359
2354 2353 2350 2349
2355 2361 2360 2366
2355 2356 2351 2352
2356 2355 2361 2360
2356 2351 2352 2347
2357 2358 2359 2362
2357 2354 2353 2350
2358 2359 2362 2363
2358 2357 2354 2353
2359 2362 2363 2364
2359 2358 2357 2354
2360 2366 2365 2372
2360 2361 2355 2356
2361 2360 2366 2365
2361 2355 2356 2351
2362 2363 2364 2367
2362 2359 2358 2357
2363 2364 2367 2368
2363 2362 2359 2358
2364 2367 2368 2369
2364 2363 2362 2359
2365 2372 2371 2422
2365 2366 2360 2361
2366 2365 2372 2371
2366 2360 2361 2355
2367 2368 2369 2370
2367 2364 2363 2362
2368 2369 2370 2373
2368 2367 2364 2363
2369 2370 2373 2374
2369 2368 2367 2364
2370 2373 2374 2375
2370 2369 2368 2367
2371 2422 2421 2470
2371 2372 2365 2366
2372 2371 2422 2421
2372 2365 2366 2360
2373 2374 2375 2376
2373 2370 2369 2368
2374 2375 2376 2377
2374 2373 2370 2369
2375 2376 2377 2378
2375 2374 2373 2370
2376 2377 2378 2379
2376 2375 2374 2373
2377 2378 2379 2380
2377 2376 2375 2374
2378 2379 2380 2381
2378 2377 2376 2375
2379 2380 2381 2382
2379 2378 2377 2376
2380 2381 2382 2383
2380 2379 2378 2377
2381 2382 2383 2384
2381 2380 2379 2378
2382 2383 2384 2385
2382 2381 2380 2379
2383 2384 2385 2386
2383 2382 2381 2380
2384 2385 2386 2387
2384 2383 2382 2381
2385 2386 2387 2388
2385 2384 2383 2382
2386 2387 2388 2389
2386 2385 2384 2383
2387 2388 2389 2390
2387 2386 2385 2384
2388 2389 2390 2391
2388 2387 2386 2385
2389 2390 2391 2392
2389 2388 2387 2386
2390 2391 2392 2393
2390 2389 2388 2387
2391 2392 2393 2394
2391 2390 2389 2388
2392 2393 2394 2395
2392 2391 2390 2389
2393 2394 2395 2396
2393 2392 2391 2390
2394 2395 2396 2397
2394 2393 2392 2391
2395 2396 2397 2398
2395 2394 2393 2392
2396 2397 2398 2399
2396 2395 2394 2393
2397 2398 2399 2400
2397 2396 2395 2394
2398 2399 2400 2401
2398 2397 2396 2395
2399 2400 2401 2402
2399 2398 2397 2396
2400 2401 2402 2403
2400 2399 2398 2397
2401 2402 2403 2404
2401 2400 2399 2398
2402 2403 2404 2405
2402 2401 2400 2399
2403 2404 2405 2406
2403 2402 2401 2400
2404 2405 2406 2407
2404 2403 2402 2401
2405 2406 2407 2408
2405 2404 2403 2402
2406 2407 2408 2409
2406 2405 2404 2403
2407 2408 2409 2410
2407 2406 2405 2404
2408 2409 2410 2411
2408 2407 2406 2405
2409 2410 2411 2412
2409 2408 2407 2406
2410 2411 2412 2413
2410 2409 2408 2407
2411 2412 2413 2414
2411 2410 2409 2408
2412 2413 2414 2415
2412 2411 2410 2409
2413 2414 2415 2416
2413 2412 2411 2410
2414 2415 2416 2417
2414 2413 2412 2411
2415 2416 2417 2418
2415 2414 2413 2412
2416 2417 2418 2419
2416 2415 2414 2413
2417 2418 2419 2420
2417 2416 2415 2414
2418 2419 2420 2423
2418 2417 2416 2415
2419 2420 2423 2424
2419 2418 2417 2416
2420 2423 2424 2425
2420 2419 2418 2417
2421 2470 2469 2468
2421 2422 2371 2372
2422 2421 2470 2469
2422 2371 2372 2365
2423 2424 2425 2426
2423 2420 2419 2418
2424 2425 2426 2427
2424 2423 2420 2419
2425 2426 2427 2428
2425 2424 2423 2420
2426 2427 2428 2429
2426 2425 2424 2423
2427 2428 2429 2430
2427 2426 2425 2424
2428 2429 2430 2431
2428 2427 2426 2425
2429 2430 2431 2432
2429 2428 2427 2426
2430 2431 2432 2433
2430 2429 2428 2427
2431 2432 2433 2434
2431 2430 2429 2428
2432 2433 2434 2435
2432 2431 2430 2429
2433 2434 2435 2436
2433 2432 2431 2430
2434 2435 2436 2437
2434 2433 2432 2431
2435 2436 2437 2438
2435 2434 2433 2432
2436 2437 2438 2439
2436 2435 2434 2433
2437 2438 2439 2440
2437 2436 2435 2434
2438 2439 2440 2441
2438 2437 2436 2435
2439 2440 2441 2442
2439 2438 2437 2436
2440 2441 2442 2443
2440 2439 2438 2437
2441 2442 2443 2444
2441 2440 2439 2438
2442 2443 2444 2445
2442 2441 2440 2439
2443 2444 2445 2446
2443 2442 2441 2440
2444 2445 2446 2447
2444 2443 2442 2441
2445 2446 2447 2448
2445 2444 2443 2442
2446 2447 2448 2449
2446 2445 2444 2443
2447 2448 2449 2450
2447 2446 2445 2444
2448 2449 2450 2451
2448 2447 2446 2445
2449 2450 2451 2452
2449 2448 2447 2446
2450 2451 2452 2453
2450 2449 2448 2447
2451 2452 2453 2454
2451 2450 2449 2448
2452 2453 2454 2455
2452 2451 2450 2449
2453 2454 2455 2456
2453 2452 2451 2450
2454 2455 2456 2457
2454 2453 2452 2451
2455 2456 2457 2458
2455 2454 2453 2452
2456 2457 2458 2459
2456 2455 2454 2453
2457 2458 2459 2460
2457 2456 2455 2454
2458 2459 2460 2461
2458 2457 2456 2455
2459 2460 2461 2462
2459 2458 2457 2456
2460 2461 2462 2463
2460 2459 2458 2457
2461 2462 2463 2464
2461 2460 2459 2458
2462 2463 2464 2465
2462 2461 2460 2459
2463 2464 2465 2466
2463 2462 2461 2460
2464 2465 2466 2467
2464 2463 2462 2461
2465 2466 2467 2471
2465 2464 2463 2462
2466 2467 2471 2472
2466 2465 2464 2463
2467 2471 2472 2473
2467 2466 2465 2464
2468 2516 2515 2514
2468 2469 2470 2421
2469 2468 2516 2515
2469 2470 2421 2422
2470 2469 2468 2516
2470 2421 2422 2371
2471 2472 2473 2474
2471 2467 2466 2465
2472 2473 2474 2475
2472 2471 2467 2466
2473 2474 2475 2476
2473 2472 2471 2467
2474 2475 2476 2477
2474 2473 2472 2471
2475 2476 2477 2478
2475 2474 2473 2472
2476 2477 2478 2479
2476 2475 2474 2473
2477 2478 2479 2480
2477 2476 2475 2474
2478 2479 2480 2481
2478 2477 2476 2475
2479 2480 2481 2482
2479 2478 2477 2476
2480 2481 2482 2483
2480 2479 2478 2477
2481 2482 2483 2484
2481 2480 2479 2478
2482 2483 2484 2485
2482 2481 2480 2479
2483 2484 2485 2486
2483 2482 2481 2480
2484 2485 2486 2487
2484 2483 2482 2481
2485 2486 2487 2488
2485 2484 2483 2482
2486 2487 2488 2489
2486 2485 2484 2483
2487 2488 2489 2490
2487 2486 2485 2484
2488 2489 2490 2491
2488 2487 2486 2485
2489 2490 2491 2492
2489 2488 2487 2486
2490 2491 2492 2493
2490 2489 2488 2487
2491 2492 2493 2494
2491 2490 2489 2488
2492 2493 2494 2495
2492 2491 2490 2489
2493 2494 2495 2496
2493 2492 2491 2490
2494 2495 2496 2497
2494 2493 2492 2491
2495 2496 2497 2498
2495 2494 2493 2492
2496 2497 2498 2499
2496 2495 2494 2493
2497 2498 2499 2500
2497 2496 2495 2494
2498 2499 2500 2501
2498 2497 2496 2495
2499 2500 2501 2502
2499 2498 2497 2496
2500 2501 2502 2503
2500 2499 2498 2497
2501 2502 2503 2504
2501 2500 2499 2498
2502 2503 2504 2505
2502 2501 2500 2499
2503 2504 2505 2506
2503 2502 2501 2500
2504 2505 2506 2507
2504 2503 2502 2501
2505 2506 2507 2508
2505 2504 2503 2502
2506 2507 2508 2509
2506 2505 2504 2503
2507 2508 2509 2510
2507 2506 2505 2504
2508 2509 2510 2511
2508 2507 2506 2505
2509 2510 2511 2512
2509 2508 2507 2506
2510 2511 2512 2513
2510 2509 2508 2507
2511 2512 2513 2514
2511 2510 2509 2508
2512 2511 2510 2509
2512 2513 2514 2515
2513 2512 2511 2510
2513 2514 2515 2516
2514 2513 2512 2511
2514 2515 2516 2468
2515 2514 2513 2512
2515 2516 2468 2469
2516 2515 2514 2513
2516 2468 2469 2470
