0 9 8 7
0 1 2 3
1 0 9 8
1 2 3 4
2 3 4 5
2 1 0 9
3 4 5 6
3 2 1 0
4 5 6 10
4 3 2 1
5 6 10 11
5 4 3 2
6 10 11 12
6 5 4 3
7 30 29 44
7 8 9 0
8 7 30 29
8 9 0 1
9 8 7 30
9 0 1 2
10 11 12 13
10 6 5 4
11 12 13 14
11 10 6 5
12 13 14 15
12 11 10 6
13 14 15 16
13 12 11 10
14 15 16 17
14 13 12 11
15 16 17 18
15 14 13 12
16 17 18 19
16 15 14 13
17 18 19 20
17 16 15 14
18 19 20 21
18 17 16 15
19 20 21 22
19 18 17 16
20 21 22 23
20 19 18 17
21 22 23 24
21 20 19 18
22 23 24 25
22 21 20 19
23 24 25 26
23 22 21 20
24 25 26 27
24 23 22 21
25 26 27 28
25 24 23 22
26 27 28 31
26 25 24 23
27 28 31 32
27 26 25 24
28 31 32 33
28 27 26 25
29 44 43 62
29 30 7 8
30 29 44 43
30 7 8 9
31 32 33 34
31 28 27 26
32 33 34 35
32 31 28 27
33 34 35 36
33 32 31 28
34 35 36 37
34 33 32 31
35 36 37 38
35 34 33 32
36 37 38 39
36 35 34 33
37 38 39 40
37 36 35 34
38 39 40 41
38 37 36 35
39 40 41 42
39 38 37 36
40 41 42 45
40 39 38 37
41 42 45 46
41 40 39 38
42 45 46 47
42 41 40 39
43 62 61 76
43 44 29 30
44 43 62 61
44 29 30 7
45 46 47 48
45 42 41 40
46 47 48 49
46 45 42 41
47 48 49 50
47 46 45 42
48 49 50 51
48 47 46 45
49 50 51 52
49 48 47 46
50 51 52 53
50 49 48 47
51 52 53 54
51 50 49 48
52 53 54 55
52 51 50 49
53 54 55 56
53 52 51 50
54 55 56 57
54 53 52 51
55 56 57 58
55 54 53 52
56 57 58 59
56 55 54 53
57 58 59 60
57 56 55 54
58 59 60 63
58 57 56 55
59 60 63 64
59 58 57 56
60 63 64 65
60 59 58 57
61 76 75 95
61 62 43 44
62 61 76 75
62 43 44 29
63 64 65 66
63 60 59 58
64 65 66 67
64 63 60 59
65 66 67 68
65 64 63 60
66 67 68 69
66 65 64 63
67 68 69 70
67 66 65 64
68 69 70 71
68 67 66 65
69 70 71 72
69 68 67 66
70 71 72 73
70 69 68 67
71 72 73 74
71 70 69 68
72 73 74 77
72 71 70 69
73 74 77 78
73 72 71 70
74 77 78 79
74 73 72 71
75 95 94 109
75 76 61 62
76 75 95 94
76 61 62 43
77 78 79 80
77 74 73 72
78 79 80 81
78 77 74 73
79 80 81 82
79 78 77 74
80 81 82 83
80 79 78 77
81 82 83 84
81 80 79 78
82 83 84 85
82 81 80 79
83 84 85 86
83 82 81 80
84 85 86 87
84 83 82 81
85 86 87 88
85 84 83 82
86 87 88 89
86 85 84 83
87 88 89 90
87 86 85 84
88 89 90 91
88 87 86 85
89 90 91 92
89 88 87 86
90 91 92 93
90 89 88 87
91 92 93 96
91 90 89 88
92 93 96 97
92 91 90 89
93 96 97 98
93 92 91 90
94 109 108 128
94 95 75 76
95 94 109 108
95 75 76 61
96 97 98 99
96 93 92 91
97 98 99 100
97 96 93 92
98 99 100 101
98 97 96 93
99 100 101 102
99 98 97 96
100 101 102 103
100 99 98 97
101 102 103 104
101 100 99 98
102 103 104 105
102 101 100 99
103 104 105 106
103 102 101 100
104 105 106 107
104 103 102 101
105 106 107 110
105 104 103 102
106 107 110 111
106 105 104 103
107 110 111 112
107 106 105 104
108 128 127 146
108 109 94 95
109 108 128 127
109 94 95 75
110 111 112 113
110 107 106 105
111 112 113 114
111 110 107 106
112 113 114 115
112 111 110 107
113 114 115 116
113 112 111 110
114 115 116 117
114 113 112 111
115 116 117 118
115 114 113 112
116 117 118 119
116 115 114 113
117 118 119 120
117 116 115 114
118 119 120 121
118 117 116 115
119 120 121 122
119 118 117 116
120 121 122 123
120 119 118 117
121 122 123 124
121 120 119 118
122 123 124 125
122 121 120 119
123 124 125 126
123 122 121 120
124 125 126 133
124 123 122 121
125 126 133 134
125 124 123 122
126 133 134 135
126 125 124 123
127 146 145 165
127 128 108 109
128 127 146 145
128 108 109 94
129 130 131 132
130 131 132 147
131 132 147 148
131 130 129 -1
132 147 148 149
132 131 130 129
133 134 135 136
133 126 125 124
134 135 136 137
134 133 126 125
135 136 137 138
135 134 133 126
136 137 138 139
136 135 134 133
137 138 139 140
137 136 135 134
138 139 140 141
138 137 136 135
139 140 141 142
139 138 137 136
140 141 142 143
140 139 138 137
141 142 143 144
141 140 139 138
142 143 144 153
142 141 140 139
143 144 153 154
143 142 141 140
144 153 154 155
144 143 142 141
145 165 164 173
145 146 127 128
146 145 165 164
146 127 128 108
147 148 149 150
147 132 131 130
148 149 150 151
148 147 132 131
149 150 151 152
149 148 147 132
150 151 152 -1
150 149 148 147
151 150 149 148
152 151 150 149
153 154 155 156
153 144 143 142
154 155 156 157
154 153 144 143
155 156 157 158
155 154 153 144
156 157 158 159
156 155 154 153
157 158 159 160
157 156 155 154
158 159 160 161
158 157 156 155
159 160 161 162
159 158 157 156
160 161 162 163
160 159 158 157
161 162 163 166
161 160 159 158
162 163 166 167
162 161 160 159
163 166 167 168
163 162 161 160
164 173 172 184
164 165 145 146
165 164 173 172
165 145 146 127
166 167 168 169
166 163 162 161
167 168 169 170
167 166 163 162
168 169 170 171
168 167 166 163
169 170 171 176
169 168 167 166
170 171 176 177
170 169 168 167
171 176 177 178
171 170 169 168
172 184 183 191
172 173 164 165
173 172 184 183
173 164 165 145
176 177 178 179
176 171 170 169
177 178 179 180
177 176 171 170
178 179 180 181
178 177 176 171
179 180 181 182
179 178 177 176
180 181 182 185
180 179 178 177
181 182 185 186
181 180 179 178
182 185 186 187
182 181 180 179
183 191 190 199
183 184 172 173
184 183 191 190
184 172 173 164
185 186 187 188
185 182 181 180
186 187 188 189
186 185 182 181
187 188 189 192
187 186 185 182
188 189 192 193
188 187 186 185
189 192 193 194
189 188 187 186
190 199 198 205
190 191 183 184
191 190 199 198
191 183 184 172
192 193 194 195
192 189 188 187
193 194 195 196
193 192 189 188
194 195 196 197
194 193 192 189
195 196 197 200
195 194 193 192
196 197 200 201
196 195 194 193
197 200 201 202
197 196 195 194
198 205 214 213
198 199 190 191
199 198 205 214
199 190 191 183
200 201 202 203
200 197 196 195
201 202 203 204
201 200 197 196
202 203 204 206
202 201 200 197
203 204 206 207
203 202 201 200
204 206 207 208
204 203 202 201
205 214 213 222
205 198 199 190
206 207 208 209
206 204 203 202
207 208 209 210
207 206 204 203
208 209 210 211
208 207 206 204
209 210 211 212
209 208 207 206
210 211 212 215
210 209 208 207
211 212 215 216
211 210 209 208
212 215 216 217
212 211 210 209
213 222 221 230
213 214 205 198
214 213 222 221
214 205 198 199
215 216 217 218
215 212 211 210
216 217 218 219
216 215 212 211
217 218 219 220
217 216 215 212
218 219 220 223
218 217 216 215
219 220 223 224
219 218 217 216
220 223 224 225
220 219 218 217
221 230 229 237
221 222 213 214
222 221 230 229
222 213 214 205
223 224 225 226
223 220 219 218
224 225 226 227
224 223 220 219
225 226 227 228
225 224 223 220
226 227 228 231
226 225 224 223
227 228 231 232
227 226 225 224
228 231 232 233
228 227 226 225
229 237 236 246
229 230 221 222
230 229 237 236
230 221 222 213
231 232 233 234
231 228 227 226
232 233 234 235
232 231 228 227
233 234 235 238
233 232 231 228
234 235 238 239
234 233 232 231
235 238 239 240
235 234 233 232
236 246 245 254
236 237 229 230
237 236 246 245
237 229 230 221
238 239 240 241
238 235 234 233
239 240 241 242
239 238 235 234
240 241 242 243
240 239 238 235
241 242 243 244
241 240 239 238
242 243 244 247
242 241 240 239
243 244 247 248
243 242 241 240
244 247 248 249
244 243 242 241
245 254 253 262
245 246 236 237
246 245 254 253
246 236 237 229
247 248 249 250
247 244 243 242
248 249 250 251
248 247 244 243
249 250 251 252
249 248 247 244
250 251 252 255
250 249 248 247
251 252 255 256
251 250 249 248
252 255 256 257
252 251 250 249
253 262 261 269
253 254 245 246
254 253 262 261
254 245 246 236
255 256 257 258
255 252 251 250
256 257 258 259
256 255 252 251
257 258 259 260
257 256 255 252
258 259 260 263
258 257 256 255
259 260 263 264
259 258 257 256
260 263 264 265
260 259 258 257
261 269 268 277
261 262 253 254
262 261 269 268
262 253 254 245
263 264 265 266
263 260 259 258
264 265 266 267
264 263 260 259
265 266 267 270
265 264 263 260
266 267 270 271
266 265 264 263
267 270 271 272
267 266 265 264
268 277 276 285
268 269 261 262
269 268 277 276
269 261 262 253
270 271 272 273
270 267 266 265
271 272 273 274
271 270 267 266
272 273 274 275
272 271 270 267
273 274 275 278
273 272 271 270
274 275 278 279
274 273 272 271
275 278 279 280
275 274 273 272
276 285 284 294
276 277 268 269
277 276 285 284
277 268 269 261
278 279 280 281
278 275 274 273
279 280 281 282
279 278 275 274
280 281 282 283
280 279 278 275
281 282 283 286
281 280 279 278
282 283 286 287
282 281 280 279
283 286 287 288
283 282 281 280
284 294 293 301
284 285 276 277
285 284 294 293
285 276 277 268
286 287 288 289
286 283 282 281
287 288 289 290
287 286 283 282
288 289 290 291
288 287 286 283
289 290 291 292
289 288 287 286
290 291 292 295
290 289 288 287
291 292 295 296
291 290 289 288
292 295 296 297
292 291 290 289
293 301 300 309
293 294 284 285
294 293 301 300
294 284 285 276
295 296 297 298
295 292 291 290
296 297 298 299
296 295 292 291
297 298 299 302
297 296 295 292
298 299 302 303
298 297 296 295
299 302 303 304
299 298 297 296
300 309 308 316
300 301 293 294
301 300 309 308
301 293 294 284
302 303 304 305
302 299 298 297
303 304 305 306
303 302 299 298
304 305 306 307
304 303 302 299
305 306 307 310
305 304 303 302
306 307 310 311
306 305 304 303
307 310 311 312
307 306 305 304
308 316 315 324
308 309 300 301
309 308 316 315
309 300 301 293
310 311 312 313
310 307 306 305
311 312 313 314
311 310 307 306
312 313 314 317
312 311 310 307
313 314 317 318
313 312 311 310
314 317 318 319
314 313 312 311
315 324 330 339
315 316 308 309
316 315 324 330
316 308 309 300
317 318 319 320
317 314 313 312
318 319 320 321
318 317 314 313
319 320 321 322
319 318 317 314
320 321 322 323
320 319 318 317
321 322 323 325
321 320 319 318
322 323 325 326
322 321 320 319
323 325 326 327
323 322 321 320
324 330 339 338
324 315 316 308
325 326 327 328
325 323 322 321
326 327 328 329
326 325 323 322
327 328 329 331
327 326 325 323
328 329 331 332
328 327 326 325
329 331 332 333
329 328 327 326
330 339 338 346
330 324 315 316
331 332 333 334
331 329 328 327
332 333 334 335
332 331 329 328
333 334 335 336
333 332 331 329
334 335 336 337
334 333 332 331
335 336 337 340
335 334 333 332
336 337 340 341
336 335 334 333
337 340 341 342
337 336 335 334
338 346 345 354
338 339 330 324
339 338 346 345
339 330 324 315
340 341 342 343
340 337 336 335
341 342 343 344
341 340 337 336
342 343 344 347
342 341 340 337
343 344 347 348
343 342 341 340
344 347 348 349
344 343 342 341
345 354 353 361
345 346 338 339
346 345 354 353
346 338 339 330
347 348 349 350
347 344 343 342
348 349 350 351
348 347 344 343
349 350 351 352
349 348 347 344
350 351 352 355
350 349 348 347
351 352 355 356
351 350 349 348
352 355 356 357
352 351 350 349
353 361 360 369
353 354 345 346
354 353 361 360
354 345 346 338
355 356 357 358
355 352 351 350
356 357 358 359
356 355 352 351
357 358 359 362
357 356 355 352
358 359 362 363
358 357 356 355
359 362 363 364
359 358 357 356
360 369 368 377
360 361 353 354
361 360 369 368
361 353 354 345
362 363 364 365
362 359 358 357
363 364 365 366
363 362 359 358
364 365 366 367
364 363 362 359
365 366 367 370
365 364 363 362
366 367 370 371
366 365 364 363
367 370 371 372
367 366 365 364
368 377 376 385
368 369 360 361
369 368 377 376
369 360 361 353
370 371 372 373
370 367 366 365
371 372 373 374
371 370 367 366
372 373 374 375
372 371 370 367
373 374 375 378
373 372 371 370
374 375 378 379
374 373 372 371
375 378 379 380
375 374 373 372
376 385 384 391
376 377 368 369
377 376 385 384
377 368 369 360
378 379 380 381
378 375 374 373
379 380 381 382
379 378 375 374
380 381 382 383
380 379 378 375
381 382 383 386
381 380 379 378
382 383 386 387
382 381 380 379
383 386 387 388
383 382 381 380
384 391 390 395
384 385 376 377
385 384 391 390
385 376 377 368
386 387 388 389
386 383 382 381
387 388 389 392
387 386 383 382
388 389 392 393
388 387 386 383
389 392 393 396
389 388 387 386
390 395 394 398
390 391 384 385
391 390 395 394
391 384 385 376
392 393 396 397
392 389 388 387
393 396 397 399
393 392 389 388
394 398 401 400
394 395 390 391
395 394 398 401
395 390 391 384
396 397 399 402
396 393 392 389
397 399 402 405
397 396 393 392
398 401 400 404
398 394 395 390
399 402 405 408
399 397 396 393
400 404 403 407
400 401 398 394
401 400 404 403
401 398 394 395
402 405 408 411
402 399 397 396
403 407 406 410
403 404 400 401
404 403 407 406
404 400 401 398
405 408 411 413
405 402 399 397
406 410 409 412
406 407 403 404
407 406 410 409
407 403 404 400
408 411 413 416
408 405 402 399
409 412 415 414
409 410 406 407
410 409 412 415
410 406 407 403
411 413 416 419
411 408 405 402
412 415 414 418
412 409 410 406
413 416 419 422
413 411 408 405
414 418 417 421
414 415 412 409
415 414 418 417
415 412 409 410
416 419 422 424
416 413 411 408
417 421 420 423
417 418 414 415
418 417 421 420
418 414 415 412
419 422 424 427
419 416 413 411
420 423 426 425
420 421 417 418
421 420 423 426
421 417 418 414
422 424 427 430
422 419 416 413
423 426 425 429
423 420 421 417
424 427 430 432
424 422 419 416
425 429 428 431
425 426 423 420
426 425 429 428
426 423 420 421
427 430 432 435
427 424 422 419
428 431 434 433
428 429 425 426
429 428 431 434
429 425 426 423
430 432 435 438
430 427 424 422
431 434 433 437
431 428 429 425
432 435 438 440
432 430 427 424
433 437 436 439
433 434 431 428
434 433 437 436
434 431 428 429
435 438 440 443
435 432 430 427
436 439 442 441
436 437 433 434
437 436 439 442
437 433 434 431
438 440 443 446
438 435 432 430
439 442 441 445
439 436 437 433
440 443 446 448
440 438 435 432
441 445 444 447
441 442 439 436
442 441 445 444
442 439 436 437
443 446 448 451
443 440 438 435
444 447 450 449
444 445 441 442
445 444 447 450
445 441 442 439
446 448 451 453
446 443 440 438
447 450 449 452
447 444 445 441
448 451 453 455
448 446 443 440
449 452 454 457
449 450 447 444
450 449 452 454
450 447 444 445
451 453 455 458
451 448 446 443
452 454 457 456
452 449 450 447
453 455 458 460
453 451 448 446
454 457 456 459
454 452 449 450
455 458 460 463
455 453 451 448
456 459 462 461
456 457 454 452
457 456 459 462
457 454 452 449
458 460 463 465
458 455 453 451
459 462 461 464
459 456 457 454
460 463 465 467
460 458 455 453
461 464 466 469
461 462 459 456
462 461 464 466
462 459 456 457
463 465 467 470
463 460 458 455
464 466 469 468
464 461 462 459
465 467 470 472
465 463 460 458
466 469 468 471
466 464 461 462
467 470 472 475
467 465 463 460
468 471 474 473
468 469 466 464
469 468 471 474
469 466 464 461
470 472 475 477
470 467 465 463
471 474 473 476
471 468 469 466
472 475 477 480
472 470 467 465
473 476 479 478
473 474 471 468
474 473 476 479
474 471 468 469
475 477 480 482
475 472 470 467
476 479 478 481
476 473 474 471
477 480 482 484
477 475 472 470
478 481 483 485
478 479 476 473
479 478 481 483
479 476 473 474
480 482 484 486
480 477 475 472
481 483 485 487
481 478 479 476
482 484 486 488
482 480 477 475
483 485 487 489
483 481 478 479
484 486 488 490
484 482 480 477
485 487 489 491
485 483 481 478
486 488 490 492
486 484 482 480
487 489 491 493
487 485 483 481
488 490 492 494
488 486 484 482
489 491 493 495
489 487 485 483
490 492 494 496
490 488 486 484
491 493 495 497
491 489 487 485
492 494 496 498
492 490 488 486
493 495 497 499
493 491 489 487
494 496 498 500
494 492 490 488
495 497 499 501
495 493 491 489
496 498 500 502
496 494 492 490
497 499 501 503
497 495 493 491
498 500 502 504
498 496 494 492
499 501 503 505
499 497 495 493
500 502 504 506
500 498 496 494
501 503 505 507
501 499 497 495
502 504 506 508
502 500 498 496
503 505 507 509
503 501 499 497
504 506 508 510
504 502 500 498
505 507 509 511
505 503 501 499
506 508 510 512
506 504 502 500
507 509 511 513
507 505 503 501
508 510 512 514
508 506 504 502
509 511 513 516
509 507 505 503
510 512 514 517
510 508 506 504
511 513 516 515
511 509 507 505
512 514 517 519
512 510 508 506
513 516 515 518
513 511 509 507
514 517 519 522
514 512 510 508
515 518 521 520
515 516 513 511
516 515 518 521
516 513 511 509
517 519 522 524
517 514 512 510
518 521 520 523
518 515 516 513
519 522 524 526
519 517 514 512
520 523 525 527
520 521 518 515
521 520 523 525
521 518 515 516
522 524 526 528
522 519 517 514
523 525 527 529
523 520 521 518
524 526 528 530
524 522 519 517
525 527 529 532
525 523 520 521
526 528 530 533
526 524 522 519
527 529 532 531
527 525 523 520
528 530 533 535
528 526 524 522
529 532 531 534
529 527 525 523
530 533 535 538
530 528 526 524
531 534 537 536
531 532 529 527
532 531 534 537
532 529 527 525
533 535 538 540
533 530 528 526
534 537 536 539
534 531 532 529
535 538 540 542
535 533 530 528
536 539 541 543
536 537 534 531
537 536 539 541
537 534 531 532
538 540 542 544
538 535 533 530
539 541 543 545
539 536 537 534
540 542 544 546
540 538 535 533
541 543 545 548
541 539 536 537
542 544 546 549
542 540 538 535
543 545 548 547
543 541 539 536
544 546 549 551
544 542 540 538
545 548 547 550
545 543 541 539
546 549 551 553
546 544 542 540
547 550 552 554
547 548 545 543
548 547 550 552
548 545 543 541
549 551 553 555
549 546 544 542
550 552 554 556
550 547 548 545
551 553 555 557
551 549 546 544
552 554 556 558
552 550 547 548
553 555 557 559
553 551 549 546
554 556 558 560
554 552 550 547
555 557 559 561
555 553 551 549
556 558 560 562
556 554 552 550
557 559 561 563
557 555 553 551
558 560 562 565
558 556 554 552
559 561 563 566
559 557 555 553
560 562 565 564
560 558 556 554
561 563 566 568
561 559 557 555
562 565 564 567
562 560 558 556
563 566 568 570
563 561 559 557
564 567 569 571
564 565 562 560
565 564 567 569
565 562 560 558
566 568 570 572
566 563 561 559
567 569 571 573
567 564 565 562
568 570 572 574
568 566 563 561
569 571 573 575
569 567 564 565
570 572 574 576
570 568 566 563
571 573 575 577
571 569 567 564
572 574 576 578
572 570 568 566
573 575 577 579
573 571 569 567
574 576 578 580
574 572 570 568
575 577 579 581
575 573 571 569
576 578 580 582
576 574 572 570
577 579 581 583
577 575 573 571
578 580 582 584
578 576 574 572
579 581 583 585
579 577 575 573
580 582 584 586
580 578 576 574
581 583 585 587
581 579 577 575
582 584 586 588
582 580 578 576
583 585 587 589
583 581 579 577
584 586 588 590
584 582 580 578
585 587 589 591
585 583 581 579
586 588 590 592
586 584 582 580
587 589 591 593
587 585 583 581
588 590 592 594
588 586 584 582
589 591 593 595
589 587 585 583
590 592 594 596
590 588 586 584
591 593 595 597
591 589 587 585
592 594 596 598
592 590 588 586
593 595 597 599
593 591 589 587
594 596 598 600
594 592 590 588
595 597 599 601
595 593 591 589
596 598 600 602
596 594 592 590
597 599 601 603
597 595 593 591
598 600 602 604
598 596 594 592
599 601 603 605
599 597 595 593
600 602 604 606
600 598 596 594
601 603 605 607
601 599 597 595
602 604 606 608
602 600 598 596
603 605 607 609
603 601 599 597
604 606 608 610
604 602 600 598
605 607 609 611
605 603 601 599
606 608 610 612
606 604 602 600
607 609 611 614
607 605 603 601
608 610 612 615
608 606 604 602
609 611 614 613
609 607 605 603
610 612 615 617
610 608 606 604
611 614 613 616
611 609 607 605
612 615 617 619
612 610 608 606
613 616 618 620
613 614 611 609
614 613 616 618
614 611 609 607
615 617 619 621
615 612 610 608
616 618 620 622
616 613 614 611
617 619 621 623
617 615 612 610
618 620 622 624
618 616 613 614
619 621 623 625
619 617 615 612
620 622 624 626
620 618 616 613
621 623 625 627
621 619 617 615
622 624 626 629
622 620 618 616
623 625 627 630
623 621 619 617
624 626 629 628
624 622 620 618
625 627 630 632
625 623 621 619
626 629 628 631
626 624 622 620
627 630 632 634
627 625 623 621
628 631 633 635
628 629 626 624
629 628 631 633
629 626 624 622
630 632 634 636
630 627 625 623
631 633 635 637
631 628 629 626
632 634 636 638
632 630 627 625
633 635 637 639
633 631 628 629
634 636 638 640
634 632 630 627
635 637 639 641
635 633 631 628
636 638 640 642
636 634 632 630
637 639 641 643
637 635 633 631
638 640 642 644
638 636 634 632
639 641 643 645
639 637 635 633
640 642 644 646
640 638 636 634
641 643 645 647
641 639 637 635
642 644 646 648
642 640 638 636
643 645 647 649
643 641 639 637
644 646 648 650
644 642 640 638
645 647 649 651
645 643 641 639
646 648 650 652
646 644 642 640
647 649 651 653
647 645 643 641
648 650 652 654
648 646 644 642
649 651 653 655
649 647 645 643
650 652 654 656
650 648 646 644
651 653 655 657
651 649 647 645
652 654 656 658
652 650 648 646
653 655 657 660
653 651 649 647
654 656 658 661
654 652 650 648
655 657 660 659
655 653 651 649
656 658 661 663
656 654 652 650
657 660 659 662
657 655 653 651
658 661 663 665
658 656 654 652
659 662 664 666
659 660 657 655
660 659 662 664
660 657 655 653
661 663 665 667
661 658 656 654
662 664 666 668
662 659 660 657
663 665 667 669
663 661 658 656
664 666 668 670
664 662 659 660
665 667 669 671
665 663 661 658
666 668 670 672
666 664 662 659
667 669 671 673
667 665 663 661
668 670 672 674
668 666 664 662
669 671 673 675
669 667 665 663
670 672 674 676
670 668 666 664
671 673 675 677
671 669 667 665
672 674 676 678
672 670 668 666
673 675 677 679
673 671 669 667
674 676 678 680
674 672 670 668
675 677 679 681
675 673 671 669
676 678 680 682
676 674 672 670
677 679 681 683
677 675 673 671
678 680 682 685
678 676 674 672
679 681 683 684
679 677 675 673
680 682 685 687
680 678 676 674
681 683 684 686
681 679 677 675
682 685 687 689
682 680 678 676
683 684 686 688
683 681 679 677
684 686 688 690
684 683 681 679
685 687 689 691
685 682 680 678
686 688 690 692
686 684 683 681
687 689 691 693
687 685 682 680
688 690 692 694
688 686 684 683
689 691 693 695
689 687 685 682
690 692 694 696
690 688 686 684
691 693 695 697
691 689 687 685
692 694 696 698
692 690 688 686
693 695 697 699
693 691 689 687
694 696 698 700
694 692 690 688
695 697 699 701
695 693 691 689
696 698 700 702
696 694 692 690
697 699 701 703
697 695 693 691
698 700 702 704
698 696 694 692
699 701 703 705
699 697 695 693
700 702 704 706
700 698 696 694
701 703 705 708
701 699 697 695
702 704 706 707
702 700 698 696
703 705 708 710
703 701 699 697
704 706 707 709
704 702 700 698
705 708 710 712
705 703 701 699
706 707 709 711
706 704 702 700
707 709 711 713
707 706 704 702
708 710 712 714
708 705 703 701
709 711 713 715
709 707 706 704
710 712 714 717
710 708 705 703
711 713 715 718
711 709 707 706
712 714 717 716
712 710 708 705
713 715 718 720
713 711 709 707
714 717 716 719
714 712 710 708
715 718 720 721
715 713 711 709
716 719 722 724
716 717 714 712
717 716 719 722
717 714 712 710
718 720 721 723
718 715 713 711
719 722 724 726
719 716 717 714
720 721 723 725
720 718 715 713
721 723 725 727
721 720 718 715
722 724 726 728
722 719 716 717
723 725 727 729
723 721 720 718
724 726 728 730
724 722 719 716
725 727 729 731
725 723 721 720
726 728 730 733
726 724 722 719
727 729 731 732
727 725 723 721
728 730 733 735
728 726 724 722
729 731 732 734
729 727 725 723
730 733 735 737
730 728 726 724
731 732 734 736
731 729 727 725
732 734 736 738
732 731 729 727
733 735 737 739
733 730 728 726
734 736 738 740
734 732 731 729
735 737 739 741
735 733 730 728
736 738 740 742
736 734 732 731
737 739 741 743
737 735 733 730
738 740 742 744
738 736 734 732
739 741 743 746
739 737 735 733
740 742 744 745
740 738 736 734
741 743 746 748
741 739 737 735
742 744 745 747
742 740 738 736
743 746 748 750
743 741 739 737
744 745 747 749
744 742 740 738
745 747 749 751
745 744 742 740
746 748 750 752
746 743 741 739
747 749 751 753
747 745 744 742
748 750 752 754
748 746 743 741
749 751 753 755
749 747 745 744
750 752 754 756
750 748 746 743
751 753 755 757
751 749 747 745
752 754 756 758
752 750 748 746
753 755 757 759
753 751 749 747
754 756 758 760
754 752 750 748
755 757 759 761
755 753 751 749
756 758 760 762
756 754 752 750
757 759 761 763
757 755 753 751
758 760 762 764
758 756 754 752
759 761 763 765
759 757 755 753
760 762 764 766
760 758 756 754
761 763 765 767
761 759 757 755
762 764 766 769
762 760 758 756
763 765 767 768
763 761 759 757
764 766 769 771
764 762 760 758
765 767 768 770
765 763 761 759
766 769 771 773
766 764 762 760
767 768 770 772
767 765 763 761
768 770 772 774
768 767 765 763
769 771 773 775
769 766 764 762
770 772 774 776
770 768 767 765
771 773 775 777
771 769 766 764
772 774 776 778
772 770 768 767
773 775 777 779
773 771 769 766
774 776 778 780
774 772 770 768
775 777 779 781
775 773 771 769
776 778 780 782
776 774 772 770
777 779 781 783
777 775 773 771
778 780 782 784
778 776 774 772
779 781 783 785
779 777 775 773
780 782 784 786
780 778 776 774
781 783 785 787
781 779 777 775
782 784 786 788
782 780 778 776
783 785 787 789
783 781 779 777
784 786 788 790
784 782 780 778
785 787 789 792
785 783 781 779
786 788 790 791
786 784 782 780
787 789 792 794
787 785 783 781
788 790 791 793
788 786 784 782
789 792 794 796
789 787 785 783
790 791 793 795
790 788 786 784
791 793 795 797
791 790 788 786
792 794 796 798
792 789 787 785
793 795 797 799
793 791 790 788
794 796 798 800
794 792 789 787
795 797 799 801
795 793 791 790
796 798 800 803
796 794 792 789
797 799 801 802
797 795 793 791
798 800 803 805
798 796 794 792
799 801 802 804
799 797 795 793
800 803 805 807
800 798 796 794
801 802 804 806
801 799 797 795
802 804 806 808
802 801 799 797
803 805 807 809
803 800 798 796
804 806 808 810
804 802 801 799
805 807 809 811
805 803 800 798
806 808 810 812
806 804 802 801
807 809 811 813
807 805 803 800
808 810 812 814
808 806 804 802
809 811 813 815
809 807 805 803
810 812 814 816
810 808 806 804
811 813 815 817
811 809 807 805
812 814 816 818
812 810 808 806
813 815 817 819
813 811 809 807
814 816 818 820
814 812 810 808
815 817 819 821
815 813 811 809
816 818 820 822
816 814 812 810
817 819 821 823
817 815 813 811
818 820 822 824
818 816 814 812
819 821 823 825
819 817 815 813
820 822 824 826
820 818 816 814
821 823 825 827
821 819 817 815
822 824 826 828
822 820 818 816
823 825 827 829
823 821 819 817
824 826 828 830
824 822 820 818
825 827 829 831
825 823 821 819
826 828 830 832
826 824 822 820
827 829 831 833
827 825 823 821
828 830 832 834
828 826 824 822
829 831 833 835
829 827 825 823
830 832 834 836
830 828 826 824
831 833 835 837
831 829 827 825
832 834 836 838
832 830 828 826
833 835 837 839
833 831 829 827
834 836 838 840
834 832 830 828
835 837 839 841
835 833 831 829
836 838 840 842
836 834 832 830
837 839 841 843
837 835 833 831
838 840 842 844
838 836 834 832
839 841 843 845
839 837 835 833
840 842 844 846
840 838 836 834
841 843 845 847
841 839 837 835
842 844 846 848
842 840 838 836
843 845 847 849
843 841 839 837
844 846 848 850
844 842 840 838
845 847 849 851
845 843 841 839
846 848 850 852
846 844 842 840
847 849 851 853
847 845 843 841
848 850 852 854
848 846 844 842
849 851 853 855
849 847 845 843
850 852 854 856
850 848 846 844
851 853 855 857
851 849 847 845
852 854 856 858
852 850 848 846
853 855 857 859
853 851 849 847
854 856 858 860
854 852 850 848
855 857 859 861
855 853 851 849
856 858 860 862
856 854 852 850
857 859 861 863
857 855 853 851
858 860 862 864
858 856 854 852
859 861 863 865
859 857 855 853
860 862 864 866
860 858 856 854
861 863 865 867
861 859 857 855
862 864 866 868
862 860 858 856
863 865 867 869
863 861 859 857
864 866 868 870
864 862 860 858
865 867 869 871
865 863 861 859
866 868 870 872
866 864 862 860
867 869 871 873
867 865 863 861
868 870 872 874
868 866 864 862
869 871 873 875
869 867 865 863
870 872 874 876
870 868 866 864
871 873 875 877
871 869 867 865
872 874 876 878
872 870 868 866
873 875 877 879
873 871 869 867
874 876 878 880
874 872 870 868
875 877 879 882
875 873 871 869
876 878 880 881
876 874 872 870
877 879 882 884
877 875 873 871
878 880 881 883
878 876 874 872
879 882 884 886
879 877 875 873
880 881 883 885
880 878 876 874
881 883 885 887
881 880 878 876
882 884 886 888
882 879 877 875
883 885 887 889
883 881 880 878
884 886 888 890
884 882 879 877
885 887 889 891
885 883 881 880
886 888 890 892
886 884 882 879
887 889 891 893
887 885 883 881
888 890 892 894
888 886 884 882
889 891 893 895
889 887 885 883
890 892 894 896
890 888 886 884
891 893 895 897
891 889 887 885
892 894 896 898
892 890 888 886
893 895 897 899
893 891 889 887
894 896 898 900
894 892 890 888
895 897 899 901
895 893 891 889
896 898 900 902
896 894 892 890
897 899 901 903
897 895 893 891
898 900 902 904
898 896 894 892
899 901 903 905
899 897 895 893
900 902 904 906
900 898 896 894
901 903 905 907
901 899 897 895
902 904 906 908
902 900 898 896
903 905 907 909
903 901 899 897
904 906 908 910
904 902 900 898
905 907 909 911
905 903 901 899
906 908 910 912
906 904 902 900
907 909 911 913
907 905 903 901
908 910 912 914
908 906 904 902
909 911 913 915
909 907 905 903
910 912 914 916
910 908 906 904
911 913 915 917
911 909 907 905
912 914 916 918
912 910 908 906
913 915 917 919
913 911 909 907
914 916 918 920
914 912 910 908
915 917 919 921
915 913 911 909
916 918 920 922
916 914 912 910
917 919 921 923
917 915 913 911
918 920 922 924
918 916 914 912
919 921 923 925
919 917 915 913
920 922 924 926
920 918 916 914
921 923 925 927
921 919 917 915
922 924 926 928
922 920 918 916
923 925 927 929
923 921 919 917
924 926 928 930
924 922 920 918
925 927 929 931
925 923 921 919
926 928 930 932
926 924 922 920
927 929 931 933
927 925 923 921
928 930 932 934
928 926 924 922
929 931 933 935
929 927 925 923
930 932 934 936
930 928 926 924
931 933 935 937
931 929 927 925
932 934 936 938
932 930 928 926
933 935 937 939
933 931 929 927
934 936 938 940
934 932 930 928
935 937 939 941
935 933 931 929
936 938 940 942
936 934 932 930
937 939 941 943
937 935 933 931
938 940 942 944
938 936 934 932
939 941 943 945
939 937 935 933
940 942 944 946
940 938 936 934
941 943 945 947
941 939 937 935
942 944 946 948
942 940 938 936
943 945 947 949
943 941 939 937
944 946 948 950
944 942 940 938
945 947 949 951
945 943 941 939
946 948 950 952
946 944 942 940
947 949 951 953
947 945 943 941
948 950 952 954
948 946 944 942
949 951 953 955
949 947 945 943
950 952 954 956
950 948 946 944
951 953 955 957
951 949 947 945
952 954 956 958
952 950 948 946
953 955 957 959
953 951 949 947
954 956 958 960
954 952 950 948
955 957 959 961
955 953 951 949
956 958 960 962
956 954 952 950
957 959 961 963
957 955 953 951
958 960 962 964
958 956 954 952
959 961 963 965
959 957 955 953
960 962 964 966
960 958 956 954
961 963 965 967
961 959 957 955
962 964 966 968
962 960 958 956
963 965 967 969
963 961 959 957
964 966 968 970
964 962 960 958
965 967 969 971
965 963 961 959
966 968 970 972
966 964 962 960
967 969 971 973
967 965 963 961
968 970 972 974
968 966 964 962
969 971 973 975
969 967 965 963
970 972 974 976
970 968 966 964
971 973 975 977
971 969 967 965
972 974 976 978
972 970 968 966
973 975 977 979
973 971 969 967
974 976 978 980
974 972 970 968
975 977 979 981
975 973 971 969
976 978 980 982
976 974 972 970
977 979 981 983
977 975 973 971
978 980 982 984
978 976 974 972
979 981 983 985
979 977 975 973
980 982 984 986
980 978 976 974
981 983 985 987
981 979 977 975
982 984 986 988
982 980 978 976
983 985 987 989
983 981 979 977
984 986 988 990
984 982 980 978
985 987 989 991
985 983 981 979
986 988 990 992
986 984 982 980
987 989 991 993
987 985 983 981
988 990 992 994
988 986 984 982
989 991 993 995
989 987 985 983
990 992 994 996
990 988 986 984
991 993 995 997
991 989 987 985
992 994 996 998
992 990 988 986
993 995 997 999
993 991 989 987
994 996 998 1000
994 992 990 988
995 997 999 1001
995 993 991 989
996 998 1000 1002
996 994 992 990
997 999 1001 1003
997 995 993 991
998 1000 1002 1004
998 996 994 992
999 1001 1003 1005
999 997 995 993
1000 1002 1004 1006
1000 998 996 994
1001 1003 1005 1007
1001 999 997 995
1002 1004 1006 1008
1002 1000 998 996
1003 1005 1007 1009
1003 1001 999 997
1004 1006 1008 1010
1004 1002 1000 998
1005 1007 1009 1011
1005 1003 1001 999
1006 1008 1010 1012
1006 1004 1002 1000
1007 1009 1011 1013
1007 1005 1003 1001
1008 1010 1012 1014
1008 1006 1004 1002
1009 1011 1013 1015
1009 1007 1005 1003
1010 1012 1014 1016
1010 1008 1006 1004
1011 1013 1015 1017
1011 1009 1007 1005
1012 1014 1016 1018
1012 1010 1008 1006
1013 1015 1017 1019
1013 1011 1009 1007
1014 1016 1018 1020
1014 1012 1010 1008
1015 1017 1019 1021
1015 1013 1011 1009
1016 1018 1020 1022
1016 1014 1012 1010
1017 1019 1021 1023
1017 1015 1013 1011
1018 1020 1022 1024
1018 1016 1014 1012
1019 1021 1023 1025
1019 1017 1015 1013
1020 1022 1024 1026
1020 1018 1016 1014
1021 1023 1025 1027
1021 1019 1017 1015
1022 1024 1026 1028
1022 1020 1018 1016
1023 1025 1027 1029
1023 1021 1019 1017
1024 1026 1028 1030
1024 1022 1020 1018
1025 1027 1029 1031
1025 1023 1021 1019
1026 1028 1030 1032
1026 1024 1022 1020
1027 1029 1031 1033
1027 1025 1023 1021
1028 1030 1032 1034
1028 1026 1024 1022
1029 1031 1033 1035
1029 1027 1025 1023
1030 1032 1034 1036
1030 1028 1026 1024
1031 1033 1035 1037
1031 1029 1027 1025
1032 1034 1036 1038
1032 1030 1028 1026
1033 1035 1037 1039
1033 1031 1029 1027
1034 1036 1038 1040
1034 1032 1030 1028
1035 1037 1039 1041
1035 1033 1031 1029
1036 1038 1040 1042
1036 1034 1032 1030
1037 1039 1041 1043
1037 1035 1033 1031
1038 1040 1042 1044
1038 1036 1034 1032
1039 1041 1043 1045
1039 1037 1035 1033
1040 1042 1044 1046
1040 1038 1036 1034
1041 1043 1045 1047
1041 1039 1037 1035
1042 1044 1046 1048
1042 1040 1038 1036
1043 1045 1047 1049
1043 1041 1039 1037
1044 1046 1048 1050
1044 1042 1040 1038
1045 1047 1049 1051
1045 1043 1041 1039
1046 1048 1050 1052
1046 1044 1042 1040
1047 1049 1051 1053
1047 1045 1043 1041
1048 1050 1052 1054
1048 1046 1044 1042
1049 1051 1053 1055
1049 1047 1045 1043
1050 1052 1054 1056
1050 1048 1046 1044
1051 1053 1055 1057
1051 1049 1047 1045
1052 1054 1056 1058
1052 1050 1048 1046
1053 1055 1057 1059
1053 1051 1049 1047
1054 1056 1058 1060
1054 1052 1050 1048
1055 1057 1059 1061
1055 1053 1051 1049
1056 1058 1060 1062
1056 1054 1052 1050
1057 1059 1061 1063
1057 1055 1053 1051
1058 1060 1062 1064
1058 1056 1054 1052
1059 1061 1063 1065
1059 1057 1055 1053
1060 1062 1064 1066
1060 1058 1056 1054
1061 1063 1065 1067
1061 1059 1057 1055
1062 1064 1066 1068
1062 1060 1058 1056
1063 1065 1067 1069
1063 1061 1059 1057
1064 1066 1068 1070
1064 1062 1060 1058
1065 1067 1069 1071
1065 1063 1061 1059
1066 1068 1070 1072
1066 1064 1062 1060
1067 1069 1071 1073
1067 1065 1063 1061
1068 1070 1072 1074
1068 1066 1064 1062
1069 1071 1073 1075
1069 1067 1065 1063
1070 1072 1074 1076
1070 1068 1066 1064
1071 1073 1075 1077
1071 1069 1067 1065
1072 1074 1076 1078
1072 1070 1068 1066
1073 1075 1077 1079
1073 1071 1069 1067
1074 1076 1078 1080
1074 1072 1070 1068
1075 1077 1079 1081
1075 1073 1071 1069
1076 1078 1080 1082
1076 1074 1072 1070
1077 1079 1081 1083
1077 1075 1073 1071
1078 1080 1082 1084
1078 1076 1074 1072
1079 1081 1083 1085
1079 1077 1075 1073
1080 1082 1084 1086
1080 1078 1076 1074
1081 1083 1085 1087
1081 1079 1077 1075
1082 1084 1086 1088
1082 1080 1078 1076
1083 1085 1087 1089
1083 1081 1079 1077
1084 1086 1088 1090
1084 1082 1080 1078
1085 1087 1089 1091
1085 1083 1081 1079
1086 1088 1090 1092
1086 1084 1082 1080
1087 1089 1091 1093
1087 1085 1083 1081
1088 1090 1092 1094
1088 1086 1084 1082
1089 1091 1093 1095
1089 1087 1085 1083
1090 1092 1094 1096
1090 1088 1086 1084
1091 1093 1095 1097
1091 1089 1087 1085
1092 1094 1096 1098
1092 1090 1088 1086
1093 1095 1097 1099
1093 1091 1089 1087
1094 1096 1098 1100
1094 1092 1090 1088
1095 1097 1099 1101
1095 1093 1091 1089
1096 1098 1100 1102
1096 1094 1092 1090
1097 1099 1101 1103
1097 1095 1093 1091
1098 1100 1102 1104
1098 1096 1094 1092
1099 1101 1103 1105
1099 1097 1095 1093
1100 1102 1104 1106
1100 1098 1096 1094
1101 1103 1105 1107
1101 1099 1097 1095
1102 1104 1106 1108
1102 1100 1098 1096
1103 1105 1107 1109
1103 1101 1099 1097
1104 1106 1108 1110
1104 1102 1100 1098
1105 1107 1109 1111
1105 1103 1101 1099
1106 1108 1110 1112
1106 1104 1102 1100
1107 1109 1111 1113
1107 1105 1103 1101
1108 1110 1112 1114
1108 1106 1104 1102
1109 1111 1113 1115
1109 1107 1105 1103
1110 1112 1114 1116
1110 1108 1106 1104
1111 1113 1115 1117
1111 1109 1107 1105
1112 1114 1116 1118
1112 1110 1108 1106
1113 1115 1117 1119
1113 1111 1109 1107
1114 1116 1118 1120
1114 1112 1110 1108
1115 1117 1119 1121
1115 1113 1111 1109
1116 1118 1120 1122
1116 1114 1112 1110
1117 1119 1121 1123
1117 1115 1113 1111
1118 1120 1122 1124
1118 1116 1114 1112
1119 1121 1123 1125
1119 1117 1115 1113
1120 1122 1124 1126
1120 1118 1116 1114
1121 1123 1125 1127
1121 1119 1117 1115
1122 1124 1126 1128
1122 1120 1118 1116
1123 1125 1127 1129
1123 1121 1119 1117
1124 1126 1128 1130
1124 1122 1120 1118
1125 1127 1129 1131
1125 1123 1121 1119
1126 1128 1130 1132
1126 1124 1122 1120
1127 1129 1131 1133
1127 1125 1123 1121
1128 1130 1132 1134
1128 1126 1124 1122
1129 1131 1133 1135
1129 1127 1125 1123
1130 1132 1134 1136
1130 1128 1126 1124
1131 1133 1135 1137
1131 1129 1127 1125
1132 1134 1136 1138
1132 1130 1128 1126
1133 1135 1137 1139
1133 1131 1129 1127
1134 1136 1138 1140
1134 1132 1130 1128
1135 1137 1139 1141
1135 1133 1131 1129
1136 1138 1140 1142
1136 1134 1132 1130
1137 1139 1141 1143
1137 1135 1133 1131
1138 1140 1142 1144
1138 1136 1134 1132
1139 1141 1143 1145
1139 1137 1135 1133
1140 1142 1144 1146
1140 1138 1136 1134
1141 1143 1145 1147
1141 1139 1137 1135
1142 1144 1146 1148
1142 1140 1138 1136
1143 1145 1147 1149
1143 1141 1139 1137
1144 1146 1148 1150
1144 1142 1140 1138
1145 1147 1149 1151
1145 1143 1141 1139
1146 1148 1150 1152
1146 1144 1142 1140
1147 1149 1151 1153
1147 1145 1143 1141
1148 1150 1152 1154
1148 1146 1144 1142
1149 1151 1153 1155
1149 1147 1145 1143
1150 1152 1154 1156
1150 1148 1146 1144
1151 1153 1155 1157
1151 1149 1147 1145
1152 1154 1156 1158
1152 1150 1148 1146
1153 1155 1157 1159
1153 1151 1149 1147
1154 1156 1158 1160
1154 1152 1150 1148
1155 1157 1159 1161
1155 1153 1151 1149
1156 1158 1160 1162
1156 1154 1152 1150
1157 1159 1161 1163
1157 1155 1153 1151
1158 1160 1162 1164
1158 1156 1154 1152
1159 1161 1163 1165
1159 1157 1155 1153
1160 1162 1164 1166
1160 1158 1156 1154
1161 1163 1165 1167
1161 1159 1157 1155
1162 1164 1166 1168
1162 1160 1158 1156
1163 1165 1167 1169
1163 1161 1159 1157
1164 1166 1168 1170
1164 1162 1160 1158
1165 1167 1169 1171
1165 1163 1161 1159
1166 1168 1170 1172
1166 1164 1162 1160
1167 1169 1171 1173
1167 1165 1163 1161
1168 1170 1172 1174
1168 1166 1164 1162
1169 1171 1173 1175
1169 1167 1165 1163
1170 1172 1174 1176
1170 1168 1166 1164
1171 1173 1175 1177
1171 1169 1167 1165
1172 1174 1176 1178
1172 1170 1168 1166
1173 1175 1177 1179
1173 1171 1169 1167
1174 1176 1178 1180
1174 1172 1170 1168
1175 1177 1179 1181
1175 1173 1171 1169
1176 1178 1180 1182
1176 1174 1172 1170
1177 1179 1181 1183
1177 1175 1173 1171
1178 1180 1182 1184
1178 1176 1174 1172
1179 1181 1183 1185
1179 1177 1175 1173
1180 1182 1184 1186
1180 1178 1176 1174
1181 1183 1185 1187
1181 1179 1177 1175
1182 1184 1186 1188
1182 1180 1178 1176
1183 1185 1187 1189
1183 1181 1179 1177
1184 1186 1188 1190
1184 1182 1180 1178
1185 1187 1189 1191
1185 1183 1181 1179
1186 1188 1190 1192
1186 1184 1182 1180
1187 1189 1191 1193
1187 1185 1183 1181
1188 1190 1192 1194
1188 1186 1184 1182
1189 1191 1193 1195
1189 1187 1185 1183
1190 1192 1194 1196
1190 1188 1186 1184
1191 1193 1195 1197
1191 1189 1187 1185
1192 1194 1196 1198
1192 1190 1188 1186
1193 1195 1197 1199
1193 1191 1189 1187
1194 1196 1198 1200
1194 1192 1190 1188
1195 1197 1199 1201
1195 1193 1191 1189
1196 1198 1200 1202
1196 1194 1192 1190
1197 1199 1201 1203
1197 1195 1193 1191
1198 1200 1202 1204
1198 1196 1194 1192
1199 1201 1203 1205
1199 1197 1195 1193
1200 1202 1204 1206
1200 1198 1196 1194
1201 1203 1205 1207
1201 1199 1197 1195
1202 1204 1206 1208
1202 1200 1198 1196
1203 1205 1207 1209
1203 1201 1199 1197
1204 1206 1208 1210
1204 1202 1200 1198
1205 1207 1209 1211
1205 1203 1201 1199
1206 1208 1210 1212
1206 1204 1202 1200
1207 1209 1211 1213
1207 1205 1203 1201
1208 1210 1212 1214
1208 1206 1204 1202
1209 1211 1213 1215
1209 1207 1205 1203
1210 1212 1214 1216
1210 1208 1206 1204
1211 1213 1215 1218
1211 1209 1207 1205
1212 1214 1216 1219
1212 1210 1208 1206
1213 1215 1218 1217
1213 1211 1209 1207
1214 1216 1219 1221
1214 1212 1210 1208
1215 1218 1217 1220
1215 1213 1211 1209
1216 1219 1221 1224
1216 1214 1212 1210
1217 1220 1223 1222
1217 1218 1215 1213
1218 1217 1220 1223
1218 1215 1213 1211
1219 1221 1224 1226
1219 1216 1214 1212
1220 1223 1222 1225
1220 1217 1218 1215
1221 1224 1226 1229
1221 1219 1216 1214
1222 1225 1228 1227
1222 1223 1220 1217
1223 1222 1225 1228
1223 1220 1217 1218
1224 1226 1229 1231
1224 1221 1219 1216
1225 1228 1227 1230
1225 1222 1223 1220
1226 1229 1231 1234
1226 1224 1221 1219
1227 1230 1233 1232
1227 1228 1225 1222
1228 1227 1230 1233
1228 1225 1222 1223
1229 1231 1234 1236
1229 1226 1224 1221
1230 1233 1232 1235
1230 1227 1228 1225
1231 1234 1236 1239
1231 1229 1226 1224
1232 1235 1238 1237
1232 1233 1230 1227
1233 1232 1235 1238
1233 1230 1227 1228
1234 1236 1239 1241
1234 1231 1229 1226
1235 1238 1237 1240
1235 1232 1233 1230
1236 1239 1241 1244
1236 1234 1231 1229
1237 1240 1243 1242
1237 1238 1235 1232
1238 1237 1240 1243
1238 1235 1232 1233
1239 1241 1244 1246
1239 1236 1234 1231
1240 1243 1242 1245
1240 1237 1238 1235
1241 1244 1246 1249
1241 1239 1236 1234
1242 1245 1248 1247
1242 1243 1240 1237
1243 1242 1245 1248
1243 1240 1237 1238
1244 1246 1249 1251
1244 1241 1239 1236
1245 1248 1247 1250
1245 1242 1243 1240
1246 1249 1251 1254
1246 1244 1241 1239
1247 1250 1253 1252
1247 1248 1245 1242
1248 1247 1250 1253
1248 1245 1242 1243
1249 1251 1254 1256
1249 1246 1244 1241
1250 1253 1252 1255
1250 1247 1248 1245
1251 1254 1256 1259
1251 1249 1246 1244
1252 1255 1258 1257
1252 1253 1250 1247
1253 1252 1255 1258
1253 1250 1247 1248
1254 1256 1259 1261
1254 1251 1249 1246
1255 1258 1257 1260
1255 1252 1253 1250
1256 1259 1261 1264
1256 1254 1251 1249
1257 1260 1263 1262
1257 1258 1255 1252
1258 1257 1260 1263
1258 1255 1252 1253
1259 1261 1264 1266
1259 1256 1254 1251
1260 1263 1262 1265
1260 1257 1258 1255
1261 1264 1266 1269
1261 1259 1256 1254
1262 1265 1268 1267
1262 1263 1260 1257
1263 1262 1265 1268
1263 1260 1257 1258
1264 1266 1269 1271
1264 1261 1259 1256
1265 1268 1267 1270
1265 1262 1263 1260
1266 1269 1271 1272
1266 1264 1261 1259
1267 1270 1274 1273
1267 1268 1265 1262
1268 1267 1270 1274
1268 1265 1262 1263
1269 1271 1272 1275
1269 1266 1264 1261
1270 1274 1273 1276
1270 1267 1268 1265
1271 1272 1275 1277
1271 1269 1266 1264
1272 1275 1277 1280
1272 1271 1269 1266
1273 1276 1279 1278
1273 1274 1270 1267
1274 1273 1276 1279
1274 1270 1267 1268
1275 1277 1280 1282
1275 1272 1271 1269
1276 1279 1278 1281
1276 1273 1274 1270
1277 1280 1282 1285
1277 1275 1272 1271
1278 1281 1284 1283
1278 1279 1276 1273
1279 1278 1281 1284
1279 1276 1273 1274
1280 1282 1285 1287
1280 1277 1275 1272
1281 1284 1283 1286
1281 1278 1279 1276
1282 1285 1287 1290
1282 1280 1277 1275
1283 1286 1289 1288
1283 1284 1281 1278
1284 1283 1286 1289
1284 1281 1278 1279
1285 1287 1290 1292
1285 1282 1280 1277
1286 1289 1288 1291
1286 1283 1284 1281
1287 1290 1292 1295
1287 1285 1282 1280
1288 1291 1294 1293
1288 1289 1286 1283
1289 1288 1291 1294
1289 1286 1283 1284
1290 1292 1295 1297
1290 1287 1285 1282
1291 1294 1293 1296
1291 1288 1289 1286
1292 1295 1297 1300
1292 1290 1287 1285
1293 1296 1299 1298
1293 1294 1291 1288
1294 1293 1296 1299
1294 1291 1288 1289
1295 1297 1300 1302
1295 1292 1290 1287
1296 1299 1298 1301
1296 1293 1294 1291
1297 1300 1302 1305
1297 1295 1292 1290
1298 1301 1304 1303
1298 1299 1296 1293
1299 1298 1301 1304
1299 1296 1293 1294
1300 1302 1305 1307
1300 1297 1295 1292
1301 1304 1303 1306
1301 1298 1299 1296
1302 1305 1307 1310
1302 1300 1297 1295
1303 1306 1309 1308
1303 1304 1301 1298
1304 1303 1306 1309
1304 1301 1298 1299
1305 1307 1310 1312
1305 1302 1300 1297
1306 1309 1308 1311
1306 1303 1304 1301
1307 1310 1312 1315
1307 1305 1302 1300
1308 1311 1314 1313
1308 1309 1306 1303
1309 1308 1311 1314
1309 1306 1303 1304
1310 1312 1315 1317
1310 1307 1305 1302
1311 1314 1313 1316
1311 1308 1309 1306
1312 1315 1317 1320
1312 1310 1307 1305
1313 1316 1319 1318
1313 1314 1311 1308
1314 1313 1316 1319
1314 1311 1308 1309
1315 1317 1320 1322
1315 1312 1310 1307
1316 1319 1318 1321
1316 1313 1314 1311
1317 1320 1322 1325
1317 1315 1312 1310
1318 1321 1324 1323
1318 1319 1316 1313
1319 1318 1321 1324
1319 1316 1313 1314
1320 1322 1325 1327
1320 1317 1315 1312
1321 1324 1323 1326
1321 1318 1319 1316
1322 1325 1327 1330
1322 1320 1317 1315
1323 1326 1329 1328
1323 1324 1321 1318
1324 1323 1326 1329
1324 1321 1318 1319
1325 1327 1330 1332
1325 1322 1320 1317
1326 1329 1328 1331
1326 1323 1324 1321
1327 1330 1332 1335
1327 1325 1322 1320
1328 1331 1334 1333
1328 1329 1326 1323
1329 1328 1331 1334
1329 1326 1323 1324
1330 1332 1335 1337
1330 1327 1325 1322
1331 1334 1333 1336
1331 1328 1329 1326
1332 1335 1337 1339
1332 1330 1327 1325
1333 1336 1338 1341
1333 1334 1331 1328
1334 1333 1336 1338
1334 1331 1328 1329
1335 1337 1339 1340
1335 1332 1330 1327
1336 1338 1341 1343
1336 1333 1334 1331
1337 1339 1340 1342
1337 1335 1332 1330
1338 1341 1343 1345
1338 1336 1333 1334
1339 1340 1342 1344
1339 1337 1335 1332
1340 1342 1344 1346
1340 1339 1337 1335
1341 1343 1345 1347
1341 1338 1336 1333
1342 1344 1346 1348
1342 1340 1339 1337
1343 1345 1347 1349
1343 1341 1338 1336
1344 1346 1348 1350
1344 1342 1340 1339
1345 1347 1349 1351
1345 1343 1341 1338
1346 1348 1350 1352
1346 1344 1342 1340
1347 1349 1351 1353
1347 1345 1343 1341
1348 1350 1352 1354
1348 1346 1344 1342
1349 1351 1353 1355
1349 1347 1345 1343
1350 1352 1354 1356
1350 1348 1346 1344
1351 1353 1355 1358
1351 1349 1347 1345
1352 1354 1356 1357
1352 1350 1348 1346
1353 1355 1358 1360
1353 1351 1349 1347
1354 1356 1357 1359
1354 1352 1350 1348
1355 1358 1360 1362
1355 1353 1351 1349
1356 1357 1359 1361
1356 1354 1352 1350
1357 1359 1361 1363
1357 1356 1354 1352
1358 1360 1362 1364
1358 1355 1353 1351
1359 1361 1363 1365
1359 1357 1356 1354
1360 1362 1364 1366
1360 1358 1355 1353
1361 1363 1365 1367
1361 1359 1357 1356
1362 1364 1366 1368
1362 1360 1358 1355
1363 1365 1367 1369
1363 1361 1359 1357
1364 1366 1368 1370
1364 1362 1360 1358
1365 1367 1369 1371
1365 1363 1361 1359
1366 1368 1370 1373
1366 1364 1362 1360
1367 1369 1371 1372
1367 1365 1363 1361
1368 1370 1373 1375
1368 1366 1364 1362
1369 1371 1372 1374
1369 1367 1365 1363
1370 1373 1375 1377
1370 1368 1366 1364
1371 1372 1374 1376
1371 1369 1367 1365
1372 1374 1376 1378
1372 1371 1369 1367
1373 1375 1377 1379
1373 1370 1368 1366
1374 1376 1378 1380
1374 1372 1371 1369
1375 1377 1379 1381
1375 1373 1370 1368
1376 1378 1380 1382
1376 1374 1372 1371
1377 1379 1381 1383
1377 1375 1373 1370
1378 1380 1382 1384
1378 1376 1374 1372
1379 1381 1383 1385
1379 1377 1375 1373
1380 1382 1384 1386
1380 1378 1376 1374
1381 1383 1385 1388
1381 1379 1377 1375
1382 1384 1386 1387
1382 1380 1378 1376
1383 1385 1388 1390
1383 1381 1379 1377
1384 1386 1387 1389
1384 1382 1380 1378
1385 1388 1390 1392
1385 1383 1381 1379
1386 1387 1389 1391
1386 1384 1382 1380
1387 1389 1391 1393
1387 1386 1384 1382
1388 1390 1392 1394
1388 1385 1383 1381
1389 1391 1393 1395
1389 1387 1386 1384
1390 1392 1394 1396
1390 1388 1385 1383
1391 1393 1395 1397
1391 1389 1387 1386
1392 1394 1396 1398
1392 1390 1388 1385
1393 1395 1397 1399
1393 1391 1389 1387
1394 1396 1398 1401
1394 1392 1390 1388
1395 1397 1399 1402
1395 1393 1391 1389
1396 1398 1401 1400
1396 1394 1392 1390
1397 1399 1402 1404
1397 1395 1393 1391
1398 1401 1400 1403
1398 1396 1394 1392
1399 1402 1404 1407
1399 1397 1395 1393
1400 1403 1406 1405
1400 1401 1398 1396
1401 1400 1403 1406
1401 1398 1396 1394
1402 1404 1407 1409
1402 1399 1397 1395
1403 1406 1405 1408
1403 1400 1401 1398
1404 1407 1409 1412
1404 1402 1399 1397
1405 1408 1411 1410
1405 1406 1403 1400
1406 1405 1408 1411
1406 1403 1400 1401
1407 1409 1412 1414
1407 1404 1402 1399
1408 1411 1410 1413
1408 1405 1406 1403
1409 1412 1414 1417
1409 1407 1404 1402
1410 1413 1416 1415
1410 1411 1408 1405
1411 1410 1413 1416
1411 1408 1405 1406
1412 1414 1417 1419
1412 1409 1407 1404
1413 1416 1415 1418
1413 1410 1411 1408
1414 1417 1419 1422
1414 1412 1409 1407
1415 1418 1421 1420
1415 1416 1413 1410
1416 1415 1418 1421
1416 1413 1410 1411
1417 1419 1422 1424
1417 1414 1412 1409
1418 1421 1420 1423
1418 1415 1416 1413
1419 1422 1424 1427
1419 1417 1414 1412
1420 1423 1426 1425
1420 1421 1418 1415
1421 1420 1423 1426
1421 1418 1415 1416
1422 1424 1427 1429
1422 1419 1417 1414
1423 1426 1425 1428
1423 1420 1421 1418
1424 1427 1429 1432
1424 1422 1419 1417
1425 1428 1431 1430
1425 1426 1423 1420
1426 1425 1428 1431
1426 1423 1420 1421
1427 1429 1432 1434
1427 1424 1422 1419
1428 1431 1430 1433
1428 1425 1426 1423
1429 1432 1434 1437
1429 1427 1424 1422
1430 1433 1436 1435
1430 1431 1428 1425
1431 1430 1433 1436
1431 1428 1425 1426
1432 1434 1437 1439
1432 1429 1427 1424
1433 1436 1435 1438
1433 1430 1431 1428
1434 1437 1439 1442
1434 1432 1429 1427
1435 1438 1441 1440
1435 1436 1433 1430
1436 1435 1438 1441
1436 1433 1430 1431
1437 1439 1442 1444
1437 1434 1432 1429
1438 1441 1440 1443
1438 1435 1436 1433
1439 1442 1444 1445
1439 1437 1434 1432
1440 1443 1448 1447
1440 1441 1438 1435
1441 1440 1443 1448
1441 1438 1435 1436
1442 1444 1445 1449
1442 1439 1437 1434
1443 1448 1447 1450
1443 1440 1441 1438
1444 1445 1449 1451
1444 1442 1439 1437
1445 1449 1451 1455
1445 1444 1442 1439
1446 1452 1457 1456
1447 1450 1454 1453
1447 1448 1443 1440
1448 1447 1450 1454
1448 1443 1440 1441
1449 1451 1455 1459
1449 1445 1444 1442
1450 1454 1453 1458
1450 1447 1448 1443
1451 1455 1459 1463
1451 1449 1445 1444
1452 1457 1456 1460
1453 1458 1462 1461
1453 1454 1450 1447
1454 1453 1458 1462
1454 1450 1447 1448
1455 1459 1463 1467
1455 1451 1449 1445
1456 1460 1465 1464
1456 1457 1452 1446
1457 1456 1460 1465
1457 1452 1446 -1
1458 1462 1461 1466
1458 1453 1454 1450
1459 1463 1467 1471
1459 1455 1451 1449
1460 1465 1464 1468
1460 1456 1457 1452
1461 1466 1470 1469
1461 1462 1458 1453
1462 1461 1466 1470
1462 1458 1453 1454
1463 1467 1471 1475
1463 1459 1455 1451
1464 1468 1473 1472
1464 1465 1460 1456
1465 1464 1468 1473
1465 1460 1456 1457
1466 1470 1469 1474
1466 1461 1462 1458
1467 1471 1475 1476
1467 1463 1459 1455
1468 1473 1472 1477
1468 1464 1465 1460
1469 1474 1479 1478
1469 1470 1466 1461
1470 1469 1474 1479
1470 1466 1461 1462
1471 1475 1476 1480
1471 1467 1463 1459
1472 1477 1481 1484
1472 1473 1468 1464
1473 1472 1477 1481
1473 1468 1464 1465
1474 1479 1478 1482
1474 1469 1470 1466
1475 1476 1480 1483
1475 1471 1467 1463
1476 1480 1483 1487
1476 1475 1471 1467
1477 1481 1484 1488
1477 1472 1473 1468
1478 1482 1486 1485
1478 1479 1474 1469
1479 1478 1482 1486
1479 1474 1469 1470
1480 1483 1487 1490
1480 1476 1475 1471
1481 1484 1488 1491
1481 1477 1472 1473
1482 1486 1485 1489
1482 1478 1479 1474
1483 1487 1490 1494
1483 1480 1476 1475
1484 1488 1491 1496
1484 1481 1477 1472
1485 1489 1493 1492
1485 1486 1482 1478
1486 1485 1489 1493
1486 1482 1478 1479
1487 1490 1494 1495
1487 1483 1480 1476
1488 1491 1496 1500
1488 1484 1481 1477
1489 1493 1492 1497
1489 1485 1486 1482
1490 1494 1495 1498
1490 1487 1483 1480
1491 1496 1500 1499
1491 1488 1484 1481
1492 1497 1502 1501
1492 1493 1489 1485
1493 1492 1497 1502
1493 1489 1485 1486
1494 1495 1498 1503
1494 1490 1487 1483
1495 1498 1503 1504
1495 1494 1490 1487
1496 1500 1499 1505
1496 1491 1488 1484
1497 1502 1501 1506
1497 1492 1493 1489
1498 1503 1504 1507
1498 1495 1494 1490
1499 1505 1509 1508
1499 1500 1496 1491
1500 1499 1505 1509
1500 1496 1491 1488
1501 1506 1511 1510
1501 1502 1497 1492
1502 1501 1506 1511
1502 1497 1492 1493
1503 1504 1507 1512
1503 1498 1495 1494
1504 1507 1512 1515
1504 1503 1498 1495
1505 1509 1508 1513
1505 1499 1500 1496
1506 1511 1510 1514
1506 1501 1502 1497
1507 1512 1515 1519
1507 1504 1503 1498
1508 1513 1516 1520
1508 1509 1505 1499
1509 1508 1513 1516
1509 1505 1499 1500
1510 1514 1518 1517
1510 1511 1506 1501
1511 1510 1514 1518
1511 1506 1501 1502
1512 1515 1519 1522
1512 1507 1504 1503
1513 1516 1520 1524
1513 1508 1509 1505
1514 1518 1517 1521
1514 1510 1511 1506
1515 1519 1522 1523
1515 1512 1507 1504
1516 1520 1524 1529
1516 1513 1508 1509
1517 1521 1526 1525
1517 1518 1514 1510
1518 1517 1521 1526
1518 1514 1510 1511
1519 1522 1523 1527
1519 1515 1512 1507
1520 1524 1529 1528
1520 1516 1513 1508
1521 1526 1525 1530
1521 1517 1518 1514
1522 1523 1527 1531
1522 1519 1515 1512
1523 1527 1531 1532
1523 1522 1519 1515
1524 1529 1528 1533
1524 1520 1516 1513
1525 1530 1535 1534
1525 1526 1521 1517
1526 1525 1530 1535
1526 1521 1517 1518
1527 1531 1532 1536
1527 1523 1522 1519
1528 1533 1537 1540
1528 1529 1524 1520
1529 1528 1533 1537
1529 1524 1520 1516
1530 1535 1534 1538
1530 1525 1526 1521
1531 1532 1536 1539
1531 1527 1523 1522
1532 1536 1539 1543
1532 1531 1527 1523
1533 1537 1540 1544
1533 1528 1529 1524
1534 1538 1542 1541
1534 1535 1530 1525
1535 1534 1538 1542
1535 1530 1525 1526
1536 1539 1543 1546
1536 1532 1531 1527
1537 1540 1544 1547
1537 1533 1528 1529
1538 1542 1541 1545
1538 1534 1535 1530
1539 1543 1546 1550
1539 1536 1532 1531
1540 1544 1547 1551
1540 1537 1533 1528
1541 1545 1549 1548
1541 1542 1538 1534
1542 1541 1545 1549
1542 1538 1534 1535
1543 1546 1550 1553
1543 1539 1536 1532
1544 1547 1551 1555
1544 1540 1537 1533
1545 1549 1548 1552
1545 1541 1542 1538
1546 1550 1553 1557
1546 1543 1539 1536
1547 1551 1555 1554
1547 1544 1540 1537
1548 1552 1556 1559
1548 1549 1545 1541
1549 1548 1552 1556
1549 1545 1541 1542
1550 1553 1557 1560
1550 1546 1543 1539
1551 1555 1554 1558
1551 1547 1544 1540
1552 1556 1559 1562
1552 1548 1549 1545
1553 1557 1560 1563
1553 1550 1546 1543
1554 1558 1561 1564
1554 1555 1551 1547
1555 1554 1558 1561
1555 1551 1547 1544
1556 1559 1562 1565
1556 1552 1548 1549
1557 1560 1563 1566
1557 1553 1550 1546
1558 1561 1564 1567
1558 1554 1555 1551
1559 1562 1565 1568
1559 1556 1552 1548
1560 1563 1566 1569
1560 1557 1553 1550
1561 1564 1567 1570
1561 1558 1554 1555
1562 1565 1568 1571
1562 1559 1556 1552
1563 1566 1569 1572
1563 1560 1557 1553
1564 1567 1570 1573
1564 1561 1558 1554
1565 1568 1571 1574
1565 1562 1559 1556
1566 1569 1572 1575
1566 1563 1560 1557
1567 1570 1573 -1
1567 1564 1561 1558
1568 1571 1574 1576
1568 1565 1562 1559
1569 1572 1575 1577
1569 1566 1563 1560
1570 1567 1564 1561
1571 1574 1576 1578
1571 1568 1565 1562
1572 1575 1577 1579
1572 1569 1566 1563
1573 1570 1567 1564
1574 1576 1578 1580
1574 1571 1568 1565
1575 1577 1579 1581
1575 1572 1569 1566
1576 1578 1580 1582
1576 1574 1571 1568
1577 1579 1581 1583
1577 1575 1572 1569
1578 1580 1582 1584
1578 1576 1574 1571
1579 1581 1583 1585
1579 1577 1575 1572
1580 1582 1584 1587
1580 1578 1576 1574
1581 1583 1585 1586
1581 1579 1577 1575
1582 1584 1587 1589
1582 1580 1578 1576
1583 1585 1586 1588
1583 1581 1579 1577
1584 1587 1589 1592
1584 1582 1580 1578
1585 1586 1588 1590
1585 1583 1581 1579
1586 1588 1590 1591
1586 1585 1583 1581
1587 1589 1592 1594
1587 1584 1582 1580
1588 1590 1591 1593
1588 1586 1585 1583
1589 1592 1594 1597
1589 1587 1584 1582
1590 1591 1593 1595
1590 1588 1586 1585
1591 1593 1595 1596
1591 1590 1588 1586
1592 1594 1597 1599
1592 1589 1587 1584
1593 1595 1596 1598
1593 1591 1590 1588
1594 1597 1599 1601
1594 1592 1589 1587
1595 1596 1598 1600
1595 1593 1591 1590
1596 1598 1600 1602
1596 1595 1593 1591
1597 1599 1601 1604
1597 1594 1592 1589
1598 1600 1602 1603
1598 1596 1595 1593
1599 1601 1604 1606
1599 1597 1594 1592
1600 1602 1603 1605
1600 1598 1596 1595
1601 1604 1606 1609
1601 1599 1597 1594
1602 1603 1605 1607
1602 1600 1598 1596
1603 1605 1607 1608
1603 1602 1600 1598
1604 1606 1609 1611
1604 1601 1599 1597
1605 1607 1608 1610
1605 1603 1602 1600
1606 1609 1611 1614
1606 1604 1601 1599
1607 1608 1610 1612
1607 1605 1603 1602
1608 1610 1612 1613
1608 1607 1605 1603
1609 1611 1614 1617
1609 1606 1604 1601
1610 1612 1613 1615
1610 1608 1607 1605
1611 1614 1617 1619
1611 1609 1606 1604
1612 1613 1615 1616
1612 1610 1608 1607
1613 1615 1616 1618
1613 1612 1610 1608
1614 1617 1619 1622
1614 1611 1609 1606
1615 1616 1618 1620
1615 1613 1612 1610
1616 1618 1620 1621
1616 1615 1613 1612
1617 1619 1622 1624
1617 1614 1611 1609
1618 1620 1621 1623
1618 1616 1615 1613
1619 1622 1624 1626
1619 1617 1614 1611
1620 1621 1623 1625
1620 1618 1616 1615
1621 1623 1625 1627
1621 1620 1618 1616
1622 1624 1626 1629
1622 1619 1617 1614
1623 1625 1627 1628
1623 1621 1620 1618
1624 1626 1629 1632
1624 1622 1619 1617
1625 1627 1628 1630
1625 1623 1621 1620
1626 1629 1632 1635
1626 1624 1622 1619
1627 1628 1630 1631
1627 1625 1623 1621
1628 1630 1631 1633
1628 1627 1625 1623
1629 1632 1635 1634
1629 1626 1624 1622
1630 1631 1633 1636
1630 1628 1627 1625
1631 1633 1636 1637
1631 1630 1628 1627
1632 1635 1634 1638
1632 1629 1626 1624
1633 1636 1637 1639
1633 1631 1630 1628
1634 1638 1642 1641
1634 1635 1632 1629
1635 1634 1638 1642
1635 1632 1629 1626
1636 1637 1639 1640
1636 1633 1631 1630
1637 1639 1640 1643
1637 1636 1633 1631
1638 1642 1641 1644
1638 1634 1635 1632
1639 1640 1643 1645
1639 1637 1636 1633
1640 1643 1645 1646
1640 1639 1637 1636
1641 1644 1648 1647
1641 1642 1638 1634
1642 1641 1644 1648
1642 1638 1634 1635
1643 1645 1646 1649
1643 1640 1639 1637
1644 1648 1647 1651
1644 1641 1642 1638
1645 1646 1649 1650
1645 1643 1640 1639
1646 1649 1650 1652
1646 1645 1643 1640
1647 1651 1655 1654
1647 1648 1644 1641
1648 1647 1651 1655
1648 1644 1641 1642
1649 1650 1652 1653
1649 1646 1645 1643
1650 1652 1653 1656
1650 1649 1646 1645
1651 1655 1654 1657
1651 1647 1648 1644
1652 1653 1656 1658
1652 1650 1649 1646
1653 1656 1658 1659
1653 1652 1650 1649
1654 1657 1661 1660
1654 1655 1651 1647
1655 1654 1657 1661
1655 1651 1647 1648
1656 1658 1659 1662
1656 1653 1652 1650
1657 1661 1660 1664
1657 1654 1655 1651
1658 1659 1662 1663
1658 1656 1653 1652
1659 1662 1663 1665
1659 1658 1656 1653
1660 1664 1668 1667
1660 1661 1657 1654
1661 1660 1664 1668
1661 1657 1654 1655
1662 1663 1665 1666
1662 1659 1658 1656
1663 1665 1666 1669
1663 1662 1659 1658
1664 1668 1667 1671
1664 1660 1661 1657
1665 1666 1669 1670
1665 1663 1662 1659
1666 1669 1670 1672
1666 1665 1663 1662
1667 1671 1674 1673
1667 1668 1664 1660
1668 1667 1671 1674
1668 1664 1660 1661
1669 1670 1672 1675
1669 1666 1665 1663
1670 1672 1675 1676
1670 1669 1666 1665
1671 1674 1673 1677
1671 1667 1668 1664
1672 1675 1676 1678
1672 1670 1669 1666
1673 1677 1681 1680
1673 1674 1671 1667
1674 1673 1677 1681
1674 1671 1667 1668
1675 1676 1678 1679
1675 1672 1670 1669
1676 1678 1679 1682
1676 1675 1672 1670
1677 1681 1680 1684
1677 1673 1674 1671
1678 1679 1682 1683
1678 1676 1675 1672
1679 1682 1683 1685
1679 1678 1676 1675
1680 1684 1688 1687
1680 1681 1677 1673
1681 1680 1684 1688
1681 1677 1673 1674
1682 1683 1685 1686
1682 1679 1678 1676
1683 1685 1686 1689
1683 1682 1679 1678
1684 1688 1687 1691
1684 1680 1681 1677
1685 1686 1689 1690
1685 1683 1682 1679
1686 1689 1690 1692
1686 1685 1683 1682
1687 1691 1695 1694
1687 1688 1684 1680
1688 1687 1691 1695
1688 1684 1680 1681
1689 1690 1692 1693
1689 1686 1685 1683
1690 1692 1693 1696
1690 1689 1686 1685
1691 1695 1694 1698
1691 1687 1688 1684
1692 1693 1696 1697
1692 1690 1689 1686
1693 1696 1697 1699
1693 1692 1690 1689
1694 1698 1702 1701
1694 1695 1691 1687
1695 1694 1698 1702
1695 1691 1687 1688
1696 1697 1699 1700
1696 1693 1692 1690
1697 1699 1700 1703
1697 1696 1693 1692
1698 1702 1701 1705
1698 1694 1695 1691
1699 1700 1703 1704
1699 1697 1696 1693
1700 1703 1704 1706
1700 1699 1697 1696
1701 1705 1709 1708
1701 1702 1698 1694
1702 1701 1705 1709
1702 1698 1694 1695
1703 1704 1706 1707
1703 1700 1699 1697
1704 1706 1707 1710
1704 1703 1700 1699
1705 1709 1708 1712
1705 1701 1702 1698
1706 1707 1710 1711
1706 1704 1703 1700
1707 1710 1711 1713
1707 1706 1704 1703
1708 1712 1716 1715
1708 1709 1705 1701
1709 1708 1712 1716
1709 1705 1701 1702
1710 1711 1713 1714
1710 1707 1706 1704
1711 1713 1714 1717
1711 1710 1707 1706
1712 1716 1715 1719
1712 1708 1709 1705
1713 1714 1717 1718
1713 1711 1710 1707
1714 1717 1718 1720
1714 1713 1711 1710
1715 1719 1723 1722
1715 1716 1712 1708
1716 1715 1719 1723
1716 1712 1708 1709
1717 1718 1720 1721
1717 1714 1713 1711
1718 1720 1721 1724
1718 1717 1714 1713
1719 1723 1722 1726
1719 1715 1716 1712
1720 1721 1724 1725
1720 1718 1717 1714
1721 1724 1725 1727
1721 1720 1718 1717
1722 1726 1730 1729
1722 1723 1719 1715
1723 1722 1726 1730
1723 1719 1715 1716
1724 1725 1727 1728
1724 1721 1720 1718
1725 1727 1728 1731
1725 1724 1721 1720
1726 1730 1729 1733
1726 1722 1723 1719
1727 1728 1731 1732
1727 1725 1724 1721
1728 1731 1732 1734
1728 1727 1725 1724
1729 1733 1737 1736
1729 1730 1726 1722
1730 1729 1733 1737
1730 1726 1722 1723
1731 1732 1734 1735
1731 1728 1727 1725
1732 1734 1735 1738
1732 1731 1728 1727
1733 1737 1736 1741
1733 1729 1730 1726
1734 1735 1738 1739
1734 1732 1731 1728
1735 1738 1739 1740
1735 1734 1732 1731
1736 1741 1745 1744
1736 1737 1733 1729
1737 1736 1741 1745
1737 1733 1729 1730
1738 1739 1740 1742
1738 1735 1734 1732
1739 1740 1742 1743
1739 1738 1735 1734
1740 1742 1743 1746
1740 1739 1738 1735
1741 1745 1744 1748
1741 1736 1737 1733
1742 1743 1746 1747
1742 1740 1739 1738
1743 1746 1747 1749
1743 1742 1740 1739
1744 1748 1752 1751
1744 1745 1741 1736
1745 1744 1748 1752
1745 1741 1736 1737
1746 1747 1749 1750
1746 1743 1742 1740
1747 1749 1750 1753
1747 1746 1743 1742
1748 1752 1751 1755
1748 1744 1745 1741
1749 1750 1753 1754
1749 1747 1746 1743
1750 1753 1754 1756
1750 1749 1747 1746
1751 1755 1760 1759
1751 1752 1748 1744
1752 1751 1755 1760
1752 1748 1744 1745
1753 1754 1756 1757
1753 1750 1749 1747
1754 1756 1757 1758
1754 1753 1750 1749
1755 1760 1759 1763
1755 1751 1752 1748
1756 1757 1758 1761
1756 1754 1753 1750
1757 1758 1761 1762
1757 1756 1754 1753
1758 1761 1762 1764
1758 1757 1756 1754
1759 1763 1767 1766
1759 1760 1755 1751
1760 1759 1763 1767
1760 1755 1751 1752
1761 1762 1764 1765
1761 1758 1757 1756
1762 1764 1765 1768
1762 1761 1758 1757
1763 1767 1766 1770
1763 1759 1760 1755
1764 1765 1768 1769
1764 1762 1761 1758
1765 1768 1769 1771
1765 1764 1762 1761
1766 1770 1774 1773
1766 1767 1763 1759
1767 1766 1770 1774
1767 1763 1759 1760
1768 1769 1771 1772
1768 1765 1764 1762
1769 1771 1772 1775
1769 1768 1765 1764
1770 1774 1773 1778
1770 1766 1767 1763
1771 1772 1775 1776
1771 1769 1768 1765
1772 1775 1776 1777
1772 1771 1769 1768
1773 1778 1782 1781
1773 1774 1770 1766
1774 1773 1778 1782
1774 1770 1766 1767
1775 1776 1777 1779
1775 1772 1771 1769
1776 1777 1779 1780
1776 1775 1772 1771
1777 1779 1780 1783
1777 1776 1775 1772
1778 1782 1781 1785
1778 1773 1774 1770
1779 1780 1783 1784
1779 1777 1776 1775
1780 1783 1784 1786
1780 1779 1777 1776
1781 1785 1789 1788
1781 1782 1778 1773
1782 1781 1785 1789
1782 1778 1773 1774
1783 1784 1786 1787
1783 1780 1779 1777
1784 1786 1787 1790
1784 1783 1780 1779
1785 1789 1788 1793
1785 1781 1782 1778
1786 1787 1790 1791
1786 1784 1783 1780
1787 1790 1791 1792
1787 1786 1784 1783
1788 1793 1797 1800
1788 1789 1785 1781
1789 1788 1793 1797
1789 1785 1781 1782
1790 1791 1792 1794
1790 1787 1786 1784
1791 1792 1794 1795
1791 1790 1787 1786
1792 1794 1795 1796
1792 1791 1790 1787
1793 1797 1800 1803
1793 1788 1789 1785
1794 1795 1796 1798
1794 1792 1791 1790
1795 1796 1798 1799
1795 1794 1792 1791
1796 1798 1799 1801
1796 1795 1794 1792
1797 1800 1803 1806
1797 1793 1788 1789
1798 1799 1801 1802
1798 1796 1795 1794
1799 1801 1802 1804
1799 1798 1796 1795
1800 1803 1806 1809
1800 1797 1793 1788
1801 1802 1804 1805
1801 1799 1798 1796
1802 1804 1805 1807
1802 1801 1799 1798
1803 1806 1809 1813
1803 1800 1797 1793
1804 1805 1807 1808
1804 1802 1801 1799
1805 1807 1808 1810
1805 1804 1802 1801
1806 1809 1813 1817
1806 1803 1800 1797
1807 1808 1810 1811
1807 1805 1804 1802
1808 1810 1811 1812
1808 1807 1805 1804
1809 1813 1817 1821
1809 1806 1803 1800
1810 1811 1812 1814
1810 1808 1807 1805
1811 1812 1814 1815
1811 1810 1808 1807
1812 1814 1815 1816
1812 1811 1810 1808
1813 1817 1821 1824
1813 1809 1806 1803
1814 1815 1816 1818
1814 1812 1811 1810
1815 1816 1818 1819
1815 1814 1812 1811
1816 1818 1819 1820
1816 1815 1814 1812
1817 1821 1824 1827
1817 1813 1809 1806
1818 1819 1820 1822
1818 1816 1815 1814
1819 1820 1822 1823
1819 1818 1816 1815
1820 1822 1823 1825
1820 1819 1818 1816
1821 1824 1827 1830
1821 1817 1813 1809
1822 1823 1825 1826
1822 1820 1819 1818
1823 1825 1826 1828
1823 1822 1820 1819
1824 1827 1830 1834
1824 1821 1817 1813
1825 1826 1828 1829
1825 1823 1822 1820
1826 1828 1829 1831
1826 1825 1823 1822
1827 1830 1834 1838
1827 1824 1821 1817
1828 1829 1831 1832
1828 1826 1825 1823
1829 1831 1832 1833
1829 1828 1826 1825
1830 1834 1838 1842
1830 1827 1824 1821
1831 1832 1833 1835
1831 1829 1828 1826
1832 1833 1835 1836
1832 1831 1829 1828
1833 1835 1836 1837
1833 1832 1831 1829
1834 1838 1842 1845
1834 1830 1827 1824
1835 1836 1837 1839
1835 1833 1832 1831
1836 1837 1839 1840
1836 1835 1833 1832
1837 1839 1840 1841
1837 1836 1835 1833
1838 1842 1845 1849
1838 1834 1830 1827
1839 1840 1841 1843
1839 1837 1836 1835
1840 1841 1843 1844
1840 1839 1837 1836
1841 1843 1844 1846
1841 1840 1839 1837
1842 1845 1849 1853
1842 1838 1834 1830
1843 1844 1846 1847
1843 1841 1840 1839
1844 1846 1847 1848
1844 1843 1841 1840
1845 1849 1853 1857
1845 1842 1838 1834
1846 1847 1848 1850
1846 1844 1843 1841
1847 1848 1850 1851
1847 1846 1844 1843
1848 1850 1851 1852
1848 1847 1846 1844
1849 1853 1857 1861
1849 1845 1842 1838
1850 1851 1852 1854
1850 1848 1847 1846
1851 1852 1854 1855
1851 1850 1848 1847
1852 1854 1855 1856
1852 1851 1850 1848
1853 1857 1861 1865
1853 1849 1845 1842
1854 1855 1856 1858
1854 1852 1851 1850
1855 1856 1858 1859
1855 1854 1852 1851
1856 1858 1859 1860
1856 1855 1854 1852
1857 1861 1865 1869
1857 1853 1849 1845
1858 1859 1860 1862
1858 1856 1855 1854
1859 1860 1862 1863
1859 1858 1856 1855
1860 1862 1863 1864
1860 1859 1858 1856
1861 1865 1869 1873
1861 1857 1853 1849
1862 1863 1864 1866
1862 1860 1859 1858
1863 1864 1866 1867
1863 1862 1860 1859
1864 1866 1867 1868
1864 1863 1862 1860
1865 1869 1873 1877
1865 1861 1857 1853
1866 1867 1868 1870
1866 1864 1863 1862
1867 1868 1870 1871
1867 1866 1864 1863
1868 1870 1871 1872
1868 1867 1866 1864
1869 1873 1877 1882
1869 1865 1861 1857
1870 1871 1872 1874
1870 1868 1867 1866
1871 1872 1874 1875
1871 1870 1868 1867
1872 1874 1875 1876
1872 1871 1870 1868
1873 1877 1882 1881
1873 1869 1865 1861
1874 1875 1876 1878
1874 1872 1871 1870
1875 1876 1878 1879
1875 1874 1872 1871
1876 1878 1879 1880
1876 1875 1874 1872
1877 1882 1881 1886
1877 1873 1869 1865
1878 1879 1880 1883
1878 1876 1875 1874
1879 1880 1883 1884
1879 1878 1876 1875
1880 1883 1884 1885
1880 1879 1878 1876
1881 1886 1892 1891
1881 1882 1877 1873
1882 1881 1886 1892
1882 1877 1873 1869
1883 1884 1885 1887
1883 1880 1879 1878
1884 1885 1887 1888
1884 1883 1880 1879
1885 1887 1888 1889
1885 1884 1883 1880
1886 1892 1891 1890
1886 1881 1882 1877
1887 1888 1889 1893
1887 1885 1884 1883
1888 1889 1893 1894
1888 1887 1885 1884
1889 1893 1894 1895
1889 1888 1887 1885
1890 1900 1899 1898
1890 1891 1892 1886
1891 1890 1900 1899
1891 1892 1886 1881
1892 1891 1890 1900
1892 1886 1881 1882
1893 1894 1895 1901
1893 1889 1888 1887
1894 1895 1901 1902
1894 1893 1889 1888
1895 1901 1902 1903
1895 1894 1893 1889
1896 1914 1913 1912
1896 1897 1898 1899
1897 1896 1914 1913
1897 1898 1899 1900
1898 1897 1896 1914
1898 1899 1900 1890
1899 1898 1897 1896
1899 1900 1890 1891
1900 1899 1898 1897
1900 1890 1891 1892
1901 1902 1903 1915
1901 1895 1894 1893
1902 1903 1915 1916
1902 1901 1895 1894
1903 1915 1916 1917
1903 1902 1901 1895
1904 1932 1931 1930
1904 1905 1906 1907
1905 1904 1932 1931
1905 1906 1907 1908
1906 1905 1904 1932
1906 1907 1908 1909
1907 1906 1905 1904
1907 1908 1909 1910
1908 1907 1906 1905
1908 1909 1910 1911
1909 1908 1907 1906
1909 1910 1911 1912
1910 1909 1908 1907
1910 1911 1912 1913
1911 1910 1909 1908
1911 1912 1913 1914
1912 1911 1910 1909
1912 1913 1914 1896
1913 1912 1911 1910
1913 1914 1896 1897
1914 1913 1912 1911
1914 1896 1897 1898
1915 1916 1917 1933
1915 1903 1902 1901
1916 1917 1933 1934
1916 1915 1903 1902
1917 1933 1934 1935
1917 1916 1915 1903
1918 1946 1945 1944
1918 1919 1920 1921
1919 1918 1946 1945
1919 1920 1921 1922
1920 1919 1918 1946
1920 1921 1922 1923
1921 1920 1919 1918
1921 1922 1923 1924
1922 1921 1920 1919
1922 1923 1924 1925
1923 1922 1921 1920
1923 1924 1925 1926
1924 1923 1922 1921
1924 1925 1926 1927
1925 1924 1923 1922
1925 1926 1927 1928
1926 1925 1924 1923
1926 1927 1928 1929
1927 1926 1925 1924
1927 1928 1929 1930
1928 1927 1926 1925
1928 1929 1930 1931
1929 1928 1927 1926
1929 1930 1931 1932
1930 1929 1928 1927
1930 1931 1932 1904
1931 1930 1929 1928
1931 1932 1904 1905
1932 1931 1930 1929
1932 1904 1905 1906
1933 1934 1935 1947
1933 1917 1916 1915
1934 1935 1947 1948
1934 1933 1917 1916
1935 1947 1948 1949
1935 1934 1933 1917
1936 1965 1964 1963
1936 1937 1938 1939
1937 1936 1965 1964
1937 1938 1939 1940
1938 1937 1936 1965
1938 1939 1940 1941
1939 1938 1937 1936
1939 1940 1941 1942
1940 1939 1938 1937
1940 1941 1942 1943
1941 1940 1939 1938
1941 1942 1943 1944
1942 1941 1940 1939
1942 1943 1944 1945
1943 1942 1941 1940
1943 1944 1945 1946
1944 1943 1942 1941
1944 1945 1946 1918
1945 1944 1943 1942
1945 1946 1918 1919
1946 1945 1944 1943
1946 1918 1919 1920
1947 1948 1949 1950
1947 1935 1934 1933
1948 1949 1950 1966
1948 1947 1935 1934
1949 1950 1966 1967
1949 1948 1947 1935
1950 1966 1967 1968
1950 1949 1948 1947
1951 1979 1978 1977
1951 1952 1953 1954
1952 1951 1979 1978
1952 1953 1954 1955
1953 1952 1951 1979
1953 1954 1955 1956
1954 1953 1952 1951
1954 1955 1956 1957
1955 1954 1953 1952
1955 1956 1957 1958
1956 1955 1954 1953
1956 1957 1958 1959
1957 1956 1955 1954
1957 1958 1959 1960
1958 1957 1956 1955
1958 1959 1960 1961
1959 1958 1957 1956
1959 1960 1961 1962
1960 1959 1958 1957
1960 1961 1962 1963
1961 1960 1959 1958
1961 1962 1963 1964
1962 1961 1960 1959
1962 1963 1964 1965
1963 1962 1961 1960
1963 1964 1965 1936
1964 1963 1962 1961
1964 1965 1936 1937
1965 1964 1963 1962
1965 1936 1937 1938
1966 1967 1968 1980
1966 1950 1949 1948
1967 1968 1980 1981
1967 1966 1950 1949
1968 1980 1981 1982
1968 1967 1966 1950
1969 1996 1995 1994
1969 1970 1971 1972
1970 1969 1996 1995
1970 1971 1972 1973
1971 1970 1969 1996
1971 1972 1973 1974
1972 1971 1970 1969
1972 1973 1974 1975
1973 1972 1971 1970
1973 1974 1975 1976
1974 1973 1972 1971
1974 1975 1976 1977
1975 1974 1973 1972
1975 1976 1977 1978
1976 1975 1974 1973
1976 1977 1978 1979
1977 1976 1975 1974
1977 1978 1979 1951
1978 1977 1976 1975
1978 1979 1951 1952
1979 1978 1977 1976
1979 1951 1952 1953
1980 1981 1982 1997
1980 1968 1967 1966
1981 1982 1997 1998
1981 1980 1968 1967
1982 1997 1998 1999
1982 1981 1980 1968
1983 2010 2009 2008
1983 1984 1985 1986
1984 1983 2010 2009
1984 1985 1986 1987
1985 1984 1983 2010
1985 1986 1987 1988
1986 1985 1984 1983
1986 1987 1988 1989
1987 1986 1985 1984
1987 1988 1989 1990
1988 1987 1986 1985
1988 1989 1990 1991
1989 1988 1987 1986
1989 1990 1991 1992
1990 1989 1988 1987
1990 1991 1992 1993
1991 1990 1989 1988
1991 1992 1993 1994
1992 1991 1990 1989
1992 1993 1994 1995
1993 1992 1991 1990
1993 1994 1995 1996
1994 1993 1992 1991
1994 1995 1996 1969
1995 1994 1993 1992
1995 1996 1969 1970
1996 1995 1994 1993
1996 1969 1970 1971
1997 1998 1999 2011
1997 1982 1981 1980
1998 1999 2011 2012
1998 1997 1982 1981
1999 2011 2012 2013
1999 1998 1997 1982
2000 2029 2028 2027
2000 2001 2002 2003
2001 2000 2029 2028
2001 2002 2003 2004
2002 2001 2000 2029
2002 2003 2004 2005
2003 2002 2001 2000
2003 2004 2005 2006
2004 2003 2002 2001
2004 2005 2006 2007
2005 2004 2003 2002
2005 2006 2007 2008
2006 2005 2004 2003
2006 2007 2008 2009
2007 2006 2005 2004
2007 2008 2009 2010
2008 2007 2006 2005
2008 2009 2010 1983
2009 2008 2007 2006
2009 2010 1983 1984
2010 2009 2008 2007
2010 1983 1984 1985
2011 2012 2013 2014
2011 1999 1998 1997
2012 2013 2014 2030
2012 2011 1999 1998
2013 2014 2030 2031
2013 2012 2011 1999
2014 2030 2031 2032
2014 2013 2012 2011
2015 2043 2042 2041
2015 2016 2017 2018
2016 2015 2043 2042
2016 2017 2018 2019
2017 2016 2015 2043
2017 2018 2019 2020
2018 2017 2016 2015
2018 2019 2020 2021
2019 2018 2017 2016
2019 2020 2021 2022
2020 2019 2018 2017
2020 2021 2022 2023
2021 2020 2019 2018
2021 2022 2023 2024
2022 2021 2020 2019
2022 2023 2024 2025
2023 2022 2021 2020
2023 2024 2025 2026
2024 2023 2022 2021
2024 2025 2026 2027
2025 2024 2023 2022
2025 2026 2027 2028
2026 2025 2024 2023
2026 2027 2028 2029
2027 2026 2025 2024
2027 2028 2029 2000
2028 2027 2026 2025
2028 2029 2000 2001
2029 2028 2027 2026
2029 2000 2001 2002
2030 2031 2032 2044
2030 2014 2013 2012
2031 2032 2044 2045
2031 2030 2014 2013
2032 2044 2045 2046
2032 2031 2030 2014
2033 2062 2061 2060
2033 2034 2035 2036
2034 2033 2062 2061
2034 2035 2036 2037
2035 2034 2033 2062
2035 2036 2037 2038
2036 2035 2034 2033
2036 2037 2038 2039
2037 2036 2035 2034
2037 2038 2039 2040
2038 2037 2036 2035
2038 2039 2040 2041
2039 2038 2037 2036
2039 2040 2041 2042
2040 2039 2038 2037
2040 2041 2042 2043
2041 2040 2039 2038
2041 2042 2043 2015
2042 2041 2040 2039
2042 2043 2015 2016
2043 2042 2041 2040
2043 2015 2016 2017
2044 2045 2046 2047
2044 2032 2031 2030
2045 2046 2047 2063
2045 2044 2032 2031
2046 2047 2063 2064
2046 2045 2044 2032
2047 2063 2064 2065
2047 2046 2045 2044
2048 2071 2070 2069
2048 2049 2050 2051
2049 2048 2071 2070
2049 2050 2051 2052
2050 2049 2048 2071
2050 2051 2052 2053
2051 2050 2049 2048
2051 2052 2053 2054
2052 2051 2050 2049
2052 2053 2054 2055
2053 2052 2051 2050
2053 2054 2055 2056
2054 2053 2052 2051
2054 2055 2056 2057
2055 2054 2053 2052
2055 2056 2057 2058
2056 2055 2054 2053
2056 2057 2058 2059
2057 2056 2055 2054
2057 2058 2059 2060
2058 2057 2056 2055
2058 2059 2060 2061
2059 2058 2057 2056
2059 2060 2061 2062
2060 2059 2058 2057
2060 2061 2062 2033
2061 2060 2059 2058
2061 2062 2033 2034
2062 2061 2060 2059
2062 2033 2034 2035
2063 2064 2065 2066
2063 2047 2046 2045
2064 2065 2066 2067
2064 2063 2047 2046
2065 2066 2067 2068
2065 2064 2063 2047
2066 2067 2068 2069
2066 2065 2064 2063
2067 2066 2065 2064
2067 2068 2069 2070
2068 2067 2066 2065
2068 2069 2070 2071
2069 2068 2067 2066
2069 2070 2071 2048
2070 2069 2068 2067
2070 2071 2048 2049
2071 2070 2069 2068
2071 2048 2049 2050
