0 111 110 109
0 1 2 3
1 0 111 110
1 2 3 4
2 1 0 111
2 3 4 5
3 2 1 0
3 4 5 6
4 3 2 1
4 5 6 7
5 4 3 2
5 6 7 8
6 5 4 3
6 7 8 9
7 6 5 4
7 8 9 10
8 7 6 5
8 9 10 11
9 8 7 6
9 10 11 12
10 9 8 7
10 11 12 13
11 10 9 8
11 12 13 14
12 11 10 9
12 13 14 15
13 12 11 10
13 14 15 16
14 13 12 11
14 15 16 17
15 14 13 12
15 16 17 18
16 15 14 13
16 17 18 19
17 16 15 14
17 18 19 20
18 17 16 15
18 19 20 21
19 18 17 16
19 20 21 22
20 19 18 17
20 21 22 23
21 20 19 18
21 22 23 24
22 21 20 19
22 23 24 25
23 22 21 20
23 24 25 26
24 23 22 21
24 25 26 27
25 24 23 22
25 26 27 28
26 25 24 23
26 27 28 29
27 26 25 24
27 28 29 30
28 27 26 25
28 29 30 31
29 28 27 26
29 30 31 32
30 29 28 27
30 31 32 33
31 30 29 28
31 32 33 34
32 31 30 29
32 33 34 35
33 32 31 30
33 34 35 36
34 33 32 31
34 35 36 37
35 34 33 32
35 36 37 38
36 35 34 33
36 37 38 39
37 36 35 34
37 38 39 40
38 37 36 35
38 39 40 41
39 38 37 36
39 40 41 42
40 39 38 37
40 41 42 43
41 40 39 38
41 42 43 44
42 41 40 39
42 43 44 45
43 42 41 40
43 44 45 46
44 43 42 41
44 45 46 47
45 44 43 42
45 46 47 48
46 45 44 43
46 47 48 49
47 46 45 44
47 48 49 50
48 47 46 45
48 49 50 51
49 48 47 46
49 50 51 52
50 49 48 47
50 51 52 53
51 50 49 48
51 52 53 54
52 51 50 49
52 53 54 55
53 52 51 50
53 54 55 56
54 53 52 51
54 55 56 57
55 54 53 52
55 56 57 58
56 55 54 53
56 57 58 59
57 56 55 54
57 58 59 60
58 57 56 55
58 59 60 61
59 58 57 56
59 60 61 62
60 61 62 63
60 59 58 57
61 62 63 64
61 60 59 58
62 63 64 112
62 61 60 59
63 64 112 113
63 62 61 60
64 112 113 118
64 63 62 61
65 117 116 115
65 66 67 68
66 65 117 116
66 67 68 69
67 66 65 117
67 68 69 70
68 67 66 65
68 69 70 71
69 68 67 66
69 70 71 72
70 69 68 67
70 71 72 73
71 70 69 68
71 72 73 74
72 71 70 69
72 73 74 75
73 72 71 70
73 74 75 76
74 73 72 71
74 75 76 77
75 74 73 72
75 76 77 78
76 75 74 73
76 77 78 79
77 76 75 74
77 78 79 80
78 77 76 75
78 79 80 81
79 78 77 76
79 80 81 82
80 79 78 77
80 81 82 83
81 80 79 78
81 82 83 84
82 81 80 79
82 83 84 85
83 82 81 80
83 84 85 86
84 83 82 81
84 85 86 87
85 84 83 82
85 86 87 88
86 85 84 83
86 87 88 89
87 86 85 84
87 88 89 90
88 87 86 85
88 89 90 91
89 88 87 86
89 90 91 92
90 89 88 87
90 91 92 93
91 90 89 88
91 92 93 94
92 91 90 89
92 93 94 95
93 92 91 90
93 94 95 96
94 93 92 91
94 95 96 97
95 94 93 92
95 96 97 98
96 95 94 93
96 97 98 99
97 96 95 94
97 98 99 100
98 97 96 95
98 99 100 101
99 98 97 96
99 100 101 102
100 99 98 97
100 101 102 103
101 100 99 98
101 102 103 104
102 101 100 99
102 103 104 105
103 102 101 100
103 104 105 106
104 103 102 101
104 105 106 107
105 104 103 102
105 106 107 108
106 105 104 103
106 107 108 109
107 106 105 104
107 108 109 110
108 107 106 105
108 109 110 111
109 108 107 106
109 110 111 0
110 109 108 107
110 111 0 1
111 110 109 108
111 0 1 2
112 113 118 122
112 64 63 62
113 118 122 123
113 112 64 63
114 121 120 119
114 115 116 117
115 114 121 120
115 116 117 65
116 115 114 121
116 117 65 66
117 116 115 114
117 65 66 67
118 122 123 126
118 113 112 64
119 125 124 128
119 120 121 114
120 119 125 124
120 121 114 115
121 120 119 125
121 114 115 116
122 123 126 129
122 118 113 112
123 126 129 132
123 122 118 113
124 128 127 131
124 125 119 120
125 124 128 127
125 119 120 121
126 129 132 135
126 123 122 118
127 131 130 134
127 128 124 125
128 127 131 130
128 124 125 119
129 132 135 138
129 126 123 122
130 134 133 137
130 131 127 128
131 130 134 133
131 127 128 124
132 135 138 139
132 129 126 123
133 137 136 141
133 134 130 131
134 133 137 136
134 130 131 127
135 138 139 143
135 132 129 126
136 141 140 145
136 137 133 134
137 136 141 140
137 133 134 130
138 139 143 147
138 135 132 129
139 143 147 151
139 138 135 132
140 145 144 149
140 141 136 137
141 140 145 144
141 136 137 133
142 146 150 154
143 147 151 155
143 139 138 135
144 149 148 153
144 145 140 141
145 144 149 148
145 140 141 136
146 150 154 158
147 151 155 159
147 143 139 138
148 153 152 157
148 149 144 145
149 148 153 152
149 144 145 140
150 154 158 163
150 146 142 -1
151 155 159 160
151 147 143 139
152 157 156 162
152 153 148 149
153 152 157 156
153 148 149 144
154 158 163 166
154 150 146 142
155 159 160 164
155 151 147 143
156 162 161 165
156 157 152 153
157 156 162 161
157 152 153 148
158 163 166 171
158 154 150 146
159 160 164 167
159 155 151 147
160 164 167 168
160 159 155 151
161 165 170 169
161 162 156 157
162 161 165 170
162 156 157 152
163 166 171 175
163 158 154 150
164 167 168 172
164 160 159 155
165 170 169 174
165 161 162 156
166 171 175 179
166 163 158 154
167 168 172 176
167 164 160 159
168 172 176 180
168 167 164 160
169 174 173 178
169 170 165 161
170 169 174 173
170 165 161 162
171 175 179 183
171 166 163 158
172 176 180 184
172 168 167 164
173 178 177 182
173 174 169 170
174 173 178 177
174 169 170 165
175 179 183 187
175 171 166 163
176 180 184 188
176 172 168 167
177 182 181 186
177 178 173 174
178 177 182 181
178 173 174 169
179 183 187 192
179 175 171 166
180 184 188 189
180 176 172 168
181 186 185 191
181 182 177 178
182 181 186 185
182 177 178 173
183 187 192 196
183 179 175 171
184 188 189 193
184 180 176 172
185 191 190 195
185 186 181 182
186 185 191 190
186 181 182 177
187 192 196 201
187 183 179 175
188 189 193 197
188 184 180 176
189 193 197 198
189 188 184 180
190 195 194 200
190 191 185 186
191 190 195 194
191 185 186 181
192 196 201 205
192 187 183 179
193 197 198 202
193 189 188 184
194 200 199 204
194 195 190 191
195 194 200 199
195 190 191 185
196 201 205 209
196 192 187 183
197 198 202 206
197 193 189 188
198 202 206 210
198 197 193 189
199 204 203 208
199 200 194 195
200 199 204 203
200 194 195 190
201 205 209 213
201 196 192 187
202 206 210 214
202 198 197 193
203 208 207 212
203 204 199 200
204 203 208 207
204 199 200 194
205 209 213 216
205 201 196 192
206 210 214 217
206 202 198 197
207 212 211 215
207 208 203 204
208 207 212 211
208 203 204 199
209 213 216 220
209 205 201 196
210 214 217 218
210 206 202 198
211 215 219 223
211 212 207 208
212 211 215 219
212 207 208 203
213 216 220 224
213 209 205 201
214 217 218 221
214 210 206 202
215 219 223 222
215 211 212 207
216 220 224 228
216 213 209 205
217 218 221 225
217 214 210 206
218 221 225 229
218 217 214 210
219 223 222 227
219 215 211 212
220 224 228 232
220 216 213 209
221 225 229 233
221 218 217 214
222 227 226 231
222 223 219 215
223 222 227 226
223 219 215 211
224 228 232 236
224 220 216 213
225 229 233 237
225 221 218 217
226 231 230 235
226 227 222 223
227 226 231 230
227 222 223 219
228 232 236 240
228 224 220 216
229 233 237 241
229 225 221 218
230 235 234 239
230 231 226 227
231 230 235 234
231 226 227 222
232 236 240 243
232 228 224 220
233 237 241 244
233 229 225 221
234 239 238 242
234 235 230 231
235 234 239 238
235 230 231 226
236 240 243 248
236 232 228 224
237 241 244 245
237 233 229 225
238 242 246 251
238 239 234 235
239 238 242 246
239 234 235 230
240 243 248 254
240 236 232 228
241 244 245 249
241 237 233 229
242 246 251 250
242 238 239 234
243 248 254 259
243 240 236 232
244 245 249 255
244 241 237 233
245 249 255 260
245 244 241 237
246 251 250 256
246 242 238 239
247 253 252 258
248 254 259 263
248 243 240 236
249 255 260 264
249 245 244 241
250 256 261 265
250 251 246 242
251 250 256 261
251 246 242 238
252 258 257 262
252 253 247 -1
253 252 258 257
254 259 263 268
254 248 243 240
255 260 264 269
255 249 245 244
256 261 265 271
256 250 251 246
257 262 267 266
257 258 252 253
258 257 262 267
258 252 253 247
259 263 268 274
259 254 248 243
260 264 269 270
260 255 249 245
261 265 271 276
261 256 250 251
262 267 266 273
262 257 258 252
263 268 274 278
263 259 254 248
264 269 270 275
264 260 255 249
265 271 276 281
265 261 256 250
266 273 272 277
266 267 262 257
267 266 273 272
267 262 257 258
268 274 278 284
268 263 259 254
269 270 275 279
269 264 260 255
270 275 279 280
270 269 264 260
271 276 281 286
271 265 261 256
272 277 283 282
272 273 266 267
273 272 277 283
273 266 267 262
274 278 284 288
274 268 263 259
275 279 280 285
275 270 269 264
276 281 286 290
276 271 265 261
277 283 282 287
277 272 273 266
278 284 288 293
278 274 268 263
279 280 285 289
279 275 270 269
280 285 289 294
280 279 275 270
281 286 290 295
281 276 271 265
282 287 292 291
282 283 277 272
283 282 287 292
283 277 272 273
284 288 293 297
284 278 274 268
285 289 294 298
285 280 279 275
286 290 295 300
286 281 276 271
287 292 291 296
287 282 283 277
288 293 297 302
288 284 278 274
289 294 298 303
289 285 280 279
290 295 300 299
290 286 281 276
291 296 301 306
291 292 287 282
292 291 296 301
292 287 282 283
293 297 302 307
293 288 284 278
294 298 303 304
294 289 285 280
295 300 299 305
295 290 286 281
296 301 306 -1
296 291 292 287
297 302 307 310
297 293 288 284
298 303 304 308
298 294 289 285
299 305 309 313
299 300 295 290
300 299 305 309
300 295 290 286
301 296 291 292
302 307 310 314
302 297 293 288
303 304 308 311
303 298 294 289
304 308 311 312
304 303 298 294
305 309 313 316
305 299 300 295
306 301 296 291
307 310 314 317
307 302 297 293
308 311 312 315
308 304 303 298
309 313 316 320
309 305 299 300
310 314 317 321
310 307 302 297
311 312 315 318
311 308 304 303
312 315 318 322
312 311 308 304
313 316 320 319
313 309 305 299
314 317 321 324
314 310 307 302
315 318 322 325
315 312 311 308
316 320 319 323
316 313 309 305
317 321 324 327
317 314 310 307
318 322 325 328
318 315 312 311
319 323 326 331
319 320 316 313
320 319 323 326
320 316 313 309
321 324 327 332
321 317 314 310
322 325 328 329
322 318 315 312
323 326 331 330
323 319 320 316
324 327 332 335
324 321 317 314
325 328 329 333
325 322 318 315
326 331 330 334
326 323 319 320
327 332 335 338
327 324 321 317
328 329 333 336
328 325 322 318
329 333 336 339
329 328 325 322
330 334 337 341
330 331 326 323
331 330 334 337
331 326 323 319
332 335 338 342
332 327 324 321
333 336 339 343
333 329 328 325
334 337 341 340
334 330 331 326
335 338 342 345
335 332 327 324
336 339 343 346
336 333 329 328
337 341 340 344
337 334 330 331
338 342 345 349
338 335 332 327
339 343 346 347
339 336 333 329
340 344 348 352
340 341 337 334
341 340 344 348
341 337 334 330
342 345 349 353
342 338 335 332
343 346 347 350
343 339 336 333
344 348 352 351
344 340 341 337
345 349 353 357
345 342 338 335
346 347 350 354
346 343 339 336
347 350 354 355
347 346 343 339
348 352 351 356
348 344 340 341
349 353 357 360
349 345 342 338
350 354 355 358
350 347 346 343
351 356 359 362
351 352 348 344
352 351 356 359
352 348 344 340
353 357 360 363
353 349 345 342
354 355 358 361
354 350 347 346
355 358 361 364
355 354 350 347
356 359 362 365
356 351 352 348
357 360 363 366
357 353 349 345
358 361 364 367
358 355 354 350
359 362 365 368
359 356 351 352
360 363 366 369
360 357 353 349
361 364 367 370
361 358 355 354
362 365 368 371
362 359 356 351
363 366 369 372
363 360 357 353
364 367 370 373
364 361 358 355
365 368 371 374
365 362 359 356
366 369 372 375
366 363 360 357
367 370 373 376
367 364 361 358
368 371 374 377
368 365 362 359
369 372 375 378
369 366 363 360
370 373 376 379
370 367 364 361
371 374 377 380
371 368 365 362
372 375 378 381
372 369 366 363
373 376 379 382
373 370 367 364
374 377 380 383
374 371 368 365
375 378 381 384
375 372 369 366
376 379 382 385
376 373 370 367
377 380 383 386
377 374 371 368
378 381 384 387
378 375 372 369
379 382 385 388
379 376 373 370
380 383 386 389
380 377 374 371
381 384 387 390
381 378 375 372
382 385 388 391
382 379 376 373
383 386 389 392
383 380 377 374
384 387 390 393
384 381 378 375
385 388 391 394
385 382 379 376
386 389 392 395
386 383 380 377
387 390 393 396
387 384 381 378
388 391 394 397
388 385 382 379
389 392 395 398
389 386 383 380
390 393 396 399
390 387 384 381
391 394 397 400
391 388 385 382
392 395 398 402
392 389 386 383
393 396 399 403
393 390 387 384
394 397 400 404
394 391 388 385
395 398 402 401
395 392 389 386
396 399 403 406
396 393 390 387
397 400 404 407
397 394 391 388
398 402 401 405
398 395 392 389
399 403 406 410
399 396 393 390
400 404 407 411
400 397 394 391
401 405 408 412
401 402 398 395
402 401 405 408
402 398 395 392
403 406 410 409
403 399 396 393
404 407 411 414
404 400 397 394
405 408 412 415
405 401 402 398
406 410 409 413
406 403 399 396
407 411 414 417
407 404 400 397
408 412 415 418
408 405 401 402
409 413 416 419
409 410 406 403
410 409 413 416
410 406 403 399
411 414 417 420
411 407 404 400
412 415 418 421
412 408 405 401
413 416 419 422
413 409 410 406
414 417 420 423
414 411 407 404
415 418 421 424
415 412 408 405
416 419 422 425
416 413 409 410
417 420 423 426
417 414 411 407
418 421 424 427
418 415 412 408
419 422 425 428
419 416 413 409
420 423 426 429
420 417 414 411
421 424 427 430
421 418 415 412
422 425 428 431
422 419 416 413
423 426 429 432
423 420 417 414
424 427 430 434
424 421 418 415
425 428 431 435
425 422 419 416
426 429 432 436
426 423 420 417
427 430 434 433
427 424 421 418
428 431 435 438
428 425 422 419
429 432 436 439
429 426 423 420
430 434 433 437
430 427 424 421
431 435 438 441
431 428 425 422
432 436 439 442
432 429 426 423
433 437 440 443
433 434 430 427
434 433 437 440
434 430 427 424
435 438 441 444
435 431 428 425
436 439 442 445
436 432 429 426
437 440 443 446
437 433 434 430
438 441 444 447
438 435 431 428
439 442 445 448
439 436 432 429
440 443 446 449
440 437 433 434
441 444 447 450
441 438 435 431
442 445 448 451
442 439 436 432
443 446 449 452
443 440 437 433
444 447 450 453
444 441 438 435
445 448 451 454
445 442 439 436
446 449 452 455
446 443 440 437
447 450 453 456
447 444 441 438
448 451 454 457
448 445 442 439
449 452 455 458
449 446 443 440
450 453 456 459
450 447 444 441
451 454 457 460
451 448 445 442
452 455 458 461
452 449 446 443
453 456 459 462
453 450 447 444
454 457 460 463
454 451 448 445
455 458 461 464
455 452 449 446
456 459 462 465
456 453 450 447
457 460 463 466
457 454 451 448
458 461 464 467
458 455 452 449
459 462 465 468
459 456 453 450
460 463 466 469
460 457 454 451
461 464 467 470
461 458 455 452
462 465 468 471
462 459 456 453
463 466 469 472
463 460 457 454
464 467 470 473
464 461 458 455
465 468 471 474
465 462 459 456
466 469 472 475
466 463 460 457
467 470 473 476
467 464 461 458
468 471 474 477
468 465 462 459
469 472 475 478
469 466 463 460
470 473 476 479
470 467 464 461
471 474 477 480
471 468 465 462
472 475 478 481
472 469 466 463
473 476 479 482
473 470 467 464
474 477 480 483
474 471 468 465
475 478 481 484
475 472 469 466
476 479 482 485
476 473 470 467
477 480 483 486
477 474 471 468
478 481 484 487
478 475 472 469
479 482 485 488
479 476 473 470
480 483 486 489
480 477 474 471
481 484 487 490
481 478 475 472
482 485 488 491
482 479 476 473
483 486 489 492
483 480 477 474
484 487 490 493
484 481 478 475
485 488 491 494
485 482 479 476
486 489 492 495
486 483 480 477
487 490 493 496
487 484 481 478
488 491 494 497
488 485 482 479
489 492 495 498
489 486 483 480
490 493 496 499
490 487 484 481
491 494 497 500
491 488 485 482
492 495 498 501
492 489 486 483
493 496 499 502
493 490 487 484
494 497 500 503
494 491 488 485
495 498 501 504
495 492 489 486
496 499 502 505
496 493 490 487
497 500 503 506
497 494 491 488
498 501 504 507
498 495 492 489
499 502 505 508
499 496 493 490
500 503 506 509
500 497 494 491
501 504 507 510
501 498 495 492
502 505 508 511
502 499 496 493
503 506 509 512
503 500 497 494
504 507 510 513
504 501 498 495
505 508 511 514
505 502 499 496
506 509 512 515
506 503 500 497
507 510 513 516
507 504 501 498
508 511 514 517
508 505 502 499
509 512 515 518
509 506 503 500
510 513 516 519
510 507 504 501
511 514 517 520
511 508 505 502
512 515 518 521
512 509 506 503
513 516 519 522
513 510 507 504
514 517 520 523
514 511 508 505
515 518 521 524
515 512 509 506
516 519 522 525
516 513 510 507
517 520 523 526
517 514 511 508
518 521 524 527
518 515 512 509
519 522 525 528
519 516 513 510
520 523 526 529
520 517 514 511
521 524 527 530
521 518 515 512
522 525 528 531
522 519 516 513
523 526 529 532
523 520 517 514
524 527 530 533
524 521 518 515
525 528 531 534
525 522 519 516
526 529 532 535
526 523 520 517
527 530 533 536
527 524 521 518
528 531 534 537
528 525 522 519
529 532 535 538
529 526 523 520
530 533 536 539
530 527 524 521
531 534 537 540
531 528 525 522
532 535 538 541
532 529 526 523
533 536 539 542
533 530 527 524
534 537 540 543
534 531 528 525
535 538 541 544
535 532 529 526
536 539 542 545
536 533 530 527
537 540 543 546
537 534 531 528
538 541 544 547
538 535 532 529
539 542 545 548
539 536 533 530
540 543 546 549
540 537 534 531
541 544 547 550
541 538 535 532
542 545 548 551
542 539 536 533
543 546 549 552
543 540 537 534
544 547 550 553
544 541 538 535
545 548 551 554
545 542 539 536
546 549 552 555
546 543 540 537
547 550 553 556
547 544 541 538
548 551 554 557
548 545 542 539
549 552 555 558
549 546 543 540
550 553 556 559
550 547 544 541
551 554 557 560
551 548 545 542
552 555 558 561
552 549 546 543
553 556 559 562
553 550 547 544
554 557 560 563
554 551 548 545
555 558 561 564
555 552 549 546
556 559 562 565
556 553 550 547
557 560 563 566
557 554 551 548
558 561 564 567
558 555 552 549
559 562 565 568
559 556 553 550
560 563 566 569
560 557 554 551
561 564 567 570
561 558 555 552
562 565 568 577
562 559 556 553
563 566 569 578
563 560 557 554
564 567 570 579
564 561 558 555
565 568 577 582
565 562 559 556
566 569 578 583
566 563 560 557
567 570 579 584
567 564 561 558
568 577 582 588
568 565 562 559
569 578 583 589
569 566 563 560
570 579 584 590
570 567 564 561
571 580 586 585
571 572 573 574
572 571 580 586
572 573 574 -1
573 572 571 580
573 574 575 -1
574 575 576 581
574 573 572 571
574 573 572 591
574 573 572 597
575 576 581 587
575 574 573 -1
576 581 587 592
576 575 574 -1
577 582 588 593
577 568 565 562
578 583 589 594
578 569 566 563
579 584 590 595
579 570 567 564
580 586 585 591
580 571 572 573
581 587 592 598
581 576 575 574
582 588 593 599
582 577 568 565
583 589 594 600
583 578 569 566
584 590 595 601
584 579 570 567
585 591 597 596
585 586 580 571
586 585 591 597
586 580 571 572
587 592 598 603
587 581 576 575
588 593 599 604
588 582 577 568
589 594 600 605
589 583 578 569
590 595 601 606
590 584 579 570
591 597 596 602
591 585 586 580
591 585 586 572
592 598 603 608
592 587 581 576
593 599 604 610
593 588 582 577
594 600 605 611
594 589 583 578
595 601 606 612
595 590 584 579
596 602 607 613
596 597 591 585
596 597 591 572
597 596 602 607
597 591 585 586
597 591 572 573
598 603 608 609
598 592 587 581
599 604 610 615
599 593 588 582
600 605 611 616
600 594 589 583
601 606 612 617
601 595 590 584
602 607 613 618
602 596 597 591
603 608 609 614
603 598 592 587
604 610 615 620
604 599 593 588
605 611 616 621
605 600 594 589
606 612 617 622
606 601 595 590
607 613 618 623
607 602 596 597
608 609 614 619
608 603 598 592
609 614 619 624
609 608 603 598
610 615 620 625
610 604 599 593
611 616 621 626
611 605 600 594
612 617 622 628
612 606 601 595
613 618 623 629
613 607 602 596
614 619 624 630
614 609 608 603
615 620 625 631
615 610 604 599
616 621 626 632
616 611 605 600
617 622 628 634
617 612 606 601
618 623 629 635
618 613 607 602
619 624 630 636
619 614 609 608
620 625 631 637
620 615 610 604
621 626 632 638
621 616 611 605
622 628 634 640
622 617 612 606
623 629 635 641
623 618 613 607
624 630 636 642
624 619 614 609
625 631 637 643
625 620 615 610
626 632 638 644
626 621 616 611
627 633 639 645
628 634 640 646
628 622 617 612
629 635 641 647
629 623 618 613
630 636 642 648
630 624 619 614
631 637 643 649
631 625 620 615
632 638 644 650
632 626 621 616
633 639 645 651
634 640 646 652
634 628 622 617
635 641 647 653
635 629 623 618
636 642 648 654
636 630 624 619
637 643 649 655
637 631 625 620
638 644 650 656
638 632 626 621
639 645 651 657
639 633 627 -1
640 646 652 658
640 634 628 622
641 647 653 659
641 635 629 623
642 648 654 660
642 636 630 624
643 649 655 661
643 637 631 625
644 650 656 662
644 638 632 626
645 651 657 663
645 639 633 627
646 652 658 664
646 640 634 628
647 653 659 665
647 641 635 629
648 654 660 666
648 642 636 630
649 655 661 667
649 643 637 631
650 656 662 668
650 644 638 632
651 657 663 669
651 645 639 633
652 658 664 670
652 646 640 634
653 659 665 671
653 647 641 635
654 660 666 672
654 648 642 636
655 661 667 673
655 649 643 637
656 662 668 674
656 650 644 638
657 663 669 675
657 651 645 639
658 664 670 676
658 652 646 640
659 665 671 677
659 653 647 641
660 666 672 678
660 654 648 642
661 667 673 679
661 655 649 643
662 668 674 680
662 656 650 644
663 669 675 681
663 657 651 645
664 670 676 682
664 658 652 646
665 671 677 683
665 659 653 647
666 672 678 684
666 660 654 648
667 673 679 685
667 661 655 649
668 674 680 686
668 662 656 650
669 675 681 687
669 663 657 651
670 676 682 688
670 664 658 652
671 677 683 689
671 665 659 653
672 678 684 690
672 666 660 654
673 679 685 691
673 667 661 655
674 680 686 692
674 668 662 656
675 681 687 693
675 669 663 657
676 682 688 694
676 670 664 658
677 683 689 695
677 671 665 659
678 684 690 696
678 672 666 660
679 685 691 697
679 673 667 661
680 686 692 698
680 674 668 662
681 687 693 699
681 675 669 663
682 688 694 700
682 676 670 664
683 689 695 701
683 677 671 665
684 690 696 702
684 678 672 666
685 691 697 703
685 679 673 667
686 692 698 704
686 680 674 668
687 693 699 705
687 681 675 669
688 694 700 706
688 682 676 670
689 695 701 707
689 683 677 671
690 696 702 708
690 684 678 672
691 697 703 709
691 685 679 673
692 698 704 710
692 686 680 674
693 699 705 711
693 687 681 675
694 700 706 712
694 688 682 676
695 701 707 713
695 689 683 677
696 702 708 714
696 690 684 678
697 703 709 715
697 691 685 679
698 704 710 716
698 692 686 680
699 705 711 717
699 693 687 681
700 706 712 718
700 694 688 682
701 707 713 719
701 695 689 683
702 708 714 720
702 696 690 684
703 709 715 721
703 697 691 685
704 710 716 722
704 698 692 686
705 711 717 723
705 699 693 687
706 712 718 724
706 700 694 688
707 713 719 725
707 701 695 689
708 714 720 726
708 702 696 690
709 715 721 727
709 703 697 691
710 716 722 728
710 704 698 692
711 717 723 729
711 705 699 693
712 718 724 730
712 706 700 694
713 719 725 731
713 707 701 695
714 720 726 732
714 708 702 696
715 721 727 733
715 709 703 697
716 722 728 734
716 710 704 698
717 723 729 735
717 711 705 699
718 724 730 736
718 712 706 700
719 725 731 737
719 713 707 701
720 726 732 738
720 714 708 702
721 727 733 739
721 715 709 703
722 728 734 740
722 716 710 704
723 729 735 741
723 717 711 705
724 730 736 742
724 718 712 706
725 731 737 743
725 719 713 707
726 732 738 744
726 720 714 708
727 733 739 745
727 721 715 709
728 734 740 746
728 722 716 710
729 735 741 747
729 723 717 711
730 736 742 749
730 724 718 712
731 737 743 750
731 725 719 713
732 738 744 751
732 726 720 714
733 739 745 752
733 727 721 715
734 740 746 753
734 728 722 716
735 741 747 748
735 729 723 717
736 742 749 755
736 730 724 718
737 743 750 756
737 731 725 719
738 744 751 757
738 732 726 720
739 745 752 758
739 733 727 721
740 746 753 759
740 734 728 722
741 747 748 754
741 735 729 723
742 749 755 761
742 736 730 724
743 750 756 762
743 737 731 725
744 751 757 763
744 738 732 726
745 752 758 764
745 739 733 727
746 753 759 765
746 740 734 728
747 748 754 760
747 741 735 729
748 754 760 766
748 747 741 735
749 755 761 767
749 742 736 730
750 756 762 768
750 743 737 731
751 757 763 769
751 744 738 732
752 758 764 770
752 745 739 733
753 759 765 771
753 746 740 734
754 760 766 772
754 748 747 741
755 761 767 773
755 749 742 736
756 762 768 774
756 750 743 737
757 763 769 775
757 751 744 738
758 764 770 776
758 752 745 739
759 765 771 777
759 753 746 740
760 766 772 778
760 754 748 747
761 767 773 779
761 755 749 742
762 768 774 780
762 756 750 743
763 769 775 781
763 757 751 744
764 770 776 782
764 758 752 745
765 771 777 783
765 759 753 746
766 772 778 784
766 760 754 748
767 773 779 785
767 761 755 749
768 774 780 786
768 762 756 750
769 775 781 787
769 763 757 751
770 776 782 788
770 764 758 752
771 777 783 789
771 765 759 753
772 778 784 790
772 766 760 754
773 779 785 791
773 767 761 755
774 780 786 792
774 768 762 756
775 781 787 793
775 769 763 757
776 782 788 794
776 770 764 758
777 783 789 795
777 771 765 759
778 784 790 796
778 772 766 760
779 785 791 797
779 773 767 761
780 786 792 798
780 774 768 762
781 787 793 799
781 775 769 763
782 788 794 800
782 776 770 764
783 789 795 801
783 777 771 765
784 790 796 802
784 778 772 766
785 791 797 803
785 779 773 767
786 792 798 804
786 780 774 768
787 793 799 805
787 781 775 769
788 794 800 806
788 782 776 770
789 795 801 807
789 783 777 771
790 796 802 808
790 784 778 772
791 797 803 809
791 785 779 773
792 798 804 810
792 786 780 774
793 799 805 811
793 787 781 775
794 800 806 812
794 788 782 776
795 801 807 813
795 789 783 777
796 802 808 814
796 790 784 778
797 803 809 815
797 791 785 779
798 804 810 816
798 792 786 780
799 805 811 817
799 793 787 781
800 806 812 818
800 794 788 782
801 807 813 819
801 795 789 783
802 808 814 820
802 796 790 784
803 809 815 821
803 797 791 785
804 810 816 822
804 798 792 786
805 811 817 823
805 799 793 787
806 812 818 824
806 800 794 788
807 813 819 825
807 801 795 789
808 814 820 826
808 802 796 790
809 815 821 827
809 803 797 791
810 816 822 828
810 804 798 792
811 817 823 829
811 805 799 793
812 818 824 830
812 806 800 794
813 819 825 831
813 807 801 795
814 820 826 832
814 808 802 796
815 821 827 833
815 809 803 797
816 822 828 834
816 810 804 798
817 823 829 835
817 811 805 799
818 824 830 836
818 812 806 800
819 825 831 837
819 813 807 801
820 826 832 838
820 814 808 802
821 827 833 840
821 815 809 803
822 828 834 841
822 816 810 804
823 829 835 842
823 817 811 805
824 830 836 843
824 818 812 806
825 831 837 844
825 819 813 807
826 832 838 839
826 820 814 808
827 833 840 846
827 821 815 809
828 834 841 847
828 822 816 810
829 835 842 848
829 823 817 811
830 836 843 849
830 824 818 812
831 837 844 850
831 825 819 813
832 838 839 845
832 826 820 814
833 840 846 852
833 827 821 815
834 841 847 853
834 828 822 816
835 842 848 854
835 829 823 817
836 843 849 855
836 830 824 818
837 844 850 856
837 831 825 819
838 839 845 851
838 832 826 820
839 845 851 857
839 838 832 826
840 846 852 858
840 833 827 821
841 847 853 859
841 834 828 822
842 848 854 860
842 835 829 823
843 849 855 861
843 836 830 824
844 850 856 862
844 837 831 825
845 851 857 863
845 839 838 832
846 852 858 864
846 840 833 827
847 853 859 865
847 841 834 828
848 854 860 866
848 842 835 829
849 855 861 867
849 843 836 830
850 856 862 868
850 844 837 831
851 857 863 869
851 845 839 838
852 858 864 870
852 846 840 833
853 859 865 871
853 847 841 834
854 860 866 872
854 848 842 835
855 861 867 873
855 849 843 836
856 862 868 874
856 850 844 837
857 863 869 875
857 851 845 839
858 864 870 876
858 852 846 840
859 865 871 877
859 853 847 841
860 866 872 878
860 854 848 842
861 867 873 879
861 855 849 843
862 868 874 880
862 856 850 844
863 869 875 881
863 857 851 845
864 870 876 882
864 858 852 846
865 871 877 883
865 859 853 847
866 872 878 884
866 860 854 848
867 873 879 885
867 861 855 849
868 874 880 886
868 862 856 850
869 875 881 887
869 863 857 851
870 876 882 888
870 864 858 852
871 877 883 889
871 865 859 853
872 878 884 890
872 866 860 854
873 879 885 891
873 867 861 855
874 880 886 892
874 868 862 856
875 881 887 893
875 869 863 857
876 882 888 894
876 870 864 858
877 883 889 895
877 871 865 859
878 884 890 896
878 872 866 860
879 885 891 897
879 873 867 861
880 886 892 898
880 874 868 862
881 887 893 899
881 875 869 863
882 888 894 901
882 876 870 864
883 889 895 902
883 877 871 865
884 890 896 903
884 878 872 866
885 891 897 904
885 879 873 867
886 892 898 905
886 880 874 868
887 893 899 900
887 881 875 869
888 894 901 907
888 882 876 870
889 895 902 908
889 883 877 871
890 896 903 909
890 884 878 872
891 897 904 910
891 885 879 873
892 898 905 911
892 886 880 874
893 899 900 906
893 887 881 875
894 901 907 914
894 888 882 876
895 902 908 915
895 889 883 877
896 903 909 916
896 890 884 878
897 904 910 917
897 891 885 879
898 905 911 918
898 892 886 880
899 900 906 912
899 893 887 881
900 906 912 913
900 899 893 887
901 907 914 920
901 894 888 882
902 908 915 921
902 895 889 883
903 909 916 922
903 896 890 884
904 910 917 923
904 897 891 885
905 911 918 924
905 898 892 886
906 912 913 919
906 900 899 893
907 914 920 926
907 901 894 888
908 915 921 927
908 902 895 889
909 916 922 928
909 903 896 890
910 917 923 929
910 904 897 891
911 918 924 930
911 905 898 892
912 913 919 925
912 906 900 899
913 919 925 931
913 912 906 900
914 920 926 932
914 907 901 894
915 921 927 933
915 908 902 895
916 922 928 934
916 909 903 896
917 923 929 935
917 910 904 897
918 924 930 936
918 911 905 898
919 925 931 937
919 913 912 906
920 926 932 938
920 914 907 901
921 927 933 939
921 915 908 902
922 928 934 940
922 916 909 903
923 929 935 941
923 917 910 904
924 930 936 942
924 918 911 905
925 931 937 943
925 919 913 912
926 932 938 944
926 920 914 907
927 933 939 945
927 921 915 908
928 934 940 946
928 922 916 909
929 935 941 947
929 923 917 910
930 936 942 948
930 924 918 911
931 937 943 949
931 925 919 913
932 938 944 950
932 926 920 914
933 939 945 951
933 927 921 915
934 940 946 952
934 928 922 916
935 941 947 953
935 929 923 917
936 942 948 954
936 930 924 918
937 943 949 955
937 931 925 919
938 944 950 957
938 932 926 920
939 945 951 958
939 933 927 921
940 946 952 959
940 934 928 922
941 947 953 960
941 935 929 923
942 948 954 961
942 936 930 924
943 949 955 956
943 937 931 925
944 950 957 963
944 938 932 926
945 951 958 964
945 939 933 927
946 952 959 965
946 940 934 928
947 953 960 966
947 941 935 929
948 954 961 967
948 942 936 930
949 955 956 962
949 943 937 931
950 957 963 970
950 944 938 932
951 958 964 971
951 945 939 933
952 959 965 972
952 946 940 934
953 960 966 973
953 947 941 935
954 961 967 974
954 948 942 936
955 956 962 968
955 949 943 937
956 962 968 969
956 955 949 943
957 963 970 976
957 950 944 938
958 964 971 977
958 951 945 939
959 965 972 978
959 952 946 940
960 966 973 979
960 953 947 941
961 967 974 980
961 954 948 942
962 968 969 975
962 956 955 949
963 970 976 982
963 957 950 944
964 971 977 983
964 958 951 945
965 972 978 984
965 959 952 946
966 973 979 985
966 960 953 947
967 974 980 986
967 961 954 948
968 969 975 981
968 962 956 955
969 975 981 987
969 968 962 956
970 976 982 988
970 963 957 950
971 977 983 989
971 964 958 951
972 978 984 990
972 965 959 952
973 979 985 991
973 966 960 953
974 980 986 992
974 967 961 954
975 981 987 993
975 969 968 962
976 982 988 994
976 970 963 957
977 983 989 995
977 971 964 958
978 984 990 996
978 972 965 959
979 985 991 997
979 973 966 960
980 986 992 998
980 974 967 961
981 987 993 999
981 975 969 968
982 988 994 1000
982 976 970 963
983 989 995 1001
983 977 971 964
984 990 996 1002
984 978 972 965
985 991 997 1003
985 979 973 966
986 992 998 1004
986 980 974 967
987 993 999 1005
987 981 975 969
988 994 1000 1006
988 982 976 970
989 995 1001 1007
989 983 977 971
990 996 1002 1008
990 984 978 972
991 997 1003 1009
991 985 979 973
992 998 1004 1010
992 986 980 974
993 999 1005 1011
993 987 981 975
994 1000 1006 1012
994 988 982 976
995 1001 1007 1013
995 989 983 977
996 1002 1008 1014
996 990 984 978
997 1003 1009 1015
997 991 985 979
998 1004 1010 1016
998 992 986 980
999 1005 1011 1017
999 993 987 981
1000 1006 1012 1018
1000 994 988 982
1001 1007 1013 1019
1001 995 989 983
1002 1008 1014 1020
1002 996 990 984
1003 1009 1015 1021
1003 997 991 985
1004 1010 1016 1022
1004 998 992 986
1005 1011 1017 1024
1005 999 993 987
1006 1012 1018 1025
1006 1000 994 988
1007 1013 1019 1026
1007 1001 995 989
1008 1014 1020 1027
1008 1002 996 990
1009 1015 1021 1028
1009 1003 997 991
1010 1016 1022 1029
1010 1004 998 992
1011 1017 1024 1023
1011 1005 999 993
1012 1018 1025 1031
1012 1006 1000 994
1013 1019 1026 1032
1013 1007 1001 995
1014 1020 1027 1033
1014 1008 1002 996
1015 1021 1028 1034
1015 1009 1003 997
1016 1022 1029 1035
1016 1010 1004 998
1017 1024 1023 1030
1017 1011 1005 999
1018 1025 1031 1038
1018 1012 1006 1000
1019 1026 1032 1039
1019 1013 1007 1001
1020 1027 1033 1040
1020 1014 1008 1002
1021 1028 1034 1041
1021 1015 1009 1003
1022 1029 1035 1042
1022 1016 1010 1004
1023 1030 1037 1036
1023 1024 1017 1011
1024 1023 1030 1037
1024 1017 1011 1005
1025 1031 1038 1044
1025 1018 1012 1006
1026 1032 1039 1045
1026 1019 1013 1007
1027 1033 1040 1046
1027 1020 1014 1008
1028 1034 1041 1047
1028 1021 1015 1009
1029 1035 1042 1048
1029 1022 1016 1010
1030 1037 1036 1043
1030 1023 1024 1017
1031 1038 1044 1050
1031 1025 1018 1012
1032 1039 1045 1051
1032 1026 1019 1013
1033 1040 1046 1052
1033 1027 1020 1014
1034 1041 1047 1053
1034 1028 1021 1015
1035 1042 1048 1054
1035 1029 1022 1016
1036 1043 1049 1055
1036 1037 1030 1023
1037 1036 1043 1049
1037 1030 1023 1024
1038 1044 1050 1056
1038 1031 1025 1018
1039 1045 1051 1057
1039 1032 1026 1019
1040 1046 1052 1058
1040 1033 1027 1020
1041 1047 1053 1059
1041 1034 1028 1021
1042 1048 1054 1060
1042 1035 1029 1022
1043 1049 1055 1061
1043 1036 1037 1030
1044 1050 1056 1062
1044 1038 1031 1025
1045 1051 1057 1063
1045 1039 1032 1026
1046 1052 1058 1064
1046 1040 1033 1027
1047 1053 1059 1065
1047 1041 1034 1028
1048 1054 1060 1066
1048 1042 1035 1029
1049 1055 1061 1068
1049 1043 1036 1037
1050 1056 1062 1069
1050 1044 1038 1031
1051 1057 1063 1070
1051 1045 1039 1032
1052 1058 1064 1071
1052 1046 1040 1033
1053 1059 1065 1072
1053 1047 1041 1034
1054 1060 1066 1073
1054 1048 1042 1035
1055 1061 1068 1067
1055 1049 1043 1036
1056 1062 1069 1075
1056 1050 1044 1038
1057 1063 1070 1077
1057 1051 1045 1039
1058 1064 1071 1078
1058 1052 1046 1040
1059 1065 1072 1079
1059 1053 1047 1041
1060 1066 1073 1080
1060 1054 1048 1042
1061 1068 1067 1074
1061 1055 1049 1043
1062 1069 1075 1076
1062 1056 1050 1044
1063 1070 1077 1083
1063 1057 1051 1045
1064 1071 1078 1084
1064 1058 1052 1046
1065 1072 1079 1085
1065 1059 1053 1047
1066 1073 1080 1086
1066 1060 1054 1048
1067 1074 1081 1087
1067 1068 1061 1055
1068 1067 1074 1081
1068 1061 1055 1049
1069 1075 1076 1082
1069 1062 1056 1050
1070 1077 1083 1089
1070 1063 1057 1051
1071 1078 1084 1090
1071 1064 1058 1052
1072 1079 1085 1091
1072 1065 1059 1053
1073 1080 1086 1092
1073 1066 1060 1054
1074 1081 1087 1093
1074 1067 1068 1061
1075 1076 1082 1088
1075 1069 1062 1056
1076 1082 1088 1094
1076 1075 1069 1062
1077 1083 1089 1095
1077 1070 1063 1057
1078 1084 1090 1096
1078 1071 1064 1058
1079 1085 1091 1097
1079 1072 1065 1059
1080 1086 1092 1098
1080 1073 1066 1060
1081 1087 1093 1100
1081 1074 1067 1068
1082 1088 1094 1101
1082 1076 1075 1069
1083 1089 1095 1102
1083 1077 1070 1063
1084 1090 1096 1103
1084 1078 1071 1064
1085 1091 1097 1104
1085 1079 1072 1065
1086 1092 1098 1105
1086 1080 1073 1066
1087 1093 1100 1099
1087 1081 1074 1067
1088 1094 1101 1107
1088 1082 1076 1075
1089 1095 1102 1108
1089 1083 1077 1070
1090 1096 1103 1109
1090 1084 1078 1071
1091 1097 1104 1110
1091 1085 1079 1072
1092 1098 1105 1111
1092 1086 1080 1073
1093 1100 1099 1106
1093 1087 1081 1074
1094 1101 1107 1113
1094 1088 1082 1076
1095 1102 1108 1114
1095 1089 1083 1077
1096 1103 1109 1115
1096 1090 1084 1078
1097 1104 1110 1116
1097 1091 1085 1079
1098 1105 1111 1117
1098 1092 1086 1080
1099 1106 1112 1118
1099 1100 1093 1087
1100 1099 1106 1112
1100 1093 1087 1081
1101 1107 1113 1119
1101 1094 1088 1082
1102 1108 1114 1120
1102 1095 1089 1083
1103 1109 1115 1121
1103 1096 1090 1084
1104 1110 1116 1122
1104 1097 1091 1085
1105 1111 1117 1123
1105 1098 1092 1086
1106 1112 1118 1124
1106 1099 1100 1093
1107 1113 1119 1125
1107 1101 1094 1088
1108 1114 1120 1126
1108 1102 1095 1089
1109 1115 1121 1127
1109 1103 1096 1090
1110 1116 1122 1128
1110 1104 1097 1091
1111 1117 1123 1129
1111 1105 1098 1092
1112 1118 1124 1131
1112 1106 1099 1100
1113 1119 1125 1132
1113 1107 1101 1094
1114 1120 1126 1133
1114 1108 1102 1095
1115 1121 1127 1134
1115 1109 1103 1096
1116 1122 1128 1135
1116 1110 1104 1097
1117 1123 1129 1136
1117 1111 1105 1098
1118 1124 1131 1130
1118 1112 1106 1099
1119 1125 1132 1138
1119 1113 1107 1101
1120 1126 1133 1139
1120 1114 1108 1102
1121 1127 1134 1140
1121 1115 1109 1103
1122 1128 1135 1141
1122 1116 1110 1104
1123 1129 1136 1142
1123 1117 1111 1105
1124 1131 1130 1137
1124 1118 1112 1106
1125 1132 1138 1144
1125 1119 1113 1107
1126 1133 1139 1145
1126 1120 1114 1108
1127 1134 1140 1146
1127 1121 1115 1109
1128 1135 1141 1147
1128 1122 1116 1110
1129 1136 1142 1148
1129 1123 1117 1111
1130 1137 1143 1149
1130 1131 1124 1118
1131 1130 1137 1143
1131 1124 1118 1112
1132 1138 1144 1150
1132 1125 1119 1113
1133 1139 1145 1151
1133 1126 1120 1114
1134 1140 1146 1152
1134 1127 1121 1115
1135 1141 1147 1153
1135 1128 1122 1116
1136 1142 1148 1154
1136 1129 1123 1117
1137 1143 1149 1155
1137 1130 1131 1124
1138 1144 1150 1156
1138 1132 1125 1119
1139 1145 1151 1157
1139 1133 1126 1120
1140 1146 1152 1158
1140 1134 1127 1121
1141 1147 1153 1159
1141 1135 1128 1122
1142 1148 1154 1160
1142 1136 1129 1123
1143 1149 1155 1161
1143 1137 1130 1131
1144 1150 1156 1162
1144 1138 1132 1125
1145 1151 1157 1163
1145 1139 1133 1126
1146 1152 1158 1164
1146 1140 1134 1127
1147 1153 1159 1165
1147 1141 1135 1128
1148 1154 1160 1166
1148 1142 1136 1129
1149 1155 1161 1167
1149 1143 1137 1130
1150 1156 1162 1168
1150 1144 1138 1132
1151 1157 1163 1169
1151 1145 1139 1133
1152 1158 1164 1170
1152 1146 1140 1134
1153 1159 1165 1171
1153 1147 1141 1135
1154 1160 1166 1172
1154 1148 1142 1136
1155 1161 1167 1173
1155 1149 1143 1137
1156 1162 1168 1174
1156 1150 1144 1138
1157 1163 1169 1175
1157 1151 1145 1139
1158 1164 1170 1176
1158 1152 1146 1140
1159 1165 1171 1177
1159 1153 1147 1141
1160 1166 1172 1178
1160 1154 1148 1142
1161 1167 1173 1180
1161 1155 1149 1143
1162 1168 1174 1181
1162 1156 1150 1144
1163 1169 1175 1182
1163 1157 1151 1145
1164 1170 1176 1183
1164 1158 1152 1146
1165 1171 1177 1184
1165 1159 1153 1147
1166 1172 1178 1185
1166 1160 1154 1148
1167 1173 1180 1179
1167 1161 1155 1149
1168 1174 1181 1187
1168 1162 1156 1150
1169 1175 1182 1188
1169 1163 1157 1151
1170 1176 1183 1189
1170 1164 1158 1152
1171 1177 1184 1190
1171 1165 1159 1153
1172 1178 1185 1191
1172 1166 1160 1154
1173 1180 1179 1186
1173 1167 1161 1155
1174 1181 1187 1193
1174 1168 1162 1156
1175 1182 1188 1194
1175 1169 1163 1157
1176 1183 1189 1195
1176 1170 1164 1158
1177 1184 1190 1196
1177 1171 1165 1159
1178 1185 1191 1197
1178 1172 1166 1160
1179 1186 1192 1199
1179 1180 1173 1167
1180 1179 1186 1192
1180 1173 1167 1161
1181 1187 1193 1200
1181 1174 1168 1162
1182 1188 1194 1201
1182 1175 1169 1163
1183 1189 1195 1202
1183 1176 1170 1164
1184 1190 1196 1203
1184 1177 1171 1165
1185 1191 1197 1204
1185 1178 1172 1166
1186 1192 1199 1198
1186 1179 1180 1173
1187 1193 1200 1206
1187 1181 1174 1168
1188 1194 1201 1207
1188 1182 1175 1169
1189 1195 1202 1208
1189 1183 1176 1170
1190 1196 1203 1209
1190 1184 1177 1171
1191 1197 1204 1210
1191 1185 1178 1172
1192 1199 1198 1205
1192 1186 1179 1180
1193 1200 1206 1212
1193 1187 1181 1174
1194 1201 1207 1213
1194 1188 1182 1175
1195 1202 1208 1214
1195 1189 1183 1176
1196 1203 1209 1215
1196 1190 1184 1177
1197 1204 1210 1216
1197 1191 1185 1178
1198 1205 1211 1218
1198 1199 1192 1186
1199 1198 1205 1211
1199 1192 1186 1179
1200 1206 1212 1219
1200 1193 1187 1181
1201 1207 1213 1220
1201 1194 1188 1182
1202 1208 1214 1221
1202 1195 1189 1183
1203 1209 1215 1222
1203 1196 1190 1184
1204 1210 1216 1223
1204 1197 1191 1185
1205 1211 1218 1217
1205 1198 1199 1192
1206 1212 1219 1225
1206 1200 1193 1187
1207 1213 1220 1226
1207 1201 1194 1188
1208 1214 1221 1227
1208 1202 1195 1189
1209 1215 1222 1228
1209 1203 1196 1190
1210 1216 1223 1229
1210 1204 1197 1191
1211 1218 1217 1224
1211 1205 1198 1199
1212 1219 1225 1231
1212 1206 1200 1193
1213 1220 1226 1232
1213 1207 1201 1194
1214 1221 1227 1233
1214 1208 1202 1195
1215 1222 1228 1234
1215 1209 1203 1196
1216 1223 1229 1235
1216 1210 1204 1197
1217 1224 1230 1237
1217 1218 1211 1205
1218 1217 1224 1230
1218 1211 1205 1198
1219 1225 1231 1238
1219 1212 1206 1200
1220 1226 1232 1239
1220 1213 1207 1201
1221 1227 1233 1240
1221 1214 1208 1202
1222 1228 1234 1241
1222 1215 1209 1203
1223 1229 1235 1242
1223 1216 1210 1204
1224 1230 1237 1236
1224 1217 1218 1211
1225 1231 1238 1244
1225 1219 1212 1206
1226 1232 1239 1245
1226 1220 1213 1207
1227 1233 1240 1246
1227 1221 1214 1208
1228 1234 1241 1247
1228 1222 1215 1209
1229 1235 1242 1248
1229 1223 1216 1210
1230 1237 1236 1243
1230 1224 1217 1218
1231 1238 1244 1250
1231 1225 1219 1212
1232 1239 1245 1251
1232 1226 1220 1213
1233 1240 1246 1252
1233 1227 1221 1214
1234 1241 1247 1253
1234 1228 1222 1215
1235 1242 1248 1254
1235 1229 1223 1216
1236 1243 1249 1255
1236 1237 1230 1224
1237 1236 1243 1249
1237 1230 1224 1217
1238 1244 1250 1256
1238 1231 1225 1219
1239 1245 1251 1257
1239 1232 1226 1220
1240 1246 1252 1258
1240 1233 1227 1221
1241 1247 1253 1259
1241 1234 1228 1222
1242 1248 1254 1260
1242 1235 1229 1223
1243 1249 1255 1261
1243 1236 1237 1230
1244 1250 1256 1262
1244 1238 1231 1225
1245 1251 1257 1263
1245 1239 1232 1226
1246 1252 1258 1264
1246 1240 1233 1227
1247 1253 1259 1265
1247 1241 1234 1228
1248 1254 1260 1266
1248 1242 1235 1229
1249 1255 1261 1267
1249 1243 1236 1237
1250 1256 1262 1268
1250 1244 1238 1231
1251 1257 1263 1269
1251 1245 1239 1232
1252 1258 1264 1270
1252 1246 1240 1233
1253 1259 1265 1271
1253 1247 1241 1234
1254 1260 1266 1272
1254 1248 1242 1235
1255 1261 1267 1273
1255 1249 1243 1236
1256 1262 1268 1274
1256 1250 1244 1238
1257 1263 1269 1275
1257 1251 1245 1239
1258 1264 1270 1276
1258 1252 1246 1240
1259 1265 1271 1277
1259 1253 1247 1241
1260 1266 1272 1278
1260 1254 1248 1242
1261 1267 1273 1279
1261 1255 1249 1243
1262 1268 1274 1280
1262 1256 1250 1244
1263 1269 1275 1281
1263 1257 1251 1245
1264 1270 1276 1282
1264 1258 1252 1246
1265 1271 1277 1283
1265 1259 1253 1247
1266 1272 1278 1284
1266 1260 1254 1248
1267 1273 1279 1285
1267 1261 1255 1249
1268 1274 1280 1286
1268 1262 1256 1250
1269 1275 1281 1287
1269 1263 1257 1251
1270 1276 1282 1288
1270 1264 1258 1252
1271 1277 1283 1289
1271 1265 1259 1253
1272 1278 1284 1290
1272 1266 1260 1254
1273 1279 1285 1291
1273 1267 1261 1255
1274 1280 1286 1292
1274 1268 1262 1256
1275 1281 1287 1293
1275 1269 1263 1257
1276 1282 1288 1294
1276 1270 1264 1258
1277 1283 1289 1295
1277 1271 1265 1259
1278 1284 1290 1296
1278 1272 1266 1260
1279 1285 1291 1298
1279 1273 1267 1261
1280 1286 1292 1299
1280 1274 1268 1262
1281 1287 1293 1300
1281 1275 1269 1263
1282 1288 1294 1301
1282 1276 1270 1264
1283 1289 1295 1302
1283 1277 1271 1265
1284 1290 1296 1303
1284 1278 1272 1266
1285 1291 1298 1297
1285 1279 1273 1267
1286 1292 1299 1305
1286 1280 1274 1268
1287 1293 1300 1306
1287 1281 1275 1269
1288 1294 1301 1307
1288 1282 1276 1270
1289 1295 1302 1308
1289 1283 1277 1271
1290 1296 1303 1309
1290 1284 1278 1272
1291 1298 1297 1304
1291 1285 1279 1273
1292 1299 1305 1311
1292 1286 1280 1274
1293 1300 1306 1312
1293 1287 1281 1275
1294 1301 1307 1313
1294 1288 1282 1276
1295 1302 1308 1314
1295 1289 1283 1277
1296 1303 1309 1315
1296 1290 1284 1278
1297 1304 1310 1316
1297 1298 1291 1285
1298 1297 1304 1310
1298 1291 1285 1279
1299 1305 1311 1317
1299 1292 1286 1280
1300 1306 1312 1318
1300 1293 1287 1281
1301 1307 1313 1319
1301 1294 1288 1282
1302 1308 1314 1320
1302 1295 1289 1283
1303 1309 1315 1321
1303 1296 1290 1284
1304 1310 1316 1322
1304 1297 1298 1291
1305 1311 1317 1323
1305 1299 1292 1286
1306 1312 1318 1324
1306 1300 1293 1287
1307 1313 1319 1325
1307 1301 1294 1288
1308 1314 1320 1326
1308 1302 1295 1289
1309 1315 1321 1327
1309 1303 1296 1290
1310 1316 1322 1328
1310 1304 1297 1298
1311 1317 1323 1329
1311 1305 1299 1292
1312 1318 1324 1330
1312 1306 1300 1293
1313 1319 1325 1331
1313 1307 1301 1294
1314 1320 1326 1332
1314 1308 1302 1295
1315 1321 1327 1333
1315 1309 1303 1296
1316 1322 1328 1334
1316 1310 1304 1297
1317 1323 1329 1335
1317 1311 1305 1299
1318 1324 1330 1336
1318 1312 1306 1300
1319 1325 1331 1337
1319 1313 1307 1301
1320 1326 1332 1338
1320 1314 1308 1302
1321 1327 1333 1339
1321 1315 1309 1303
1322 1328 1334 1340
1322 1316 1310 1304
1323 1329 1335 1341
1323 1317 1311 1305
1324 1330 1336 1342
1324 1318 1312 1306
1325 1331 1337 1343
1325 1319 1313 1307
1326 1332 1338 1344
1326 1320 1314 1308
1327 1333 1339 1345
1327 1321 1315 1309
1328 1334 1340 1346
1328 1322 1316 1310
1329 1335 1341 1347
1329 1323 1317 1311
1330 1336 1342 1348
1330 1324 1318 1312
1331 1337 1343 1349
1331 1325 1319 1313
1332 1338 1344 1350
1332 1326 1320 1314
1333 1339 1345 1351
1333 1327 1321 1315
1334 1340 1346 1352
1334 1328 1322 1316
1335 1341 1347 1353
1335 1329 1323 1317
1336 1342 1348 1354
1336 1330 1324 1318
1337 1343 1349 1355
1337 1331 1325 1319
1338 1344 1350 1356
1338 1332 1326 1320
1339 1345 1351 1357
1339 1333 1327 1321
1340 1346 1352 1358
1340 1334 1328 1322
1341 1347 1353 1359
1341 1335 1329 1323
1342 1348 1354 1360
1342 1336 1330 1324
1343 1349 1355 1361
1343 1337 1331 1325
1344 1350 1356 1362
1344 1338 1332 1326
1345 1351 1357 1363
1345 1339 1333 1327
1346 1352 1358 1364
1346 1340 1334 1328
1347 1353 1359 1365
1347 1341 1335 1329
1348 1354 1360 1366
1348 1342 1336 1330
1349 1355 1361 1367
1349 1343 1337 1331
1350 1356 1362 1368
1350 1344 1338 1332
1351 1357 1363 1369
1351 1345 1339 1333
1352 1358 1364 1371
1352 1346 1340 1334
1353 1359 1365 1372
1353 1347 1341 1335
1354 1360 1366 1373
1354 1348 1342 1336
1355 1361 1367 1374
1355 1349 1343 1337
1356 1362 1368 1375
1356 1350 1344 1338
1357 1363 1369 1376
1357 1351 1345 1339
1358 1364 1371 1370
1358 1352 1346 1340
1359 1365 1372 1378
1359 1353 1347 1341
1360 1366 1373 1379
1360 1354 1348 1342
1361 1367 1374 1380
1361 1355 1349 1343
1362 1368 1375 1381
1362 1356 1350 1344
1363 1369 1376 1382
1363 1357 1351 1345
1364 1371 1370 1377
1364 1358 1352 1346
1365 1372 1378 1384
1365 1359 1353 1347
1366 1373 1379 1385
1366 1360 1354 1348
1367 1374 1380 1386
1367 1361 1355 1349
1368 1375 1381 1387
1368 1362 1356 1350
1369 1376 1382 1388
1369 1363 1357 1351
1370 1377 1383 1389
1370 1371 1364 1358
1371 1370 1377 1383
1371 1364 1358 1352
1372 1378 1384 1390
1372 1365 1359 1353
1373 1379 1385 1391
1373 1366 1360 1354
1374 1380 1386 1392
1374 1367 1361 1355
1375 1381 1387 1393
1375 1368 1362 1356
1376 1382 1388 1394
1376 1369 1363 1357
1377 1383 1389 1396
1377 1370 1371 1364
1378 1384 1390 1397
1378 1372 1365 1359
1379 1385 1391 1398
1379 1373 1366 1360
1380 1386 1392 1399
1380 1374 1367 1361
1381 1387 1393 1400
1381 1375 1368 1362
1382 1388 1394 1401
1382 1376 1369 1363
1383 1389 1396 1395
1383 1377 1370 1371
1384 1390 1397 1403
1384 1378 1372 1365
1385 1391 1398 1404
1385 1379 1373 1366
1386 1392 1399 1405
1386 1380 1374 1367
1387 1393 1400 1406
1387 1381 1375 1368
1388 1394 1401 1407
1388 1382 1376 1369
1389 1396 1395 1402
1389 1383 1377 1370
1390 1397 1403 1409
1390 1384 1378 1372
1391 1398 1404 1410
1391 1385 1379 1373
1392 1399 1405 1411
1392 1386 1380 1374
1393 1400 1406 1412
1393 1387 1381 1375
1394 1401 1407 1413
1394 1388 1382 1376
1395 1402 1408 1414
1395 1396 1389 1383
1396 1395 1402 1408
1396 1389 1383 1377
1397 1403 1409 1415
1397 1390 1384 1378
1398 1404 1410 1416
1398 1391 1385 1379
1399 1405 1411 1417
1399 1392 1386 1380
1400 1406 1412 1418
1400 1393 1387 1381
1401 1407 1413 1419
1401 1394 1388 1382
1402 1408 1414 1420
1402 1395 1396 1389
1403 1409 1415 1421
1403 1397 1390 1384
1404 1410 1416 1422
1404 1398 1391 1385
1405 1411 1417 1423
1405 1399 1392 1386
1406 1412 1418 1424
1406 1400 1393 1387
1407 1413 1419 1425
1407 1401 1394 1388
1408 1414 1420 1426
1408 1402 1395 1396
1409 1415 1421 1427
1409 1403 1397 1390
1410 1416 1422 1428
1410 1404 1398 1391
1411 1417 1423 1429
1411 1405 1399 1392
1412 1418 1424 1430
1412 1406 1400 1393
1413 1419 1425 1431
1413 1407 1401 1394
1414 1420 1426 1432
1414 1408 1402 1395
1415 1421 1427 1433
1415 1409 1403 1397
1416 1422 1428 1434
1416 1410 1404 1398
1417 1423 1429 1435
1417 1411 1405 1399
1418 1424 1430 1436
1418 1412 1406 1400
1419 1425 1431 1437
1419 1413 1407 1401
1420 1426 1432 1438
1420 1414 1408 1402
1421 1427 1433 1439
1421 1415 1409 1403
1422 1428 1434 1440
1422 1416 1410 1404
1423 1429 1435 1441
1423 1417 1411 1405
1424 1430 1436 1442
1424 1418 1412 1406
1425 1431 1437 1443
1425 1419 1413 1407
1426 1432 1438 1444
1426 1420 1414 1408
1427 1433 1439 1445
1427 1421 1415 1409
1428 1434 1440 1446
1428 1422 1416 1410
1429 1435 1441 1447
1429 1423 1417 1411
1430 1436 1442 1448
1430 1424 1418 1412
1431 1437 1443 1449
1431 1425 1419 1413
1432 1438 1444 1450
1432 1426 1420 1414
1433 1439 1445 1451
1433 1427 1421 1415
1434 1440 1446 1452
1434 1428 1422 1416
1435 1441 1447 1453
1435 1429 1423 1417
1436 1442 1448 1454
1436 1430 1424 1418
1437 1443 1449 1455
1437 1431 1425 1419
1438 1444 1450 1456
1438 1432 1426 1420
1439 1445 1451 1457
1439 1433 1427 1421
1440 1446 1452 1458
1440 1434 1428 1422
1441 1447 1453 1459
1441 1435 1429 1423
1442 1448 1454 1460
1442 1436 1430 1424
1443 1449 1455 1461
1443 1437 1431 1425
1444 1450 1456 1462
1444 1438 1432 1426
1445 1451 1457 1463
1445 1439 1433 1427
1446 1452 1458 1464
1446 1440 1434 1428
1447 1453 1459 1465
1447 1441 1435 1429
1448 1454 1460 1466
1448 1442 1436 1430
1449 1455 1461 1467
1449 1443 1437 1431
1450 1456 1462 1468
1450 1444 1438 1432
1451 1457 1463 1469
1451 1445 1439 1433
1452 1458 1464 1470
1452 1446 1440 1434
1453 1459 1465 1471
1453 1447 1441 1435
1454 1460 1466 1472
1454 1448 1442 1436
1455 1461 1467 1473
1455 1449 1443 1437
1456 1462 1468 1474
1456 1450 1444 1438
1457 1463 1469 1475
1457 1451 1445 1439
1458 1464 1470 1476
1458 1452 1446 1440
1459 1465 1471 1477
1459 1453 1447 1441
1460 1466 1472 1478
1460 1454 1448 1442
1461 1467 1473 1479
1461 1455 1449 1443
1462 1468 1474 1480
1462 1456 1450 1444
1463 1469 1475 1481
1463 1457 1451 1445
1464 1470 1476 1482
1464 1458 1452 1446
1465 1471 1477 1483
1465 1459 1453 1447
1466 1472 1478 1484
1466 1460 1454 1448
1467 1473 1479 1485
1467 1461 1455 1449
1468 1474 1480 1486
1468 1462 1456 1450
1469 1475 1481 1487
1469 1463 1457 1451
1470 1476 1482 1488
1470 1464 1458 1452
1471 1477 1483 1489
1471 1465 1459 1453
1472 1478 1484 1490
1472 1466 1460 1454
1473 1479 1485 1491
1473 1467 1461 1455
1474 1480 1486 1492
1474 1468 1462 1456
1475 1481 1487 1493
1475 1469 1463 1457
1476 1482 1488 1494
1476 1470 1464 1458
1477 1483 1489 1495
1477 1471 1465 1459
1478 1484 1490 1496
1478 1472 1466 1460
1479 1485 1491 1497
1479 1473 1467 1461
1480 1486 1492 -1
1480 1474 1468 1462
1481 1487 1493 1498
1481 1475 1469 1463
1482 1488 1494 1499
1482 1476 1470 1464
1483 1489 1495 1500
1483 1477 1471 1465
1484 1490 1496 1501
1484 1478 1472 1466
1485 1491 1497 1502
1485 1479 1473 1467
1486 1480 1474 1468
1487 1493 1498 1503
1487 1481 1475 1469
1488 1494 1499 1504
1488 1482 1476 1470
1489 1495 1500 1505
1489 1483 1477 1471
1490 1496 1501 1506
1490 1484 1478 1472
1491 1497 1502 1507
1491 1485 1479 1473
1492 1486 1480 1474
1493 1498 1503 1508
1493 1487 1481 1475
1494 1499 1504 1509
1494 1488 1482 1476
1495 1500 1505 1510
1495 1489 1483 1477
1496 1501 1506 1511
1496 1490 1484 1478
1497 1502 1507 1512
1497 1491 1485 1479
1498 1503 1508 1513
1498 1493 1487 1481
1499 1504 1509 1514
1499 1494 1488 1482
1500 1505 1510 1515
1500 1495 1489 1483
1501 1506 1511 1516
1501 1496 1490 1484
1502 1507 1512 1517
1502 1497 1491 1485
1503 1508 1513 1518
1503 1498 1493 1487
1504 1509 1514 1519
1504 1499 1494 1488
1505 1510 1515 1520
1505 1500 1495 1489
1506 1511 1516 1521
1506 1501 1496 1490
1507 1512 1517 1522
1507 1502 1497 1491
1508 1513 1518 1523
1508 1503 1498 1493
1509 1514 1519 1524
1509 1504 1499 1494
1510 1515 1520 1525
1510 1505 1500 1495
1511 1516 1521 1526
1511 1506 1501 1496
1512 1517 1522 1527
1512 1507 1502 1497
1513 1518 1523 1528
1513 1508 1503 1498
1514 1519 1524 1529
1514 1509 1504 1499
1515 1520 1525 1530
1515 1510 1505 1500
1516 1521 1526 1531
1516 1511 1506 1501
1517 1522 1527 1532
1517 1512 1507 1502
1518 1523 1528 1533
1518 1513 1508 1503
1519 1524 1529 1534
1519 1514 1509 1504
1520 1525 1530 1535
1520 1515 1510 1505
1521 1526 1531 1536
1521 1516 1511 1506
1522 1527 1532 1537
1522 1517 1512 1507
1523 1528 1533 1538
1523 1518 1513 1508
1524 1529 1534 1539
1524 1519 1514 1509
1525 1530 1535 1540
1525 1520 1515 1510
1526 1531 1536 1541
1526 1521 1516 1511
1527 1532 1537 1542
1527 1522 1517 1512
1528 1533 1538 1543
1528 1523 1518 1513
1529 1534 1539 1544
1529 1524 1519 1514
1530 1535 1540 1545
1530 1525 1520 1515
1531 1536 1541 1546
1531 1526 1521 1516
1532 1537 1542 1547
1532 1527 1522 1517
1533 1538 1543 1548
1533 1528 1523 1518
1534 1539 1544 1549
1534 1529 1524 1519
1535 1540 1545 1550
1535 1530 1525 1520
1536 1541 1546 1551
1536 1531 1526 1521
1537 1542 1547 1552
1537 1532 1527 1522
1538 1543 1548 1553
1538 1533 1528 1523
1539 1544 1549 1554
1539 1534 1529 1524
1540 1545 1550 1555
1540 1535 1530 1525
1541 1546 1551 1556
1541 1536 1531 1526
1542 1547 1552 1557
1542 1537 1532 1527
1543 1548 1553 1558
1543 1538 1533 1528
1544 1549 1554 1559
1544 1539 1534 1529
1545 1550 1555 1560
1545 1540 1535 1530
1546 1551 1556 1561
1546 1541 1536 1531
1547 1552 1557 1562
1547 1542 1537 1532
1548 1553 1558 1563
1548 1543 1538 1533
1549 1554 1559 1564
1549 1544 1539 1534
1550 1555 1560 1565
1550 1545 1540 1535
1551 1556 1561 1566
1551 1546 1541 1536
1552 1557 1562 1567
1552 1547 1542 1537
1553 1558 1563 1568
1553 1548 1543 1538
1554 1559 1564 1569
1554 1549 1544 1539
1555 1560 1565 1570
1555 1550 1545 1540
1556 1561 1566 1571
1556 1551 1546 1541
1557 1562 1567 1572
1557 1552 1547 1542
1558 1563 1568 1573
1558 1553 1548 1543
1559 1564 1569 1574
1559 1554 1549 1544
1560 1565 1570 1575
1560 1555 1550 1545
1561 1566 1571 1576
1561 1556 1551 1546
1562 1567 1572 1577
1562 1557 1552 1547
1563 1568 1573 1578
1563 1558 1553 1548
1564 1569 1574 1579
1564 1559 1554 1549
1565 1570 1575 1580
1565 1560 1555 1550
1566 1571 1576 1581
1566 1561 1556 1551
1567 1572 1577 1582
1567 1562 1557 1552
1568 1573 1578 1583
1568 1563 1558 1553
1569 1574 1579 1584
1569 1564 1559 1554
1570 1575 1580 1585
1570 1565 1560 1555
1571 1576 1581 1586
1571 1566 1561 1556
1572 1577 1582 1587
1572 1567 1562 1557
1573 1578 1583 1588
1573 1568 1563 1558
1574 1579 1584 1589
1574 1569 1564 1559
1575 1580 1585 1590
1575 1570 1565 1560
1576 1581 1586 1591
1576 1571 1566 1561
1577 1582 1587 1592
1577 1572 1567 1562
1578 1583 1588 1593
1578 1573 1568 1563
1579 1584 1589 1594
1579 1574 1569 1564
1580 1585 1590 1595
1580 1575 1570 1565
1581 1586 1591 1596
1581 1576 1571 1566
1582 1587 1592 1597
1582 1577 1572 1567
1583 1588 1593 1598
1583 1578 1573 1568
1584 1589 1594 1599
1584 1579 1574 1569
1585 1590 1595 1600
1585 1580 1575 1570
1586 1591 1596 1601
1586 1581 1576 1571
1587 1592 1597 1602
1587 1582 1577 1572
1588 1593 1598 1603
1588 1583 1578 1573
1589 1594 1599 1604
1589 1584 1579 1574
1590 1595 1600 1605
1590 1585 1580 1575
1591 1596 1601 1606
1591 1586 1581 1576
1592 1597 1602 1607
1592 1587 1582 1577
1593 1598 1603 1608
1593 1588 1583 1578
1594 1599 1604 1609
1594 1589 1584 1579
1595 1600 1605 1610
1595 1590 1585 1580
1596 1601 1606 1611
1596 1591 1586 1581
1597 1602 1607 1612
1597 1592 1587 1582
1598 1603 1608 1613
1598 1593 1588 1583
1599 1604 1609 1614
1599 1594 1589 1584
1600 1605 1610 1615
1600 1595 1590 1585
1601 1606 1611 1616
1601 1596 1591 1586
1602 1607 1612 1617
1602 1597 1592 1587
1603 1608 1613 1618
1603 1598 1593 1588
1604 1609 1614 1619
1604 1599 1594 1589
1605 1610 1615 1620
1605 1600 1595 1590
1606 1611 1616 1621
1606 1601 1596 1591
1607 1612 1617 1622
1607 1602 1597 1592
1608 1613 1618 1623
1608 1603 1598 1593
1609 1614 1619 1624
1609 1604 1599 1594
1610 1615 1620 1625
1610 1605 1600 1595
1611 1616 1621 1626
1611 1606 1601 1596
1612 1617 1622 1627
1612 1607 1602 1597
1613 1618 1623 1628
1613 1608 1603 1598
1614 1619 1624 1629
1614 1609 1604 1599
1615 1620 1625 1630
1615 1610 1605 1600
1616 1621 1626 1631
1616 1611 1606 1601
1617 1622 1627 1632
1617 1612 1607 1602
1618 1623 1628 1633
1618 1613 1608 1603
1619 1624 1629 1634
1619 1614 1609 1604
1620 1625 1630 1635
1620 1615 1610 1605
1621 1626 1631 1636
1621 1616 1611 1606
1622 1627 1632 1637
1622 1617 1612 1607
1623 1628 1633 1638
1623 1618 1613 1608
1624 1629 1634 1639
1624 1619 1614 1609
1625 1630 1635 1640
1625 1620 1615 1610
1626 1631 1636 1641
1626 1621 1616 1611
1627 1632 1637 1642
1627 1622 1617 1612
1628 1633 1638 1643
1628 1623 1618 1613
1629 1634 1639 1644
1629 1624 1619 1614
1630 1635 1640 1645
1630 1625 1620 1615
1631 1636 1641 1646
1631 1626 1621 1616
1632 1637 1642 1647
1632 1627 1622 1617
1633 1638 1643 1648
1633 1628 1623 1618
1634 1639 1644 1649
1634 1629 1624 1619
1635 1640 1645 1650
1635 1630 1625 1620
1636 1641 1646 1651
1636 1631 1626 1621
1637 1642 1647 1652
1637 1632 1627 1622
1638 1643 1648 1653
1638 1633 1628 1623
1639 1644 1649 1654
1639 1634 1629 1624
1640 1645 1650 1655
1640 1635 1630 1625
1641 1646 1651 1656
1641 1636 1631 1626
1642 1647 1652 1657
1642 1637 1632 1627
1643 1648 1653 1658
1643 1638 1633 1628
1644 1649 1654 1659
1644 1639 1634 1629
1645 1650 1655 1660
1645 1640 1635 1630
1646 1651 1656 1661
1646 1641 1636 1631
1647 1652 1657 1662
1647 1642 1637 1632
1648 1653 1658 1663
1648 1643 1638 1633
1649 1654 1659 1664
1649 1644 1639 1634
1650 1655 1660 1665
1650 1645 1640 1635
1651 1656 1661 1666
1651 1646 1641 1636
1652 1657 1662 1667
1652 1647 1642 1637
1653 1658 1663 1668
1653 1648 1643 1638
1654 1659 1664 1669
1654 1649 1644 1639
1655 1660 1665 1670
1655 1650 1645 1640
1656 1661 1666 1671
1656 1651 1646 1641
1657 1662 1667 1672
1657 1652 1647 1642
1658 1663 1668 1673
1658 1653 1648 1643
1659 1664 1669 1674
1659 1654 1649 1644
1660 1665 1670 1675
1660 1655 1650 1645
1661 1666 1671 1676
1661 1656 1651 1646
1662 1667 1672 1677
1662 1657 1652 1647
1663 1668 1673 1678
1663 1658 1653 1648
1664 1669 1674 1679
1664 1659 1654 1649
1665 1670 1675 1680
1665 1660 1655 1650
1666 1671 1676 1681
1666 1661 1656 1651
1667 1672 1677 1682
1667 1662 1657 1652
1668 1673 1678 1683
1668 1663 1658 1653
1669 1674 1679 1684
1669 1664 1659 1654
1670 1675 1680 1685
1670 1665 1660 1655
1671 1676 1681 1686
1671 1666 1661 1656
1672 1677 1682 1687
1672 1667 1662 1657
1673 1678 1683 1688
1673 1668 1663 1658
1674 1679 1684 1689
1674 1669 1664 1659
1675 1680 1685 1690
1675 1670 1665 1660
1676 1681 1686 1691
1676 1671 1666 1661
1677 1682 1687 1692
1677 1672 1667 1662
1678 1683 1688 1693
1678 1673 1668 1663
1679 1684 1689 1694
1679 1674 1669 1664
1680 1685 1690 1695
1680 1675 1670 1665
1681 1686 1691 1696
1681 1676 1671 1666
1682 1687 1692 1697
1682 1677 1672 1667
1683 1688 1693 1698
1683 1678 1673 1668
1684 1689 1694 1699
1684 1679 1674 1669
1685 1690 1695 1700
1685 1680 1675 1670
1686 1691 1696 1701
1686 1681 1676 1671
1687 1692 1697 1702
1687 1682 1677 1672
1688 1693 1698 1703
1688 1683 1678 1673
1689 1694 1699 1704
1689 1684 1679 1674
1690 1695 1700 1706
1690 1685 1680 1675
1691 1696 1701 1707
1691 1686 1681 1676
1692 1697 1702 1708
1692 1687 1682 1677
1693 1698 1703 1709
1693 1688 1683 1678
1694 1699 1704 1705
1694 1689 1684 1679
1695 1700 1706 1711
1695 1690 1685 1680
1696 1701 1707 1712
1696 1691 1686 1681
1697 1702 1708 1713
1697 1692 1687 1682
1698 1703 1709 1714
1698 1693 1688 1683
1699 1704 1705 1710
1699 1694 1689 1684
1700 1706 1711 1716
1700 1695 1690 1685
1701 1707 1712 1717
1701 1696 1691 1686
1702 1708 1713 1718
1702 1697 1692 1687
1703 1709 1714 1719
1703 1698 1693 1688
1704 1705 1710 1715
1704 1699 1694 1689
1705 1710 1715 1720
1705 1704 1699 1694
1706 1711 1716 1721
1706 1700 1695 1690
1707 1712 1717 1722
1707 1701 1696 1691
1708 1713 1718 1723
1708 1702 1697 1692
1709 1714 1719 1724
1709 1703 1698 1693
1710 1715 1720 1725
1710 1705 1704 1699
1711 1716 1721 1726
1711 1706 1700 1695
1712 1717 1722 1727
1712 1707 1701 1696
1713 1718 1723 1728
1713 1708 1702 1697
1714 1719 1724 1729
1714 1709 1703 1698
1715 1720 1725 1730
1715 1710 1705 1704
1716 1721 1726 1731
1716 1711 1706 1700
1717 1722 1727 1732
1717 1712 1707 1701
1718 1723 1728 1733
1718 1713 1708 1702
1719 1724 1729 1734
1719 1714 1709 1703
1720 1725 1730 1735
1720 1715 1710 1705
1721 1726 1731 1736
1721 1716 1711 1706
1722 1727 1732 1737
1722 1717 1712 1707
1723 1728 1733 1738
1723 1718 1713 1708
1724 1729 1734 1739
1724 1719 1714 1709
1725 1730 1735 1740
1725 1720 1715 1710
1726 1731 1736 1741
1726 1721 1716 1711
1727 1732 1737 1742
1727 1722 1717 1712
1728 1733 1738 1743
1728 1723 1718 1713
1729 1734 1739 1744
1729 1724 1719 1714
1730 1735 1740 1745
1730 1725 1720 1715
1731 1736 1741 1746
1731 1726 1721 1716
1732 1737 1742 1747
1732 1727 1722 1717
1733 1738 1743 1748
1733 1728 1723 1718
1734 1739 1744 1749
1734 1729 1724 1719
1735 1740 1745 1750
1735 1730 1725 1720
1736 1741 1746 1751
1736 1731 1726 1721
1737 1742 1747 1752
1737 1732 1727 1722
1738 1743 1748 1753
1738 1733 1728 1723
1739 1744 1749 1754
1739 1734 1729 1724
1740 1745 1750 1755
1740 1735 1730 1725
1741 1746 1751 1756
1741 1736 1731 1726
1742 1747 1752 1757
1742 1737 1732 1727
1743 1748 1753 1758
1743 1738 1733 1728
1744 1749 1754 1759
1744 1739 1734 1729
1745 1750 1755 1760
1745 1740 1735 1730
1746 1751 1756 1761
1746 1741 1736 1731
1747 1752 1757 1762
1747 1742 1737 1732
1748 1753 1758 1763
1748 1743 1738 1733
1749 1754 1759 1764
1749 1744 1739 1734
1750 1755 1760 1765
1750 1745 1740 1735
1751 1756 1761 1766
1751 1746 1741 1736
1752 1757 1762 1767
1752 1747 1742 1737
1753 1758 1763 1768
1753 1748 1743 1738
1754 1759 1764 1769
1754 1749 1744 1739
1755 1760 1765 1770
1755 1750 1745 1740
1756 1761 1766 1771
1756 1751 1746 1741
1757 1762 1767 1772
1757 1752 1747 1742
1758 1763 1768 1773
1758 1753 1748 1743
1759 1764 1769 1774
1759 1754 1749 1744
1760 1765 1770 1775
1760 1755 1750 1745
1761 1766 1771 1776
1761 1756 1751 1746
1762 1767 1772 1777
1762 1757 1752 1747
1763 1768 1773 1778
1763 1758 1753 1748
1764 1769 1774 1779
1764 1759 1754 1749
1765 1770 1775 1780
1765 1760 1755 1750
1766 1771 1776 1781
1766 1761 1756 1751
1767 1772 1777 1782
1767 1762 1757 1752
1768 1773 1778 1783
1768 1763 1758 1753
1769 1774 1779 1784
1769 1764 1759 1754
1770 1775 1780 1785
1770 1765 1760 1755
1771 1776 1781 1786
1771 1766 1761 1756
1772 1777 1782 1787
1772 1767 1762 1757
1773 1778 1783 1788
1773 1768 1763 1758
1774 1779 1784 1789
1774 1769 1764 1759
1775 1780 1785 1790
1775 1770 1765 1760
1776 1781 1786 1791
1776 1771 1766 1761
1777 1782 1787 1793
1777 1772 1767 1762
1778 1783 1788 1794
1778 1773 1768 1763
1779 1784 1789 1795
1779 1774 1769 1764
1780 1785 1790 1796
1780 1775 1770 1765
1781 1786 1791 1798
1781 1776 1771 1766
1782 1787 1793 1792
1782 1777 1772 1767
1783 1788 1794 1800
1783 1778 1773 1768
1784 1789 1795 1801
1784 1779 1774 1769
1785 1790 1796 1802
1785 1780 1775 1770
1786 1791 1798 1797
1786 1781 1776 1771
1787 1793 1792 1799
1787 1782 1777 1772
1788 1794 1800 1805
1788 1783 1778 1773
1789 1795 1801 1806
1789 1784 1779 1774
1790 1796 1802 1807
1790 1785 1780 1775
1791 1798 1797 1803
1791 1786 1781 1776
1792 1799 1804 1809
1792 1793 1787 1782
1793 1792 1799 1804
1793 1787 1782 1777
1794 1800 1805 1810
1794 1788 1783 1778
1795 1801 1806 1811
1795 1789 1784 1779
1796 1802 1807 1812
1796 1790 1785 1780
1797 1803 1808 1813
1797 1798 1791 1786
1798 1797 1803 1808
1798 1791 1786 1781
1799 1804 1809 1814
1799 1792 1793 1787
1800 1805 1810 1815
1800 1794 1788 1783
1801 1806 1811 1816
1801 1795 1789 1784
1802 1807 1812 1817
1802 1796 1790 1785
1803 1808 1813 1818
1803 1797 1798 1791
1804 1809 1814 1819
1804 1799 1792 1793
1805 1810 1815 1820
1805 1800 1794 1788
1806 1811 1816 1821
1806 1801 1795 1789
1807 1812 1817 1822
1807 1802 1796 1790
1808 1813 1818 1823
1808 1803 1797 1798
1809 1814 1819 1824
1809 1804 1799 1792
1810 1815 1820 1825
1810 1805 1800 1794
1811 1816 1821 1826
1811 1806 1801 1795
1812 1817 1822 1827
1812 1807 1802 1796
1813 1818 1823 1828
1813 1808 1803 1797
1814 1819 1824 1829
1814 1809 1804 1799
1815 1820 1825 1830
1815 1810 1805 1800
1816 1821 1826 1831
1816 1811 1806 1801
1817 1822 1827 1832
1817 1812 1807 1802
1818 1823 1828 1833
1818 1813 1808 1803
1819 1824 1829 1834
1819 1814 1809 1804
1820 1825 1830 1835
1820 1815 1810 1805
1821 1826 1831 1836
1821 1816 1811 1806
1822 1827 1832 1837
1822 1817 1812 1807
1823 1828 1833 1838
1823 1818 1813 1808
1824 1829 1834 1839
1824 1819 1814 1809
1825 1830 1835 1840
1825 1820 1815 1810
1826 1831 1836 1841
1826 1821 1816 1811
1827 1832 1837 1842
1827 1822 1817 1812
1828 1833 1838 1843
1828 1823 1818 1813
1829 1834 1839 1844
1829 1824 1819 1814
1830 1835 1840 1845
1830 1825 1820 1815
1831 1836 1841 1846
1831 1826 1821 1816
1832 1837 1842 1847
1832 1827 1822 1817
1833 1838 1843 1848
1833 1828 1823 1818
1834 1839 1844 1849
1834 1829 1824 1819
1835 1840 1845 1850
1835 1830 1825 1820
1836 1841 1846 1851
1836 1831 1826 1821
1837 1842 1847 1852
1837 1832 1827 1822
1838 1843 1848 1853
1838 1833 1828 1823
1839 1844 1849 1854
1839 1834 1829 1824
1840 1845 1850 1855
1840 1835 1830 1825
1841 1846 1851 1856
1841 1836 1831 1826
1842 1847 1852 1857
1842 1837 1832 1827
1843 1848 1853 1858
1843 1838 1833 1828
1844 1849 1854 1859
1844 1839 1834 1829
1845 1850 1855 1860
1845 1840 1835 1830
1846 1851 1856 1861
1846 1841 1836 1831
1847 1852 1857 1862
1847 1842 1837 1832
1848 1853 1858 1864
1848 1843 1838 1833
1849 1854 1859 1865
1849 1844 1839 1834
1850 1855 1860 1866
1850 1845 1840 1835
1851 1856 1861 1867
1851 1846 1841 1836
1852 1857 1862 1868
1852 1847 1842 1837
1853 1858 1864 1863
1853 1848 1843 1838
1854 1859 1865 1870
1854 1849 1844 1839
1855 1860 1866 1871
1855 1850 1845 1840
1856 1861 1867 1872
1856 1851 1846 1841
1857 1862 1868 1873
1857 1852 1847 1842
1858 1864 1863 1869
1858 1853 1848 1843
1859 1865 1870 1876
1859 1854 1849 1844
1860 1866 1871 1877
1860 1855 1850 1845
1861 1867 1872 1878
1861 1856 1851 1846
1862 1868 1873 1874
1862 1857 1852 1847
1863 1869 1875 1880
1863 1864 1858 1853
1864 1863 1869 1875
1864 1858 1853 1848
1865 1870 1876 1881
1865 1859 1854 1849
1866 1871 1877 1882
1866 1860 1855 1850
1867 1872 1878 1883
1867 1861 1856 1851
1868 1873 1874 1879
1868 1862 1857 1852
1869 1875 1880 1886
1869 1863 1864 1858
1870 1876 1881 1887
1870 1865 1859 1854
1871 1877 1882 1888
1871 1866 1860 1855
1872 1878 1883 1889
1872 1867 1861 1856
1873 1874 1879 1884
1873 1874 1879 1897
1873 1868 1862 1857
1874 1879 1884 1885
1874 1879 1897 1898
1874 1873 1868 1862
1875 1880 1886 1892
1875 1869 1863 1864
1876 1881 1887 1893
1876 1870 1865 1859
1877 1882 1888 1894
1877 1871 1866 1860
1878 1883 1889 1895
1878 1872 1867 1861
1879 1884 1885 1890
1879 1884 1885 1897
1879 1874 1873 1868
1880 1886 1892 1891
1880 1875 1869 1863
1881 1887 1893 1902
1881 1876 1870 1865
1882 1888 1894 1903
1882 1877 1871 1866
1883 1889 1895 1904
1883 1878 1872 1867
1884 1885 1890 1896
1884 1879 1874 1873
1885 1890 1896 1897
1885 1884 1879 1874
1886 1892 1891 1901
1886 1880 1875 1869
1887 1893 1902 1905
1887 1881 1876 1870
1888 1894 1903 1906
1888 1882 1877 1871
1889 1895 1904 1907
1889 1883 1878 1872
1890 1896 1897 1898
1890 1885 1884 1879
1891 1901 1900 1899
1891 1892 1886 1880
1892 1891 1901 1900
1892 1886 1880 1875
1893 1902 1905 1908
1893 1887 1881 1876
1894 1903 1906 1909
1894 1888 1882 1877
1895 1904 1907 1910
1895 1889 1883 1878
1896 1897 1898 1899
1896 1890 1885 1884
1897 1898 1899 -1
1897 1896 1890 1885
1898 1899 1900 1901
1898 1897 1896 1890
1899 1898 1897 1896
1899 1898 1897 1879
1899 1898 1897 1874
1899 1900 1901 1891
1900 1899 1898 -1
1900 1901 1891 1892
1901 1900 1899 -1
1901 1891 1892 1886
1902 1905 1908 1911
1902 1893 1887 1881
1903 1906 1909 1912
1903 1894 1888 1882
1904 1907 1910 1913
1904 1895 1889 1883
1905 1908 1911 1914
1905 1902 1893 1887
1906 1909 1912 1915
1906 1903 1894 1888
1907 1910 1913 1916
1907 1904 1895 1889
1908 1911 1914 1917
1908 1905 1902 1893
1909 1912 1915 1918
1909 1906 1903 1894
1910 1913 1916 1920
1910 1907 1904 1895
1911 1914 1917 1921
1911 1908 1905 1902
1912 1915 1918 1919
1912 1909 1906 1903
1913 1916 1920 1923
1913 1910 1907 1904
1914 1917 1921 1924
1914 1911 1908 1905
1915 1918 1919 1922
1915 1912 1909 1906
1916 1920 1923 1926
1916 1913 1910 1907
1917 1921 1924 1927
1917 1914 1911 1908
1918 1919 1922 1925
1918 1915 1912 1909
1919 1922 1925 1928
1919 1918 1915 1912
1920 1923 1926 1929
1920 1916 1913 1910
1921 1924 1927 1930
1921 1917 1914 1911
1922 1925 1928 1931
1922 1919 1918 1915
1923 1926 1929 1932
1923 1920 1916 1913
1924 1927 1930 1933
1924 1921 1917 1914
1925 1928 1931 1934
1925 1922 1919 1918
1926 1929 1932 1935
1926 1923 1920 1916
1927 1930 1933 1936
1927 1924 1921 1917
1928 1931 1934 1937
1928 1925 1922 1919
1929 1932 1935 1938
1929 1926 1923 1920
1930 1933 1936 1939
1930 1927 1924 1921
1931 1934 1937 1940
1931 1928 1925 1922
1932 1935 1938 1941
1932 1929 1926 1923
1933 1936 1939 1942
1933 1930 1927 1924
1934 1937 1940 1943
1934 1931 1928 1925
1935 1938 1941 1944
1935 1932 1929 1926
1936 1939 1942 1945
1936 1933 1930 1927
1937 1940 1943 1946
1937 1934 1931 1928
1938 1941 1944 1947
1938 1935 1932 1929
1939 1942 1945 1948
1939 1936 1933 1930
1940 1943 1946 1949
1940 1937 1934 1931
1941 1944 1947 1950
1941 1938 1935 1932
1942 1945 1948 1951
1942 1939 1936 1933
1943 1946 1949 1952
1943 1940 1937 1934
1944 1947 1950 1954
1944 1941 1938 1935
1945 1948 1951 1955
1945 1942 1939 1936
1946 1949 1952 1956
1946 1943 1940 1937
1947 1950 1954 1958
1947 1944 1941 1938
1948 1951 1955 1959
1948 1945 1942 1939
1949 1952 1956 1960
1949 1946 1943 1940
1950 1954 1958 1962
1950 1947 1944 1941
1951 1955 1959 1963
1951 1948 1945 1942
1952 1956 1960 1964
1952 1949 1946 1943
1953 1957 1961 1965
1954 1958 1962 1966
1954 1950 1947 1944
1955 1959 1963 1967
1955 1951 1948 1945
1956 1960 1964 1968
1956 1952 1949 1946
1957 1961 1965 1969
1958 1962 1966 1970
1958 1954 1950 1947
1959 1963 1967 1971
1959 1955 1951 1948
1960 1964 1968 1972
1960 1956 1952 1949
1961 1965 1969 1973
1961 1957 1953 -1
1962 1966 1970 1974
1962 1958 1954 1950
1963 1967 1971 1975
1963 1959 1955 1951
1964 1968 1972 1976
1964 1960 1956 1952
1965 1969 1973 1977
1965 1961 1957 1953
1966 1970 1974 1978
1966 1962 1958 1954
1967 1971 1975 1979
1967 1963 1959 1955
1968 1972 1976 1980
1968 1964 1960 1956
1969 1973 1977 1981
1969 1965 1961 1957
1970 1974 1978 1983
1970 1966 1962 1958
1971 1975 1979 1984
1971 1967 1963 1959
1972 1976 1980 1985
1972 1968 1964 1960
1973 1977 1981 1982
1973 1969 1965 1961
1974 1978 1983 1987
1974 1970 1966 1962
1975 1979 1984 1988
1975 1971 1967 1963
1976 1980 1985 1989
1976 1972 1968 1964
1977 1981 1982 1986
1977 1973 1969 1965
1978 1983 1987 1991
1978 1974 1970 1966
1979 1984 1988 1992
1979 1975 1971 1967
1980 1985 1989 1993
1980 1976 1972 1968
1981 1982 1986 1990
1981 1977 1973 1969
1982 1986 1990 1994
1982 1981 1977 1973
1983 1987 1991 1995
1983 1978 1974 1970
1984 1988 1992 1996
1984 1979 1975 1971
1985 1989 1993 1997
1985 1980 1976 1972
1986 1990 1994 1998
1986 1982 1981 1977
1987 1991 1995 2000
1987 1983 1978 1974
1988 1992 1996 2001
1988 1984 1979 1975
1989 1993 1997 2002
1989 1985 1980 1976
1990 1994 1998 1999
1990 1986 1982 1981
1991 1995 2000 2004
1991 1987 1983 1978
1992 1996 2001 2005
1992 1988 1984 1979
1993 1997 2002 2006
1993 1989 1985 1980
1994 1998 1999 2003
1994 1990 1986 1982
1995 2000 2004 2008
1995 1991 1987 1983
1996 2001 2005 2009
1996 1992 1988 1984
1997 2002 2006 2010
1997 1993 1989 1985
1998 1999 2003 2007
1998 1994 1990 1986
1999 2003 2007 2011
1999 1998 1994 1990
2000 2004 2008 2013
2000 1995 1991 1987
2001 2005 2009 2014
2001 1996 1992 1988
2002 2006 2010 2015
2002 1997 1993 1989
2003 2007 2011 2012
2003 1999 1998 1994
2004 2008 2013 2017
2004 2000 1995 1991
2005 2009 2014 2018
2005 2001 1996 1992
2006 2010 2015 2019
2006 2002 1997 1993
2007 2011 2012 2016
2007 2003 1999 1998
2008 2013 2017 2021
2008 2004 2000 1995
2009 2014 2018 2022
2009 2005 2001 1996
2010 2015 2019 2023
2010 2006 2002 1997
2011 2012 2016 2020
2011 2007 2003 1999
2012 2016 2020 2024
2012 2011 2007 2003
2013 2017 2021 2026
2013 2008 2004 2000
2014 2018 2022 2027
2014 2009 2005 2001
2015 2019 2023 2028
2015 2010 2006 2002
2016 2020 2024 2025
2016 2012 2011 2007
2017 2021 2026 2030
2017 2013 2008 2004
2018 2022 2027 2031
2018 2014 2009 2005
2019 2023 2028 2032
2019 2015 2010 2006
2020 2024 2025 2029
2020 2016 2012 2011
2021 2026 2030 2034
2021 2017 2013 2008
2022 2027 2031 2035
2022 2018 2014 2009
2023 2028 2032 2036
2023 2019 2015 2010
2024 2025 2029 2033
2024 2020 2016 2012
2025 2029 2033 2037
2025 2024 2020 2016
2026 2030 2034 2038
2026 2021 2017 2013
2027 2031 2035 2039
2027 2022 2018 2014
2028 2032 2036 2040
2028 2023 2019 2015
2029 2033 2037 2041
2029 2025 2024 2020
2030 2034 2038 2042
2030 2026 2021 2017
2031 2035 2039 2043
2031 2027 2022 2018
2032 2036 2040 2044
2032 2028 2023 2019
2033 2037 2041 2045
2033 2029 2025 2024
2034 2038 2042 2046
2034 2030 2026 2021
2035 2039 2043 2047
2035 2031 2027 2022
2036 2040 2044 2048
2036 2032 2028 2023
2037 2041 2045 2049
2037 2033 2029 2025
2038 2042 2046 2050
2038 2034 2030 2026
2039 2043 2047 2051
2039 2035 2031 2027
2040 2044 2048 2052
2040 2036 2032 2028
2041 2045 2049 2053
2041 2037 2033 2029
2042 2046 2050 2054
2042 2038 2034 2030
2043 2047 2051 2055
2043 2039 2035 2031
2044 2048 2052 2056
2044 2040 2036 2032
2045 2049 2053 2057
2045 2041 2037 2033
2046 2050 2054 2059
2046 2042 2038 2034
2047 2051 2055 2060
2047 2043 2039 2035
2048 2052 2056 2061
2048 2044 2040 2036
2049 2053 2057 2058
2049 2045 2041 2037
2050 2054 2059 2063
2050 2046 2042 2038
2051 2055 2060 2064
2051 2047 2043 2039
2052 2056 2061 2065
2052 2048 2044 2040
2053 2057 2058 2062
2053 2049 2045 2041
2054 2059 2063 2068
2054 2050 2046 2042
2055 2060 2064 2069
2055 2051 2047 2043
2056 2061 2065 2070
2056 2052 2048 2044
2057 2058 2062 2066
2057 2053 2049 2045
2058 2062 2066 2067
2058 2057 2053 2049
2059 2063 2068 2072
2059 2054 2050 2046
2060 2064 2069 2073
2060 2055 2051 2047
2061 2065 2070 2074
2061 2056 2052 2048
2062 2066 2067 2071
2062 2058 2057 2053
2063 2068 2072 2076
2063 2059 2054 2050
2064 2069 2073 2077
2064 2060 2055 2051
2065 2070 2074 2078
2065 2061 2056 2052
2066 2067 2071 2075
2066 2062 2058 2057
2067 2071 2075 2079
2067 2066 2062 2058
2068 2072 2076 2080
2068 2063 2059 2054
2069 2073 2077 2081
2069 2064 2060 2055
2070 2074 2078 2082
2070 2065 2061 2056
2071 2075 2079 2083
2071 2067 2066 2062
2072 2076 2080 2084
2072 2068 2063 2059
2073 2077 2081 2085
2073 2069 2064 2060
2074 2078 2082 2086
2074 2070 2065 2061
2075 2079 2083 2087
2075 2071 2067 2066
2076 2080 2084 2089
2076 2072 2068 2063
2077 2081 2085 2090
2077 2073 2069 2064
2078 2082 2086 2091
2078 2074 2070 2065
2079 2083 2087 2088
2079 2075 2071 2067
2080 2084 2089 2093
2080 2076 2072 2068
2081 2085 2090 2094
2081 2077 2073 2069
2082 2086 2091 2095
2082 2078 2074 2070
2083 2087 2088 2092
2083 2079 2075 2071
2084 2089 2093 2098
2084 2080 2076 2072
2085 2090 2094 2099
2085 2081 2077 2073
2086 2091 2095 2100
2086 2082 2078 2074
2087 2088 2092 2096
2087 2083 2079 2075
2088 2092 2096 2097
2088 2087 2083 2079
2089 2093 2098 2102
2089 2084 2080 2076
2090 2094 2099 2103
2090 2085 2081 2077
2091 2095 2100 2104
2091 2086 2082 2078
2092 2096 2097 2101
2092 2088 2087 2083
2093 2098 2102 2107
2093 2089 2084 2080
2094 2099 2103 2108
2094 2090 2085 2081
2095 2100 2104 2109
2095 2091 2086 2082
2096 2097 2101 2105
2096 2092 2088 2087
2097 2101 2105 2106
2097 2096 2092 2088
2098 2102 2107 2111
2098 2093 2089 2084
2099 2103 2108 2112
2099 2094 2090 2085
2100 2104 2109 2113
2100 2095 2091 2086
2101 2105 2106 2110
2101 2097 2096 2092
2102 2107 2111 2116
2102 2098 2093 2089
2103 2108 2112 2117
2103 2099 2094 2090
2104 2109 2113 2118
2104 2100 2095 2091
2105 2106 2110 2114
2105 2101 2097 2096
2106 2110 2114 2115
2106 2105 2101 2097
2107 2111 2116 2120
2107 2102 2098 2093
2108 2112 2117 2121
2108 2103 2099 2094
2109 2113 2118 2122
2109 2104 2100 2095
2110 2114 2115 2119
2110 2106 2105 2101
2111 2116 2120 2124
2111 2107 2102 2098
2112 2117 2121 2125
2112 2108 2103 2099
2113 2118 2122 2126
2113 2109 2104 2100
2114 2115 2119 2123
2114 2110 2106 2105
2115 2119 2123 2127
2115 2114 2110 2106
2116 2120 2124 2128
2116 2111 2107 2102
2117 2121 2125 2129
2117 2112 2108 2103
2118 2122 2126 2130
2118 2113 2109 2104
2119 2123 2127 2131
2119 2115 2114 2110
2120 2124 2128 2132
2120 2116 2111 2107
2121 2125 2129 2133
2121 2117 2112 2108
2122 2126 2130 2134
2122 2118 2113 2109
2123 2127 2131 2135
2123 2119 2115 2114
2124 2128 2132 2136
2124 2120 2116 2111
2125 2129 2133 2137
2125 2121 2117 2112
2126 2130 2134 2138
2126 2122 2118 2113
2127 2131 2135 2139
2127 2123 2119 2115
2128 2132 2136 2140
2128 2124 2120 2116
2129 2133 2137 2141
2129 2125 2121 2117
2130 2134 2138 2142
2130 2126 2122 2118
2131 2135 2139 2143
2131 2127 2123 2119
2132 2136 2140 2144
2132 2128 2124 2120
2133 2137 2141 2145
2133 2129 2125 2121
2134 2138 2142 2146
2134 2130 2126 2122
2135 2139 2143 2148
2135 2131 2127 2123
2136 2140 2144 2149
2136 2132 2128 2124
2137 2141 2145 2150
2137 2133 2129 2125
2138 2142 2146 2147
2138 2134 2130 2126
2139 2143 2148 2152
2139 2135 2131 2127
2140 2144 2149 2154
2140 2136 2132 2128
2141 2145 2150 2155
2141 2137 2133 2129
2142 2146 2147 2151
2142 2138 2134 2130
2143 2148 2152 2153
2143 2139 2135 2131
2144 2149 2154 2158
2144 2140 2136 2132
2145 2150 2155 2159
2145 2141 2137 2133
2146 2147 2151 2156
2146 2142 2138 2134
2147 2151 2156 2160
2147 2146 2142 2138
2148 2152 2153 2157
2148 2143 2139 2135
2149 2154 2158 2163
2149 2144 2140 2136
2150 2155 2159 2165
2150 2145 2141 2137
2151 2156 2160 2166
2151 2147 2146 2142
2152 2153 2157 2161
2152 2148 2143 2139
2153 2157 2161 2162
2153 2152 2148 2143
2154 2158 2163 2164
2154 2149 2144 2140
2155 2159 2165 2169
2155 2150 2145 2141
2156 2160 2166 2170
2156 2151 2147 2146
2157 2161 2162 2167
2157 2153 2152 2148
2158 2163 2164 2168
2158 2154 2149 2144
2159 2165 2169 2174
2159 2155 2150 2145
2160 2166 2170 2175
2160 2156 2151 2147
2161 2162 2167 2171
2161 2157 2153 2152
2162 2167 2171 2176
2162 2161 2157 2153
2163 2164 2168 2172
2163 2158 2154 2149
2164 2168 2172 2177
2164 2163 2158 2154
2165 2169 2174 2173
2165 2159 2155 2150
2166 2170 2175 2179
2166 2160 2156 2151
2167 2171 2176 2180
2167 2162 2161 2157
2168 2172 2177 2181
2168 2164 2163 2158
2169 2174 2173 2178
2169 2165 2159 2155
2170 2175 2179 2183
2170 2166 2160 2156
2171 2176 2180 2184
2171 2167 2162 2161
2172 2177 2181 2185
2172 2168 2164 2163
2173 2178 2182 2186
2173 2174 2169 2165
2174 2173 2178 2182
2174 2169 2165 2159
2175 2179 2183 2187
2175 2170 2166 2160
2176 2180 2184 2188
2176 2171 2167 2162
2177 2181 2185 2189
2177 2172 2168 2164
2178 2182 2186 2190
2178 2173 2174 2169
2179 2183 2187 2191
2179 2175 2170 2166
2180 2184 2188 2192
2180 2176 2171 2167
2181 2185 2189 2193
2181 2177 2172 2168
2182 2186 2190 2194
2182 2178 2173 2174
2183 2187 2191 2195
2183 2179 2175 2170
2184 2188 2192 2196
2184 2180 2176 2171
2185 2189 2193 2197
2185 2181 2177 2172
2186 2190 2194 2198
2186 2182 2178 2173
2187 2191 2195 2199
2187 2183 2179 2175
2188 2192 2196 2200
2188 2184 2180 2176
2189 2193 2197 2202
2189 2185 2181 2177
2190 2194 2198 2203
2190 2186 2182 2178
2191 2195 2199 2204
2191 2187 2183 2179
2192 2196 2200 2201
2192 2188 2184 2180
2193 2197 2202 2206
2193 2189 2185 2181
2194 2198 2203 2207
2194 2190 2186 2182
2195 2199 2204 2208
2195 2191 2187 2183
2196 2200 2201 2205
2196 2192 2188 2184
2197 2202 2206 2212
2197 2193 2189 2185
2198 2203 2207 2213
2198 2194 2190 2186
2199 2204 2208 2209
2199 2195 2191 2187
2200 2201 2205 2210
2200 2196 2192 2188
2201 2205 2210 2211
2201 2200 2196 2192
2202 2206 2212 2216
2202 2197 2193 2189
2203 2207 2213 2217
2203 2198 2194 2190
2204 2208 2209 2214
2204 2199 2195 2191
2205 2210 2211 2215
2205 2201 2200 2196
2206 2212 2216 2221
2206 2202 2197 2193
2207 2213 2217 2222
2207 2203 2198 2194
2208 2209 2214 2218
2208 2204 2199 2195
2209 2214 2218 2223
2209 2208 2204 2199
2210 2211 2215 2219
2210 2205 2201 2200
2211 2215 2219 2220
2211 2210 2205 2201
2212 2216 2221 2225
2212 2206 2202 2197
2213 2217 2222 2226
2213 2207 2203 2198
2214 2218 2223 2227
2214 2209 2208 2204
2215 2219 2220 2224
2215 2211 2210 2205
2216 2221 2225 2229
2216 2212 2206 2202
2217 2222 2226 2230
2217 2213 2207 2203
2218 2223 2227 2231
2218 2214 2209 2208
2219 2220 2224 2228
2219 2215 2211 2210
2220 2224 2228 2232
2220 2219 2215 2211
2221 2225 2229 2233
2221 2216 2212 2206
2222 2226 2230 2234
2222 2217 2213 2207
2223 2227 2231 2235
2223 2218 2214 2209
2224 2228 2232 2236
2224 2220 2219 2215
2225 2229 2233 2237
2225 2221 2216 2212
2226 2230 2234 2238
2226 2222 2217 2213
2227 2231 2235 2239
2227 2223 2218 2214
2228 2232 2236 2240
2228 2224 2220 2219
2229 2233 2237 2242
2229 2225 2221 2216
2230 2234 2238 2243
2230 2226 2222 2217
2231 2235 2239 2244
2231 2227 2223 2218
2232 2236 2240 2241
2232 2228 2224 2220
2233 2237 2242 2247
2233 2229 2225 2221
2234 2238 2243 2248
2234 2230 2226 2222
2235 2239 2244 2245
2235 2231 2227 2223
2236 2240 2241 2246
2236 2232 2228 2224
2237 2242 2247 2251
2237 2233 2229 2225
2238 2243 2248 2252
2238 2234 2230 2226
2239 2244 2245 2249
2239 2235 2231 2227
2240 2241 2246 2250
2240 2236 2232 2228
2241 2246 2250 2254
2241 2240 2236 2232
2242 2247 2251 2255
2242 2237 2233 2229
2243 2248 2252 2256
2243 2238 2234 2230
2244 2245 2249 2253
2244 2239 2235 2231
2245 2249 2253 2257
2245 2244 2239 2235
2246 2250 2254 2258
2246 2241 2240 2236
2247 2251 2255 2259
2247 2242 2237 2233
2248 2252 2256 2260
2248 2243 2238 2234
2249 2253 2257 2261
2249 2245 2244 2239
2250 2254 2258 2262
2250 2246 2241 2240
2251 2255 2259 2264
2251 2247 2242 2237
2252 2256 2260 2265
2252 2248 2243 2238
2253 2257 2261 2266
2253 2249 2245 2244
2254 2258 2262 2263
2254 2250 2246 2241
2255 2259 2264 2268
2255 2251 2247 2242
2256 2260 2265 2269
2256 2252 2248 2243
2257 2261 2266 2270
2257 2253 2249 2245
2258 2262 2263 2267
2258 2254 2250 2246
2259 2264 2268 2273
2259 2255 2251 2247
2260 2265 2269 2274
2260 2256 2252 2248
2261 2266 2270 2275
2261 2257 2253 2249
2262 2263 2267 2271
2262 2258 2254 2250
2263 2267 2271 2272
2263 2262 2258 2254
2264 2268 2273 2278
2264 2259 2255 2251
2265 2269 2274 2279
2265 2260 2256 2252
2266 2270 2275 2280
2266 2261 2257 2253
2267 2271 2272 2276
2267 2263 2262 2258
2268 2273 2278 -1
2268 2264 2259 2255
2269 2274 2279 2283
2269 2265 2260 2256
2270 2275 2280 2284
2270 2266 2261 2257
2271 2272 2276 2277
2271 2267 2263 2262
2272 2276 2277 2281
2272 2271 2267 2263
2273 2268 2264 2259
2274 2279 2283 2285
2274 2269 2265 2260
2275 2280 2284 2286
2275 2270 2266 2261
2276 2277 2281 2282
2276 2272 2271 2267
2277 2281 2282 -1
2277 2276 2272 2271
2278 2273 2268 2264
2279 2283 2285 2292
2279 2274 2269 2265
2280 2284 2286 2287
2280 2275 2270 2266
2281 2277 2276 2272
2282 2281 2277 2276
2283 2285 2292 2294
2283 2279 2274 2269
2284 2286 2287 2293
2284 2280 2275 2270
2285 2292 2294 2296
2285 2283 2279 2274
2286 2287 2293 2295
2286 2284 2280 2275
2287 2293 2295 2297
2287 2286 2284 2280
2288 2289 2290 2291
2289 2290 2291 -1
2290 2289 2288 -1
2291 2290 2289 2288
2292 2294 2296 2299
2292 2285 2283 2279
2293 2295 2297 2298
2293 2287 2286 2284
2294 2296 2299 2302
2294 2292 2285 2283
2295 2297 2298 2300
2295 2293 2287 2286
2296 2299 2302 2305
2296 2294 2292 2285
2297 2298 2300 2301
2297 2295 2293 2287
2298 2300 2301 2303
2298 2297 2295 2293
2299 2302 2305 2308
2299 2296 2294 2292
2300 2301 2303 2304
2300 2298 2297 2295
2301 2303 2304 2306
2301 2300 2298 2297
2302 2305 2308 2311
2302 2299 2296 2294
2303 2304 2306 2307
2303 2301 2300 2298
2304 2306 2307 2309
2304 2303 2301 2300
2305 2308 2311 2315
2305 2302 2299 2296
2306 2307 2309 2310
2306 2304 2303 2301
2307 2309 2310 2312
2307 2306 2304 2303
2308 2311 2315 2320
2308 2305 2302 2299
2309 2310 2312 2313
2309 2307 2306 2304
2310 2312 2313 2314
2310 2309 2307 2306
2311 2315 2320 2326
2311 2308 2305 2302
2312 2313 2314 2316
2312 2310 2309 2307
2313 2314 2316 2317
2313 2312 2310 2309
2314 2316 2317 2318
2314 2313 2312 2310
2315 2320 2326 2332
2315 2311 2308 2305
2316 2317 2318 2319
2316 2314 2313 2312
2317 2318 2319 2321
2317 2316 2314 2313
2318 2319 2321 2322
2318 2317 2316 2314
2319 2321 2322 2323
2319 2318 2317 2316
2320 2326 2332 2341
2320 2315 2311 2308
2321 2322 2323 2324
2321 2319 2318 2317
2322 2323 2324 2325
2322 2321 2319 2318
2323 2324 2325 2327
2323 2322 2321 2319
2324 2325 2327 2328
2324 2323 2322 2321
2325 2327 2328 2329
2325 2324 2323 2322
2326 2332 2341 2349
2326 2320 2315 2311
2327 2328 2329 2330
2327 2325 2324 2323
2328 2329 2330 2331
2328 2327 2325 2324
2329 2330 2331 2333
2329 2328 2327 2325
2330 2331 2333 2334
2330 2329 2328 2327
2331 2333 2334 2335
2331 2330 2329 2328
2332 2341 2349 2359
2332 2326 2320 2315
2333 2334 2335 2336
2333 2331 2330 2329
2334 2335 2336 2337
2334 2333 2331 2330
2335 2336 2337 2338
2335 2334 2333 2331
2336 2337 2338 2339
2336 2335 2334 2333
2337 2338 2339 2340
2337 2336 2335 2334
2338 2339 2340 2342
2338 2337 2336 2335
2339 2340 2342 2343
2339 2338 2337 2336
2340 2342 2343 2344
2340 2339 2338 2337
2341 2349 2359 2367
2341 2349 2411 2410
2341 2332 2326 2320
2342 2343 2344 2345
2342 2340 2339 2338
2343 2344 2345 2346
2343 2342 2340 2339
2344 2345 2346 2347
2344 2343 2342 2340
2345 2346 2347 2348
2345 2344 2343 2342
2346 2347 2348 2350
2346 2345 2344 2343
2347 2348 2350 2351
2347 2346 2345 2344
2348 2350 2351 2352
2348 2347 2346 2345
2349 2359 2367 2411
2349 2359 2411 2410
2349 2341 2332 2326
2350 2351 2352 2353
2350 2348 2347 2346
2351 2352 2353 2354
2351 2350 2348 2347
2352 2353 2354 2355
2352 2351 2350 2348
2353 2354 2355 2356
2353 2352 2351 2350
2354 2355 2356 2357
2354 2353 2352 2351
2355 2356 2357 2358
2355 2354 2353 2352
2356 2357 2358 2360
2356 2355 2354 2353
2357 2358 2360 2361
2357 2356 2355 2354
2358 2360 2361 2362
2358 2357 2356 2355
2359 2367 2411 2410
2359 2349 2341 2332
2360 2361 2362 2363
2360 2358 2357 2356
2361 2362 2363 2364
2361 2360 2358 2357
2362 2363 2364 2365
2362 2361 2360 2358
2363 2364 2365 2366
2363 2362 2361 2360
2364 2365 2366 2368
2364 2363 2362 2361
2365 2366 2368 2369
2365 2364 2363 2362
2366 2368 2369 2370
2366 2365 2364 2363
2367 2411 2410 2469
2367 2359 2349 2341
2368 2369 2370 2371
2368 2366 2365 2364
2369 2370 2371 2372
2369 2368 2366 2365
2370 2371 2372 2373
2370 2369 2368 2366
2371 2372 2373 2374
2371 2370 2369 2368
2372 2373 2374 2375
2372 2371 2370 2369
2373 2374 2375 2376
2373 2372 2371 2370
2374 2375 2376 2377
2374 2373 2372 2371
2375 2376 2377 2378
2375 2374 2373 2372
2376 2377 2378 2379
2376 2375 2374 2373
2377 2378 2379 2380
2377 2376 2375 2374
2378 2379 2380 2381
2378 2377 2376 2375
2379 2380 2381 2382
2379 2378 2377 2376
2380 2381 2382 2383
2380 2379 2378 2377
2381 2382 2383 2384
2381 2380 2379 2378
2382 2383 2384 2385
2382 2381 2380 2379
2383 2384 2385 2386
2383 2382 2381 2380
2384 2385 2386 2387
2384 2383 2382 2381
2385 2386 2387 2388
2385 2384 2383 2382
2386 2387 2388 2389
2386 2385 2384 2383
2387 2388 2389 2390
2387 2386 2385 2384
2388 2389 2390 2391
2388 2387 2386 2385
2389 2390 2391 2392
2389 2388 2387 2386
2390 2391 2392 2393
2390 2389 2388 2387
2391 2392 2393 2394
2391 2390 2389 2388
2392 2393 2394 2395
2392 2391 2390 2389
2393 2394 2395 2396
2393 2392 2391 2390
2394 2395 2396 2397
2394 2393 2392 2391
2395 2396 2397 2398
2395 2394 2393 2392
2396 2397 2398 2399
2396 2395 2394 2393
2397 2398 2399 2400
2397 2396 2395 2394
2398 2399 2400 2401
2398 2397 2396 2395
2399 2400 2401 2402
2399 2398 2397 2396
2400 2401 2402 2403
2400 2399 2398 2397
2401 2402 2403 2404
2401 2400 2399 2398
2402 2403 2404 2405
2402 2401 2400 2399
2403 2404 2405 2406
2403 2402 2401 2400
2404 2405 2406 2407
2404 2403 2402 2401
2405 2406 2407 2408
2405 2404 2403 2402
2406 2407 2408 2409
2406 2405 2404 2403
2407 2408 2409 2412
2407 2406 2405 2404
2408 2409 2412 2413
2408 2407 2406 2405
2409 2412 2413 2414
2409 2408 2407 2406
2410 2469 2468 2467
2410 2411 2367 2359
2411 2410 2469 2468
2411 2367 2359 2349
2412 2413 2414 2415
2412 2409 2408 2407
2413 2414 2415 2416
2413 2412 2409 2408
2414 2415 2416 2417
2414 2413 2412 2409
2415 2416 2417 2418
2415 2414 2413 2412
2416 2417 2418 2419
2416 2415 2414 2413
2417 2418 2419 2420
2417 2416 2415 2414
2418 2419 2420 2421
2418 2417 2416 2415
2419 2420 2421 2422
2419 2418 2417 2416
2420 2421 2422 2423
2420 2419 2418 2417
2421 2422 2423 2424
2421 2420 2419 2418
2422 2423 2424 2425
2422 2421 2420 2419
2423 2424 2425 2426
2423 2422 2421 2420
2424 2425 2426 2427
2424 2423 2422 2421
2425 2426 2427 2428
2425 2424 2423 2422
2426 2427 2428 2429
2426 2425 2424 2423
2427 2428 2429 2430
2427 2426 2425 2424
2428 2429 2430 2431
2428 2427 2426 2425
2429 2430 2431 2432
2429 2428 2427 2426
2430 2431 2432 2433
2430 2429 2428 2427
2431 2432 2433 2434
2431 2430 2429 2428
2432 2433 2434 2435
2432 2431 2430 2429
2433 2434 2435 2436
2433 2432 2431 2430
2434 2435 2436 2437
2434 2433 2432 2431
2435 2436 2437 2438
2435 2434 2433 2432
2436 2437 2438 2439
2436 2435 2434 2433
2437 2438 2439 2440
2437 2436 2435 2434
2438 2439 2440 2441
2438 2437 2436 2435
2439 2440 2441 2442
2439 2438 2437 2436
2440 2441 2442 2443
2440 2439 2438 2437
2441 2442 2443 2444
2441 2440 2439 2438
2442 2443 2444 2445
2442 2441 2440 2439
2443 2444 2445 2446
2443 2442 2441 2440
2444 2445 2446 2447
2444 2443 2442 2441
2445 2446 2447 2448
2445 2444 2443 2442
2446 2447 2448 2449
2446 2445 2444 2443
2447 2448 2449 2450
2447 2446 2445 2444
2448 2449 2450 2451
2448 2447 2446 2445
2449 2450 2451 2452
2449 2448 2447 2446
2450 2451 2452 2453
2450 2449 2448 2447
2451 2452 2453 2454
2451 2450 2449 2448
2452 2453 2454 2455
2452 2451 2450 2449
2453 2454 2455 2456
2453 2452 2451 2450
2454 2455 2456 2457
2454 2453 2452 2451
2455 2456 2457 2458
2455 2454 2453 2452
2456 2457 2458 2459
2456 2455 2454 2453
2457 2458 2459 2460
2457 2456 2455 2454
2458 2459 2460 2461
2458 2457 2456 2455
2459 2460 2461 2462
2459 2458 2457 2456
2460 2461 2462 2463
2460 2459 2458 2457
2461 2462 2463 2464
2461 2460 2459 2458
2462 2463 2464 2465
2462 2461 2460 2459
2463 2464 2465 2466
2463 2462 2461 2460
2464 2465 2466 2470
2464 2463 2462 2461
2465 2466 2470 2471
2465 2464 2463 2462
2466 2470 2471 2472
2466 2465 2464 2463
2467 2482 2481 2480
2467 2468 2469 2410
2468 2467 2482 2481
2468 2469 2410 2411
2469 2468 2467 2482
2469 2410 2411 2367
2470 2471 2472 2473
2470 2466 2465 2464
2471 2472 2473 2474
2471 2470 2466 2465
2472 2473 2474 2475
2472 2471 2470 2466
2473 2474 2475 2476
2473 2472 2471 2470
2474 2475 2476 2477
2474 2473 2472 2471
2475 2476 2477 2478
2475 2474 2473 2472
2476 2477 2478 2479
2476 2475 2474 2473
2477 2478 2479 2480
2477 2476 2475 2474
2478 2479 2480 2481
2478 2477 2476 2475
2479 2480 2481 2482
2479 2480 2468 2469
2479 2478 2477 2476
2480 2481 2482 2467
2480 2481 2468 2469
2480 2479 2478 2477
2481 2480 2479 2478
2481 2482 2467 2468
2482 2481 2480 2479
2482 2467 2468 2469
