0 76 75 74
0 1 2 3
1 0 76 75
1 2 3 4
2 1 0 76
2 3 4 5
3 2 1 0
3 4 5 6
4 3 2 1
4 5 6 7
5 4 3 2
5 6 7 8
6 5 4 3
6 7 8 9
7 6 5 4
7 8 9 10
8 7 6 5
8 9 10 11
9 8 7 6
9 10 11 12
10 9 8 7
10 11 12 13
11 10 9 8
11 12 13 14
12 11 10 9
12 13 14 15
13 12 11 10
13 14 15 16
14 13 12 11
14 15 16 17
15 14 13 12
15 16 17 18
16 15 14 13
16 17 18 19
17 16 15 14
17 18 19 20
18 17 16 15
18 19 20 21
19 18 17 16
19 20 21 22
20 19 18 17
20 21 22 23
21 20 19 18
21 22 23 24
22 21 20 19
22 23 24 25
23 22 21 20
23 24 25 26
24 23 22 21
24 25 26 27
25 24 23 22
25 26 27 28
26 25 24 23
26 27 28 29
27 26 25 24
27 28 29 30
28 27 26 25
28 29 30 31
29 28 27 26
29 30 31 32
30 29 28 27
30 31 32 33
31 30 29 28
31 32 33 34
32 31 30 29
32 33 34 35
33 32 31 30
33 34 35 36
34 33 32 31
34 35 36 37
35 34 33 32
35 36 37 38
36 35 34 33
36 37 38 39
37 36 35 34
37 38 39 40
38 37 36 35
38 39 40 41
39 38 37 36
39 40 41 42
40 39 38 37
40 41 42 43
41 42 43 44
41 40 39 38
42 43 44 45
42 41 40 39
43 44 45 77
43 42 41 40
44 45 77 78
44 43 42 41
45 77 78 123
45 44 43 42
46 122 121 120
46 47 48 49
47 46 122 121
47 48 49 50
48 47 46 122
48 49 50 51
49 48 47 46
49 50 51 52
50 49 48 47
50 51 52 53
51 50 49 48
51 52 53 54
52 51 50 49
52 53 54 55
53 52 51 50
53 54 55 56
54 53 52 51
54 55 56 57
55 54 53 52
55 56 57 58
56 55 54 53
56 57 58 59
57 56 55 54
57 58 59 60
58 57 56 55
58 59 60 61
59 58 57 56
59 60 61 62
60 59 58 57
60 61 62 63
61 60 59 58
61 62 63 64
62 61 60 59
62 63 64 65
63 62 61 60
63 64 65 66
64 63 62 61
64 65 66 67
65 64 63 62
65 66 67 68
66 65 64 63
66 67 68 69
67 66 65 64
67 68 69 70
68 67 66 65
68 69 70 71
69 68 67 66
69 70 71 72
70 69 68 67
70 71 72 73
71 70 69 68
71 72 73 74
72 71 70 69
72 73 74 75
73 72 71 70
73 74 75 76
74 73 72 71
74 75 76 0
75 74 73 72
75 76 0 1
76 75 74 73
76 0 1 2
77 78 123 124
77 45 44 43
78 123 124 140
78 77 45 44
79 139 138 137
79 80 81 82
80 79 139 138
80 81 82 83
81 80 79 139
81 82 83 84
82 81 80 79
82 83 84 85
83 82 81 80
83 84 85 86
84 83 82 81
84 85 86 87
85 84 83 82
85 86 87 88
86 85 84 83
86 87 88 89
87 86 85 84
87 88 89 90
88 87 86 85
88 89 90 91
89 88 87 86
89 90 91 92
90 89 88 87
90 91 92 93
91 90 89 88
91 92 93 94
92 91 90 89
92 93 94 95
93 92 91 90
93 94 95 96
94 93 92 91
94 95 96 97
95 94 93 92
95 96 97 98
96 95 94 93
96 97 98 99
97 96 95 94
97 98 99 100
98 97 96 95
98 99 100 101
99 98 97 96
99 100 101 102
100 99 98 97
100 101 102 103
101 100 99 98
101 102 103 104
102 101 100 99
102 103 104 105
103 102 101 100
103 104 105 106
104 103 102 101
104 105 106 107
105 104 103 102
105 106 107 108
106 105 104 103
106 107 108 109
107 106 105 104
107 108 109 110
108 107 106 105
108 109 110 111
109 108 107 106
109 110 111 112
110 109 108 107
110 111 112 113
111 110 109 108
111 112 113 114
112 111 110 109
112 113 114 115
113 112 111 110
113 114 115 116
114 113 112 111
114 115 116 117
115 114 113 112
115 116 117 118
116 115 114 113
116 117 118 119
117 116 115 114
117 118 119 120
118 117 116 115
118 119 120 121
119 118 117 116
119 120 121 122
120 119 118 117
120 121 122 46
121 120 119 118
121 122 46 47
122 121 120 119
122 46 47 48
123 124 140 141
123 78 77 45
124 140 141 145
124 123 78 77
125 144 143 142
125 126 127 128
126 125 144 143
126 127 128 129
127 126 125 144
127 128 129 130
128 127 126 125
128 129 130 131
129 128 127 126
129 130 131 132
130 129 128 127
130 131 132 133
131 130 129 128
131 132 133 134
132 131 130 129
132 133 134 135
133 132 131 130
133 134 135 136
134 133 132 131
134 135 136 137
135 134 133 132
135 136 137 138
136 135 134 133
136 137 138 139
137 136 135 134
137 138 139 79
138 137 136 135
138 139 79 80
139 138 137 136
139 79 80 81
140 141 145 146
140 124 123 78
141 145 146 150
141 140 124 123
142 149 148 147
142 143 144 125
143 142 149 148
143 144 125 126
144 143 142 149
144 125 126 127
145 146 150 151
145 141 140 124
146 150 151 154
146 145 141 140
147 153 152 158
147 148 149 142
148 147 153 152
148 149 142 143
149 148 147 153
149 142 143 144
150 151 154 155
150 146 145 141
151 154 155 156
151 150 146 145
152 158 157 162
152 153 147 148
153 152 158 157
153 147 148 149
154 155 156 159
154 151 150 146
155 156 159 160
155 154 151 150
156 159 160 163
156 155 154 151
157 162 161 166
157 158 152 153
158 157 162 161
158 152 153 147
159 160 163 164
159 156 155 154
160 163 164 167
160 159 156 155
161 166 165 170
161 162 157 158
162 161 166 165
162 157 158 152
163 164 167 168
163 160 159 156
164 167 168 171
164 163 160 159
165 170 169 174
165 166 161 162
166 165 170 169
166 161 162 157
167 168 171 172
167 164 163 160
168 171 172 175
168 167 164 163
169 174 173 178
169 170 165 166
170 169 174 173
170 165 166 161
171 172 175 176
171 168 167 164
172 175 176 179
172 171 168 167
173 178 177 181
173 174 169 170
174 173 178 177
174 169 170 165
175 176 179 180
175 172 171 168
176 179 180 182
176 175 172 171
177 181 185 189
177 178 173 174
178 177 181 185
178 173 174 169
179 180 182 183
179 176 175 172
180 182 183 184
180 179 176 175
181 185 189 188
181 177 178 173
182 183 184 186
182 180 179 176
183 184 186 187
183 182 180 179
184 186 187 190
184 183 182 180
185 189 188 193
185 181 177 178
186 187 190 191
186 184 183 182
187 190 191 194
187 186 184 183
188 193 192 197
188 189 185 181
189 188 193 192
189 185 181 177
190 191 194 195
190 187 186 184
191 194 195 198
191 190 187 186
192 197 196 201
192 193 188 189
193 192 197 196
193 188 189 185
194 195 198 199
194 191 190 187
195 198 199 202
195 194 191 190
196 201 200 205
196 197 192 193
197 196 201 200
197 192 193 188
198 199 202 203
198 195 194 191
199 202 203 206
199 198 195 194
200 205 204 209
200 201 196 197
201 200 205 204
201 196 197 192
202 203 206 207
202 199 198 195
203 206 207 210
203 202 199 198
204 209 208 213
204 205 200 201
205 204 209 208
205 200 201 196
206 207 210 211
206 203 202 199
207 210 211 212
207 206 203 202
208 213 217 216
208 209 204 205
209 208 213 217
209 204 205 200
210 211 212 214
210 207 206 203
211 212 214 215
211 210 207 206
212 214 215 218
212 211 210 207
213 217 216 221
213 208 209 204
214 215 218 219
214 212 211 210
215 218 219 222
215 214 212 211
216 221 220 225
216 217 213 208
217 216 221 220
217 213 208 209
218 219 222 223
218 215 214 212
219 222 223 226
219 218 215 214
220 225 224 229
220 221 216 217
221 220 225 224
221 216 217 213
222 223 226 227
222 219 218 215
223 226 227 230
223 222 219 218
224 229 228 233
224 225 220 221
225 224 229 228
225 220 221 216
226 227 230 231
226 223 222 219
227 230 231 234
227 226 223 222
228 233 232 237
228 229 224 225
229 228 233 232
229 224 225 220
230 231 234 235
230 227 226 223
231 234 235 238
231 230 227 226
232 237 236 241
232 233 228 229
233 232 237 236
233 228 229 224
234 235 238 239
234 231 230 227
235 238 239 240
235 234 231 230
236 241 244 248
236 237 232 233
237 236 241 244
237 232 233 228
238 239 240 242
238 235 234 231
239 240 242 243
239 238 235 234
240 242 243 245
240 239 238 235
241 244 248 247
241 236 237 232
242 243 245 246
242 240 239 238
243 245 246 249
243 242 240 239
244 248 247 253
244 241 236 237
245 246 249 250
245 243 242 240
246 249 250 251
246 245 243 242
247 253 252 257
247 248 244 241
248 247 253 252
248 244 241 236
249 250 251 254
249 246 245 243
250 251 254 255
250 249 246 245
251 254 255 258
251 250 249 246
252 257 256 261
252 253 247 248
253 252 257 256
253 247 248 244
254 255 258 259
254 251 250 249
255 258 259 262
255 254 251 250
256 261 260 264
256 257 252 253
257 256 261 260
257 252 253 247
258 259 262 263
258 255 254 251
259 262 263 265
259 258 255 254
260 264 267 271
260 261 256 257
261 260 264 267
261 256 257 252
262 263 265 266
262 259 258 255
263 265 266 268
263 262 259 258
264 267 271 270
264 260 261 256
265 266 268 269
265 263 262 259
266 268 269 272
266 265 263 262
267 271 270 275
267 264 260 261
268 269 272 273
268 266 265 263
269 272 273 276
269 268 266 265
270 275 274 278
270 271 267 264
271 270 275 274
271 267 264 260
272 273 276 277
272 269 268 266
273 276 277 279
273 272 269 268
274 278 281 280
274 275 270 271
275 274 278 281
275 270 271 267
276 277 279 282
276 273 272 269
277 279 282 285
277 276 273 272
278 281 280 284
278 274 275 270
279 282 285 286
279 277 276 273
280 284 283 287
280 281 278 274
281 280 284 283
281 278 274 275
282 285 286 288
282 279 277 276
283 287 290 289
283 284 280 281
284 283 287 290
284 280 281 278
285 286 288 291
285 282 279 277
286 288 291 293
286 285 282 279
287 290 289 292
287 283 284 280
288 291 293 295
288 286 285 282
289 292 294 296
289 290 287 283
290 289 292 294
290 287 283 284
291 293 295 297
291 288 286 285
292 294 296 298
292 289 290 287
293 295 297 299
293 291 288 286
294 296 298 301
294 292 289 290
295 297 299 302
295 293 291 288
296 298 301 300
296 294 292 289
297 299 302 304
297 295 293 291
298 301 300 303
298 296 294 292
299 302 304 307
299 297 295 293
300 303 306 305
300 301 298 296
301 300 303 306
301 298 296 294
302 304 307 309
302 299 297 295
303 306 305 308
303 300 301 298
304 307 309 312
304 302 299 297
305 308 311 310
305 306 303 300
306 305 308 311
306 303 300 301
307 309 312 314
307 304 302 299
308 311 310 313
308 305 306 303
309 312 314 316
309 307 304 302
310 313 315 317
310 311 308 305
311 310 313 315
311 308 305 306
312 314 316 318
312 309 307 304
313 315 317 319
313 310 311 308
314 316 318 320
314 312 309 307
315 317 319 321
315 313 310 311
316 318 320 322
316 314 312 309
317 319 321 323
317 315 313 310
318 320 322 324
318 316 314 312
319 321 323 326
319 317 315 313
320 322 324 327
320 318 316 314
321 323 326 325
321 319 317 315
322 324 327 329
322 320 318 316
323 326 325 328
323 321 319 317
324 327 329 331
324 322 320 318
325 328 330 332
325 326 323 321
326 325 328 330
326 323 321 319
327 329 331 333
327 324 322 320
328 330 332 334
328 325 326 323
329 331 333 335
329 327 324 322
330 332 334 337
330 328 325 326
331 333 335 338
331 329 327 324
332 334 337 336
332 330 328 325
333 335 338 340
333 331 329 327
334 337 336 339
334 332 330 328
335 338 340 342
335 333 331 329
336 339 341 343
336 337 334 332
337 336 339 341
337 334 332 330
338 340 342 344
338 335 333 331
339 341 343 345
339 336 337 334
340 342 344 346
340 338 335 333
341 343 345 347
341 339 336 337
342 344 346 348
342 340 338 335
343 345 347 349
343 341 339 336
344 346 348 350
344 342 340 338
345 347 349 351
345 343 341 339
346 348 350 352
346 344 342 340
347 349 351 354
347 345 343 341
348 350 352 355
348 346 344 342
349 351 354 353
349 347 345 343
350 352 355 357
350 348 346 344
351 354 353 356
351 349 347 345
352 355 357 359
352 350 348 346
353 356 358 361
353 354 351 349
354 353 356 358
354 351 349 347
355 357 359 362
355 352 350 348
356 358 361 360
356 353 354 351
357 359 362 364
357 355 352 350
358 361 360 363
358 356 353 354
359 362 364 366
359 357 355 352
360 363 365 368
360 361 358 356
361 360 363 365
361 358 356 353
362 364 366 369
362 359 357 355
363 365 368 367
363 360 361 358
364 366 369 371
364 362 359 357
365 368 367 370
365 363 360 361
366 369 371 373
366 364 362 359
367 370 372 374
367 368 365 363
368 367 370 372
368 365 363 360
369 371 373 375
369 366 364 362
370 372 374 376
370 367 368 365
371 373 375 377
371 369 366 364
372 374 376 378
372 370 367 368
373 375 377 379
373 371 369 366
374 376 378 380
374 372 370 367
375 377 379 381
375 373 371 369
376 378 380 382
376 374 372 370
377 379 381 383
377 375 373 371
378 380 382 384
378 376 374 372
379 381 383 385
379 377 375 373
380 382 384 386
380 378 376 374
381 383 385 387
381 379 377 375
382 384 386 389
382 380 378 376
383 385 387 390
383 381 379 377
384 386 389 388
384 382 380 378
385 387 390 392
385 383 381 379
386 389 388 391
386 384 382 380
387 390 392 394
387 385 383 381
388 391 393 395
388 389 386 384
389 388 391 393
389 386 384 382
390 392 394 396
390 387 385 383
391 393 395 397
391 388 389 386
392 394 396 398
392 390 387 385
393 395 397 399
393 391 388 389
394 396 398 400
394 392 390 387
395 397 399 401
395 393 391 388
396 398 400 402
396 394 392 390
397 399 401 403
397 395 393 391
398 400 402 404
398 396 394 392
399 401 403 405
399 397 395 393
400 402 404 406
400 398 396 394
401 403 405 407
401 399 397 395
402 404 406 408
402 400 398 396
403 405 407 409
403 401 399 397
404 406 408 410
404 402 400 398
405 407 409 411
405 403 401 399
406 408 410 412
406 404 402 400
407 409 411 413
407 405 403 401
408 410 412 414
408 406 404 402
409 411 413 415
409 407 405 403
410 412 414 416
410 408 406 404
411 413 415 417
411 409 407 405
412 414 416 418
412 410 408 406
413 415 417 419
413 411 409 407
414 416 418 420
414 412 410 408
415 417 419 422
415 413 411 409
416 418 420 423
416 414 412 410
417 419 422 421
417 415 413 411
418 420 423 425
418 416 414 412
419 422 421 424
419 417 415 413
420 423 425 427
420 418 416 414
421 424 426 428
421 422 419 417
422 421 424 426
422 419 417 415
423 425 427 429
423 420 418 416
424 426 428 431
424 421 422 419
425 427 429 432
425 423 420 418
426 428 431 430
426 424 421 422
427 429 432 434
427 425 423 420
428 431 430 433
428 426 424 421
429 432 434 436
429 427 425 423
430 433 435 437
430 431 428 426
431 430 433 435
431 428 426 424
432 434 436 438
432 429 427 425
433 435 437 439
433 430 431 428
434 436 438 440
434 432 429 427
435 437 439 441
435 433 430 431
436 438 440 442
436 434 432 429
437 439 441 443
437 435 433 430
438 440 442 444
438 436 434 432
439 441 443 445
439 437 435 433
440 442 444 446
440 438 436 434
441 443 445 447
441 439 437 435
442 444 446 448
442 440 438 436
443 445 447 449
443 441 439 437
444 446 448 450
444 442 440 438
445 447 449 452
445 443 441 439
446 448 450 453
446 444 442 440
447 449 452 451
447 445 443 441
448 450 453 455
448 446 444 442
449 452 451 454
449 447 445 443
450 453 455 457
450 448 446 444
451 454 456 458
451 452 449 447
452 451 454 456
452 449 447 445
453 455 457 459
453 450 448 446
454 456 458 460
454 451 452 449
455 457 459 461
455 453 450 448
456 458 460 462
456 454 451 452
457 459 461 463
457 455 453 450
458 460 462 464
458 456 454 451
459 461 463 465
459 457 455 453
460 462 464 466
460 458 456 454
461 463 465 467
461 459 457 455
462 464 466 468
462 460 458 456
463 465 467 469
463 461 459 457
464 466 468 470
464 462 460 458
465 467 469 471
465 463 461 459
466 468 470 472
466 464 462 460
467 469 471 473
467 465 463 461
468 470 472 474
468 466 464 462
469 471 473 475
469 467 465 463
470 472 474 476
470 468 466 464
471 473 475 477
471 469 467 465
472 474 476 478
472 470 468 466
473 475 477 479
473 471 469 467
474 476 478 480
474 472 470 468
475 477 479 481
475 473 471 469
476 478 480 482
476 474 472 470
477 479 481 483
477 475 473 471
478 480 482 484
478 476 474 472
479 481 483 485
479 477 475 473
480 482 484 486
480 478 476 474
481 483 485 487
481 479 477 475
482 484 486 488
482 480 478 476
483 485 487 489
483 481 479 477
484 486 488 490
484 482 480 478
485 487 489 491
485 483 481 479
486 488 490 492
486 484 482 480
487 489 491 493
487 485 483 481
488 490 492 494
488 486 484 482
489 491 493 495
489 487 485 483
490 492 494 496
490 488 486 484
491 493 495 497
491 489 487 485
492 494 496 498
492 490 488 486
493 495 497 499
493 491 489 487
494 496 498 500
494 492 490 488
495 497 499 501
495 493 491 489
496 498 500 503
496 494 492 490
497 499 501 502
497 495 493 491
498 500 503 505
498 496 494 492
499 501 502 504
499 497 495 493
500 503 505 507
500 498 496 494
501 502 504 506
501 499 497 495
502 504 506 508
502 501 499 497
503 505 507 509
503 500 498 496
504 506 508 510
504 502 501 499
505 507 509 511
505 503 500 498
506 508 510 512
506 504 502 501
507 509 511 513
507 505 503 500
508 510 512 514
508 506 504 502
509 511 513 515
509 507 505 503
510 512 514 516
510 508 506 504
511 513 515 517
511 509 507 505
512 514 516 518
512 510 508 506
513 515 517 519
513 511 509 507
514 516 518 520
514 512 510 508
515 517 519 521
515 513 511 509
516 518 520 522
516 514 512 510
517 519 521 523
517 515 513 511
518 520 522 524
518 516 514 512
519 521 523 525
519 517 515 513
520 522 524 526
520 518 516 514
521 523 525 527
521 519 517 515
522 524 526 528
522 520 518 516
523 525 527 529
523 521 519 517
524 526 528 530
524 522 520 518
525 527 529 531
525 523 521 519
526 528 530 532
526 524 522 520
527 529 531 533
527 525 523 521
528 530 532 534
528 526 524 522
529 531 533 535
529 527 525 523
530 532 534 536
530 528 526 524
531 533 535 537
531 529 527 525
532 534 536 538
532 530 528 526
533 535 537 539
533 531 529 527
534 536 538 540
534 532 530 528
535 537 539 541
535 533 531 529
536 538 540 542
536 534 532 530
537 539 541 543
537 535 533 531
538 540 542 544
538 536 534 532
539 541 543 545
539 537 535 533
540 542 544 546
540 538 536 534
541 543 545 547
541 539 537 535
542 544 546 548
542 540 538 536
543 545 547 549
543 541 539 537
544 546 548 550
544 542 540 538
545 547 549 551
545 543 541 539
546 548 550 552
546 544 542 540
547 549 551 553
547 545 543 541
548 550 552 554
548 546 544 542
549 551 553 556
549 547 545 543
550 552 554 557
550 548 546 544
551 553 556 555
551 549 547 545
552 554 557 559
552 550 548 546
553 556 555 558
553 551 549 547
554 557 559 561
554 552 550 548
555 558 560 562
555 556 553 551
556 555 558 560
556 553 551 549
557 559 561 563
557 554 552 550
558 560 562 564
558 555 556 553
559 561 563 565
559 557 554 552
560 562 564 566
560 558 555 556
561 563 565 567
561 559 557 554
562 564 566 568
562 560 558 555
563 565 567 569
563 561 559 557
564 566 568 570
564 562 560 558
565 567 569 571
565 563 561 559
566 568 570 572
566 564 562 560
567 569 571 573
567 565 563 561
568 570 572 574
568 566 564 562
569 571 573 575
569 567 565 563
570 572 574 576
570 568 566 564
571 573 575 577
571 569 567 565
572 574 576 578
572 570 568 566
573 575 577 579
573 571 569 567
574 576 578 580
574 572 570 568
575 577 579 581
575 573 571 569
576 578 580 582
576 574 572 570
577 579 581 583
577 575 573 571
578 580 582 584
578 576 574 572
579 581 583 585
579 577 575 573
580 582 584 586
580 578 576 574
581 583 585 587
581 579 577 575
582 584 586 588
582 580 578 576
583 585 587 589
583 581 579 577
584 586 588 590
584 582 580 578
585 587 589 591
585 583 581 579
586 588 590 592
586 584 582 580
587 589 591 593
587 585 583 581
588 590 592 594
588 586 584 582
589 591 593 595
589 587 585 583
590 592 594 596
590 588 586 584
591 593 595 597
591 589 587 585
592 594 596 599
592 590 588 586
593 595 597 598
593 591 589 587
594 596 599 601
594 592 590 588
595 597 598 600
595 593 591 589
596 599 601 603
596 594 592 590
597 598 600 602
597 595 593 591
598 600 602 604
598 597 595 593
599 601 603 605
599 596 594 592
600 602 604 607
600 598 597 595
601 603 605 608
601 599 596 594
602 604 607 609
602 600 598 597
603 605 608 610
603 601 599 596
604 607 609 611
604 602 600 598
605 608 610 612
605 603 601 599
607 609 611 613
607 604 602 600
608 610 612 614
608 605 603 601
609 611 613 615
609 607 604 602
610 612 614 616
610 608 605 603
611 613 615 617
611 609 607 604
612 614 616 618
612 610 608 605
613 615 617 619
613 611 609 607
614 616 618 621
614 612 610 608
615 617 619 620
615 613 611 609
616 618 621 623
616 614 612 610
617 619 620 622
617 615 613 611
618 621 623 625
618 616 614 612
619 620 622 624
619 617 615 613
620 622 624 626
620 619 617 615
621 623 625 627
621 618 616 614
622 624 626 628
622 620 619 617
623 625 627 629
623 621 618 616
624 626 628 630
624 622 620 619
625 627 629 631
625 623 621 618
626 628 630 632
626 624 622 620
627 629 631 633
627 625 623 621
628 630 632 634
628 626 624 622
629 631 633 635
629 627 625 623
630 632 634 636
630 628 626 624
631 633 635 637
631 629 627 625
632 634 636 639
632 630 628 626
633 635 637 640
633 631 629 627
634 636 639 642
634 632 630 628
635 637 640 643
635 633 631 629
636 639 642 645
636 634 632 630
637 640 643 646
637 635 633 631
638 641 644 647
639 642 645 648
639 636 634 632
640 643 646 649
640 637 635 633
641 644 647 650
642 645 648 651
642 639 636 634
643 646 649 652
643 640 637 635
644 647 650 653
644 641 638 -1
645 648 651 654
645 642 639 636
646 649 652 655
646 643 640 637
647 650 653 -1
647 644 641 638
648 651 654 656
648 645 642 639
649 652 655 657
649 646 643 640
650 647 644 641
651 654 656 658
651 648 645 642
652 655 657 659
652 649 646 643
653 650 647 644
654 656 658 660
654 651 648 645
655 657 659 661
655 652 649 646
656 658 660 662
656 654 651 648
657 659 661 663
657 655 652 649
658 660 662 664
658 656 654 651
659 661 663 665
659 657 655 652
660 662 664 666
660 658 656 654
661 663 665 667
661 659 657 655
662 664 666 668
662 660 658 656
663 665 667 669
663 661 659 657
664 666 668 670
664 662 660 658
665 667 669 671
665 663 661 659
666 668 670 672
666 664 662 660
667 669 671 673
667 665 663 661
668 670 672 674
668 666 664 662
669 671 673 675
669 667 665 663
670 672 674 676
670 668 666 664
671 673 675 677
671 669 667 665
672 674 676 678
672 670 668 666
673 675 677 679
673 671 669 667
674 676 678 680
674 672 670 668
675 677 679 681
675 673 671 669
676 678 680 682
676 674 672 670
677 679 681 683
677 675 673 671
678 680 682 684
678 676 674 672
679 681 683 685
679 677 675 673
680 682 684 686
680 678 676 674
681 683 685 687
681 679 677 675
682 684 686 689
682 680 678 676
683 685 687 690
683 681 679 677
684 686 689 692
684 682 680 678
685 687 690 693
685 683 681 679
686 689 692 695
686 684 682 680
687 690 693 696
687 685 683 681
688 691 694 697
689 692 695 698
689 686 684 682
690 693 696 699
690 687 685 683
691 694 697 700
692 695 698 701
692 689 686 684
693 696 699 702
693 690 687 685
694 697 700 703
694 691 688 -1
695 698 701 704
695 692 689 686
696 699 702 705
696 693 690 687
697 700 703 706
697 694 691 688
698 701 704 707
698 695 692 689
699 702 705 708
699 696 693 690
700 703 706 709
700 697 694 691
701 704 707 710
701 698 695 692
702 705 708 711
702 699 696 693
703 706 709 712
703 700 697 694
704 707 710 713
704 701 698 695
705 708 711 714
705 702 699 696
706 709 712 715
706 703 700 697
707 710 713 716
707 704 701 698
708 711 714 717
708 705 702 699
709 712 715 718
709 706 703 700
710 713 716 719
710 707 704 701
711 714 717 720
711 708 705 702
712 715 718 721
712 709 706 703
713 716 719 722
713 710 707 704
714 717 720 723
714 711 708 705
715 718 721 724
715 712 709 706
716 719 722 725
716 713 710 707
717 720 723 726
717 714 711 708
718 721 724 727
718 715 712 709
719 722 725 728
719 716 713 710
720 723 726 729
720 717 714 711
721 724 727 730
721 718 715 712
722 725 728 731
722 719 716 713
723 726 729 732
723 720 717 714
724 727 730 733
724 721 718 715
725 728 731 734
725 722 719 716
726 729 732 735
726 723 720 717
727 730 733 -1
727 724 721 718
728 731 734 736
728 725 722 719
729 732 735 737
729 726 723 720
730 727 724 721
731 734 736 738
731 728 725 722
732 735 737 739
732 729 726 723
733 730 727 724
734 736 738 740
734 731 728 725
735 737 739 741
735 732 729 726
736 738 740 742
736 734 731 728
737 739 741 743
737 735 732 729
738 740 742 744
738 736 734 731
739 741 743 745
739 737 735 732
740 742 744 746
740 738 736 734
741 743 745 747
741 739 737 735
742 744 746 748
742 740 738 736
743 745 747 749
743 741 739 737
744 746 748 750
744 742 740 738
745 747 749 751
745 743 741 739
746 748 750 752
746 744 742 740
747 749 751 753
747 745 743 741
748 750 752 754
748 746 744 742
749 751 753 755
749 747 745 743
750 752 754 756
750 748 746 744
751 753 755 757
751 749 747 745
752 754 756 758
752 750 748 746
753 755 757 759
753 751 749 747
754 756 758 760
754 752 750 748
755 757 759 761
755 753 751 749
756 758 760 762
756 754 752 750
757 759 761 763
757 755 753 751
758 760 762 764
758 756 754 752
759 761 763 765
759 757 755 753
760 762 764 766
760 758 756 754
761 763 765 767
761 759 757 755
762 764 766 768
762 760 758 756
763 765 767 769
763 761 759 757
764 766 768 770
764 762 760 758
765 767 769 771
765 763 761 759
766 768 770 772
766 764 762 760
767 769 771 773
767 765 763 761
768 770 772 774
768 766 764 762
769 771 773 775
769 767 765 763
770 772 774 776
770 768 766 764
771 773 775 777
771 769 767 765
772 774 776 778
772 770 768 766
773 775 777 779
773 771 769 767
774 776 778 780
774 772 770 768
775 777 779 781
775 773 771 769
776 778 780 782
776 774 772 770
777 779 781 783
777 775 773 771
778 780 782 784
778 776 774 772
779 781 783 785
779 777 775 773
780 782 784 786
780 778 776 774
781 783 785 787
781 779 777 775
782 784 786 788
782 780 778 776
783 785 787 789
783 781 779 777
784 786 788 790
784 782 780 778
785 787 789 791
785 783 781 779
786 788 790 792
786 784 782 780
787 789 791 793
787 785 783 781
788 790 792 794
788 786 784 782
789 791 793 795
789 787 785 783
790 792 794 796
790 788 786 784
791 793 795 797
791 789 787 785
792 794 796 798
792 790 788 786
793 795 797 799
793 791 789 787
794 796 798 800
794 792 790 788
795 797 799 801
795 793 791 789
796 798 800 802
796 794 792 790
797 799 801 803
797 795 793 791
798 800 802 804
798 796 794 792
799 801 803 805
799 797 795 793
800 802 804 806
800 798 796 794
801 803 805 807
801 799 797 795
802 804 806 808
802 800 798 796
803 805 807 809
803 801 799 797
804 806 808 810
804 802 800 798
805 807 809 811
805 803 801 799
806 808 810 812
806 804 802 800
807 809 811 813
807 805 803 801
808 810 812 814
808 806 804 802
809 811 813 815
809 807 805 803
810 812 814 816
810 808 806 804
811 813 815 817
811 809 807 805
812 814 816 818
812 810 808 806
813 815 817 819
813 811 809 807
814 816 818 820
814 812 810 808
815 817 819 821
815 813 811 809
816 818 820 822
816 814 812 810
817 819 821 823
817 815 813 811
818 820 822 824
818 816 814 812
819 821 823 825
819 817 815 813
820 822 824 826
820 818 816 814
821 823 825 827
821 819 817 815
822 824 826 828
822 820 818 816
823 825 827 829
823 821 819 817
824 826 828 830
824 822 820 818
825 827 829 831
825 823 821 819
826 828 830 832
826 824 822 820
827 829 831 833
827 825 823 821
828 830 832 834
828 826 824 822
829 831 833 835
829 827 825 823
830 832 834 836
830 828 826 824
831 833 835 837
831 829 827 825
832 834 836 838
832 830 828 826
833 835 837 839
833 831 829 827
834 836 838 840
834 832 830 828
835 837 839 841
835 833 831 829
836 838 840 842
836 834 832 830
837 839 841 843
837 835 833 831
838 840 842 844
838 836 834 832
839 841 843 845
839 837 835 833
840 842 844 847
840 838 836 834
841 843 845 848
841 839 837 835
842 844 847 846
842 840 838 836
843 845 848 850
843 841 839 837
844 847 846 849
844 842 840 838
845 848 850 853
845 843 841 839
846 849 852 855
846 847 844 842
847 846 849 852
847 844 842 840
848 850 853 856
848 845 843 841
849 852 855 858
849 846 847 844
850 853 856 859
850 848 845 843
851 854 857 860
852 855 858 861
852 849 846 847
853 856 859 862
853 850 848 845
854 857 860 863
855 858 861 864
855 852 849 846
856 859 862 865
856 853 850 848
857 860 863 866
857 854 851 -1
858 861 864 867
858 855 852 849
859 862 865 868
859 856 853 850
860 863 866 869
860 857 854 851
861 864 867 870
861 858 855 852
862 865 868 871
862 859 856 853
863 866 869 872
863 860 857 854
864 867 870 873
864 861 858 855
865 868 871 874
865 862 859 856
866 869 872 875
866 863 860 857
867 870 873 876
867 864 861 858
868 871 874 877
868 865 862 859
869 872 875 878
869 866 863 860
870 873 876 879
870 867 864 861
871 874 877 880
871 868 865 862
872 875 878 881
872 869 866 863
873 876 879 882
873 870 867 864
874 877 880 883
874 871 868 865
875 878 881 884
875 872 869 866
876 879 882 885
876 873 870 867
877 880 883 886
877 874 871 868
878 881 884 887
878 875 872 869
879 882 885 888
879 876 873 870
880 883 886 889
880 877 874 871
881 884 887 890
881 878 875 872
882 885 888 891
882 879 876 873
883 886 889 892
883 880 877 874
884 887 890 893
884 881 878 875
885 888 891 894
885 882 879 876
886 889 892 895
886 883 880 877
887 890 893 896
887 884 881 878
888 891 894 897
888 885 882 879
889 892 895 898
889 886 883 880
890 893 896 899
890 887 884 881
891 894 897 900
891 888 885 882
892 895 898 901
892 889 886 883
893 896 899 902
893 890 887 884
894 897 900 903
894 891 888 885
895 898 901 904
895 892 889 886
896 899 902 905
896 893 890 887
897 900 903 906
897 894 891 888
898 901 904 907
898 895 892 889
899 902 905 -1
899 896 893 890
900 903 906 908
900 897 894 891
901 904 907 909
901 898 895 892
902 899 896 893
903 906 908 910
903 900 897 894
904 907 909 911
904 901 898 895
905 902 899 896
906 908 910 912
906 903 900 897
907 909 911 913
907 904 901 898
908 910 912 914
908 906 903 900
909 911 913 915
909 907 904 901
910 912 914 916
910 908 906 903
911 913 915 917
911 909 907 904
912 914 916 918
912 910 908 906
913 915 917 919
913 911 909 907
914 916 918 920
914 912 910 908
915 917 919 921
915 913 911 909
916 918 920 922
916 914 912 910
917 919 921 923
917 915 913 911
918 920 922 924
918 916 914 912
919 921 923 925
919 917 915 913
920 922 924 926
920 918 916 914
921 923 925 927
921 919 917 915
922 924 926 928
922 920 918 916
923 925 927 929
923 921 919 917
924 926 928 930
924 922 920 918
925 927 929 931
925 923 921 919
926 928 930 932
926 924 922 920
927 929 931 933
927 925 923 921
928 930 932 935
928 926 924 922
929 931 933 936
929 927 925 923
930 932 935 938
930 928 926 924
931 933 936 939
931 929 927 925
932 935 938 941
932 930 928 926
933 936 939 942
933 931 929 927
934 937 940 943
935 938 941 944
935 932 930 928
936 939 942 945
936 933 931 929
937 940 943 946
938 941 944 947
938 935 932 930
939 942 945 948
939 936 933 931
940 943 946 949
940 937 934 -1
941 944 947 950
941 938 935 932
942 945 948 951
942 939 936 933
943 946 949 952
943 940 937 934
944 947 950 953
944 941 938 935
945 948 951 954
945 942 939 936
946 949 952 955
946 943 940 937
947 950 953 956
947 944 941 938
948 951 954 957
948 945 942 939
949 952 955 -1
949 946 943 940
950 953 956 958
950 947 944 941
951 954 957 959
951 948 945 942
952 949 946 943
953 956 958 960
953 950 947 944
954 957 959 961
954 951 948 945
955 952 949 946
956 958 960 962
956 953 950 947
957 959 961 963
957 954 951 948
958 960 962 964
958 956 953 950
959 961 963 965
959 957 954 951
960 962 964 966
960 958 956 953
961 963 965 967
961 959 957 954
962 964 966 968
962 960 958 956
963 965 967 969
963 961 959 957
964 966 968 970
964 962 960 958
965 967 969 971
965 963 961 959
966 968 970 972
966 964 962 960
967 969 971 973
967 965 963 961
968 970 972 974
968 966 964 962
969 971 973 975
969 967 965 963
970 972 974 976
970 968 966 964
971 973 975 977
971 969 967 965
972 974 976 978
972 970 968 966
973 975 977 979
973 971 969 967
974 976 978 980
974 972 970 968
975 977 979 981
975 973 971 969
976 978 980 982
976 974 972 970
977 979 981 983
977 975 973 971
978 980 982 985
978 976 974 972
979 981 983 986
979 977 975 973
980 982 985 988
980 978 976 974
981 983 986 989
981 979 977 975
982 985 988 990
982 980 978 976
983 986 989 991
983 981 979 977
985 988 990 992
985 982 980 978
986 989 991 993
986 983 981 979
988 990 992 994
988 985 982 980
989 991 993 995
989 986 983 981
990 992 994 996
990 988 985 982
991 993 995 997
991 989 986 983
992 994 996 998
992 990 988 985
993 995 997 999
993 991 989 986
994 996 998 1000
994 992 990 988
995 997 999 1001
995 993 991 989
996 998 1000 1002
996 994 992 990
997 999 1001 1003
997 995 993 991
998 1000 1002 1004
998 996 994 992
999 1001 1003 1005
999 997 995 993
1000 1002 1004 1006
1000 998 996 994
1001 1003 1005 1007
1001 999 997 995
1002 1004 1006 1008
1002 1000 998 996
1003 1005 1007 1009
1003 1001 999 997
1004 1006 1008 1010
1004 1002 1000 998
1005 1007 1009 1011
1005 1003 1001 999
1006 1008 1010 1012
1006 1004 1002 1000
1007 1009 1011 1013
1007 1005 1003 1001
1008 1010 1012 1015
1008 1006 1004 1002
1009 1011 1013 1016
1009 1007 1005 1003
1010 1012 1015 1017
1010 1008 1006 1004
1011 1013 1016 1018
1011 1009 1007 1005
1012 1015 1017 1019
1012 1010 1008 1006
1013 1016 1018 1020
1013 1011 1009 1007
1015 1017 1019 1021
1015 1012 1010 1008
1016 1018 1020 1022
1016 1013 1011 1009
1017 1019 1021 1023
1017 1015 1012 1010
1018 1020 1022 1024
1018 1016 1013 1011
1019 1021 1023 1025
1019 1017 1015 1012
1020 1022 1024 1026
1020 1018 1016 1013
1021 1023 1025 1027
1021 1019 1017 1015
1022 1024 1026 1028
1022 1020 1018 1016
1023 1025 1027 1029
1023 1021 1019 1017
1024 1026 1028 1030
1024 1022 1020 1018
1025 1027 1029 1031
1025 1023 1021 1019
1026 1028 1030 1032
1026 1024 1022 1020
1027 1029 1031 1033
1027 1025 1023 1021
1028 1030 1032 1034
1028 1026 1024 1022
1029 1031 1033 1035
1029 1027 1025 1023
1030 1032 1034 1036
1030 1028 1026 1024
1031 1033 1035 1037
1031 1029 1027 1025
1032 1034 1036 1038
1032 1030 1028 1026
1033 1035 1037 1039
1033 1031 1029 1027
1034 1036 1038 1040
1034 1032 1030 1028
1035 1037 1039 1041
1035 1033 1031 1029
1036 1038 1040 1042
1036 1034 1032 1030
1037 1039 1041 1043
1037 1035 1033 1031
1038 1040 1042 1044
1038 1036 1034 1032
1039 1041 1043 1045
1039 1037 1035 1033
1040 1042 1044 1046
1040 1038 1036 1034
1041 1043 1045 1047
1041 1039 1037 1035
1042 1044 1046 1048
1042 1040 1038 1036
1043 1045 1047 1049
1043 1041 1039 1037
1044 1046 1048 1050
1044 1042 1040 1038
1045 1047 1049 1051
1045 1043 1041 1039
1046 1048 1050 1052
1046 1044 1042 1040
1047 1049 1051 1053
1047 1045 1043 1041
1048 1050 1052 1054
1048 1046 1044 1042
1049 1051 1053 1055
1049 1047 1045 1043
1050 1052 1054 1056
1050 1048 1046 1044
1051 1053 1055 1057
1051 1049 1047 1045
1052 1054 1056 1058
1052 1050 1048 1046
1053 1055 1057 1059
1053 1051 1049 1047
1054 1056 1058 1060
1054 1052 1050 1048
1055 1057 1059 1061
1055 1053 1051 1049
1056 1058 1060 1062
1056 1054 1052 1050
1057 1059 1061 1063
1057 1055 1053 1051
1058 1060 1062 1064
1058 1056 1054 1052
1059 1061 1063 1065
1059 1057 1055 1053
1060 1062 1064 1066
1060 1058 1056 1054
1061 1063 1065 1067
1061 1059 1057 1055
1062 1064 1066 1068
1062 1060 1058 1056
1063 1065 1067 1069
1063 1061 1059 1057
1064 1066 1068 1070
1064 1062 1060 1058
1065 1067 1069 1071
1065 1063 1061 1059
1066 1068 1070 1072
1066 1064 1062 1060
1067 1069 1071 1073
1067 1065 1063 1061
1068 1070 1072 1074
1068 1066 1064 1062
1069 1071 1073 1075
1069 1067 1065 1063
1070 1072 1074 1076
1070 1068 1066 1064
1071 1073 1075 1077
1071 1069 1067 1065
1072 1074 1076 1078
1072 1070 1068 1066
1073 1075 1077 1079
1073 1071 1069 1067
1074 1076 1078 1080
1074 1072 1070 1068
1075 1077 1079 1081
1075 1073 1071 1069
1076 1078 1080 1082
1076 1074 1072 1070
1077 1079 1081 1083
1077 1075 1073 1071
1078 1080 1082 1084
1078 1076 1074 1072
1079 1081 1083 1085
1079 1077 1075 1073
1080 1082 1084 1086
1080 1078 1076 1074
1081 1083 1085 1087
1081 1079 1077 1075
1082 1084 1086 1088
1082 1080 1078 1076
1083 1085 1087 1089
1083 1081 1079 1077
1084 1086 1088 1090
1084 1082 1080 1078
1085 1087 1089 1091
1085 1083 1081 1079
1086 1088 1090 1092
1086 1084 1082 1080
1087 1089 1091 1093
1087 1085 1083 1081
1088 1090 1092 1094
1088 1086 1084 1082
1089 1091 1093 1095
1089 1087 1085 1083
1090 1092 1094 1096
1090 1088 1086 1084
1091 1093 1095 1097
1091 1089 1087 1085
1092 1094 1096 1098
1092 1090 1088 1086
1093 1095 1097 1099
1093 1091 1089 1087
1094 1096 1098 1100
1094 1092 1090 1088
1095 1097 1099 1101
1095 1093 1091 1089
1096 1098 1100 1102
1096 1094 1092 1090
1097 1099 1101 1103
1097 1095 1093 1091
1098 1100 1102 1104
1098 1096 1094 1092
1099 1101 1103 1105
1099 1097 1095 1093
1100 1102 1104 1106
1100 1098 1096 1094
1101 1103 1105 1107
1101 1099 1097 1095
1102 1104 1106 1108
1102 1100 1098 1096
1103 1105 1107 1109
1103 1101 1099 1097
1104 1106 1108 1110
1104 1102 1100 1098
1105 1107 1109 1111
1105 1103 1101 1099
1106 1108 1110 1112
1106 1104 1102 1100
1107 1109 1111 1113
1107 1105 1103 1101
1108 1110 1112 1114
1108 1106 1104 1102
1109 1111 1113 1115
1109 1107 1105 1103
1110 1112 1114 1116
1110 1108 1106 1104
1111 1113 1115 1117
1111 1109 1107 1105
1112 1114 1116 1118
1112 1110 1108 1106
1113 1115 1117 1119
1113 1111 1109 1107
1114 1116 1118 1120
1114 1112 1110 1108
1115 1117 1119 1121
1115 1113 1111 1109
1116 1118 1120 1122
1116 1114 1112 1110
1117 1119 1121 1123
1117 1115 1113 1111
1118 1120 1122 1124
1118 1116 1114 1112
1119 1121 1123 1125
1119 1117 1115 1113
1120 1122 1124 1126
1120 1118 1116 1114
1121 1123 1125 1127
1121 1119 1117 1115
1122 1124 1126 1128
1122 1120 1118 1116
1123 1125 1127 1129
1123 1121 1119 1117
1124 1126 1128 1130
1124 1122 1120 1118
1125 1127 1129 1131
1125 1123 1121 1119
1126 1128 1130 1132
1126 1124 1122 1120
1127 1129 1131 1133
1127 1125 1123 1121
1128 1130 1132 1134
1128 1126 1124 1122
1129 1131 1133 1135
1129 1127 1125 1123
1130 1132 1134 1136
1130 1128 1126 1124
1131 1133 1135 1137
1131 1129 1127 1125
1132 1134 1136 1138
1132 1130 1128 1126
1133 1135 1137 1140
1133 1131 1129 1127
1134 1136 1138 1139
1134 1132 1130 1128
1135 1137 1140 1142
1135 1133 1131 1129
1136 1138 1139 1141
1136 1134 1132 1130
1137 1140 1142 1144
1137 1135 1133 1131
1138 1139 1141 1143
1138 1136 1134 1132
1139 1141 1143 1145
1139 1138 1136 1134
1140 1142 1144 1146
1140 1137 1135 1133
1141 1143 1145 1147
1141 1139 1138 1136
1142 1144 1146 1148
1142 1140 1137 1135
1143 1145 1147 1149
1143 1141 1139 1138
1144 1146 1148 1150
1144 1142 1140 1137
1145 1147 1149 1151
1145 1143 1141 1139
1146 1148 1150 1152
1146 1144 1142 1140
1147 1149 1151 1153
1147 1145 1143 1141
1148 1150 1152 1154
1148 1146 1144 1142
1149 1151 1153 1155
1149 1147 1145 1143
1150 1152 1154 1156
1150 1148 1146 1144
1151 1153 1155 1157
1151 1149 1147 1145
1152 1154 1156 1158
1152 1150 1148 1146
1153 1155 1157 1159
1153 1151 1149 1147
1154 1156 1158 1160
1154 1152 1150 1148
1155 1157 1159 1161
1155 1153 1151 1149
1156 1158 1160 1162
1156 1154 1152 1150
1157 1159 1161 1163
1157 1155 1153 1151
1158 1160 1162 1164
1158 1156 1154 1152
1159 1161 1163 1165
1159 1157 1155 1153
1160 1162 1164 1166
1160 1158 1156 1154
1161 1163 1165 1167
1161 1159 1157 1155
1162 1164 1166 1168
1162 1160 1158 1156
1163 1165 1167 1169
1163 1161 1159 1157
1164 1166 1168 1170
1164 1162 1160 1158
1165 1167 1169 1171
1165 1163 1161 1159
1166 1168 1170 1172
1166 1164 1162 1160
1167 1169 1171 1173
1167 1165 1163 1161
1168 1170 1172 1174
1168 1166 1164 1162
1169 1171 1173 1175
1169 1167 1165 1163
1170 1172 1174 1176
1170 1168 1166 1164
1171 1173 1175 1177
1171 1169 1167 1165
1172 1174 1176 1178
1172 1170 1168 1166
1173 1175 1177 1179
1173 1171 1169 1167
1174 1176 1178 1180
1174 1172 1170 1168
1175 1177 1179 1181
1175 1173 1171 1169
1176 1178 1180 1182
1176 1174 1172 1170
1177 1179 1181 1183
1177 1175 1173 1171
1178 1180 1182 1185
1178 1176 1174 1172
1179 1181 1183 1184
1179 1177 1175 1173
1180 1182 1185 1187
1180 1178 1176 1174
1181 1183 1184 1186
1181 1179 1177 1175
1182 1185 1187 1189
1182 1180 1178 1176
1183 1184 1186 1188
1183 1181 1179 1177
1184 1186 1188 1190
1184 1183 1181 1179
1185 1187 1189 1191
1185 1182 1180 1178
1186 1188 1190 1192
1186 1184 1183 1181
1187 1189 1191 1194
1187 1185 1182 1180
1188 1190 1192 1193
1188 1186 1184 1183
1189 1191 1194 1196
1189 1187 1185 1182
1190 1192 1193 1195
1190 1188 1186 1184
1191 1194 1196 1198
1191 1189 1187 1185
1192 1193 1195 1197
1192 1190 1188 1186
1193 1195 1197 1199
1193 1192 1190 1188
1194 1196 1198 1200
1194 1191 1189 1187
1195 1197 1199 1201
1195 1193 1192 1190
1196 1198 1200 1202
1196 1194 1191 1189
1197 1199 1201 1203
1197 1195 1193 1192
1198 1200 1202 1204
1198 1196 1194 1191
1199 1201 1203 1205
1199 1197 1195 1193
1200 1202 1204 1206
1200 1198 1196 1194
1201 1203 1205 1207
1201 1199 1197 1195
1202 1204 1206 1208
1202 1200 1198 1196
1203 1205 1207 1209
1203 1201 1199 1197
1204 1206 1208 1210
1204 1202 1200 1198
1205 1207 1209 1211
1205 1203 1201 1199
1206 1208 1210 1212
1206 1204 1202 1200
1207 1209 1211 1213
1207 1205 1203 1201
1208 1210 1212 1214
1208 1206 1204 1202
1209 1211 1213 1215
1209 1207 1205 1203
1210 1212 1214 1216
1210 1208 1206 1204
1211 1213 1215 1217
1211 1209 1207 1205
1212 1214 1216 1218
1212 1210 1208 1206
1213 1215 1217 1219
1213 1211 1209 1207
1214 1216 1218 1220
1214 1212 1210 1208
1215 1217 1219 1221
1215 1213 1211 1209
1216 1218 1220 1222
1216 1214 1212 1210
1217 1219 1221 1223
1217 1215 1213 1211
1218 1220 1222 1224
1218 1216 1214 1212
1219 1221 1223 1225
1219 1217 1215 1213
1220 1222 1224 1226
1220 1218 1216 1214
1221 1223 1225 1227
1221 1219 1217 1215
1222 1224 1226 1228
1222 1220 1218 1216
1223 1225 1227 1229
1223 1221 1219 1217
1224 1226 1228 1230
1224 1222 1220 1218
1225 1227 1229 1231
1225 1223 1221 1219
1226 1228 1230 1232
1226 1224 1222 1220
1227 1229 1231 1233
1227 1225 1223 1221
1228 1230 1232 1235
1228 1226 1224 1222
1229 1231 1233 1234
1229 1227 1225 1223
1230 1232 1235 1237
1230 1228 1226 1224
1231 1233 1234 1236
1231 1229 1227 1225
1232 1235 1237 1239
1232 1230 1228 1226
1233 1234 1236 1238
1233 1231 1229 1227
1234 1236 1238 1240
1234 1233 1231 1229
1235 1237 1239 1241
1235 1232 1230 1228
1236 1238 1240 1242
1236 1234 1233 1231
1237 1239 1241 1243
1237 1235 1232 1230
1238 1240 1242 1244
1238 1236 1234 1233
1239 1241 1243 1245
1239 1237 1235 1232
1240 1242 1244 1246
1240 1238 1236 1234
1241 1243 1245 1247
1241 1239 1237 1235
1242 1244 1246 1248
1242 1240 1238 1236
1243 1245 1247 1249
1243 1241 1239 1237
1244 1246 1248 1250
1244 1242 1240 1238
1245 1247 1249 1252
1245 1243 1241 1239
1246 1248 1250 1251
1246 1244 1242 1240
1247 1249 1252 1254
1247 1245 1243 1241
1248 1250 1251 1253
1248 1246 1244 1242
1249 1252 1254 1256
1249 1247 1245 1243
1250 1251 1253 1255
1250 1248 1246 1244
1251 1253 1255 1257
1251 1250 1248 1246
1252 1254 1256 1258
1252 1249 1247 1245
1253 1255 1257 1259
1253 1251 1250 1248
1254 1256 1258 1260
1254 1252 1249 1247
1255 1257 1259 1261
1255 1253 1251 1250
1256 1258 1260 1263
1256 1254 1252 1249
1257 1259 1261 1262
1257 1255 1253 1251
1258 1260 1263 1265
1258 1256 1254 1252
1259 1261 1262 1264
1259 1257 1255 1253
1260 1263 1265 1267
1260 1258 1256 1254
1261 1262 1264 1266
1261 1259 1257 1255
1262 1264 1266 1268
1262 1261 1259 1257
1263 1265 1267 1269
1263 1260 1258 1256
1264 1266 1268 1270
1264 1262 1261 1259
1265 1267 1269 1271
1265 1263 1260 1258
1266 1268 1270 1272
1266 1264 1262 1261
1267 1269 1271 1273
1267 1265 1263 1260
1268 1270 1272 1274
1268 1266 1264 1262
1269 1271 1273 1275
1269 1267 1265 1263
1270 1272 1274 1276
1270 1268 1266 1264
1271 1273 1275 1278
1271 1269 1267 1265
1272 1274 1276 1277
1272 1270 1268 1266
1273 1275 1278 1280
1273 1271 1269 1267
1274 1276 1277 1279
1274 1272 1270 1268
1275 1278 1280 1283
1275 1273 1271 1269
1276 1277 1279 1281
1276 1274 1272 1270
1277 1279 1281 1282
1277 1276 1274 1272
1278 1280 1283 1285
1278 1275 1273 1271
1279 1281 1282 1284
1279 1277 1276 1274
1280 1283 1285 1288
1280 1278 1275 1273
1281 1282 1284 1286
1281 1279 1277 1276
1282 1284 1286 1287
1282 1281 1279 1277
1283 1285 1288 1290
1283 1280 1278 1275
1284 1286 1287 1289
1284 1282 1281 1279
1285 1288 1290 1293
1285 1283 1280 1278
1286 1287 1289 1291
1286 1284 1282 1281
1287 1289 1291 1292
1287 1286 1284 1282
1288 1290 1293 1295
1288 1285 1283 1280
1289 1291 1292 1294
1289 1287 1286 1284
1290 1293 1295 1297
1290 1288 1285 1283
1291 1292 1294 1296
1291 1289 1287 1286
1292 1294 1296 1298
1292 1291 1289 1287
1293 1295 1297 1300
1293 1290 1288 1285
1294 1296 1298 1299
1294 1292 1291 1289
1295 1297 1300 1302
1295 1293 1290 1288
1296 1298 1299 1301
1296 1294 1292 1291
1297 1300 1302 1305
1297 1295 1293 1290
1298 1299 1301 1303
1298 1296 1294 1292
1299 1301 1303 1304
1299 1298 1296 1294
1300 1302 1305 1308
1300 1297 1295 1293
1301 1303 1304 1306
1301 1299 1298 1296
1302 1305 1308 1310
1302 1300 1297 1295
1303 1304 1306 1307
1303 1301 1299 1298
1304 1306 1307 1309
1304 1303 1301 1299
1305 1308 1310 1313
1305 1302 1300 1297
1306 1307 1309 1311
1306 1304 1303 1301
1307 1309 1311 1312
1307 1306 1304 1303
1308 1310 1313 1316
1308 1305 1302 1300
1309 1311 1312 1314
1309 1307 1306 1304
1310 1313 1316 1318
1310 1308 1305 1302
1311 1312 1314 1315
1311 1309 1307 1306
1312 1314 1315 1317
1312 1311 1309 1307
1313 1316 1318 1320
1313 1310 1308 1305
1314 1315 1317 1319
1314 1312 1311 1309
1315 1317 1319 1321
1315 1314 1312 1311
1316 1318 1320 1323
1316 1313 1310 1308
1317 1319 1321 1322
1317 1315 1314 1312
1318 1320 1323 1327
1318 1316 1313 1310
1319 1321 1322 1324
1319 1317 1315 1314
1320 1323 1327 1326
1320 1318 1316 1313
1321 1322 1324 1325
1321 1319 1317 1315
1322 1324 1325 1328
1322 1321 1319 1317
1323 1327 1326 1331
1323 1320 1318 1316
1324 1325 1328 1329
1324 1322 1321 1319
1325 1328 1329 1332
1325 1324 1322 1321
1326 1331 1330 1336
1326 1327 1323 1320
1327 1326 1331 1330
1327 1323 1320 1318
1328 1329 1332 1333
1328 1325 1324 1322
1329 1332 1333 1337
1329 1328 1325 1324
1330 1336 1335 1334
1330 1331 1326 1327
1331 1330 1336 1335
1331 1326 1327 1323
1332 1333 1337 1338
1332 1329 1328 1325
1333 1337 1338 1341
1333 1332 1329 1328
1334 1340 1339 1344
1334 1335 1336 1330
1335 1334 1340 1339
1335 1336 1330 1331
1336 1335 1334 1340
1336 1330 1331 1326
1337 1338 1341 1345
1337 1333 1332 1329
1338 1341 1345 1346
1338 1337 1333 1332
1339 1344 1343 1342
1339 1340 1334 1335
1340 1339 1344 1343
1340 1334 1335 1336
1341 1345 1346 1350
1341 1338 1337 1333
1342 1349 1348 1347
1342 1343 1344 1339
1343 1342 1349 1348
1343 1344 1339 1340
1344 1343 1342 1349
1344 1339 1340 1334
1345 1346 1350 1351
1345 1341 1338 1337
1346 1350 1351 1355
1346 1345 1341 1338
1347 1354 1353 1352
1347 1348 1349 1342
1348 1347 1354 1353
1348 1349 1342 1343
1349 1348 1347 1354
1349 1342 1343 1344
1350 1351 1355 1356
1350 1346 1345 1341
1351 1355 1356 1360
1351 1350 1346 1345
1352 1359 1358 1357
1352 1353 1354 1347
1353 1352 1359 1358
1353 1354 1347 1348
1354 1353 1352 1359
1354 1347 1348 1349
1355 1356 1360 1361
1355 1351 1350 1346
1356 1360 1361 1365
1356 1355 1351 1350
1357 1364 1363 1362
1357 1358 1359 1352
1358 1357 1364 1363
1358 1359 1352 1353
1359 1358 1357 1364
1359 1352 1353 1354
1360 1361 1365 1366
1360 1356 1355 1351
1361 1365 1366 1370
1361 1360 1356 1355
1362 1369 1368 1367
1362 1363 1364 1357
1363 1362 1369 1368
1363 1364 1357 1358
1364 1363 1362 1369
1364 1357 1358 1359
1365 1366 1370 1371
1365 1361 1360 1356
1366 1370 1371 1375
1366 1365 1361 1360
1367 1374 1373 1372
1367 1368 1369 1362
1368 1367 1374 1373
1368 1369 1362 1363
1369 1368 1367 1374
1369 1362 1363 1364
1370 1371 1375 1376
1370 1366 1365 1361
1371 1375 1376 1380
1371 1370 1366 1365
1372 1379 1378 1377
1372 1373 1374 1367
1373 1372 1379 1378
1373 1374 1367 1368
1374 1373 1372 1379
1374 1367 1368 1369
1375 1376 1380 1384
1375 1371 1370 1366
1376 1380 1384 1385
1376 1375 1371 1370
1377 1383 1382 1381
1377 1378 1379 1372
1378 1377 1383 1382
1378 1379 1372 1373
1379 1378 1377 1383
1379 1372 1373 1374
1380 1384 1385 1389
1380 1376 1375 1371
1381 1388 1387 1386
1381 1382 1383 1377
1382 1381 1388 1387
1382 1383 1377 1378
1383 1382 1381 1388
1383 1377 1378 1379
1384 1385 1389 1390
1384 1380 1376 1375
1385 1389 1390 1394
1385 1384 1380 1376
1386 1393 1392 1391
1386 1387 1388 1381
1387 1386 1393 1392
1387 1388 1381 1382
1388 1387 1386 1393
1388 1381 1382 1383
1389 1390 1394 1395
1389 1385 1384 1380
1390 1394 1395 1399
1390 1389 1385 1384
1391 1398 1397 1396
1391 1392 1393 1386
1392 1391 1398 1397
1392 1393 1386 1387
1393 1392 1391 1398
1393 1386 1387 1388
1394 1395 1399 1400
1394 1390 1389 1385
1395 1399 1400 1404
1395 1394 1390 1389
1396 1403 1402 1401
1396 1397 1398 1391
1397 1396 1403 1402
1397 1398 1391 1392
1398 1397 1396 1403
1398 1391 1392 1393
1399 1400 1404 1405
1399 1395 1394 1390
1400 1404 1405 1409
1400 1399 1395 1394
1401 1408 1407 1406
1401 1402 1403 1396
1402 1401 1408 1407
1402 1403 1396 1397
1403 1402 1401 1408
1403 1396 1397 1398
1404 1405 1409 1410
1404 1400 1399 1395
1405 1409 1410 1414
1405 1404 1400 1399
1406 1413 1412 1411
1406 1407 1408 1401
1407 1406 1413 1412
1407 1408 1401 1402
1408 1407 1406 1413
1408 1401 1402 1403
1409 1410 1414 1415
1409 1405 1404 1400
1410 1414 1415 1419
1410 1409 1405 1404
1411 1418 1417 1416
1411 1412 1413 1406
1412 1411 1418 1417
1412 1413 1406 1407
1413 1412 1411 1418
1413 1406 1407 1408
1414 1415 1419 1420
1414 1410 1409 1405
1415 1419 1420 1421
1415 1414 1410 1409
1416 1424 1423 1422
1416 1417 1418 1411
1417 1416 1424 1423
1417 1418 1411 1412
1418 1417 1416 1424
1418 1411 1412 1413
1419 1420 1421 1425
1419 1415 1414 1410
1420 1421 1425 1426
1420 1419 1415 1414
1421 1425 1426 1427
1421 1420 1419 1415
1422 1430 1429 1428
1422 1423 1424 1416
1423 1422 1430 1429
1423 1424 1416 1417
1424 1423 1422 1430
1424 1416 1417 1418
1425 1426 1427 1431
1425 1421 1420 1419
1426 1427 1431 1432
1426 1425 1421 1420
1427 1431 1432 1433
1427 1426 1425 1421
1428 1436 1435 1434
1428 1429 1430 1422
1429 1428 1436 1435
1429 1430 1422 1423
1430 1429 1428 1436
1430 1422 1423 1424
1431 1432 1433 1437
1431 1427 1426 1425
1432 1433 1437 1438
1432 1431 1427 1426
1433 1437 1438 1439
1433 1432 1431 1427
1434 1456 1455 1454
1434 1435 1436 1428
1435 1434 1456 1455
1435 1436 1428 1429
1436 1435 1434 1456
1436 1428 1429 1430
1437 1438 1439 1440
1437 1433 1432 1431
1438 1439 1440 1441
1438 1437 1433 1432
1439 1440 1441 1442
1439 1438 1437 1433
1440 1441 1442 1443
1440 1439 1438 1437
1441 1442 1443 1444
1441 1440 1439 1438
1442 1443 1444 1445
1442 1441 1440 1439
1443 1444 1445 1446
1443 1442 1441 1440
1444 1445 1446 1447
1444 1443 1442 1441
1445 1446 1447 1448
1445 1444 1443 1442
1446 1447 1448 1449
1446 1445 1444 1443
1447 1448 1449 1450
1447 1446 1445 1444
1448 1449 1450 1451
1448 1447 1446 1445
1449 1450 1451 1452
1449 1448 1447 1446
1450 1451 1452 1453
1450 1449 1448 1447
1451 1452 1453 1457
1451 1450 1449 1448
1452 1453 1457 1458
1452 1451 1450 1449
1453 1457 1458 1459
1453 1452 1451 1450
1454 1504 1503 1502
1454 1455 1456 1434
1455 1454 1504 1503
1455 1456 1434 1435
1456 1455 1454 1504
1456 1434 1435 1436
1457 1458 1459 1460
1457 1453 1452 1451
1458 1459 1460 1461
1458 1457 1453 1452
1459 1460 1461 1462
1459 1458 1457 1453
1460 1461 1462 1463
1460 1459 1458 1457
1461 1462 1463 1464
1461 1460 1459 1458
1462 1463 1464 1465
1462 1461 1460 1459
1463 1464 1465 1466
1463 1462 1461 1460
1464 1465 1466 1467
1464 1463 1462 1461
1465 1466 1467 1468
1465 1464 1463 1462
1466 1467 1468 1469
1466 1465 1464 1463
1467 1468 1469 1470
1467 1466 1465 1464
1468 1469 1470 1471
1468 1467 1466 1465
1469 1470 1471 1472
1469 1468 1467 1466
1470 1471 1472 1473
1470 1469 1468 1467
1471 1472 1473 1474
1471 1470 1469 1468
1472 1473 1474 1475
1472 1471 1470 1469
1473 1474 1475 1476
1473 1472 1471 1470
1474 1475 1476 1477
1474 1473 1472 1471
1475 1476 1477 1478
1475 1474 1473 1472
1476 1477 1478 1479
1476 1475 1474 1473
1477 1478 1479 1480
1477 1476 1475 1474
1478 1479 1480 1481
1478 1477 1476 1475
1479 1480 1481 1482
1479 1478 1477 1476
1480 1481 1482 1483
1480 1479 1478 1477
1481 1482 1483 1484
1481 1480 1479 1478
1482 1483 1484 1485
1482 1481 1480 1479
1483 1484 1485 1486
1483 1482 1481 1480
1484 1485 1486 1487
1484 1483 1482 1481
1485 1486 1487 1488
1485 1484 1483 1482
1486 1487 1488 1489
1486 1485 1484 1483
1487 1488 1489 1490
1487 1486 1485 1484
1488 1489 1490 1491
1488 1487 1486 1485
1489 1490 1491 1492
1489 1488 1487 1486
1490 1491 1492 1493
1490 1489 1488 1487
1491 1492 1493 1494
1491 1490 1489 1488
1492 1493 1494 1495
1492 1491 1490 1489
1493 1494 1495 1496
1493 1492 1491 1490
1494 1495 1496 1497
1494 1493 1492 1491
1495 1496 1497 1498
1495 1494 1493 1492
1496 1497 1498 1499
1496 1495 1494 1493
1497 1498 1499 1500
1497 1496 1495 1494
1498 1499 1500 1501
1498 1497 1496 1495
1499 1500 1501 1505
1499 1498 1497 1496
1500 1501 1505 1506
1500 1499 1498 1497
1501 1505 1506 1507
1501 1500 1499 1498
1502 1539 1538 1537
1502 1503 1504 1454
1503 1502 1539 1538
1503 1504 1454 1455
1504 1503 1502 1539
1504 1454 1455 1456
1505 1506 1507 1508
1505 1501 1500 1499
1506 1507 1508 1509
1506 1505 1501 1500
1507 1508 1509 1510
1507 1506 1505 1501
1508 1509 1510 1511
1508 1507 1506 1505
1509 1510 1511 1512
1509 1508 1507 1506
1510 1511 1512 1513
1510 1509 1508 1507
1511 1512 1513 1514
1511 1510 1509 1508
1512 1513 1514 1515
1512 1511 1510 1509
1513 1514 1515 1516
1513 1512 1511 1510
1514 1515 1516 1517
1514 1513 1512 1511
1515 1516 1517 1518
1515 1514 1513 1512
1516 1517 1518 1519
1516 1515 1514 1513
1517 1518 1519 1520
1517 1516 1515 1514
1518 1519 1520 1521
1518 1517 1516 1515
1519 1520 1521 1522
1519 1518 1517 1516
1520 1521 1522 1523
1520 1519 1518 1517
1521 1522 1523 1524
1521 1520 1519 1518
1522 1523 1524 1525
1522 1521 1520 1519
1523 1524 1525 1526
1523 1522 1521 1520
1524 1525 1526 1527
1524 1523 1522 1521
1525 1526 1527 1528
1525 1524 1523 1522
1526 1527 1528 1529
1526 1525 1524 1523
1527 1528 1529 1530
1527 1526 1525 1524
1528 1529 1530 1531
1528 1527 1526 1525
1529 1530 1531 1532
1529 1528 1527 1526
1530 1531 1532 1533
1530 1529 1528 1527
1531 1532 1533 1534
1531 1530 1529 1528
1532 1533 1534 1535
1532 1531 1530 1529
1533 1534 1535 1536
1533 1532 1531 1530
1534 1535 1536 1540
1534 1533 1532 1531
1535 1536 1540 1541
1535 1534 1533 1532
1536 1540 1541 1542
1536 1535 1534 1533
1537 1583 1582 1581
1537 1538 1539 1502
1538 1537 1583 1582
1538 1539 1502 1503
1539 1538 1537 1583
1539 1502 1503 1504
1540 1541 1542 1543
1540 1536 1535 1534
1541 1542 1543 1544
1541 1540 1536 1535
1542 1543 1544 1545
1542 1541 1540 1536
1543 1544 1545 1546
1543 1542 1541 1540
1544 1545 1546 1547
1544 1543 1542 1541
1545 1546 1547 1548
1545 1544 1543 1542
1546 1547 1548 1549
1546 1545 1544 1543
1547 1548 1549 1550
1547 1546 1545 1544
1548 1549 1550 1551
1548 1547 1546 1545
1549 1550 1551 1552
1549 1548 1547 1546
1550 1551 1552 1553
1550 1549 1548 1547
1551 1552 1553 1554
1551 1550 1549 1548
1552 1553 1554 1555
1552 1551 1550 1549
1553 1554 1555 1556
1553 1552 1551 1550
1554 1555 1556 1557
1554 1553 1552 1551
1555 1556 1557 1558
1555 1554 1553 1552
1556 1557 1558 1559
1556 1555 1554 1553
1557 1558 1559 1560
1557 1556 1555 1554
1558 1559 1560 1561
1558 1557 1556 1555
1559 1560 1561 1562
1559 1558 1557 1556
1560 1561 1562 1563
1560 1559 1558 1557
1561 1562 1563 1564
1561 1560 1559 1558
1562 1563 1564 1565
1562 1561 1560 1559
1563 1564 1565 1566
1563 1562 1561 1560
1564 1565 1566 1567
1564 1563 1562 1561
1565 1566 1567 1568
1565 1564 1563 1562
1566 1567 1568 1569
1566 1565 1564 1563
1567 1568 1569 1570
1567 1566 1565 1564
1568 1569 1570 1571
1568 1567 1566 1565
1569 1570 1571 1572
1569 1568 1567 1566
1570 1571 1572 1573
1570 1569 1568 1567
1571 1572 1573 1574
1571 1570 1569 1568
1572 1573 1574 1575
1572 1571 1570 1569
1573 1574 1575 1576
1573 1572 1571 1570
1574 1575 1576 1577
1574 1573 1572 1571
1575 1576 1577 1578
1575 1574 1573 1572
1576 1577 1578 1579
1576 1575 1574 1573
1577 1578 1579 1580
1577 1576 1575 1574
1578 1577 1576 1575
1578 1579 1580 1581
1579 1578 1577 1576
1579 1580 1581 1582
1580 1579 1578 1577
1580 1581 1582 1583
1581 1580 1579 1578
1581 1582 1583 1537
1582 1581 1580 1579
1582 1583 1537 1538
1583 1582 1581 1580
1583 1537 1538 1539
